   1    31    1966
23.6	14.6	10.3	116.3	161.4	36.0	0.0	0.0	
22.2	17.1	13.2	190.0	85.6	98.0	0.0	86.4	
4.3	-4.2	7.8	146.3	169.6	50.0	0.0	0.0	
20.2	14.7	7.0	145.0	173.9	63.0	0.0	0.0	
17.2	13.4	5.9	182.5	126.0	70.0	0.0	0.0	
6.1	-4.0	8.1	301.3	131.5	98.0	0.0	20.3	
-8.8	-20.5	6.9	276.3	167.5	49.0	0.0	0.0	
-3.6	-13.7	8.0	168.8	144.7	62.0	0.0	0.0	
19.9	10.9	11.2	210.0	137.4	87.0	0.0	0.0	
-2.3	-14.5	11.5	273.8	182.3	23.0	0.0	0.0	
-2.8	-12.6	8.1	141.3	166.7	50.0	0.0	2.5	
19.2	14.0	8.8	100.0	105.2	98.0	0.0	106.7	
17.7	11.8	6.8	292.5	136.5	94.0	0.0	10.2	
6.1	-1.6	6.0	108.8	197.0	48.0	0.0	0.0	
7.7	-1.9	7.1	47.5	159.6	66.0	0.0	0.0	
-2.7	-10.5	5.5	236.3	193.3	20.0	0.0	0.0	
-3.3	-10.6	5.2	245.0	124.2	67.0	0.0	7.6	
4.6	-4.1	4.2	197.5	209.7	35.0	0.0	0.0	
-1.5	-8.6	2.3	108.8	202.7	4.0	0.0	0.0	
-2.6	-10.5	2.2	112.5	211.1	20.0	0.0	0.0	
3.2	-2.4	4.1	178.8	110.0	88.0	0.0	7.6	
-0.3	-9.7	5.8	265.0	195.4	28.0	0.0	0.0	
-11.9	-21.4	6.3	255.0	212.3	3.0	0.0	0.0	
-14.6	-24.7	4.0	255.0	206.8	27.0	0.0	0.0	
-6.3	-14.1	2.9	37.5	184.8	77.0	0.0	0.0	
5.6	-2.1	8.8	177.5	154.0	98.0	0.0	0.0	
-16.6	-29.6	13.2	280.0	233.3	5.0	0.0	0.0	
-23.6	-31.9	7.2	266.3	223.2	25.0	0.0	0.0	
-21.0	-29.1	5.2	267.5	234.0	29.0	0.0	0.0	
-8.2	-15.6	9.5	251.3	177.5	45.0	0.0	0.0	
2.0	-5.6	6.2	247.5	216.2	45.0	0.0	0.0	
   2    28    1966
7.9	0.6	6.3	238.8	114.7	70.0	0.0	0.0	
17.2	9.7	6.3	256.3	144.4	98.0	0.0	0.0	
9.2	1.4	6.3	253.8	214.9	54.0	0.0	0.0	
-0.3	-12.0	6.2	262.5	251.1	25.0	0.0	0.0	
13.4	1.6	6.2	131.3	129.9	98.0	0.0	0.0	
22.2	13.1	7.1	157.5	214.3	83.0	0.0	0.0	
25.1	19.1	7.9	101.3	203.2	88.0	0.0	0.0	
37.5	36.4	12.4	131.3	126.3	98.0	108.0	0.0	
44.1	41.9	11.7	156.3	161.0	98.0	5.0	0.0	
32.2	24.3	11.1	245.0	142.0	65.0	0.0	0.0	
26.4	19.9	8.6	257.5	193.0	93.0	0.0	0.0	
33.4	25.7	10.1	223.8	162.8	69.0	6.0	0.0	
18.5	7.2	10.5	310.0	264.9	58.0	0.0	0.0	
15.7	6.0	5.5	202.5	224.3	65.0	0.0	0.0	
19.6	11.2	7.0	151.3	219.1	85.0	0.0	45.7	
4.4	-6.0	9.8	276.3	232.6	42.0	0.0	5.1	
-2.4	-12.5	5.5	197.5	288.6	35.0	0.0	17.8	
-3.2	-17.6	8.1	146.3	303.3	37.0	0.0	12.7	
-7.9	-22.0	3.7	136.3	330.7	9.0	0.0	0.0	
-6.9	-24.4	4.5	248.8	336.4	13.0	0.0	0.0	
0.5	-14.4	4.6	260.0	335.2	2.0	0.0	0.0	
10.3	0.0	4.4	222.5	177.6	75.0	0.0	0.0	
19.5	9.6	5.5	192.5	194.3	70.0	0.0	0.0	
23.1	13.4	8.5	150.0	253.0	69.0	0.0	0.0	
22.1	12.2	7.1	260.0	341.3	6.0	0.0	0.0	
20.3	10.9	5.9	100.0	355.4	19.0	0.0	0.0	
30.0	21.9	7.2	147.5	274.5	98.0	0.0	5.1	
33.9	29.5	6.7	210.0	174.0	79.0	2.0	0.0	
   3    31    1966
33.2	20.5	9.9	232.5	364.9	43.0	0.0	0.0	
35.6	24.8	14.0	73.8	179.4	98.0	8.0	0.0	
38.9	36.9	12.0	96.3	157.9	98.0	72.0	0.0	
30.2	22.6	8.4	163.8	184.6	98.0	0.0	0.0	
21.0	15.0	10.3	315.0	213.6	96.0	0.0	5.1	
16.5	5.7	10.8	312.5	371.3	20.0	0.0	0.0	
21.7	9.4	7.5	237.5	384.5	23.0	0.0	0.0	
31.7	20.4	10.7	183.8	160.0	67.0	0.0	0.0	
37.3	30.2	9.1	137.5	256.6	68.0	0.0	0.0	
43.6	37.5	9.8	125.0	174.2	98.0	0.0	0.0	
41.9	39.6	7.5	85.0	170.6	95.0	0.0	0.0	
36.4	32.4	8.7	275.0	207.0	79.0	0.0	0.0	
36.1	27.1	7.2	176.3	372.9	30.0	0.0	0.0	
41.9	30.9	7.4	115.0	358.0	70.0	0.0	0.0	
43.2	31.5	16.1	111.3	269.6	88.0	0.0	0.0	
46.1	37.1	13.3	131.3	328.1	76.0	10.0	0.0	
56.9	46.6	14.7	183.8	288.4	95.0	1.0	0.0	
38.9	33.6	21.2	238.8	196.5	98.0	9.0	0.0	
30.6	24.1	15.5	251.3	276.8	68.0	0.0	0.0	
37.8	29.5	10.2	195.0	413.5	45.0	0.0	0.0	
40.9	33.5	10.5	55.0	302.9	64.0	0.0	0.0	
39.3	30.7	18.6	27.5	236.1	80.0	23.0	0.0	
23.2	18.0	22.3	306.3	251.7	98.0	0.0	299.7	
13.2	2.2	15.3	295.0	483.7	24.0	0.0	0.0	
19.4	9.7	5.7	92.5	347.2	95.0	0.0	0.0	
21.4	10.0	9.5	303.8	484.8	6.0	0.0	0.0	
23.7	13.0	4.7	242.5	496.2	13.0	0.0	0.0	
28.4	18.9	7.0	141.3	474.0	67.0	0.0	0.0	
40.0	28.4	11.2	280.0	446.5	73.0	0.0	0.0	
36.8	23.4	8.6	166.3	335.5	63.0	0.0	0.0	
37.9	30.2	15.0	190.0	212.5	90.0	5.0	0.0	
   4    30    1966
41.0	27.9	18.9	307.5	211.5	94.0	0.0	0.0	
38.4	26.3	7.8	171.3	258.5	77.0	0.0	0.0	
33.4	20.5	11.1	261.3	303.0	64.0	0.0	0.0	
33.9	23.8	12.5	323.8	299.3	63.0	0.0	0.0	
33.7	25.3	13.3	291.3	201.7	90.0	0.0	0.0	
32.7	24.6	16.1	298.8	260.2	87.0	3.0	0.0	
34.3	22.5	10.5	298.8	256.6	77.0	0.0	0.0	
33.5	28.6	6.9	246.3	234.4	75.0	1.0	0.0	
34.5	26.1	7.4	253.8	312.9	41.0	0.0	0.0	
39.2	26.2	8.3	75.0	315.7	78.0	0.0	0.0	
42.6	22.4	14.4	95.0	499.8	62.0	0.0	0.0	
40.6	25.0	13.0	65.0	521.7	66.0	0.0	0.0	
41.5	26.8	8.5	48.8	529.8	63.0	0.0	0.0	
44.4	30.5	5.8	185.0	397.7	75.0	8.0	0.0	
47.7	31.4	6.7	131.3	357.4	72.0	0.0	0.0	
49.9	36.5	8.4	142.5	397.1	73.0	0.0	0.0	
46.5	37.0	10.5	113.8	282.7	85.0	21.0	0.0	
44.7	41.1	10.8	107.5	264.4	98.0	4.0	0.0	
52.0	48.3	16.2	151.3	284.3	98.0	9.0	0.0	
34.8	26.8	14.3	298.8	276.9	98.0	0.0	0.0	
41.1	25.9	13.6	212.5	583.7	25.0	0.0	0.0	
53.0	34.5	11.2	152.5	483.9	80.0	0.0	0.0	
50.3	39.4	9.6	135.0	261.0	84.0	0.0	0.0	
53.8	36.5	14.0	261.3	559.2	13.0	0.0	0.0	
53.2	34.6	12.0	205.0	574.9	40.0	0.0	0.0	
35.7	30.6	21.6	90.0	257.5	98.0	6.0	0.0	
39.7	27.3	18.5	108.8	405.7	86.0	15.0	0.0	
38.5	27.0	18.0	228.8	433.7	55.0	0.0	0.0	
42.6	34.5	9.4	156.3	303.5	80.0	22.0	0.0	
39.4	23.2	17.4	320.0	595.2	29.0	0.0	0.0	
   5    31    1966
37.2	18.4	8.1	195.0	662.6	21.0	0.0	0.0	
45.4	30.2	16.2	238.8	566.2	60.0	0.0	0.0	
42.0	20.7	11.0	273.8	635.7	3.0	0.0	0.0	
51.8	32.7	11.9	150.0	607.1	45.0	0.0	0.0	
65.1	36.0	14.0	260.0	655.3	19.0	0.0	0.0	
55.8	25.7	12.8	241.3	629.7	45.0	0.0	0.0	
50.3	31.2	11.2	116.3	621.4	48.0	0.0	0.0	
41.9	16.4	13.8	38.8	457.8	68.0	0.0	0.0	
35.4	12.6	7.3	106.3	616.6	11.0	0.0	0.0	
43.5	22.3	9.8	105.0	585.4	55.0	15.0	0.0	
38.0	34.0	18.8	75.0	278.1	98.0	34.0	0.0	
47.9	28.8	14.3	85.0	289.7	98.0	2.0	0.0	
41.2	36.1	8.2	83.8	293.2	98.0	27.0	0.0	
47.8	40.4	9.4	123.8	319.2	98.0	1.0	0.0	
53.8	49.0	14.9	167.5	377.9	76.0	20.0	0.0	
59.0	43.6	12.2	236.3	528.9	45.0	3.0	0.0	
59.4	51.8	7.7	131.3	312.4	87.0	16.0	0.0	
55.5	43.5	11.7	276.3	462.8	45.0	0.0	0.0	
51.6	41.4	16.2	241.3	396.3	73.0	2.0	0.0	
53.5	40.6	9.2	230.0	499.1	38.0	0.0	0.0	
63.2	46.4	7.9	160.0	648.8	31.0	0.0	0.0	
67.6	46.7	13.3	158.8	558.8	49.0	11.0	0.0	
61.1	53.9	12.5	222.5	260.1	83.0	15.0	0.0	
60.4	39.7	14.7	245.0	667.4	9.0	0.0	0.0	
66.4	41.1	12.0	217.5	717.8	9.0	0.0	0.0	
73.2	50.6	10.3	220.0	647.2	34.0	0.0	0.0	
59.5	37.0	11.3	186.3	629.5	33.0	0.0	0.0	
53.0	32.1	11.8	146.3	705.1	13.0	0.0	0.0	
52.6	32.0	6.8	172.5	506.8	45.0	0.0	0.0	
53.8	28.8	8.5	163.8	742.3	2.0	0.0	0.0	
57.3	33.6	8.1	198.8	675.1	19.0	0.0	0.0	
   6    30    1966
64.2	39.4	6.3	131.3	668.6	38.0	0.0	0.0	
61.1	52.1	10.9	171.3	271.0	90.0	24.0	0.0	
73.8	63.1	11.1	192.5	551.5	93.0	0.0	0.0	
66.6	60.8	10.4	166.3	371.7	88.0	89.0	0.0	
66.7	61.9	12.1	171.3	386.3	97.0	38.0	0.0	
62.9	52.9	13.6	261.3	509.0	67.0	20.0	0.0	
61.7	44.4	13.1	265.0	642.7	54.0	0.0	0.0	
56.8	40.6	11.4	107.5	638.2	72.0	0.0	0.0	
59.0	37.5	11.8	111.3	620.7	50.0	0.0	0.0	
60.6	44.1	8.9	105.0	657.8	36.0	0.0	0.0	
64.3	55.6	14.4	157.5	353.5	93.0	76.0	0.0	
67.0	58.8	9.5	237.5	392.1	75.0	0.0	0.0	
66.3	50.3	12.1	240.0	655.1	43.0	0.0	0.0	
56.7	49.4	11.4	245.0	375.7	70.0	0.0	0.0	
55.1	49.1	2.0	17.5	408.8	62.0	13.0	0.0	
61.2	45.8	6.5	215.0	650.6	21.0	0.0	0.0	
65.1	49.5	4.7	138.8	635.0	34.0	0.0	0.0	
69.1	50.0	5.3	177.5	676.5	20.0	0.0	0.0	
72.0	54.5	13.1	193.8	464.0	66.0	0.0	0.0	
76.6	61.1	9.4	185.0	618.4	55.0	0.0	0.0	
76.6	61.8	8.1	146.3	401.7	90.0	8.0	0.0	
77.3	57.6	12.5	176.3	617.3	67.0	0.0	0.0	
78.2	57.0	15.1	185.0	681.6	10.0	22.0	0.0	
78.0	64.4	11.9	176.3	509.1	64.0	29.0	0.0	
78.9	67.3	13.5	203.8	543.0	78.0	0.0	0.0	
70.1	56.0	9.1	222.5	658.5	53.0	0.0	0.0	
66.8	58.0	7.8	121.3	422.3	77.0	32.0	0.0	
73.1	65.0	3.7	130.0	660.0	32.0	0.0	0.0	
79.5	69.3	3.5	161.3	644.2	13.0	0.0	0.0	
81.5	68.6	6.2	117.5	658.6	4.0	0.0	0.0	
   7    31    1966
82.1	65.1	7.2	147.5	696.0	4.0	0.0	0.0	
82.7	68.3	9.5	140.0	655.0	11.0	0.0	0.0	
78.4	68.1	9.6	193.8	429.3	71.0	24.0	0.0	
73.3	66.8	9.8	91.3	437.6	93.0	0.0	0.0	
73.0	66.5	10.7	228.8	463.6	89.0	17.0	0.0	
69.8	57.3	12.7	288.8	521.2	37.0	0.0	0.0	
70.6	58.0	10.2	231.3	638.0	22.0	0.0	0.0	
75.4	65.1	7.4	150.0	570.9	57.0	23.0	0.0	
80.3	68.1	12.9	231.3	639.3	37.0	0.0	0.0	
78.8	67.5	8.8	103.8	565.3	50.0	80.0	0.0	
82.2	73.7	9.5	187.5	571.0	55.0	0.0	0.0	
80.4	71.0	4.3	190.0	567.8	58.0	4.0	0.0	
73.2	66.0	7.9	45.0	305.7	75.0	98.0	0.0	
71.3	59.0	11.5	68.8	594.8	57.0	0.0	0.0	
67.9	53.7	9.2	85.0	696.5	2.0	0.0	0.0	
71.4	56.7	9.1	178.8	712.9	2.0	0.0	0.0	
76.2	66.9	10.8	176.3	578.4	63.0	0.0	0.0	
80.1	66.5	12.7	232.5	551.3	57.0	0.0	0.0	
68.0	55.7	13.4	243.8	461.3	35.0	0.0	0.0	
64.2	48.5	4.6	63.8	707.5	4.0	0.0	0.0	
67.6	52.6	6.2	127.5	609.8	18.0	0.0	0.0	
68.6	56.8	7.8	188.8	392.8	60.0	0.0	0.0	
71.1	56.4	6.1	177.1	647.9	24.0	0.0	0.0	
76.5	63.3	5.5	165.0	619.8	41.0	0.0	0.0	
81.9	68.4	10.4	195.0	597.9	52.0	0.0	0.0	
77.1	70.3	7.2	111.3	378.0	90.0	0.0	0.0	
75.0	68.6	4.6	175.0	427.4	67.0	0.0	0.0	
71.4	55.8	9.1	260.0	631.6	34.0	1.0	0.0	
70.7	54.7	4.9	77.5	552.9	47.0	0.0	0.0	
72.1	60.0	7.6	181.3	581.5	18.0	0.0	0.0	
75.1	62.7	10.7	195.0	598.9	52.0	0.0	0.0	
   8    31    1966
70.7	64.3	11.2	220.0	347.4	68.0	38.0	0.0	
66.1	53.1	8.9	56.3	538.9	18.0	0.0	0.0	
69.1	56.7	8.1	187.5	589.4	16.0	0.0	0.0	
72.6	58.4	8.1	218.8	614.1	37.0	0.0	0.0	
75.3	61.8	6.8	148.8	594.0	44.0	0.0	0.0	
71.4	65.6	9.2	175.0	399.7	89.0	124.0	0.0	
67.7	61.4	11.8	258.8	386.6	86.0	0.0	0.0	
59.6	52.4	10.2	276.3	292.9	79.0	0.0	0.0	
60.9	51.7	7.2	207.5	435.1	43.0	0.0	0.0	
58.8	53.4	2.4	33.8	349.0	52.0	0.0	0.0	
60.5	53.9	5.6	178.8	349.4	67.0	0.0	0.0	
64.7	52.6	6.5	101.3	581.1	51.0	1.0	0.0	
63.6	58.4	9.8	151.3	248.4	98.0	103.0	0.0	
64.7	60.1	6.5	231.3	333.4	89.0	0.0	0.0	
63.5	58.8	8.8	203.8	410.0	69.0	123.0	0.0	
67.5	60.9	6.7	187.5	506.3	26.0	0.0	0.0	
75.4	65.1	9.3	193.8	508.2	48.0	0.0	0.0	
64.9	52.2	9.5	233.8	597.0	28.0	0.0	0.0	
60.8	52.1	8.4	53.8	408.4	74.0	0.0	0.0	
60.3	54.3	13.1	75.0	269.7	98.0	21.0	0.0	
56.5	54.8	11.2	111.3	241.3	98.0	29.0	0.0	
57.3	52.9	12.9	267.5	262.3	91.0	1.0	0.0	
57.1	51.3	9.7	263.8	290.8	86.0	0.0	0.0	
61.5	51.9	8.8	256.3	486.0	62.0	0.0	0.0	
67.7	55.2	11.5	240.0	549.2	15.0	0.0	0.0	
68.6	59.0	6.0	110.0	556.7	5.0	0.0	0.0	
71.9	61.0	5.6	146.3	561.6	10.0	0.0	0.0	
74.8	63.5	8.9	143.8	546.5	20.0	0.0	0.0	
76.0	66.5	9.1	171.3	525.2	17.0	0.0	0.0	
72.4	62.0	6.2	38.8	523.5	12.0	0.0	0.0	
74.6	64.0	6.3	131.3	518.6	5.0	0.0	0.0	
   9    30    1966
74.5	64.5	8.4	113.8	460.5	46.0	88.0	0.0	
68.8	66.6	7.1	61.3	241.6	93.0	26.0	0.0	
68.4	63.4	5.1	113.8	298.5	83.0	0.0	0.0	
61.7	46.8	14.5	283.8	490.5	26.0	0.0	0.0	
56.3	49.8	12.2	296.3	219.2	61.0	0.0	0.0	
59.0	50.0	4.8	127.5	440.5	20.0	0.0	0.0	
61.3	49.4	6.7	135.0	499.5	10.0	0.0	0.0	
65.2	51.9	9.1	180.0	515.9	2.0	0.0	0.0	
66.9	54.0	8.4	168.8	513.1	18.0	2.0	0.0	
69.0	56.9	5.9	126.3	397.1	45.0	0.0	0.0	
70.5	58.9	5.8	141.3	435.6	85.0	0.0	0.0	
70.5	57.7	8.8	153.8	440.3	63.0	0.0	0.0	
68.1	59.6	9.7	171.3	413.8	61.0	14.0	0.0	
54.9	42.2	11.2	23.8	457.6	44.0	10.0	0.0	
51.6	39.1	3.9	196.3	443.7	3.0	0.0	0.0	
55.7	44.4	5.5	157.5	424.7	67.0	0.0	0.0	
58.1	46.7	2.6	87.5	291.3	77.0	0.0	0.0	
57.9	48.9	4.3	83.8	396.3	35.0	0.0	0.0	
59.8	49.9	7.7	52.5	445.3	8.0	0.0	0.0	
54.1	51.5	5.5	115.0	205.8	83.0	0.0	0.0	
59.5	51.9	8.9	235.0	250.5	78.0	0.0	0.0	
57.5	41.4	8.9	275.0	299.5	36.0	0.0	0.0	
53.2	37.6	9.3	257.5	445.1	10.0	0.0	0.0	
48.7	43.0	5.1	195.0	176.7	80.0	5.0	0.0	
46.4	32.4	5.3	170.0	404.3	19.0	0.0	0.0	
47.0	35.0	4.3	157.5	382.4	80.0	0.0	0.0	
48.0	43.5	7.0	188.8	208.9	69.0	0.0	0.0	
55.3	50.1	9.1	188.8	211.1	98.0	23.0	0.0	
49.3	37.8	14.2	305.0	239.5	88.0	0.0	0.0	
44.3	35.1	7.1	277.5	244.2	77.0	1.0	0.0	
  10    31    1966
42.7	32.2	6.2	197.5	302.6	56.0	0.0	0.0	
55.6	39.3	12.9	148.8	240.0	95.0	0.0	0.0	
53.8	47.0	12.8	205.0	206.4	94.0	28.0	0.0	
46.3	38.9	17.4	271.3	185.7	92.0	0.0	0.0	
43.0	32.4	7.4	208.8	370.0	15.0	0.0	0.0	
51.9	37.8	8.6	145.0	391.8	2.0	0.0	0.0	
62.5	47.1	7.8	145.0	371.3	2.0	0.0	0.0	
65.1	54.6	8.8	170.0	328.4	43.0	1.0	0.0	
55.7	40.8	12.6	242.5	216.2	60.0	0.0	0.0	
46.8	30.0	18.1	252.5	214.3	58.0	0.0	0.0	
45.1	32.6	10.7	208.8	360.7	2.0	0.0	0.0	
45.5	32.6	7.7	63.8	202.2	75.0	11.0	0.0	
50.9	46.9	10.5	98.8	158.2	98.0	0.0	0.0	
56.0	54.4	12.7	70.0	144.1	98.0	189.0	0.0	
40.1	34.5	16.4	290.0	158.0	79.0	124.0	0.0	
38.4	30.2	4.9	212.5	211.7	86.0	0.0	0.0	
43.9	30.5	2.9	88.8	330.4	28.0	0.0	0.0	
45.7	38.3	8.2	185.0	149.9	89.0	0.0	0.0	
42.7	27.8	8.2	245.0	280.5	34.0	0.0	0.0	
48.6	31.9	10.7	157.5	325.6	20.0	0.0	0.0	
55.6	36.8	16.6	173.8	214.2	69.0	0.0	0.0	
46.7	26.6	24.5	251.3	218.4	48.0	0.0	0.0	
39.5	18.7	15.4	251.3	301.0	6.0	0.0	0.0	
34.7	22.6	6.1	161.3	283.9	2.0	0.0	0.0	
39.8	25.9	4.3	70.0	291.7	3.0	0.0	0.0	
47.8	35.6	6.8	108.8	293.1	20.0	0.0	0.0	
56.5	40.9	7.8	151.3	259.9	36.0	0.0	0.0	
45.8	36.5	12.1	252.5	202.6	51.0	0.0	0.0	
33.3	21.0	6.2	231.3	230.3	47.0	0.0	0.0	
41.1	28.9	12.9	201.3	112.5	90.0	0.0	0.0	
37.9	25.7	18.3	305.0	130.0	84.0	0.0	0.0	
  11    30    1966
24.8	13.8	13.5	338.8	159.9	65.0	0.0	0.0	
19.4	10.6	8.5	266.3	195.1	23.0	0.0	0.0	
22.3	10.8	9.3	291.3	156.4	68.0	0.0	0.0	
29.9	22.1	7.8	231.3	97.2	98.0	0.0	0.0	
30.9	26.0	6.6	152.5	140.4	89.0	0.0	5.1	
40.1	32.4	11.5	147.5	111.4	98.0	0.0	0.0	
42.9	40.1	6.5	147.5	118.6	98.0	0.0	0.0	
28.7	22.1	11.9	187.5	107.1	98.0	0.0	0.0	
30.4	28.2	8.8	101.3	108.5	98.0	0.0	33.0	
30.1	26.3	9.3	211.3	145.6	90.0	0.0	0.0	
25.7	20.1	10.4	176.3	91.8	92.0	0.0	38.1	
16.8	9.4	6.5	155.0	234.9	29.0	0.0	0.0	
33.4	25.4	12.0	206.3	197.2	31.0	0.0	0.0	
27.9	17.2	9.8	136.3	196.6	40.0	0.0	0.0	
39.9	31.5	8.8	108.8	126.1	94.0	0.0	0.0	
39.6	36.2	4.1	62.5	161.7	78.0	0.0	0.0	
40.9	35.0	13.1	192.5	95.1	98.0	0.0	0.0	
22.0	10.1	13.6	252.5	209.9	45.0	0.0	0.0	
25.0	14.0	7.7	108.8	154.2	69.0	0.0	0.0	
31.9	25.9	10.1	96.3	157.6	55.0	0.0	0.0	
38.7	31.9	12.6	147.5	86.6	83.0	0.0	0.0	
50.1	46.2	6.8	146.3	96.0	98.0	0.0	0.0	
46.2	42.5	7.8	27.5	100.3	98.0	0.0	0.0	
41.0	39.1	7.6	73.8	87.2	98.0	6.0	0.0	
36.7	33.4	9.9	218.8	97.7	98.0	0.0	0.0	
40.2	38.3	9.2	157.5	98.4	74.0	1.0	0.0	
32.5	24.6	19.7	296.3	98.4	83.0	2.0	0.0	
22.6	7.6	15.0	331.3	175.4	2.0	0.0	0.0	
27.9	12.0	8.2	230.0	159.3	58.0	0.0	0.0	
16.9	0.7	18.8	301.3	121.7	90.0	0.0	0.0	
  12    31    1966
2.8	-15.1	16.7	273.8	167.1	10.0	0.0	0.0	
4.7	-8.0	11.8	282.5	136.4	18.0	0.0	0.0	
11.2	-0.1	5.2	83.8	172.6	15.0	0.0	0.0	
20.6	15.0	10.3	153.8	76.7	98.0	0.0	50.8	
28.0	24.1	10.8	131.3	104.3	98.0	0.0	5.1	
32.7	28.0	12.7	191.3	95.8	89.0	8.0	0.0	
26.8	22.5	8.8	42.5	75.1	88.0	0.0	17.8	
32.8	29.3	12.2	245.0	92.6	98.0	19.0	0.0	
25.6	19.7	10.4	283.8	85.3	98.0	0.0	2.5	
15.6	8.6	9.1	256.3	124.9	60.0	0.0	2.5	
10.3	2.9	3.9	120.0	158.2	3.0	0.0	0.0	
22.4	14.7	8.9	178.8	171.1	2.0	0.0	0.0	
26.7	19.9	7.2	180.0	117.8	51.0	0.0	0.0	
26.8	22.9	4.8	90.0	140.4	66.0	0.0	0.0	
30.1	25.5	12.4	225.0	94.8	80.0	0.0	0.0	
35.8	28.0	12.7	218.8	130.9	85.0	0.0	0.0	
36.3	30.3	11.6	253.8	138.5	70.0	0.0	0.0	
29.4	21.0	10.4	146.3	69.8	96.0	0.0	0.0	
28.5	24.5	8.9	185.0	94.5	98.0	0.0	5.1	
27.6	21.4	7.4	191.3	98.2	98.0	0.0	12.7	
19.7	13.5	7.6	220.0	77.3	75.0	0.0	12.7	
6.4	-0.7	7.6	306.3	171.2	6.0	0.0	0.0	
3.4	-5.5	6.2	222.5	112.8	37.0	0.0	0.0	
7.4	-1.9	5.2	212.5	139.4	41.0	0.0	0.0	
5.4	-3.5	5.9	211.3	153.2	8.0	0.0	0.0	
1.7	-4.4	2.5	103.8	112.8	45.0	0.0	0.0	
8.6	2.4	6.2	36.3	142.6	77.0	0.0	0.0	
21.0	16.5	18.5	148.8	72.9	98.0	0.0	81.3	
9.8	0.0	8.7	253.8	167.6	22.0	0.0	0.0	
8.7	1.8	5.3	102.5	70.8	72.0	0.0	0.0	
19.2	13.2	6.8	171.3	116.1	76.0	0.0	0.0	
