   1    31    1962
12.9	10.1	8.3	184.2	109.1	72.0	.0	2.5	
25.8	20.1	11.2	230.0	165.4	85.0	.0	.0	
33.1	27.9	7.6	216.3	131.9	80.0	.0	.0	
32.6	31.1	11.4	85.0	71.1	98.0	42.0	.0	
27.3	23.7	15.4	31.3	109.0	98.0	.0	25.4	
19.4	16.0	17.4	90.0	120.5	98.0	.0	50.8	
16.5	11.6	11.6	285.0	128.7	85.0	.0	17.8	
7.7	-1.1	13.2	290.0	193.3	67.0	.0	2.5	
-9.1	-20.7	12.5	280.8	215.8	22.0	.0	.0	
-4.8	-16.0	10.0	281.7	221.1	2.0	.0	.0	
2.2	-7.1	14.0	212.1	166.6	66.0	.0	2.5	
17.8	13.9	8.6	211.7	129.1	98.0	.0	10.2	
24.2	18.8	15.3	175.0	187.5	98.0	.0	.0	
27.5	23.0	11.6	136.3	111.2	98.0	.0	38.1	
13.7	7.2	10.6	267.1	226.6	48.0	.0	.0	
3.7	-7.5	7.7	242.9	234.6	8.0	.0	.0	
-6.9	-21.9	7.8	292.9	235.1	34.0	.0	.0	
-7.8	-21.3	5.0	210.8	224.0	66.0	.0	.0	
-1.4	-11.9	8.1	107.9	137.9	96.0	.0	7.6	
-2.5	-11.7	5.4	158.8	187.8	66.0	.0	.0	
13.7	10.4	7.6	203.8	122.8	95.0	.0	.0	
4.4	-5.0	12.4	260.4	221.9	58.0	.0	.0	
10.0	1.9	10.2	210.4	228.4	41.0	.0	.0	
20.1	12.3	12.4	230.0	248.3	20.0	.0	.0	
27.9	24.2	6.0	140.8	182.4	64.0	.0	.0	
29.8	23.9	10.9	257.1	141.9	65.0	.0	5.1	
10.3	-4.8	9.0	111.3	190.7	54.0	.0	.0	
11.2	7.7	7.0	65.4	178.6	95.0	.0	2.5	
24.8	21.4	10.1	231.3	140.7	86.0	.0	.0	
6.9	-6.0	14.8	229.1	250.5	40.0	.0	.0	
4.6	-3.2	8.3	153.3	125.6	90.0	.0	12.7	
   2    28    1962
5.8	-2.2	8.3	61.7	247.2	67.0	.0	.0	
19.0	16.1	11.4	198.8	109.5	98.0	.0	10.2	
31.7	30.7	6.7	206.3	156.3	89.0	.0	.0	
35.0	31.7	9.2	194.2	219.8	62.0	.0	.0	
12.6	2.9	17.9	298.8	228.8	64.0	.0	.0	
-2.3	-14.4	12.7	282.5	300.7	2.0	.0	.0	
6.6	.1	6.3	177.1	190.2	52.0	.0	.0	
8.2	.5	5.4	44.2	180.0	72.0	.0	.0	
13.0	7.2	9.7	44.6	160.4	67.0	.0	5.1	
11.6	4.4	9.0	120.8	224.8	58.0	.0	15.2	
26.2	22.3	7.8	109.6	120.6	98.0	.0	.0	
29.2	25.6	8.4	86.3	150.6	97.0	.0	.0	
28.9	25.1	13.8	169.6	139.3	98.0	.0	5.1	
31.5	25.5	11.3	260.8	146.3	93.0	.0	.0	
27.4	24.3	9.0	129.2	180.2	98.0	.0	15.2	
30.0	25.2	11.9	270.0	190.7	92.0	.0	2.5	
19.2	14.2	11.1	95.0	221.5	88.0	.0	25.4	
22.5	19.9	17.5	70.8	191.9	98.0	.0	91.4	
16.9	11.2	13.3	211.3	276.3	57.0	.0	7.6	
15.0	7.7	7.0	212.1	310.0	58.0	.0	.0	
21.0	18.0	13.3	62.5	181.3	98.0	.0	78.7	
15.3	9.4	10.0	238.8	340.7	60.0	.0	2.5	
10.4	5.4	11.9	71.7	190.6	92.0	.0	.0	
16.3	11.2	9.9	62.9	279.4	94.0	.0	.0	
26.2	23.8	8.8	124.2	119.9	98.0	.0	38.1	
23.7	17.5	13.5	249.2	312.5	85.0	.0	38.1	
14.7	9.9	11.9	142.5	224.8	93.0	.0	17.8	
-2.3	-17.0	13.7	310.4	414.0	23.0	.0	.0	
   3    31    1962
-10.7	-23.3	6.1	97.5	408.1	3.0	.0	.0	
6.5	-1.4	10.0	81.7	418.5	9.0	.0	.0	
19.8	12.2	15.2	105.0	363.1	76.0	.0	.0	
23.2	18.1	16.0	82.9	219.0	98.0	.0	55.9	
19.1	10.9	15.3	58.3	401.7	79.0	.0	.0	
26.4	20.3	11.2	100.0	241.4	98.0	.0	.0	
32.8	28.0	6.8	95.0	245.6	98.0	.0	.0	
30.5	26.5	12.5	107.9	250.4	98.0	.0	27.9	
33.4	28.3	12.1	40.4	209.9	98.0	.0	.0	
34.3	29.4	11.5	122.1	248.0	98.0	.0	.0	
34.0	30.6	15.1	94.2	218.8	98.0	88.0	.0	
34.1	30.7	9.1	265.8	241.7	98.0	5.0	.0	
32.9	26.1	14.6	292.5	232.0	98.0	.0	.0	
26.9	20.2	10.0	248.3	345.0	86.0	.0	5.1	
25.2	18.8	8.0	250.0	305.3	91.0	.0	.0	
31.4	22.5	10.5	290.4	437.5	58.0	.0	.0	
30.2	21.0	8.4	264.6	444.0	10.0	.0	.0	
29.9	23.4	8.5	125.0	427.4	53.0	.0	.0	
36.5	31.7	8.0	217.5	273.2	63.0	.0	.0	
32.8	26.7	6.5	65.8	270.9	74.0	.0	.0	
33.1	26.2	14.0	30.0	365.2	98.0	.0	.0	
31.1	24.5	6.6	70.4	405.3	84.0	.0	.0	
31.0	23.6	4.8	223.3	347.1	50.0	.0	.0	
32.8	26.6	6.3	94.2	452.5	40.0	.0	.0	
37.1	28.4	7.9	75.4	423.5	65.0	.0	.0	
37.9	27.5	3.0	139.2	400.7	27.0	.0	.0	
43.8	32.6	6.2	138.3	470.8	64.0	.0	.0	
54.5	41.8	13.6	204.2	436.3	87.0	.0	.0	
36.7	32.5	9.2	264.6	189.6	98.0	45.0	.0	
31.8	22.4	10.2	230.8	469.6	64.0	.0	.0	
32.6	25.3	9.5	125.4	243.4	71.0	.0	.0	
   4    30    1962
33.1	25.6	12.5	86.7	227.5	97.0	1.0	.0	
31.4	17.7	8.6	209.2	422.9	28.0	.0	.0	
35.3	21.8	8.5	212.5	451.7	58.0	.0	.0	
39.4	36.5	11.2	182.1	126.2	98.0	.0	.0	
41.7	39.2	5.5	98.3	227.2	98.0	10.0	.0	
43.8	35.1	9.1	180.8	518.5	77.0	10.0	.0	
41.6	33.0	7.2	232.1	333.7	92.0	.0	.0	
41.5	34.5	13.5	180.4	231.2	93.0	28.0	.0	
36.8	22.4	17.3	261.7	499.2	44.0	.0	.0	
36.8	17.8	6.2	201.3	577.3	50.0	.0	.0	
40.7	26.0	4.9	70.8	394.1	76.0	.0	.0	
33.3	27.9	14.7	63.8	221.8	98.0	45.0	.0	
32.4	20.7	15.4	278.3	613.0	26.0	2.0	.0	
31.2	18.1	15.6	306.7	551.0	27.0	.0	.0	
34.1	18.1	13.6	207.1	605.3	6.0	.0	.0	
36.0	17.7	4.1	109.2	529.6	64.0	.0	.0	
47.7	32.5	10.5	255.8	530.0	59.0	.0	.0	
50.0	24.6	11.0	300.8	586.9	14.0	.0	.0	
42.5	23.1	12.4	142.5	615.8	13.0	.0	.0	
41.8	25.2	8.9	113.3	608.5	27.0	.0	.0	
58.5	42.0	13.0	177.5	397.1	94.0	16.0	.0	
57.7	43.9	13.1	261.3	295.4	62.0	.0	.0	
48.6	31.7	8.1	188.8	623.1	6.0	.0	.0	
59.4	37.5	10.2	177.9	569.6	9.0	.0	.0	
67.4	39.3	11.9	226.7	611.8	7.0	.0	.0	
69.2	48.1	11.4	220.0	606.5	11.0	.0	.0	
68.3	54.6	11.4	202.1	510.9	79.0	26.0	.0	
47.9	43.4	10.9	71.7	248.7	98.0	4.0	.0	
49.1	45.2	7.5	82.5	271.3	87.0	.0	.0	
57.2	53.2	7.5	158.8	228.2	95.0	1.0	.0	
   5    31    1962
53.9	45.9	8.9	65.8	263.4	98.0	2.0	.0	
55.5	35.5	7.1	135.0	621.2	52.0	.0	.0	
61.9	39.9	9.1	218.3	527.0	48.0	.0	.0	
64.5	43.4	4.8	189.2	448.3	47.0	.0	.0	
63.0	55.3	8.4	163.8	324.0	89.0	21.0	.0	
54.9	38.4	10.5	179.6	545.8	57.0	5.0	.0	
42.4	34.2	10.8	98.3	229.4	93.0	9.0	.0	
46.7	40.5	12.1	100.8	284.9	98.0	.0	.0	
44.5	35.2	12.3	94.2	431.7	95.0	.0	.0	
44.2	39.6	11.6	103.8	256.9	98.0	40.0	.0	
52.7	43.6	9.3	95.8	384.2	95.0	.0	.0	
57.9	52.7	11.1	120.0	409.4	98.0	122.0	.0	
70.8	62.3	9.8	187.1	524.0	75.0	.0	.0	
72.5	58.7	10.7	219.2	476.7	73.0	.0	.0	
74.1	62.4	11.5	201.7	642.4	23.0	.0	.0	
74.6	62.5	9.4	195.8	633.8	19.0	.0	.0	
74.4	62.3	8.8	205.8	559.1	44.0	.0	.0	
75.9	62.5	9.2	187.1	581.7	67.0	.0	.0	
76.0	62.5	11.6	215.0	641.7	15.0	.0	.0	
66.3	55.5	9.7	263.8	668.4	47.0	.0	.0	
53.4	49.1	11.5	80.0	271.6	78.0	28.0	.0	
67.5	59.7	15.6	122.9	502.6	79.0	5.0	.0	
63.3	54.2	16.9	228.8	322.2	72.0	3.0	.0	
61.4	47.5	13.8	237.9	497.7	58.0	.0	.0	
59.5	47.1	6.2	161.3	645.4	56.0	1.0	.0	
54.9	44.1	11.0	74.6	386.0	76.0	.0	.0	
55.8	44.3	10.3	77.5	355.0	96.0	.0	.0	
64.5	56.0	11.7	125.8	387.0	96.0	1.0	.0	
73.6	62.1	16.1	171.7	504.0	83.0	.0	.0	
71.3	58.6	16.2	212.9	674.2	39.0	64.0	.0	
64.8	53.9	12.7	265.4	710.8	30.0	.0	.0	
   6    30    1962
55.4	47.1	10.0	205.8	291.5	98.0	.0	.0	
52.1	43.6	9.9	71.3	415.2	89.0	.0	.0	
54.5	46.8	9.2	82.5	318.6	94.0	6.0	.0	
67.1	60.1	7.5	176.3	382.6	95.0	7.0	.0	
69.6	61.8	7.0	144.6	509.4	88.0	.0	.0	
63.5	57.5	8.7	62.5	304.6	97.0	.0	.0	
65.4	50.5	8.9	95.8	582.1	84.0	.0	.0	
65.3	55.6	9.7	96.7	421.6	89.0	10.0	.0	
70.9	64.8	9.0	197.5	393.8	96.0	.0	.0	
72.1	63.4	8.5	200.8	603.3	82.0	104.0	.0	
63.5	57.8	11.5	49.6	292.9	89.0	23.0	.0	
58.5	45.2	10.5	30.0	741.2	2.0	.0	.0	
59.8	46.4	5.8	80.0	728.1	2.0	.0	.0	
64.6	49.4	3.6	145.4	716.0	4.0	.0	.0	
69.4	53.9	8.2	164.2	699.7	7.0	.0	.0	
73.8	58.8	13.2	198.8	607.7	51.0	.0	.0	
76.5	64.3	11.5	205.4	632.5	69.0	16.0	.0	
72.7	60.9	12.4	223.8	675.5	64.0	15.0	.0	
63.5	52.8	8.4	275.4	410.1	70.0	.0	.0	
64.1	56.5	7.8	112.5	502.0	38.0	.0	.0	
65.2	55.5	7.9	179.6	476.4	76.0	.0	.0	
69.6	61.8	8.8	229.2	446.2	83.0	28.0	.0	
72.7	63.3	6.5	206.7	625.4	74.0	.0	.0	
71.1	58.0	6.1	246.3	720.3	28.0	.0	.0	
71.0	59.1	7.5	153.8	498.4	58.0	.0	.0	
67.2	53.6	8.3	68.8	709.5	12.0	.0	.0	
69.8	55.3	6.5	147.9	691.8	9.0	.0	.0	
75.1	58.9	8.6	171.7	585.3	17.0	.0	.0	
76.3	62.3	9.1	206.3	518.8	61.0	.0	.0	
73.9	59.3	4.9	45.4	535.4	64.0	.0	.0	
   7    31    1962
70.7	55.5	10.6	77.9	490.8	94.0	1.0	.0	
64.0	60.8	10.8	101.7	208.2	98.0	215.0	.0	
65.0	61.3	7.7	64.6	273.3	98.0	7.0	.0	
69.7	63.4	9.1	109.6	451.5	78.0	.0	.0	
72.1	67.0	5.0	75.8	343.5	74.0	.0	.0	
74.1	65.6	5.3	135.8	670.0	38.0	.0	.0	
78.7	68.9	7.0	156.7	644.1	31.0	.0	.0	
72.9	60.8	13.1	283.3	596.6	43.0	.0	.0	
67.9	53.6	6.1	217.9	728.3	6.0	.0	.0	
73.2	60.9	10.3	188.8	645.7	39.0	.0	.0	
76.2	66.4	5.3	166.7	574.2	35.0	.0	.0	
73.2	62.0	7.5	244.6	584.5	55.0	5.0	.0	
64.3	57.1	5.0	108.3	233.0	81.0	5.0	.0	
63.8	58.2	7.6	92.9	301.7	87.0	44.0	.0	
61.3	54.5	8.4	65.4	295.0	98.0	10.0	.0	
62.1	56.1	5.9	105.0	313.7	85.0	.0	.0	
65.7	56.9	5.3	185.4	567.1	63.0	36.0	.0	
69.3	58.0	3.2	116.3	672.2	31.0	.0	.0	
69.0	63.1	7.2	172.1	328.3	74.0	7.0	.0	
71.6	67.3	9.2	224.2	390.7	67.0	42.0	.0	
70.4	61.2	8.4	244.6	597.0	38.0	.0	.0	
70.1	62.9	6.3	212.9	447.7	75.0	1.0	.0	
64.8	57.9	6.5	131.7	371.7	59.0	.0	.0	
71.4	61.6	7.9	192.5	675.2	33.0	3.0	.0	
63.6	55.4	12.6	287.1	585.9	38.0	1.0	.0	
63.2	48.5	10.0	295.4	642.4	18.0	.0	.0	
65.7	53.6	6.7	262.1	476.8	73.0	2.0	.0	
61.2	59.2	5.7	191.7	205.8	98.0	51.0	.0	
65.0	59.3	5.6	208.8	438.1	65.0	.0	.0	
67.2	60.0	10.9	278.3	482.8	43.0	9.0	.0	
65.2	54.7	7.4	234.6	660.5	18.0	.0	.0	
   8    31    1962
69.1	58.7	5.5	128.8	556.9	45.0	.0	.0	
68.1	56.5	6.1	161.7	629.1	23.0	.0	.0	
69.8	62.7	7.5	152.1	235.7	74.0	29.0	.0	
68.8	63.6	5.5	172.5	394.6	68.0	.0	.0	
71.4	64.2	6.4	120.0	541.5	68.0	.0	.0	
74.5	67.2	6.4	170.4	540.1	48.0	.0	.0	
77.4	65.5	6.5	268.3	597.6	26.0	.0	.0	
73.0	59.9	9.2	129.2	587.3	32.0	.0	.0	
65.4	51.5	8.1	64.2	614.3	41.0	.0	.0	
65.7	53.7	7.4	141.7	572.4	37.0	.0	.0	
69.9	56.0	12.9	164.6	433.6	71.0	.0	.0	
69.6	61.8	11.3	282.5	280.0	78.0	.0	.0	
66.3	54.5	12.2	186.3	539.3	23.0	.0	.0	
61.8	49.8	5.3	85.8	603.1	18.0	.0	.0	
68.3	58.4	11.4	201.3	426.0	57.0	57.0	.0	
68.9	56.7	9.4	273.3	592.4	15.0	.0	.0	
62.6	47.5	4.7	189.2	610.8	4.0	.0	.0	
66.2	48.9	6.1	120.4	579.3	40.0	.0	.0	
74.6	63.2	5.5	181.3	524.0	60.0	.0	.0	
72.6	63.0	6.5	212.1	283.7	76.0	16.0	.0	
72.4	57.7	3.4	139.2	575.9	3.0	.0	.0	
74.4	57.6	10.2	136.7	555.1	31.0	.0	.0	
77.6	63.9	13.1	198.8	497.3	73.0	19.0	.0	
70.5	66.2	8.4	235.8	241.7	98.0	78.0	.0	
66.6	56.2	7.8	98.3	552.7	40.0	.0	.0	
65.1	54.9	4.1	153.3	538.4	18.0	.0	.0	
71.9	60.2	8.3	184.6	534.6	8.0	.0	.0	
74.7	62.1	10.3	189.2	541.0	8.0	.0	.0	
75.1	64.5	9.7	168.3	494.6	39.0	5.0	.0	
73.5	65.2	11.3	152.1	365.7	71.0	.0	.0	
70.0	63.1	10.6	209.2	271.3	87.0	.0	.0	
   9    30    1962
64.1	52.1	3.3	196.3	536.7	27.0	.0	.0	
65.6	51.8	3.7	80.0	524.0	10.0	.0	.0	
70.4	60.6	8.1	164.2	440.8	30.0	5.0	.0	
57.9	54.3	9.9	246.7	223.9	64.0	2.0	.0	
50.4	38.8	5.4	151.7	423.3	18.0	.0	.0	
52.5	39.3	5.7	146.3	509.0	12.0	.0	.0	
62.9	48.8	10.2	165.8	515.0	27.0	.0	.0	
64.2	54.6	9.7	147.1	232.9	98.0	51.0	.0	
65.6	60.0	8.9	205.4	226.6	85.0	6.0	.0	
57.9	50.5	15.4	234.2	264.0	93.0	15.0	.0	
62.3	51.9	9.8	225.4	522.7	15.0	.0	.0	
74.7	66.0	10.5	201.3	449.6	45.0	.0	.0	
72.1	66.0	11.8	243.3	321.0	53.0	3.0	.0	
64.7	53.9	4.9	150.8	479.9	32.0	.0	.0	
64.7	56.3	7.2	73.8	304.5	77.0	.0	.0	
60.9	56.3	8.1	180.8	234.5	61.0	25.0	.0	
56.5	44.3	12.6	285.0	397.1	26.0	.0	.0	
57.4	45.2	10.0	219.2	331.6	36.0	.0	.0	
47.5	36.7	9.9	249.6	379.8	32.0	.0	.0	
44.8	32.0	4.5	125.0	472.3	2.0	.0	.0	
50.0	41.5	8.8	184.6	212.6	61.0	6.0	.0	
50.0	45.5	5.5	99.6	278.6	62.0	.0	.0	
50.5	44.4	5.6	140.8	314.4	71.0	.0	.0	
58.5	54.0	8.6	187.9	210.0	96.0	2.0	.0	
51.3	44.7	7.2	151.3	229.1	50.0	.0	.0	
51.8	44.1	4.9	128.3	300.0	65.0	.0	.0	
50.6	44.2	9.4	60.8	279.6	55.0	.0	.0	
45.3	37.4	6.0	56.3	299.5	32.0	.0	.0	
47.3	36.1	3.3	145.4	420.4	10.0	.0	.0	
54.2	47.4	6.1	134.6	164.8	98.0	16.0	.0	
  10    31    1962
60.1	49.8	10.9	78.3	316.2	98.0	.0	.0	
57.9	47.1	10.8	58.3	162.3	98.0	1.0	.0	
60.2	53.8	8.9	155.8	279.3	93.0	6.0	.0	
55.9	53.6	6.6	151.3	109.3	98.0	53.0	.0	
54.8	51.2	6.0	63.3	243.2	78.0	.0	.0	
55.8	51.4	5.8	119.2	173.1	98.0	.0	.0	
58.3	56.8	10.6	138.3	102.4	98.0	66.0	.0	
56.3	53.8	8.2	265.8	169.5	92.0	.0	.0	
56.4	52.3	4.7	162.5	279.0	47.0	15.0	.0	
66.4	58.7	10.8	187.1	336.1	28.0	.0	.0	
70.2	65.6	9.1	219.6	307.9	59.0	.0	.0	
57.3	49.5	9.5	101.3	346.6	43.0	.0	.0	
59.3	53.7	5.9	105.4	342.7	33.0	.0	.0	
69.6	64.3	8.6	175.8	268.2	49.0	.0	.0	
69.4	64.3	10.7	181.7	207.6	47.0	1.0	.0	
53.3	39.6	12.9	271.3	333.4	24.0	14.0	.0	
54.6	36.3	10.0	254.6	328.1	38.0	.0	.0	
54.4	41.8	10.7	235.4	320.4	6.0	.0	.0	
58.1	49.5	8.3	191.3	270.1	59.0	.0	.0	
46.7	42.8	8.4	51.3	144.3	63.0	4.0	.0	
46.1	35.6	6.5	175.4	315.6	50.0	.0	.0	
46.6	41.1	10.7	242.9	156.2	73.0	4.0	.0	
36.3	26.1	11.5	293.3	198.1	38.0	.0	.0	
35.2	20.9	9.8	279.6	279.2	48.0	3.0	.0	
26.9	17.1	13.9	308.8	205.3	37.0	.0	2.5	
29.4	16.1	7.1	242.5	296.5	13.0	.0	.0	
45.3	33.7	10.2	196.3	267.8	30.0	.0	.0	
46.8	36.7	10.6	131.7	240.6	59.0	.0	.0	
43.2	32.2	8.6	176.3	218.6	87.0	.0	.0	
48.0	31.5	13.2	248.8	282.1	57.0	.0	.0	
37.3	26.5	8.6	189.6	179.1	63.0	.0	.0	
  11    30    1962
35.7	24.9	4.9	165.0	132.1	77.0	.0	.0	
33.7	29.3	6.8	43.3	106.4	91.0	8.0	.0	
33.3	30.5	7.4	40.8	146.3	91.0	7.0	.0	
34.1	29.3	16.7	204.6	143.8	98.0	9.0	.0	
35.2	30.3	7.7	68.3	134.4	82.0	.0	.0	
40.7	32.2	14.0	186.3	194.6	57.0	.0	.0	
40.0	30.1	12.6	272.5	127.2	90.0	.0	.0	
33.9	24.0	7.2	112.5	132.6	92.0	.0	.0	
30.8	24.7	3.4	144.6	211.3	43.0	.0	.0	
33.0	25.5	6.0	131.7	256.3	23.0	.0	.0	
36.2	31.5	4.5	94.2	109.4	87.0	.0	.0	
38.0	33.1	5.8	214.2	156.3	80.0	.0	.0	
37.2	32.1	7.2	147.5	244.3	46.0	.0	.0	
43.5	34.9	7.5	123.3	196.3	71.0	.0	.0	
39.2	35.7	4.7	46.3	115.0	91.0	.0	.0	
39.0	35.7	15.8	22.5	72.0	98.0	5.0	.0	
33.0	29.1	10.1	15.0	110.3	98.0	3.0	.0	
30.8	22.7	4.6	119.2	113.4	98.0	.0	.0	
31.8	25.8	8.4	206.3	118.0	98.0	.0	.0	
41.7	32.6	17.5	203.3	97.2	86.0	1.0	.0	
40.6	22.5	12.1	266.3	171.3	45.0	.0	.0	
26.9	11.4	11.3	226.7	221.7	13.0	.0	.0	
31.2	21.7	9.8	193.8	95.8	83.0	.0	2.5	
30.0	25.4	4.1	123.3	148.5	69.0	.0	.0	
30.2	23.8	4.7	110.8	189.8	26.0	.0	.0	
36.6	23.4	9.3	178.3	172.8	51.0	.0	.0	
36.3	21.7	6.7	140.0	156.9	78.0	.0	.0	
30.9	22.1	2.8	100.8	178.5	29.0	.0	.0	
36.9	28.8	2.0	11.3	189.7	27.0	.0	.0	
38.1	31.9	2.0	30.0	186.5	37.0	.0	.0	
  12    31    1962
39.9	35.4	2.3	87.5	178.7	38.0	.0	.0	
47.5	42.0	4.2	154.6	132.8	77.0	.0	.0	
44.9	41.0	6.5	162.5	151.9	65.0	.0	.0	
40.8	37.6	7.7	237.5	48.0	86.0	51.0	.0	
27.0	20.6	13.2	309.2	74.1	96.0	.0	.0	
22.0	16.3	14.0	307.1	89.4	86.0	.0	.0	
24.7	16.4	13.9	304.2	122.9	62.0	.0	.0	
22.0	15.8	13.2	279.2	101.4	65.0	.0	5.1	
14.9	9.1	15.3	312.5	139.8	74.0	.0	5.1	
6.3	-3.7	14.5	303.8	162.9	50.0	.0	.0	
-3.6	-17.3	13.8	320.8	146.6	33.0	.0	.0	
-1.5	-13.1	8.4	260.4	188.1	11.0	.0	.0	
11.9	3.1	10.7	246.3	104.0	66.0	.0	7.6	
15.3	6.9	7.3	217.5	147.1	55.0	.0	.0	
27.4	20.5	10.4	281.3	81.2	98.0	.0	.0	
29.2	21.4	8.8	202.9	177.2	41.0	.0	.0	
34.3	28.9	3.3	189.2	150.7	38.0	.0	.0	
33.1	31.9	5.5	148.3	79.0	92.0	.0	.0	
34.5	29.7	10.0	120.8	121.8	87.0	.0	.0	
24.4	14.3	12.1	65.8	144.5	78.0	.0	.0	
24.1	17.3	4.3	59.6	111.3	93.0	.0	.0	
27.6	22.9	12.9	215.8	78.5	98.0	.0	25.4	
9.0	1.2	13.3	275.0	186.3	34.0	.0	.0	
7.4	1.0	5.9	160.0	140.5	60.0	.0	7.6	
14.1	9.8	10.0	235.8	121.1	68.0	.0	48.3	
-5.0	-14.6	9.3	187.5	175.6	2.0	.0	.0	
13.9	8.3	10.7	236.7	120.5	77.0	.0	.0	
20.5	16.5	12.1	184.6	172.9	40.0	.0	.0	
14.3	2.6	13.4	298.3	195.5	20.0	.0	.0	
5.1	-7.6	6.0	70.8	112.4	98.0	.0	.0	
13.2	6.9	8.6	118.3	115.1	92.0	.0	.0	
