01	31	2016
23.9	15.8	11.8	256.5	91.5	30.7	0	0.0
26.9	17.3	11.8	259.2	142.6	92.7	0	0.0
26.8	17.6	10.6	318.6	68.4	22.9	0	0.0
24.9	16.4	8.5	173.0	100.2	45.4	1	4.7
23.9	16.6	8.6	185.4	119.3	60.9	0	0.0
29.4	21.2	6.9	193.8	86.7	31.2	0	0.0
36.1	28.6	6.3	145.0	65.0	8.3	0	0.0
38.0	36.1	6.0	149.2	115.3	41.2	6	0.0
33.2	30.6	8.9	313.1	66.0	9.4	11	20.1
11.3	4.5	15.6	299.6	145.5	64.4	0	0.0
5.8	2.5	7.4	244.3	86.9	48.5	6	47.2
7.2	2.4	14.3	289.6	150.8	72.2	0	0.0
8.9	5.8	7.0	205.3	79.7	36.8	1	8.9
28.1	23.7	2.9	73.8	111.3	31.1	0	0.0
34.0	29.6	10.4	256.0	70.0	26.4	0	0.0
21.2	11.9	12.6	289.0	147.5	62.1	0	0.0
0.5	3.0	16.9	291.2	141.6	78.1	0	0.0
2.0	3.0	14.2	283.5	163.9	99.0	0	0.0
7.6	2.2	5.8	241.9	131.2	50.5	0	0.0
17.2	8.7	5.3	244.4	85.4	16.1	1	7.9
21.5	14.4	5.1	279.0	74.7	21.9	0	0.0
25.6	18.6	8.6	330.5	82.6	10.8	0	0.0
27.8	20.5	5.8	205.3	89.0	32.5	0	0.0
25.8	19.8	6.9	164.0	77.6	20.8	0	0.0
31.9	27.3	6.3	157.0	110.8	23.4	11	0.0
29.9	23.9	13.0	280.2	79.8	16.8	0	0.0
28.4	19.2	13.1	234.2	150.6	34.4	0	0.0
33.2	23.5	13.8	290.6	82.0	8.8	0	0.0
24.8	13.6	8.0	221.8	139.9	52.4	0	0.0
38.4	30.0	7.8	220.6	115.1	29.7	0	0.0
36.7	34.4	4.5	194.5	78.7	20.3	9	0.0
02	29	2016
34.5	28.6	4.9	230.4	160.6	64.6	0	0.0
34.7	32.5	12.9	69.5	88.2	15.8	22	0.0
33.5	28.9	10.7	248.3	72.2	19.6	0	0.0
26.2	14.2	8.2	255.6	185.2	33.3	0	0.0
28.4	17.9	6.3	243.3	146.2	25.5	0	0.0
30.9	23.5	9.6	234.6	107.8	26.0	0	0.0
38.0	28.2	12.7	228.8	175.5	46.9	0	0.0
27.1	22.4	11.1	279.8	93.2	23.2	10	31.6
16.6	8.4	13.2	312.9	124.4	14.6	3	22.6
11.5	0.2	9.8	311.7	173.3	51.0	0	0.0
12.7	0.1	7.8	286.5	221.9	75.5	0	0.0
14.6	1.4	16.2	305.6	181.1	47.9	0	0.0
6.3	0.0	9.3	304.8	231.5	75.5	0	0.0
15.2	9.2	9.0	127.5	167.8	30.6	4	21.1
22.6	17.1	5.8	200.7	99.0	6.2	1	7.6
28.4	22.6	4.7	206.3	119.9	14.9	2	5.3
22.5	11.1	6.6	128.8	244.8	81.2	0	0.0
28.5	21.6	14.0	125.4	158.0	29.2	0	0.0
46.1	34.7	21.4	224.0	170.3	48.4	0	0.0
45.8	31.0	12.7	276.2	249.6	66.7	0	0.0
34.4	28.1	8.0	87.5	119.6	23.4	0	0.0
33.2	28.2	3.4	88.8	129.8	13.0	0	0.0
34.6	29.8	5.2	75.4	154.6	20.8	0	0.0
34.9	26.5	19.6	125.6	135.2	13.0	0	0.0
32.4	18.4	14.6	335.2	154.4	14.4	0	0.0
29.8	15.4	8.6	264.8	146.8	51.0	0	0.0
43.5	26.4	17.3	231.2	218.4	51.0	0	0.0
48.1	33.8	19.0	238.6	193.3	31.6	0	0.0
33.6	21.5	15.2	161.6	189.6	28.1	0	0.0
03	31	2016
21.7	15.0	16.0	197.1	245.6	43.2	9	38.2
20.5	1.8	6.8	210.8	274.6	49.0	0	0.0
27.6	18.7	9.2	111.5	137.4	28.6	0	0.0
28.1	17.3	7.0	173.5	274.6	64.1	7	18.0
33.6	28.4	7.1	194.1	141.3	7.3	0	0.0
40.1	30.1	12.0	193.0	234.8	35.9	0	0.0
54.9	42.3	12.9	199.9	273.1	40.3	0	0.0
62.5	51.2	14.4	206.2	283.2	42.7	0	0.0
57.2	49.6	8.7	188.4	211.6	16.8	8	0.0
42.1	36.4	5.1	121.2	161.2	21.4	0	0.0
36.7	33.0	4.8	108.3	217.6	51.6	0	0.0
45.9	38.7	4.3	146.9	225.5	32.8	0	0.0
43.3	40.1	8.9	85.1	168.9	25.4	29	0.0
43.8	40.8	5.5	196.2	207.1	41.4	2	0.0
42.0	39.3	10.0	83.8	235.7	36.4	25	0.0
48.8	34.6	22.5	237.4	243.8	30.6	7	0.0
45.8	26.2	14.6	220.8	285.4	50.0	0	0.0
36.1	30.1	8.4	115.0	171.9	20.1	7	13.3
34.3	27.1	10.5	65.8	192.2	25.7	0	0.0
34.4	24.9	7.9	212.7	321.6	57.8	0	0.0
36.9	21.6	8.0	206.9	313.9	44.8	0	0.0
45.4	32.6	13.6	169.0	192.6	19.8	0	0.0
35.0	32.7	19.6	40.9	170.0	2.8	26	23.3
32.2	29.2	17.6	157.2	191.3	18.5	69	130.6
32.5	25.5	6.7	201.5	387.6	75.5	0	0.0
38.1	32.9	5.8	91.5	322.2	52.6	0	0.0
44.0	39.2	7.8	236.4	191.7	15.6	8	0.0
41.7	34.3	9.9	235.6	326.4	47.7	0	0.0
41.6	30.9	7.4	106.9	350.9	57.2	0	0.0
50.7	39.8	10.3	181.5	212.4	20.8	1	0.0
43.3	40.4	10.5	114.2	192.8	6.9	37	0.0
04	30	2016
40.9	30.6	8.1	283.3	276.7	30.0	3	0.0
31.9	19.5	13.8	283.7	322.2	52.3	6	11.7
43.1	25.6	15.2	206.2	376.9	34.9	0	0.0
31.1	20.9	12.9	89.5	223.4	21.2	0	0.0
33.3	21.5	11.3	108.1	359.2	42.2	2	0.0
43.0	37.5	10.3	253.1	193.1	7.3	48	0.0
37.1	27.4	12.4	325.4	195.0	7.3	1	1.7
32.8	23.2	11.4	250.1	297.9	32.4	9	13.2
28.4	13.6	11.6	207.3	460.4	68.2	0	0.0
41.0	34.9	13.7	197.3	206.1	12.8	6	3.8
43.0	24.9	12.7	296.5	386.5	59.9	0	0.0
36.1	23.8	7.9	191.7	510.8	80.2	0	0.0
39.9	31.8	7.3	101.2	249.6	18.8	0	0.0
44.4	28.0	7.4	106.2	511.5	88.0	0	0.0
46.2	33.2	6.0	107.1	515.0	88.0	0	0.0
50.8	36.8	3.9	82.9	519.5	87.0	0	0.0
56.3	39.0	3.3	65.4	517.2	78.7	0	0.0
60.1	40.6	8.5	90.6	350.6	33.9	0	0.0
43.4	38.6	12.8	25.2	265.1	13.0	0	0.0
50.2	39.9	7.0	88.8	329.6	26.0	5	0.0
56.3	53.0	4.9	129.6	308.4	38.6	7	0.0
42.5	37.0	15.6	35.1	448.6	50.5	0	0.0
43.6	36.5	7.2	61.9	475.9	62.0	0	0.0
49.7	41.3	7.1	113.3	384.0	40.6	0	0.0
61.1	50.7	8.6	143.2	404.2	40.3	6	0.0
41.8	38.1	15.0	56.8	234.3	6.2	0	0.0
42.4	34.1	14.8	45.4	298.9	33.3	8	0.0
40.8	36.1	13.4	61.4	237.5	6.9	4	0.0
42.1	36.2	7.2	51.9	360.1	19.8	2	0.0
43.2	38.4	12.9	53.5	250.9	16.7	31	0.0
05	31	2016
43.8	40.5	14.4	24.6	244.5	11.3	11	0.0
48.0	36.4	7.1	46.5	494.2	64.1	0	0.0
57.3	35.4	9.3	223.5	408.9	39.6	2	0.0
44.8	37.1	14.8	130.0	320.1	29.0	0	0.0
47.8	36.1	9.4	144.6	577.2	64.1	0	0.0
68.7	42.5	7.7	225.4	572.2	60.9	0	0.0
55.3	36.9	13.2	102.1	349.7	40.1	0	0.0
52.8	33.0	7.0	113.1	527.8	56.2	0	0.0
50.4	41.7	10.8	95.4	352.6	22.9	13	0.0
47.2	45.7	14.7	96.7	274.6	7.3	70	0.0
50.2	48.9	6.0	84.5	397.6	62.6	0	0.0
60.3	48.5	10.0	236.5	430.7	34.9	0	0.0
53.8	40.9	11.8	296.1	368.2	39.8	14	0.0
42.5	28.6	14.0	307.3	307.2	14.6	0	0.0
46.5	24.2	11.4	286.7	499.4	57.3	0	0.0
56.7	38.9	12.3	182.9	418.1	40.6	6	0.0
47.7	34.7	13.5	88.8	558.6	53.6	0	0.0
51.0	33.2	7.3	50.8	601.9	75.0	0	0.0
57.1	35.8	5.1	70.2	540.4	72.9	0	0.0
56.0	38.1	3.0	34.6	377.4	31.8	0	0.0
62.8	38.5	5.5	116.9	579.6	56.2	0	0.0
62.7	43.1	5.9	120.4	565.8	67.7	0	0.0
65.9	42.9	8.8	171.5	615.6	67.2	0	0.0
70.7	52.3	8.5	165.2	488.9	44.8	2	0.0
60.6	54.3	5.6	46.0	452.0	42.2	3	0.0
72.6	61.5	7.6	163.8	449.8	43.2	2	0.0
70.7	65.2	8.1	143.7	420.2	28.3	11	0.0
72.8	63.5	14.2	185.9	482.2	31.2	11	0.0
71.7	59.0	11.4	234.4	494.9	53.1	0	0.0
69.7	57.7	6.1	187.5	578.6	69.3	0	0.0
64.6	56.6	7.1	130.0	445.2	32.8	3	0.0
06	30	2016
70.1	56.6	8.2	209.2	458.0	36.5	0	0.0
66.4	50.5	7.2	212.7	539.9	67.7	0	0.0
68.0	51.9	7.4	113.3	571.1	60.9	0	0.0
65.7	58.5	6.8	134.3	331.3	26.5	2	0.0
67.7	54.4	12.2	279.2	577.4	49.8	18	0.0
66.4	50.6	11.7	257.3	545.6	51.0	1	0.0
57.4	47.9	8.8	272.3	350.4	33.3	0	0.0
55.3	44.9	7.4	147.3	561.5	61.8	0	0.0
63.5	54.6	7.1	182.5	380.4	29.7	1	0.0
75.5	63.5	10.6	192.4	640.8	49.3	4	0.0
79.1	63.2	10.5	230.6	523.4	45.3	0	0.0
60.3	40.6	10.2	79.2	478.0	46.4	0	0.0
61.9	53.5	5.8	61.5	494.1	37.5	0	0.0
65.7	58.4	9.8	119.4	576.3	37.5	7	0.0
72.5	65.8	10.8	202.3	567.9	42.0	72	0.0
65.3	58.5	10.6	220.9	334.8	39.4	0	0.0
68.8	53.5	5.1	97.3	658.6	77.1	0	0.0
72.8	53.3	4.9	116.9	475.3	38.5	0	0.0
79.4	56.9	9.3	207.7	637.7	72.4	0	0.0
80.7	58.4	14.1	272.3	570.4	53.1	6	0.0
74.0	49.3	10.0	282.9	654.7	80.2	0	0.0
69.7	59.5	6.1	106.4	451.8	26.6	8	0.0
65.0	57.9	9.0	50.8	440.9	27.3	0	0.0
69.8	54.9	6.7	158.8	617.9	70.8	0	0.0
76.9	63.6	10.3	169.0	667.1	83.8	0	0.0
79.7	63.8	10.0	246.2	536.2	41.1	52	0.0
75.9	58.8	12.7	259.2	613.7	59.4	0	0.0
62.0	51.2	8.7	65.5	596.8	54.5	0	0.0
66.7	51.4	6.8	148.5	571.1	67.7	0	0.0
70.6	54.9	8.2	165.3	538.5	52.6	42	0.0
07	31	2016
63.7	51.7	9.2	221.4	563.5	47.0	0	0.0
67.2	50.7	7.2	196.9	501.8	41.1	0	0.0
66.0	52.4	4.6	56.9	612.0	59.4	0	0.0
68.4	62.0	6.0	121.7	405.4	27.4	0	0.0
76.5	64.3	8.5	235.6	500.6	37.0	0	0.0
78.2	66.4	11.8	253.8	450.4	38.5	12	0.0
73.1	68.7	5.9	141.1	431.4	42.9	1	0.0
76.2	61.1	11.8	261.5	539.6	47.9	0	0.0
69.7	58.3	9.1	144.8	624.4	75.0	0	0.0
70.5	57.9	8.2	105.2	455.8	42.7	0	0.0
79.2	68.1	11.7	172.5	613.3	65.6	2	0.0
81.2	67.5	13.4	234.4	474.3	48.4	0	0.0
80.1	68.6	11.7	234.0	456.5	44.8	0	0.0
77.3	58.0	14.6	268.1	578.5	63.0	0	0.0
65.2	56.4	7.5	116.8	302.4	25.5	0	0.0
67.9	54.8	7.4	169.2	608.6	64.1	0	0.0
75.2	63.4	14.1	215.7	540.5	44.1	13	0.0
76.9	62.9	6.4	213.7	614.9	63.5	0	0.0
74.0	63.9	6.0	109.0	509.3	63.5	0	0.0
80.3	66.8	8.5	175.6	521.2	65.6	0	0.0
80.2	70.3	13.4	230.5	493.4	42.0	30	0.0
80.9	68.5	6.4	177.1	531.2	49.0	0	0.0
79.1	72.1	5.4	108.2	432.2	39.1	65	0.0
83.1	72.8	11.1	223.5	500.4	38.7	2	0.0
79.8	63.5	6.8	237.7	541.6	62.0	0	0.0
78.5	61.5	5.7	132.1	626.4	83.8	0	0.0
78.0	66.4	6.3	173.8	476.8	47.9	0	0.0
70.2	65.3	11.2	62.6	360.7	24.0	1	0.0
71.0	64.8	11.4	36.2	417.2	24.0	0	0.0
70.9	62.6	9.8	41.0	432.6	44.7	0	0.0
72.1	64.0	5.6	117.9	545.5	58.8	0	0.0
08	31	2016
73.4	64.7	4.8	54.1	483.2	53.3	0	0.0
76.8	65.9	6.2	109.0	528.9	56.8	0	0.0
79.4	67.9	5.9	148.7	483.9	60.1	5	0.0
81.2	67.6	9.2	189.4	526.6	59.9	5	0.0
78.3	62.4	8.4	290.7	447.8	42.4	0	0.0
73.9	59.0	6.7	165.0	476.2	67.2	0	0.0
72.0	60.6	6.6	114.2	417.5	52.1	0	0.0
73.3	61.7	6.2	104.6	559.1	71.3	0	0.0
78.7	63.2	7.8	162.5	434.8	49.0	0	0.0
80.5	68.3	7.3	190.6	506.9	69.3	0	0.0
82.8	70.5	11.4	207.3	452.2	41.7	0	0.0
77.0	72.2	6.2	94.7	306.7	15.4	11	0.0
77.4	67.9	7.1	275.0	404.2	37.5	0	0.0
77.1	63.5	5.7	168.1	428.7	46.9	0	0.0
75.0	66.6	6.0	53.3	328.9	25.5	0	0.0
78.4	65.6	8.4	178.7	482.4	44.5	0	0.0
77.5	64.7	7.7	210.0	513.7	57.3	5	0.0
78.9	69.1	7.4	136.3	481.1	49.6	0	0.0
76.3	66.4	7.6	176.4	357.4	26.6	15	0.0
72.5	64.3	11.7	221.9	378.4	50.9	14	0.0
66.7	53.6	9.9	250.4	406.3	60.4	0	0.0
69.6	52.4	6.7	157.5	544.0	92.2	0	0.0
74.4	58.9	11.0	197.5	435.2	56.2	0	0.0
78.6	68.8	10.3	182.8	361.1	30.8	15	0.0
76.3	62.9	5.7	208.4	398.9	30.6	25	0.0
70.1	58.0	6.0	186.0	368.3	43.8	0	0.0
70.2	65.4	5.3	65.0	314.7	26.2	5	0.0
70.1	65.4	4.8	63.7	386.4	48.5	0	0.0
74.4	67.5	4.8	115.3	400.4	50.8	0	0.0
75.3	68.5	5.6	211.6	362.1	33.6	127	0.0
69.3	57.6	10.9	164.0	460.0	63.8	0	0.0
09	30	2016
67.3	56.7	13.9	64.4	440.6	53.6	0	0.0
67.3	54.4	7.2	64.2	496.3	76.0	0	0.0
66.3	56.7	5.2	96.2	441.1	69.3	0	0.0
69.4	59.6	7.9	103.1	394.4	60.4	0	0.0
78.2	64.5	10.9	201.5	395.5	66.2	0	0.0
82.9	71.0	12.3	191.7	418.6	59.4	3	0.0
74.3	69.9	7.3	194.3	293.7	23.7	100	0.0
76.9	66.4	7.8	275.4	359.3	44.1	0	0.0
71.7	64.4	6.5	144.4	334.9	41.7	0	0.0
67.3	57.9	9.6	261.7	302.1	45.1	8	0.0
65.9	52.2	7.1	201.9	408.3	77.1	0	0.0
69.2	54.9	9.9	186.9	453.2	78.1	0	0.0
68.3	60.3	7.0	182.8	242.4	20.1	0	0.0
66.1	57.9	5.8	106.9	316.3	45.5	1	0.0
67.2	59.3	8.4	142.1	344.2	54.7	0	0.0
74.3	64.6	10.7	164.0	309.1	24.0	3	0.0
72.5	59.8	8.8	239.0	394.2	65.1	5	0.0
67.9	57.9	6.0	203.1	418.6	75.5	0	0.0
72.7	57.5	10.2	221.6	375.4	60.2	40	0.0
69.4	55.8	4.9	115.4	409.5	74.0	0	0.0
68.8	62.2	6.8	163.7	220.8	17.7	62	0.0
70.7	64.8	5.3	149.5	216.3	31.8	0	0.0
65.7	61.5	11.9	31.0	229.9	13.2	3	0.0
65.9	59.2	9.8	100.9	233.9	32.6	0	0.0
69.9	63.0	10.4	168.2	291.6	40.4	32	0.0
62.0	41.8	13.7	258.8	355.9	62.5	0	0.0
56.3	42.2	11.8	275.2	249.0	41.1	4	0.0
56.8	50.1	13.1	198.5	240.3	29.7	3	0.0
62.0	56.7	17.2	24.7	251.9	29.3	0	0.0
61.0	57.3	11.0	39.4	160.8	7.6	37	0.0
10	31	2016
60.8	58.2	7.3	130.1	219.4	17.1	23	0.0
60.3	56.4	5.5	193.3	175.4	24.8	1	0.0
60.2	54.4	4.7	135.8	326.1	63.5	0	0.0
65.2	59.2	10.2	138.5	196.2	32.3	0	0.0
67.8	57.8	9.4	174.4	279.4	68.8	1	0.0
64.3	60.7	5.5	126.4	162.1	21.1	14	0.0
60.3	49.2	11.2	251.2	223.9	40.6	1	0.0
51.5	36.6	6.5	241.9	338.7	85.4	0	0.0
52.9	43.3	5.1	169.4	213.7	59.9	0	0.0
58.1	49.2	7.6	138.1	269.6	58.3	0	0.0
63.6	51.5	9.1	186.5	229.1	46.9	1	0.0
56.8	49.0	10.7	264.6	146.6	18.4	2	0.0
47.2	34.8	6.1	225.6	274.6	82.8	0	0.0
53.0	41.9	8.1	125.8	252.4	65.1	0	0.0
62.0	56.2	12.2	201.9	132.3	22.4	0	0.0
64.4	61.7	6.4	131.7	152.8	29.8	74	0.0
73.2	64.2	15.1	196.7	163.2	35.1	0	0.0
67.8	52.2	10.2	227.1	270.9	84.9	0	0.0
58.9	45.5	3.3	183.8	174.8	47.4	0	0.0
50.2	39.9	12.5	197.3	168.5	21.1	0	0.0
46.3	31.2	8.9	302.9	181.4	45.3	0	0.0
48.8	35.2	5.0	192.7	229.3	63.0	0	0.0
55.5	42.0	9.1	186.7	261.4	80.7	0	0.0
47.9	36.8	6.0	165.6	264.4	69.3	0	0.0
48.2	39.0	5.6	124.4	168.3	32.6	0	0.0
48.2	44.1	17.3	120.8	101.8	5.7	113	0.0
46.2	38.3	7.3	260.4	110.9	9.6	0	0.0
54.5	48.0	12.8	197.5	169.5	46.2	0	0.0
61.1	54.9	10.4	133.1	150.0	33.9	0	0.0
49.3	42.6	8.0	43.9	113.6	24.5	0	0.0
49.5	43.0	9.6	123.0	152.5	39.6	0	0.0
11	30	2016
66.1	56.8	6.2	169.6	165.0	31.8	0	0.0
55.6	50.9	7.7	130.8	104.9	18.6	37	0.0
52.6	46.8	5.9	145.9	179.0	62.2	0	0.0
52.2	42.3	6.1	198.1	222.8	91.7	0	0.0
56.6	45.6	4.3	178.1	201.3	81.8	0	0.0
55.9	46.9	2.9	85.4	220.2	100.0	0	0.0
54.2	42.4	6.2	145.6	188.8	63.5	0	0.0
53.8	41.7	11.9	294.0	154.5	33.9	0	0.0
49.0	32.0	7.2	284.8	185.7	67.2	0	0.0
55.2	35.1	13.9	257.7	206.5	92.7	0	0.0
46.6	33.0	11.8	132.1	155.4	63.5	0	0.0
42.8	30.1	9.1	212.9	163.9	64.1	0	0.0
48.5	30.6	13.8	234.0	185.2	70.8	0	0.0
48.6	37.6	5.6	176.7	133.0	35.4	0	0.0
48.4	43.4	4.0	220.7	120.7	30.5	0	0.0
47.5	42.9	6.3	191.7	127.6	63.0	0	0.0
60.2	47.9	10.7	178.8	139.4	43.8	0	0.0
56.7	42.8	18.1	218.5	130.1	36.5	0	0.0
34.1	20.4	19.8	300.4	123.2	38.5	0	0.0
29.4	14.5	8.7	317.1	131.2	54.7	0	0.0
30.2	18.8	4.8	184.6	170.4	75.5	0	0.0
36.9	27.1	8.2	181.2	79.1	19.8	0	0.0
43.5	39.4	9.8	184.3	69.1	5.6	11	0.0
40.0	33.2	9.8	280.4	70.6	5.9	0	0.0
38.2	31.2	7.0	264.1	71.2	19.4	0	0.0
39.8	33.0	6.6	201.0	116.0	50.0	0	0.0
39.7	35.7	9.4	173.8	81.1	45.1	2	0.0
46.8	43.0	14.5	168.0	67.4	6.1	84	0.0
47.6	38.1	10.9	210.4	147.5	72.9	0	0.0
37.8	31.3	9.3	236.2	88.1	47.7	0	0.0
12	31	2016
39.7	32.8	10.3	261.9	72.3	10.6	0	0.0
35.6	25.2	9.3	300.4	68.3	8.3	1	0.0
32.6	22.0	5.6	258.4	67.6	15.6	0	0.0
33.1	27.6	5.1	160.8	118.8	30.6	24	54.6
34.5	31.0	9.0	209.0	66.5	5.3	0	0.0
35.8	28.0	10.2	213.5	77.7	27.6	0	0.0
25.2	14.3	15.1	258.5	101.6	42.7	0	0.0
23.5	12.5	15.7	279.4	97.6	31.2	0	0.0
23.5	11.3	10.1	285.8	130.0	61.5	0	0.0
21.3	12.5	7.5	241.7	91.4	29.9	6	24.9
28.6	24.8	5.8	158.5	112.4	30.7	33	98.3
21.6	13.9	11.8	265.1	129.8	53.0	0	0.0
11.0	2.6	9.0	271.2	137.5	70.8	0	0.0
11.3	2.4	15.7	261.5	129.9	76.0	0	0.0
5.7	3.0	10.3	271.2	126.2	59.4	0	0.0
16.1	7.9	6.1	216.8	77.0	31.6	20	102.8
19.9	14.6	9.9	309.2	63.8	21.7	12	57.3
5.1	2.3	10.9	289.4	134.9	70.0	3	23.7
7.4	1.4	16.2	226.0	125.1	83.8	0	0.0
25.2	12.8	19.3	236.2	130.0	62.0	0	0.0
30.4	21.4	8.0	229.2	65.8	28.6	0	0.0
34.1	23.2	10.2	278.3	135.8	60.4	0	0.0
32.7	26.2	8.3	198.8	61.6	15.6	13	23.5
35.7	30.8	3.5	156.0	61.6	12.8	0	0.0
39.4	32.8	13.9	119.0	61.7	8.3	13	0.0
39.7	30.1	18.8	226.8	134.7	61.8	11	0.0
24.8	15.1	10.3	268.4	72.0	43.2	0	0.0
32.5	22.9	9.8	190.0	96.3	42.7	0	0.0
33.2	21.2	15.9	284.2	84.5	37.7	0	0.0
29.6	15.0	11.2	241.5	91.5	33.3	0	0.0
33.0	19.5	10.6	263.3	96.4	54.7	0	0.0
