01	31	1998
30.5	22.2	18.8	230.0	139.8	59.4	0	0.0
41.1	35.7	16.7	219.8	52.9	20.3	0	0.0
46.7	43.5	16.8	178.9	67.7	12.5	3	2.5
33.9	32.5	9.1	60.9	85.2	20.8	32	24.6
41.0	39.7	7.6	156.8	68.5	8.3	20	0.0
36.3	35.1	4.7	78.1	110.1	14.6	29	0.0
34.3	30.5	20.9	35.0	51.5	6.2	3	1.3
32.5	30.8	21.9	34.0	51.9	16.7	23	59.3
29.1	26.0	14.6	241.3	66.0	7.8	2	5.1
8.6	1.5	15.3	257.1	145.1	90.6	0	0.0
9.0	1.2	5.0	233.3	115.9	63.5	0	0.0
19.8	15.6	8.1	218.4	68.5	21.9	1	2.5
2.3	1.0	11.3	285.8	155.4	82.3	0	0.0
18.8	15.3	11.2	137.4	69.9	8.3	2	8.9
27.6	24.5	8.0	142.8	56.6	8.3	2	6.9
27.6	23.4	7.8	111.0	90.6	8.3	0	0.0
25.8	21.7	7.4	228.3	87.0	21.4	0	0.0
19.2	15.2	9.7	292.3	71.4	25.0	0	0.0
24.3	20.3	7.1	298.3	80.1	25.5	0	0.0
25.8	20.2	8.5	169.4	99.8	12.0	0	0.0
29.6	27.1	17.4	100.4	79.7	8.3	0	0.5
30.1	28.2	15.6	93.6	60.4	4.2	3	7.6
29.4	25.9	8.1	262.9	110.7	15.6	2	5.1
26.1	20.8	4.7	245.6	84.5	28.6	0	0.0
24.1	21.7	5.7	169.6	85.1	13.2	2	5.0
32.2	30.2	5.1	110.1	81.3	7.3	1	1.3
31.7	28.9	7.0	236.7	79.3	18.1	0	0.0
31.6	31.1	5.8	180.5	65.9	10.7	1	2.5
31.0	28.3	11.3	289.9	66.9	16.7	0	0.0
28.7	24.8	6.3	282.9	89.9	16.7	0	0.0
30.8	28.3	10.7	212.8	114.7	32.6	0	0.0
02	28	1998
35.7	30.6	10.5	189.8	77.5	14.6	12	0.0
32.7	25.6	9.3	211.7	170.4	36.5	0	0.0
30.9	28.6	8.0	82.8	83.8	2.4	0	0.0
26.9	24.0	12.1	212.3	73.4	0.0	0	0.0
30.1	26.4	15.1	145.6	74.5	0.0	0	0.0
30.4	28.1	5.3	160.1	82.9	19.8	0	0.0
29.7	27.9	3.6	107.5	89.4	27.6	0	0.0
29.6	26.5	3.2	106.0	110.8	19.3	0	0.0
27.6	26.5	5.5	152.4	148.6	59.4	0	0.0
32.4	30.3	3.2	49.2	122.8	41.8	0	0.0
35.8	34.8	12.7	59.9	90.2	5.5	56	0.0
32.8	25.0	10.6	294.2	226.4	55.2	0	0.0
31.1	28.8	5.8	156.9	84.6	8.3	0	0.0
35.3	30.5	6.4	137.9	107.1	7.8	0	0.0
39.4	32.5	10.1	175.0	230.4	53.1	0	0.0
37.8	34.4	12.5	97.1	92.6	14.6	13	0.0
37.0	35.3	15.8	54.8	108.5	2.1	5	0.0
37.1	34.4	17.1	73.8	91.5	4.2	0	0.0
36.3	33.4	5.5	277.9	93.0	0.0	0	0.0
35.1	32.1	6.2	250.8	94.4	0.0	0	0.0
35.7	31.8	6.2	217.3	137.8	7.3	0	0.0
37.0	34.2	4.4	121.3	196.1	40.4	0	0.0
36.4	30.4	5.8	111.0	182.5	49.0	0	0.0
41.3	36.4	8.8	222.2	133.6	32.3	18	0.0
36.8	32.9	9.4	95.8	124.5	13.5	0	0.0
43.0	35.6	18.6	132.9	234.6	24.0	2	0.0
41.6	36.7	18.0	173.3	118.3	10.4	29	0.0
39.4	33.4	7.8	163.8	140.5	36.5	0	0.0
03	31	1998
34.7	27.9	5.5	235.8	108.3	1.0	0	0.0
34.0	30.1	7.8	303.6	110.0	0.0	2	5.1
29.2	23.9	8.4	236.4	111.6	0.0	2	4.0
30.8	21.9	6.9	251.9	113.2	0.0	0	0.0
32.8	26.7	8.0	155.0	114.9	2.1	0	0.0
32.6	27.2	6.5	212.6	126.3	17.2	7	18.0
33.2	26.2	10.2	108.3	180.1	20.8	0	0.0
34.2	31.7	22.1	40.7	119.9	5.2	54	136.7
26.0	16.1	24.4	252.2	139.1	18.8	2	3.8
16.2	3.2	12.7	321.2	328.6	74.0	0	0.0
15.9	0.7	14.0	320.0	342.7	79.2	0	0.0
21.3	3.4	12.2	269.6	357.0	69.8	0	0.0
27.9	19.6	17.6	240.3	145.1	5.0	3	7.6
25.0	13.0	14.7	312.3	302.7	68.8	0	0.0
24.6	17.7	10.2	125.6	161.8	37.5	0	0.0
28.7	19.4	10.9	102.7	209.6	14.6	0	0.0
33.2	29.2	14.5	84.9	135.5	0.0	27	41.9
35.4	35.1	13.7	44.6	169.5	4.2	46	0.0
33.2	31.0	15.2	41.8	138.9	0.0	6	7.6
32.9	25.4	23.0	30.4	159.2	6.6	0	0.0
33.5	24.8	16.9	143.8	345.4	33.3	0	0.0
33.0	22.5	7.3	180.4	318.8	60.4	0	0.0
34.6	21.0	8.0	180.4	381.4	51.0	0	0.0
37.5	24.8	8.5	193.3	386.3	59.4	0	0.0
46.0	36.5	13.3	172.1	165.3	5.2	0	0.0
65.8	53.3	20.6	221.7	331.0	51.0	0	0.0
66.9	52.9	18.4	211.7	156.8	14.6	0	0.0
55.4	48.2	11.5	227.5	228.8	18.2	9	0.0
58.1	50.6	12.4	139.6	218.4	36.5	1	0.0
61.6	56.5	13.7	190.7	259.5	41.1	7	0.0
42.8	41.9	12.2	88.9	191.9	9.9	63	0.0
04	30	1998
41.7	36.3	11.2	221.5	207.1	27.8	10	0.0
42.3	35.9	8.8	288.1	163.6	6.8	0	0.0
38.8	35.3	13.5	73.2	173.2	5.7	0	0.0
40.6	30.2	13.5	52.1	462.3	70.8	0	0.0
39.0	26.1	6.6	90.8	419.2	78.1	0	0.0
38.8	31.7	4.9	77.1	383.9	56.2	0	0.0
45.2	35.7	13.7	110.2	376.0	54.2	16	0.0
40.4	40.0	13.1	49.6	208.7	4.2	55	0.0
39.5	32.6	21.0	31.3	214.2	10.4	52	0.0
40.9	26.7	7.6	135.0	216.6	30.2	0	0.0
49.6	35.0	6.8	212.9	343.6	56.2	0	0.0
58.7	41.8	15.5	167.9	458.8	40.6	1	0.0
54.0	45.9	12.3	169.0	189.5	21.9	13	0.0
52.8	47.6	9.8	238.7	348.3	24.3	0	0.0
41.0	40.8	13.4	52.6	184.2	0.0	59	0.0
38.3	36.1	14.7	188.5	185.7	5.2	55	0.0
44.1	28.4	10.9	279.2	519.7	89.6	0	0.0
50.8	33.5	8.9	211.7	405.8	54.2	0	0.0
50.2	36.2	4.0	52.1	441.3	70.8	0	0.0
48.3	41.5	6.0	105.4	364.1	25.0	21	0.0
45.2	43.8	8.4	86.6	273.0	18.8	20	0.0
51.0	36.2	7.2	60.8	537.4	70.8	0	0.0
57.0	38.1	5.1	142.9	487.4	80.2	0	0.0
52.9	38.2	8.8	127.9	413.5	49.0	0	0.0
47.1	42.7	10.0	71.5	232.1	19.8	2	0.0
43.9	39.7	18.9	59.1	287.4	27.1	6	0.0
41.0	33.0	12.4	42.5	486.8	81.2	0	0.0
45.0	33.3	5.3	45.8	452.9	46.9	0	0.0
45.8	42.4	4.0	54.6	251.7	17.2	1	0.0
48.3	47.0	5.3	41.0	205.3	5.2	25	0.0
05	31	1998
49.2	49.2	9.9	132.4	398.2	24.3	22	0.0
50.1	48.5	8.3	60.8	262.3	22.9	1	0.0
49.2	47.4	11.3	131.3	215.7	15.1	15	0.0
55.3	42.9	7.5	107.9	599.6	86.5	0	0.0
57.6	51.8	7.2	180.6	348.9	37.0	0	0.0
56.7	53.5	4.6	84.9	423.1	37.0	2	0.0
53.3	50.6	12.1	38.0	339.8	14.6	24	0.0
55.1	46.7	20.6	45.0	483.0	42.7	0	0.0
52.2	41.8	14.9	49.2	573.4	68.8	0	0.0
53.5	40.6	12.6	48.3	608.6	91.7	0	0.0
56.2	48.9	5.8	100.0	605.4	86.5	0	0.0
59.0	53.1	8.8	138.5	487.6	52.1	15	0.0
62.1	54.5	7.9	171.9	595.1	55.7	0	0.0
62.5	52.8	7.3	127.9	598.7	80.2	0	0.0
71.5	63.1	11.2	165.4	230.7	35.4	6	0.0
71.6	53.8	16.3	255.4	627.1	83.3	0	0.0
72.0	50.8	9.0	210.0	638.2	94.8	0	0.0
76.8	58.2	12.8	224.2	624.3	90.6	0	0.0
75.1	62.0	8.6	249.8	445.3	47.4	10	0.0
62.7	52.5	6.8	143.8	430.5	44.8	0	0.0
53.2	46.8	9.8	59.2	601.7	67.7	0	0.0
50.7	45.6	12.8	46.2	290.5	27.1	0	0.0
54.3	44.5	13.2	57.5	572.8	53.1	0	0.0
52.6	49.2	10.9	144.0	230.7	3.1	12	0.0
58.4	48.8	6.8	191.2	574.7	43.8	0	0.0
63.1	50.4	6.7	175.4	646.5	85.4	0	0.0
65.8	51.8	8.0	120.8	523.8	67.7	0	0.0
72.0	65.6	12.9	228.6	557.1	46.7	35	0.0
71.3	60.5	10.2	262.1	316.4	32.3	9	0.0
56.1	53.3	7.6	109.2	406.1	46.4	0	0.0
63.8	58.2	12.0	195.1	546.3	57.3	16	0.0
06	30	1998
59.4	47.2	9.8	184.2	510.1	44.8	0	0.0
55.9	50.0	10.6	183.3	422.6	55.2	0	0.0
52.5	42.8	8.0	252.1	497.8	49.0	0	0.0
54.0	41.0	7.0	200.0	511.1	66.7	0	0.0
49.5	41.3	7.3	86.5	317.6	20.8	2	0.0
52.1	40.9	5.9	217.9	347.0	31.2	0	0.0
53.8	43.9	6.5	191.2	513.9	71.9	0	0.0
58.1	43.8	6.9	116.2	423.1	49.0	0	0.0
55.1	54.9	12.3	108.5	239.9	0.3	34	0.0
57.2	55.3	5.7	143.7	358.8	15.3	0	0.0
61.5	59.8	10.8	138.9	295.5	20.1	21	0.0
71.4	60.5	13.9	253.5	575.1	54.7	0	0.0
67.8	58.0	7.2	173.3	517.8	47.9	0	0.0
63.9	57.1	7.0	60.8	325.2	34.4	0	0.0
66.5	55.6	6.4	76.7	462.3	46.9	0	0.0
66.6	59.2	8.8	46.7	481.1	50.0	0	0.0
68.5	61.7	5.8	123.8	432.4	36.5	0	0.0
68.8	62.9	10.7	127.0	370.7	21.9	23	0.0
70.8	60.2	11.0	224.6	591.4	68.8	0	0.0
76.5	66.8	8.4	175.8	328.2	35.4	0	0.0
77.6	64.4	9.2	246.2	518.6	44.8	0	0.0
74.3	59.0	5.5	182.1	380.8	53.1	0	0.0
72.2	63.5	5.2	128.8	636.4	80.2	0	0.0
79.2	68.8	11.2	172.8	548.6	45.8	19	0.0
83.7	70.0	14.5	199.6	542.1	47.9	0	0.0
74.3	66.1	8.5	186.2	628.0	47.9	0	0.0
71.8	66.7	10.2	123.7	497.6	29.8	35	0.0
76.2	66.9	10.9	226.7	598.0	51.0	38	0.0
76.6	63.2	8.0	232.1	506.1	59.4	0	0.0
70.4	61.5	9.8	205.6	485.4	53.1	1	0.0
07	31	1998
68.6	55.8	6.5	133.8	659.2	78.1	0	0.0
73.8	58.7	8.0	220.4	540.2	64.6	0	0.0
73.8	66.9	7.7	225.1	301.4	10.7	8	0.0
65.9	59.5	15.6	17.3	446.6	27.6	0	0.0
67.7	55.9	8.4	112.5	642.1	65.6	0	0.0
72.5	66.2	9.6	148.8	402.3	15.6	0	0.0
65.8	62.0	8.6	38.0	321.9	6.8	4	0.0
69.8	62.5	4.8	68.5	419.6	30.7	0	0.0
71.9	62.3	4.8	128.8	659.0	71.9	0	0.0
68.5	61.6	9.2	35.2	459.2	47.9	0	0.0
67.3	57.8	5.9	172.9	664.4	88.5	0	0.0
71.9	56.5	7.7	176.7	657.1	85.4	0	0.0
75.8	61.2	7.9	194.6	452.4	54.2	0	0.0
80.5	67.6	8.1	230.0	648.9	84.4	0	0.0
77.9	67.8	9.7	197.4	602.1	75.4	40	0.0
74.6	60.8	6.5	162.1	602.2	70.8	0	0.0
71.0	64.2	6.1	89.6	467.6	57.3	0	0.0
74.5	64.7	7.1	156.7	638.3	75.0	0	0.0
79.5	66.2	10.9	243.8	614.6	64.6	8	0.0
78.7	64.5	9.6	237.9	611.7	69.3	8	0.0
80.8	68.5	12.2	248.8	491.4	52.6	2	0.0
75.4	64.2	8.0	273.2	411.3	28.5	0	0.0
71.2	53.9	11.2	302.1	545.9	72.9	0	0.0
68.6	53.0	7.4	246.7	486.7	51.0	0	0.0
68.6	55.9	7.1	180.0	393.2	31.2	0	0.0
69.0	57.5	7.0	162.1	579.6	81.2	0	0.0
74.9	59.0	11.7	269.0	496.8	67.7	0	0.0
78.0	59.1	12.0	270.4	627.4	84.4	0	0.0
74.3	51.8	8.3	296.2	492.7	47.9	0	0.0
69.9	57.5	9.4	146.7	513.6	44.8	0	0.0
68.2	55.8	10.0	116.2	616.4	87.5	0	0.0
08	31	1998
69.8	58.6	6.8	175.4	615.6	87.5	0	0.0
73.0	59.0	6.6	152.9	384.1	42.7	0	0.0
72.5	65.5	8.3	99.6	238.6	31.9	12	0.0
71.7	69.7	6.7	137.6	333.2	18.2	19	0.0
70.7	69.4	12.3	86.2	256.6	5.6	58	0.0
73.9	70.7	8.5	158.4	368.3	26.2	26	0.0
72.8	70.2	6.2	144.9	216.6	4.7	9	0.0
74.6	69.2	7.5	185.8	373.2	38.2	2	0.0
77.1	63.6	5.8	182.8	455.9	60.4	0	0.0
76.0	66.2	7.0	174.2	533.9	71.9	0	0.0
70.3	62.2	11.5	53.1	531.5	65.6	0	0.0
70.3	61.2	7.6	76.5	411.8	49.0	0	0.0
69.8	60.8	5.4	148.3	424.8	57.3	0	0.0
73.1	61.5	7.3	247.1	525.3	60.9	5	0.0
69.6	60.7	10.7	108.8	417.1	67.2	0	0.0
70.3	61.0	7.2	137.1	583.0	95.8	0	0.0
74.2	66.3	8.2	250.0	329.2	53.1	0	0.0
68.1	60.7	12.4	28.8	400.8	44.8	0	0.0
68.4	56.0	10.8	143.8	441.6	53.1	0	0.0
74.9	64.1	9.4	235.8	412.4	47.9	0	0.0
75.3	70.7	5.1	172.6	300.4	41.3	1	0.0
73.2	68.8	6.1	93.8	485.5	61.5	0	0.0
79.6	70.2	14.0	237.5	412.1	65.6	1	0.0
77.2	67.6	6.9	262.3	284.1	45.4	12	0.0
74.1	62.3	8.2	278.6	520.3	77.1	69	0.0
71.7	64.1	5.5	180.8	530.7	77.1	0	0.0
72.5	66.3	5.5	109.7	325.1	28.1	2	0.0
71.8	67.3	7.6	233.7	215.5	22.9	11	0.0
76.0	60.1	9.2	277.9	533.5	91.2	0	0.0
70.2	55.5	5.5	166.0	511.6	82.3	0	0.0
67.8	55.5	6.0	160.4	508.7	84.4	0	0.0
09	30	1998
70.6	56.0	8.9	231.2	506.8	70.8	11	0.0
65.1	50.1	8.7	280.0	386.2	54.2	0	0.0
65.4	54.2	5.4	136.2	506.1	82.3	0	0.0
67.4	56.4	5.2	162.5	510.5	100.0	0	0.0
73.0	57.2	7.8	202.1	499.4	92.7	0	0.0
78.3	70.3	8.3	240.6	266.9	45.7	0	0.0
69.2	52.2	11.8	106.2	460.7	41.7	0	0.0
60.7	46.6	11.4	234.2	412.2	74.0	0	0.0
60.8	49.2	6.8	186.2	467.7	77.1	0	0.0
66.4	52.1	9.4	215.4	449.3	85.4	0	0.0
72.4	52.6	11.6	245.8	476.4	94.8	0	0.0
70.2	60.3	7.0	145.0	451.4	76.0	0	0.0
74.7	64.2	4.4	122.5	451.8	72.9	0	0.0
69.8	66.6	9.2	192.6	170.5	6.2	86	0.0
68.4	64.2	10.8	122.5	202.6	31.2	1	0.0
66.1	61.8	7.0	71.0	386.6	67.7	0	0.0
65.3	57.5	3.4	70.8	436.9	90.1	0	0.0
66.0	57.7	4.2	79.6	432.0	92.7	0	0.0
71.1	61.3	6.3	161.2	342.5	71.9	0	0.0
73.2	62.8	8.4	245.8	228.0	53.1	0	0.0
60.8	49.0	9.5	194.6	259.4	42.7	0	0.0
57.5	42.4	8.0	286.5	332.0	45.3	0	0.0
56.5	44.6	6.8	209.4	402.5	69.8	0	0.0
59.0	53.1	8.0	235.4	167.9	4.2	7	0.0
67.4	61.9	8.8	207.5	316.7	56.8	11	0.0
79.1	67.1	15.7	219.2	301.6	66.7	0	0.0
72.3	60.5	10.8	292.5	384.0	84.4	0	0.0
62.2	49.9	7.4	204.6	382.5	89.6	0	0.0
64.9	57.4	7.4	192.1	279.6	52.3	24	0.0
61.8	56.2	11.1	203.3	211.9	27.3	24	0.0
10	31	1998
51.0	35.0	8.9	300.4	372.7	92.7	0	0.0
49.5	37.7	6.1	174.3	131.8	25.0	22	0.0
53.6	47.8	15.7	95.3	130.1	0.0	19	0.0
57.1	47.8	16.2	107.1	268.8	17.7	0	0.0
60.9	58.2	17.6	134.7	131.4	3.0	51	0.0
60.7	58.6	11.0	209.2	140.4	6.4	6	0.0
53.4	46.5	10.3	276.7	192.6	12.5	0	0.0
51.9	42.0	7.8	172.5	258.6	43.8	0	0.0
51.2	44.0	5.2	156.2	299.2	78.1	0	0.0
53.0	45.4	5.4	142.5	332.7	94.8	0	0.0
53.6	49.4	5.1	73.1	257.7	76.7	0	0.0
56.3	45.5	10.2	246.9	257.9	72.9	0	0.0
45.3	33.5	11.8	298.5	299.5	87.5	0	0.0
45.1	38.8	5.2	164.6	264.4	43.8	0	0.0
54.3	49.0	10.8	108.8	204.3	34.4	0	0.0
64.0	55.7	11.0	168.8	183.6	56.2	0	0.0
66.2	63.9	15.6	199.0	134.6	22.1	45	0.0
52.9	45.9	15.9	254.6	204.1	44.8	21	0.0
50.4	36.0	10.0	257.5	289.8	95.8	0	0.0
48.3	31.0	9.8	282.1	276.1	64.6	0	0.0
45.5	32.9	10.6	316.0	181.6	31.2	1	0.0
44.2	30.8	6.9	279.2	272.0	87.5	0	0.0
53.2	38.0	10.1	250.8	278.5	96.9	0	0.0
54.6	39.4	10.6	239.6	270.3	84.4	0	0.0
58.2	45.4	6.5	220.0	248.7	41.7	0	0.0
61.5	50.1	4.8	180.4	208.0	42.7	0	0.0
60.8	58.0	7.9	221.7	119.6	20.8	7	0.0
54.9	48.7	8.5	144.5	257.9	59.9	0	0.0
53.5	50.9	11.3	127.2	115.7	37.5	6	0.0
55.3	54.9	6.4	155.9	112.3	14.6	3	0.0
53.5	51.1	8.6	153.4	86.0	0.0	0	0.0
11	30	1998
50.6	45.8	13.8	29.4	197.9	25.0	2	0.0
45.4	35.2	20.7	56.7	142.8	22.4	0	0.0
39.1	30.1	17.9	142.3	140.8	18.2	2	1.3
36.8	25.3	10.5	291.7	128.6	22.4	0	0.0
34.3	24.8	8.4	276.7	147.8	59.4	0	0.0
35.3	25.1	8.3	312.9	161.9	70.8	0	0.0
35.6	28.0	6.0	217.5	143.6	46.9	0	0.0
36.1	32.6	6.3	262.3	78.5	4.8	2	4.7
41.0	38.0	9.1	140.0	74.7	0.0	24	0.0
47.4	41.4	29.5	193.7	106.9	3.6	131	0.0
38.7	26.5	20.1	254.2	191.4	56.2	0	0.0
38.1	26.3	8.6	275.0	170.1	61.5	0	0.0
38.5	29.4	7.0	192.5	179.3	51.0	0	0.0
46.2	40.4	14.1	262.1	130.0	37.5	0	0.0
39.7	29.7	10.3	266.2	179.6	45.8	0	0.0
41.9	38.5	9.1	254.4	119.3	10.4	2	0.0
38.5	35.0	6.1	209.8	181.6	67.2	0	0.0
45.6	41.8	13.0	145.0	138.3	49.0	1	0.0
39.1	32.8	18.2	257.3	97.2	28.5	0	0.0
31.9	24.7	13.1	294.8	63.5	6.2	0	0.0
34.1	24.4	9.5	229.6	115.5	43.2	0	0.0
48.1	36.2	18.8	215.8	73.7	58.3	0	0.0
50.5	32.9	16.8	261.8	166.2	84.0	0	0.0
43.4	32.1	8.6	207.5	126.3	50.0	0	0.0
48.3	34.1	10.1	237.5	64.2	42.7	0	0.0
48.1	31.2	9.7	269.2	165.6	76.0	0	0.0
45.4	33.8	4.6	149.6	159.0	85.4	0	0.0
54.6	48.1	6.0	205.6	156.3	60.9	0	0.0
60.6	56.0	13.4	201.2	64.2	16.7	0	0.0
54.1	47.8	16.9	255.8	64.7	37.0	8	0.0
12	31	1998
46.0	34.7	15.0	237.5	157.6	93.8	0	0.0
53.3	44.7	12.9	232.3	94.6	43.2	0	0.0
56.9	51.0	9.1	206.9	148.6	51.6	0	0.0
48.8	48.1	5.1	30.0	78.3	43.8	2	0.0
52.4	49.5	5.8	134.3	73.1	31.9	1	0.0
46.3	43.9	10.2	279.5	55.1	7.3	36	50.4
35.5	27.5	6.2	233.5	112.2	21.9	0	0.0
34.5	24.2	8.3	270.4	148.1	96.9	0	0.0
37.1	27.8	8.7	227.5	136.9	70.8	0	0.0
33.4	25.4	9.7	278.3	130.6	87.5	0	0.0
37.4	23.6	10.5	241.7	144.9	100.0	0	0.0
37.9	26.5	8.7	237.1	138.3	91.7	0	0.0
35.0	29.8	5.8	173.8	92.8	75.0	0	0.0
34.8	29.4	8.1	169.2	132.3	72.0	0	0.0
42.6	28.5	12.4	274.6	137.0	85.4	0	0.0
34.9	25.2	8.3	303.3	80.4	40.6	0	0.0
29.7	17.5	9.2	238.8	124.0	57.3	0	0.0
39.4	29.4	12.9	200.6	49.0	7.3	1	1.3
32.0	20.5	10.5	315.6	79.9	26.0	0	0.0
31.1	27.2	6.9	227.8	48.8	1.4	3	7.2
19.0	12.4	14.1	297.7	57.5	8.8	0	0.0
6.1	2.0	14.1	270.1	133.5	69.3	0	0.0
15.0	3.0	12.1	242.9	125.9	89.6	0	0.0
16.3	1.8	9.8	251.7	139.1	100.0	0	0.0
23.9	8.7	15.2	220.8	136.9	80.2	0	0.0
22.4	7.0	11.5	251.7	123.3	41.1	0	0.0
32.0	21.2	11.7	240.6	93.7	55.2	0	0.0
28.4	18.5	6.8	157.4	134.8	67.4	0	0.0
23.8	15.6	15.7	293.8	91.3	44.8	2	5.1
5.0	1.0	9.5	287.1	140.8	100.0	0	0.0
9.2	0.8	11.3	289.6	141.3	100.0	0	0.0
