   1    31    1981
26.4	17.5	12.8	307.5	80.3	77.0	.0	.0	
12.6	.7	8.8	270.0	132.8	79.0	.0	2.5	
1.9	-12.7	16.0	328.8	190.1	18.0	.0	.0	
-1.9	-19.4	9.6	300.4	193.3	2.0	.0	.0	
7.8	-4.9	12.8	226.7	131.3	65.0	.0	.0	
21.2	14.8	14.8	278.3	113.9	96.0	.0	66.0	
4.6	-9.4	12.2	305.8	182.1	31.0	.0	.0	
7.7	-6.4	8.4	278.3	204.8	50.0	.0	.0	
11.1	-.6	11.8	301.3	134.0	60.0	.0	.0	
4.5	-11.4	10.5	300.4	197.0	36.0	.0	.0	
6.1	-9.0	12.9	301.3	210.1	2.0	.0	.0	
14.0	6.4	10.3	230.4	94.1	88.0	.0	.0	
23.8	20.3	6.0	241.7	122.7	80.0	.0	.0	
24.4	19.1	7.4	301.7	125.0	98.0	.0	5.1	
17.9	9.5	10.6	286.7	144.3	80.0	.0	.0	
16.2	6.7	12.1	312.9	195.3	56.0	.0	5.1	
15.8	6.0	13.0	269.2	181.3	28.0	.0	.0	
30.0	14.9	10.7	281.7	224.7	8.0	.0	.0	
31.6	23.8	9.7	252.1	185.4	73.0	.0	.0	
26.5	24.4	7.7	115.4	130.3	83.0	.0	.0	
27.9	24.4	8.2	202.1	141.8	79.0	.0	.0	
32.5	21.0	9.1	297.5	207.9	32.0	.0	.0	
31.2	20.1	6.1	243.3	197.6	59.0	.0	.0	
31.6	21.3	5.4	188.3	227.3	7.0	.0	.0	
36.1	31.1	10.5	200.8	107.6	86.0	.0	.0	
34.1	24.8	15.2	272.5	110.1	75.0	.0	.0	
28.9	19.7	8.9	281.7	121.1	98.0	.0	.0	
19.5	6.9	12.5	295.0	129.7	67.0	.0	.0	
18.4	7.7	11.5	242.1	232.1	25.0	.0	.0	
19.2	8.8	7.3	198.8	245.6	22.0	.0	.0	
22.9	13.4	13.3	168.3	179.2	72.0	.0	.0	
   2    28    1981
27.5	21.5	15.1	255.0	111.9	98.0	.0	48.3	
4.7	-6.3	15.7	299.6	247.6	38.0	.0	2.5	
.2	-10.0	13.3	271.7	195.5	38.0	.0	.0	
2.9	-8.1	11.1	282.5	270.6	2.0	.0	.0	
10.3	3.2	14.5	225.8	178.5	70.0	.0	17.8	
21.8	13.6	10.6	253.8	186.8	92.0	.0	2.5	
24.2	16.9	19.4	235.4	128.7	71.0	.0	22.9	
12.0	2.7	13.6	278.3	232.3	75.0	.0	5.1	
13.4	5.2	9.5	237.5	267.0	75.0	.0	.0	
20.3	16.4	17.7	160.0	129.1	98.0	.0	236.2	
-2.2	-16.1	18.1	297.1	313.0	37.0	.0	30.5	
2.3	-11.0	12.2	220.4	213.7	56.0	.0	.0	
18.1	10.2	10.2	202.1	202.9	69.0	.0	.0	
30.7	19.5	11.0	208.8	289.1	78.0	.0	.0	
35.2	25.2	16.6	210.0	284.0	98.0	.0	.0	
43.3	37.8	15.0	227.1	311.5	42.0	.0	.0	
45.4	40.8	16.5	225.0	302.0	69.0	.0	.0	
48.1	44.9	14.9	226.3	164.9	67.0	.0	.0	
42.7	35.6	6.3	183.8	230.3	76.0	.0	.0	
31.3	30.7	9.8	60.0	143.2	98.0	.0	.0	
32.2	30.8	9.6	93.3	159.9	98.0	.0	.0	
37.2	34.5	14.6	142.5	102.7	98.0	103.0	.0	
34.1	31.4	12.4	192.9	124.6	98.0	3.0	.0	
37.3	27.0	13.0	290.0	268.6	44.0	1.0	.0	
30.9	22.4	9.3	149.2	307.5	28.0	.0	.0	
28.1	22.8	12.5	75.8	159.4	93.0	.0	.0	
33.9	30.9	15.0	170.4	129.7	98.0	37.0	.0	
36.2	29.2	14.4	294.6	162.1	97.0	.0	.0	
   3    31    1981
32.0	22.9	11.2	280.0	171.4	96.0	.0	.0	
25.7	11.0	12.4	325.0	214.9	48.0	.0	.0	
26.4	14.8	10.7	237.1	320.5	54.0	.0	.0	
33.9	24.8	13.9	134.6	306.6	78.0	.0	.0	
30.9	18.2	12.1	220.8	368.9	54.0	.0	.0	
26.7	18.5	11.1	296.3	215.6	42.0	.0	7.6	
25.8	16.0	8.9	223.3	220.3	58.0	.0	.0	
31.0	22.6	7.6	222.5	406.8	3.0	.0	.0	
35.9	22.8	9.2	265.8	247.4	75.0	.0	.0	
35.4	20.7	8.9	277.9	196.0	98.0	.0	.0	
33.3	20.5	11.1	297.5	280.5	38.0	.0	.0	
42.8	21.9	14.5	280.0	405.8	3.0	.0	.0	
32.8	16.2	12.5	204.6	242.1	53.0	.0	.0	
34.9	15.4	13.9	255.8	432.4	9.0	.0	.0	
42.3	22.4	21.5	210.8	417.3	36.0	.0	.0	
29.9	8.3	15.5	285.0	338.9	54.0	.0	.0	
27.9	15.1	14.6	95.4	399.9	36.0	.0	5.1	
24.9	12.3	11.3	289.2	217.4	64.0	.0	2.5	
25.5	14.5	13.4	325.8	219.9	98.0	.0	5.1	
33.2	20.3	10.3	282.1	316.8	89.0	.0	.0	
30.6	24.9	6.7	46.3	221.9	70.0	.0	.0	
32.6	27.5	6.4	109.6	421.0	40.0	.0	.0	
38.4	23.2	4.6	110.4	462.2	38.0	.0	.0	
33.0	27.3	7.8	65.8	475.5	18.0	.0	.0	
37.0	26.6	7.0	138.8	379.6	58.0	.0	.0	
45.3	34.5	12.7	255.0	455.9	48.0	17.0	.0	
36.3	30.3	10.3	115.0	424.7	47.0	.0	.0	
56.1	37.9	15.5	200.8	367.4	78.0	.0	.0	
56.1	48.3	15.1	210.0	197.4	90.0	22.0	.0	
51.6	42.8	12.7	260.4	267.3	85.0	4.0	.0	
53.3	37.7	14.8	173.3	392.8	48.0	.0	.0	
   4    30    1981
47.6	31.5	21.4	262.9	228.0	55.0	.0	.0	
56.7	31.0	15.1	206.7	444.3	28.0	.0	.0	
61.8	45.3	16.3	203.3	196.9	89.0	4.0	.0	
48.1	37.5	21.3	257.1	296.8	80.0	23.0	.0	
34.7	20.2	12.0	302.1	271.4	83.0	.0	.0	
39.3	14.9	11.1	220.4	570.9	2.0	.0	.0	
57.0	32.7	17.8	211.7	510.2	38.0	.0	.0	
45.1	41.0	13.2	165.0	219.9	90.0	118.0	.0	
49.0	35.0	11.5	252.5	526.8	25.0	.0	.0	
55.2	47.1	12.9	190.0	305.6	87.0	157.0	.0	
50.2	40.6	14.6	60.0	277.1	98.0	3.0	.0	
39.8	37.7	11.7	46.3	242.6	98.0	.0	.0	
44.5	43.8	8.8	131.7	281.7	98.0	81.0	.0	
45.1	25.9	16.9	302.5	557.8	31.0	7.0	.0	
38.8	25.7	9.9	155.0	607.6	3.0	.0	.0	
49.9	35.7	12.2	210.0	349.7	92.0	.0	.0	
64.0	44.9	15.5	261.7	503.5	30.0	.0	.0	
42.3	30.4	9.5	113.3	564.5	38.0	.0	.0	
41.2	35.3	11.7	91.7	227.9	98.0	12.0	.0	
32.5	21.6	18.3	30.0	544.6	28.0	.0	.0	
39.5	27.1	11.3	130.4	445.8	90.0	.0	.0	
46.4	40.2	11.0	145.4	224.5	98.0	46.0	.0	
45.5	38.9	20.5	270.8	242.1	98.0	1.0	.0	
43.2	29.9	16.1	313.8	431.7	83.0	.0	.0	
40.3	30.0	7.7	177.1	293.4	81.0	2.0	.0	
42.9	35.5	9.6	84.2	472.0	70.0	.0	.0	
47.5	40.0	8.4	91.3	516.0	60.0	.0	.0	
44.2	40.9	14.1	207.5	301.1	96.0	33.0	.0	
45.6	34.2	8.6	200.4	388.4	92.0	.0	.0	
46.0	36.3	4.4	103.8	435.7	75.0	.0	.0	
   5    31    1981
40.9	31.7	12.6	143.8	532.2	42.0	19.0	.0	
44.3	24.4	10.0	131.3	634.5	28.0	.0	.0	
60.4	41.6	16.9	193.8	578.0	69.0	.0	.0	
63.9	53.2	13.3	212.1	395.1	98.0	10.0	.0	
48.4	43.0	18.8	73.3	359.9	65.0	1.0	.0	
40.3	28.6	19.7	31.7	612.0	11.0	.0	.0	
42.5	26.3	7.7	63.8	594.4	40.0	.0	.0	
45.9	33.1	7.5	108.8	458.2	90.0	.0	.0	
51.2	39.4	11.3	88.3	566.9	76.0	.0	.0	
36.2	33.3	32.7	11.7	182.4	98.0	151.0	.0	
41.2	32.3	22.1	182.9	373.3	73.0	25.0	.0	
46.8	25.7	7.2	204.6	459.0	61.0	.0	.0	
49.1	31.9	5.9	114.6	448.6	79.0	.0	.0	
45.8	35.8	12.9	117.1	247.7	98.0	9.0	.0	
54.4	33.9	7.0	164.6	679.8	33.0	.0	.0	
49.5	38.3	11.7	123.8	674.3	42.0	.0	.0	
41.7	32.4	17.2	43.3	317.0	97.0	.0	.0	
43.2	30.4	14.2	32.1	560.5	93.0	.0	.0	
47.6	28.4	9.4	61.7	686.2	34.0	.0	.0	
56.9	31.5	7.1	165.8	705.0	2.0	.0	.0	
64.1	37.8	9.5	238.8	698.4	7.0	.0	.0	
63.5	46.4	10.2	195.0	447.2	68.0	.0	.0	
61.9	54.0	11.3	171.7	335.9	84.0	4.0	.0	
64.1	56.1	11.6	204.6	386.0	71.0	10.0	.0	
64.8	50.3	12.9	254.6	629.5	34.0	.0	.0	
58.4	50.7	7.0	134.6	527.0	71.0	.0	.0	
49.4	44.1	12.4	43.3	601.0	52.0	.0	.0	
55.5	46.8	7.1	171.7	651.1	49.0	.0	.0	
66.4	60.9	10.0	222.9	509.8	67.0	76.0	.0	
50.6	41.2	10.3	124.6	569.0	84.0	.0	.0	
52.3	40.5	8.1	111.7	678.3	5.0	.0	.0	
   6    30    1981
57.0	44.5	10.1	146.3	693.9	19.0	.0	.0	
61.3	57.7	7.8	141.7	322.0	91.0	.0	.0	
68.2	55.7	11.7	253.8	594.2	51.0	.0	.0	
60.0	54.5	7.8	171.7	587.2	30.0	.0	.0	
71.0	57.6	8.4	243.8	606.2	38.0	.0	.0	
70.3	43.9	10.3	285.0	686.9	10.0	.0	.0	
64.0	48.1	8.4	123.3	498.9	73.0	.0	.0	
68.3	59.5	12.3	267.5	321.0	89.0	50.0	.0	
60.3	56.3	10.1	256.7	274.9	77.0	3.0	.0	
65.8	51.8	12.2	277.1	632.0	33.0	.0	.0	
67.9	53.5	9.5	229.2	416.1	66.0	.0	.0	
66.6	57.1	7.4	148.8	612.2	76.0	1.0	.0	
69.3	66.4	8.6	159.2	414.8	76.0	61.0	.0	
79.4	72.1	13.9	218.3	476.2	80.0	13.0	.0	
75.3	68.7	14.9	226.7	334.4	87.0	30.0	.0	
62.4	52.1	11.9	261.3	344.2	73.0	1.0	.0	
63.8	50.4	9.3	192.5	670.3	13.0	.0	.0	
70.9	50.1	12.7	251.3	599.7	81.0	.0	.0	
61.8	45.6	8.5	135.0	647.9	88.0	.0	.0	
58.9	55.3	5.7	87.5	298.9	79.0	18.0	.0	
57.0	54.1	8.0	176.3	354.2	78.0	40.0	.0	
59.4	54.5	6.7	230.8	397.9	70.0	2.0	.0	
59.8	51.7	8.9	195.0	623.8	65.0	.0	.0	
70.7	62.7	12.5	244.6	437.2	82.0	5.0	.0	
63.6	52.0	9.7	213.3	603.4	33.0	.0	.0	
58.7	42.9	6.9	139.2	722.4	2.0	.0	.0	
61.6	51.6	8.6	147.5	656.6	48.0	.0	.0	
73.2	58.7	18.7	192.5	503.2	80.0	3.0	.0	
77.6	67.4	13.2	245.8	574.2	94.0	12.0	.0	
58.2	53.1	17.6	112.5	566.1	46.0	.0	.0	
   7    31    1981
58.8	53.2	11.9	23.8	679.6	33.0	.0	.0	
62.1	59.4	7.4	101.7	507.1	62.0	.0	.0	
66.4	60.2	5.8	84.6	643.6	34.0	.0	.0	
67.4	62.0	5.1	65.8	614.2	59.0	.0	.0	
66.9	59.6	4.8	44.6	628.5	32.0	.0	.0	
71.1	55.2	5.3	122.1	697.8	2.0	.0	.0	
75.4	58.9	8.6	190.8	718.0	2.0	.0	.0	
81.0	69.5	13.7	235.0	579.9	16.0	.0	.0	
71.6	56.9	10.3	136.7	494.7	38.0	.0	.0	
71.7	51.8	7.3	157.5	714.9	18.0	.0	.0	
71.6	58.1	6.9	159.2	334.1	88.0	.0	.0	
76.7	70.3	10.8	218.3	574.9	75.0	130.0	.0	
75.6	68.9	8.8	126.7	561.2	90.0	89.0	.0	
67.9	59.5	8.0	59.6	528.3	77.0	.0	.0	
65.0	61.1	10.2	108.8	226.6	98.0	14.0	.0	
66.8	61.6	7.4	111.3	514.0	72.0	.0	.0	
69.8	63.4	9.6	213.8	464.5	72.0	21.0	.0	
73.5	67.2	5.8	171.3	499.1	67.0	.0	.0	
72.2	69.8	4.8	94.2	352.5	90.0	.0	.0	
68.3	66.5	7.5	140.0	291.0	87.0	113.0	.0	
59.0	54.5	12.5	106.3	337.6	72.0	.0	.0	
59.9	51.3	8.0	60.0	561.4	45.0	.0	.0	
63.6	55.3	8.5	110.8	478.6	89.0	.0	.0	
67.7	60.4	7.8	136.7	663.2	19.0	.0	.0	
69.6	64.9	7.4	200.0	492.3	69.0	2.0	.0	
62.0	55.4	14.1	75.4	404.6	87.0	.0	.0	
59.9	49.9	12.8	56.3	259.7	94.0	24.0	.0	
57.9	51.7	14.3	90.0	388.7	66.0	42.0	.0	
59.9	51.8	6.2	140.0	658.4	4.0	.0	.0	
63.3	55.2	9.3	160.8	604.1	12.0	.0	.0	
67.6	56.8	9.9	175.4	628.7	5.0	.0	.0	
   8    31    1981
69.9	60.2	8.5	199.6	620.7	39.0	.0	.0	
67.8	65.4	6.0	208.3	223.5	94.0	22.0	.0	
70.6	66.3	7.0	142.5	490.9	75.0	.0	.0	
71.0	66.4	7.9	145.4	436.6	37.0	.0	.0	
66.3	64.2	6.0	77.1	291.0	98.0	2.0	.0	
71.1	67.0	7.1	195.0	348.6	59.0	27.0	.0	
66.0	62.5	11.1	263.3	281.7	67.0	35.0	.0	
66.3	61.2	8.4	183.8	364.4	61.0	.0	.0	
67.5	61.7	8.8	230.8	505.0	40.0	.0	.0	
68.0	58.6	7.6	259.6	419.9	63.0	.0	.0	
68.3	56.7	9.3	262.9	500.1	33.0	.0	.0	
71.1	63.2	8.7	228.8	586.9	15.0	.0	.0	
74.3	65.7	10.4	242.9	576.2	41.0	.0	.0	
67.8	65.4	10.9	211.7	236.1	98.0	84.0	.0	
68.4	63.4	9.7	182.1	499.7	78.0	10.0	.0	
60.9	50.7	14.5	119.6	466.7	53.0	.0	.0	
61.4	48.0	6.7	91.3	591.6	7.0	.0	.0	
60.8	50.6	7.0	119.2	590.4	3.0	.0	.0	
62.5	53.9	7.4	100.0	593.6	5.0	.0	.0	
64.1	55.5	6.1	128.3	533.0	3.0	.0	.0	
66.2	58.3	5.1	90.4	549.8	40.0	.0	.0	
67.8	62.2	5.7	154.6	446.5	83.0	.0	.0	
69.5	60.8	7.1	204.2	474.6	39.0	.0	.0	
69.3	63.7	5.8	72.5	498.1	68.0	.0	.0	
68.4	66.1	7.2	126.3	291.0	89.0	22.0	.0	
68.8	66.8	8.4	130.0	236.5	98.0	95.0	.0	
67.1	66.4	8.9	115.4	248.1	98.0	54.0	.0	
68.8	66.7	8.3	132.5	289.2	89.0	20.0	.0	
67.3	65.0	8.1	200.0	265.2	84.0	24.0	.0	
68.1	65.5	5.5	151.3	454.0	49.0	.0	.0	
69.9	67.4	8.1	167.9	296.6	97.0	31.0	.0	
   9    30    1981
66.2	62.6	9.1	277.9	240.1	97.0	13.0	.0	
60.9	54.9	10.4	136.3	349.1	83.0	.0	.0	
62.1	57.8	8.2	265.8	240.6	93.0	.0	.0	
63.7	57.3	9.2	218.3	461.9	66.0	.0	.0	
60.7	55.6	9.1	165.0	267.1	76.0	.0	.0	
62.5	58.4	8.5	114.6	331.9	86.0	.0	.0	
61.5	58.7	8.6	233.3	219.9	69.0	63.0	.0	
61.3	49.2	10.7	302.5	476.7	13.0	.0	.0	
62.6	51.1	11.7	208.3	464.6	43.0	.0	.0	
69.4	61.0	11.4	232.5	472.6	32.0	.0	.0	
72.2	62.4	11.8	225.8	407.2	43.0	.0	.0	
66.4	56.1	3.2	80.0	510.1	8.0	.0	.0	
65.5	56.8	4.6	102.9	453.7	26.0	.0	.0	
61.8	53.1	10.5	94.6	395.9	26.0	.0	.0	
60.2	46.7	9.0	320.4	390.1	70.0	.0	.0	
50.3	44.4	13.0	263.8	166.7	89.0	82.0	.0	
49.3	44.4	13.2	307.9	138.0	90.0	102.0	.0	
49.5	42.6	8.4	270.4	211.7	69.0	.0	.0	
57.6	45.7	11.4	240.0	461.6	16.0	.0	.0	
54.7	47.5	6.8	115.4	397.2	29.0	.0	.0	
54.1	47.5	16.2	85.0	163.5	98.0	47.0	.0	
51.5	39.0	11.3	58.3	412.5	60.0	.0	.0	
52.4	42.7	7.4	174.2	352.9	71.0	.0	.0	
59.5	51.0	8.1	196.7	320.8	90.0	12.0	.0	
58.0	55.9	8.4	173.3	132.0	98.0	61.0	.0	
62.7	59.7	12.8	223.8	192.1	84.0	32.0	.0	
55.0	42.1	20.1	268.3	363.5	16.0	.0	.0	
50.7	41.7	8.1	229.2	434.5	22.0	.0	.0	
55.1	50.4	10.6	157.1	195.1	98.0	35.0	.0	
56.8	55.7	15.4	121.3	201.3	98.0	100.0	.0	
  10    31    1981
47.4	38.0	22.6	289.6	179.4	88.0	3.0	.0	
38.9	30.2	10.9	261.7	354.2	20.0	.0	.0	
44.8	37.3	6.6	155.8	377.2	65.0	.0	.0	
51.7	46.3	8.0	200.4	184.2	92.0	13.0	.0	
53.9	50.1	6.7	177.1	174.6	98.0	41.0	.0	
51.3	40.4	17.7	298.8	196.4	70.0	.0	.0	
44.8	35.1	9.4	222.1	346.4	6.0	.0	.0	
43.9	35.1	4.2	125.8	369.4	30.0	.0	.0	
47.2	39.0	6.2	90.4	195.0	85.0	.0	.0	
50.4	42.9	7.7	109.2	181.2	79.0	.0	.0	
48.4	41.2	7.6	81.7	345.6	19.0	.0	.0	
51.3	43.3	9.9	112.9	320.4	35.0	.0	.0	
55.4	46.0	12.4	153.3	305.9	75.0	.0	.0	
54.1	51.0	11.1	177.5	99.0	98.0	92.0	.0	
52.4	46.5	8.7	204.6	224.6	60.0	.0	.0	
46.0	39.0	5.9	150.8	276.7	20.0	.0	.0	
50.8	47.0	13.0	192.5	136.0	78.0	111.0	.0	
40.9	30.4	21.0	282.9	132.3	89.0	3.0	.0	
39.2	22.8	15.2	253.8	287.8	40.0	.0	.0	
50.0	37.9	14.9	181.3	247.8	79.0	.0	.0	
41.3	34.2	8.0	74.6	100.2	92.0	8.0	.0	
38.2	29.2	8.6	252.5	235.6	58.0	.0	.0	
29.1	15.0	11.8	279.6	222.4	32.0	.0	.0	
29.5	15.8	11.1	200.0	187.0	72.0	.0	.0	
37.8	28.7	6.0	162.9	151.4	95.0	.0	.0	
42.9	35.3	7.0	140.0	213.3	85.0	.0	.0	
45.8	35.1	3.8	159.2	288.0	28.0	.0	.0	
44.3	40.6	7.2	60.0	180.8	73.0	.0	.0	
47.8	43.8	11.8	132.9	163.0	64.0	.0	.0	
52.3	47.0	10.6	150.4	236.0	59.0	.0	.0	
54.0	50.1	3.9	112.9	128.2	92.0	.0	.0	
  11    30    1981
49.7	43.9	7.0	189.6	176.6	85.0	.0	.0	
48.0	38.7	6.5	87.1	178.4	70.0	.0	.0	
46.9	43.7	4.2	120.8	183.7	62.0	.0	.0	
48.2	47.8	4.4	87.5	123.1	98.0	24.0	.0	
48.4	42.9	13.4	247.5	160.0	85.0	3.0	.0	
39.4	24.5	10.7	288.8	209.5	31.0	.0	.0	
42.6	29.9	7.7	215.8	250.6	2.0	.0	.0	
45.4	31.0	12.7	248.3	217.6	48.0	.0	.0	
32.2	16.1	6.0	165.4	244.8	13.0	.0	.0	
36.2	21.6	13.2	243.3	233.3	59.0	.0	.0	
37.5	28.7	6.0	161.7	213.4	24.0	.0	.0	
37.5	30.1	7.1	141.3	236.1	6.0	.0	.0	
36.6	30.9	6.6	163.8	241.6	2.0	.0	.0	
37.2	31.2	4.7	156.3	161.1	51.0	.0	.0	
41.1	34.9	6.1	162.5	141.4	65.0	.0	.0	
44.2	40.5	4.8	209.2	103.8	85.0	.0	.0	
40.6	31.7	9.8	300.8	192.3	38.0	.0	.0	
40.3	31.6	8.2	120.8	135.1	83.0	2.0	.0	
38.1	33.9	22.0	55.4	103.9	98.0	41.0	.0	
28.8	24.1	16.5	295.4	114.4	98.0	.0	43.2	
24.6	15.8	10.3	294.2	126.3	97.0	.0	.0	
23.0	15.2	6.3	223.8	213.7	53.0	.0	.0	
29.1	24.6	10.7	98.8	98.8	93.0	.0	15.2	
31.6	24.6	7.7	40.4	157.4	67.0	.0	.0	
34.3	28.5	13.2	143.8	99.0	98.0	3.0	.0	
41.7	37.5	12.9	185.0	71.4	98.0	91.0	.0	
32.5	21.8	15.6	287.5	104.6	94.0	.0	.0	
28.6	18.0	9.3	304.2	93.6	98.0	.0	.0	
25.9	18.0	4.0	205.8	108.9	48.0	.0	.0	
30.2	23.9	13.4	132.5	84.9	76.0	.0	45.7	
  12    31    1981
36.8	33.5	14.1	195.4	69.6	98.0	21.0	.0	
30.8	24.4	11.6	255.8	105.5	95.0	.0	.0	
28.2	23.5	5.2	195.8	88.6	66.0	.0	25.4	
30.9	23.6	11.7	290.4	141.7	84.0	.0	10.2	
26.9	18.8	6.9	236.3	185.0	15.0	.0	.0	
32.3	26.9	11.4	197.9	85.9	82.0	.0	.0	
38.3	30.0	11.1	260.4	117.7	85.0	.0	.0	
29.8	17.4	13.8	322.5	96.4	91.0	.0	.0	
23.3	11.9	10.3	323.8	111.4	28.0	.0	.0	
21.3	10.1	10.9	303.8	151.1	40.0	.0	.0	
21.7	12.9	6.2	251.7	153.9	49.0	.0	.0	
26.0	16.6	6.2	248.8	136.5	80.0	.0	.0	
30.6	23.2	5.2	191.7	89.8	98.0	.0	.0	
27.0	20.4	8.0	252.1	101.6	70.0	.0	.0	
16.1	5.5	9.5	298.3	170.6	54.0	.0	.0	
14.6	4.4	9.1	296.3	127.1	55.0	.0	.0	
16.3	8.1	15.3	327.1	92.8	96.0	.0	22.9	
13.2	3.9	13.8	300.8	165.9	15.0	.0	.0	
9.5	.8	10.0	287.1	185.9	2.0	.0	.0	
12.3	2.3	13.4	212.5	150.2	58.0	.0	10.2	
28.0	25.6	14.9	221.7	94.7	98.0	.0	33.0	
30.7	26.1	7.2	238.3	112.8	98.0	.0	.0	
22.1	12.4	14.4	257.5	171.1	38.0	.0	.0	
22.3	11.5	16.0	241.7	184.4	23.0	.0	.0	
25.7	18.0	6.6	162.1	185.4	53.0	.0	.0	
29.4	24.9	8.3	150.0	81.9	98.0	.0	2.5	
23.1	18.8	10.0	247.1	111.7	75.0	.0	.0	
21.1	14.4	8.9	276.7	114.3	97.0	.0	.0	
14.1	5.6	8.7	239.2	181.4	44.0	.0	.0	
19.7	13.4	9.5	163.8	116.7	88.0	.0	.0	
30.7	26.0	10.6	209.6	89.8	98.0	.0	104.1	
