1 31 1995
15.6	11.4	6.3	140.2	38.1	91.9	.0	10.0	
20.5	18.6	5.8	170.8	38.0	100.0	.0	.0	
15.0	7.1	10.0	239.0	79.0	54.4	.0	.0	
13.8	10.3	7.4	224.3	61.7	88.8	.0	30.0	
1.8	-8.4	8.1	203.1	82.3	69.4	.0	.0	
21.2	12.1	10.5	192.5	46.7	86.3	.0	.0	
20.9	18.8	9.5	193.1	41.0	86.7	.0	190.0	
2.9	-3.4	4.9	129.0	105.6	27.5	.0	.0	
8.0	4.4	9.3	220.2	64.7	58.1	.0	.0	
-12.0	-20.9	9.3	251.4	115.2	6.9	.0	.0	
-19.7	-21.6	1.9	48.4	116.7	35.0	.0	.0	
2.5	1.5	7.1	87.9	41.8	100.0	.0	180.0	
20.5	19.5	5.4	276.6	42.3	100.0	.0	100.0	
29.7	29.2	8.0	134.9	42.9	100.0	.0	20.0	
43.0	43.4	9.6	168.4	43.4	100.0	7.9	.0	
39.1	36.7	9.2	73.5	44.0	100.0	161.4	.0	
30.0	28.1	10.6	115.4	44.7	99.0	74.8	10.0	
25.0	21.8	6.9	97.2	80.1	70.0	.0	.0	
28.9	28.1	3.8	96.0	46.0	100.0	.0	.0	
31.7	30.1	6.3	89.4	46.7	100.0	.0	.0	
28.7	24.8	13.0	55.5	47.4	100.0	.0	120.0	
26.1	22.9	12.2	24.9	48.1	100.0	.0	100.0	
22.8	19.3	12.4	195.5	48.9	100.0	.0	20.0	
20.5	16.8	12.4	324.3	49.8	98.8	.0	.0	
16.3	10.6	12.4	303.1	134.0	21.2	.0	.0	
8.0	.1	8.8	267.2	125.0	39.4	.0	.0	
-1.8	-12.7	13.2	269.6	84.5	45.0	.0	.0	
9.3	2.2	15.5	281.4	67.4	65.0	.0	.0	
13.5	5.1	13.5	289.6	152.8	18.8	.0	.0	
13.1	6.9	12.4	263.7	88.6	82.5	.0	.0	
3.7	.2	3.6	63.1	55.9	96.2	.0	40.0	
2 28 1995
24.6	21.8	7.2	190.9	62.5	99.0	.0	30.0	
10.0	3.2	13.2	311.9	93.8	82.5	.0	.0	
-.1	-9.1	9.0	267.2	164.7	15.0	.0	.0	
1.1	-2.6	8.6	59.0	65.7	87.9	.0	100.0	
11.3	9.8	17.3	189.0	61.2	100.0	.0	190.0	
-12.8	-25.4	13.5	242.5	67.4	90.0	.0	.0	
-11.3	-20.0	10.8	226.1	89.4	59.4	.0	.0	
-2.1	-10.2	14.1	229.0	160.5	35.0	.0	.0	
7.1	-.6	9.4	214.9	98.8	82.5	.0	.0	
11.6	-.6	8.2	207.2	188.8	36.2	.0	.0	
16.0	11.5	7.8	180.2	135.2	67.5	.0	20.0	
5.1	-9.5	18.5	254.3	90.7	55.0	.0	.0	
2.8	-6.9	9.9	231.4	189.7	23.1	.0	.0	
11.3	2.6	10.9	240.2	140.1	50.0	.0	.0	
13.2	4.2	10.1	124.3	95.0	72.5	.0	40.0	
24.9	16.4	15.2	266.6	125.1	63.8	.0	30.0	
9.7	.0	5.9	192.5	103.2	57.5	.0	.0	
18.5	10.1	7.9	223.1	175.2	28.1	.0	.0	
27.8	22.0	13.5	197.8	79.3	93.8	.0	.0	
17.1	-.1	5.9	138.4	182.7	66.9	.0	.0	
16.4	1.4	11.1	103.7	89.5	82.5	.0	.0	
12.4	3.5	8.7	290.2	239.0	2.5	.0	.0	
17.9	10.6	4.5	90.5	166.4	57.9	.0	.0	
28.8	28.0	8.4	139.0	86.7	100.0	47.2	110.0	
7.8	-2.3	14.0	237.8	129.9	78.8	.0	.0	
-1.0	-12.1	12.7	278.4	249.1	14.4	.0	.0	
-.6	-7.3	6.0	161.5	100.5	86.3	.0	30.0	
14.7	10.7	7.5	163.1	93.2	99.5	.0	50.0	
3 31 1995
17.4	13.7	3.8	93.7	96.6	98.1	.0	.0	
12.5	.4	13.1	315.5	272.2	13.1	.0	.0	
3.0	-9.7	4.0	88.4	277.7	16.9	.0	.0	
16.2	3.2	6.9	182.5	195.5	58.8	.0	.0	
19.0	9.8	9.2	68.0	202.7	71.6	.0	.0	
14.5	10.7	10.6	109.5	103.2	100.0	.0	160.0	
15.2	8.3	8.2	177.2	105.0	96.9	.0	30.0	
38.9	36.5	12.2	223.0	128.1	97.9	19.7	20.0	
18.4	15.7	15.8	322.6	108.5	100.0	.0	100.0	
8.4	2.0	18.3	303.1	207.9	59.4	.0	.0	
9.2	1.2	6.8	212.5	317.6	13.8	.0	.0	
14.4	8.4	8.6	117.8	129.6	85.6	.0	.0	
31.2	29.1	7.6	136.6	115.6	100.0	.0	.0	
33.8	31.9	4.2	106.6	117.5	100.0	.0	.0	
35.8	31.9	6.9	99.0	119.3	96.9	.0	.0	
35.0	27.8	7.2	134.3	124.6	99.4	.0	.0	
33.5	31.7	6.2	128.4	123.1	100.0	15.7	.0	
34.2	26.1	14.1	332.5	142.0	87.5	.0	.0	
30.1	9.0	5.6	173.7	362.3	2.5	.0	.0	
33.8	18.6	5.7	123.1	152.5	84.4	.0	.0	
38.8	33.3	7.1	120.8	156.2	95.0	.0	.0	
39.1	34.1	9.1	211.4	132.4	100.0	23.6	.0	
30.8	27.7	12.9	301.9	134.3	100.0	3.9	.0	
23.8	13.8	14.8	316.6	150.1	96.9	.0	.0	
25.4	18.1	16.7	320.8	138.0	100.0	.0	.0	
28.0	19.4	15.9	299.0	140.8	99.4	.0	.0	
29.3	16.2	13.7	273.7	335.7	40.0	.0	.0	
32.9	17.1	13.0	299.6	394.9	17.5	.0	.0	
35.7	16.4	5.0	125.5	340.4	48.1	.0	.0	
36.0	21.2	12.2	162.5	216.0	86.2	.0	.0	
33.4	31.5	8.1	150.8	149.2	100.0	27.6	.0	
4 30 1995
27.5	17.1	16.3	294.3	317.6	46.2	.0	20.0	
26.6	9.3	12.0	319.0	178.5	80.6	.0	.0	
32.1	10.3	5.0	141.2	383.1	41.8	.0	.0	
30.3	28.5	10.4	129.0	156.6	99.4	3.9	90.0	
6.5	-1.4	22.6	280.0	209.7	83.0	.0	10.0	
20.7	7.0	13.8	296.7	426.0	35.2	.0	.0	
27.9	13.5	9.9	296.8	458.7	17.1	.0	.0	
32.3	13.5	5.0	121.8	466.9	13.5	.0	.0	
33.1	28.2	10.2	199.6	165.6	98.8	3.9	10.0	
30.4	14.8	13.9	295.7	478.1	2.9	.0	.0	
31.4	14.1	9.0	276.8	268.8	56.5	.0	.0	
33.9	22.4	12.3	147.3	171.0	100.0	7.9	.0	
41.1	34.4	6.7	150.1	195.9	97.1	35.4	.0	
37.0	35.5	8.9	260.7	174.6	100.0	39.4	.0	
35.8	30.1	10.3	227.3	178.3	88.8	.0	.0	
37.1	26.2	6.5	135.1	186.0	95.3	.0	.0	
37.9	28.0	10.3	299.6	264.9	70.6	.0	.0	
38.1	27.1	8.6	282.3	516.8	3.5	.0	.0	
37.7	29.9	9.5	135.7	183.6	97.1	39.4	.0	
40.8	34.5	11.9	275.7	279.8	67.6	.0	.0	
43.1	31.2	6.5	175.7	373.3	74.1	.0	.0	
41.0	40.4	8.0	166.2	188.6	97.6	31.5	.0	
35.5	25.4	12.9	275.7	189.9	100.0	.0	.0	
37.3	23.1	10.0	282.3	385.0	54.7	.0	.0	
36.1	24.3	9.4	293.4	303.7	70.0	.0	.0	
40.6	28.0	7.5	236.8	234.0	95.9	.0	.0	
43.4	27.8	10.8	309.6	383.4	47.6	.0	.0	
42.3	30.2	8.9	94.6	341.4	71.2	7.9	.0	
35.7	31.1	6.2	103.4	199.2	100.0	7.9	.0	
44.3	30.5	4.9	180.1	507.6	45.9	.0	.0	
5 31 1995
50.1	29.9	7.3	279.6	500.1	31.8	.0	.0	
50.4	26.0	6.2	104.0	569.2	13.5	.0	.0	
48.5	28.1	5.9	95.1	373.5	76.5	.0	.0	
50.2	27.6	8.1	218.4	554.8	18.2	.0	.0	
53.1	30.1	8.1	206.2	252.9	79.4	.0	.0	
41.0	33.7	13.6	261.8	234.8	83.5	15.7	.0	
31.4	25.1	22.1	310.7	211.0	98.8	19.7	.0	
44.9	30.6	14.2	202.3	315.6	80.0	.0	.0	
49.5	30.0	9.9	279.0	495.0	35.3	.0	.0	
51.3	33.0	4.4	110.1	394.5	69.4	.0	.0	
52.8	38.5	9.2	130.1	331.4	87.1	.0	.0	
50.7	47.6	5.7	135.1	216.3	100.0	7.9	.0	
56.2	43.5	8.2	74.0	302.9	91.2	.0	.0	
59.6	40.2	7.2	111.2	423.1	65.3	.0	.0	
49.6	42.2	8.0	140.1	254.0	97.6	.0	.0	
46.8	44.3	7.5	115.1	220.7	100.0	7.9	.0	
46.0	40.6	9.8	149.6	280.5	95.9	51.2	.0	
45.5	42.6	8.1	139.0	222.7	100.0	7.9	.0	
50.2	43.7	5.9	220.1	286.6	90.0	15.7	.0	
50.8	44.4	5.6	179.0	312.5	74.7	3.9	.0	
55.3	43.4	9.4	186.2	273.3	85.3	39.4	.0	
54.2	44.7	10.1	214.0	337.8	77.6	.0	.0	
57.0	37.9	9.9	260.7	478.1	55.9	.0	.0	
52.8	50.3	9.7	220.7	232.0	96.5	27.6	.0	
54.2	36.4	11.4	276.2	624.9	21.8	.0	.0	
53.4	39.3	6.6	107.9	342.0	79.4	.0	.0	
53.9	42.0	8.0	231.2	395.5	68.2	.0	.0	
57.1	38.3	6.4	129.6	396.4	70.6	.0	.0	
50.1	47.2	9.9	150.7	232.3	100.0	63.0	.0	
51.6	45.5	12.1	300.7	241.9	92.9	3.9	.0	
59.7	49.2	5.9	113.4	520.3	60.0	.0	.0	
6 30 1995
70.9	53.8	9.7	205.1	663.9	21.2	.0	.0	
70.0	57.5	5.8	150.7	327.7	88.8	3.9	.0	
61.1	57.7	6.8	226.2	235.7	98.2	31.5	.0	
57.7	38.7	11.4	241.8	631.4	35.3	.0	.0	
49.8	42.4	7.8	254.0	247.5	90.6	.0	.0	
52.2	47.7	8.2	145.7	289.1	80.6	.0	.0	
63.3	59.7	11.2	162.9	328.2	87.6	.0	.0	
54.7	37.6	14.7	295.1	630.7	32.9	.0	.0	
55.8	35.2	10.1	307.9	666.6	17.1	.0	.0	
59.6	38.8	5.2	90.1	490.3	68.8	.0	.0	
52.5	47.0	9.8	145.1	239.0	100.0	19.7	.0	
56.6	53.1	8.8	236.2	267.4	92.9	19.7	.0	
61.4	49.3	7.3	186.8	424.0	73.5	.0	.0	
62.4	46.3	10.7	305.7	285.9	84.1	.0	.0	
58.6	48.0	9.0	249.0	304.7	87.6	.0	.0	
65.0	45.7	7.9	240.1	549.3	49.4	.0	.0	
65.0	60.0	7.8	247.9	336.9	81.2	7.9	.0	
70.5	64.3	5.6	189.6	485.4	73.5	3.9	.0	
76.7	64.1	12.4	272.3	449.0	62.9	.0	.0	
58.8	35.2	15.9	311.8	574.1	40.6	.0	.0	
59.5	38.9	9.8	240.1	661.4	19.4	.0	.0	
66.2	43.6	4.7	160.7	677.3	13.5	.0	.0	
71.5	49.6	7.8	207.3	446.7	65.3	.0	.0	
77.7	61.4	6.0	189.0	602.5	42.9	.0	.0	
74.4	63.4	7.1	234.0	330.8	82.4	7.9	.0	
66.0	46.3	10.3	137.9	649.6	18.8	.0	.0	
63.8	44.8	6.1	158.4	527.2	44.1	.0	.0	
70.5	53.5	6.8	197.3	457.7	64.7	.0	.0	
71.5	59.7	2.8	56.2	467.4	68.8	27.6	.0	
70.0	59.4	6.1	106.8	471.5	77.6	.0	.0	
7 31 1995
67.7	64.4	6.2	190.7	247.2	99.4	.0	.0	
69.3	59.3	8.6	221.2	288.8	95.3	3.9	.0	
65.5	46.3	9.6	271.2	626.5	32.9	.0	.0	
68.0	50.2	3.8	138.4	575.1	41.2	.0	.0	
74.3	55.6	7.7	171.2	515.8	50.0	.0	.0	
76.0	62.6	10.3	168.4	632.1	30.0	.0	.0	
74.8	64.9	9.6	174.6	609.7	32.4	.0	.0	
72.0	61.8	10.8	170.1	271.4	95.9	.0	.0	
65.4	59.5	8.0	275.1	235.5	100.0	7.9	.0	
65.4	51.9	9.1	240.7	464.9	67.6	.0	.0	
66.3	48.0	5.3	168.4	486.8	65.9	.0	.0	
67.7	51.5	5.8	239.6	342.3	74.7	.0	.0	
71.7	57.5	9.8	189.0	242.3	97.1	.0	.0	
75.0	58.9	8.5	259.6	491.2	63.5	3.9	.0	
66.9	48.9	13.0	300.1	535.6	46.5	.0	.0	
63.8	48.4	10.2	309.6	435.9	57.1	.0	.0	
62.3	52.7	8.2	118.4	353.4	87.1	3.9	.0	
56.8	54.7	9.3	137.3	229.2	100.0	27.6	.0	
66.4	57.6	10.5	236.2	431.3	71.2	.0	.0	
64.8	57.9	7.1	184.6	281.0	95.3	39.4	.0	
68.7	59.4	8.5	209.6	362.7	77.1	.0	.0	
68.8	53.9	4.6	145.7	443.8	60.6	.0	.0	
71.8	61.7	9.1	162.9	312.2	90.6	11.8	.0	
71.0	59.4	10.6	291.2	455.1	67.6	11.8	.0	
74.6	61.0	8.3	201.8	395.0	58.8	.0	.0	
70.9	70.0	6.5	176.2	263.2	91.8	19.7	.0	
71.6	59.7	8.1	295.1	383.3	74.7	.0	.0	
71.9	56.5	8.7	129.0	526.1	48.2	.0	.0	
65.9	64.4	10.9	162.3	225.0	93.5	23.6	.0	
67.4	52.6	13.2	282.3	467.7	58.2	.0	.0	
74.6	55.9	9.3	220.1	586.4	15.3	.0	.0	
8 31 1995
77.2	63.7	11.4	259.0	405.5	70.0	15.7	.0	
64.1	48.8	7.4	223.4	495.2	42.4	.0	.0	
67.3	54.9	7.7	131.2	357.2	78.8	.0	.0	
60.9	58.7	7.4	170.1	211.5	100.0	66.9	.0	
65.3	50.0	9.5	242.3	253.2	88.2	.0	.0	
65.5	48.5	7.6	90.1	513.9	42.4	.0	.0	
67.2	49.2	3.7	130.7	497.1	43.5	.0	.0	
70.9	51.4	7.1	195.1	575.8	23.5	.0	.0	
73.6	52.2	8.3	281.8	555.4	20.6	.0	.0	
75.4	53.8	4.6	171.2	580.5	1.2	.0	.0	
75.4	57.6	9.2	204.0	462.8	48.9	.0	.0	
68.1	63.7	9.3	232.3	227.3	81.2	66.9	.0	
63.9	57.1	11.7	292.9	265.2	73.5	.0	.0	
65.7	54.3	3.9	99.6	456.2	41.8	.0	.0	
63.0	59.5	10.9	156.8	202.0	95.9	47.2	.0	
74.3	61.2	10.8	234.0	496.1	42.9	.0	.0	
68.8	52.7	11.3	305.7	491.9	35.3	.0	.0	
62.3	44.9	10.3	130.7	520.3	18.2	.0	.0	
61.6	44.7	4.9	125.1	506.5	24.1	.0	.0	
69.6	53.9	9.3	183.4	460.3	40.0	.0	.0	
72.1	55.8	9.0	206.8	403.4	59.4	.0	.0	
61.3	49.0	13.5	272.3	246.6	71.8	.0	.0	
61.7	45.0	7.1	262.3	385.7	60.0	7.9	.0	
57.5	51.9	13.8	270.7	285.3	88.2	43.3	.0	
55.7	44.8	16.1	290.7	359.0	53.5	3.9	.0	
60.6	45.0	7.6	266.2	434.0	48.8	.0	.0	
60.2	46.3	12.7	296.4	374.1	53.3	.0	.0	
58.1	38.8	6.5	191.8	476.8	33.5	.0	.0	
60.2	50.9	10.0	195.7	297.4	76.5	31.5	.0	
57.4	51.0	12.7	309.6	231.6	86.5	.0	.0	
58.1	50.2	7.0	135.7	172.9	96.5	3.9	.0	
9 30 1995
58.1	52.6	10.9	266.8	304.0	67.6	19.7	.0	
53.6	43.2	9.8	269.6	441.4	27.6	.0	.0	
56.2	43.6	6.2	279.6	453.2	20.0	.0	.0	
59.0	46.7	5.9	232.9	404.9	39.4	.0	.0	
60.8	53.1	9.5	207.3	270.0	74.1	23.6	.0	
53.3	36.0	11.9	272.3	425.3	29.4	.0	.0	
54.0	50.9	12.3	226.8	180.1	97.1	47.2	.0	
48.4	36.5	6.4	208.4	433.6	17.1	.0	.0	
48.6	43.7	7.1	140.7	166.7	93.5	.0	.0	
49.9	38.5	15.3	290.1	297.9	51.8	.0	.0	
46.8	33.6	9.2	226.2	310.6	51.2	.0	.0	
61.4	45.8	11.9	198.4	336.7	55.3	.0	.0	
62.5	56.0	9.4	175.7	181.9	91.2	7.9	.0	
57.9	55.0	12.0	272.9	148.2	97.6	31.5	.0	
47.0	32.8	9.6	297.3	312.0	37.1	.0	.0	
48.7	35.0	8.6	159.6	235.7	65.9	.0	.0	
54.9	50.4	12.6	170.1	138.7	97.1	19.7	.0	
49.5	39.8	13.3	315.7	322.4	39.4	3.9	.0	
48.1	29.6	4.8	109.0	344.7	28.2	.0	.0	
50.3	41.4	5.3	104.0	161.1	90.0	.0	.0	
55.9	43.5	3.3	75.1	293.8	57.1	.0	.0	
58.4	52.7	11.7	154.6	134.7	97.6	27.6	.0	
48.6	33.8	13.3	290.1	299.5	51.8	3.9	.0	
43.7	28.4	6.7	185.7	333.5	32.9	.0	.0	
47.2	29.6	6.7	164.0	169.6	86.5	.0	.0	
48.7	44.0	4.9	112.3	121.3	100.0	.0	.0	
51.0	48.1	7.1	184.0	139.5	86.5	19.7	.0	
43.7	27.3	17.9	285.1	314.5	20.6	.0	.0	
42.6	28.4	5.2	149.0	202.3	54.7	.0	.0	
51.3	31.2	8.0	179.6	296.8	42.9	.0	.0	
10 31 1995
54.8	40.0	7.3	177.9	262.6	35.3	.0	.0	
55.6	43.9	5.8	145.7	311.4	17.1	.0	.0	
52.0	42.9	10.8	255.1	163.5	72.9	.0	.0	
44.1	42.9	4.4	161.2	106.7	100.0	19.7	.0	
47.0	40.6	9.0	314.6	167.7	79.4	.0	.0	
43.3	41.3	10.1	54.0	103.2	100.0	19.7	.0	
50.2	48.7	7.3	109.0	101.5	100.0	35.4	.0	
53.2	51.9	5.3	201.8	99.8	100.0	31.5	.0	
49.6	44.1	8.3	206.8	108.8	96.5	.0	.0	
49.8	46.8	4.7	154.0	96.4	90.0	.0	.0	
49.3	48.5	8.2	184.6	95.5	88.8	7.9	.0	
53.8	47.3	9.6	233.4	222.0	50.6	7.9	.0	
54.2	46.1	5.1	113.4	138.0	73.5	.0	.0	
61.2	50.4	5.8	119.0	165.0	59.4	.0	.0	
53.6	46.5	10.5	212.9	90.1	81.8	78.7	.0	
43.3	30.9	16.2	227.3	139.2	76.5	.0	.0	
41.1	28.1	14.3	278.4	145.4	60.6	.0	.0	
46.9	34.9	11.0	177.3	106.7	90.6	.0	.0	
42.7	26.0	5.9	197.3	131.5	75.9	.0	.0	
45.6	40.8	7.1	122.3	99.7	81.2	.0	.0	
58.6	52.1	12.0	125.2	80.9	98.0	.0	.0	
57.9	51.9	13.0	193.5	158.0	70.5	47.2	.0	
46.9	38.4	8.8	230.7	85.3	74.1	.0	.0	
48.9	41.3	8.3	106.8	213.3	18.8	.0	.0	
47.9	34.6	13.3	250.7	151.8	51.8	.0	.0	
38.4	28.7	5.7	200.1	180.1	26.5	.0	.0	
43.4	32.7	8.2	139.0	73.4	82.9	3.9	.0	
53.1	53.7	11.3	149.0	69.8	100.0	267.7	.0	
45.7	42.0	9.3	249.0	85.1	87.6	7.9	.0	
33.2	18.6	16.5	292.5	75.4	80.0	.0	.0	
30.0	18.0	9.3	260.2	112.0	55.0	.0	.0	
11 30 1995
29.8	15.7	2.7	105.5	150.4	53.1	.0	.0	
29.8	25.7	7.2	101.4	63.6	100.0	23.6	30.0	
38.3	34.9	5.3	124.9	62.4	100.0	35.4	.0	
34.7	24.4	11.4	263.7	142.9	58.1	.0	10.0	
28.3	16.8	13.1	234.9	83.2	50.6	.0	.0	
33.5	24.4	8.6	220.8	87.4	74.4	.0	.0	
39.5	31.9	11.2	152.5	58.0	98.1	39.4	.0	
35.8	31.2	14.1	280.8	57.8	91.2	102.4	.0	
23.3	12.1	12.0	287.8	86.2	56.9	.0	.0	
21.6	13.9	6.5	140.8	107.5	76.9	.0	.0	
44.4	42.5	13.0	169.0	83.5	91.9	.0	.0	
46.1	41.1	20.8	174.3	57.4	95.0	78.7	.0	
27.5	18.3	7.7	192.5	130.0	44.4	.0	.0	
31.5	20.9	7.8	55.5	62.2	93.2	.0	.0	
43.4	39.2	14.5	88.1	56.8	91.4	133.9	.0	
38.2	28.0	9.1	185.5	126.4	40.0	.0	.0	
30.0	23.1	9.7	256.6	53.4	80.0	.0	.0	
25.2	18.5	4.5	200.2	88.8	53.1	.0	.0	
26.8	23.0	6.7	60.8	53.1	85.6	.0	.0	
30.7	22.7	7.5	106.1	58.1	96.9	.0	.0	
31.4	29.8	6.4	90.0	46.0	100.0	23.6	60.0	
33.2	30.7	8.0	261.3	48.2	94.3	.0	.0	
28.5	20.7	9.8	203.4	49.1	93.5	.0	.0	
23.6	15.0	5.9	204.9	78.5	55.0	.0	.0	
18.7	11.4	4.5	103.1	71.0	64.4	.0	.0	
26.4	21.3	5.8	228.4	43.8	93.1	.0	.0	
15.0	3.6	5.6	190.2	78.1	65.6	.0	10.0	
19.8	17.4	12.3	214.9	41.8	96.2	.0	110.0	
9.7	2.6	7.0	227.8	69.9	60.0	.0	.0	
4.1	-.3	3.5	100.8	102.5	36.2	.0	.0	
12 31 1995
15.8	15.5	5.8	143.7	40.5	98.1	.0	80.0	
18.5	13.4	19.2	292.5	49.4	85.0	.0	.0	
8.7	3.2	5.9	174.3	39.7	95.0	.0	30.0	
18.3	15.6	4.3	191.9	54.8	90.6	.0	.0	
12.3	5.1	8.2	230.2	106.6	44.4	.0	.0	
18.5	18.4	10.0	186.6	39.1	73.8	.0	40.0	
13.4	8.8	9.3	234.9	71.2	41.9	.0	.0	
4.2	-2.0	9.9	280.8	106.9	5.0	.0	.0	
5.7	2.7	5.5	112.0	38.6	93.2	.0	20.0	
16.0	10.9	12.2	184.0	71.9	58.6	.0	140.0	
3.2	-5.1	9.7	234.9	48.7	56.9	.0	.0	
1.0	-8.7	12.4	235.5	93.7	26.2	.0	.0	
2.2	-3.8	7.4	242.5	99.2	15.0	.0	.0	
3.4	-3.0	4.2	97.2	79.1	70.6	.0	.0	
11.9	7.7	8.3	28.4	44.8	93.8	.0	20.0	
5.3	-.3	3.8	62.5	100.6	40.6	.0	.0	
6.2	-2.2	14.1	196.1	98.2	34.4	.0	.0	
16.6	7.5	15.4	303.1	67.8	77.5	.0	.0	
11.8	6.8	6.3	244.9	102.9	21.2	.0	.0	
18.5	17.4	10.9	154.5	36.3	100.0	.0	30.0	
33.0	28.7	18.7	124.5	36.3	100.0	.0	20.0	
33.1	27.8	17.0	321.9	39.5	85.6	.0	.0	
31.0	26.1	11.5	311.9	43.5	98.1	.0	.0	
24.6	18.7	13.8	319.6	36.4	100.0	.0	.0	
22.2	18.3	12.7	300.2	36.5	100.0	.0	60.0	
27.1	25.1	11.4	311.4	36.6	100.0	.0	30.0	
32.8	26.6	13.9	269.6	41.3	98.1	.0	.0	
23.4	16.6	13.9	306.6	63.4	78.1	.0	.0	
13.3	6.9	12.0	288.4	53.7	55.6	.0	.0	
4.7	1.2	4.6	112.5	41.6	83.8	.0	.0	
6.4	.1	8.9	284.9	105.3	16.9	.0	.0	
