   1    31    1985
22.6	17.3	12.3	153.8	67.2	98.0	.0	63.5	
24.9	21.3	6.0	285.4	96.6	98.0	.0	.0	
20.8	7.2	6.2	249.2	155.6	71.0	.0	.0	
19.0	9.8	4.7	249.6	103.8	78.0	.0	.0	
22.6	9.6	12.0	298.3	164.7	48.0	.0	10.2	
15.1	-3.7	7.4	252.9	182.5	15.0	.0	.0	
14.2	-2.9	7.4	121.7	78.2	98.0	.0	.0	
14.2	4.8	10.6	307.5	104.2	87.0	.0	63.5	
11.0	-6.3	11.3	271.3	191.0	23.0	.0	.0	
11.1	-3.4	6.6	262.9	173.0	50.0	.0	.0	
9.8	-3.3	6.2	303.3	167.3	69.0	.0	.0	
14.4	2.0	7.0	272.1	153.1	57.0	.0	.0	
15.0	3.8	4.8	204.6	184.8	24.0	.0	.0	
18.2	10.3	3.9	231.3	105.7	55.0	.0	.0	
21.3	9.5	11.4	306.3	182.4	44.0	.0	.0	
8.1	-11.0	11.6	289.2	216.8	2.0	.0	.0	
9.8	-1.6	5.5	215.0	116.4	93.0	.0	17.8	
11.1	3.2	4.9	279.2	200.6	57.0	.0	.0	
17.4	13.2	6.0	292.5	101.3	88.0	.0	71.1	
15.9	2.9	11.1	240.0	139.9	75.0	.0	.0	
7.3	-9.2	15.4	244.2	173.3	47.0	.0	.0	
18.6	3.4	14.8	242.9	199.8	67.0	.0	.0	
27.3	11.1	13.8	240.4	183.6	38.0	.0	.0	
27.3	14.1	8.3	245.8	124.8	69.0	.0	.0	
19.2	14.8	5.0	274.2	113.0	70.0	.0	22.9	
19.8	8.5	10.3	319.6	238.9	40.0	.0	.0	
16.8	4.8	6.9	242.9	141.4	75.0	.0	.0	
18.8	9.8	4.8	266.7	185.1	49.0	.0	.0	
17.0	3.9	7.8	271.7	242.0	2.0	.0	.0	
17.4	2.4	5.9	276.3	252.5	3.0	.0	.0	
16.3	8.2	6.0	174.6	184.9	67.0	.0	12.7	
   2    28    1985
25.1	21.4	5.5	302.5	160.3	98.0	.0	55.9	
28.5	22.4	8.1	225.4	164.7	98.0	.0	33.0	
16.7	3.4	7.7	286.3	241.6	50.0	.0	2.5	
10.8	-2.6	7.7	238.3	259.0	4.0	.0	.0	
10.8	-.5	5.3	157.9	200.6	70.0	.0	5.1	
9.1	-2.2	10.7	150.4	232.7	91.0	.0	35.6	
11.2	-8.2	6.8	301.3	293.3	35.0	.0	7.6	
6.6	-11.0	9.0	281.7	261.0	68.0	.0	15.2	
18.7	4.0	13.9	305.4	218.3	78.0	.0	.0	
27.6	14.4	10.1	318.3	281.8	13.0	.0	.0	
25.7	15.6	4.2	207.1	293.1	28.0	.0	.0	
31.5	26.3	11.3	125.0	154.2	97.0	.0	61.0	
40.8	38.1	12.1	154.2	92.6	95.0	42.0	.0	
32.7	23.4	9.4	203.8	239.7	54.0	.0	.0	
30.1	19.3	6.5	210.4	134.0	56.0	.0	.0	
25.9	8.8	8.0	244.2	280.7	25.0	.0	.0	
31.2	14.7	8.6	228.8	245.1	53.0	.0	.0	
29.5	13.2	9.7	238.8	210.2	24.0	.0	.0	
32.9	17.9	10.1	205.8	219.0	48.0	.0	.0	
29.6	11.9	6.2	273.3	252.2	63.0	.0	.0	
28.4	16.3	6.8	187.1	296.7	44.0	.0	.0	
41.8	32.5	10.5	210.4	165.5	82.0	3.0	.0	
40.7	37.3	4.5	135.8	106.1	87.0	24.0	.0	
39.4	38.3	3.5	129.2	166.6	98.0	.0	.0	
38.8	23.2	12.5	247.9	342.7	38.0	.0	.0	
35.2	28.8	9.6	232.9	168.5	78.0	.0	.0	
38.8	28.2	12.0	249.2	180.2	67.0	.0	.0	
24.3	1.1	9.9	240.4	371.1	5.0	.0	.0	
   3    31    1985
41.7	15.0	11.5	212.1	290.2	71.0	.0	.0	
43.3	25.6	10.3	242.1	223.4	71.0	2.0	.0	
28.3	3.1	12.0	312.1	399.0	4.0	.0	.0	
16.2	-1.5	9.1	214.6	229.2	93.0	.0	149.9	
22.0	16.1	8.2	261.7	230.4	82.0	.0	147.3	
21.5	6.9	11.3	245.8	403.4	28.0	.0	10.2	
21.5	9.5	9.2	190.4	379.7	52.0	.0	.0	
38.0	31.0	9.7	232.1	241.5	65.0	10.0	.0	
37.9	25.6	7.7	247.5	414.6	31.0	.0	.0	
33.9	22.2	5.5	167.5	385.9	70.0	.0	.0	
35.5	29.0	7.6	142.1	365.3	63.0	.0	.0	
41.4	38.4	12.5	171.7	103.0	98.0	160.0	.0	
41.2	30.4	9.0	278.3	202.8	86.0	.0	.0	
41.3	25.1	11.1	254.6	317.6	63.0	.0	.0	
32.8	14.0	13.4	271.7	271.2	48.0	.0	.0	
28.5	-2.4	9.5	250.4	425.5	13.0	.0	.0	
35.9	23.0	8.7	117.5	209.9	92.0	.0	.0	
25.7	7.5	14.7	105.4	211.9	73.0	.0	5.1	
27.9	5.0	9.8	238.3	465.0	2.0	.0	.0	
42.8	17.1	12.3	254.6	452.1	49.0	.0	.0	
27.9	.3	13.8	300.8	500.1	2.0	.0	.0	
29.7	9.2	7.8	198.3	465.3	4.0	.0	.0	
39.8	15.2	6.2	182.5	416.8	67.0	.0	.0	
36.0	17.8	8.3	236.7	438.1	62.0	.0	.0	
30.9	2.3	14.4	315.8	518.3	6.0	.0	.0	
35.5	.0	13.7	315.0	513.0	20.0	.0	.0	
39.5	16.7	8.0	190.4	338.5	89.0	2.0	.0	
47.1	39.2	6.4	152.5	406.0	82.0	11.0	.0	
48.7	39.9	11.4	230.4	398.3	61.0	.0	.0	
43.2	23.2	12.9	312.5	411.3	43.0	.0	.0	
36.8	13.3	8.5	222.5	416.1	71.0	7.0	.0	
   4    30    1985
32.7	30.3	8.8	100.0	181.2	98.0	54.0	.0	
36.4	29.9	4.9	210.4	289.7	96.0	.0	.0	
36.7	29.2	9.4	205.0	353.9	82.0	5.0	.0	
41.5	28.8	9.1	264.6	358.9	84.0	.0	.0	
38.4	34.3	8.5	81.7	186.0	98.0	18.0	.0	
44.4	41.1	8.4	140.0	241.3	80.0	2.0	.0	
48.3	20.3	14.3	255.8	501.3	33.0	.0	.0	
41.4	25.5	10.3	236.3	351.5	95.0	.0	.0	
35.8	15.9	11.9	302.5	415.5	61.0	.0	.0	
32.1	13.0	9.9	233.3	535.0	43.0	.0	.0	
45.4	23.5	12.2	251.3	437.0	63.0	.0	.0	
37.5	11.0	8.5	263.3	573.4	2.0	.0	.0	
38.4	10.7	8.8	232.9	518.4	53.0	.0	.0	
38.8	25.9	11.1	158.8	249.5	98.0	.0	.0	
51.2	43.4	11.7	197.1	357.8	78.0	.0	.0	
53.7	46.4	10.3	179.2	442.9	87.0	3.0	.0	
38.7	4.1	15.8	298.3	618.3	2.0	.0	.0	
36.1	18.4	7.5	200.4	290.4	75.0	33.0	.0	
45.7	35.8	8.2	289.2	426.4	77.0	.0	.0	
44.9	25.8	8.9	221.7	605.5	20.0	.0	.0	
48.4	23.0	8.2	202.9	458.3	54.0	.0	.0	
44.9	35.8	5.2	126.3	310.8	42.0	6.0	.0	
42.3	25.8	10.0	141.3	555.7	36.0	.0	.0	
43.0	30.3	9.4	134.2	636.9	2.0	.0	.0	
49.5	30.8	8.6	189.2	627.2	29.0	.0	.0	
62.1	36.1	8.8	260.0	562.0	58.0	.0	.0	
54.8	37.0	12.3	317.1	394.9	56.0	.0	.0	
50.4	37.4	8.8	229.6	392.8	88.0	2.0	.0	
53.6	36.3	10.8	285.0	498.7	57.0	2.0	.0	
65.4	34.6	8.2	254.6	528.9	72.0	.0	.0	
   5    31    1985
58.1	29.3	9.9	273.3	431.1	75.0	.0	.0	
49.2	29.2	7.9	133.8	459.0	93.0	.0	.0	
43.6	38.6	8.9	162.9	191.7	90.0	27.0	.0	
46.0	30.4	9.7	262.5	482.8	45.0	.0	.0	
45.7	37.7	7.6	117.1	253.6	98.0	4.0	.0	
43.3	40.3	8.7	55.0	209.0	98.0	23.0	.0	
50.3	39.6	9.7	275.4	464.5	80.0	10.0	.0	
44.8	20.8	15.7	304.6	640.4	20.0	.0	.0	
45.0	26.4	12.8	200.0	600.5	68.0	.0	.0	
68.0	44.4	13.2	239.6	440.0	83.0	.0	.0	
68.4	48.6	8.1	161.7	567.5	75.0	.0	.0	
47.8	36.4	12.5	82.9	374.4	85.0	.0	.0	
58.4	50.2	8.6	180.0	525.9	73.0	.0	.0	
49.2	41.1	10.8	113.3	423.2	56.0	2.0	.0	
51.3	33.3	9.8	207.5	606.4	69.0	.0	.0	
52.1	44.6	8.6	183.3	277.3	85.0	2.0	.0	
56.8	50.8	8.6	137.5	511.8	89.0	.0	.0	
49.9	47.1	8.3	192.9	235.3	90.0	80.0	.0	
48.3	38.2	6.9	213.8	393.6	75.0	.0	.0	
57.6	44.9	11.0	186.3	621.9	63.0	.0	.0	
63.4	56.3	9.4	190.0	426.1	85.0	28.0	.0	
64.2	47.2	10.2	252.1	690.6	26.0	2.0	.0	
57.0	43.8	7.5	168.3	630.3	62.0	.0	.0	
58.9	47.0	7.7	184.6	704.3	3.0	.0	.0	
58.7	47.3	10.9	189.2	616.8	59.0	.0	.0	
56.1	46.2	8.3	171.3	458.5	90.0	.0	.0	
55.0	51.0	5.1	117.9	294.1	98.0	19.0	.0	
56.9	52.9	6.2	164.2	271.6	98.0	6.0	.0	
54.3	34.1	10.2	138.3	727.9	20.0	.0	.0	
56.9	42.1	10.8	197.9	597.8	61.0	.0	.0	
60.9	50.8	15.1	183.3	610.4	64.0	.0	.0	
   6    30    1985
63.3	52.6	14.1	219.2	517.9	61.0	4.0	.0	
64.4	49.7	11.6	218.3	719.8	4.0	.0	.0	
69.3	47.9	8.5	252.5	479.8	64.0	.0	.0	
61.7	41.2	6.8	182.1	644.0	55.0	.0	.0	
53.1	42.8	8.1	118.3	301.1	89.0	32.0	.0	
53.4	46.1	12.5	316.7	329.2	79.0	5.0	.0	
63.3	42.9	10.4	277.5	714.8	8.0	.0	.0	
59.4	50.0	8.2	171.7	405.1	93.0	.0	.0	
58.8	54.4	7.7	159.2	487.6	83.0	.0	.0	
71.3	48.0	10.9	243.8	691.3	15.0	.0	.0	
67.1	42.8	8.5	238.8	605.3	61.0	.0	.0	
56.2	46.5	9.8	82.9	268.2	98.0	10.0	.0	
54.1	49.1	9.9	209.2	336.4	88.0	1.0	.0	
58.4	43.5	12.3	262.5	428.6	69.0	.0	.0	
62.4	45.4	8.5	241.3	578.4	23.0	.0	.0	
56.1	51.7	7.1	153.3	237.0	92.0	45.0	.0	
62.9	55.3	8.4	227.9	462.1	75.0	.0	.0	
58.3	55.9	8.1	144.2	277.9	97.0	59.0	.0	
66.4	50.3	11.1	230.4	626.5	64.0	.0	.0	
67.4	48.7	10.3	262.9	612.7	56.0	.0	.0	
65.1	51.8	6.5	244.2	575.4	55.0	4.0	.0	
66.3	49.7	8.1	201.3	686.2	32.0	.0	.0	
61.8	56.6	12.4	174.6	315.8	90.0	15.0	.0	
67.7	58.9	11.3	201.3	468.4	86.0	.0	.0	
60.9	45.7	9.2	308.8	468.2	66.0	.0	.0	
59.2	49.5	12.6	132.9	351.1	98.0	1.0	.0	
56.7	50.6	14.1	106.3	332.6	98.0	32.0	.0	
56.5	53.2	12.6	111.7	265.9	98.0	66.0	.0	
60.8	53.4	6.5	138.8	484.7	70.0	.0	.0	
62.5	55.2	6.3	123.3	626.1	18.0	.0	.0	
   7    31    1985
65.5	55.2	7.4	159.6	693.3	43.0	.0	.0	
61.8	55.7	8.0	159.2	590.3	78.0	.0	.0	
68.2	61.1	7.3	153.8	546.2	53.0	2.0	.0	
71.9	58.0	8.3	222.9	642.7	21.0	.0	.0	
71.3	60.2	8.1	165.8	613.6	38.0	.0	.0	
71.8	64.6	11.0	182.9	574.0	87.0	.0	.0	
73.6	60.3	10.2	225.4	554.7	64.0	.0	.0	
68.4	57.8	6.3	212.1	486.3	48.0	.0	.0	
67.5	58.4	7.4	170.8	657.9	8.0	.0	.0	
67.6	64.2	8.3	176.3	310.3	91.0	67.0	.0	
72.0	56.2	8.1	238.3	642.7	28.0	16.0	.0	
66.2	52.4	6.9	213.3	615.3	48.0	2.0	.0	
67.9	58.9	6.3	180.4	642.6	18.0	.0	.0	
71.1	64.2	9.5	182.9	446.2	64.0	9.0	.0	
74.6	68.6	11.0	190.0	516.4	82.0	1.0	.0	
74.9	66.0	10.2	217.1	579.0	85.0	3.0	.0	
70.0	54.9	7.4	224.2	609.9	42.0	.0	.0	
70.7	56.5	9.1	161.3	634.5	22.0	.0	.0	
74.2	59.2	9.9	201.7	585.5	80.0	.0	.0	
78.5	60.3	9.2	271.7	629.9	42.0	2.0	.0	
73.1	57.2	9.4	232.1	611.1	62.0	.0	.0	
74.0	55.9	10.8	214.2	466.8	70.0	1.0	.0	
67.8	44.2	9.7	305.4	595.7	22.0	.0	.0	
65.6	47.5	9.8	219.2	679.2	28.0	.0	.0	
70.8	58.2	11.9	193.8	600.0	42.0	.0	.0	
69.8	66.7	14.3	196.3	238.3	76.0	50.0	.0	
70.2	55.5	7.4	233.8	612.3	23.0	.0	.0	
64.7	51.2	9.3	216.3	655.4	15.0	.0	.0	
67.8	57.1	10.4	182.1	569.9	50.0	.0	.0	
71.5	56.3	6.9	230.4	487.3	64.0	.0	.0	
61.8	53.8	7.1	118.3	246.2	90.0	177.0	.0	
   8    31    1985
62.6	53.2	14.7	267.5	436.3	63.0	86.0	.0	
63.1	50.8	7.7	222.9	640.2	13.0	.0	.0	
65.7	53.4	6.9	213.3	581.7	27.0	.0	.0	
69.7	55.0	7.8	210.0	631.0	18.0	.0	.0	
68.9	59.2	6.5	122.9	655.6	2.0	.0	.0	
65.9	59.0	7.5	120.8	565.0	27.0	.0	.0	
67.5	59.4	12.3	190.8	583.1	42.0	.0	.0	
68.2	64.0	8.8	197.1	314.7	87.0	2.0	.0	
71.5	60.3	8.1	267.5	563.3	51.0	.0	.0	
70.1	56.0	6.2	193.8	622.2	28.0	.0	.0	
72.5	63.4	5.4	171.3	419.8	74.0	.0	.0	
71.1	50.8	11.6	333.8	611.4	56.0	.0	.0	
64.6	49.8	9.2	189.6	598.9	33.0	.0	.0	
73.1	64.0	5.8	180.0	544.0	54.0	7.0	.0	
77.9	67.1	8.8	222.5	458.6	62.0	1.0	.0	
70.9	60.1	6.7	266.7	269.9	70.0	.0	.0	
68.2	51.5	7.7	262.1	543.7	7.0	.0	.0	
64.0	54.5	8.1	133.8	585.1	43.0	.0	.0	
63.7	58.5	10.0	120.0	203.3	95.0	24.0	.0	
65.0	59.5	7.1	223.8	380.4	77.0	.0	.0	
67.4	55.1	6.2	237.9	497.7	79.0	.0	.0	
65.5	50.6	6.7	152.1	403.7	77.0	.0	.0	
64.0	49.5	7.4	240.4	530.4	34.0	.0	.0	
65.2	55.1	7.1	153.8	397.9	75.0	.0	.0	
63.4	60.4	8.0	105.8	167.9	98.0	60.0	.0	
62.4	59.8	7.7	127.1	183.9	98.0	38.0	.0	
69.8	60.7	9.1	243.8	372.8	61.0	1.0	.0	
71.7	55.9	8.7	281.3	509.2	30.0	.0	.0	
62.9	47.6	8.0	218.3	490.9	70.0	.0	.0	
56.1	51.8	12.1	92.5	157.5	98.0	89.0	.0	
53.5	47.6	13.2	182.5	239.7	96.0	10.0	.0	
   9    30    1985
60.9	47.0	10.3	236.3	501.4	49.0	.0	.0	
59.0	53.9	7.0	186.7	227.0	69.0	9.0	.0	
61.7	55.3	6.8	182.1	308.2	81.0	.0	.0	
71.3	62.8	7.9	241.7	286.3	73.0	.0	.0	
65.7	58.1	6.9	160.4	400.7	74.0	6.0	.0	
59.4	55.9	8.4	93.8	166.4	98.0	37.0	.0	
61.6	57.0	7.0	192.9	288.4	88.0	.0	.0	
71.0	61.3	6.1	235.8	435.8	78.0	.0	.0	
61.2	50.1	5.8	144.2	363.9	80.0	32.0	.0	
56.6	53.1	8.4	132.1	195.3	98.0	42.0	.0	
55.3	39.1	11.2	324.6	506.4	30.0	.0	.0	
49.8	37.7	7.5	273.8	400.9	50.0	.0	.0	
52.4	39.3	8.9	279.6	399.0	40.0	.0	.0	
55.5	37.8	9.7	306.7	508.4	13.0	.0	.0	
56.6	43.3	5.9	240.8	454.3	45.0	.0	.0	
57.3	45.9	5.3	222.5	429.8	16.0	.0	.0	
56.9	47.3	4.5	130.0	441.2	43.0	.0	.0	
59.2	52.0	4.8	159.6	422.8	59.0	.0	.0	
67.9	57.4	5.9	223.8	436.4	15.0	.0	.0	
72.2	60.2	7.0	248.8	428.5	25.0	.0	.0	
72.0	58.3	9.0	226.3	437.9	28.0	.0	.0	
57.2	45.6	7.0	114.6	403.2	64.0	.0	.0	
58.3	52.3	7.0	127.9	272.8	89.0	.0	.0	
61.8	58.7	8.7	93.8	165.9	98.0	112.0	.0	
64.0	53.5	8.3	285.4	369.5	72.0	18.0	.0	
56.1	47.2	6.3	147.1	312.7	84.0	.0	.0	
63.8	59.0	16.3	118.3	161.0	93.0	41.0	.0	
61.5	50.7	9.2	256.7	272.5	25.0	.0	.0	
56.5	44.9	6.3	217.1	398.8	24.0	.0	.0	
59.0	50.4	7.0	182.1	390.1	37.0	.0	.0	
  10    31    1985
60.1	53.4	7.2	179.6	388.7	31.0	.0	.0	
60.6	55.2	6.3	230.0	169.0	88.0	.0	.0	
54.5	43.3	6.8	143.8	188.8	98.0	55.0	.0	
52.6	47.9	7.6	92.1	174.5	98.0	46.0	.0	
59.7	56.6	13.8	165.8	131.1	94.0	173.0	.0	
53.9	41.9	10.4	241.3	360.6	23.0	.0	.0	
51.0	37.0	8.5	267.1	346.8	24.0	.0	.0	
51.5	41.5	8.9	205.8	342.8	62.0	.0	.0	
59.6	48.8	10.4	226.3	189.9	74.0	.0	.0	
65.7	51.3	11.2	240.0	225.8	96.0	.0	.0	
48.6	29.0	11.6	305.0	339.6	30.0	.0	.0	
45.7	28.9	7.2	230.8	349.9	53.0	.0	.0	
48.0	43.3	7.5	206.7	94.1	98.0	56.0	.0	
53.8	49.1	4.3	176.7	158.9	98.0	.0	.0	
55.6	53.1	7.1	188.3	127.7	89.0	12.0	.0	
53.9	39.9	9.5	260.8	307.8	15.0	.0	.0	
43.9	28.9	6.3	260.0	325.5	2.0	.0	.0	
49.7	40.8	10.5	190.8	305.4	63.0	8.0	.0	
54.7	51.2	6.7	235.4	94.3	70.0	38.0	.0	
46.7	29.0	10.8	287.1	286.3	36.0	.0	.0	
40.5	29.5	5.4	205.8	294.6	22.0	.0	.0	
44.2	34.1	4.9	208.8	294.8	8.0	.0	.0	
46.8	36.4	4.0	97.9	318.0	2.0	.0	.0	
48.5	44.7	7.5	159.6	215.6	95.0	18.0	.0	
59.0	40.7	12.8	250.0	279.5	40.0	1.0	.0	
50.7	27.2	10.3	254.6	317.3	12.0	.0	.0	
56.9	32.9	11.0	237.9	245.3	48.0	.0	.0	
43.2	18.6	15.8	313.8	242.6	17.0	.0	.0	
38.8	13.8	11.7	300.0	266.3	28.0	.0	.0	
40.4	21.6	4.7	225.4	143.8	93.0	.0	.0	
40.8	27.2	5.9	174.2	296.3	11.0	.0	.0	
  11    30    1985
45.4	26.0	8.5	137.5	289.8	22.0	.0	.0	
49.4	35.5	10.7	55.4	151.6	95.0	.0	.0	
44.2	34.1	9.3	67.1	121.5	98.0	.0	.0	
41.8	34.9	9.4	135.8	133.3	98.0	1.0	.0	
48.2	45.2	15.0	53.8	83.3	98.0	272.0	.0	
53.6	51.4	6.4	72.9	75.5	98.0	65.0	.0	
51.3	42.9	7.0	250.0	210.0	55.0	.0	.0	
46.9	30.0	10.2	246.7	231.3	20.0	.0	.0	
45.1	32.0	8.6	195.8	203.9	58.0	6.0	.0	
50.9	45.8	6.7	187.9	113.1	98.0	17.0	.0	
37.6	29.0	12.7	50.8	84.5	98.0	8.0	.0	
31.1	24.6	8.2	208.8	82.3	98.0	.0	50.8	
47.9	42.6	8.3	237.5	126.2	92.0	.0	.0	
40.8	32.0	7.8	199.6	99.7	82.0	114.0	.0	
32.7	16.8	14.0	332.1	224.8	19.0	.0	.0	
28.8	17.0	5.3	267.1	162.3	75.0	.0	61.0	
44.0	37.0	11.4	202.1	148.6	69.0	66.0	.0	
42.3	33.1	4.9	205.4	225.2	5.0	.0	.0	
44.0	38.2	5.5	213.8	173.1	60.0	.0	.0	
56.0	46.7	8.5	188.3	108.2	75.0	.0	.0	
43.2	24.6	8.5	300.0	177.8	49.0	.0	.0	
30.8	21.6	8.1	104.6	87.6	82.0	.0	66.0	
33.7	26.4	7.6	263.8	149.7	73.0	.0	.0	
36.9	25.3	8.9	254.2	168.0	56.0	.0	.0	
31.1	11.7	10.4	263.8	189.6	18.0	.0	.0	
27.1	13.6	5.3	164.6	86.2	98.0	.0	2.5	
30.6	26.9	7.4	234.2	65.8	95.0	.0	10.2	
29.1	22.1	9.0	91.7	88.0	98.0	.0	30.5	
26.6	15.1	6.5	146.3	115.5	90.0	.0	.0	
29.8	22.6	5.5	189.6	148.1	73.0	.0	.0	
  12    31    1985
32.2	22.6	7.4	214.2	82.3	96.0	14.0	.0	
44.1	34.1	15.5	217.9	109.2	78.0	92.0	.0	
25.5	4.0	14.1	271.3	180.7	11.0	.0	.0	
25.5	8.0	4.8	230.8	124.4	66.0	.0	.0	
30.0	11.9	4.3	190.0	143.2	79.0	.0	.0	
29.5	21.7	7.8	312.9	90.8	88.0	.0	12.7	
26.7	14.4	6.6	251.3	144.4	50.0	.0	.0	
35.2	25.1	8.9	247.9	73.3	84.0	.0	.0	
30.6	20.2	6.1	243.8	133.3	39.0	.0	.0	
29.6	16.1	6.7	263.3	157.7	53.0	.0	.0	
32.2	21.6	3.8	240.8	69.2	98.0	3.0	.0	
29.8	26.7	7.2	233.8	90.6	78.0	.0	73.7	
24.3	21.3	5.8	232.9	97.6	82.0	.0	142.2	
26.6	16.7	14.4	280.4	129.1	62.0	.0	48.3	
18.0	6.1	8.8	230.8	153.9	43.0	.0	.0	
26.7	14.8	10.5	217.9	171.3	51.0	.0	.0	
26.6	11.3	9.9	252.9	172.6	52.0	.0	.0	
18.0	1.7	12.6	265.8	160.8	40.0	.0	.0	
7.1	-8.7	6.3	241.3	184.9	2.0	.0	.0	
17.4	6.8	4.9	222.5	174.1	49.0	.0	.0	
18.2	10.2	7.0	181.3	108.9	89.0	.0	5.1	
18.3	8.0	6.6	249.2	185.2	51.0	.0	10.2	
26.3	21.9	6.7	193.3	147.4	74.0	.0	33.0	
30.1	27.8	3.5	204.2	84.1	98.0	.0	2.5	
30.1	25.5	9.6	272.9	103.3	88.0	.0	2.5	
12.7	-1.4	9.9	250.4	177.3	14.0	.0	.0	
21.0	11.5	8.3	200.0	97.6	74.0	.0	.0	
24.0	9.4	8.9	234.6	157.7	14.0	.0	.0	
18.3	4.6	7.3	226.7	147.2	32.0	.0	.0	
23.6	9.9	8.3	242.9	162.4	22.0	.0	.0	
32.7	19.5	12.2	200.4	133.7	75.0	.0	.0	
