01	31	1998
28.9	19.3	4.0	72.2	56.9	35.9	0	0.0
36.3	26.9	5.3	144.6	59.9	26.0	3	8.5
25.6	21.6	2.0	61.4	153.3	89.6	0	0.0
32.1	22.9	9.9	187.6	65.1	53.6	0	0.0
18.7	12.7	3.7	110.6	97.0	68.8	0	0.0
18.6	9.4	4.1	64.8	91.6	40.2	0	0.0
29.3	23.9	2.0	74.8	51.5	10.9	10	0.0
23.6	16.4	2.8	67.9	104.9	76.8	0	0.0
21.9	15.3	1.6	49.5	87.5	60.0	0	0.0
34.3	29.8	6.2	209.7	55.3	3.1	0	0.0
35.6	30.8	8.2	177.5	49.1	7.1	0	0.0
33.9	30.6	4.9	147.0	44.6	5.3	0	0.0
31.8	24.0	5.2	168.3	83.7	45.1	0	0.0
31.2	23.4	4.9	135.2	161.7	54.2	0	0.0
35.4	31.2	4.8	161.0	62.6	1.8	0	0.0
36.8	33.1	3.2	103.9	63.3	4.3	1	0.0
40.3	32.9	4.3	144.7	132.4	43.8	0	0.0
41.0	28.9	7.5	105.8	184.9	97.5	0	0.0
29.0	23.1	8.7	170.4	109.4	44.1	0	0.0
22.8	16.1	0.9	30.2	158.2	64.4	0	0.0
24.2	17.1	0.7	35.8	160.0	69.7	0	0.0
31.9	24.8	3.1	120.7	49.1	3.5	0	0.0
36.0	28.0	1.9	89.2	132.7	78.1	0	0.0
35.8	24.3	5.0	167.4	195.3	97.6	0	0.0
37.0	18.9	3.1	114.8	164.2	81.0	0	0.0
37.3	21.3	4.8	125.5	125.9	87.5	0	0.0
38.3	25.7	4.5	152.0	162.3	71.5	0	0.0
33.9	23.8	3.6	45.7	209.6	100.0	0	0.0
34.3	24.6	7.0	148.2	95.2	44.4	0	0.0
31.0	22.9	3.1	130.2	141.2	60.4	0	0.0
28.5	17.4	2.9	39.0	166.2	98.1	0	0.0
02	28	1998
32.6	22.9	8.5	129.2	168.2	65.0	0	0.0
35.5	30.5	4.3	82.6	104.2	12.9	0	0.0
43.9	30.3	6.9	144.0	84.7	55.0	0	0.0
32.3	26.0	5.9	132.2	62.4	55.0	0	0.0
29.9	20.1	3.5	78.3	196.3	100.0	0	0.0
35.6	26.7	6.5	148.5	181.2	39.9	0	0.0
39.1	27.5	10.6	220.7	173.5	51.5	0	0.0
30.6	24.7	5.9	121.4	159.0	60.0	4	9.3
25.9	17.1	2.8	109.5	201.1	75.6	0	0.0
27.4	18.9	2.9	51.8	146.0	56.1	0	0.0
31.5	22.9	5.1	162.1	165.9	61.1	1	2.5
29.9	22.5	4.5	83.3	188.5	67.4	0	0.0
31.8	26.6	2.6	85.9	147.1	63.8	0	0.0
34.4	28.3	6.1	94.5	82.3	30.5	2	5.1
30.1	22.8	2.6	89.2	133.4	43.4	5	12.7
23.8	16.1	3.7	48.6	177.0	67.9	0	0.0
30.9	24.5	4.6	109.8	107.5	6.4	3	6.3
28.4	20.1	4.6	133.8	271.5	83.3	0	0.0
33.4	20.8	8.1	119.1	100.5	0.0	0	0.0
34.2	27.1	6.2	130.9	119.3	6.9	0	0.0
38.1	26.9	12.8	201.9	151.5	8.3	0	0.0
29.3	24.3	2.7	100.5	124.2	38.0	3	8.5
30.9	24.8	5.3	52.0	123.5	15.2	3	8.5
29.4	21.0	6.6	175.3	167.1	26.7	0	0.0
28.0	15.9	7.9	217.1	116.0	37.5	0	0.0
28.1	13.9	7.0	262.0	242.7	35.0	0	0.0
25.4	13.9	2.1	91.0	182.6	61.9	0	0.0
33.1	23.6	3.4	128.2	160.9	14.2	0	0.0
03	31	1998
38.4	28.9	2.3	91.2	127.7	6.0	0	0.0
41.0	31.4	4.7	163.0	194.7	25.0	0	0.0
32.6	22.9	8.1	193.4	207.1	56.1	0	0.0
23.8	13.9	2.1	61.4	268.1	90.5	0	0.0
26.0	16.4	5.0	46.1	212.8	62.5	0	0.0
26.9	17.5	5.5	117.5	156.0	28.1	0	0.0
22.3	12.4	5.4	167.0	276.8	93.1	0	0.0
28.6	21.5	4.8	153.1	167.8	13.8	0	0.0
29.1	21.5	1.8	71.4	293.2	67.9	0	0.0
35.2	22.9	1.2	36.1	317.2	100.0	0	0.0
40.5	25.6	2.5	62.0	377.4	100.0	0	0.0
43.3	25.4	5.1	76.8	382.2	100.0	0	0.0
42.0	27.0	5.0	77.3	289.6	91.5	0	0.0
43.9	27.2	3.2	98.0	389.8	98.9	0	0.0
43.1	28.2	3.1	126.0	345.8	74.4	0	0.0
42.1	33.4	3.5	122.1	168.9	51.8	0	0.0
34.1	20.6	6.2	225.8	236.2	63.8	0	0.0
32.2	17.8	3.0	115.0	398.0	81.8	0	0.0
36.0	21.7	2.9	74.1	356.8	100.0	0	0.0
44.9	24.9	1.7	49.0	265.3	75.6	0	0.0
43.1	27.8	3.5	88.8	302.4	88.8	0	0.0
47.5	36.8	3.6	117.4	291.9	59.5	0	0.0
52.9	37.1	7.9	184.5	349.7	81.2	0	0.0
46.3	34.6	4.1	133.7	316.8	79.0	0	0.0
44.7	36.1	5.8	156.5	262.5	54.4	10	0.0
43.0	35.6	5.3	137.4	211.7	18.9	16	0.0
36.4	31.7	8.6	206.3	184.0	27.2	0	0.0
29.9	25.8	10.9	156.7	210.0	18.8	3	8.5
30.2	23.8	5.0	164.7	161.3	6.6	10	38.6
31.6	22.8	6.6	171.9	335.6	80.6	0	0.0
36.2	23.7	9.1	131.4	273.9	65.5	0	0.0
04	30	1998
38.2	30.9	3.7	98.6	298.1	29.2	0	0.0
40.2	29.9	6.8	185.6	265.6	41.7	5	0.0
38.6	30.2	7.3	110.3	256.3	32.9	1	0.0
38.2	28.5	10.8	221.2	342.5	58.0	0	0.0
35.9	25.3	3.0	125.5	349.0	85.0	0	0.0
36.0	28.3	4.1	119.2	291.6	30.9	0	0.0
36.9	26.4	7.2	211.2	353.0	28.8	0	0.0
36.5	25.7	3.4	127.5	313.0	55.0	0	0.0
43.6	27.1	3.9	85.0	341.9	43.8	0	0.0
50.9	26.3	9.9	196.4	389.1	79.9	0	0.0
44.7	29.0	7.6	177.5	403.4	69.5	0	0.0
37.1	27.3	8.9	196.3	333.8	49.8	0	0.0
35.1	26.3	4.4	116.6	257.7	47.7	0	0.0
32.4	23.6	6.3	161.1	211.2	48.6	0	0.0
31.8	20.9	5.8	159.4	236.6	79.7	0	0.0
35.6	22.3	4.7	164.8	340.3	55.6	0	0.0
36.9	23.1	5.7	164.0	340.6	85.0	0	0.0
40.6	25.2	3.2	123.3	503.2	87.5	0	0.0
47.3	29.5	5.3	130.2	401.3	64.8	0	0.0
47.1	29.7	2.3	46.4	479.2	100.0	0	0.0
52.9	32.2	2.4	25.2	503.1	100.0	0	0.0
59.3	30.8	6.5	127.4	474.4	97.4	0	0.0
58.9	27.9	13.9	182.9	487.8	74.4	0	0.0
44.1	31.4	7.8	203.4	388.1	34.7	0	0.0
40.4	23.2	6.8	253.7	349.3	70.4	0	0.0
42.1	20.4	3.4	96.5	507.8	100.0	0	0.0
45.0	24.1	3.9	58.2	473.6	96.6	0	0.0
49.6	27.0	3.5	55.7	494.6	98.2	0	0.0
52.2	27.1	2.4	97.4	575.2	100.0	0	0.0
55.0	29.2	3.2	68.2	424.3	90.0	0	0.0
05	31	1998
60.3	28.1	7.1	138.1	428.4	83.3	0	0.0
58.6	23.8	7.9	124.8	545.9	96.6	0	0.0
57.4	35.1	5.1	180.3	475.2	70.8	0	0.0
49.4	38.3	7.1	186.9	402.0	42.3	7	0.0
49.0	37.8	3.9	131.6	405.1	64.1	5	0.0
49.4	37.2	2.3	62.8	507.7	82.5	0	0.0
51.8	40.4	1.7	32.8	401.2	63.8	0	0.0
52.8	39.0	8.4	184.8	542.2	69.3	10	0.0
46.3	39.3	5.4	159.6	263.2	17.7	42	0.0
41.5	35.0	15.0	223.2	268.5	8.5	0	0.0
47.8	36.3	7.0	135.4	376.9	36.4	10	0.0
44.1	34.5	7.1	184.6	445.9	40.1	10	0.0
39.8	32.5	8.7	173.2	283.6	37.5	5	0.0
43.1	36.2	9.7	221.6	307.5	14.6	3	0.0
46.8	34.4	4.5	166.9	402.7	36.8	2	0.0
44.5	35.0	7.8	164.5	411.8	36.3	0	0.0
42.2	27.3	5.7	157.1	407.3	61.8	0	0.0
48.3	29.5	3.2	77.9	580.6	95.2	0	0.0
53.9	33.1	3.8	117.0	652.2	100.0	0	0.0
54.0	29.7	8.0	181.4	654.5	96.6	0	0.0
44.8	32.9	7.8	203.1	299.3	34.9	0	0.0
47.4	34.2	7.0	210.5	398.0	25.0	0	0.0
53.3	36.5	5.6	161.6	453.2	33.5	0	0.0
54.7	38.6	3.0	108.5	435.0	90.6	0	0.0
54.8	36.4	11.9	168.0	477.9	69.4	0	0.0
40.2	29.4	13.4	200.0	420.3	25.0	0	0.0
47.4	27.4	5.2	146.6	651.6	69.3	0	0.0
57.8	31.1	8.9	116.4	622.7	95.5	0	0.0
48.8	29.4	9.9	209.1	630.7	83.3	0	0.0
48.9	29.5	2.6	90.2	633.4	96.2	0	0.0
54.6	34.4	3.7	113.8	676.0	100.0	0	0.0
06	30	1998
58.6	35.9	3.5	117.2	632.0	100.0	0	0.0
55.4	41.5	8.3	173.2	558.1	74.4	0	0.0
51.7	41.3	5.8	154.6	439.2	26.1	0	0.0
52.1	36.7	8.7	221.1	407.2	50.7	0	0.0
52.8	36.5	5.2	93.0	508.3	77.8	1	0.0
54.8	42.4	6.2	103.2	419.2	39.4	1	0.0
53.1	43.8	4.2	142.6	389.4	35.9	11	0.0
51.7	41.7	5.9	152.8	435.3	47.4	0	0.0
49.9	40.0	4.3	132.9	420.3	61.9	10	0.0
52.6	38.1	2.9	79.2	422.6	78.9	0	0.0
58.0	41.5	8.8	134.7	422.5	72.1	0	0.0
57.1	41.3	5.3	103.1	428.4	79.9	0	0.0
58.8	43.5	7.9	215.3	470.5	55.3	0	0.0
56.9	33.9	5.4	195.8	691.4	96.9	0	0.0
58.0	35.4	9.9	190.2	607.1	96.7	0	0.0
48.4	28.3	10.1	233.7	515.1	61.5	0	0.0
51.9	35.9	5.1	176.7	390.1	46.7	0	0.0
57.1	37.1	3.6	84.7	372.9	100.0	0	0.0
60.4	34.2	9.6	179.8	607.1	100.0	0	0.0
57.5	32.5	4.4	98.2	599.6	96.6	0	0.0
61.2	38.9	5.0	96.0	457.6	81.6	0	0.0
58.2	43.2	5.8	113.0	502.0	70.2	10	0.0
53.0	41.2	4.0	87.1	521.2	85.4	0	0.0
60.4	42.5	3.5	116.6	498.9	86.8	0	0.0
63.9	42.5	10.3	241.1	437.2	83.3	0	0.0
57.3	34.1	8.1	185.0	655.2	92.7	0	0.0
59.0	33.5	2.5	81.4	693.5	100.0	0	0.0
63.6	35.7	4.6	103.9	687.0	100.0	0	0.0
68.7	38.6	2.8	95.8	692.8	100.0	0	0.0
67.9	40.8	4.5	130.4	575.8	100.0	0	0.0
07	31	1998
67.7	35.7	3.8	171.7	691.8	100.0	0	0.0
70.8	37.9	5.9	111.7	667.0	100.0	0	0.0
68.7	38.7	5.3	134.3	639.1	100.0	0	0.0
69.8	39.3	6.1	110.0	609.7	100.0	2	0.0
69.0	36.1	3.5	114.2	689.0	100.0	0	0.0
69.7	39.7	4.1	98.9	632.3	100.0	0	0.0
67.7	43.2	5.0	56.6	538.7	91.6	0	0.0
68.9	43.1	2.9	73.1	552.8	100.0	0	0.0
69.1	46.7	5.8	76.6	555.2	84.8	0	0.0
71.1	42.1	6.5	122.4	548.7	97.6	0	0.0
67.8	31.4	8.0	212.1	682.8	100.0	0	0.0
67.9	33.2	4.1	128.0	681.5	100.0	0	0.0
70.1	35.5	5.7	150.9	680.1	100.0	0	0.0
67.9	34.0	4.6	115.8	678.8	100.0	0	0.0
70.2	32.4	3.4	89.3	677.4	100.0	0	0.0
79.0	39.7	3.4	67.6	675.9	100.0	0	0.0
75.5	41.7	3.4	106.7	594.4	100.0	0	0.0
77.5	40.9	6.0	163.7	672.7	100.0	0	0.0
77.5	41.5	4.5	129.8	591.8	96.7	0	0.0
72.4	46.6	7.4	89.5	405.2	90.7	0	0.0
74.2	47.1	4.7	52.1	590.4	100.0	0	0.0
71.1	47.6	4.0	115.8	353.2	85.0	0	0.0
68.9	52.6	6.0	137.5	469.7	95.1	0	0.0
68.4	54.5	3.3	134.3	544.0	86.3	0	0.0
68.0	54.7	5.6	172.2	461.9	94.4	0	0.0
71.8	52.1	5.9	91.7	486.1	91.2	0	0.0
70.3	49.6	6.0	142.5	487.2	84.8	0	0.0
68.1	44.6	4.3	87.0	420.4	94.6	1	0.0
72.1	45.2	10.0	104.7	517.1	89.3	0	0.0
66.8	41.7	6.7	114.7	441.3	96.4	0	0.0
57.7	42.2	6.6	148.4	395.7	79.6	8	0.0
08	31	1998
62.3	41.6	4.6	149.6	603.1	96.6	0	0.0
67.5	39.0	3.0	85.0	640.6	100.0	0	0.0
72.6	37.1	4.5	87.7	637.9	100.0	0	0.0
72.4	41.5	3.7	95.2	536.4	100.0	0	0.0
74.2	38.4	3.5	107.8	518.6	100.0	0	0.0
72.3	36.9	2.8	104.0	487.2	100.0	0	0.0
76.2	39.6	6.6	188.9	497.2	99.3	0	0.0
72.7	39.5	2.8	112.5	536.4	100.0	0	0.0
70.8	40.8	2.5	76.8	426.9	98.8	0	0.0
67.3	35.0	3.2	103.5	367.5	100.0	0	0.0
71.7	37.7	5.4	133.8	428.3	100.0	0	0.0
72.6	37.6	4.3	100.7	535.7	100.0	0	0.0
73.0	36.7	3.4	114.2	492.2	100.0	0	0.0
68.8	37.7	4.0	116.2	222.5	98.4	0	0.0
69.2	44.8	3.6	119.0	169.5	92.5	0	0.0
77.0	39.5	5.3	163.2	311.2	88.6	0	0.0
70.3	33.8	5.7	135.7	594.3	100.0	0	0.0
64.4	32.9	4.2	127.7	508.3	100.0	0	0.0
66.6	29.0	6.6	107.7	587.2	100.0	0	0.0
64.1	27.0	7.0	131.0	386.6	96.2	0	0.0
62.9	27.1	5.1	132.4	512.3	100.0	0	0.0
62.3	24.4	4.2	128.9	575.6	100.0	0	0.0
59.1	23.5	4.3	129.1	499.5	100.0	0	0.0
60.3	27.0	2.9	70.2	527.0	100.0	0	0.0
64.2	28.9	4.1	103.3	438.6	100.0	0	0.0
68.5	30.7	6.4	170.7	480.2	93.5	0	0.0
63.7	28.9	3.1	64.1	556.8	100.0	0	0.0
67.0	31.6	2.0	43.9	523.3	100.0	0	0.0
70.8	33.5	3.9	108.7	549.0	100.0	0	0.0
68.8	35.0	4.8	120.2	477.0	97.6	0	0.0
70.2	44.3	3.8	96.6	309.2	92.8	0	0.0
09	30	1998
64.6	35.7	4.4	30.5	423.9	100.0	0	0.0
66.0	34.3	4.4	52.5	405.1	100.0	0	0.0
70.5	40.3	4.0	94.5	422.3	94.1	0	0.0
71.5	45.7	5.9	123.7	366.6	87.5	0	0.0
66.7	49.5	2.8	63.7	381.9	86.9	0	0.0
65.2	50.8	1.4	43.3	393.6	80.8	0	0.0
64.9	48.8	4.5	157.7	280.0	82.9	0	0.0
66.8	50.9	4.1	108.1	391.1	68.3	0	0.0
63.9	46.1	10.3	178.2	373.6	83.5	0	0.0
57.0	43.5	5.3	127.9	305.0	65.0	0	0.0
57.9	44.7	4.9	109.6	387.0	76.1	0	0.0
57.0	47.2	2.3	67.9	233.4	36.2	5	0.0
58.2	44.2	2.4	51.8	383.3	98.8	0	0.0
62.7	42.3	2.8	41.4	479.9	100.0	0	0.0
64.2	42.0	5.2	85.4	467.5	91.7	0	0.0
66.4	41.0	2.8	57.1	455.0	96.4	0	0.0
67.2	37.3	8.2	125.7	360.1	53.0	0	0.0
57.7	28.5	8.7	181.3	461.5	100.0	0	0.0
49.4	27.3	3.6	92.1	301.6	75.6	0	0.0
50.0	29.2	2.4	72.0	298.8	85.0	0	0.0
45.1	37.0	3.9	93.2	245.7	51.8	0	0.0
50.3	36.8	3.3	69.4	304.7	77.1	0	0.0
58.3	40.3	5.4	80.2	375.4	70.6	0	0.0
56.4	37.6	3.6	99.3	361.6	90.5	1	0.0
56.3	40.0	8.6	179.0	244.4	37.5	0	0.0
48.3	41.7	3.3	84.2	241.4	52.6	0	0.0
57.1	38.9	6.2	94.0	322.9	72.6	0	0.0
53.5	32.6	2.5	57.0	378.7	100.0	0	0.0
54.3	39.7	7.1	127.2	254.0	63.4	4	0.0
49.7	42.2	4.9	120.7	276.0	67.3	0	0.0
10	31	1998
49.8	39.3	4.1	133.4	298.8	86.4	0	0.0
51.1	34.6	5.0	135.0	339.7	82.1	0	0.0
40.5	33.3	4.2	115.2	286.2	58.7	7	0.0
39.4	27.4	4.7	109.8	241.7	59.5	0	0.0
38.5	23.3	4.0	114.3	381.9	100.0	0	0.0
44.5	26.4	2.7	65.2	369.5	100.0	0	0.0
48.1	25.3	3.2	90.7	346.3	100.0	0	0.0
44.6	22.5	3.9	107.4	362.7	100.0	0	0.0
44.0	21.4	3.6	86.0	329.7	100.0	0	0.0
39.1	20.6	5.2	135.5	319.2	100.0	0	0.0
42.4	21.0	3.6	33.3	349.2	98.9	0	0.0
53.1	21.3	4.2	105.9	342.1	68.2	0	0.0
52.0	19.7	5.4	170.2	338.7	89.1	0	0.0
43.0	25.1	3.2	84.5	269.6	97.4	0	0.0
40.1	21.9	4.6	133.9	114.7	40.8	0	0.0
31.9	17.7	3.9	168.3	121.3	61.3	0	0.0
29.6	12.6	2.6	79.1	310.6	100.0	0	0.0
41.5	16.4	5.5	41.2	322.4	97.9	0	0.0
45.0	21.2	5.8	40.0	318.1	100.0	0	0.0
49.5	19.6	10.7	61.3	313.7	100.0	0	0.0
48.5	26.2	5.0	70.8	255.6	76.9	0	0.0
46.2	36.6	3.9	97.1	177.7	46.7	0	0.0
43.4	27.4	2.3	82.0	263.0	93.8	0	0.0
46.2	28.2	8.7	121.9	248.7	67.3	0	0.0
38.2	35.5	6.2	164.4	118.3	8.0	0	0.0
42.3	35.4	2.5	80.4	199.1	52.5	0	0.0
41.1	31.4	3.9	163.3	189.6	87.5	0	0.0
41.8	36.4	3.4	117.4	122.8	34.2	0	0.0
38.6	30.5	4.5	51.0	135.7	31.9	0	0.0
36.5	24.3	2.2	61.0	229.7	83.1	0	0.0
33.0	19.4	1.2	20.5	244.2	99.4	0	0.0
11	30	1998
36.0	29.4	2.8	105.3	36.9	14.7	0	0.0
35.0	26.3	4.4	155.0	130.3	43.6	0	0.0
32.4	21.2	3.2	96.1	192.5	80.6	0	0.0
37.5	25.8	1.8	50.5	140.6	41.9	0	0.0
29.6	23.8	5.5	147.3	132.8	71.6	0	0.0
30.9	22.8	4.3	140.6	183.4	42.9	0	0.0
32.9	26.7	7.5	164.8	138.0	26.6	5	19.6
32.2	20.2	5.9	187.4	161.0	46.2	0	0.0
30.0	17.2	4.1	152.8	132.6	16.9	0	0.0
31.8	20.2	4.9	221.8	60.5	26.0	0	0.0
34.0	27.9	1.2	48.8	58.9	8.0	0	0.0
29.7	24.2	2.6	75.2	133.2	65.9	0	0.0
32.2	23.3	1.8	66.6	183.4	98.9	0	0.0
36.7	24.9	2.5	32.5	218.7	100.0	0	0.0
34.1	23.5	3.8	104.0	127.3	100.0	0	0.0
34.0	24.6	3.1	27.3	96.6	45.5	0	0.0
39.8	26.3	10.7	188.1	87.0	12.5	0	0.0
32.3	21.0	3.3	120.0	152.2	42.7	10	25.4
24.1	15.4	2.2	88.1	141.0	95.2	0	0.0
33.6	18.8	4.7	130.4	93.2	37.0	0	0.0
52.1	24.4	11.1	201.6	199.8	61.4	0	0.0
41.3	30.2	10.8	198.8	157.7	63.1	0	0.0
45.8	27.1	10.7	135.3	142.8	63.9	0	0.0
37.1	22.3	9.1	169.2	152.9	74.3	0	0.0
41.0	21.6	4.7	117.2	132.2	75.8	5	0.0
37.5	22.5	4.2	49.1	83.3	100.0	0	0.0
41.2	23.2	3.9	64.2	80.8	47.2	0	0.0
41.9	31.7	7.2	187.5	74.0	28.5	159	0.0
36.4	31.6	5.5	158.5	65.1	12.9	10	0.0
44.2	31.1	14.0	208.0	134.7	80.0	0	0.0
12	31	1998
38.7	30.3	3.7	147.4	95.4	43.4	0	0.0
35.8	26.6	6.0	131.8	122.1	90.8	342	0.0
37.9	27.0	4.9	130.2	119.4	70.0	332	843.3
23.0	16.6	5.1	123.2	65.9	20.1	0	0.0
9.9	6.2	2.8	84.5	101.7	84.6	0	0.0
19.2	12.2	4.8	154.8	99.7	29.7	0	0.0
18.5	11.1	2.0	99.4	97.1	66.2	0	0.0
22.8	14.1	3.0	126.5	33.4	37.5	0	0.0
13.1	6.2	3.2	81.4	151.8	83.0	0	0.0
12.8	7.0	3.5	49.6	121.0	59.8	0	0.0
20.8	13.1	1.2	25.9	101.2	57.0	0	0.0
26.4	19.8	4.3	73.8	161.1	89.9	0	0.0
29.3	21.1	6.8	74.4	99.6	100.0	0	0.0
31.3	22.3	4.5	83.8	99.0	100.0	0	0.0
26.8	20.2	3.6	107.5	107.8	100.0	0	0.0
27.4	21.1	2.0	48.8	107.3	100.0	0	0.0
25.5	21.7	2.4	93.3	131.5	92.6	0	0.0
26.6	14.6	6.8	169.4	69.0	69.5	0	0.0
18.4	6.0	4.0	95.7	70.0	19.1	360	1830.2
11.8	5.2	6.9	82.4	68.6	23.3	0	0.0
5.4	0.0	3.2	129.1	105.7	75.0	0	0.0
6.8	0.2	1.3	57.1	96.5	88.2	0	0.0
4.4	0.7	1.6	47.7	67.0	100.0	0	0.0
15.2	5.4	1.8	84.3	90.7	100.0	0	0.0
30.2	17.0	5.6	152.8	117.4	78.3	0	0.0
32.6	23.7	3.2	115.8	134.8	85.5	0	0.0
35.8	21.1	5.6	128.1	69.8	49.2	0	0.0
44.4	20.4	10.6	186.2	80.4	48.4	0	0.0
38.1	24.6	2.4	100.0	101.8	97.7	0	0.0
30.2	22.7	1.4	24.8	90.9	100.0	0	0.0
34.3	28.8	7.0	184.7	154.6	100.0	5	0.0
