01	31	2018
42.5	24.5	0.7	34.0	151.2	46.9	0	0.0
38.2	24.5	1.5	78.3	107.8	42.2	0	0.0
41.8	28.1	1.2	45.0	75.6	18.8	0	0.0
45.2	34.0	1.1	55.2	141.5	44.3	1	0.0
46.5	36.6	2.8	131.0	112.4	29.7	2	0.0
45.2	34.0	3.1	97.3	152.5	54.2	30	0.0
37.1	26.9	1.5	56.5	115.3	47.9	0	0.0
41.7	35.7	1.6	61.0	118.4	17.2	1	0.0
44.7	39.6	2.8	109.2	119.2	30.2	10	0.0
46.9	33.1	8.4	229.6	125.6	52.1	0	0.0
44.3	27.9	6.6	100.2	147.0	61.5	0	0.0
44.2	28.3	4.4	137.3	161.3	71.3	0	0.0
40.2	26.7	2.7	45.4	129.2	55.7	0	0.0
40.1	28.6	0.9	34.8	92.5	41.1	0	0.0
41.4	31.3	0.8	58.1	105.4	25.5	0	0.0
45.4	33.6	2.3	65.0	98.2	31.8	0	0.0
43.8	33.1	0.9	34.0	84.3	35.4	0	0.0
54.0	34.7	16.1	193.1	150.8	38.5	1	0.0
40.1	21.5	11.5	296.9	182.1	39.1	0	0.0
32.1	18.6	2.5	62.5	182.7	67.7	0	0.0
34.1	18.4	4.0	109.2	148.1	27.6	0	0.0
40.9	25.2	3.6	92.7	136.3	52.1	0	0.0
37.3	23.9	1.1	51.5	96.1	45.3	0	0.0
44.0	19.1	17.7	135.7	152.3	39.9	5	0.0
36.6	20.0	8.4	173.5	171.3	48.7	2	0.0
34.3	19.8	2.1	90.8	159.6	37.0	0	0.0
40.8	26.8	4.1	119.0	198.4	41.7	0	0.0
41.3	29.0	1.3	75.4	196.9	56.8	0	0.0
40.5	29.3	1.0	30.2	97.7	24.0	0	0.0
46.0	26.2	6.1	165.6	155.6	32.3	0	0.0
46.8	19.1	2.5	37.3	156.1	29.7	0	0.0
02	28	2018
48.7	26.2	2.1	64.6	139.8	46.4	0	0.0
45.8	29.9	2.5	60.0	177.6	71.9	0	0.0
46.0	29.9	1.9	60.8	188.5	60.4	0	0.0
46.7	30.6	1.0	67.5	201.1	50.0	0	0.0
45.8	25.6	4.6	104.2	230.8	70.3	0	0.0
42.8	20.7	3.2	69.0	201.4	71.3	0	0.0
43.0	19.9	1.6	52.5	240.9	79.7	0	0.0
45.5	22.2	1.3	70.8	194.0	49.0	0	0.0
47.0	23.9	1.9	50.0	148.8	55.2	0	0.0
39.2	12.1	8.0	123.1	187.3	60.9	0	0.0
35.3	13.7	8.6	194.8	177.2	42.7	0	0.0
32.1	22.6	5.3	61.9	118.3	16.5	4	8.9
32.4	18.6	3.6	71.0	249.8	73.4	0	0.0
35.9	17.8	6.8	172.5	200.7	62.0	0	0.0
35.6	17.4	3.8	42.1	278.7	82.8	0	0.0
38.7	16.2	2.8	103.8	268.6	79.7	0	0.0
44.9	23.7	5.3	122.3	273.0	80.7	0	0.0
41.2	18.9	15.7	266.0	253.2	47.7	3	0.5
25.3	11.1	8.7	252.5	194.5	46.4	1	2.5
25.0	7.3	3.5	126.2	210.6	51.0	0	0.0
30.7	7.8	3.5	110.8	279.9	52.6	0	0.0
29.6	16.3	9.5	234.8	182.9	30.2	1	1.9
25.1	10.6	5.6	133.8	248.2	53.6	0	0.0
29.8	13.8	8.4	180.2	267.6	70.3	0	0.0
36.4	15.8	5.3	164.0	326.1	100.0	0	0.0
33.9	19.4	14.0	238.5	229.5	55.4	2	4.7
27.3	11.0	3.8	142.3	321.8	68.8	0	0.0
33.8	16.9	3.9	108.5	223.9	42.7	0	0.0
03	31	2018
40.1	28.2	23.0	194.6	185.6	25.1	6	0.0
30.3	21.6	10.1	219.3	191.0	27.3	23	57.8
30.5	20.5	5.2	161.5	303.0	39.3	0	1.0
31.8	18.4	3.2	174.3	315.4	57.6	1	4.6
32.6	15.2	3.8	169.6	347.0	89.6	0	0.0
37.5	19.2	2.8	122.9	281.0	49.0	0	0.0
43.0	23.0	3.0	122.3	260.0	43.2	0	0.0
52.4	27.1	11.5	183.6	308.2	41.1	0	0.0
46.9	27.2	4.7	124.8	275.4	32.8	0	0.0
42.7	32.2	2.9	118.3	248.1	25.5	1	0.0
44.4	33.1	2.0	83.8	309.2	43.7	0	0.0
51.7	31.3	4.6	107.1	350.6	54.2	0	0.0
51.3	34.7	12.1	180.2	234.9	25.5	5	0.0
40.7	25.3	9.8	229.4	279.0	41.7	0	0.0
37.7	24.5	7.5	146.3	284.1	26.6	14	32.4
32.7	28.7	4.6	140.0	189.7	20.5	28	70.5
30.0	24.1	3.4	39.8	252.4	33.8	3	6.5
32.7	19.3	3.0	153.3	336.5	45.5	0	0.0
41.9	20.8	4.4	226.2	352.6	42.7	0	0.0
44.3	29.7	4.6	80.8	207.4	21.9	0	0.0
49.2	39.7	10.6	165.9	265.0	22.2	22	0.0
43.6	36.5	10.8	177.6	220.9	29.9	65	0.0
41.7	18.7	11.0	141.9	429.9	81.8	0	0.0
38.9	19.5	11.0	247.9	310.4	39.6	0	0.0
36.6	14.7	9.4	268.3	320.4	49.0	0	0.0
37.8	16.4	4.0	81.0	433.7	81.8	0	0.0
45.1	22.4	2.2	37.1	367.3	65.6	0	0.0
51.4	29.4	3.4	98.8	421.1	68.8	0	0.0
53.4	26.3	3.2	112.9	334.9	60.4	0	0.0
56.5	26.1	3.5	112.5	308.1	36.5	0	0.0
56.2	23.9	5.9	173.1	302.7	33.3	0	0.0
04	30	2018
55.3	22.9	7.3	160.6	433.9	69.8	0	0.0
54.5	21.1	9.5	173.1	374.9	59.9	0	0.0
50.5	18.6	4.7	136.7	332.7	48.4	0	0.0
58.4	25.7	6.9	197.3	305.7	20.3	0	0.0
57.1	31.0	6.6	185.0	262.8	18.2	0	0.0
52.8	44.0	5.1	63.1	262.3	22.4	25	0.0
54.1	32.8	13.9	181.5	456.0	53.1	10	0.0
51.7	23.1	6.0	95.8	514.8	92.2	0	0.0
56.9	29.7	4.0	69.6	386.9	55.2	0	0.0
61.9	26.0	15.8	146.2	352.3	41.9	0	0.0
52.2	24.5	13.4	169.5	368.9	38.5	2	0.0
39.9	17.6	10.8	298.5	396.0	59.4	0	0.0
46.2	20.0	3.3	113.1	477.6	71.9	0	0.0
54.5	26.8	6.5	180.8	473.3	63.0	0	0.0
53.9	28.0	15.9	193.1	464.1	36.5	0	0.0
38.6	21.6	11.7	279.6	357.4	30.6	0	0.0
43.4	19.6	5.5	183.3	519.0	54.2	0	0.0
42.4	26.7	7.2	102.9	245.1	17.7	2	0.0
43.6	30.1	9.7	248.7	384.5	36.6	5	0.0
52.8	26.0	3.2	71.9	553.4	91.7	0	0.0
61.6	31.0	3.4	97.7	547.3	80.7	0	0.0
62.5	29.4	5.6	170.0	428.6	63.5	0	0.0
59.1	24.5	4.7	129.6	500.8	71.9	0	0.0
60.4	22.6	5.1	130.6	428.0	52.1	0	0.0
66.0	26.3	3.1	110.2	567.2	71.3	0	0.0
67.2	30.6	6.2	117.5	444.0	49.7	0	0.0
59.2	25.2	12.4	214.4	568.9	80.7	0	0.0
50.4	23.9	10.5	216.7	449.4	52.6	0	0.0
46.3	30.9	10.5	194.8	362.8	25.0	2	0.0
47.4	29.6	5.9	162.9	402.1	42.2	0	0.0
05	31	2018
53.2	28.0	7.9	205.0	443.0	37.0	0	0.0
55.6	25.6	6.2	152.9	569.3	72.9	0	0.0
61.6	30.1	4.5	148.1	536.4	63.5	0	0.0
66.6	35.1	6.1	171.0	453.5	43.8	0	0.0
65.8	34.6	4.5	181.9	411.3	38.0	0	0.0
66.0	28.8	7.9	145.8	498.0	47.4	0	0.0
67.8	25.1	3.7	135.6	616.8	86.5	0	0.0
70.7	34.1	7.1	158.3	520.3	74.5	0	0.0
68.0	30.6	11.0	221.5	548.1	59.4	0	0.0
64.9	28.0	7.9	236.5	455.4	53.6	0	0.0
54.3	24.5	13.5	167.7	510.2	52.6	0	0.0
51.0	36.9	7.2	205.4	399.7	31.2	9	0.0
56.9	43.4	4.0	123.3	441.4	31.8	12	0.0
58.9	40.0	2.4	47.5	481.4	48.4	0	0.0
61.0	40.0	7.2	176.1	477.6	42.2	0	0.0
51.5	41.2	8.4	208.3	305.3	20.1	29	0.0
57.2	43.3	5.4	137.7	448.7	29.7	6	0.0
60.8	44.1	6.2	192.3	545.1	50.5	0	0.0
61.3	43.5	4.3	133.6	481.4	42.7	6	0.0
63.0	36.3	5.9	187.3	499.4	39.1	0	0.0
60.0	46.0	4.4	138.2	406.3	22.9	6	0.0
62.9	44.9	4.6	108.2	498.6	45.8	0	0.0
63.7	46.1	6.5	139.2	509.5	50.2	0	0.0
61.6	46.8	6.3	141.7	443.8	39.7	22	0.0
55.3	42.0	11.8	260.2	441.9	40.4	51	0.0
53.1	40.2	7.7	223.8	376.1	31.8	0	0.0
60.2	41.4	4.8	102.3	562.1	60.4	0	0.0
67.0	40.5	4.5	130.4	649.0	80.7	0	0.0
70.9	40.8	6.9	174.8	582.1	75.8	2	0.0
67.3	32.4	10.1	177.3	482.7	52.1	0	0.0
60.3	20.6	11.5	225.4	539.7	56.2	0	0.0
06	30	2018
61.3	28.8	4.5	141.7	673.7	96.9	0	0.0
69.7	28.6	4.8	139.8	671.6	96.3	0	0.0
74.3	33.7	7.7	168.1	631.4	79.5	0	0.0
74.2	31.3	8.6	157.5	528.9	52.1	0	0.0
73.3	27.9	7.0	177.3	520.2	41.7	0	0.0
70.2	32.6	7.4	168.1	470.4	43.2	0	0.0
68.8	33.2	8.2	194.4	657.3	74.5	0	0.0
69.1	32.5	10.0	198.3	671.2	92.2	0	0.0
64.5	32.7	20.0	205.6	492.6	43.8	0	0.0
60.7	30.9	5.3	147.5	655.0	71.3	0	0.0
69.7	33.2	4.5	176.0	664.3	92.2	0	0.0
75.0	36.0	5.1	215.4	673.7	92.2	0	0.0
77.3	36.9	8.2	181.7	682.4	96.9	0	0.0
75.3	35.3	7.3	176.0	655.8	82.8	0	0.0
73.0	34.0	9.4	147.9	501.4	54.2	0	0.0
68.0	34.6	12.1	190.2	672.7	82.3	0	0.0
57.2	41.2	10.0	252.9	467.5	31.2	10	0.0
64.2	40.9	6.6	184.6	567.7	62.5	0	0.0
69.9	41.0	4.5	133.8	598.7	77.1	0	0.0
75.8	36.7	7.5	232.9	670.3	83.8	0	0.0
75.4	26.7	6.7	181.9	691.2	91.2	0	0.0
77.8	34.1	6.6	218.1	540.4	69.4	0	0.0
77.2	34.9	6.6	180.4	695.1	100.0	0	0.0
78.4	36.6	5.1	132.1	694.1	95.3	0	0.0
81.5	35.8	6.8	125.4	678.3	87.5	0	0.0
79.3	31.0	8.3	172.3	694.8	100.0	0	0.0
77.2	31.1	7.2	172.5	662.1	74.0	0	0.0
74.6	34.0	9.5	220.8	669.7	75.0	0	0.0
73.7	37.8	7.4	130.2	669.4	83.8	0	0.0
75.2	32.6	5.9	110.6	691.8	98.4	0	0.0
07	31	2018
79.5	35.6	5.6	162.9	640.5	85.9	0	0.0
81.0	41.7	7.9	210.8	642.7	84.9	0	0.0
75.6	36.4	6.1	131.5	670.9	90.5	0	0.0
76.0	35.3	6.7	188.5	673.4	90.1	0	0.0
76.3	29.3	7.6	134.4	678.1	77.6	0	0.0
80.3	33.7	8.3	196.5	514.6	34.4	0	0.0
81.6	39.6	5.7	161.0	602.5	52.6	0	0.0
82.2	37.4	6.8	123.1	657.5	82.8	0	0.0
80.8	33.7	7.9	181.2	660.8	81.8	0	0.0
80.0	36.7	7.1	172.1	679.7	94.3	0	0.0
82.8	40.9	6.3	193.1	666.8	91.2	0	0.0
84.7	43.5	7.6	190.6	525.9	52.1	0	0.0
81.9	46.8	5.6	191.9	421.0	31.2	0	0.0
83.3	50.0	5.7	138.1	573.1	50.5	0	0.0
84.7	51.4	8.1	171.2	577.6	46.9	0	0.0
83.3	42.4	6.6	279.6	652.7	74.5	0	0.0
84.3	40.3	7.3	215.6	663.7	95.3	0	0.0
85.2	38.4	6.6	184.2	522.4	69.8	0	0.0
86.2	41.1	7.3	226.5	623.6	75.0	0	0.0
80.9	46.1	9.5	139.2	520.9	57.8	0	0.0
74.6	55.2	4.1	101.1	514.9	58.4	54	0.0
75.8	56.4	4.6	158.1	509.0	41.1	0	0.0
79.1	51.3	4.2	106.8	583.9	64.4	0	0.0
83.6	48.9	6.2	213.8	584.2	74.0	0	0.0
84.7	41.7	5.3	143.8	607.3	75.5	0	0.0
84.7	43.6	4.8	146.0	528.1	53.1	0	0.0
83.8	38.1	7.6	154.0	641.9	83.8	0	0.0
82.5	36.1	5.2	139.6	620.6	87.0	0	0.0
82.3	36.7	4.4	136.1	445.4	35.4	0	0.0
84.7	38.5	5.6	207.7	404.8	29.7	0	0.0
86.6	43.0	6.8	170.4	450.2	39.6	0	0.0
08	31	2018
84.5	38.8	6.6	158.5	620.3	72.9	0	0.0
81.6	29.8	5.9	166.9	614.6	78.1	0	0.0
78.5	26.9	7.3	166.2	586.7	68.2	0	0.0
75.4	27.7	9.4	180.0	497.3	44.3	0	0.0
73.9	28.7	4.8	144.8	599.5	78.7	0	0.0
77.0	30.8	2.9	81.0	627.5	80.2	0	0.0
79.8	33.0	3.8	143.8	630.1	100.0	0	0.0
82.3	37.3	5.4	159.4	607.0	82.3	0	0.0
83.3	37.5	4.2	126.9	612.8	75.3	0	0.0
83.7	34.5	5.7	189.2	591.3	68.2	0	0.0
84.3	35.1	6.4	232.1	559.1	66.2	0	0.0
81.6	37.1	5.8	171.9	584.4	68.2	0	0.0
81.3	36.8	5.8	147.7	546.7	67.2	0	0.0
79.7	40.1	7.0	173.0	482.2	47.9	0	0.0
82.4	42.2	5.9	155.4	534.6	60.9	0	0.0
80.1	40.5	6.4	148.1	541.8	78.1	0	0.0
79.4	40.7	7.2	182.1	561.9	83.8	0	0.0
79.3	33.9	6.3	184.4	530.3	80.7	0	0.0
80.4	34.5	7.0	155.2	569.1	87.0	0	0.0
77.8	30.9	7.4	157.9	569.2	80.7	0	0.0
76.0	31.7	5.7	158.8	518.4	83.8	0	0.0
74.3	29.1	5.8	184.8	583.0	100.0	0	0.0
73.3	32.3	6.0	145.4	579.5	100.0	0	0.0
71.2	27.4	6.6	111.9	563.6	91.7	0	0.0
71.2	25.9	7.0	186.7	557.7	88.5	0	0.0
70.7	24.9	9.8	204.2	484.6	59.9	0	0.0
72.2	30.5	7.3	180.8	557.5	88.0	0	0.0
72.0	36.4	3.9	61.7	549.1	93.2	0	0.0
73.9	40.1	5.8	155.0	493.4	77.1	0	0.0
70.8	32.7	8.7	184.2	495.8	78.7	0	0.0
67.9	30.8	6.0	176.0	516.2	84.4	0	0.0
09	30	2018
71.3	33.2	3.6	99.8	538.0	96.9	0	0.0
74.7	30.8	3.0	137.7	524.4	89.1	0	0.0
76.0	29.2	4.0	151.0	517.3	85.9	0	0.0
76.4	31.6	5.8	180.2	503.2	81.2	0	0.0
75.3	37.4	4.2	106.5	476.4	84.4	0	0.0
75.3	38.7	5.7	157.7	388.6	64.6	0	0.0
75.4	32.0	6.3	197.7	478.8	75.5	0	0.0
74.5	26.3	6.6	153.5	446.5	65.6	0	0.0
71.8	24.1	3.8	106.5	425.5	71.0	0	0.0
71.3	23.1	6.5	197.5	496.0	92.2	0	0.0
70.2	24.0	8.9	155.6	481.2	83.3	0	0.0
66.2	11.8	11.1	160.6	340.0	41.7	0	0.0
63.1	19.3	8.2	169.4	408.5	45.8	0	0.0
63.4	27.5	4.3	130.2	334.4	39.1	0	0.0
64.2	29.2	8.3	149.6	448.9	69.8	0	0.0
62.9	23.9	4.9	131.0	480.9	100.0	0	0.0
64.7	26.2	4.5	122.9	476.3	100.0	0	0.0
64.6	26.5	5.2	143.5	471.0	95.3	0	0.0
63.9	25.5	6.1	190.2	457.1	95.8	0	0.0
63.4	25.9	4.3	129.2	462.5	100.0	0	0.0
66.9	27.7	4.0	79.4	445.2	89.6	0	0.0
67.0	27.9	5.5	108.3	341.0	56.8	0	0.0
68.1	24.0	7.1	143.3	431.1	69.8	0	0.0
62.6	23.6	3.6	91.9	444.4	100.0	0	0.0
62.2	20.6	2.8	89.0	435.3	95.3	0	0.0
64.5	23.1	2.1	102.3	427.4	89.1	0	0.0
67.8	26.2	1.3	42.1	354.0	64.6	0	0.0
69.5	31.3	2.3	91.7	319.3	60.9	0	0.0
64.8	34.0	7.8	144.4	338.7	53.6	0	0.0
63.1	30.9	5.8	117.5	400.7	55.7	0	0.0
10	31	2018
67.2	32.5	3.1	75.2	315.9	33.3	0	0.0
65.5	39.0	3.5	80.0	297.0	40.6	0	0.0
58.8	44.5	4.1	137.2	251.4	33.9	9	0.0
56.0	42.3	7.2	156.2	241.0	29.7	4	0.0
55.8	39.1	4.6	156.2	308.5	41.7	2	0.0
52.9	40.9	7.7	157.3	266.0	37.5	9	0.0
49.5	31.7	4.8	173.8	354.9	70.8	0	0.0
53.4	31.0	2.5	34.6	369.6	71.3	0	0.0
59.2	33.0	8.8	155.4	347.8	68.2	0	0.0
52.3	30.9	4.6	118.5	275.5	47.4	0	0.0
52.5	30.6	5.0	86.7	290.5	57.3	0	0.0
51.6	27.5	3.5	95.4	362.2	100.0	0	0.0
53.4	24.1	4.2	57.7	356.0	97.9	0	0.0
45.8	16.3	6.1	78.5	353.2	100.0	0	0.0
46.3	11.2	4.4	134.8	348.8	100.0	0	0.0
48.2	14.4	2.0	49.0	344.3	100.0	0	0.0
51.2	20.9	2.4	92.9	339.9	100.0	0	0.0
53.0	23.6	1.8	86.7	335.4	100.0	0	0.0
53.5	23.6	2.7	59.6	331.1	100.0	0	0.0
53.3	23.8	2.3	63.1	326.7	100.0	0	0.0
53.4	22.9	1.4	47.7	311.9	91.7	0	0.0
54.1	24.5	2.1	99.4	307.4	91.2	0	0.0
52.6	24.6	3.8	107.3	223.2	63.5	0	0.0
54.9	24.6	3.7	115.2	231.8	49.0	0	0.0
55.0	27.6	3.5	130.8	288.7	78.7	0	0.0
57.9	32.5	1.9	102.5	206.0	50.5	0	0.0
60.0	34.2	2.8	120.6	202.8	41.1	0	0.0
59.2	33.1	5.3	125.2	250.1	51.0	0	0.0
51.2	29.0	6.5	73.8	202.0	55.7	0	0.0
43.8	21.1	3.5	66.9	265.5	86.5	0	0.0
46.2	21.1	1.5	45.0	127.6	41.1	0	0.0
11	30	2018
52.5	32.6	1.8	54.2	188.7	53.1	0	0.0
54.0	30.6	5.1	151.0	190.6	74.0	0	0.0
51.0	24.9	1.9	65.0	184.1	50.5	0	0.0
54.2	25.5	5.3	112.9	172.6	32.3	0	0.0
48.1	23.1	3.4	85.6	262.0	84.4	0	0.0
43.0	14.5	2.3	59.8	250.0	87.5	0	0.0
42.8	12.9	3.9	89.2	255.6	97.4	0	0.0
38.9	10.6	4.8	88.3	252.2	98.4	0	0.0
36.8	9.5	1.9	72.7	247.3	99.0	0	0.0
39.0	11.8	3.3	70.0	244.4	96.3	0	0.0
37.9	9.4	4.1	74.6	232.5	89.6	0	0.0
36.1	6.8	1.9	85.2	228.9	85.4	0	0.0
37.8	8.5	0.6	35.0	111.9	41.7	0	0.0
39.2	10.2	0.5	35.4	180.7	67.2	0	0.0
40.5	11.1	1.2	44.4	156.2	62.0	0	0.0
41.1	12.4	0.6	12.5	226.9	99.0	0	0.0
40.6	14.7	2.2	84.2	223.5	97.9	0	0.0
38.8	18.0	1.5	50.4	221.2	100.0	0	0.0
36.2	16.8	0.7	26.7	138.8	47.9	0	0.0
37.6	16.2	0.7	42.5	199.6	65.6	0	0.0
43.0	24.6	6.0	91.5	135.2	22.9	16	0.0
44.0	32.2	10.2	177.7	152.2	32.8	7	0.0
50.5	34.3	10.8	229.0	141.3	31.2	0	0.0
50.7	32.7	10.4	141.9	164.9	38.0	0	0.0
43.1	24.2	4.7	109.6	190.7	49.0	0	0.0
40.9	26.1	0.7	26.2	117.3	33.9	0	0.0
43.8	31.6	4.3	126.7	96.8	23.4	0	0.0
45.5	34.0	5.2	102.7	133.8	26.6	0	0.0
40.9	33.9	6.5	129.5	128.1	17.7	51	0.0
40.9	25.7	8.4	240.2	134.3	41.1	0	0.0
12	31	2018
36.6	23.7	9.1	214.4	135.4	33.3	5	0.0
32.9	19.3	3.8	107.9	158.7	46.9	0	0.0
31.3	17.1	5.2	154.4	165.6	50.5	0	0.0
30.7	23.8	6.5	93.3	81.4	8.0	8	20.1
30.9	26.3	4.6	65.3	94.9	13.4	7	17.4
31.7	25.5	6.7	82.5	78.7	8.3	0	0.0
33.6	27.0	3.3	81.7	78.1	8.3	0	0.0
31.1	26.7	4.5	117.4	87.7	10.1	0	0.0
32.0	26.0	4.1	101.5	114.2	24.0	0	0.0
34.1	27.9	2.4	96.2	108.5	13.5	0	0.0
37.1	28.9	4.3	110.2	128.0	26.0	0	0.0
42.7	21.5	7.2	161.2	155.4	54.2	0	0.0
37.3	22.1	1.8	82.9	167.4	72.4	0	0.0
40.9	18.2	7.4	107.7	126.1	52.1	0	0.0
39.5	19.6	2.5	86.7	118.5	43.8	0	0.0
42.1	23.8	6.9	97.5	118.1	37.0	0	0.0
46.7	26.9	8.0	177.5	151.0	38.0	0	0.0
43.2	26.2	6.1	137.5	121.5	44.8	0	0.0
41.7	30.4	1.3	54.2	117.1	56.8	0	0.0
44.5	23.2	7.3	102.1	113.5	50.0	0	0.0
46.2	33.3	6.3	127.1	122.9	47.9	0	0.0
36.5	27.0	1.9	72.1	97.8	35.9	0	0.0
40.3	32.2	2.6	72.9	80.3	25.0	2	0.0
40.5	34.0	4.4	114.5	89.7	28.5	51	0.0
38.0	27.3	8.7	252.9	116.7	36.5	0	0.0
33.5	24.2	0.6	19.4	131.0	46.4	0	0.0
34.3	18.9	10.5	227.3	117.0	38.0	0	0.0
29.3	14.7	3.8	110.6	167.4	74.0	0	0.0
31.4	16.8	1.1	71.2	140.8	63.5	0	0.0
38.7	20.4	6.1	132.9	135.1	41.7	0	0.0
29.8	12.1	7.4	81.0	126.3	47.4	0	0.0
