   1    31    1964
41.7	23.5	7.4	177.9	224.7	54.0	.0	.0	
37.1	22.7	5.7	210.4	215.5	39.0	.0	.0	
28.2	18.1	2.3	150.4	183.0	63.0	.0	.0	
29.0	16.3	3.8	132.9	226.8	21.0	.0	.0	
27.6	14.4	3.0	104.6	236.0	41.0	.0	.0	
44.6	24.3	13.0	280.8	112.2	78.0	.0	.0	
37.6	18.5	9.9	298.3	193.8	45.0	.0	.0	
26.0	14.2	2.9	166.7	220.8	44.0	.0	.0	
35.8	17.3	10.4	197.1	185.9	70.0	.0	.0	
29.1	14.6	6.9	157.1	240.5	33.0	.0	.0	
25.5	12.9	2.3	142.1	229.2	78.0	.0	.0	
28.5	14.9	4.0	188.3	218.5	44.0	.0	.0	
27.6	15.2	5.6	163.8	185.5	63.0	.0	.0	
31.8	20.6	7.9	200.8	112.7	85.0	.0	.0	
27.1	16.1	3.6	193.8	251.8	29.0	.0	.0	
34.9	19.9	9.0	139.6	193.9	88.0	.0	.0	
40.6	25.8	17.0	194.6	145.6	82.0	.0	.0	
38.8	21.0	13.9	264.6	220.8	80.0	.0	.0	
45.5	25.9	16.8	186.3	177.5	73.0	.0	.0	
46.3	27.1	20.0	199.6	186.5	73.0	35.0	.0	
31.1	23.6	11.3	209.6	223.3	80.0	.0	61.0	
28.6	18.2	8.0	223.3	229.8	78.0	.0	22.9	
20.4	13.8	3.2	157.5	242.8	56.0	.0	.0	
29.5	22.7	2.6	174.2	196.6	97.0	.0	.0	
30.8	26.4	2.9	166.7	122.6	98.0	.0	.0	
32.7	27.9	3.4	144.6	231.6	73.0	.0	.0	
28.1	23.9	2.0	96.7	211.0	58.0	.0	.0	
27.5	24.1	2.1	123.3	245.3	68.0	.0	.0	
30.9	27.6	3.7	180.8	130.1	81.0	.0	.0	
34.6	25.5	2.9	160.4	271.4	32.0	.0	.0	
33.4	24.4	2.5	122.1	280.2	37.0	.0	.0	
   2    29    1964
36.0	28.5	5.2	170.0	276.3	49.0	.0	.0	
31.3	19.8	6.2	162.5	287.9	26.0	.0	.0	
31.2	18.7	2.8	203.3	307.3	2.0	.0	.0	
34.6	22.2	3.6	176.3	310.1	2.0	.0	.0	
33.3	16.9	7.7	142.5	304.5	2.0	.0	.0	
30.0	11.7	6.1	123.8	315.6	2.0	.0	.0	
31.7	16.0	2.8	163.3	304.6	2.0	.0	.0	
35.2	20.0	2.3	135.4	326.0	33.0	.0	.0	
36.2	21.6	3.5	172.1	334.8	2.0	.0	.0	
39.5	18.6	7.2	159.2	328.8	17.0	.0	.0	
33.0	18.2	10.7	301.3	208.3	54.0	1.0	.0	
30.0	14.3	5.1	174.6	334.1	40.0	.0	.0	
29.4	12.1	7.8	185.4	273.9	30.0	.0	.0	
30.6	13.3	5.2	149.2	357.7	16.0	.0	.0	
36.4	16.8	13.4	285.4	300.6	79.0	.0	.0	
31.2	15.5	6.5	204.2	332.9	60.0	.0	.0	
32.3	16.6	4.1	117.9	343.7	34.0	.0	.0	
35.1	19.9	3.4	169.6	382.4	2.0	.0	.0	
36.4	16.8	6.5	87.5	352.9	10.0	.0	.0	
33.2	10.1	5.7	140.0	380.5	2.0	.0	.0	
31.9	13.3	3.1	197.1	384.5	2.0	.0	.0	
32.1	13.6	6.0	135.8	381.7	2.0	.0	.0	
32.6	12.7	3.2	160.0	407.3	2.0	.0	.0	
35.6	13.0	10.5	147.5	359.1	34.0	.0	.0	
29.8	7.7	7.1	126.7	406.9	23.0	.0	.0	
29.8	7.4	4.4	202.9	428.0	2.0	.0	.0	
33.8	11.2	4.1	123.8	428.4	2.0	.0	.0	
34.4	14.0	9.0	217.5	361.9	38.0	.0	.0	
35.3	17.6	4.9	191.7	399.0	62.0	.0	.0	
   3    31    1964
37.2	24.6	11.4	212.1	264.6	87.0	12.0	.0	
29.4	15.1	11.0	265.0	321.4	43.0	.0	.0	
32.6	15.8	4.8	162.1	390.2	47.0	.0	.0	
44.2	25.3	7.5	201.7	360.2	57.0	.0	.0	
37.7	13.3	13.9	256.3	318.8	61.0	.0	.0	
29.7	18.9	6.7	200.8	227.5	98.0	.0	22.9	
25.6	14.0	6.5	196.7	324.1	68.0	.0	63.5	
22.2	10.6	3.7	156.7	461.7	13.0	.0	.0	
40.0	18.9	11.1	189.2	369.2	88.0	.0	.0	
37.2	19.7	4.4	164.6	437.6	55.0	.0	.0	
41.8	24.1	16.4	158.3	288.6	92.0	3.0	.0	
38.4	18.9	13.5	271.7	306.0	79.0	.0	.0	
38.3	16.7	10.6	247.1	417.4	60.0	.0	.0	
40.8	21.4	6.3	193.8	407.2	60.0	.0	.0	
42.3	19.6	8.6	167.1	486.0	24.0	.0	.0	
38.9	15.4	5.1	156.7	513.1	21.0	.0	.0	
46.1	18.5	6.7	196.7	507.2	56.0	.0	.0	
40.6	14.8	5.9	182.1	488.3	14.0	.0	.0	
37.5	10.7	4.6	137.5	506.1	35.0	.0	.0	
42.8	16.7	12.9	181.3	432.4	70.0	.0	.0	
37.4	15.4	12.1	235.8	396.5	62.0	.0	.0	
32.1	18.5	6.0	210.0	210.1	94.0	14.0	.0	
32.0	21.5	5.6	201.7	439.7	96.0	.0	17.8	
32.1	20.2	6.5	241.7	396.4	56.0	.0	.0	
36.9	17.7	6.8	232.9	540.5	30.0	.0	.0	
42.3	19.2	6.4	182.9	539.0	32.0	.0	.0	
43.2	19.0	3.4	148.8	553.1	3.0	.0	.0	
47.5	22.1	4.3	184.2	544.8	59.0	.0	.0	
49.9	23.0	4.5	161.3	500.4	72.0	.0	.0	
52.6	25.4	4.7	185.0	504.0	82.0	.0	.0	
47.4	28.5	9.1	229.6	338.3	89.0	2.0	.0	
   4    30    1964
40.8	26.2	8.8	225.4	320.1	91.0	18.0	.0	
33.6	19.6	8.2	214.2	265.9	85.0	1.0	.0	
37.9	19.2	7.5	140.0	564.4	5.0	.0	.0	
44.3	22.9	7.7	230.4	462.5	49.0	.0	.0	
38.5	18.9	12.2	263.8	332.6	54.0	2.0	.0	
39.3	20.6	6.7	243.3	264.8	94.0	.0	.0	
45.8	25.2	4.3	177.9	575.7	24.0	.0	.0	
49.1	25.9	4.9	159.2	550.4	42.0	.0	.0	
50.3	22.0	10.6	215.0	525.0	39.0	.0	.0	
47.8	22.6	5.7	179.6	612.3	9.0	.0	.0	
48.3	20.3	10.3	177.5	600.1	17.0	.0	.0	
45.7	15.8	6.3	194.2	588.0	38.0	.0	.0	
49.6	19.3	4.8	160.0	644.2	2.0	.0	.0	
54.5	23.5	4.3	151.3	638.9	2.0	.0	.0	
57.1	23.1	9.0	200.8	633.6	46.0	.0	.0	
56.1	19.8	11.1	194.2	632.2	46.0	.0	.0	
44.7	14.4	7.5	200.4	585.3	33.0	.0	.0	
44.0	17.1	7.0	102.9	494.9	68.0	.0	.0	
50.3	15.2	10.7	252.1	581.1	70.0	.0	.0	
49.9	20.7	8.0	241.3	643.6	3.0	.0	.0	
48.6	24.4	5.5	166.3	589.3	62.0	.0	.0	
44.1	23.1	11.9	216.3	524.2	52.0	25.0	.0	
29.8	20.2	5.2	155.0	461.5	80.0	.0	17.8	
33.0	18.9	7.5	215.8	403.8	71.0	.0	.0	
45.0	23.5	7.3	251.7	453.2	62.0	.0	.0	
50.2	28.5	7.4	210.4	647.9	70.0	.0	.0	
53.5	30.2	5.3	151.3	655.4	12.0	.0	.0	
56.2	31.2	5.7	167.1	634.3	29.0	.0	.0	
54.7	30.4	9.9	220.0	617.8	61.0	.0	.0	
49.9	20.7	10.7	193.8	640.3	61.0	.0	.0	
   5    31    1964
40.3	19.8	13.4	221.3	549.7	78.0	20.0	.0	
34.6	15.9	10.9	227.9	563.3	68.0	.0	.0	
35.7	23.6	7.1	210.4	349.8	87.0	19.0	.0	
42.6	25.0	11.3	221.7	425.6	89.0	.0	.0	
36.1	24.7	10.7	229.6	291.8	98.0	43.0	.0	
37.7	22.0	7.4	205.0	656.3	74.0	2.0	.0	
45.3	27.4	7.7	216.3	510.4	54.0	.0	.0	
47.6	29.9	4.5	108.8	439.0	60.0	.0	.0	
53.8	30.6	5.0	145.0	657.9	33.0	.0	.0	
59.7	34.9	7.8	199.2	646.7	59.0	.0	.0	
57.8	34.0	5.6	124.6	692.6	20.0	.0	.0	
61.4	36.5	8.4	197.1	702.5	2.0	.0	.0	
63.3	22.4	13.6	219.6	698.6	28.0	.0	.0	
57.8	25.1	6.8	190.0	517.9	60.0	.0	.0	
57.5	25.5	6.2	193.3	721.5	51.0	.0	.0	
54.0	28.6	11.0	183.8	699.4	36.0	.0	.0	
56.0	31.8	5.1	145.0	721.1	12.0	.0	.0	
62.8	30.1	6.2	185.0	674.1	76.0	.0	.0	
68.0	28.0	10.2	229.2	689.9	75.0	.0	.0	
62.5	23.0	12.7	240.4	718.1	9.0	.0	.0	
56.3	24.2	5.7	182.5	587.6	75.0	.0	.0	
59.1	27.2	8.9	205.8	739.6	2.0	.0	.0	
60.4	29.9	6.2	142.9	722.1	47.0	.0	.0	
62.5	35.9	9.4	214.6	605.8	50.0	.0	.0	
58.1	33.9	7.0	207.5	642.3	44.0	2.0	.0	
51.7	40.5	8.9	152.5	384.6	90.0	62.0	.0	
47.4	31.1	12.5	233.3	436.2	86.0	31.0	.0	
51.0	33.2	7.5	198.3	425.8	60.0	.0	.0	
55.6	37.4	7.0	169.2	595.4	55.0	.0	.0	
59.3	41.5	4.3	186.3	646.8	58.0	.0	.0	
64.2	37.7	5.8	146.7	720.9	4.0	.0	.0	
   6    30    1964
62.2	33.6	8.2	183.8	626.5	67.0	.0	.0	
60.7	34.8	8.0	188.8	669.5	60.0	.0	.0	
64.1	34.9	9.8	220.4	669.8	71.0	.0	.0	
62.0	39.3	6.9	146.7	330.7	98.0	.0	.0	
61.3	41.6	6.2	181.3	356.0	90.0	.0	.0	
59.8	37.7	12.9	238.3	417.7	65.0	2.0	.0	
50.7	36.1	11.2	250.4	406.7	90.0	19.0	.0	
45.5	35.2	5.9	197.9	291.2	93.0	8.0	.0	
48.7	31.0	10.4	233.8	459.5	83.0	.0	.0	
53.4	36.1	6.9	197.9	393.7	81.0	.0	.0	
57.4	38.3	6.3	180.8	636.9	29.0	.0	.0	
63.2	39.7	6.5	191.3	708.0	22.0	.0	.0	
67.5	43.5	5.7	179.6	688.3	40.0	.0	.0	
68.4	41.6	8.1	219.2	626.4	65.0	.0	.0	
61.2	37.5	9.1	212.1	407.4	89.0	.0	.0	
60.3	35.0	10.4	202.1	378.1	82.0	.0	.0	
59.6	34.1	9.7	194.2	555.8	41.0	.0	.0	
58.0	30.9	10.6	192.9	682.3	38.0	.0	.0	
60.1	34.9	5.8	187.1	742.5	41.0	.0	.0	
67.2	36.6	9.3	208.3	693.9	44.0	.0	.0	
64.7	36.3	6.4	158.8	732.8	15.0	.0	.0	
64.6	31.4	5.5	125.0	760.3	2.0	.0	.0	
71.3	36.7	5.8	152.1	751.2	3.0	.0	.0	
75.2	38.2	7.1	192.9	761.0	2.0	.0	.0	
73.3	36.9	8.0	147.5	745.2	2.0	.0	.0	
70.0	33.7	9.3	178.3	676.3	23.0	.0	.0	
67.8	27.4	7.6	205.0	722.6	32.0	.0	.0	
68.5	30.6	7.4	197.1	768.1	43.0	.0	.0	
68.5	31.3	8.6	210.0	755.8	14.0	.0	.0	
68.7	33.3	5.5	178.3	730.5	25.0	.0	.0	
   7    31    1964
70.3	32.9	9.0	197.1	747.3	2.0	.0	.0	
68.5	30.1	8.1	186.7	746.4	2.0	.0	.0	
70.0	34.5	9.4	222.1	739.4	2.0	.0	.0	
66.0	29.6	9.9	195.0	737.2	4.0	.0	.0	
68.2	36.3	5.5	197.5	765.6	2.0	.0	.0	
75.0	41.3	5.6	181.3	752.9	3.0	.0	.0	
77.8	41.2	7.4	180.0	726.4	2.0	.0	.0	
72.9	35.3	9.2	195.8	758.2	2.0	.0	.0	
73.8	36.4	7.4	187.1	744.3	2.0	.0	.0	
77.7	38.6	5.6	150.4	737.3	2.0	.0	.0	
79.2	42.3	4.9	175.0	589.5	38.0	.0	.0	
74.2	50.8	6.1	173.8	504.6	28.0	13.0	.0	
75.4	46.0	7.3	186.7	703.2	4.0	.0	.0	
73.6	36.8	9.5	217.5	730.9	2.0	.0	.0	
71.5	38.8	9.5	228.8	749.7	2.0	.0	.0	
73.6	42.0	4.7	203.8	728.9	2.0	.0	.0	
76.2	44.4	7.1	193.8	695.8	5.0	.0	.0	
73.5	38.6	7.7	172.9	732.4	2.0	.0	.0	
73.1	39.0	6.7	193.8	707.5	2.0	.0	.0	
74.3	38.3	8.1	190.4	722.8	2.0	.0	.0	
71.3	35.3	7.0	172.9	716.8	2.0	.0	.0	
72.4	33.8	7.6	222.1	734.7	10.0	.0	.0	
74.4	37.4	4.7	128.3	730.6	5.0	.0	.0	
77.0	40.4	4.0	132.9	675.7	11.0	.0	.0	
72.4	47.0	6.7	207.9	451.7	65.0	.0	.0	
74.2	45.9	7.1	184.2	699.1	8.0	.0	.0	
73.9	46.8	5.7	156.7	584.1	53.0	.0	.0	
74.3	50.9	6.8	225.4	579.8	43.0	.0	.0	
73.7	50.1	7.7	169.6	631.3	6.0	.0	.0	
70.4	40.3	10.5	212.1	592.7	11.0	.0	.0	
64.7	34.8	8.2	188.8	714.8	2.0	.0	.0	
   8    31    1964
67.6	35.0	11.7	240.4	692.7	2.0	.0	.0	
64.5	39.6	6.8	177.1	707.0	2.0	.0	.0	
66.5	38.5	6.5	175.4	690.6	2.0	.0	.0	
68.7	35.0	8.4	191.3	692.2	2.0	.0	.0	
68.5	37.3	5.0	197.5	622.8	22.0	.0	.0	
69.3	47.9	5.3	147.1	435.3	47.0	.0	.0	
74.8	50.0	6.9	212.9	605.6	41.0	.0	.0	
73.7	46.6	7.3	177.1	665.0	2.0	.0	.0	
71.4	39.5	5.9	187.1	612.9	16.0	.0	.0	
70.6	45.9	5.3	127.9	368.9	58.0	.0	.0	
72.7	43.9	8.0	200.8	660.2	2.0	.0	.0	
72.4	36.7	6.5	197.1	666.3	2.0	.0	.0	
73.5	40.2	8.1	200.4	664.4	2.0	.0	.0	
71.0	41.6	7.8	194.2	675.8	2.0	.0	.0	
71.1	44.5	8.9	181.7	574.3	32.0	.0	.0	
71.6	45.4	5.3	158.3	635.9	2.0	.0	.0	
72.8	41.6	8.2	185.0	626.6	2.0	.0	.0	
69.4	37.6	9.1	208.8	661.4	2.0	.0	.0	
66.1	36.1	6.0	159.2	659.3	12.0	.0	.0	
65.7	38.5	4.7	135.8	655.4	2.0	.0	.0	
67.1	39.6	3.5	123.8	648.0	2.0	.0	.0	
69.6	39.7	4.4	148.8	647.8	2.0	.0	.0	
73.1	42.1	6.4	178.3	618.8	2.0	.0	.0	
73.0	42.0	7.8	172.5	606.1	2.0	.0	.0	
70.4	35.4	9.3	207.5	639.7	2.0	.0	.0	
68.5	34.0	11.7	220.4	610.5	3.0	.0	.0	
64.2	34.5	5.4	131.3	627.1	2.0	.0	.0	
66.9	30.1	11.3	221.3	608.5	18.0	.0	.0	
58.0	32.2	5.1	120.8	597.1	2.0	.0	.0	
62.8	35.1	6.7	162.1	581.9	17.0	.0	.0	
57.7	37.8	16.7	252.1	248.0	89.0	2.0	.0	
   9    30    1964
49.5	29.4	9.7	260.0	478.0	26.0	.0	.0	
51.6	31.8	4.7	164.6	589.9	2.0	.0	.0	
58.8	33.1	4.2	120.0	577.4	2.0	.0	.0	
62.1	33.2	5.8	186.7	589.1	2.0	.0	.0	
59.5	29.9	7.7	170.4	582.6	2.0	.0	.0	
57.5	29.0	5.7	161.3	583.5	2.0	.0	.0	
58.6	30.8	6.3	185.8	581.7	2.0	.0	.0	
57.5	28.4	8.1	149.2	569.3	2.0	.0	.0	
57.3	30.1	4.6	170.0	554.8	2.0	.0	.0	
60.4	33.5	4.4	173.3	546.6	2.0	.0	.0	
62.2	36.7	4.6	172.9	554.6	2.0	.0	.0	
64.1	40.8	5.1	151.3	538.7	2.0	.0	.0	
62.5	35.8	6.4	165.8	530.8	2.0	.0	.0	
59.2	31.5	5.7	168.8	542.1	2.0	.0	.0	
58.6	34.9	4.4	132.9	527.2	2.0	.0	.0	
62.9	31.3	5.8	147.1	529.0	13.0	.0	.0	
66.1	33.3	11.4	237.1	312.7	47.0	.0	.0	
55.9	31.7	4.9	139.2	514.1	2.0	.0	.0	
54.6	28.3	4.1	150.4	508.4	2.0	.0	.0	
56.7	29.0	9.1	196.3	520.0	11.0	.0	.0	
54.3	28.4	6.9	155.4	496.5	25.0	.0	.0	
57.9	32.2	5.2	119.6	522.8	2.0	.0	.0	
61.0	39.7	5.9	102.9	497.9	2.0	.0	.0	
62.4	38.3	3.8	152.1	510.5	2.0	.0	.0	
67.5	35.9	7.6	184.2	476.3	24.0	.0	.0	
59.1	36.7	4.1	145.8	473.7	35.0	.0	.0	
56.3	35.6	4.1	139.2	492.1	2.0	.0	.0	
56.0	35.9	3.5	137.9	486.5	2.0	.0	.0	
56.6	34.0	4.4	132.1	445.7	4.0	.0	.0	
59.7	34.9	7.4	160.0	473.1	20.0	.0	.0	
  10    31    1964
58.3	35.6	4.6	143.3	467.6	2.0	.0	.0	
56.9	35.7	3.5	135.4	464.5	2.0	.0	.0	
57.9	35.9	4.4	100.4	466.2	3.0	.0	.0	
57.1	36.8	3.3	128.8	447.4	32.0	.0	.0	
58.0	39.4	4.2	140.0	401.5	23.0	.0	.0	
60.5	41.5	4.1	140.0	428.1	2.0	.0	.0	
63.4	45.1	8.1	171.3	375.8	15.0	.0	.0	
60.7	44.3	4.8	98.8	439.4	20.0	.0	.0	
56.3	38.4	3.4	109.6	426.9	28.0	.0	.0	
55.8	36.2	3.6	133.8	422.4	8.0	.0	.0	
56.0	36.1	2.6	135.0	414.9	12.0	.0	.0	
57.3	35.2	3.9	134.2	422.7	2.0	.0	.0	
57.2	33.6	5.5	151.7	376.6	10.0	.0	.0	
55.2	34.2	5.4	167.1	412.6	2.0	.0	.0	
57.6	36.2	7.4	168.8	337.0	55.0	.0	.0	
57.7	35.7	6.8	167.1	393.0	52.0	.0	.0	
47.8	27.1	4.0	124.6	382.2	2.0	.0	.0	
45.7	24.2	4.1	92.1	401.6	2.0	.0	.0	
45.7	23.1	3.6	124.2	399.8	2.0	.0	.0	
52.7	25.9	2.5	144.2	364.5	2.0	.0	.0	
49.2	27.7	2.9	124.2	384.2	2.0	.0	.0	
47.5	27.9	2.9	69.6	360.4	2.0	.0	.0	
45.7	25.5	2.8	135.0	376.3	2.0	.0	.0	
47.7	24.0	2.7	132.1	366.6	2.0	.0	.0	
49.6	25.0	5.1	211.3	172.0	75.0	.0	.0	
51.0	27.1	4.2	149.6	287.9	76.0	.0	.0	
53.8	32.1	4.6	162.5	221.9	92.0	.0	.0	
55.2	39.5	3.7	160.4	175.4	95.0	.0	.0	
50.9	39.5	7.0	197.9	194.9	78.0	4.0	.0	
46.7	33.7	3.4	169.6	311.2	20.0	.0	.0	
45.7	33.9	3.6	157.1	170.8	71.0	.0	.0	
  11    30    1964
47.0	31.0	11.8	195.8	172.3	68.0	.0	.0	
43.9	30.8	4.6	122.1	190.4	41.0	.0	.0	
40.9	29.2	3.2	127.9	315.6	9.0	.0	.0	
46.9	30.4	4.0	147.5	249.3	75.0	.0	.0	
44.2	27.7	2.6	113.3	267.4	68.0	.0	.0	
44.7	26.4	2.8	117.1	304.6	63.0	.0	.0	
49.0	28.5	4.2	179.2	189.0	94.0	.0	.0	
53.4	33.7	8.4	178.3	182.0	67.0	.0	.0	
47.3	32.9	8.7	195.8	116.2	73.0	14.0	.0	
42.2	25.7	13.9	229.2	189.2	89.0	4.0	.0	
35.6	30.3	6.6	152.5	121.5	89.0	12.0	.0	
38.0	27.3	14.9	261.3	254.8	63.0	28.0	.0	
27.8	19.7	9.3	278.8	235.1	72.0	.0	5.1	
23.8	19.4	6.1	142.5	130.6	91.0	.0	.0	
21.7	16.0	6.8	147.9	227.2	40.0	.0	.0	
19.6	16.8	3.1	112.9	156.7	64.0	.0	5.1	
22.8	18.4	3.5	124.2	167.6	79.0	.0	2.5	
21.3	15.6	3.1	97.9	259.4	6.0	.0	.0	
21.5	14.8	3.2	140.0	273.2	2.0	.0	.0	
23.2	17.4	2.3	90.8	276.3	2.0	.0	.0	
28.0	21.4	2.8	137.9	259.7	52.0	.0	.0	
35.2	27.7	4.7	126.7	264.2	11.0	.0	.0	
33.4	26.6	2.8	158.3	234.7	55.0	.0	.0	
42.6	32.2	4.9	153.8	124.6	96.0	.0	.0	
49.3	36.4	9.7	227.1	218.6	70.0	.0	.0	
41.0	24.5	12.7	258.3	243.3	36.0	.0	.0	
36.3	23.1	8.5	202.5	163.2	60.0	.0	.0	
45.3	34.3	8.1	215.8	151.3	76.0	.0	.0	
37.0	31.5	2.5	138.8	248.1	14.0	.0	.0	
40.1	25.2	6.4	169.2	158.5	76.0	.0	.0	
  12    31    1964
46.3	34.4	10.5	244.6	109.1	98.0	.0	.0	
37.8	31.5	7.6	237.1	125.2	75.0	8.0	.0	
31.2	22.4	5.7	194.6	215.2	50.0	.0	.0	
26.7	23.1	2.1	97.5	110.9	83.0	.0	5.1	
32.0	28.7	4.8	65.8	124.8	98.0	.0	2.5	
31.0	24.7	6.2	122.9	111.9	98.0	.0	.0	
32.6	27.8	3.8	172.1	202.9	73.0	.0	.0	
40.6	35.5	5.1	97.5	112.7	91.0	.0	.0	
43.8	36.4	5.9	142.1	170.8	73.0	.0	.0	
50.3	36.1	11.3	228.3	151.5	69.0	.0	.0	
40.0	31.1	12.7	205.8	170.3	65.0	11.0	.0	
24.7	17.2	4.8	127.1	229.1	25.0	.0	.0	
23.1	17.9	2.0	77.1	218.3	37.0	.0	.0	
36.3	25.5	6.0	215.0	133.9	73.0	.0	.0	
35.6	27.4	6.6	187.5	219.7	2.0	.0	.0	
27.7	19.6	4.7	96.3	234.5	2.0	.0	.0	
21.5	12.6	6.1	108.8	222.5	59.0	.0	.0	
27.3	19.1	5.1	153.3	103.9	97.0	.0	.0	
39.9	33.8	15.8	196.3	186.1	63.0	9.0	.0	
43.4	36.5	14.3	180.0	147.5	89.0	27.0	.0	
51.6	39.3	22.7	168.8	106.2	90.0	.0	.0	
54.2	47.4	16.4	198.3	54.3	92.0	136.0	.0	
53.2	42.4	17.8	220.8	190.4	91.0	19.0	.0	
51.0	39.4	18.2	257.9	190.4	71.0	.0	.0	
47.3	35.3	10.6	252.9	152.1	66.0	.0	.0	
41.4	34.8	13.5	190.4	62.7	78.0	20.0	.0	
30.3	28.6	9.5	205.0	124.0	87.0	.0	96.5	
25.0	19.1	8.2	222.9	213.7	53.0	.0	20.3	
25.0	21.0	8.6	193.8	137.1	56.0	.0	.0	
27.3	21.0	12.7	174.6	202.3	68.0	.0	.0	
19.0	12.3	7.0	243.9	221.6	39.0	.0	25.4	
