01	31	2004
31.4	22.9	13.2	139.5	158.1	100.0	0	0.0
28.4	20.2	5.1	239.1	181.6	100.0	0	0.0
22.6	11.9	16.9	259.2	182.2	100.0	0	0.0
15.7	3.0	9.2	237.8	160.0	100.0	0	0.0
19.5	3.6	8.3	257.8	160.8	100.0	0	0.0
25.5	10.7	4.1	210.5	170.1	100.0	0	0.0
31.1	18.4	6.0	183.1	162.6	100.0	0	0.0
30.8	20.7	7.9	276.5	186.9	100.0	0	0.0
37.8	26.0	7.6	193.8	171.9	100.0	0	0.0
36.9	22.1	7.0	233.6	175.0	100.0	0	0.0
33.5	18.9	6.2	260.7	167.1	100.0	0	0.0
35.5	20.7	7.0	254.5	168.4	100.0	0	0.0
36.8	23.1	6.8	208.7	203.3	100.0	0	0.0
34.8	20.7	6.6	248.7	195.1	100.0	0	0.0
33.6	18.6	9.4	276.2	172.7	100.0	0	0.0
35.5	19.7	9.9	318.6	208.8	100.0	0	0.0
31.8	17.5	6.8	262.2	200.3	100.0	0	0.0
32.0	18.3	5.0	214.6	202.1	100.0	0	0.0
34.7	21.3	7.4	270.2	179.2	100.0	0	0.0
32.3	21.8	7.9	299.3	181.1	100.0	0	0.0
30.2	13.7	12.1	308.0	219.6	100.0	0	0.0
30.1	7.9	9.6	283.5	221.9	100.0	0	0.0
30.7	5.7	7.0	275.0	212.4	100.0	0	0.0
32.4	12.3	7.2	250.7	188.8	100.0	0	0.0
30.1	7.0	16.1	307.6	203.4	100.0	0	0.0
25.4	5.9	5.5	210.5	219.4	100.0	0	0.0
31.6	14.7	5.4	208.4	208.3	100.0	1	1.3
34.2	24.1	10.3	318.5	237.8	100.0	0	0.0
38.8	26.1	8.5	244.3	199.8	100.0	0	0.0
37.4	24.2	9.8	255.5	202.2	100.0	0	0.0
32.3	14.4	12.2	304.6	246.6	100.0	0	0.0
02	29	2004
29.0	8.7	5.7	200.9	207.1	100.0	0	0.0
33.1	19.7	11.7	116.9	209.6	100.0	15	39.0
27.6	22.8	11.2	250.1	169.8	100.0	3	6.7
28.2	21.1	13.7	293.5	214.8	100.0	0	0.0
26.3	14.6	12.6	299.8	262.6	100.0	0	0.0
26.8	13.5	6.5	179.5	220.2	100.0	0	0.0
28.9	17.7	15.7	271.8	239.3	100.0	1	2.5
27.2	14.8	8.6	281.5	242.4	100.0	0	0.0
26.6	13.1	13.8	326.7	228.6	100.0	0	0.0
27.1	10.8	13.3	310.4	262.8	100.0	0	0.0
32.9	12.0	12.9	290.9	234.4	100.0	0	0.0
29.3	7.4	7.4	283.9	269.5	100.0	0	0.0
31.0	6.1	5.7	255.2	258.6	100.0	0	0.0
34.5	11.0	6.8	277.9	262.0	100.0	0	0.0
36.4	15.8	5.4	215.8	298.8	100.0	0	0.0
41.9	19.8	7.7	174.3	268.9	100.0	0	0.0
44.7	23.1	10.1	138.6	252.7	100.0	0	0.0
41.9	24.7	12.2	172.5	310.5	100.0	0	0.0
37.7	22.5	13.4	289.2	314.5	100.0	0	0.0
35.2	22.7	8.4	189.3	262.3	100.0	0	0.5
33.9	32.0	4.4	75.4	265.6	100.0	13	8.7
34.8	32.5	9.6	129.9	326.6	100.0	12	1.5
35.4	33.0	3.6	141.6	309.2	100.0	11	24.0
35.2	31.2	7.5	133.3	335.1	100.0	0	0.0
36.1	32.0	18.7	141.2	339.4	100.0	0	0.0
36.9	31.1	10.8	143.6	321.1	100.0	21	49.1
31.4	23.9	20.3	270.4	286.2	100.0	1	1.7
32.7	21.6	21.4	305.6	352.5	100.0	0	0.0
33.7	19.0	7.1	215.5	293.3	100.0	0	0.0
03	31	2004
33.3	23.6	10.8	217.5	296.9	100.0	0	0.0
33.7	30.2	10.7	277.1	341.3	100.0	19	47.8
36.2	24.0	8.2	275.2	329.1	100.0	0	0.0
37.8	24.9	22.3	314.5	308.0	100.0	0	0.0
40.8	24.6	12.5	308.1	311.8	100.0	0	0.0
45.8	27.3	12.4	269.1	358.3	100.0	0	0.0
47.6	26.7	8.3	230.0	388.8	100.0	0	0.0
50.0	27.4	8.2	222.7	323.1	100.0	0	0.0
51.3	26.2	9.7	260.0	371.2	100.0	0	0.0
52.3	21.7	15.5	305.4	402.7	100.0	0	0.0
47.5	15.8	9.1	234.8	334.4	100.0	0	0.0
48.7	19.1	12.2	252.4	338.2	100.0	0	0.0
51.1	17.5	9.3	278.1	388.4	100.0	0	0.0
53.3	22.1	12.3	220.0	374.3	100.0	0	0.0
53.0	22.7	10.0	244.6	349.6	100.0	0	0.0
52.3	17.6	10.6	311.5	353.4	100.0	0	0.0
54.1	20.2	9.1	277.6	435.0	100.0	0	0.0
55.5	19.8	9.6	217.9	390.8	100.0	0	0.0
55.4	24.1	6.5	215.7	364.7	100.0	0	0.0
57.6	24.2	9.0	233.0	418.3	100.0	0	0.0
60.1	21.2	8.2	228.2	402.9	100.0	0	0.0
56.8	20.7	8.4	221.8	375.9	100.0	0	0.0
55.2	22.4	7.8	270.3	379.6	100.0	0	0.0
55.0	16.2	7.0	234.5	435.1	100.0	0	0.0
52.6	17.9	10.6	215.0	386.9	100.0	0	0.0
48.5	12.4	14.8	300.4	443.4	100.0	0	0.0
47.2	16.5	16.6	294.1	426.8	100.0	0	0.0
47.7	15.4	8.3	217.7	451.5	100.0	0	0.0
51.2	11.3	8.7	211.6	455.6	100.0	0	0.0
55.1	13.7	12.6	164.1	459.6	100.0	0	0.0
54.8	15.1	11.9	194.5	408.4	100.0	0	0.0
04	30	2004
42.4	28.3	19.4	291.9	501.7	100.0	2	0.0
43.5	35.4	14.9	278.1	505.9	100.0	12	0.0
48.3	40.8	4.8	114.1	453.6	100.0	11	0.0
48.6	34.6	5.5	147.2	514.4	100.0	0	0.0
51.5	33.6	6.8	178.2	356.8	100.0	0	0.0
49.8	31.5	6.0	153.6	522.9	100.0	0	0.0
49.7	32.2	10.4	301.2	369.9	100.0	0	0.0
53.2	33.6	9.6	245.5	495.1	100.0	1	0.0
54.3	21.2	11.3	289.3	535.4	100.0	0	0.0
51.2	15.3	11.9	288.9	539.5	100.0	0	0.0
48.1	13.1	7.4	273.8	446.7	100.0	0	0.0
53.6	14.9	9.1	199.8	487.3	100.0	0	0.0
53.4	15.8	12.0	190.0	514.0	100.0	0	0.0
50.0	11.1	8.0	235.9	517.6	100.0	0	0.0
53.1	14.2	9.7	266.6	497.8	100.0	0	0.0
49.4	21.7	10.9	195.9	524.7	100.0	0	0.0
41.2	32.2	11.9	286.4	466.1	100.0	12	0.0
41.8	21.7	11.7	204.2	469.2	100.0	0	0.0
46.4	22.6	10.2	229.8	472.3	100.0	0	0.0
49.5	18.8	11.3	252.9	475.3	100.0	0	0.0
50.5	19.5	15.9	301.0	478.3	100.0	0	0.0
44.5	21.4	18.6	297.9	472.6	100.0	0	0.0
53.0	19.7	13.8	314.0	484.2	100.0	0	0.0
55.8	19.8	12.0	280.0	487.0	100.0	0	0.0
56.7	20.4	8.2	183.6	530.4	100.0	0	0.0
61.8	20.8	7.5	223.8	533.4	100.0	0	0.0
64.1	22.4	10.4	295.0	536.3	100.0	0	0.0
56.4	17.9	19.7	274.8	604.8	100.0	0	0.0
50.0	14.3	12.2	242.4	566.4	100.0	0	0.0
54.4	17.6	11.5	273.0	503.2	100.0	0	0.0
05	31	2004
62.8	16.0	8.9	246.5	614.0	100.0	0	0.0
65.8	16.7	6.9	209.8	616.9	100.0	0	0.0
69.1	19.9	7.7	254.6	619.8	100.0	0	0.0
71.2	22.2	11.0	200.0	622.7	100.0	0	0.0
64.7	19.2	12.1	209.6	582.7	100.0	0	0.0
60.9	14.7	10.9	134.6	560.8	100.0	0	0.0
61.0	16.2	10.0	178.6	587.8	100.0	0	0.0
60.1	18.1	7.2	197.5	522.4	100.0	0	0.0
63.5	18.2	8.3	201.5	592.8	100.0	0	0.0
53.8	21.2	22.8	240.2	595.1	100.0	0	0.0
45.5	26.7	15.9	313.7	641.5	100.0	1	0.0
48.9	16.9	11.4	289.8	531.0	100.0	0	0.0
55.1	15.1	8.1	210.5	602.0	100.0	0	0.0
60.2	16.4	7.3	247.3	604.1	100.0	0	0.0
63.3	17.9	10.3	268.8	581.9	100.0	0	0.0
64.1	24.4	7.3	239.3	584.0	100.0	0	0.0
64.2	25.4	11.3	206.5	540.8	100.0	0	0.0
59.6	18.3	12.1	260.2	542.6	100.0	0	0.0
58.1	18.5	10.1	306.1	544.3	100.0	0	0.0
57.8	24.7	11.9	239.4	468.2	100.0	0	0.0
57.8	27.1	10.9	287.8	547.6	100.0	0	0.0
59.9	27.3	11.1	258.1	595.4	100.0	0	0.0
59.9	20.4	9.1	197.1	550.8	100.0	0	0.0
60.2	19.8	9.3	225.4	669.1	100.0	0	0.0
57.1	29.4	8.1	235.8	624.2	100.0	0	0.0
60.7	26.2	11.8	314.3	555.2	100.0	0	0.0
68.1	32.3	10.2	268.0	556.6	100.0	0	0.0
60.5	36.5	13.4	259.1	597.3	100.0	4	0.0
57.1	25.2	16.9	309.2	559.2	100.0	0	0.0
64.5	20.9	11.4	281.7	631.3	100.0	0	0.0
69.8	24.6	7.6	248.0	680.1	100.0	0	0.0
06	30	2004
72.0	23.9	9.7	325.9	633.7	100.0	0	0.0
73.7	25.2	9.5	239.1	611.8	100.0	0	0.0
75.0	27.8	9.5	251.1	564.9	100.0	0	0.0
75.5	26.6	8.9	292.6	565.9	100.0	0	0.0
77.3	29.6	8.0	254.8	566.8	100.0	0	0.0
78.9	28.7	12.3	247.8	687.2	100.0	0	0.0
75.1	28.7	11.3	169.8	568.4	100.0	0	0.0
64.4	22.4	18.6	254.1	617.9	100.0	0	0.0
53.3	29.1	23.9	302.4	641.1	100.0	0	0.0
57.6	31.1	12.3	302.6	570.5	100.0	0	0.0
63.6	25.6	7.9	226.2	571.1	100.0	0	0.0
68.9	25.9	8.7	295.9	571.7	100.0	0	0.0
75.2	31.7	8.2	200.8	546.3	100.0	0	0.0
76.0	33.7	10.7	263.6	621.9	100.0	0	0.0
76.2	33.2	13.4	260.9	572.9	100.0	0	0.0
74.5	33.2	11.8	244.8	644.5	100.0	0	0.0
68.2	41.3	13.2	210.0	694.3	100.0	0	0.0
66.7	39.8	10.1	237.1	623.4	100.0	0	0.0
70.9	30.3	7.7	225.7	645.1	100.0	0	0.0
73.7	27.2	8.7	281.9	574.0	100.0	0	0.0
73.4	29.8	9.6	233.2	645.2	100.0	0	0.0
71.7	31.4	9.4	203.9	624.0	100.0	3	0.0
73.1	32.2	10.4	208.8	695.0	100.0	0	0.0
72.9	26.3	9.8	237.9	673.9	100.0	0	0.0
75.1	27.4	8.8	195.4	694.7	100.0	0	0.0
74.2	30.9	8.0	231.4	644.4	100.0	0	0.0
74.3	26.9	8.8	173.9	623.4	100.0	0	0.0
72.4	27.0	11.8	206.3	693.9	100.0	0	0.0
69.6	21.7	10.7	202.9	622.7	100.0	0	0.0
67.0	21.3	9.1	215.0	622.3	100.0	0	0.0
07	31	2004
65.8	23.7	6.5	197.2	642.3	100.0	0	0.0
69.6	27.0	8.2	248.0	621.3	100.0	0	0.0
73.2	34.9	9.5	243.8	691.2	100.0	0	0.0
75.5	35.9	7.3	256.2	569.9	100.0	0	0.0
78.8	35.8	7.7	233.8	689.7	100.0	0	0.0
78.8	36.6	9.5	214.4	688.9	100.0	0	0.0
77.1	36.6	9.8	217.1	688.0	100.0	0	0.0
75.8	35.8	8.2	173.8	637.0	100.0	0	0.0
75.3	27.5	12.0	155.9	686.1	100.0	0	0.0
71.4	23.6	9.0	210.9	635.1	100.0	0	0.0
72.5	21.9	7.7	167.3	634.0	100.0	0	0.0
75.7	26.2	12.2	236.7	682.9	100.0	0	0.0
78.6	35.2	12.1	212.5	612.1	100.0	0	0.0
77.5	38.4	10.2	171.7	680.4	100.0	0	0.0
76.9	48.8	8.6	117.0	560.0	100.0	0	0.0
77.0	50.4	10.1	185.9	628.0	100.0	0	0.0
72.9	55.7	11.9	217.6	676.2	100.0	4	0.0
71.8	54.1	10.4	215.3	605.7	100.0	7	0.0
75.5	48.0	12.5	193.6	604.2	100.0	0	0.0
77.3	44.1	7.5	215.7	602.7	100.0	0	0.0
79.4	37.0	8.5	142.2	669.8	100.0	0	0.0
78.6	36.4	6.6	204.6	599.6	100.0	0	0.0
80.2	35.4	7.3	200.5	597.9	100.0	0	0.0
78.2	33.8	9.1	226.9	596.1	100.0	0	0.0
77.6	29.8	7.7	224.3	662.5	100.0	0	0.0
78.5	31.9	7.8	177.9	660.5	100.0	0	0.0
77.0	32.2	7.2	167.9	584.8	100.0	0	0.0
78.6	33.9	6.4	219.1	593.5	100.0	0	0.0
78.1	31.1	8.3	186.1	654.2	100.0	0	0.0
75.9	27.1	8.2	156.6	604.3	100.0	0	0.0
74.5	27.1	12.2	220.4	582.4	100.0	0	0.0
08	31	2004
75.2	34.2	12.6	189.5	546.4	100.0	0	0.0
76.2	36.3	13.9	142.2	644.9	100.0	0	0.0
71.5	27.2	8.2	170.4	595.6	100.0	0	0.0
72.0	23.7	12.2	201.2	526.7	100.0	0	0.0
73.2	27.9	10.6	202.1	637.4	100.0	0	0.0
71.8	27.4	7.8	193.3	588.6	100.0	0	0.0
72.2	24.5	6.7	182.5	586.1	100.0	0	0.0
74.8	25.8	7.1	204.2	629.3	100.0	0	0.0
79.0	31.5	8.0	187.4	626.5	100.0	0	0.0
77.8	31.3	6.1	215.7	513.0	100.0	0	0.0
79.9	31.6	6.4	204.8	620.7	100.0	0	0.0
78.2	36.0	8.9	209.3	552.6	100.0	20	0.0
73.6	48.9	8.6	151.4	570.5	100.0	0	0.0
72.2	49.4	8.2	201.2	611.6	100.0	0	0.0
67.2	52.9	6.8	140.0	608.5	100.0	8	0.0
65.9	49.1	9.2	226.6	541.0	100.0	0	0.0
73.3	40.9	8.3	277.7	559.1	100.0	0	0.0
74.6	39.6	9.6	213.6	556.3	100.0	0	0.0
73.3	43.6	9.4	255.4	595.7	100.0	5	0.0
69.8	48.6	8.1	210.9	592.4	100.0	33	0.0
69.5	47.1	8.9	239.0	589.1	100.0	0	0.0
70.5	41.3	11.4	242.5	544.5	100.0	0	0.0
68.9	39.3	8.0	294.6	582.3	100.0	0	0.0
68.6	37.2	9.9	282.1	578.9	100.0	0	0.0
70.5	37.9	9.3	221.5	575.3	100.0	0	0.0
67.8	30.7	14.4	306.2	571.8	100.0	0	0.0
62.0	29.0	8.2	253.6	467.0	100.0	0	0.0
66.6	24.7	6.1	220.2	525.6	100.0	0	0.0
70.8	27.0	6.3	189.6	560.8	100.0	0	0.0
72.4	28.6	9.2	211.1	496.0	100.0	0	0.0
74.0	30.1	9.9	234.6	553.2	100.0	0	0.0
09	30	2004
76.1	30.8	7.8	220.9	512.1	100.0	0	0.0
71.6	29.1	8.2	246.0	293.1	100.0	0	0.0
59.2	19.4	10.5	248.9	177.4	100.0	0	0.0
59.0	21.6	11.4	301.6	501.5	100.0	0	0.0
63.7	24.2	6.9	253.3	533.5	100.0	0	0.0
66.1	22.1	6.6	248.3	494.3	100.0	0	0.0
69.7	23.0	6.6	178.0	525.3	100.0	0	0.0
69.3	22.1	8.4	263.4	487.0	100.0	0	0.0
69.8	30.1	7.9	216.1	483.3	100.0	0	0.0
70.0	41.5	5.7	189.8	421.6	100.0	0	0.0
71.8	40.2	7.7	195.4	508.5	100.0	0	0.0
72.5	40.7	9.4	216.1	447.0	100.0	0	0.0
71.3	29.2	9.6	257.0	468.1	100.0	0	0.0
64.2	25.3	14.4	282.3	407.6	100.0	0	0.0
63.5	22.2	7.6	228.8	491.2	100.0	0	0.0
66.2	26.9	7.9	191.7	430.9	100.0	0	0.0
67.2	28.6	12.7	227.4	426.8	100.0	0	0.0
61.6	29.3	13.8	191.4	375.5	100.0	0	0.0
49.4	30.6	15.1	265.3	444.4	100.0	3	0.0
45.3	28.1	14.6	291.1	469.1	100.0	0	0.0
46.7	23.6	10.4	254.0	313.8	100.0	0	0.0
54.3	24.6	7.3	287.5	432.6	100.0	0	0.0
60.6	26.1	6.6	212.1	455.8	100.0	0	0.0
56.1	19.4	7.2	222.3	118.1	100.0	0	0.0
64.3	18.9	6.7	232.9	446.8	100.0	0	0.0
64.6	17.8	8.3	225.8	442.3	100.0	0	0.0
62.0	15.9	9.2	235.8	437.9	100.0	0	0.0
60.9	19.1	12.0	212.9	433.5	100.0	0	0.0
54.5	32.0	11.2	216.5	429.1	100.0	0	0.0
55.8	39.8	8.7	226.6	424.7	100.0	1	0.0
10	30	2004
56.0	39.2	7.5	220.8	420.3	100.0	0	0.0
58.2	35.0	8.3	259.4	415.9	100.0	0	0.0
58.7	27.6	6.2	168.9	411.5	100.0	0	0.0
58.9	26.0	8.0	199.6	407.1	100.0	0	0.0
58.6	25.4	8.4	262.1	402.6	100.0	0	0.0
58.0	20.8	6.3	175.4	398.2	100.0	0	0.0
59.3	20.1	6.8	212.9	393.7	100.0	0	0.0
60.7	20.9	10.5	218.3	389.3	100.0	0	0.0
59.1	22.3	9.0	219.2	384.9	100.0	0	0.0
56.2	24.6	17.7	321.7	380.4	100.0	0	0.0
53.5	23.0	8.9	226.7	376.0	100.0	0	0.0
58.8	30.8	11.3	304.8	353.1	100.0	0	0.0
59.7	20.9	9.4	286.2	367.2	100.0	0	0.0
58.8	12.8	9.6	268.8	362.8	100.0	0	0.0
58.2	16.5	5.9	202.9	358.4	100.0	0	0.0
55.6	14.5	10.6	217.1	354.0	100.0	0	0.0
51.2	33.2	14.4	161.1	333.2	100.0	0	0.0
47.2	38.5	8.3	146.9	345.4	100.0	0	0.0
45.1	38.1	18.6	145.3	341.1	100.0	0	0.0
43.7	39.6	14.7	157.6	336.8	100.0	23	0.0
40.7	30.2	13.4	307.1	332.5	100.0	0	0.0
40.8	26.9	6.5	257.1	328.3	100.0	0	0.0
39.1	31.0	6.7	216.2	324.1	100.0	0	0.0
42.2	35.2	6.5	271.5	320.0	100.0	18	0.0
43.3	37.3	6.5	179.1	302.2	100.0	0	0.0
42.3	35.9	19.2	151.4	311.8	100.0	20	0.0
35.9	34.2	9.3	203.3	307.7	100.0	14	5.1
33.6	27.4	3.6	136.5	291.0	100.0	0	0.0
38.0	27.1	6.4	233.6	261.0	100.0	0	0.0
39.1	27.4	8.7	250.0	282.4	100.0	0	0.0
11	30	2004
36.9	13.1	9.9	336.2	12.6	100.0	0	0.0
37.8	15.5	5.5	222.1	284.3	100.0	0	0.0
39.9	15.7	11.8	225.4	233.0	100.0	0	0.0
43.0	15.1	13.8	110.7	230.0	100.0	0	0.0
43.7	16.9	9.8	210.9	237.4	100.0	0	0.0
50.6	16.2	11.9	191.7	234.3	100.0	0	0.0
51.8	31.4	14.0	75.9	266.2	100.0	2	0.0
44.1	41.4	5.0	135.4	262.8	100.0	31	0.0
42.5	38.4	3.3	106.9	249.9	100.0	0	0.0
42.4	37.6	6.1	172.1	246.8	100.0	0	0.0
43.3	34.8	9.2	218.8	252.8	100.0	2	0.0
40.8	31.1	12.2	329.6	249.7	100.0	0	0.0
40.7	29.4	9.3	306.1	246.6	100.0	0	0.0
39.8	28.4	8.7	260.6	243.6	100.0	0	0.0
39.3	27.4	6.7	252.7	240.7	100.0	0	0.0
40.6	29.7	6.3	265.4	237.8	100.0	0	0.0
41.6	29.5	6.8	249.2	235.0	100.0	0	0.0
43.0	27.7	9.1	303.8	232.3	100.0	0	0.0
38.4	26.9	14.1	307.1	229.6	100.0	0	0.0
30.9	14.4	14.9	328.5	227.1	100.0	0	0.0
32.6	12.8	18.5	280.4	224.7	100.0	0	0.0
37.8	16.1	12.7	300.4	222.3	100.0	0	0.0
36.8	17.2	11.7	297.9	220.0	100.0	0	0.0
37.1	15.2	8.6	256.2	217.8	100.0	0	0.0
40.2	22.4	8.1	246.7	215.7	100.0	0	0.0
40.8	25.3	10.9	238.3	213.6	100.0	0	0.0
34.5	26.3	15.1	223.3	211.5	100.0	0	0.0
23.3	13.1	18.7	315.4	209.6	100.0	0	0.0
20.5	5.0	11.2	269.6	207.7	100.0	0	0.0
22.3	4.2	6.5	210.8	205.9	100.0	0	0.0
12	31	2004
25.1	11.1	9.1	304.6	204.2	100.0	0	0.0
23.2	9.5	13.8	322.5	202.6	100.0	0	0.0
24.5	7.1	9.2	313.3	201.0	100.0	0	0.0
23.8	3.2	6.5	211.2	199.5	100.0	0	0.0
22.8	12.5	7.5	264.6	198.1	100.0	0	0.0
25.8	17.6	7.6	205.6	196.7	100.0	0	0.0
32.5	29.8	9.9	148.7	195.4	100.0	0	0.0
35.2	34.1	8.2	134.3	194.3	100.0	0	0.0
38.0	33.5	3.0	133.8	193.2	100.0	0	0.0
38.7	29.5	6.4	242.5	192.1	100.0	0	0.0
38.0	27.3	6.2	230.8	191.2	100.0	0	0.0
40.2	25.3	7.5	235.0	190.3	100.0	0	0.0
39.1	26.3	7.8	265.4	189.5	100.0	0	0.0
38.7	22.5	6.7	233.3	188.8	100.0	0	0.0
37.0	15.8	12.5	277.9	188.1	100.0	0	0.0
31.8	12.5	8.5	273.8	187.6	100.0	0	0.0
30.6	9.3	6.5	232.1	187.1	100.0	0	0.0
34.5	7.5	6.2	236.7	186.7	100.0	0	0.0
34.8	14.7	6.0	236.7	186.4	100.0	0	0.0
37.5	15.8	8.2	259.2	186.1	100.0	0	0.0
34.3	15.7	21.0	305.4	186.0	100.0	0	0.0
27.8	10.5	12.6	293.3	185.9	100.0	0	0.0
28.6	9.7	15.3	304.2	185.9	100.0	0	0.0
31.9	9.6	9.4	275.8	186.0	100.0	0	0.0
29.2	10.7	5.9	205.8	186.2	100.0	0	0.0
32.6	11.2	8.3	183.3	186.4	100.0	0	0.0
36.4	24.5	13.8	136.7	186.7	100.0	3	8.1
34.3	31.1	12.9	127.9	128.3	100.0	9	21.5
32.5	31.0	6.7	131.9	187.6	100.0	29	74.1
32.2	28.9	15.6	151.3	188.2	100.0	0	0.0
28.8	26.3	16.1	230.3	188.1	97.9	7	16.6
