1 31 1991
25.6	18.0	7.3	192.6	182.2	.0	.0	.0	
22.6	17.1	11.0	143.4	86.4	51.2	.0	.0	
13.4	2.1	7.6	173.4	162.5	25.4	.0	.0	
19.6	7.6	8.1	115.8	64.7	80.4	.0	20.0	
31.3	28.9	8.9	204.6	65.1	100.0	.0	20.0	
21.8	15.8	11.0	20.2	65.5	95.4	.0	.0	
23.0	17.4	10.1	58.2	65.9	100.0	.0	.0	
29.7	27.5	7.0	200.2	66.4	100.0	.0	10.0	
28.0	24.0	8.5	213.0	66.9	100.0	.0	.0	
29.3	26.7	10.6	68.2	67.4	100.0	.0	30.0	
29.7	27.4	9.3	230.6	67.9	100.0	.0	.0	
25.2	21.4	11.2	267.0	68.5	100.0	.0	.0	
30.0	26.0	11.3	178.6	72.0	73.8	.0	.0	
38.2	32.0	7.4	173.4	70.2	72.1	.0	.0	
36.7	35.0	7.4	157.8	70.4	100.0	23.6	.0	
31.0	29.0	11.1	283.4	71.0	100.0	.0	.0	
30.6	28.2	9.5	240.2	71.7	100.0	.0	.0	
33.8	31.2	7.0	203.8	104.1	57.5	.0	.0	
39.3	35.6	9.3	190.2	90.2	77.5	.0	.0	
26.9	20.6	15.1	309.4	74.0	91.7	.0	30.0	
10.5	1.2	10.8	247.0	168.5	16.2	.0	.0	
25.3	14.3	12.8	173.4	207.2	38.8	.0	.0	
34.0	23.6	11.2	260.2	211.5	32.9	.0	.0	
23.8	16.5	8.5	109.8	138.0	40.8	.0	.0	
20.0	14.0	11.8	100.2	78.2	100.0	.0	70.0	
15.8	9.6	9.3	229.0	222.3	35.0	.0	.0	
23.0	17.0	8.0	196.6	106.1	58.8	.0	.0	
28.6	17.4	7.3	149.8	231.4	.4	.0	.0	
21.4	16.7	13.7	131.4	82.0	98.8	.0	80.0	
15.7	7.1	8.8	271.8	200.5	44.2	.0	.0	
28.4	17.1	9.0	189.4	240.1	10.4	.0	.0	
2 28 1991
40.3	23.6	11.1	184.6	190.3	32.5	.0	.0	
45.2	27.5	10.5	199.8	238.1	16.2	.0	.0	
46.1	27.7	10.2	165.8	87.7	76.2	.0	.0	
48.5	43.5	7.4	212.2	88.5	97.1	.0	.0	
42.3	37.0	6.9	168.6	162.0	77.1	.0	.0	
34.2	32.6	9.3	326.6	90.8	97.1	.0	.0	
35.6	33.9	6.5	221.8	91.9	97.5	.0	.0	
37.2	33.4	6.0	192.2	146.0	55.4	.0	.0	
44.9	34.2	7.8	234.6	151.7	60.4	.0	.0	
38.5	27.0	9.7	171.4	271.8	10.4	.0	.0	
40.1	26.8	9.2	161.4	276.8	.8	.0	.0	
41.5	28.4	9.9	128.2	252.8	62.5	.0	.0	
46.6	37.4	10.8	231.0	99.4	92.5	.0	.0	
27.1	11.5	25.3	297.4	107.0	71.2	.0	.0	
13.5	-3.2	18.2	288.2	285.6	4.2	.0	.0	
31.6	7.1	14.5	178.2	149.9	74.2	.0	.0	
41.8	31.0	11.1	131.4	104.8	99.6	.0	.0	
48.4	42.1	13.8	200.6	241.2	81.7	.0	.0	
35.4	27.0	11.1	291.4	167.5	59.2	.0	.0	
41.8	22.1	13.1	194.6	311.3	.0	.0	.0	
52.5	24.2	11.4	210.2	315.4	.0	.0	.0	
39.1	22.5	13.1	69.8	201.8	49.6	.0	.0	
39.7	16.1	12.4	145.8	225.3	46.2	.0	.0	
31.6	19.8	11.8	226.2	114.9	100.0	.0	.0	
28.1	16.2	9.2	209.0	285.2	66.7	.0	.0	
29.0	22.8	5.7	177.8	132.9	83.8	.0	.0	
39.7	22.3	11.5	195.8	335.4	22.9	.0	.0	
53.9	33.1	15.4	174.6	296.1	70.4	.0	.0	
3 31 1991
54.2	50.0	13.3	155.8	122.7	94.2	27.6	.0	
36.9	32.9	17.3	293.8	124.2	100.0	.0	.0	
32.8	23.6	12.4	313.4	251.0	54.2	.0	.0	
35.3	22.5	8.1	208.2	192.9	38.8	.0	.0	
52.3	35.8	12.3	157.4	139.8	61.7	.0	.0	
42.5	28.1	16.3	272.6	305.5	48.8	.0	.0	
32.7	14.7	7.1	259.8	329.2	15.4	.0	.0	
41.6	17.8	10.2	195.8	339.6	19.6	.0	.0	
40.1	17.4	15.2	273.8	386.6	.4	.0	.0	
44.8	17.9	10.3	155.4	146.5	61.2	.0	.0	
58.3	33.1	14.5	153.4	148.2	87.5	.0	.0	
55.8	46.6	15.2	167.0	166.9	97.1	43.3	.0	
35.7	33.2	13.0	271.4	142.1	100.0	.0	.0	
33.7	27.6	11.9	88.2	155.5	86.2	.0	.0	
39.0	27.4	9.4	97.4	242.8	54.2	3.9	.0	
49.0	35.2	7.9	107.0	329.3	77.5	.0	.0	
48.4	44.4	14.3	199.4	149.0	99.6	102.4	.0	
47.5	37.7	9.3	223.4	352.0	62.5	.0	.0	
51.0	38.9	6.3	99.0	411.6	53.8	7.9	.0	
60.3	42.6	16.1	166.2	179.8	87.1	.0	.0	
65.2	51.9	15.2	182.2	389.8	45.4	.0	.0	
62.7	47.1	18.5	171.4	166.8	66.2	.0	.0	
53.8	33.7	22.6	257.8	256.0	46.2	.0	.0	
57.0	32.5	10.4	233.8	416.8	9.2	.0	.0	
65.9	36.4	14.1	165.4	301.1	70.8	.0	.0	
74.3	57.1	18.8	189.8	215.7	89.2	.0	.0	
57.8	42.9	26.2	222.2	398.7	50.0	15.7	.0	
46.5	29.3	11.4	207.0	302.4	52.5	.0	.0	
34.1	17.9	15.3	115.8	286.8	53.8	.0	.0	
34.9	17.4	7.1	264.2	390.1	27.1	.0	.0	
49.8	24.6	13.0	239.0	474.9	17.5	.0	.0	
4 30 1991
55.6	30.9	7.4	109.8	459.2	26.2	.0	.0	
59.0	37.9	10.4	104.6	182.0	75.0	.0	.0	
57.5	46.9	12.5	113.0	183.3	99.6	7.9	.0	
59.1	50.8	7.6	208.6	225.6	64.6	.0	.0	
63.3	47.8	9.1	195.0	512.8	3.8	.0	.0	
67.1	49.3	12.8	184.2	512.8	3.8	.0	.0	
67.4	58.3	12.0	166.6	209.6	76.2	15.7	.0	
68.4	59.8	9.7	191.0	383.7	70.4	7.9	.0	
52.2	42.2	13.9	276.6	338.2	62.1	.0	.0	
48.2	32.5	11.8	183.8	522.8	6.7	.0	.0	
47.7	39.7	17.3	107.8	188.6	90.8	19.7	.0	
55.3	48.4	13.9	105.0	190.1	100.0	.0	.0	
60.4	57.3	11.3	166.6	191.5	100.0	63.0	.0	
56.6	52.6	9.3	222.2	193.0	97.9	82.7	.0	
56.5	44.1	10.1	220.6	555.4	7.9	.0	.0	
65.3	44.6	10.7	169.4	553.9	7.1	.0	.0	
64.8	54.0	9.6	81.0	291.3	72.1	.0	.0	
56.6	54.5	10.3	95.4	198.5	100.0	82.7	.0	
48.5	46.7	12.3	317.0	199.9	100.0	3.9	.0	
45.8	41.7	9.4	189.8	203.0	79.2	.0	.0	
48.8	38.0	6.3	170.6	299.3	57.9	.0	.0	
51.9	40.9	6.7	207.8	266.0	79.6	.0	.0	
52.7	40.8	11.9	256.6	417.1	25.8	.0	.0	
52.8	36.4	7.5	114.2	575.5	32.9	.0	.0	
52.6	45.6	9.6	103.8	207.5	90.0	3.9	.0	
65.4	54.6	15.5	138.2	251.7	73.3	.0	.0	
64.5	54.8	8.8	179.4	300.7	81.2	102.4	.0	
67.0	57.0	11.2	101.8	289.3	86.2	.0	.0	
62.5	48.5	17.6	185.8	480.8	53.8	.0	.0	
58.2	44.1	10.8	233.0	573.7	38.3	51.2	.0	
5 31 1991
56.4	42.9	10.5	253.4	594.1	20.0	.0	.0	
62.7	44.4	8.5	159.4	610.1	17.5	.0	.0	
57.4	52.8	10.8	77.8	216.6	100.0	98.4	.0	
65.9	61.9	8.8	110.6	292.2	94.6	31.5	.0	
52.3	46.8	13.6	241.4	218.7	100.0	35.4	.0	
51.8	38.7	12.3	239.0	530.3	41.7	.0	.0	
63.4	49.4	8.8	155.8	317.0	86.7	.0	.0	
63.3	53.0	7.1	119.8	221.8	76.7	.0	.0	
63.0	56.0	9.3	99.8	360.7	67.9	.0	.0	
67.3	62.7	8.9	104.2	224.9	91.7	3.9	.0	
70.6	63.5	6.7	151.0	427.1	61.7	.0	.0	
68.1	64.9	7.9	171.0	234.9	79.6	51.2	.0	
72.2	67.6	7.9	172.6	263.1	80.4	.0	.0	
75.2	66.8	7.3	145.0	327.7	75.4	.0	.0	
72.0	66.3	8.7	133.0	247.3	98.8	3.9	.0	
71.7	65.2	6.3	126.6	365.1	83.3	31.5	.0	
77.6	69.1	8.5	184.2	547.7	55.8	.0	.0	
72.9	67.0	7.7	127.8	249.4	97.9	27.6	.0	
63.5	60.8	10.3	43.4	231.0	100.0	.0	.0	
70.2	64.4	7.4	73.8	258.3	97.1	.0	.0	
74.2	68.0	8.5	139.8	275.2	87.5	.0	.0	
73.2	67.4	8.8	142.2	274.4	84.6	.0	.0	
71.0	67.1	8.3	167.0	262.5	98.8	82.7	.0	
73.2	68.4	7.3	145.8	380.5	85.0	3.9	.0	
72.4	67.0	6.8	169.4	331.5	82.5	15.7	.0	
72.1	65.5	9.2	180.2	419.4	49.6	11.8	.0	
76.2	68.7	8.3	163.4	533.3	37.9	.0	.0	
79.9	71.3	7.2	145.8	645.8	12.1	.0	.0	
77.2	71.3	7.2	172.2	309.8	60.4	19.7	.0	
78.0	70.3	10.5	171.4	516.4	47.5	.0	.0	
78.7	71.0	10.1	160.2	566.1	44.6	.0	.0	
6 30 1991
78.0	70.1	7.3	164.6	252.0	96.2	7.9	.0	
76.2	66.1	7.0	199.4	357.4	67.5	.0	.0	
79.0	68.4	4.9	178.6	614.1	30.8	.0	.0	
76.8	68.3	6.9	127.4	489.6	60.8	.0	.0	
69.9	55.5	10.2	77.8	480.6	57.9	.0	.0	
68.2	51.4	9.1	73.0	660.5	24.2	.0	.0	
69.0	51.5	8.6	87.4	565.3	37.9	.0	.0	
71.9	58.4	8.2	107.0	518.4	65.4	.0	.0	
73.7	61.7	7.2	166.2	518.4	55.8	.0	.0	
71.0	61.0	8.4	169.4	258.2	71.7	.0	.0	
74.1	63.8	6.7	196.6	328.2	48.8	.0	.0	
77.0	65.8	6.6	147.4	517.3	35.8	.0	.0	
79.2	69.6	9.1	138.2	462.4	42.1	.0	.0	
81.7	71.1	12.6	159.0	561.8	33.8	.0	.0	
77.1	69.1	10.5	181.4	296.3	76.2	177.2	.0	
73.1	61.9	7.8	178.6	556.8	52.9	.0	.0	
74.3	59.8	5.5	87.4	631.8	18.8	.0	.0	
75.3	59.8	5.9	111.8	537.3	46.2	.0	.0	
76.6	62.0	7.2	126.2	487.2	39.6	.0	.0	
78.3	65.1	5.5	125.4	634.9	27.5	.0	.0	
76.3	68.3	7.0	164.6	300.7	86.2	51.2	.0	
74.0	66.0	7.9	157.4	312.3	92.9	.0	.0	
69.3	64.2	7.1	49.4	244.6	97.9	.0	.0	
75.0	66.8	6.1	93.0	309.7	83.8	.0	.0	
77.7	68.7	7.4	127.0	645.1	28.8	.0	.0	
80.4	70.2	10.3	159.4	599.4	22.9	.0	.0	
78.2	68.0	11.1	157.8	588.5	27.5	.0	.0	
76.2	67.3	9.2	151.4	579.6	25.8	.0	.0	
82.1	69.1	8.9	190.6	484.2	37.9	.0	.0	
82.1	67.4	10.4	199.4	675.9	7.5	.0	.0	
7 31 1991
84.5	69.0	11.0	222.6	594.8	40.8	.0	.0	
80.1	68.0	8.7	229.0	473.5	67.9	15.7	.0	
74.5	62.4	7.7	212.6	361.4	63.3	7.9	.0	
75.7	60.3	8.4	231.4	648.8	15.0	.0	.0	
82.3	64.8	11.2	197.0	644.9	21.7	.0	.0	
85.0	66.2	13.3	188.2	685.1	9.2	.0	.0	
84.7	70.2	11.5	186.6	602.1	18.8	.0	.0	
81.7	63.2	8.2	149.0	658.2	28.8	.0	.0	
75.4	66.4	10.5	93.4	398.8	82.5	7.9	.0	
75.7	70.3	8.7	125.4	343.7	70.4	189.0	.0	
78.4	71.0	8.4	139.8	328.5	92.9	55.1	.0	
80.6	68.7	8.9	249.4	558.0	55.0	.0	.0	
75.5	63.7	9.7	298.6	376.6	56.7	.0	.0	
74.0	63.3	5.9	121.0	571.1	20.8	.0	.0	
74.2	62.6	7.3	114.2	610.7	13.3	.0	.0	
75.7	62.3	6.9	120.2	668.1	4.2	.0	.0	
77.2	62.8	6.2	154.2	673.6	.0	.0	.0	
80.0	65.2	7.2	147.4	670.1	1.7	.0	.0	
80.8	68.8	8.4	140.2	669.7	.8	.0	.0	
82.7	68.7	9.7	162.6	666.2	3.8	.0	.0	
84.8	67.7	9.6	188.6	649.3	8.8	.0	.0	
84.9	68.0	11.3	193.4	571.3	35.8	3.9	.0	
76.3	67.0	8.1	135.0	321.0	90.8	27.6	.0	
66.6	56.5	6.8	213.0	241.4	75.4	19.7	.0	
70.5	56.2	7.3	178.6	474.7	41.7	.0	.0	
70.3	55.2	7.3	69.0	598.9	25.0	.0	.0	
71.6	56.0	8.0	94.2	289.7	83.8	.0	.0	
74.1	64.9	6.6	143.0	439.7	85.4	.0	.0	
70.7	59.3	10.8	245.4	402.5	57.9	.0	.0	
72.7	55.7	5.6	181.4	619.9	18.8	.0	.0	
78.1	61.4	8.4	151.8	374.4	59.6	.0	.0	
8 31 1991
83.4	65.2	7.9	139.0	639.8	4.6	.0	.0	
85.9	62.8	9.7	183.4	608.6	17.9	.0	.0	
84.0	67.5	10.4	222.2	510.7	55.4	.0	.0	
72.7	64.7	5.2	198.6	234.7	92.1	3.9	.0	
74.4	68.7	9.2	85.8	329.3	91.7	23.6	.0	
79.2	69.7	7.2	113.4	387.0	57.9	.0	.0	
79.5	69.6	7.1	134.6	509.2	26.7	.0	.0	
77.2	68.9	7.8	175.0	475.5	63.3	110.2	.0	
66.9	63.5	8.7	95.0	223.2	79.6	.0	.0	
70.2	57.8	8.4	65.4	435.6	43.3	.0	.0	
71.5	57.2	6.7	59.8	438.9	31.7	.0	.0	
70.9	57.3	6.6	90.6	386.5	52.9	.0	.0	
68.1	58.5	7.1	219.8	453.0	38.3	7.9	.0	
70.9	57.4	5.8	165.4	588.7	10.0	.0	.0	
75.1	57.2	4.9	126.2	598.9	.8	.0	.0	
77.6	59.5	9.7	181.4	240.0	75.0	.0	.0	
75.8	63.3	9.8	249.4	576.6	28.3	35.4	.0	
74.7	61.8	7.5	277.0	473.0	32.1	.0	.0	
66.4	53.8	10.2	166.6	522.5	15.0	.0	.0	
66.8	54.3	5.3	145.4	370.2	59.2	.0	.0	
75.4	53.1	7.8	165.0	578.4	6.2	.0	.0	
78.7	63.0	7.8	173.8	574.7	6.2	.0	.0	
80.0	66.0	8.0	97.4	260.9	82.9	.0	.0	
74.7	66.6	6.5	144.2	199.1	99.2	82.7	.0	
79.5	63.6	6.5	113.4	561.8	13.8	.0	.0	
78.9	64.1	7.6	106.2	398.4	37.1	.0	.0	
78.6	66.6	7.5	138.6	478.4	22.9	.0	.0	
78.6	67.4	8.9	138.2	262.7	81.2	.0	.0	
75.8	69.1	5.8	203.4	297.3	88.3	106.3	.0	
74.4	69.2	5.8	266.6	298.4	66.7	11.8	.0	
75.6	68.8	7.5	84.6	192.6	83.3	.0	.0	
9 30 1991
75.4	67.6	8.3	76.6	187.2	98.3	.0	.0	
75.3	71.0	8.5	131.0	204.0	91.7	35.4	.0	
72.7	68.9	7.9	179.8	197.5	92.9	78.7	.0	
68.2	56.9	9.2	227.4	301.6	57.5	.0	.0	
70.0	56.5	6.3	89.0	503.1	14.2	.0	.0	
74.0	62.8	7.0	119.8	479.1	15.8	.0	.0	
75.1	63.4	9.6	131.4	356.0	51.2	.0	.0	
75.3	69.4	12.0	153.0	217.5	72.9	23.6	.0	
80.3	71.1	11.1	181.4	473.9	28.8	.0	.0	
79.7	71.2	6.8	180.6	385.2	51.7	.0	.0	
79.9	70.6	6.7	152.2	330.4	44.6	.0	.0	
80.9	69.9	8.0	194.2	484.3	1.2	.0	.0	
79.2	69.5	8.5	177.0	407.1	37.9	.0	.0	
80.0	69.4	11.1	173.0	290.4	67.5	.0	.0	
76.2	69.5	9.5	179.0	172.9	89.2	137.8	.0	
67.8	54.7	9.0	247.4	195.7	77.1	11.8	.0	
65.4	55.9	7.1	165.4	192.0	72.5	7.9	.0	
54.0	43.9	12.2	298.6	160.1	91.2	19.7	.0	
46.3	32.8	7.3	257.0	368.3	30.4	.0	.0	
48.0	34.5	6.6	86.2	188.1	50.4	.0	.0	
51.2	41.8	9.8	141.8	155.1	78.8	3.9	.0	
57.2	52.7	9.3	217.0	153.5	85.8	.0	.0	
55.8	42.3	6.8	164.2	388.4	38.3	.0	.0	
56.1	49.7	7.4	155.8	168.6	86.7	31.5	.0	
57.2	42.7	11.2	268.6	424.4	.0	.0	.0	
52.2	34.1	10.4	277.0	419.8	.0	.0	.0	
57.8	43.9	9.1	175.0	386.8	10.0	.0	.0	
63.7	51.2	8.7	179.4	406.5	13.3	.0	.0	
65.5	51.9	8.6	177.8	393.8	15.8	.0	.0	
66.1	53.0	9.0	193.0	390.1	20.4	.0	.0	
10 31 1991
65.1	53.8	8.6	184.6	392.5	10.8	.0	.0	
68.6	57.8	11.4	187.8	376.3	30.8	43.3	.0	
66.9	61.3	10.6	148.6	185.0	79.2	35.4	.0	
62.9	57.5	14.5	207.8	166.6	87.5	66.9	.0	
47.5	36.2	14.0	271.4	326.7	31.7	3.9	.0	
43.4	27.4	9.3	264.6	373.7	.0	.0	.0	
50.5	34.5	9.7	169.0	369.2	.0	.0	.0	
62.7	46.5	12.3	180.6	212.9	26.7	.0	.0	
64.4	51.9	7.6	213.4	324.1	43.3	.0	.0	
58.7	39.6	7.2	271.0	128.4	58.3	.0	.0	
64.3	43.5	8.9	252.6	230.1	40.0	.0	.0	
56.7	39.1	7.9	218.2	346.6	.8	.0	.0	
56.9	40.0	11.2	138.2	160.0	68.3	.0	.0	
54.9	32.6	11.5	279.0	328.7	47.9	.0	.0	
46.8	25.8	7.3	257.8	333.2	23.8	.0	.0	
51.9	34.1	8.9	158.6	329.0	.0	.0	.0	
64.6	45.1	11.3	167.8	324.7	.0	.0	.0	
54.7	39.0	10.9	160.2	248.7	50.0	23.6	.0	
40.1	26.8	7.9	79.4	312.5	17.9	.0	.0	
45.2	29.0	6.0	130.6	242.7	27.5	.0	.0	
56.1	42.9	8.5	171.0	260.1	13.8	.0	.0	
66.8	50.4	11.8	163.4	303.7	15.4	.0	.0	
70.1	59.1	12.6	151.4	239.4	55.8	3.9	.0	
69.3	60.8	12.5	168.2	110.2	80.0	.0	.0	
58.0	50.8	6.3	173.0	102.1	98.3	.0	.0	
63.7	56.4	5.2	172.2	113.0	83.8	.0	.0	
60.2	57.2	9.3	89.4	99.4	96.2	7.9	.0	
66.4	63.0	12.9	122.6	98.0	100.0	55.1	.0	
52.4	49.7	10.8	245.4	96.7	100.0	47.2	.0	
34.8	30.1	11.1	189.8	95.4	100.0	3.9	.0	
42.1	40.3	9.1	93.8	94.1	100.0	106.3	.0	
11 30 1991
33.3	27.3	17.0	249.0	92.9	100.0	23.6	.0	
22.7	10.9	13.5	271.4	91.6	97.5	.0	.0	
18.3	4.4	10.4	263.4	151.6	61.2	.0	.0	
22.4	7.7	5.5	209.4	253.7	23.3	.0	.0	
37.2	20.7	11.1	198.6	88.1	79.2	.0	.0	
32.4	25.4	8.8	131.4	87.0	100.0	.0	90.0	
14.9	5.5	9.8	231.4	181.0	50.0	.0	50.0	
14.6	-.3	4.4	155.8	242.4	.0	.0	.0	
26.6	8.3	6.9	136.2	236.5	6.7	.0	.0	
34.2	21.6	7.3	235.4	212.0	45.4	.0	.0	
34.5	30.9	5.0	262.6	81.8	100.0	7.9	.0	
38.4	34.7	6.6	217.0	93.2	60.8	.0	.0	
53.4	42.6	11.0	189.8	223.0	21.2	.0	.0	
56.9	50.1	10.7	162.6	78.9	97.1	23.6	.0	
54.2	51.0	8.7	232.2	78.0	100.0	11.8	.0	
46.6	44.8	9.9	91.8	77.1	100.0	7.9	.0	
56.3	53.1	13.6	130.2	76.2	97.9	98.4	.0	
60.9	49.2	11.2	168.2	215.5	1.2	.0	.0	
57.0	52.8	9.3	186.2	108.8	62.5	7.9	.0	
44.7	36.5	8.8	253.0	77.9	72.9	31.5	.0	
43.1	30.8	6.4	177.8	208.4	1.2	.0	.0	
43.5	34.8	7.1	135.0	90.5	69.6	.0	.0	
27.7	18.3	15.4	268.6	72.4	86.2	.0	.0	
24.7	9.4	12.8	283.0	203.0	3.3	.0	.0	
24.7	11.1	5.1	186.2	87.0	73.3	.0	.0	
40.5	25.1	13.2	151.0	110.1	64.2	27.6	.0	
46.3	42.3	8.1	183.0	78.9	85.0	3.9	.0	
58.9	51.6	13.3	159.0	68.6	100.0	.0	.0	
61.2	52.8	17.4	163.8	68.1	90.8	31.5	.0	
36.7	26.9	13.6	254.2	67.5	83.3	.0	.0	
12 31 1991
27.5	16.1	8.5	142.6	67.0	100.0	.0	.0	
29.5	23.2	8.3	160.6	66.6	100.0	.0	230.0	
21.5	15.0	11.2	275.8	118.6	61.7	.0	.0	
15.2	8.4	7.4	209.8	155.0	25.0	.0	.0	
36.3	28.0	11.1	198.6	184.5	7.1	.0	.0	
44.0	37.1	9.7	147.8	84.6	57.1	.0	.0	
56.2	49.1	11.1	176.2	104.1	51.2	.0	.0	
58.8	48.9	13.9	231.0	151.9	15.0	.0	.0	
42.7	31.2	7.6	276.2	155.3	25.8	.0	.0	
43.9	30.5	8.3	169.0	180.5	29.2	.0	.0	
52.3	40.4	6.4	150.2	70.7	98.8	.0	.0	
55.4	48.3	16.4	209.0	115.5	80.4	63.0	.0	
42.3	35.3	7.3	206.6	179.8	22.5	.0	.0	
32.2	11.0	13.4	258.6	179.4	2.9	.0	.0	
30.7	15.5	9.4	241.4	145.4	24.2	.0	.0	
38.7	25.7	9.8	193.4	176.6	7.9	.0	.0	
37.4	22.9	9.9	286.2	178.4	.0	.0	.0	
22.8	10.2	8.0	148.6	177.6	8.8	.0	.0	
26.4	13.3	11.1	114.2	62.3	80.4	.0	.0	
34.6	31.0	9.0	173.4	62.3	100.0	102.4	.0	
33.5	32.2	5.4	191.4	62.3	100.0	.0	.0	
42.5	41.6	6.8	162.6	62.3	100.0	7.9	.0	
38.3	32.9	11.4	239.8	64.5	65.8	7.9	.0	
33.4	22.0	6.5	255.0	178.4	.0	.0	.0	
35.3	24.1	4.8	175.8	177.6	11.7	.0	.0	
37.0	25.6	4.7	140.6	68.8	53.8	.0	.0	
37.3	31.1	8.2	46.2	62.8	94.6	.0	.0	
34.9	33.2	7.4	127.4	63.0	100.0	11.8	.0	
35.4	32.0	5.2	237.8	63.2	100.0	.0	.0	
36.8	33.1	6.2	104.6	63.4	100.0	.0	.0	
35.8	33.0	8.8	115.8	63.7	100.0	.0	.0	
