   1    31    1974
40.2	36.2	9.3	205.0	109.3	98.0	31.0	.0	
37.0	32.0	6.6	73.3	88.2	92.0	25.0	.0	
46.3	45.4	4.1	156.3	111.0	98.0	74.0	.0	
41.4	39.3	5.5	220.4	113.0	98.0	8.0	.0	
41.9	39.2	4.6	195.0	134.6	98.0	.0	.0	
42.4	40.7	5.6	176.7	89.1	98.0	37.0	.0	
39.3	33.7	7.1	210.8	125.8	67.0	6.0	.0	
37.9	29.1	4.3	62.9	118.1	86.0	2.0	.0	
48.3	47.7	3.3	114.2	125.0	93.0	108.0	.0	
54.1	53.1	3.8	98.8	146.9	93.0	55.0	.0	
52.3	48.9	12.0	249.2	118.2	95.0	48.0	.0	
31.6	18.9	11.2	224.6	197.2	54.0	.0	.0	
30.3	17.8	4.9	74.2	137.4	90.0	.0	.0	
37.9	31.1	3.0	98.3	124.1	98.0	.0	.0	
43.8	42.9	4.9	173.8	88.0	98.0	5.0	.0	
56.7	53.5	12.2	215.0	151.8	89.0	.0	.0	
57.6	51.6	7.6	181.7	222.9	50.0	.0	.0	
54.4	47.8	5.2	116.3	272.3	50.0	.0	.0	
51.5	50.6	3.7	153.8	111.0	92.0	2.0	.0	
53.0	48.5	5.8	100.0	143.5	91.0	27.0	.0	
53.5	47.8	8.0	201.7	195.8	60.0	8.0	.0	
47.9	39.5	2.8	76.7	296.4	8.0	.0	.0	
46.8	44.8	2.9	91.7	131.1	71.0	11.0	.0	
48.3	47.3	3.3	135.0	93.3	98.0	31.0	.0	
51.8	50.8	2.8	144.6	137.6	98.0	.0	.0	
57.7	53.9	6.7	136.3	144.4	98.0	33.0	.0	
56.5	47.8	10.2	206.3	287.4	16.0	.0	.0	
50.8	47.4	8.3	164.2	117.6	68.0	22.0	.0	
50.4	42.4	5.0	144.2	206.2	53.0	.0	.0	
46.2	37.5	2.5	87.9	320.5	11.0	.0	.0	
46.2	35.4	7.9	160.0	251.6	27.0	.0	.0	
   2    28    1974
48.3	36.7	4.4	101.7	315.5	15.0	.0	.0	
52.7	51.7	5.0	142.5	105.8	96.0	122.0	.0	
45.8	41.6	7.4	177.1	134.5	98.0	32.0	.0	
32.0	18.5	12.8	267.9	219.5	60.0	1.0	.0	
31.7	19.1	4.0	115.0	340.5	13.0	.0	.0	
43.1	36.6	3.8	81.7	125.9	96.0	3.0	.0	
44.4	42.2	5.6	90.8	162.1	98.0	.0	.0	
32.6	27.5	11.4	254.2	170.1	98.0	52.0	.0	
25.0	15.4	9.5	274.2	151.1	93.0	.0	.0	
31.9	20.6	11.6	253.3	238.4	75.0	.0	2.5	
34.0	18.3	10.3	260.4	319.6	28.0	.0	.0	
38.4	22.0	4.5	132.9	375.9	2.0	.0	.0	
45.6	36.8	7.0	140.8	294.1	54.0	16.0	.0	
49.9	49.4	3.1	90.4	138.9	98.0	4.0	.0	
46.8	38.2	5.2	103.3	323.0	75.0	.0	.0	
40.4	36.5	7.4	127.1	140.6	98.0	80.0	.0	
39.7	23.2	11.8	261.3	376.4	27.0	.0	.0	
41.5	24.7	4.4	98.8	268.5	67.0	.0	.0	
50.1	38.5	14.2	197.1	221.9	93.0	13.0	.0	
41.3	31.5	7.2	178.8	276.8	51.0	.0	.0	
49.2	33.2	9.4	111.3	352.6	49.0	.0	.0	
46.9	38.6	20.0	242.5	223.6	85.0	70.0	.0	
37.4	22.9	7.7	178.3	377.6	39.0	.0	.0	
38.8	25.8	12.2	170.4	257.3	61.0	.0	.0	
22.6	9.8	14.5	290.8	168.4	93.0	.0	.0	
25.2	10.3	7.0	235.0	436.0	22.0	.0	.0	
34.6	16.5	5.1	124.6	397.5	17.0	.0	.0	
36.3	29.8	4.0	112.9	127.9	87.0	13.0	.0	
   3    31    1974
54.4	46.4	9.4	213.3	377.0	72.0	.0	.0	
56.2	48.5	7.3	156.7	300.5	78.0	.0	.0	
59.4	49.2	4.4	136.3	303.6	70.0	.0	.0	
59.3	46.0	6.1	180.4	352.9	79.0	.0	.0	
54.8	50.4	8.0	199.6	126.0	97.0	38.0	.0	
55.5	54.1	4.1	137.9	205.9	98.0	17.0	.0	
62.0	56.1	5.0	114.2	411.0	44.0	.0	.0	
61.5	54.4	4.9	122.5	392.8	38.0	.0	.0	
61.5	48.8	5.8	139.2	402.5	40.0	.0	.0	
61.0	50.1	5.0	149.2	225.2	91.0	.0	.0	
55.5	47.2	7.8	86.7	248.6	98.0	3.0	.0	
53.9	50.3	7.4	149.2	209.4	98.0	53.0	.0	
40.1	23.7	8.2	152.5	456.0	20.0	.0	.0	
39.5	15.4	5.1	65.4	427.1	25.0	.0	.0	
47.9	30.4	6.3	159.2	406.2	61.0	.0	.0	
46.4	36.2	12.2	257.5	175.7	92.0	59.0	.0	
36.0	23.8	12.8	280.4	231.2	81.0	.0	.0	
38.7	25.0	3.0	125.8	255.2	65.0	.0	.0	
52.1	48.3	5.5	120.0	202.8	98.0	69.0	.0	
52.2	51.0	4.0	147.1	212.5	93.0	21.0	.0	
45.9	39.3	12.0	225.8	236.1	98.0	110.0	.0	
41.6	24.8	5.9	158.3	533.9	43.0	.0	.0	
49.8	33.3	3.8	115.8	453.3	57.0	.0	.0	
41.4	27.5	10.3	256.7	352.3	85.0	7.0	.0	
40.9	25.3	5.8	122.9	400.4	76.0	.0	.0	
45.2	38.8	5.1	121.7	221.7	97.0	.0	.0	
50.5	42.6	4.4	134.6	273.8	95.0	.0	.0	
55.3	51.7	3.8	139.6	262.5	72.0	10.0	.0	
51.1	48.4	5.8	75.8	276.5	63.0	5.0	.0	
48.5	41.7	14.3	237.5	281.0	91.0	42.0	.0	
50.5	34.7	9.8	216.3	534.6	44.0	.0	.0	
   4    30    1974
64.0	46.6	8.3	146.7	462.9	58.0	.0	.0	
62.7	51.5	9.0	202.9	483.8	48.0	43.0	.0	
65.4	55.5	8.2	131.7	403.6	63.0	.0	.0	
63.2	58.1	5.9	145.8	252.2	97.0	123.0	.0	
47.0	36.0	14.8	265.0	288.6	98.0	.0	.0	
42.0	25.7	11.8	252.5	452.1	52.0	.0	.0	
50.1	28.3	5.2	129.6	509.5	53.0	.0	.0	
55.5	45.4	10.3	197.1	258.3	97.0	46.0	.0	
39.3	26.3	11.9	270.4	409.5	57.0	1.0	.0	
44.0	30.4	3.3	97.1	610.2	5.0	.0	.0	
55.3	34.8	7.0	117.5	516.1	55.0	.0	.0	
60.7	50.1	10.7	160.4	230.7	98.0	61.0	.0	
63.4	58.0	6.4	159.6	364.3	94.0	24.0	.0	
65.8	57.4	11.0	199.2	317.7	88.0	42.0	.0	
53.0	39.1	11.5	281.7	287.3	72.0	.0	.0	
49.7	34.0	3.2	122.1	626.4	19.0	.0	.0	
47.4	39.7	7.5	239.2	313.9	72.0	14.0	.0	
49.6	37.5	2.6	105.4	472.6	48.0	.0	.0	
53.4	41.2	4.2	119.6	469.4	34.0	.0	.0	
59.3	42.7	5.3	100.0	630.0	6.0	.0	.0	
63.9	46.3	6.0	143.3	533.2	57.0	.0	.0	
62.9	52.8	8.2	185.8	245.1	93.0	22.0	.0	
57.8	43.6	14.1	269.2	531.5	38.0	20.0	.0	
46.6	29.2	10.5	325.0	322.1	65.0	.0	.0	
50.2	30.6	3.7	160.0	572.4	28.0	.0	.0	
57.2	38.8	3.7	112.5	646.8	13.0	.0	.0	
61.0	44.3	3.8	101.3	552.2	37.0	.0	.0	
65.5	50.4	5.0	133.8	580.9	50.0	.0	.0	
67.8	54.3	6.5	139.2	599.4	18.0	.0	.0	
68.0	54.0	8.6	178.3	634.6	25.0	.0	.0	
   5    31    1974
65.3	50.6	7.0	181.3	492.8	88.0	2.0	.0	
57.8	52.4	6.7	66.3	219.2	97.0	52.0	.0	
66.5	55.8	12.3	258.3	512.3	75.0	104.0	.0	
61.1	51.2	4.6	107.1	408.6	75.0	.0	.0	
50.9	45.3	6.6	109.6	179.3	94.0	64.0	.0	
53.7	43.0	7.5	205.0	414.6	71.0	.0	.0	
50.6	32.9	4.6	179.6	673.0	23.0	.0	.0	
57.8	46.3	6.4	127.5	500.7	77.0	1.0	.0	
61.3	56.1	5.3	155.0	296.6	96.0	5.0	.0	
59.7	57.9	3.1	77.1	228.7	86.0	25.0	.0	
67.7	60.3	5.3	121.3	510.5	82.0	28.0	.0	
64.1	51.6	11.4	237.1	483.5	60.0	69.0	.0	
59.6	44.3	6.6	218.3	627.0	24.0	.0	.0	
66.5	50.8	4.9	108.8	653.8	21.0	.0	.0	
66.5	57.6	5.6	152.1	437.9	73.0	1.0	.0	
68.2	62.4	4.0	121.3	561.9	38.0	.0	.0	
72.4	65.8	4.2	127.9	501.7	46.0	.0	.0	
70.4	65.3	6.1	165.8	426.5	78.0	40.0	.0	
68.5	65.1	4.7	165.4	455.8	83.0	36.0	.0	
68.5	64.8	4.9	69.6	420.3	73.0	23.0	.0	
67.4	62.1	4.9	97.1	326.0	93.0	.0	.0	
67.7	64.1	4.7	108.8	319.2	98.0	109.0	.0	
67.0	61.4	5.6	187.1	489.2	55.0	55.0	.0	
65.7	59.3	6.8	172.5	503.2	59.0	35.0	.0	
64.0	52.6	8.7	264.6	653.5	39.0	.0	.0	
56.9	53.8	3.9	82.1	236.3	96.0	56.0	.0	
59.1	48.6	6.8	229.6	451.9	57.0	.0	.0	
60.9	46.0	3.9	109.6	666.2	29.0	.0	.0	
66.9	57.7	9.2	170.4	481.9	85.0	61.0	.0	
67.3	65.2	5.6	183.3	427.9	88.0	56.0	.0	
72.4	66.9	8.7	200.0	444.7	86.0	44.0	.0	
   6    30    1974
68.4	65.6	5.1	164.2	296.9	98.0	10.0	.0	
64.1	61.7	7.0	164.2	324.2	77.0	6.0	.0	
65.5	56.7	5.0	85.0	668.6	22.0	.0	.0	
68.1	57.6	4.8	100.4	538.7	63.0	.0	.0	
68.9	56.1	5.0	84.6	584.7	69.0	.0	.0	
69.4	62.6	5.3	108.3	352.0	87.0	3.0	.0	
72.9	65.9	5.8	118.8	593.9	50.0	11.0	.0	
70.0	65.3	3.9	76.3	285.6	69.0	11.0	.0	
71.7	66.5	5.5	127.5	615.6	45.0	.0	.0	
72.2	64.8	9.8	188.3	517.1	43.0	.0	.0	
66.9	56.5	5.4	218.3	656.6	34.0	.0	.0	
66.1	56.2	7.2	169.6	573.1	64.0	.0	.0	
65.3	54.8	4.4	110.8	619.2	38.0	.0	.0	
69.5	58.0	4.7	154.2	675.9	27.0	.0	.0	
69.4	61.2	6.1	147.5	476.8	78.0	1.0	.0	
65.8	57.8	8.5	209.2	509.6	71.0	79.0	.0	
59.3	49.0	6.3	171.7	579.6	30.0	.0	.0	
62.0	51.0	5.0	116.7	676.9	4.0	.0	.0	
69.7	60.3	5.8	142.9	554.8	62.0	.0	.0	
68.9	65.9	3.9	112.9	353.7	81.0	21.0	.0	
71.1	68.1	7.0	174.2	300.1	89.0	64.0	.0	
74.0	68.0	7.0	185.0	579.9	54.0	31.0	.0	
66.7	60.9	10.4	267.5	272.2	91.0	.0	.0	
64.2	55.7	9.4	251.3	512.8	79.0	.0	.0	
61.5	53.6	6.0	172.1	504.4	56.0	16.0	.0	
61.5	53.1	3.3	60.4	508.7	60.0	.0	.0	
62.6	57.1	2.8	52.9	335.6	86.0	135.0	.0	
62.3	57.9	4.5	119.6	388.5	84.0	13.0	.0	
65.7	58.5	5.1	180.8	484.6	58.0	.0	.0	
68.1	58.7	6.3	131.7	680.6	15.0	.0	.0	
   7    31    1974
71.8	64.3	5.3	145.4	497.0	46.0	.0	.0	
74.0	65.5	4.7	120.4	683.5	10.0	.0	.0	
73.6	67.7	3.6	90.8	560.2	49.0	.0	.0	
71.7	66.3	4.4	130.4	439.3	78.0	27.0	.0	
71.1	67.9	3.4	112.9	320.0	98.0	5.0	.0	
71.5	67.4	3.1	85.0	356.8	92.0	1.0	.0	
72.7	66.5	5.1	150.4	478.6	85.0	.0	.0	
73.6	67.6	3.5	129.6	453.3	70.0	.0	.0	
72.8	67.9	4.2	135.8	526.5	77.0	.0	.0	
71.9	67.3	3.7	128.3	467.5	65.0	.0	.0	
71.9	67.9	4.5	184.6	437.3	66.0	.0	.0	
71.7	60.6	4.6	110.0	624.7	55.0	.0	.0	
71.5	60.8	3.3	127.5	657.4	20.0	.0	.0	
72.4	61.2	4.2	127.5	711.4	2.0	.0	.0	
70.6	64.1	5.1	156.3	586.6	40.0	11.0	.0	
73.4	63.7	6.4	85.8	624.6	36.0	.0	.0	
75.0	65.1	3.8	60.4	619.7	29.0	.0	.0	
78.0	68.5	5.1	148.3	612.3	43.0	.0	.0	
71.8	68.7	6.6	155.4	237.0	73.0	11.0	.0	
70.9	67.6	4.5	160.8	469.0	77.0	37.0	.0	
71.1	61.8	4.7	93.3	591.7	22.0	.0	.0	
71.8	61.2	5.2	132.5	619.9	40.0	.0	.0	
70.1	65.3	4.3	114.6	311.4	98.0	13.0	.0	
71.4	66.6	4.3	113.3	377.5	77.0	5.0	.0	
73.7	66.2	3.5	126.3	544.6	35.0	.0	.0	
72.6	67.5	4.3	117.9	271.4	97.0	40.0	.0	
74.2	68.1	3.7	108.3	569.3	49.0	8.0	.0	
74.3	66.0	4.3	140.8	580.7	48.0	.0	.0	
73.6	66.4	5.4	149.2	576.2	38.0	20.0	.0	
70.9	59.8	4.0	159.2	605.3	39.0	.0	.0	
70.5	59.2	3.8	140.8	636.9	42.0	.0	.0	
   8    31    1974
72.0	62.6	4.9	146.7	565.8	46.0	25.0	.0	
72.6	66.5	4.2	90.4	367.7	78.0	.0	.0	
71.3	66.7	4.0	106.3	240.7	98.0	10.0	.0	
70.5	65.5	4.0	154.2	288.4	97.0	20.0	.0	
70.4	60.9	4.7	155.4	473.8	77.0	.0	.0	
68.2	63.6	4.0	70.4	313.7	82.0	20.0	.0	
69.4	63.0	4.6	82.1	419.8	60.0	1.0	.0	
69.9	66.5	4.1	144.2	274.3	98.0	3.0	.0	
72.9	68.7	4.0	165.8	329.2	94.0	1.0	.0	
72.0	67.1	4.9	122.1	337.8	79.0	.0	.0	
71.6	66.2	5.3	95.4	350.0	94.0	6.0	.0	
70.8	67.8	4.1	177.1	289.8	96.0	.0	.0	
74.5	66.1	5.2	116.3	529.1	76.0	.0	.0	
74.3	65.8	4.0	112.9	392.7	91.0	.0	.0	
73.1	65.4	5.0	125.8	496.4	69.0	10.0	.0	
70.5	67.5	2.4	70.0	340.3	71.0	4.0	.0	
72.3	67.7	5.1	152.9	433.8	58.0	16.0	.0	
68.9	64.9	4.0	88.3	378.8	64.0	.0	.0	
68.4	63.7	4.9	108.3	347.0	63.0	.0	.0	
69.0	63.6	4.0	48.3	392.6	33.0	9.0	.0	
70.1	62.4	4.2	104.2	547.3	29.0	3.0	.0	
69.6	62.5	4.3	136.3	517.3	19.0	.0	.0	
70.8	63.4	3.8	128.8	552.0	16.0	.0	.0	
71.4	63.7	3.5	118.8	594.1	5.0	.0	.0	
72.8	65.1	3.3	110.0	577.9	9.0	.0	.0	
74.3	67.0	3.8	118.3	541.1	6.0	.0	.0	
73.8	66.8	5.3	173.8	493.3	53.0	.0	.0	
74.6	67.9	4.7	155.8	475.6	78.0	.0	.0	
75.7	68.5	7.1	180.0	442.6	84.0	38.0	.0	
72.2	68.3	6.4	170.4	246.1	97.0	20.0	.0	
71.6	67.8	4.9	149.6	257.9	84.0	9.0	.0	
   9    30    1974
71.7	68.1	4.8	153.3	322.8	84.0	10.0	.0	
69.5	66.7	4.0	109.2	264.0	84.0	11.0	.0	
64.7	62.5	5.7	212.1	170.1	98.0	17.0	.0	
60.0	53.8	8.8	156.7	247.3	92.0	.0	.0	
62.3	54.5	5.2	80.4	460.7	61.0	.0	.0	
60.3	57.7	6.2	67.5	152.3	98.0	52.0	.0	
66.0	61.0	5.4	52.1	343.1	84.0	.0	.0	
68.5	63.4	3.6	60.4	396.1	76.0	.0	.0	
69.6	64.6	3.9	137.9	364.8	60.0	1.0	.0	
69.7	67.3	3.3	87.9	293.1	81.0	6.0	.0	
71.1	66.4	3.5	89.2	482.9	43.0	.0	.0	
68.8	65.4	4.3	107.1	387.8	44.0	65.0	.0	
68.9	65.6	4.9	140.8	439.4	65.0	19.0	.0	
66.5	62.7	6.9	222.5	237.0	98.0	.0	.0	
63.7	59.5	2.9	137.1	337.4	58.0	.0	.0	
63.9	55.9	4.0	71.7	397.1	85.0	.0	.0	
63.2	61.3	2.4	55.0	200.5	85.0	7.0	.0	
65.1	60.1	2.1	82.9	440.7	42.0	.0	.0	
66.0	57.7	2.7	86.3	514.3	24.0	.0	.0	
66.0	58.8	2.0	54.6	495.7	18.0	.0	.0	
62.4	60.3	5.1	108.8	169.7	98.0	100.0	.0	
56.0	48.9	3.6	144.2	411.1	50.0	.0	.0	
53.2	42.7	5.9	110.8	449.0	45.0	.0	.0	
50.3	43.9	4.3	67.1	211.3	78.0	.0	.0	
54.3	48.3	3.6	119.6	251.9	97.0	.0	.0	
60.6	53.5	2.0	42.1	419.1	46.0	.0	.0	
62.4	59.1	4.1	58.3	245.0	74.0	14.0	.0	
67.1	63.4	2.0	62.9	325.3	65.0	.0	.0	
63.0	55.9	9.7	229.2	311.3	63.0	10.0	.0	
53.0	41.0	5.8	219.6	486.3	2.0	.0	.0	
  10    31    1974
47.5	39.1	3.1	135.4	494.0	8.0	.0	.0	
41.8	30.5	7.3	200.8	466.0	17.0	.0	.0	
38.9	26.3	2.6	63.3	472.5	10.0	.0	.0	
45.2	29.8	2.0	55.8	457.8	2.0	.0	.0	
52.7	35.9	2.8	102.5	480.1	2.0	.0	.0	
56.0	40.8	2.5	89.6	474.4	2.0	.0	.0	
54.4	46.1	4.4	152.5	372.1	20.0	.0	.0	
50.6	38.6	2.9	106.7	423.8	9.0	.0	.0	
51.6	38.6	3.5	102.9	408.7	17.0	.0	.0	
54.7	41.9	4.4	120.4	432.6	2.0	.0	.0	
57.8	45.7	3.9	101.7	423.0	8.0	.0	.0	
59.3	50.8	3.3	97.1	261.4	55.0	.0	.0	
61.6	54.3	2.1	62.9	326.0	59.0	.0	.0	
65.0	53.3	3.5	99.6	289.2	70.0	.0	.0	
59.0	56.1	3.1	57.1	111.5	88.0	117.0	.0	
57.0	55.4	6.3	247.1	156.3	94.0	111.0	.0	
52.5	45.8	2.5	99.6	380.1	39.0	.0	.0	
52.2	42.4	4.7	103.3	326.2	52.0	5.0	.0	
46.6	33.7	8.6	226.3	345.6	40.0	.0	.0	
41.7	31.0	7.6	167.9	299.3	39.0	1.0	.0	
41.0	23.0	4.6	90.0	387.9	2.0	.0	.0	
46.2	28.6	2.5	92.5	387.8	3.0	.0	.0	
47.7	33.1	2.6	115.4	367.1	5.0	.0	.0	
53.5	42.5	2.9	92.9	222.8	49.0	.0	.0	
59.8	49.3	3.9	136.7	305.3	64.0	.0	.0	
62.3	48.1	4.7	132.1	277.6	38.0	.0	.0	
53.4	39.4	2.1	46.3	340.9	12.0	.0	.0	
55.7	41.1	2.6	77.5	358.5	15.0	.0	.0	
63.7	51.0	4.1	85.8	287.4	74.0	.0	.0	
66.6	55.1	2.0	69.6	219.0	59.0	.0	.0	
63.8	53.6	2.6	77.9	345.3	2.0	.0	.0	
  11    30    1974
62.7	52.9	2.8	90.0	291.1	25.0	.0	.0	
62.7	53.9	2.7	88.8	285.9	25.0	.0	.0	
63.9	54.4	3.2	113.3	298.1	25.0	.0	.0	
64.8	51.7	5.2	134.2	258.1	65.0	.0	.0	
59.0	50.7	8.2	205.4	224.1	71.0	35.0	.0	
49.5	37.8	4.8	169.6	306.9	31.0	.0	.0	
44.9	34.3	5.2	155.0	159.2	73.0	.0	.0	
45.0	35.0	3.5	82.5	280.5	65.0	.0	.0	
45.3	35.2	2.4	91.7	311.5	2.0	.0	.0	
51.8	36.4	3.6	81.7	282.2	43.0	.0	.0	
56.2	37.6	6.3	180.0	191.9	85.0	35.0	.0	
44.8	38.2	10.9	249.2	154.8	89.0	16.0	.0	
42.1	29.1	9.8	187.1	265.5	62.0	.0	.0	
40.9	34.6	6.1	190.8	79.1	98.0	36.0	.0	
33.1	24.6	6.4	164.6	296.6	20.0	.0	.0	
38.2	27.0	2.6	47.5	264.1	30.0	.0	.0	
41.8	37.7	3.0	67.1	118.5	83.0	6.0	.0	
48.8	46.9	3.7	115.8	129.2	98.0	32.0	.0	
54.7	53.3	3.2	83.8	106.3	95.0	75.0	.0	
53.6	43.6	13.0	209.6	154.8	86.0	72.0	.0	
41.7	24.9	16.2	272.1	184.3	70.0	.0	.0	
39.5	29.9	2.9	133.8	271.0	35.0	.0	.0	
44.9	32.1	2.2	69.2	287.8	2.0	.0	.0	
45.7	34.5	3.6	79.2	231.5	33.0	.0	.0	
40.9	32.4	10.7	265.8	97.2	85.0	16.0	.0	
33.6	19.8	4.2	169.6	291.1	6.0	.0	.0	
36.1	22.8	6.9	160.8	250.1	39.0	.0	.0	
37.5	21.5	5.8	160.8	280.1	2.0	.0	.0	
39.0	25.1	2.0	36.7	249.9	19.0	.0	.0	
40.8	30.7	11.8	85.8	109.6	96.0	6.0	.0	
  12    31    1974
34.4	31.4	10.3	178.8	132.1	98.0	21.0	.0	
33.5	29.6	15.1	254.6	135.6	98.0	15.0	.0	
34.8	26.1	10.8	258.3	235.2	38.0	.0	.0	
33.1	24.4	4.1	182.5	220.5	48.0	.0	.0	
31.8	22.3	2.9	74.2	274.3	2.0	.0	.0	
35.1	23.3	4.2	57.1	243.2	41.0	.0	.0	
44.1	35.6	4.9	87.5	103.3	93.0	9.0	.0	
42.5	39.2	9.4	224.2	102.7	91.0	12.0	.0	
31.0	18.9	13.5	272.1	173.2	56.0	.0	.0	
28.9	16.1	2.0	60.8	265.6	9.0	.0	.0	
35.2	24.0	3.9	67.1	100.9	78.0	4.0	.0	
44.3	39.1	3.3	123.3	125.4	93.0	.0	.0	
42.2	37.7	4.8	151.7	108.8	94.0	.0	.0	
40.5	32.1	3.8	63.3	218.6	48.0	.0	.0	
43.1	35.4	7.1	96.3	80.1	97.0	20.0	.0	
42.4	36.1	7.5	192.1	190.9	62.0	6.0	.0	
33.5	27.2	10.4	249.6	115.2	98.0	3.0	.0	
29.2	21.0	7.3	171.7	221.7	73.0	.0	2.5	
39.9	33.2	5.5	152.5	123.0	69.0	.0	.0	
34.9	33.3	2.2	80.0	107.6	90.0	1.0	.0	
40.8	31.7	7.4	148.3	173.0	58.0	.0	.0	
37.2	26.6	2.0	25.4	226.1	31.0	.0	.0	
41.6	30.4	2.0	87.1	198.0	56.0	.0	.0	
49.9	41.4	2.7	117.1	123.5	98.0	2.0	.0	
47.1	44.1	9.4	207.9	105.2	82.0	52.0	.0	
35.1	27.9	3.7	142.1	177.8	64.0	.0	.0	
40.5	39.2	2.9	146.3	83.7	98.0	116.0	.0	
46.1	45.2	4.1	149.2	118.2	95.0	67.0	.0	
46.8	45.6	2.0	62.1	105.9	98.0	5.0	.0	
52.3	50.0	3.1	109.2	144.9	85.0	1.0	.0	
49.9	49.6	3.4	74.3	82.0	92.0	18.0	.0	
