   1    31    1971
30.9	23.8	4.3	182.9	272.0	10.0	.0	.0	
34.5	27.1	5.1	80.4	240.9	37.0	.0	.0	
41.0	31.8	6.6	116.3	184.5	76.0	1.0	.0	
56.1	50.0	10.1	231.3	98.9	98.0	47.0	.0	
34.8	27.4	9.6	184.6	145.0	98.0	.0	.0	
31.0	19.1	10.7	160.8	140.7	97.0	.0	.0	
28.2	11.4	10.1	78.8	176.4	82.0	.0	.0	
29.2	23.4	7.3	90.8	130.2	98.0	.0	7.6	
34.6	30.0	4.8	177.5	162.3	64.0	.0	.0	
37.6	31.0	5.6	171.7	140.3	78.0	3.0	.0	
46.2	41.0	4.9	160.8	176.1	74.0	.0	.0	
50.7	43.3	4.6	140.4	214.1	91.0	.0	.0	
54.3	45.0	7.3	181.3	146.3	97.0	.0	.0	
58.5	54.4	11.1	249.2	135.4	94.0	68.0	.0	
44.9	34.0	9.4	276.3	172.8	59.0	1.0	.0	
31.0	16.8	5.8	176.3	161.8	65.0	.0	.0	
37.6	23.2	7.0	254.2	140.2	98.0	.0	.0	
33.6	22.0	10.0	257.9	149.3	93.0	2.0	.0	
22.1	7.3	9.3	205.4	201.9	81.0	.0	.0	
24.5	10.4	4.7	131.7	296.7	26.0	.0	.0	
35.5	17.7	9.8	217.5	169.1	61.0	.0	.0	
45.9	41.2	8.3	165.4	125.4	98.0	95.0	.0	
46.5	34.8	8.5	176.7	301.2	55.0	34.0	.0	
41.1	35.9	5.5	153.3	123.6	98.0	162.0	.0	
50.6	45.9	5.9	177.1	168.8	93.0	17.0	.0	
41.8	22.3	17.9	280.8	302.2	35.0	.0	.0	
20.8	2.0	13.8	278.8	330.9	7.0	.0	.0	
28.2	10.0	12.5	248.3	175.7	84.0	.0	.0	
41.7	27.5	13.5	177.9	230.7	85.0	.0	.0	
48.1	43.4	15.9	188.8	154.4	98.0	60.0	.0	
24.0	14.4	9.7	263.3	225.1	69.0	.0	25.4	
   2    28    1971
15.9	.6	8.8	262.5	337.4	2.0	.0	.0	
20.7	6.3	6.8	60.4	154.5	69.0	.0	.0	
29.1	20.4	5.3	64.2	146.0	98.0	.0	101.6	
35.8	33.2	4.4	127.9	164.1	98.0	23.0	.0	
48.3	37.9	15.4	242.5	304.7	48.0	80.0	.0	
39.4	25.5	6.5	70.8	351.6	25.0	.0	.0	
39.7	33.6	5.2	116.3	144.0	97.0	9.0	.0	
32.7	29.0	11.0	272.5	176.0	98.0	34.0	.0	
14.0	4.8	11.9	255.4	306.0	42.0	.0	.0	
17.4	6.2	6.3	186.3	399.3	2.0	.0	.0	
31.7	18.6	5.3	137.5	307.0	67.0	.0	.0	
42.9	30.7	7.1	119.6	211.2	85.0	2.0	.0	
28.7	25.2	14.0	264.2	172.8	98.0	.0	99.1	
20.5	9.3	4.3	173.3	345.0	41.0	.0	.0	
33.8	22.9	4.6	144.2	327.2	53.0	.0	.0	
40.4	27.6	2.4	78.3	320.4	30.0	.0	.0	
47.1	37.9	7.2	191.7	264.6	47.0	.0	.0	
50.8	43.9	3.3	69.1	331.6	41.0	.0	.0	
57.2	42.0	10.5	146.3	165.9	82.0	16.0	.0	
57.1	45.8	12.9	232.9	369.6	31.0	30.0	.0	
45.1	40.9	5.8	93.8	177.9	73.0	17.0	.0	
57.8	45.3	12.4	198.3	211.5	75.0	108.0	.0	
38.4	24.6	14.6	265.8	170.3	95.0	.0	.0	
42.7	27.7	7.3	222.5	354.0	65.0	.0	.0	
51.2	31.0	5.7	137.1	240.1	70.0	.0	.0	
50.2	44.8	8.2	168.3	174.4	94.0	94.0	.0	
55.5	34.1	11.1	230.8	432.7	37.0	.0	.0	
50.0	27.6	5.5	56.7	345.0	80.0	1.0	.0	
   3    31    1971
56.9	42.3	4.7	117.5	316.0	89.0	.0	.0	
54.3	49.9	7.3	100.4	189.1	98.0	54.0	.0	
37.0	33.5	11.6	260.4	203.8	98.0	33.0	.0	
29.7	17.9	9.1	259.2	380.4	55.0	.0	2.5	
38.8	19.6	7.4	197.9	475.2	2.0	.0	.0	
48.7	36.5	10.8	197.1	191.6	96.0	64.0	.0	
35.3	23.9	16.8	272.1	270.3	87.0	.0	.0	
32.7	17.0	13.0	273.3	375.5	46.0	2.0	.0	
37.2	15.9	5.1	167.8	429.3	53.0	.0	.0	
41.1	31.5	10.5	224.2	204.2	98.0	27.0	.0	
44.8	31.0	4.1	173.8	456.5	60.0	.0	.0	
52.4	39.9	6.1	163.3	206.6	90.0	11.0	.0	
51.5	47.7	5.3	44.6	232.0	98.0	33.0	.0	
62.0	51.6	6.6	144.2	423.0	53.0	.0	.0	
61.8	45.7	15.8	235.4	373.2	31.0	32.0	.0	
52.1	27.7	13.6	254.2	488.6	12.0	.0	.0	
39.2	19.5	7.7	213.8	489.9	9.0	.0	.0	
46.3	23.3	7.5	118.3	497.2	42.0	.0	.0	
45.4	31.9	17.4	240.0	231.0	98.0	11.0	.0	
36.7	21.2	14.4	269.6	260.6	65.0	2.0	.0	
45.2	20.1	11.0	209.6	481.5	46.0	.0	.0	
50.4	36.5	12.0	239.2	238.7	95.0	3.0	.0	
41.1	19.4	10.6	274.2	506.0	56.0	.0	.0	
36.9	10.9	9.6	146.7	538.0	40.0	.0	.0	
36.9	24.1	10.3	57.5	236.3	98.0	36.0	.0	
37.5	31.2	7.6	167.9	247.8	98.0	10.0	.0	
44.7	28.3	7.1	105.0	565.7	28.0	.0	.0	
54.3	42.4	7.5	201.3	248.6	98.0	26.0	.0	
52.7	38.1	8.7	250.4	390.3	59.0	76.0	.0	
44.7	22.5	7.4	195.8	593.3	2.0	.0	.0	
51.3	27.9	3.7	132.9	561.0	16.0	.0	.0	
   4    30    1971
59.7	31.8	14.1	232.1	366.2	73.0	7.0	.0	
46.6	33.0	10.5	249.6	338.5	67.0	31.0	.0	
51.5	25.3	9.0	229.6	584.8	11.0	.0	.0	
57.8	29.8	4.6	150.4	560.2	19.0	.0	.0	
59.6	32.1	6.9	192.9	433.9	68.0	.0	.0	
44.8	39.4	9.4	222.1	267.1	98.0	134.0	.0	
42.8	31.6	5.8	195.8	555.2	48.0	44.0	.0	
51.8	31.0	4.9	149.2	602.2	2.0	.0	.0	
58.4	33.4	11.4	197.1	582.8	25.0	.0	.0	
57.6	27.7	11.0	107.1	633.5	5.0	.0	.0	
58.5	31.3	4.1	116.7	582.7	2.0	.0	.0	
64.1	38.9	7.9	205.8	620.4	3.0	.0	.0	
68.0	42.6	13.7	245.4	569.9	42.0	.0	.0	
54.0	29.5	10.1	114.2	645.3	19.0	.0	.0	
55.2	30.4	5.4	164.2	553.4	23.0	.0	.0	
59.9	33.0	3.3	75.8	643.2	10.0	.0	.0	
64.4	38.9	4.8	178.3	598.9	20.0	.0	.0	
68.7	46.4	4.4	101.3	434.5	65.0	.0	.0	
70.6	44.8	7.0	170.8	579.5	60.0	.0	.0	
67.0	54.3	7.8	233.8	308.7	81.0	16.0	.0	
63.7	56.5	9.3	230.8	330.6	78.0	16.0	.0	
59.6	42.4	7.0	131.7	576.7	21.0	.0	.0	
49.1	40.8	8.8	60.0	261.6	94.0	74.0	.0	
57.2	40.5	9.3	237.9	626.0	34.0	.0	.0	
60.9	37.5	6.2	196.3	483.8	42.0	.0	.0	
63.6	45.3	6.7	121.7	436.7	39.0	.0	.0	
65.9	46.6	9.2	113.3	341.4	77.0	8.0	.0	
66.6	48.5	10.0	242.1	594.5	50.0	57.0	.0	
58.2	38.3	4.9	153.3	416.2	76.0	.0	.0	
55.2	37.6	8.0	108.8	318.1	82.0	.0	.0	
   5    31    1971
58.3	35.9	5.3	209.2	678.4	6.0	.0	.0	
55.8	38.8	10.4	251.3	334.5	77.0	5.0	.0	
47.9	28.6	7.9	283.3	345.0	59.0	.0	.0	
53.5	28.7	6.5	200.4	686.7	23.0	.0	.0	
64.6	42.8	12.2	232.9	415.7	91.0	.0	.0	
67.7	57.5	12.4	190.0	273.9	97.0	35.0	.0	
67.6	60.0	11.7	174.2	371.7	87.0	62.0	.0	
66.2	54.5	10.2	250.0	556.0	71.0	37.0	.0	
64.0	49.5	4.3	142.1	562.1	53.0	.0	.0	
64.2	50.0	6.3	144.6	548.5	75.0	.0	.0	
64.9	56.5	5.0	176.7	321.8	96.0	5.0	.0	
64.3	60.3	6.7	79.6	324.6	98.0	167.0	.0	
57.6	53.8	8.7	189.6	289.0	98.0	15.0	.0	
58.9	46.7	6.6	78.3	553.2	62.0	.0	.0	
60.7	55.0	5.6	128.3	284.8	98.0	4.0	.0	
65.9	56.4	5.7	205.8	505.6	48.0	.0	.0	
68.5	54.4	5.3	180.4	690.8	3.0	.0	.0	
70.2	56.4	4.9	182.9	674.3	18.0	.0	.0	
72.5	58.0	8.6	215.4	551.0	42.0	.0	.0	
69.9	58.5	5.3	206.3	337.0	80.0	1.0	.0	
66.2	43.2	6.5	150.0	686.2	8.0	.0	.0	
64.4	40.9	6.6	102.1	610.5	48.0	.0	.0	
68.5	46.8	6.4	152.9	562.7	54.0	.0	.0	
74.4	55.4	14.4	206.7	473.4	89.0	.0	.0	
66.8	52.2	14.4	232.9	621.0	46.0	45.0	.0	
66.6	48.0	6.8	207.1	698.5	29.0	.0	.0	
67.2	54.7	4.3	140.0	503.0	70.0	.0	.0	
60.5	53.4	9.6	201.3	323.9	98.0	2.0	.0	
58.4	48.6	8.3	37.1	373.3	86.0	.0	.0	
61.3	49.2	6.7	266.3	468.2	73.0	.0	.0	
66.8	47.5	4.5	102.5	712.9	17.0	.0	.0	
   6    30    1971
70.2	52.0	7.6	151.7	657.0	42.0	.0	.0	
72.8	62.6	7.7	209.6	514.9	58.0	40.0	.0	
75.3	63.6	4.3	170.4	636.2	57.0	.0	.0	
76.0	64.9	3.9	172.9	621.3	69.0	.0	.0	
77.5	64.4	4.4	76.3	659.5	25.0	.0	.0	
78.6	63.9	3.9	173.3	648.5	23.0	.0	.0	
77.4	63.6	7.8	212.1	578.0	83.0	.0	.0	
72.2	64.8	8.0	215.8	391.4	97.0	61.0	.0	
70.3	64.8	5.5	203.3	442.9	84.0	.0	.0	
74.1	63.3	6.7	168.8	631.1	58.0	.0	.0	
74.8	64.0	5.3	216.3	589.0	46.0	.0	.0	
72.7	66.0	6.9	222.5	450.2	75.0	40.0	.0	
73.7	68.5	7.1	234.2	421.8	79.0	9.0	.0	
74.6	67.8	7.9	248.8	457.5	83.0	5.0	.0	
73.5	68.2	6.8	190.8	443.3	78.0	24.0	.0	
73.4	66.2	6.9	245.4	462.9	89.0	26.0	.0	
71.4	65.8	5.1	155.8	384.0	93.0	2.0	.0	
72.4	65.8	4.9	124.6	427.9	75.0	.0	.0	
74.5	67.4	6.1	174.2	507.1	73.0	.0	.0	
73.0	66.6	5.8	212.9	421.7	68.0	.0	.0	
76.1	67.1	8.2	191.7	605.3	70.0	12.0	.0	
73.4	64.6	6.0	198.3	496.5	53.0	.0	.0	
73.3	62.4	5.0	192.5	589.1	28.0	.0	.0	
76.0	63.5	4.1	158.3	685.1	16.0	.0	.0	
78.1	64.7	4.6	134.6	716.1	2.0	.0	.0	
77.5	69.5	6.4	155.4	467.2	65.0	30.0	.0	
73.5	68.1	5.6	171.3	433.6	85.0	13.0	.0	
72.9	66.7	6.6	93.3	592.7	60.0	44.0	.0	
74.1	69.1	5.1	173.8	486.6	77.0	58.0	.0	
73.6	69.0	4.7	148.8	422.3	83.0	9.0	.0	
   7    31    1971
74.3	69.6	6.3	202.5	466.4	70.0	.0	.0	
74.6	70.3	6.2	162.9	380.4	81.0	9.0	.0	
75.9	65.4	6.7	67.9	660.0	23.0	.0	.0	
75.9	64.4	5.5	110.4	656.9	30.0	.0	.0	
74.1	64.4	6.9	187.9	359.7	74.0	.0	.0	
73.6	69.5	7.8	247.1	326.2	85.0	12.0	.0	
76.0	68.6	5.7	218.3	582.4	69.0	.0	.0	
77.3	69.4	4.9	171.7	432.7	43.0	.0	.0	
79.6	69.4	5.8	238.3	591.2	39.0	.0	.0	
77.2	69.3	6.1	215.0	484.1	78.0	3.0	.0	
77.0	68.3	9.2	226.3	557.7	67.0	11.0	.0	
76.4	68.6	6.2	202.9	473.1	77.0	4.0	.0	
76.0	68.0	7.4	215.8	462.1	65.0	49.0	.0	
74.2	68.5	7.5	222.9	376.9	90.0	51.0	.0	
73.8	68.1	7.9	233.8	406.1	92.0	.0	.0	
74.7	67.5	7.7	236.3	495.2	70.0	.0	.0	
76.2	68.4	6.4	218.3	477.4	47.0	.0	.0	
78.5	68.2	7.7	239.2	594.7	40.0	55.0	.0	
72.1	69.0	7.8	225.8	303.6	98.0	218.0	.0	
71.7	63.9	6.5	191.7	420.8	75.0	.0	.0	
71.8	61.9	6.9	170.4	498.6	55.0	.0	.0	
73.4	65.1	4.3	133.8	457.5	58.0	.0	.0	
74.7	67.0	5.1	116.3	500.1	50.0	3.0	.0	
73.4	68.5	4.8	172.5	299.0	93.0	3.0	.0	
70.9	68.9	5.1	112.5	277.6	98.0	105.0	.0	
71.2	67.9	10.2	228.8	303.9	98.0	122.0	.0	
72.1	66.0	5.3	242.9	418.3	78.0	.0	.0	
73.5	67.4	6.0	207.9	357.6	87.0	.0	.0	
72.3	69.0	6.8	181.3	295.7	90.0	150.0	.0	
70.7	68.0	6.9	178.3	289.8	98.0	59.0	.0	
69.3	66.1	5.4	129.6	317.6	98.0	22.0	.0	
   8    31    1971
70.8	67.9	5.0	121.7	281.7	98.0	39.0	.0	
71.7	69.1	4.7	87.1	295.8	98.0	27.0	.0	
73.8	70.0	5.2	126.3	389.7	87.0	119.0	.0	
74.3	70.1	5.7	192.5	393.9	90.0	5.0	.0	
75.8	70.0	4.6	184.6	519.9	59.0	1.0	.0	
75.9	70.5	5.3	248.3	415.4	67.0	.0	.0	
76.5	69.5	4.6	176.3	550.7	60.0	.0	.0	
76.1	69.3	3.5	127.5	557.7	28.0	.0	.0	
77.2	69.5	5.0	195.4	511.0	29.0	.0	.0	
77.9	70.3	5.7	199.6	443.8	70.0	.0	.0	
76.2	70.0	7.3	233.8	463.9	89.0	9.0	.0	
74.7	65.5	8.4	67.1	589.7	44.0	.0	.0	
75.1	65.5	4.8	164.6	500.9	49.0	.0	.0	
73.5	65.2	3.6	117.5	456.9	47.0	.0	.0	
74.3	64.0	5.8	45.8	595.6	20.0	.0	.0	
76.8	63.0	9.1	37.9	586.4	21.0	.0	.0	
73.4	65.1	6.8	86.7	370.9	63.0	5.0	.0	
72.8	66.8	5.2	202.1	346.4	68.0	8.0	.0	
75.2	66.5	4.5	179.2	571.6	25.0	.0	.0	
77.9	68.6	6.4	195.0	462.7	31.0	.0	.0	
77.2	67.8	5.7	217.1	425.6	77.0	.0	.0	
74.2	67.8	8.9	244.6	267.7	88.0	18.0	.0	
75.6	67.9	5.6	196.7	500.1	59.0	74.0	.0	
73.5	65.3	5.8	105.4	475.4	33.0	.0	.0	
73.3	62.6	4.5	164.6	560.2	15.0	.0	.0	
75.1	66.0	3.9	136.5	492.5	39.0	.0	.0	
74.4	63.0	6.4	199.6	499.5	40.0	.0	.0	
70.2	57.6	6.7	87.1	525.1	13.0	.0	.0	
73.0	59.6	8.0	74.6	524.2	22.0	.0	.0	
74.4	62.1	4.9	106.3	541.1	13.0	.0	.0	
75.9	62.8	5.8	112.9	510.9	46.0	.0	.0	
   9    30    1971
74.9	66.7	4.8	79.6	267.3	95.0	.0	.0	
75.5	66.6	5.3	163.8	316.6	96.0	.0	.0	
75.7	64.0	4.3	100.0	506.3	58.0	.0	.0	
76.0	64.0	5.4	85.0	452.0	61.0	.0	.0	
77.0	65.5	5.2	122.1	517.7	20.0	.0	.0	
75.8	66.7	5.0	119.6	359.0	58.0	.0	.0	
73.0	67.5	6.2	85.4	278.5	87.0	22.0	.0	
73.7	66.3	4.0	102.1	414.2	47.0	.0	.0	
75.8	64.5	4.8	64.2	530.3	29.0	.0	.0	
76.3	66.1	5.2	132.5	494.9	37.0	22.0	.0	
71.8	67.2	5.8	236.3	263.4	96.0	18.0	.0	
66.7	60.5	5.4	205.4	430.8	63.0	7.0	.0	
65.9	58.0	7.3	251.7	323.6	68.0	.0	.0	
69.6	58.2	4.2	160.4	520.0	2.0	.0	.0	
74.8	63.7	4.9	146.7	469.4	35.0	.0	.0	
69.9	65.2	6.2	184.2	231.6	97.0	38.0	.0	
66.3	63.2	8.3	45.4	228.6	98.0	93.0	.0	
70.0	65.7	5.0	80.8	220.9	96.0	11.0	.0	
73.9	66.5	4.2	142.9	346.5	70.0	.0	.0	
69.8	64.1	8.7	214.6	253.0	89.0	121.0	.0	
64.9	60.9	6.9	115.4	241.3	78.0	.0	.0	
70.0	64.4	4.4	89.2	341.1	88.0	.0	.0	
71.4	66.4	5.8	157.9	209.7	94.0	.0	.0	
70.9	62.8	7.4	45.0	408.7	64.0	.0	.0	
68.5	63.1	6.2	174.6	308.0	71.0	.0	.0	
69.1	64.4	5.8	226.3	209.4	86.0	9.0	.0	
71.8	64.7	3.3	152.9	416.4	45.0	.0	.0	
72.9	65.5	2.5	87.9	407.5	38.0	.0	.0	
73.5	65.6	5.3	81.7	409.9	25.0	.0	.0	
73.6	66.5	3.6	72.1	402.1	33.0	.0	.0	
  10    31    1971
73.0	65.0	4.3	153.3	340.2	78.0	.0	.0	
72.7	62.1	4.9	178.8	293.1	68.0	.0	.0	
72.1	62.7	2.3	114.2	458.6	27.0	.0	.0	
73.0	64.1	4.8	160.8	411.8	55.0	16.0	.0	
68.7	66.1	6.4	197.1	184.7	98.0	77.0	.0	
65.8	56.5	7.6	246.3	441.0	31.0	.0	.0	
58.5	45.0	5.5	153.8	430.2	5.0	.0	.0	
57.8	45.4	5.4	185.0	357.9	49.0	.0	.0	
59.8	56.1	4.5	187.1	177.7	98.0	11.0	.0	
54.5	42.6	6.3	215.4	294.9	60.0	.0	.0	
55.3	42.2	8.0	215.8	439.4	2.0	.0	.0	
61.8	47.8	3.5	128.8	409.0	9.0	.0	.0	
60.2	53.0	2.4	72.5	186.7	70.0	.0	.0	
64.7	55.2	3.9	91.7	424.9	5.0	.0	.0	
63.4	58.8	6.0	78.8	200.0	75.0	73.0	.0	
67.9	63.3	3.2	97.9	260.5	54.0	2.0	.0	
64.9	60.5	3.8	75.4	271.4	76.0	.0	.0	
65.7	59.8	5.1	52.1	334.6	48.0	.0	.0	
63.2	56.6	4.7	70.8	298.8	48.0	.0	.0	
68.0	56.8	9.9	65.0	277.5	44.0	.0	.0	
65.6	59.8	9.3	43.8	156.8	93.0	5.0	.0	
64.2	61.2	7.8	61.3	151.2	98.0	5.0	.0	
66.1	62.8	7.3	69.2	152.7	92.0	.0	.0	
64.6	60.5	4.8	118.8	172.0	91.0	8.0	.0	
63.1	58.7	5.7	196.7	157.4	92.0	1.0	.0	
62.1	55.1	8.1	64.6	275.9	62.0	.0	.0	
58.8	54.2	3.8	91.3	291.6	35.0	.0	.0	
63.6	57.4	5.1	49.2	366.9	8.0	.0	.0	
63.6	59.0	3.5	78.3	333.3	42.0	.0	.0	
66.1	58.7	4.3	84.6	339.3	46.0	.0	.0	
68.0	62.2	6.3	77.1	179.1	53.0	.0	.0	
  11    30    1971
69.4	66.0	4.4	103.3	139.5	94.0	1.0	.0	
69.4	67.2	9.6	234.2	154.9	79.0	28.0	.0	
58.0	43.6	8.8	273.3	327.3	36.0	58.0	.0	
45.2	28.0	5.1	86.7	337.3	2.0	.0	.0	
45.1	29.8	3.8	122.9	356.2	2.0	.0	.0	
48.3	40.6	4.9	165.0	163.9	74.0	3.0	.0	
39.7	22.9	10.8	165.4	356.1	18.0	.0	.0	
36.7	17.7	8.9	80.4	317.2	23.0	.0	.0	
41.0	29.0	4.0	133.8	144.1	98.0	.0	.0	
43.7	32.7	5.1	187.9	260.4	64.0	.0	.0	
46.7	32.9	5.1	171.3	317.2	19.0	.0	.0	
51.6	38.9	6.0	147.9	248.9	38.0	.0	.0	
58.0	43.1	7.1	222.1	311.9	14.0	.0	.0	
57.5	46.6	4.9	144.2	259.4	23.0	.0	.0	
56.7	47.8	2.7	97.1	318.6	5.0	.0	.0	
57.6	50.4	3.4	37.9	297.3	8.0	.0	.0	
57.2	49.9	2.4	50.8	297.6	20.0	.0	.0	
56.3	50.6	3.8	123.3	192.8	46.0	.0	.0	
54.4	50.4	8.3	220.4	118.6	93.0	26.0	.0	
45.8	33.4	12.6	242.5	284.7	37.0	.0	.0	
43.1	25.4	13.1	293.3	167.9	72.0	.0	.0	
35.2	16.4	9.8	125.8	295.4	25.0	.0	.0	
34.8	21.3	9.6	54.2	126.6	95.0	.0	.0	
38.6	32.9	7.0	190.0	129.7	98.0	67.0	.0	
38.2	29.1	9.2	136.3	187.1	59.0	.0	.0	
37.2	29.1	5.2	106.3	131.9	78.0	.0	.0	
43.7	36.0	9.3	266.3	136.4	98.0	22.0	.0	
45.6	34.1	8.1	60.0	257.9	71.0	7.0	.0	
49.0	41.0	11.9	222.5	126.1	98.0	9.0	.0	
41.5	28.8	9.1	207.9	118.2	98.0	.0	.0	
  12    31    1971
38.0	25.3	9.4	37.9	171.1	65.0	.0	.0	
37.8	23.7	11.9	42.1	168.5	71.0	.0	.0	
36.8	30.1	11.9	43.8	115.3	94.0	123.0	.0	
44.5	35.9	7.3	53.8	182.6	90.0	.0	.0	
47.4	37.9	5.8	125.8	112.2	98.0	12.0	.0	
54.1	51.0	6.5	214.6	126.2	98.0	73.0	.0	
57.5	51.9	11.8	206.3	185.2	86.0	37.0	.0	
52.6	45.4	4.5	122.5	129.5	98.0	.0	.0	
51.3	47.5	4.9	129.2	94.3	95.0	40.0	.0	
62.0	55.3	14.9	170.0	156.2	92.0	8.0	.0	
55.6	43.3	7.5	144.6	255.9	21.0	.0	.0	
50.8	46.9	5.1	138.3	88.4	70.0	55.0	.0	
52.6	46.5	4.8	163.3	233.3	45.0	.0	.0	
55.7	48.4	5.6	162.9	133.3	95.0	.0	.0	
68.7	58.5	18.2	221.7	122.7	97.0	24.0	.0	
60.3	56.0	10.0	253.3	100.4	93.0	6.0	.0	
47.5	41.0	9.1	247.1	138.1	78.0	26.0	.0	
30.3	11.4	8.4	126.3	267.5	2.0	.0	.0	
36.1	24.2	4.0	89.2	174.3	64.0	19.0	.0	
51.4	47.8	4.6	110.0	140.2	79.0	23.0	.0	
50.5	46.5	5.4	120.8	146.8	60.0	.0	.0	
43.4	32.6	10.4	53.8	266.0	2.0	.0	.0	
37.3	27.7	2.9	71.3	131.6	75.0	.0	.0	
47.4	38.2	3.8	129.6	172.4	83.0	.0	.0	
53.0	46.0	7.7	157.5	178.6	90.0	.0	.0	
58.9	49.1	12.3	244.6	174.1	44.0	.0	.0	
60.6	51.9	12.1	233.8	162.2	82.0	.0	.0	
54.4	49.8	8.6	245.0	106.2	85.0	2.0	.0	
44.8	36.7	4.8	143.8	137.1	70.0	.0	.0	
57.4	52.3	12.0	220.0	107.8	82.0	100.0	.0	
43.3	32.6	5.5	136.7	193.9	36.0	.0	.0	
