   1    31    1967
38.3	33.9	7.9	240.0	171.4	62.0	.0	.0	
36.4	28.0	6.3	120.0	264.0	18.0	.0	.0	
33.7	25.3	7.8	246.3	130.2	50.0	.0	.0	
35.9	21.2	10.5	240.0	272.4	13.0	.0	.0	
40.5	22.8	8.5	200.0	277.7	44.0	.0	.0	
52.3	35.2	23.0	177.5	116.2	93.0	.0	.0	
38.4	22.5	11.1	263.8	256.2	66.0	16.0	.0	
29.7	16.2	9.8	266.3	278.7	53.0	.0	.0	
32.5	18.7	3.3	171.3	216.9	90.0	.0	.0	
34.1	19.1	9.8	306.3	210.3	77.0	.0	.0	
29.8	15.0	7.9	125.0	297.9	2.0	.0	.0	
39.8	20.0	11.5	203.8	280.0	2.0	.0	.0	
43.8	32.9	11.7	195.0	118.0	91.0	71.0	.0	
47.7	39.9	6.6	196.3	226.4	45.0	8.0	.0	
33.9	23.4	8.4	217.5	233.6	27.0	.0	.0	
33.4	18.6	11.8	166.3	294.0	11.0	.0	.0	
28.5	17.6	13.6	47.5	140.4	76.0	.0	10.2	
21.5	6.5	13.0	72.5	203.9	65.0	.0	.0	
29.0	17.7	5.1	231.3	303.4	35.0	.0	.0	
34.2	26.0	8.3	138.8	299.9	11.0	.0	.0	
53.4	47.8	11.2	198.8	127.5	90.0	1.0	.0	
62.9	55.5	14.7	187.5	160.9	75.0	.0	.0	
66.2	58.1	13.3	192.5	157.0	88.0	.0	.0	
65.4	53.4	13.3	186.3	211.9	83.0	.0	.0	
62.2	54.9	11.9	187.5	143.8	91.0	14.0	.0	
54.0	46.1	17.7	195.0	129.7	95.0	109.0	.0	
34.4	21.5	17.3	302.5	213.5	54.0	.0	.0	
36.8	19.8	6.7	253.8	286.2	35.0	.0	.0	
46.1	29.3	9.2	207.5	241.8	70.0	.0	.0	
55.4	44.1	8.8	197.5	328.1	38.0	.0	.0	
60.4	52.3	10.5	195.0	191.9	93.0	.0	.0	
   2    28    1967
64.5	52.7	14.1	186.3	192.2	91.0	.0	.0	
45.4	38.5	16.4	156.3	138.9	98.0	61.0	.0	
33.8	26.6	8.1	195.0	182.3	98.0	.0	.0	
42.4	33.1	10.5	235.0	330.8	34.0	.0	.0	
52.1	38.1	15.5	178.8	360.3	13.0	.0	.0	
29.3	18.5	21.6	227.5	159.8	89.0	.0	.0	
22.8	8.4	12.6	222.5	356.3	3.0	.0	.0	
27.3	9.5	6.5	93.8	363.4	10.0	.0	.0	
36.1	16.8	8.9	165.0	351.3	2.0	.0	.0	
46.1	32.2	11.4	185.0	326.6	50.0	.0	.0	
42.9	25.4	13.6	45.0	216.7	84.0	.0	.0	
39.5	21.4	8.4	158.8	395.0	4.0	.0	.0	
49.7	27.3	12.4	225.0	381.4	2.0	.0	.0	
54.1	33.1	20.2	213.8	303.0	60.0	.0	.0	
58.0	41.9	21.6	241.3	185.3	92.0	.0	.0	
30.6	17.4	13.7	76.3	163.8	98.0	.0	50.8	
29.8	25.7	9.4	113.8	175.3	98.0	.0	17.8	
30.7	26.0	6.2	195.0	170.3	56.0	.0	.0	
42.7	35.3	11.3	143.8	272.0	90.0	19.0	.0	
41.6	33.9	12.8	295.0	214.3	82.0	71.0	.0	
32.7	18.5	8.8	275.0	432.7	16.0	.0	.0	
37.3	26.8	12.1	240.0	174.4	70.0	3.0	.0	
35.3	13.0	14.5	260.0	375.8	25.0	.0	.0	
25.9	4.9	15.3	242.5	449.6	3.0	.0	.0	
21.9	2.4	7.8	98.8	446.5	42.0	.0	.0	
32.8	10.3	11.1	147.5	190.3	98.0	.0	.0	
44.1	37.0	15.5	237.5	180.4	92.0	52.0	.0	
38.8	30.2	6.9	265.0	372.5	19.0	.0	.0	
   3    31    1967
44.1	30.3	10.0	137.5	444.3	33.0	.0	.0	
56.3	37.6	14.4	200.0	437.6	39.0	.0	.0	
56.6	49.5	11.4	166.3	195.4	74.0	.0	.0	
65.6	55.7	14.4	202.5	295.2	53.0	.0	.0	
65.3	56.4	14.8	226.3	213.4	91.0	4.0	.0	
34.9	30.9	16.3	217.5	201.0	98.0	262.0	.0	
34.9	24.5	3.7	142.5	473.3	8.0	.0	.0	
39.1	30.1	6.5	241.3	423.0	40.0	.0	.0	
52.6	33.5	9.6	155.0	445.9	46.0	.0	.0	
63.8	52.1	13.8	203.8	340.3	72.0	.0	.0	
71.1	61.5	14.4	212.5	293.0	58.0	.0	.0	
73.7	58.2	15.8	221.3	445.4	21.0	.0	.0	
73.5	57.9	15.4	213.8	410.9	55.0	.0	.0	
72.9	58.3	15.8	210.0	332.9	78.0	.0	.0	
51.5	38.9	16.4	133.8	294.9	71.0	.0	.0	
43.9	27.6	7.2	117.5	515.7	28.0	.0	.0	
39.4	21.5	15.1	71.3	423.0	69.0	.0	.0	
36.3	15.3	10.7	51.3	474.9	49.0	.0	.0	
43.1	27.7	11.7	103.8	234.3	93.0	9.0	.0	
55.2	45.2	14.7	206.3	203.9	98.0	10.0	.0	
50.8	37.9	8.5	187.5	477.3	71.0	.0	.0	
52.7	34.1	5.0	126.3	533.4	23.0	.0	.0	
61.4	38.5	6.9	168.8	519.3	2.0	.0	.0	
67.7	42.8	9.2	205.0	528.9	39.0	.0	.0	
65.5	46.6	9.3	180.0	245.5	98.0	1.0	.0	
62.3	58.0	12.6	153.8	233.5	98.0	156.0	.0	
62.4	56.9	4.3	200.0	249.4	87.0	23.0	.0	
64.7	56.2	4.1	180.0	483.6	38.0	.0	.0	
68.9	55.1	7.1	123.8	487.8	46.0	.0	.0	
70.6	55.0	14.7	160.0	398.6	85.0	.0	.0	
69.8	54.5	12.4	168.8	428.3	67.0	.0	.0	
   4    30    1967
68.5	52.7	10.0	183.8	515.4	6.0	.0	.0	
69.3	52.4	12.5	203.8	531.5	32.0	.0	.0	
64.6	50.9	12.4	147.5	499.5	41.0	.0	.0	
64.4	49.0	8.2	160.0	545.7	29.0	.0	.0	
73.9	50.9	13.7	211.3	567.3	29.0	.0	.0	
73.9	59.4	14.7	220.0	524.8	53.0	.0	.0	
67.2	48.0	10.7	65.0	453.6	84.0	.0	.0	
68.3	50.2	11.3	136.3	407.2	66.0	.0	.0	
74.6	56.0	12.5	203.8	560.5	70.0	.0	.0	
66.0	59.7	8.2	132.5	250.8	90.0	29.0	.0	
60.2	51.0	9.1	37.5	479.6	55.0	.0	.0	
67.5	54.9	12.1	140.0	398.0	70.0	.0	.0	
71.9	60.7	17.4	157.5	429.6	88.0	65.0	.0	
69.9	62.0	14.8	200.0	405.3	86.0	43.0	.0	
70.9	61.9	8.1	193.8	524.5	43.0	.0	.0	
74.8	65.7	12.1	196.7	459.8	46.0	.0	.0	
72.8	56.9	12.6	281.3	537.2	43.0	.0	.0	
60.8	43.6	9.8	183.8	498.5	72.0	.0	.0	
58.7	46.2	9.3	82.5	494.1	41.0	.0	.0	
68.2	53.4	11.1	147.5	522.5	89.0	.0	.0	
73.2	63.3	14.1	203.8	346.0	87.0	5.0	.0	
71.2	56.0	7.5	137.5	525.7	67.0	7.0	.0	
65.5	59.9	14.5	191.3	356.7	83.0	104.0	.0	
50.7	40.9	14.6	40.0	491.8	53.0	.0	.0	
51.8	47.8	13.8	137.5	272.6	93.0	87.0	.0	
62.9	55.8	15.5	251.3	382.6	86.0	51.0	.0	
54.1	40.9	10.7	53.8	570.0	42.0	.0	.0	
58.4	42.6	8.1	153.8	659.0	5.0	.0	.0	
64.6	48.0	12.1	192.5	407.1	88.0	.0	.0	
72.8	62.4	14.4	223.8	353.3	97.0	55.0	.0	
   5    31    1967
69.5	62.8	15.4	226.3	315.5	98.0	77.0	.0	
58.9	42.2	9.8	256.3	681.8	25.0	.0	.0	
59.3	41.6	9.2	117.5	616.0	65.0	.0	.0	
64.3	51.3	8.8	131.3	497.6	68.0	.0	.0	
61.5	54.9	8.4	130.0	360.9	72.0	.0	.0	
67.8	63.0	14.4	188.8	282.2	91.0	230.0	.0	
60.6	50.5	11.7	256.3	461.0	45.0	.0	.0	
65.8	49.1	12.9	280.0	547.7	45.0	.0	.0	
65.8	46.5	7.4	255.0	657.1	30.0	.0	.0	
68.0	53.6	13.5	142.5	341.4	84.0	.0	.0	
81.0	68.8	14.4	218.8	569.0	57.0	.0	.0	
71.2	63.9	10.8	102.5	303.9	88.0	.0	.0	
75.9	65.9	9.1	198.8	515.6	62.0	.0	.0	
73.7	64.1	12.3	207.5	300.7	91.0	104.0	.0	
60.3	48.2	12.2	271.3	528.4	63.0	3.0	.0	
63.4	45.5	7.2	183.8	680.5	7.0	.0	.0	
69.0	52.6	8.8	207.5	668.2	26.0	.0	.0	
72.3	54.9	7.9	150.0	697.8	4.0	.0	.0	
75.3	60.7	12.0	250.0	554.3	72.0	21.0	.0	
67.0	56.4	11.5	120.0	349.4	98.0	2.0	.0	
60.6	53.5	11.1	38.8	283.6	98.0	18.0	.0	
64.2	46.7	13.1	18.8	626.6	65.0	.0	.0	
63.9	43.8	6.9	122.5	699.0	8.0	.0	.0	
70.0	50.5	7.6	187.5	687.9	2.0	.0	.0	
76.3	55.2	9.4	223.8	699.7	2.0	.0	.0	
78.1	59.5	7.5	187.5	710.0	2.0	.0	.0	
78.1	61.0	7.2	186.3	623.3	52.0	.0	.0	
79.1	63.0	7.3	203.8	601.0	71.0	.0	.0	
79.0	62.1	9.1	188.8	569.0	59.0	.0	.0	
72.3	63.9	8.5	182.5	414.3	76.0	32.0	.0	
69.7	64.6	8.2	143.8	330.2	89.0	151.0	.0	
   6    30    1967
70.7	62.8	10.6	125.0	521.6	87.0	.0	.0	
64.9	57.6	6.6	192.5	302.6	88.0	.0	.0	
67.2	56.2	7.8	47.5	607.4	29.0	.0	.0	
68.9	58.1	6.0	96.3	573.5	20.0	.0	.0	
74.0	62.6	5.9	111.3	585.6	53.0	.0	.0	
75.8	64.2	9.1	141.3	626.5	57.0	.0	.0	
77.8	64.4	11.3	157.5	609.5	57.0	.0	.0	
79.1	64.6	11.4	153.8	581.2	62.0	.0	.0	
79.7	65.3	12.6	163.8	657.4	38.0	.0	.0	
79.8	65.7	11.0	165.0	654.6	18.0	.0	.0	
79.1	67.5	9.7	171.3	510.7	53.0	1.0	.0	
81.0	66.4	10.4	162.5	649.8	33.0	.0	.0	
82.0	65.2	8.4	146.3	602.5	23.0	.0	.0	
82.5	66.4	6.9	117.5	680.4	9.0	.0	.0	
81.9	66.4	8.2	133.8	678.0	4.0	.0	.0	
81.1	65.3	7.9	136.3	644.1	11.0	.0	.0	
81.2	65.2	5.0	156.3	656.8	28.0	.0	.0	
82.8	67.7	4.6	162.5	632.0	38.0	1.0	.0	
83.3	68.6	5.3	177.5	616.7	67.0	.0	.0	
80.2	69.1	5.5	142.5	448.6	93.0	27.0	.0	
84.7	70.4	9.7	210.0	658.3	57.0	.0	.0	
78.7	68.2	6.7	206.3	320.3	84.0	13.0	.0	
79.7	70.5	6.8	211.3	460.1	83.0	50.0	.0	
83.7	70.0	9.3	191.3	635.7	69.0	.0	.0	
77.6	66.1	11.2	207.5	490.5	85.0	1.0	.0	
73.4	61.8	7.4	37.5	340.4	90.0	.0	.0	
77.7	65.7	6.6	147.5	568.5	50.0	.0	.0	
78.5	68.9	10.1	212.5	417.4	63.0	2.0	.0	
80.7	70.0	9.3	155.0	566.5	77.0	7.0	.0	
77.1	68.3	7.1	158.8	463.6	89.0	68.0	.0	
   7    31    1967
78.2	69.4	9.1	235.0	479.2	89.0	7.0	.0	
74.3	68.6	6.7	253.8	363.5	82.0	165.0	.0	
75.9	61.9	5.5	182.5	701.9	21.0	.0	.0	
74.8	63.3	7.9	85.0	571.1	92.0	.0	.0	
72.1	67.0	8.5	152.5	306.2	98.0	136.0	.0	
68.4	62.9	7.6	258.8	310.1	78.0	.0	.0	
72.4	63.5	5.8	172.5	596.1	58.0	.0	.0	
77.8	65.3	5.6	175.0	631.1	41.0	.0	.0	
77.7	71.4	9.2	177.5	349.9	80.0	53.0	.0	
83.2	74.4	10.3	211.3	402.6	79.0	.0	.0	
80.9	72.3	11.0	213.8	504.4	98.0	31.0	.0	
77.9	71.7	6.9	188.8	337.6	93.0	33.0	.0	
76.8	64.2	9.6	325.0	580.4	46.0	3.0	.0	
67.3	53.2	10.3	221.3	666.3	8.0	.0	.0	
71.1	56.6	6.2	223.8	632.0	30.0	.0	.0	
72.0	57.3	3.9	110.0	338.2	77.0	.0	.0	
75.1	60.6	4.2	72.5	626.1	44.0	.0	.0	
77.2	63.9	4.9	140.0	623.8	40.0	.0	.0	
78.6	65.7	5.9	112.5	597.4	37.0	.0	.0	
76.0	67.0	6.5	156.3	568.6	40.0	.0	.0	
78.4	68.8	8.2	192.5	509.0	57.0	.0	.0	
79.1	69.9	9.2	208.8	476.2	66.0	3.0	.0	
80.8	70.7	9.9	211.3	557.8	40.0	.0	.0	
83.4	71.4	9.0	211.3	565.4	73.0	.0	.0	
80.3	70.9	10.5	202.5	407.0	98.0	38.0	.0	
80.1	71.4	7.4	200.0	512.2	81.0	7.0	.0	
83.6	69.7	9.7	223.8	548.0	59.0	.0	.0	
81.2	70.4	11.8	222.5	430.6	82.0	125.0	.0	
79.2	69.6	7.6	250.0	368.9	63.0	.0	.0	
82.1	69.9	6.3	205.0	567.5	39.0	.0	.0	
83.3	71.3	9.6	185.0	494.6	70.0	.0	.0	
   8    31    1967
82.7	72.5	8.6	167.5	474.3	73.0	.0	.0	
77.5	70.3	10.2	165.0	378.2	91.0	119.0	.0	
82.7	73.2	7.9	211.3	552.1	70.0	72.0	.0	
78.0	69.3	8.1	162.5	322.4	98.0	.0	.0	
77.8	63.5	8.6	53.8	632.4	40.0	3.0	.0	
76.3	64.0	6.3	158.8	548.6	53.0	.0	.0	
80.0	71.6	9.3	192.5	532.6	60.0	31.0	.0	
85.8	74.7	10.0	225.0	544.7	90.0	.0	.0	
83.7	74.1	9.6	267.5	320.0	88.0	.0	.0	
75.6	63.9	12.1	142.5	424.1	61.0	3.0	.0	
68.3	54.8	12.7	58.8	554.0	40.0	.0	.0	
67.9	52.5	12.8	26.3	630.5	2.0	.0	.0	
68.9	54.7	5.3	33.8	658.8	2.0	.0	.0	
71.6	58.9	4.9	110.0	652.0	10.0	.0	.0	
75.4	64.4	6.2	140.0	560.3	65.0	.0	.0	
76.9	65.0	7.2	120.0	441.9	98.0	.0	.0	
74.8	66.0	6.9	147.5	396.7	67.0	.0	.0	
74.3	67.1	7.7	173.8	392.4	89.0	57.0	.0	
76.3	66.6	7.9	232.5	482.3	85.0	15.0	.0	
75.1	64.2	7.6	55.0	472.1	78.0	.0	.0	
75.7	61.7	4.6	135.0	543.4	28.0	.0	.0	
74.9	61.0	6.2	42.5	456.1	75.0	.0	.0	
77.1	64.3	8.2	47.5	522.2	57.0	.0	.0	
76.8	66.7	8.2	117.5	378.7	60.0	2.0	.0	
77.2	67.5	7.2	141.3	393.9	91.0	.0	.0	
77.1	67.6	6.3	200.0	367.2	90.0	214.0	.0	
72.1	56.1	7.2	72.5	574.7	48.0	1.0	.0	
70.3	53.7	2.6	62.5	623.9	2.0	.0	.0	
72.3	56.5	3.8	143.8	603.7	2.0	.0	.0	
74.5	61.2	6.5	140.0	420.5	70.0	.0	.0	
66.1	54.3	12.6	143.8	282.0	80.0	.0	.0	
   9    30    1967
65.4	50.0	11.5	67.5	553.5	35.0	.0	.0	
67.9	55.7	8.5	68.8	470.1	82.0	.0	.0	
67.8	56.6	9.8	107.5	306.3	90.0	3.0	.0	
66.6	56.6	10.9	81.3	253.2	94.0	.0	.0	
72.3	58.9	8.9	86.3	460.3	92.0	.0	.0	
72.5	58.5	8.1	87.5	425.1	73.0	.0	.0	
71.2	62.3	12.3	93.8	243.2	96.0	13.0	.0	
73.0	64.4	7.0	153.8	288.5	95.0	119.0	.0	
72.2	66.0	7.4	185.0	332.4	58.0	.0	.0	
70.1	64.5	9.7	32.5	263.2	58.0	.0	.0	
72.4	64.9	7.2	57.5	530.2	13.0	.0	.0	
71.8	66.6	10.5	131.3	228.5	56.0	.0	.0	
73.9	65.7	9.9	143.8	422.5	40.0	.0	.0	
74.3	63.6	9.8	142.5	462.1	55.0	.0	.0	
73.1	64.9	8.3	155.0	210.4	90.0	.0	.0	
76.3	62.9	6.7	141.3	428.2	87.0	.0	.0	
76.8	63.5	3.1	121.3	475.6	62.0	.0	.0	
77.8	64.6	3.9	123.8	477.8	67.0	.0	.0	
77.6	63.9	4.8	108.8	416.7	89.0	.0	.0	
78.8	68.4	7.6	152.5	427.6	78.0	.0	.0	
79.7	65.1	11.8	242.5	445.0	51.0	.0	.0	
68.5	50.9	5.9	103.8	500.8	2.0	.0	.0	
65.7	50.9	4.0	138.8	509.6	2.0	.0	.0	
66.8	52.5	5.5	145.0	471.6	8.0	.0	.0	
66.5	47.0	3.3	41.3	518.5	2.0	.0	.0	
72.6	57.4	9.1	152.5	440.2	20.0	.0	.0	
58.9	53.0	15.4	302.5	203.8	98.0	51.0	.0	
51.4	40.4	12.0	340.0	269.1	58.0	.0	.0	
52.0	36.4	6.5	213.8	469.7	2.0	.0	.0	
62.3	44.0	10.4	187.5	458.4	2.0	.0	.0	
  10    31    1967
68.6	54.2	9.3	192.5	489.7	2.0	.0	.0	
69.5	52.8	7.4	181.3	436.5	63.0	.0	.0	
72.5	56.5	6.8	187.5	424.5	41.0	.0	.0	
72.3	55.0	7.1	158.8	454.1	8.0	.0	.0	
73.9	58.3	6.3	220.0	453.2	33.0	.0	.0	
74.4	56.9	4.9	185.0	424.3	22.0	.0	.0	
72.6	55.8	8.9	182.5	402.0	33.0	.0	.0	
60.6	52.4	9.7	265.0	196.4	79.0	17.0	.0	
56.4	43.7	7.5	232.5	394.1	27.0	.0	.0	
54.1	40.1	10.7	178.8	446.8	24.0	.0	.0	
51.2	37.5	4.8	76.3	371.7	58.0	.0	.0	
57.9	41.3	4.5	78.8	420.8	10.0	.0	.0	
70.5	51.0	10.8	203.8	388.8	32.0	.0	.0	
72.9	56.3	8.8	195.0	398.3	25.0	.0	.0	
74.5	53.7	12.7	185.0	382.4	56.0	.0	.0	
63.7	58.3	10.3	187.5	163.9	98.0	170.0	.0	
54.8	51.0	10.3	246.3	199.6	98.0	4.0	.0	
55.3	37.5	11.8	320.0	425.0	4.0	.0	.0	
52.1	36.8	3.7	186.3	412.5	2.0	.0	.0	
59.5	43.3	7.7	183.8	421.6	2.0	.0	.0	
59.6	38.9	6.5	62.5	406.2	2.0	.0	.0	
59.7	41.2	3.9	87.5	386.2	28.0	.0	.0	
65.2	47.1	11.4	141.3	353.6	58.0	.0	.0	
66.2	54.9	15.5	236.3	241.9	69.0	10.0	.0	
55.3	31.6	10.3	248.8	368.6	36.0	.0	.0	
59.4	35.7	11.7	156.3	332.7	60.0	.0	.0	
53.5	34.9	9.8	233.8	384.4	19.0	.0	.0	
53.4	33.5	6.3	141.3	327.3	43.0	.0	.0	
65.4	38.3	16.8	148.8	299.0	64.0	.0	.0	
62.9	51.7	16.8	132.5	143.6	98.0	27.0	.0	
56.6	48.6	9.2	182.5	169.9	96.0	10.0	.0	
  11    30    1967
53.6	44.2	11.4	160.0	255.8	85.0	5.0	.0	
54.0	45.6	4.6	218.8	262.8	78.0	.0	.0	
43.4	38.6	10.7	275.0	147.5	63.0	30.0	.0	
37.9	25.8	5.0	201.3	337.4	9.0	.0	.0	
36.2	20.6	6.5	147.5	360.4	29.0	.0	.0	
39.8	22.8	6.0	148.8	297.3	18.0	.0	.0	
41.9	23.9	3.3	161.3	351.9	3.0	.0	.0	
43.0	23.7	3.2	126.3	345.9	2.0	.0	.0	
49.7	26.0	6.5	160.0	355.5	2.0	.0	.0	
59.9	37.2	12.0	166.3	137.0	95.0	2.0	.0	
60.6	55.0	11.1	197.5	154.2	76.0	56.0	.0	
59.3	53.1	5.3	183.8	283.0	47.0	.0	.0	
58.5	46.9	9.4	93.8	287.1	53.0	.0	.0	
47.7	36.4	8.1	182.5	316.0	21.0	.0	.0	
47.0	34.1	6.1	73.8	327.7	30.0	.0	.0	
48.8	32.4	7.4	161.3	302.3	35.0	.0	.0	
58.0	41.6	10.1	257.5	207.5	70.0	.0	.0	
49.6	26.9	8.5	246.3	310.5	6.0	.0	.0	
44.8	25.9	3.2	78.8	296.1	32.0	.0	.0	
56.1	34.0	10.8	175.0	230.3	89.0	.0	.0	
58.8	55.1	8.2	145.0	132.3	98.0	6.0	.0	
52.9	47.8	7.7	151.3	138.5	98.0	.0	.0	
44.4	36.3	9.2	78.8	177.4	83.0	1.0	.0	
49.9	44.5	8.6	202.5	138.1	66.0	.0	.0	
51.5	38.9	7.0	121.3	292.6	2.0	.0	.0	
51.4	39.0	6.6	63.8	224.6	54.0	.0	.0	
43.3	19.7	10.8	167.5	214.1	76.0	.0	.0	
38.8	15.5	6.5	83.8	124.5	86.0	.0	.0	
42.3	36.2	13.5	135.0	130.9	98.0	56.0	.0	
47.2	39.7	10.4	210.0	121.4	98.0	34.0	.0	
  12    31    1967
50.6	40.5	10.1	126.3	228.5	88.0	.0	.0	
55.4	46.1	19.4	222.5	134.3	93.0	292.0	.0	
41.0	29.8	9.8	226.3	230.6	45.0	.0	.0	
41.1	26.6	2.7	73.8	280.8	13.0	.0	.0	
50.0	36.0	7.8	177.5	217.2	75.0	1.0	.0	
59.1	52.2	11.4	186.3	131.1	78.0	.0	.0	
54.3	39.7	5.7	196.3	274.6	6.0	.0	.0	
51.7	43.6	6.6	120.0	250.7	55.0	.0	.0	
59.0	55.4	10.5	125.0	111.9	98.0	67.0	.0	
57.1	54.0	5.9	165.0	140.4	96.0	43.0	.0	
48.8	45.3	17.6	143.8	94.7	98.0	44.0	.0	
50.7	39.7	15.0	190.0	253.2	28.0	.0	.0	
61.6	51.5	12.1	191.3	207.5	57.0	.0	.0	
46.3	43.8	12.8	61.3	111.2	98.0	73.0	.0	
38.0	29.7	13.9	21.3	127.8	95.0	10.0	.0	
40.1	24.8	9.8	77.5	230.8	60.0	.0	.0	
50.1	47.5	8.2	163.8	99.9	98.0	70.0	.0	
54.8	46.8	7.2	182.5	255.6	40.0	.0	.0	
51.8	41.9	2.6	70.0	261.8	2.0	.0	.0	
64.2	60.0	12.6	136.3	115.3	92.0	35.0	.0	
61.4	52.6	18.5	246.3	108.9	98.0	50.0	.0	
32.1	17.7	17.0	318.8	239.2	37.0	.0	.0	
29.5	12.4	8.8	277.5	277.8	2.0	.0	.0	
42.2	25.6	11.2	208.8	251.0	39.0	.0	.0	
43.0	28.6	12.1	291.3	199.4	59.0	.0	.0	
29.3	16.3	7.2	48.8	266.8	2.0	.0	.0	
29.7	19.2	10.8	81.3	112.4	85.0	.0	.0	
28.1	20.1	12.9	343.8	172.3	79.0	.0	.0	
28.1	19.5	4.8	171.3	266.4	28.0	.0	.0	
32.3	25.6	6.3	132.5	147.7	77.0	11.0	.0	
31.3	26.3	11.4	118.8	103.9	98.0	.0	104.1	
