01	31	2009
20.8	11.4	8.2	161.7	76.2	43.8	0	0.0
28.1	15.9	12.1	263.2	92.6	67.7	0	0.0
24.3	14.8	5.1	107.9	145.1	78.1	0	0.0
31.4	26.9	9.2	185.1	52.0	31.2	0	0.0
25.1	11.4	8.3	262.7	149.5	96.3	0	0.0
24.4	18.8	6.2	83.1	97.0	50.6	0	0.0
30.0	26.3	8.7	190.9	53.1	0.0	2	4.2
26.8	18.6	11.0	275.1	142.7	24.6	0	0.0
23.0	16.6	5.5	168.9	90.2	19.8	1	3.3
22.7	18.4	9.7	89.8	71.5	5.3	5	22.1
19.1	14.1	4.5	210.4	132.8	45.3	0	0.0
20.8	15.6	6.7	213.0	56.0	23.2	0	0.0
22.8	15.0	10.1	264.6	101.6	39.4	4	10.4
7.8	2.8	3.3	93.2	75.5	37.9	0	0.0
6.5	0.5	8.6	267.5	122.1	67.7	0	0.0
1.6	0.0	11.5	250.0	163.7	97.9	0	0.0
9.6	6.3	10.5	186.6	86.5	48.3	1	7.8
19.1	13.6	9.2	239.9	110.6	33.9	0	0.0
15.9	8.8	6.7	304.4	126.1	34.4	0	0.0
14.3	5.2	6.9	329.2	149.2	57.3	0	0.0
15.8	7.6	10.8	238.5	175.3	67.7	0	0.0
23.8	17.2	6.1	166.7	82.2	35.8	0	0.0
28.7	21.0	8.6	218.3	167.0	64.6	1	4.4
16.2	2.4	7.8	305.8	136.1	46.9	0	0.0
12.2	3.0	7.5	249.2	185.5	92.7	0	0.0
14.6	5.7	6.0	248.5	138.7	54.2	0	0.0
17.0	9.2	4.2	95.9	182.8	56.2	0	0.0
19.1	11.5	8.6	213.3	111.6	40.8	12	72.1
20.9	14.5	13.0	228.5	68.8	17.2	0	0.0
20.6	11.8	9.5	279.9	94.8	3.5	0	0.0
17.1	8.1	12.4	231.4	89.0	34.7	0	0.0
02	28	2009
35.8	22.9	11.2	247.9	202.2	89.6	0	0.0
29.0	19.4	6.6	243.8	206.0	70.8	0	0.0
21.4	11.8	6.5	272.4	163.2	45.1	0	0.0
9.9	0.4	8.9	327.1	214.4	75.0	0	0.0
10.5	3.0	8.2	223.5	154.6	68.8	0	0.0
22.1	12.6	7.0	176.9	210.7	77.6	0	0.0
43.5	36.4	14.5	223.2	137.7	55.6	0	0.0
37.8	26.2	6.7	241.5	228.2	89.1	0	0.0
32.7	26.2	5.2	108.5	228.4	76.0	0	0.0
48.3	42.2	12.1	185.0	207.6	54.7	10	0.0
50.5	47.0	8.2	192.3	85.2	3.2	52	0.0
38.8	29.1	16.8	279.4	85.2	0.0	5	0.0
32.8	24.5	6.8	202.6	86.5	0.0	0	0.0
27.5	21.1	5.3	81.4	87.8	4.2	7	30.0
27.7	17.9	4.5	262.9	133.1	11.5	0	0.0
27.2	14.8	4.5	270.4	243.4	64.6	0	0.0
31.3	20.3	8.9	183.7	245.8	55.2	0	0.0
37.5	32.0	8.7	221.1	93.4	0.0	8	0.0
21.4	9.5	14.9	297.9	119.5	20.3	0	0.8
22.6	8.7	10.1	276.4	170.8	60.1	0	0.0
23.7	18.2	12.0	135.1	100.9	38.5	0	0.0
24.1	16.5	12.7	270.7	171.2	56.2	0	0.0
20.1	9.2	7.3	245.4	288.0	100.0	0	0.0
21.8	11.5	4.9	112.9	280.4	84.4	0	0.0
34.2	25.0	7.3	172.1	204.0	54.2	2	0.0
40.2	33.4	6.8	127.0	183.8	44.8	5	0.0
36.0	29.2	12.4	219.6	107.1	1.0	33	1.3
19.1	8.7	9.7	61.5	310.4	70.1	0	0.0
03	31	2009
17.6	7.3	12.5	195.4	196.7	79.3	0	0.0
12.3	2.1	11.9	219.8	202.8	64.3	0	0.0
17.8	4.6	4.9	230.0	324.3	100.0	0	0.0
26.3	12.0	4.8	131.7	328.9	100.0	0	0.0
41.1	26.6	11.2	176.7	142.7	35.4	0	0.0
57.9	44.6	12.7	233.6	267.4	36.8	0	0.0
39.6	36.9	5.4	103.8	121.4	30.0	73	0.0
40.0	38.5	10.7	110.5	121.7	3.0	43	0.0
38.8	31.0	8.5	204.4	315.9	54.2	0	0.0
38.0	35.9	7.2	110.7	125.4	21.9	54	38.1
36.3	23.3	16.5	272.7	342.5	49.7	12	0.0
24.4	10.3	5.7	194.6	246.6	49.0	0	0.0
28.1	16.0	4.0	120.4	365.4	95.8	0	0.0
36.1	21.5	3.8	153.3	377.3	100.0	0	0.0
39.9	21.0	2.3	50.0	382.3	100.0	0	0.0
44.0	24.9	3.5	70.0	376.0	87.5	0	0.0
52.1	35.5	7.5	149.6	392.2	100.0	0	0.0
53.8	32.2	7.3	180.1	358.8	58.3	0	0.0
37.0	18.8	9.3	200.8	337.8	84.4	0	0.0
30.8	13.3	6.2	189.6	407.1	94.8	0	0.0
36.6	25.2	3.6	125.1	200.8	36.5	0	0.0
40.2	25.5	7.1	74.9	359.4	52.4	0	0.0
32.6	17.3	10.5	99.2	421.9	100.0	0	0.0
38.7	19.8	15.2	112.5	400.4	84.4	0	0.0
48.7	40.8	9.8	167.7	183.4	36.5	28	0.0
44.5	33.3	3.4	177.9	433.9	97.9	0	0.0
47.5	33.0	4.8	125.8	337.3	77.1	0	0.0
42.1	31.8	10.5	35.8	444.0	76.0	1	0.0
41.5	36.1	13.4	211.5	213.5	4.3	53	15.2
37.6	26.6	8.8	232.1	393.4	52.6	0	0.0
41.0	32.6	11.0	114.6	443.1	69.8	1	0.0
04	30	2009
50.4	30.9	15.0	225.2	421.3	66.7	6	0.0
53.9	32.2	9.3	144.0	469.8	65.6	15	0.0
45.8	38.6	13.3	221.6	166.2	14.6	21	0.0
43.7	26.0	11.4	272.4	479.4	95.5	0	0.0
40.5	28.0	6.8	75.6	420.0	61.5	26	33.7
34.1	29.1	13.8	224.4	64.6	0.0	31	77.9
32.6	23.7	10.8	286.6	222.1	5.9	0	0.0
42.8	16.2	9.7	276.2	496.1	79.2	0	0.0
47.2	20.2	5.9	170.0	497.1	96.9	0	0.0
42.9	26.4	12.9	32.1	506.5	100.0	0	0.0
40.3	22.0	9.3	97.9	507.1	97.9	0	0.0
38.6	18.7	6.5	104.2	515.2	100.0	0	0.0
40.6	23.3	12.1	82.1	502.0	69.8	0	0.0
42.3	33.7	10.4	54.5	229.2	3.6	34	0.0
48.4	30.8	9.9	29.2	388.1	45.8	11	0.0
49.7	24.8	5.0	112.9	533.1	100.0	0	0.0
55.8	29.3	4.6	159.2	537.5	100.0	0	0.0
63.9	32.1	7.0	253.8	541.8	100.0	0	0.0
49.5	40.2	11.2	82.6	401.1	45.8	31	0.0
47.3	43.6	13.4	176.2	192.6	5.2	81	0.0
44.6	36.5	12.2	219.8	311.5	10.1	6	0.0
44.2	31.4	10.9	285.1	395.2	35.4	2	0.0
46.3	29.8	7.0	217.5	562.8	95.8	0	0.0
68.0	44.8	14.3	206.7	560.8	94.8	0	0.0
71.9	54.4	12.8	197.7	538.4	72.8	9	0.0
63.7	52.8	6.7	127.7	538.1	58.1	0	0.0
72.3	53.5	14.1	226.2	550.2	71.9	0	0.0
51.4	43.1	10.2	46.9	393.9	40.1	43	0.0
52.3	36.2	13.5	95.4	524.0	57.3	0	0.0
58.4	53.0	10.8	167.1	215.4	8.2	56	0.0
05	31	2009
59.2	46.7	10.1	253.3	527.8	57.7	0	0.0
54.3	33.6	6.8	166.7	500.7	85.4	0	0.0
58.8	33.1	5.5	198.3	566.7	90.6	0	0.0
56.8	33.7	8.0	48.3	604.3	100.0	0	0.0
58.3	40.8	5.1	98.3	607.7	100.0	0	0.0
58.2	46.8	4.9	105.4	588.2	72.9	0	0.0
57.9	53.5	6.6	180.2	348.5	59.5	9	0.0
65.7	54.9	6.7	180.3	555.8	75.0	1	0.0
60.4	48.6	11.3	250.4	416.1	44.3	2	0.0
53.4	38.4	7.3	256.7	423.6	27.1	0	0.0
54.6	32.9	5.1	202.1	560.2	63.5	0	0.0
53.8	30.3	4.5	65.8	629.8	100.0	0	0.0
58.5	46.4	11.3	160.1	384.9	44.8	24	0.0
65.8	44.9	14.0	230.8	624.1	66.9	32	0.0
58.9	47.9	5.7	96.1	609.9	72.6	7	0.0
58.9	46.4	11.0	237.4	415.5	48.5	28	0.0
52.0	21.7	8.2	289.2	637.1	95.8	0	0.0
52.8	29.8	4.9	107.9	646.2	100.0	0	0.0
64.7	39.1	10.9	213.8	648.7	79.2	0	0.0
70.8	41.3	10.1	209.2	651.1	100.0	0	0.0
74.1	45.6	10.2	225.4	653.4	100.0	0	0.0
62.3	42.0	10.4	32.9	650.1	86.5	0	0.0
67.1	48.5	3.3	110.0	657.9	96.9	0	0.0
63.5	45.0	7.5	56.2	605.6	76.0	0	0.0
60.3	37.0	9.0	48.3	662.2	100.0	0	0.0
59.4	48.1	11.1	90.5	270.8	39.6	0	0.0
68.0	63.6	5.0	137.7	529.2	48.3	33	0.0
66.1	59.5	7.6	217.9	365.9	25.5	1	0.0
64.8	48.7	8.8	291.7	652.9	77.1	0	0.0
61.8	43.6	8.6	180.0	624.2	79.2	0	0.0
56.5	32.4	5.7	170.0	673.2	97.9	0	0.0
06	30	2009
62.9	51.4	10.3	182.5	537.8	63.4	4	0.0
56.5	45.3	5.7	68.0	546.9	40.6	20	0.0
57.0	43.6	5.7	72.5	674.6	75.0	0	0.0
57.0	36.1	5.3	51.7	679.2	100.0	0	0.0
62.7	35.8	3.9	154.2	680.6	100.0	0	0.0
60.8	42.8	7.6	80.4	662.4	74.0	0	0.0
64.6	51.7	5.4	100.0	596.0	41.7	2	0.0
61.9	57.5	7.0	101.1	437.5	59.7	27	0.0
67.3	55.2	8.1	265.4	646.3	81.8	0	0.0
64.1	54.3	4.2	95.0	662.1	96.9	0	0.0
59.3	55.1	5.7	55.1	278.0	34.1	64	0.0
64.2	45.9	7.2	161.7	657.5	85.4	0	0.0
62.0	47.2	1.6	71.2	421.9	54.2	0	0.0
66.2	50.7	3.9	95.0	654.1	82.3	7	0.0
67.0	53.4	4.8	87.5	690.0	99.0	0	0.0
68.0	49.9	6.4	72.5	690.5	93.8	0	0.0
67.8	62.9	8.0	146.5	318.2	7.6	6	0.0
67.2	58.7	6.4	241.7	575.6	52.6	0	0.0
69.0	64.4	7.1	124.9	549.9	44.5	107	0.0
74.3	64.8	8.4	207.8	551.5	43.9	23	0.0
70.3	62.1	5.1	83.4	463.2	59.5	0	0.0
73.2	60.9	3.5	53.3	692.4	95.8	0	0.0
77.1	62.4	1.9	52.1	671.7	90.1	0	0.0
81.2	66.9	3.8	144.2	688.7	96.9	0	0.0
78.3	68.4	4.3	151.4	642.2	83.8	22	0.0
75.1	59.4	8.7	195.8	671.7	94.8	0	0.0
72.5	55.5	4.8	138.3	691.8	99.0	0	0.0
75.5	55.1	10.8	252.4	659.1	72.9	3	0.0
70.3	52.8	11.4	262.9	542.1	66.2	0	0.0
63.9	56.0	9.4	290.0	261.1	8.3	3	0.0
07	31	2009
63.7	56.0	4.1	200.2	315.1	4.5	21	0.0
62.4	56.5	6.5	287.3	265.0	1.0	2	0.0
67.2	54.6	8.1	308.3	392.9	32.8	0	0.0
67.5	52.5	3.8	206.2	444.9	54.2	0	0.0
72.0	54.7	3.4	152.1	555.2	75.0	0	0.0
72.5	49.5	7.9	244.6	647.9	83.3	0	0.0
65.8	48.4	6.4	254.6	597.8	78.1	0	0.0
65.7	53.4	4.8	180.8	538.7	82.3	0	0.0
69.1	54.6	5.5	85.3	678.5	95.8	0	0.0
74.0	59.2	5.4	127.9	681.8	99.0	0	0.0
76.8	61.5	9.7	242.1	635.9	78.4	2	0.0
69.8	47.8	6.4	182.1	655.5	93.8	0	0.0
69.2	42.1	6.7	268.8	662.8	92.7	0	0.0
68.5	44.0	4.0	140.0	676.3	100.0	0	0.0
75.0	58.6	8.6	202.1	569.6	71.9	1	0.0
75.8	53.8	9.2	270.8	648.6	89.6	0	0.0
67.3	54.8	7.9	277.9	518.5	30.2	39	0.0
63.7	52.2	8.5	287.9	421.4	59.4	0	0.0
65.0	53.4	4.3	178.6	494.3	61.5	39	0.0
66.8	58.5	4.5	88.0	491.6	68.5	145	0.0
68.8	60.0	6.9	108.9	643.7	79.5	1	0.0
69.3	62.4	4.9	116.8	487.6	55.7	1	0.0
68.8	62.9	3.1	136.3	425.3	33.2	15	0.0
72.1	58.4	6.1	198.8	607.1	76.0	0	0.0
73.6	61.2	9.7	224.2	485.0	61.1	9	0.0
69.9	59.4	9.1	255.1	488.8	54.7	15	0.0
73.2	59.2	7.5	244.6	615.6	90.6	0	0.0
76.3	63.8	11.2	229.6	614.1	81.2	0	0.0
72.6	60.4	3.6	141.2	474.0	49.0	18	0.0
70.8	53.1	3.2	100.8	605.5	91.7	0	0.0
73.5	55.4	4.6	233.8	579.9	87.5	0	0.0
08	31	2009
72.7	56.0	9.3	204.6	559.4	64.6	0	0.0
71.0	51.3	8.0	280.3	590.8	60.2	1	0.0
72.2	55.9	11.9	186.7	611.6	85.4	0	0.0
77.7	64.0	9.7	221.2	565.5	68.8	0	0.0
69.0	51.0	4.3	138.8	592.3	79.2	0	0.0
70.8	50.2	3.6	180.0	542.5	70.8	0	0.0
70.0	54.0	5.5	126.2	555.9	78.1	0	0.0
70.1	64.4	6.3	178.1	245.3	7.8	90	0.0
81.9	71.0	12.3	244.3	605.0	78.3	9	0.0
79.6	68.0	7.4	274.4	554.0	71.7	10	0.0
73.7	65.4	4.0	83.9	471.3	69.5	24	0.0
70.9	61.1	5.9	67.7	501.7	56.8	0	0.0
73.8	59.8	2.9	67.1	601.6	100.0	0	0.0
75.9	63.5	3.4	80.8	586.1	97.9	0	0.0
77.7	62.8	4.2	149.2	566.0	93.8	0	0.0
80.6	68.5	6.8	156.2	588.2	95.8	0	0.0
78.3	67.8	8.8	219.8	558.4	82.3	0	0.0
76.5	66.1	8.8	228.8	397.5	54.0	21	0.0
74.4	59.8	5.8	117.1	577.9	78.1	3	0.0
75.9	65.9	14.1	216.6	387.1	59.0	3	0.0
72.0	59.6	11.3	223.8	446.4	74.0	2	0.0
64.5	54.0	6.3	307.2	246.6	10.4	6	0.0
64.2	58.2	4.3	195.4	209.8	16.1	3	0.0
66.8	56.8	3.0	129.2	463.9	82.3	0	0.0
72.2	60.2	7.0	162.9	546.9	97.9	0	0.0
66.2	60.9	5.7	135.7	203.6	37.0	15	0.0
62.5	54.3	5.4	59.8	513.0	66.7	3	0.0
62.3	58.2	6.3	103.7	275.2	9.9	31	0.0
64.4	54.3	10.4	265.6	398.5	20.0	0	0.0
59.8	48.5	6.6	229.9	264.1	25.4	1	0.0
59.5	48.1	2.7	72.9	437.3	81.2	0	0.0
09	30	2009
62.0	47.9	2.7	67.5	499.6	93.8	0	0.0
63.8	51.4	3.0	54.2	521.7	100.0	0	0.0
66.4	52.6	2.8	38.8	517.4	100.0	0	0.0
67.5	54.0	2.5	50.8	512.1	96.9	0	0.0
67.2	55.1	4.0	94.2	487.1	92.7	0	0.0
68.9	58.7	4.4	72.1	498.8	94.8	0	0.0
69.7	63.0	5.7	73.5	475.9	60.9	26	0.0
69.0	64.4	6.7	78.0	299.1	34.2	2	0.0
70.0	63.6	6.3	61.1	401.3	63.1	0	0.0
69.9	60.9	4.5	74.7	382.5	64.6	0	0.0
67.6	57.9	5.4	87.6	441.3	70.5	0	0.0
66.0	51.1	4.0	57.9	477.5	96.9	0	0.0
69.0	55.8	2.3	105.4	363.1	82.3	0	0.0
73.6	59.7	5.6	265.8	409.2	69.8	0	0.0
70.1	57.1	5.7	142.1	419.4	71.9	0	0.0
61.4	49.0	9.0	47.5	421.2	59.4	0	0.0
61.5	50.2	4.3	123.8	430.9	89.6	0	0.0
62.2	51.3	5.9	130.0	360.6	83.3	0	0.0
58.9	45.5	5.0	81.5	424.7	95.8	0	0.0
64.0	52.2	5.9	112.5	415.6	74.0	0	0.0
71.8	67.0	9.5	180.0	183.8	10.8	27	0.0
73.3	67.7	7.3	179.9	268.6	39.2	0	0.0
73.1	65.1	6.5	261.1	250.7	35.8	1	0.0
66.8	50.7	6.2	168.6	420.6	81.9	0	0.0
63.0	52.4	10.9	124.6	409.0	85.4	0	0.0
62.4	58.5	3.6	81.7	155.2	15.1	2	0.0
64.4	53.5	8.7	238.1	313.4	50.4	0	0.0
56.2	50.2	16.6	247.8	148.7	13.2	21	0.0
54.4	46.7	12.1	305.7	144.2	0.3	0	0.0
49.6	36.7	6.5	260.4	316.8	51.0	0	0.0
10	31	2009
50.2	36.2	2.9	145.4	386.4	100.0	0	0.0
53.5	46.8	9.8	172.4	157.4	4.4	41	0.0
54.0	44.9	10.4	213.8	145.7	8.3	3	0.0
52.8	45.8	9.2	252.6	141.8	19.8	9	0.0
52.3	43.5	5.7	207.1	172.8	49.0	0	0.0
54.3	47.2	8.5	122.4	266.5	60.7	16	0.0
52.9	39.8	14.2	243.3	204.4	35.4	0	0.0
51.1	43.2	6.6	152.2	259.0	54.2	5	0.0
50.4	48.0	5.7	143.4	121.8	0.0	57	0.0
48.5	36.2	8.0	288.7	258.9	44.8	0	0.0
41.1	24.9	5.7	218.8	337.3	90.6	0	0.0
46.2	36.0	4.9	91.0	146.0	4.2	0	0.0
45.4	32.6	7.0	225.2	225.2	42.2	0	0.0
41.8	30.0	8.5	53.3	247.3	35.4	0	0.0
40.5	30.4	11.8	51.7	160.5	7.3	0	0.0
40.4	28.0	9.9	70.4	110.5	1.0	0	0.0
40.3	27.4	6.4	220.4	129.0	32.3	0	0.0
41.9	27.1	3.4	139.6	306.6	96.9	0	0.0
50.7	34.5	11.6	213.3	302.1	100.0	0	0.0
54.9	42.3	6.1	177.5	256.4	62.5	0	0.0
60.2	47.9	7.5	193.4	289.1	66.0	18	0.0
53.9	44.1	10.7	151.2	136.8	34.4	0	0.0
52.1	49.3	14.1	133.9	99.6	4.5	55	0.0
47.3	40.0	13.8	239.4	98.1	16.7	2	0.0
48.3	38.0	6.3	178.8	214.7	50.0	0	0.0
53.7	41.2	5.7	136.2	271.2	83.3	0	0.0
54.0	45.9	4.9	112.3	162.9	16.8	5	0.0
53.9	48.2	5.0	145.7	197.1	46.2	1	0.0
51.9	48.6	7.0	93.0	146.2	33.0	0	0.0
62.4	54.5	11.3	169.4	239.8	33.3	10	0.0
49.5	36.3	15.9	255.1	108.8	10.4	16	0.0
11	30	2009
43.8	29.0	3.3	137.1	170.0	45.8	0	0.0
44.6	36.4	5.5	148.9	159.9	50.7	2	0.0
41.5	28.5	6.2	238.8	141.1	70.8	0	0.0
40.0	31.9	3.2	93.8	96.2	26.0	0	0.0
43.4	31.7	8.8	288.1	132.7	41.7	2	0.0
39.9	28.0	5.7	106.5	178.0	77.2	0	0.0
56.0	40.5	11.3	222.1	225.9	99.0	0	0.0
54.0	47.4	4.2	104.6	222.5	99.5	0	0.0
57.8	48.5	6.7	192.9	218.8	87.5	0	0.0
49.6	37.2	7.1	29.2	215.8	80.2	0	0.0
42.6	31.3	7.2	55.0	212.6	100.0	0	0.0
42.0	33.5	4.3	108.1	195.0	81.1	0	0.0
46.9	38.7	4.6	114.6	206.3	100.0	0	0.0
53.0	44.5	4.3	128.3	203.2	91.7	0	0.0
52.1	39.9	6.6	231.2	160.1	47.9	0	0.0
43.6	32.2	9.8	36.7	117.2	70.8	0	0.0
43.7	31.7	12.7	70.0	194.5	96.9	0	0.0
48.8	40.4	8.9	101.2	114.3	39.6	8	0.0
49.0	43.3	8.1	205.7	68.4	1.0	3	0.0
46.6	41.3	8.6	252.7	75.5	2.1	0	0.0
48.4	42.2	2.3	116.5	94.8	35.4	0	0.0
43.8	40.0	4.5	52.1	65.7	57.3	0	0.0
46.2	41.8	6.6	108.1	154.3	48.3	0	0.0
47.7	44.7	5.3	124.8	66.2	2.8	0	0.0
48.9	43.8	11.2	200.5	61.2	0.0	6	0.0
41.0	35.3	11.4	232.9	61.8	2.1	0	0.0
37.6	28.8	9.7	294.0	60.1	19.3	0	0.0
38.6	29.6	6.2	186.2	168.6	72.9	0	0.0
40.9	36.6	6.1	209.2	87.7	46.9	9	0.0
37.1	25.5	8.6	292.9	75.2	25.0	0	0.0
12	31	2009
40.9	31.5	10.5	218.8	154.7	58.3	0	0.0
42.0	34.9	7.8	127.2	151.6	63.5	34	0.0
40.4	34.2	10.9	286.0	61.2	1.6	6	0.0
29.8	18.5	12.5	242.9	117.7	66.7	0	0.0
25.5	14.6	5.0	225.8	90.8	53.1	0	0.0
30.5	16.5	9.5	226.2	153.2	69.8	0	0.0
32.0	23.0	6.0	224.9	58.1	17.7	0	0.0
33.3	27.4	7.7	103.0	83.7	25.0	4	7.0
35.9	28.8	21.3	200.1	61.1	1.0	33	0.0
17.5	7.2	19.9	249.0	89.0	25.3	0	0.0
19.8	7.8	13.6	260.1	70.1	43.2	0	0.0
29.2	14.5	8.0	203.8	148.5	77.1	0	0.0
36.5	30.3	4.9	179.0	51.7	0.0	11	22.9
38.2	35.9	5.7	178.3	51.4	0.0	0	0.0
31.2	23.6	8.9	294.7	51.2	11.5	0	0.0
20.9	9.0	7.4	290.1	114.4	48.6	0	0.0
24.0	15.4	3.4	85.8	119.3	56.2	0	0.0
33.5	25.3	8.5	104.0	80.1	7.3	0	0.0
27.8	23.2	7.4	78.8	57.2	4.2	2	7.8
27.9	19.1	3.2	140.6	138.7	32.3	0	0.0
30.1	25.3	5.0	234.7	50.2	2.1	0	0.0
28.9	21.8	6.0	165.6	70.3	17.7	0	0.0
25.4	17.5	4.2	59.0	121.6	56.2	0	0.0
29.8	25.3	11.7	86.9	50.1	3.1	0	0.0
37.7	34.2	15.1	123.4	50.2	12.5	60	0.0
33.8	23.4	8.3	154.6	77.5	21.9	0	0.0
28.4	20.5	9.6	245.2	78.0	7.3	0	0.0
24.0	16.8	13.2	272.3	51.1	8.7	0	0.0
21.4	9.3	7.2	278.5	95.1	43.8	0	0.0
24.2	17.8	7.4	191.0	90.0	43.8	0	0.0
33.4	30.1	7.1	237.2	50.9	0.0	0	0.0
