01	31	2015
25.7	18.1	20.2	255.1	72.5	15.3	3	13.7
26.8	18.3	7.4	227.9	112.5	33.9	0	0.0
30.3	27.3	7.0	83.1	68.6	26.0	36	92.1
26.0	22.3	11.7	251.1	73.7	14.4	13	44.8
7.1	1.2	13.6	255.8	92.6	20.3	3	28.1
11.9	6.6	12.0	239.8	75.6	24.1	8	86.2
7.1	1.1	14.7	307.0	126.2	53.0	1	5.8
6.4	2.8	17.9	215.8	93.0	41.2	10	93.3
10.5	5.4	15.6	277.7	87.5	50.6	5	40.9
11.3	4.3	12.8	212.8	77.3	14.4	3	35.4
24.7	15.5	10.8	199.8	110.9	31.6	2	7.7
21.7	13.1	10.4	226.8	117.2	39.1	0	0.0
5.2	1.3	6.2	68.1	153.9	96.9	0	0.0
10.6	6.8	7.1	171.8	88.2	34.2	0	0.0
23.1	17.7	12.7	219.9	88.9	22.9	0	0.0
25.3	15.5	8.2	188.3	83.1	43.2	0	0.0
32.0	24.2	14.5	182.1	103.6	37.3	2	0.0
34.6	30.1	11.6	262.0	85.0	16.8	3	2.5
31.8	24.6	5.1	177.4	82.2	15.3	0	0.0
27.7	23.2	8.3	71.8	84.8	13.1	2	8.3
26.3	22.6	6.2	59.4	80.6	10.4	5	23.4
27.3	20.6	5.9	219.6	94.5	20.6	0	0.0
29.6	23.2	14.2	225.7	90.7	16.5	0	0.0
33.6	29.6	8.2	235.3	107.5	15.3	0	0.0
24.1	17.0	13.8	68.5	130.2	34.2	0	0.0
16.3	7.4	6.2	73.3	116.4	48.4	0	0.0
20.7	10.0	5.1	44.0	176.0	66.7	0	0.0
21.4	9.4	7.7	129.6	120.2	49.0	0	0.0
30.0	24.1	11.3	224.5	94.7	20.8	4	9.7
20.6	9.9	10.4	290.0	137.5	32.3	0	0.0
26.3	19.8	9.4	218.9	115.7	22.2	0	0.0
02	28	2015
17.9	13.9	18.8	55.3	200.8	79.9	32	194.1
11.6	4.5	10.8	273.0	176.4	42.4	1	8.5
15.7	11.2	9.5	203.7	105.4	38.4	6	27.3
20.8	15.4	9.3	305.2	96.1	25.3	1	3.4
10.2	2.9	9.3	220.9	175.4	55.7	0	0.0
23.8	14.8	12.7	239.0	143.0	23.3	0	0.0
31.4	24.9	5.8	145.2	113.5	28.1	0	0.0
29.6	25.4	11.9	62.7	110.6	15.3	0	0.0
19.9	12.3	8.3	36.2	136.0	37.5	0	0.0
17.2	9.1	6.2	98.8	175.2	58.3	0	0.0
26.8	20.5	12.5	248.2	112.8	15.1	0	0.8
14.1	2.8	14.2	330.2	229.6	51.3	0	0.0
15.5	7.6	12.2	216.2	120.1	18.2	2	19.9
12.8	6.4	18.1	318.7	133.3	33.8	1	9.7
1.6	0.0	6.0	186.9	186.1	63.0	0	0.0
4.8	0.0	6.3	123.3	177.2	22.4	0	0.0
12.5	6.2	10.3	223.7	174.7	23.1	3	27.1
9.3	2.8	11.3	288.9	202.9	41.1	6	44.2
1.5	0.0	8.6	170.0	203.7	49.0	0	0.0
6.0	0.8	11.0	167.9	178.0	35.4	0	0.0
20.4	13.9	7.2	214.4	141.0	15.3	0	0.0
16.2	9.3	9.9	300.2	193.1	36.0	1	4.4
4.4	1.3	8.3	164.0	238.5	65.1	0	0.0
14.9	8.0	17.9	230.4	140.0	40.0	3	13.5
15.3	3.2	6.7	258.5	232.5	46.9	0	0.0
8.9	0.5	8.5	198.4	214.5	36.9	2	16.0
8.0	1.7	7.1	194.2	235.6	73.2	0	0.0
12.0	1.3	7.3	190.8	286.0	69.8	0	0.0
03	31	2015
17.9	12.7	8.8	189.0	199.9	21.9	0	3.6
23.3	12.5	9.0	256.7	275.9	51.9	0	0.0
27.2	21.5	12.3	194.8	181.1	24.9	22	86.5
22.0	10.5	13.2	292.7	245.2	41.1	0	0.0
9.8	0.6	6.5	187.6	265.5	62.0	0	0.0
14.2	3.5	11.8	206.2	239.4	40.8	0	0.0
27.8	18.9	9.6	218.1	222.3	43.6	0	0.0
33.5	22.6	10.0	239.6	330.6	67.2	0	0.0
34.9	25.8	7.2	199.7	343.2	94.3	0	0.0
38.6	34.5	8.2	212.2	185.8	51.1	0	0.0
39.3	28.3	5.0	177.9	358.0	97.9	0	0.0
37.8	18.9	9.5	97.1	275.4	57.8	0	0.0
42.4	25.2	7.1	155.4	276.2	53.6	0	0.0
41.5	33.6	11.3	292.2	202.4	34.9	0	0.0
40.9	30.2	8.2	249.2	279.0	62.0	0	0.0
53.5	37.9	10.5	253.8	271.2	41.1	0	0.0
36.2	17.2	14.2	293.3	374.2	66.7	0	0.0
35.8	20.3	9.9	262.1	307.1	59.9	0	0.0
34.6	16.5	6.2	89.4	208.5	39.6	0	0.0
39.8	27.2	9.2	186.5	333.1	53.1	0	0.0
39.8	26.7	11.8	265.8	331.5	47.7	0	0.0
29.2	9.0	7.9	157.9	345.1	53.1	0	0.0
28.2	13.9	10.8	81.9	227.5	50.0	0	0.0
30.2	11.6	9.6	91.5	383.7	71.3	0	0.0
36.7	30.4	15.7	197.7	208.4	15.6	23	29.8
35.2	24.7	11.4	297.9	221.5	17.7	0	0.0
23.5	4.9	13.0	285.2	423.6	72.7	0	0.0
23.3	5.0	4.9	186.9	441.8	99.5	0	0.0
32.6	20.2	16.5	207.7	242.3	38.2	8	5.7
44.5	30.1	14.2	258.8	403.4	54.2	12	0.0
41.7	31.9	9.1	149.7	306.0	34.5	6	0.0
04	30	2015
48.2	31.6	6.5	132.7	427.1	76.0	0	0.0
51.8	43.0	11.3	214.0	228.2	39.8	14	0.0
43.6	33.2	9.1	293.7	256.7	49.6	0	0.0
37.3	20.4	11.5	245.0	413.4	74.5	0	0.0
44.9	30.6	7.0	100.6	267.0	27.6	0	0.0
47.5	34.0	7.1	133.4	345.1	50.0	0	0.0
42.8	34.7	16.4	66.6	259.7	14.4	0	0.0
39.6	36.0	12.6	74.5	173.0	0.0	1	0.0
48.8	46.6	11.3	129.7	178.0	6.0	92	0.0
43.7	39.9	19.1	273.9	271.4	12.8	17	0.0
45.0	33.8	9.0	230.0	493.8	88.5	0	0.0
54.3	33.9	10.8	172.5	381.2	50.0	0	0.0
55.9	40.7	12.9	220.6	274.7	33.3	16	0.0
52.2	27.3	5.2	152.9	350.0	58.3	0	0.0
53.8	25.0	12.7	85.0	342.6	46.9	0	0.0
52.0	38.2	7.2	150.6	238.9	22.4	3	0.0
58.0	40.2	5.6	201.2	378.7	70.8	0	0.0
58.8	33.5	11.7	74.2	435.3	58.3	0	0.0
53.1	36.1	17.0	86.8	309.7	30.2	32	0.0
47.0	44.6	16.2	223.2	191.7	0.0	20	0.0
41.1	29.8	20.3	248.7	227.5	4.2	1	0.0
36.0	25.2	16.0	281.2	223.8	3.6	1	2.5
36.4	22.0	11.0	295.1	295.6	36.6	0	0.0
43.6	22.4	3.5	82.9	537.0	63.5	0	0.0
45.7	30.5	11.2	72.1	314.9	16.7	0	0.0
47.4	26.4	8.2	205.0	457.1	76.0	0	0.0
46.5	32.3	7.9	238.8	307.7	29.2	0	0.0
49.1	34.5	5.6	164.6	514.1	74.0	0	0.0
53.6	35.5	7.0	189.2	396.7	54.0	0	0.0
49.6	32.6	7.0	297.3	507.2	62.0	0	0.0
05	31	2015
57.3	38.8	6.5	238.5	550.9	75.5	0	0.0
59.5	35.7	7.7	208.8	575.3	84.4	0	0.0
67.2	42.6	10.1	200.8	443.1	51.6	0	0.0
64.8	52.2	11.4	207.2	439.3	37.2	22	0.0
52.7	44.4	9.8	77.2	286.4	28.1	25	0.0
62.0	55.3	8.2	102.2	421.6	38.9	0	0.0
71.8	56.3	9.4	151.7	465.7	55.7	0	0.0
70.8	57.9	8.3	217.0	413.8	34.9	2	0.0
64.6	61.5	5.6	171.2	260.4	12.3	24	0.0
56.3	54.2	10.5	72.4	306.2	13.0	31	0.0
58.8	54.8	11.7	166.4	323.1	38.9	20	0.0
49.3	39.1	18.1	266.4	308.5	15.6	0	0.0
48.4	36.0	6.7	196.0	434.7	50.5	0	0.0
53.7	38.4	8.1	112.5	407.3	39.6	1	0.0
59.8	55.9	7.6	163.1	331.8	23.4	21	0.0
66.8	61.6	3.5	97.2	401.8	41.6	1	0.0
73.0	65.7	11.3	173.1	450.5	44.4	0	0.0
70.9	57.6	15.5	249.2	482.6	62.5	0	0.0
47.5	36.1	12.8	301.2	411.3	36.8	1	0.0
46.9	29.4	5.3	177.0	438.9	41.0	0	0.0
53.9	37.0	10.5	250.6	500.7	44.8	0	0.0
56.7	30.4	7.1	175.4	641.2	70.3	0	0.0
61.1	37.1	5.9	164.4	596.8	72.9	0	0.0
65.7	51.4	6.0	98.8	342.6	30.2	0	0.0
71.2	60.9	14.3	204.0	418.2	39.0	30	0.0
69.7	63.9	11.3	187.5	396.4	45.2	17	0.0
67.2	58.7	15.2	238.7	488.1	50.5	0	0.0
68.3	56.1	6.0	150.8	598.1	76.6	0	0.0
71.1	62.7	9.5	176.2	428.3	40.9	18	0.0
62.3	59.9	10.8	162.0	332.2	26.7	30	0.0
50.8	43.6	14.5	60.1	467.1	38.7	4	0.0
06	30	2015
53.4	37.7	8.3	64.2	541.9	62.0	0	0.0
57.8	43.7	5.2	90.8	631.1	79.7	0	0.0
63.4	51.1	6.5	137.1	532.7	56.8	0	0.0
67.9	56.7	6.7	167.5	548.6	54.2	0	0.0
65.3	58.8	7.5	144.4	345.9	30.0	0	0.0
63.1	48.6	9.2	72.6	544.8	53.1	0	0.0
66.7	59.8	10.6	190.7	354.9	33.2	4	0.0
70.7	62.2	11.7	246.2	504.4	33.9	1	0.0
66.1	55.7	8.4	240.5	517.0	51.4	0	0.0
74.7	59.0	13.3	246.6	588.3	59.6	3	0.0
66.8	57.6	9.8	87.3	352.8	33.9	3	0.0
62.1	59.0	10.5	85.0	324.9	12.1	52	0.0
64.5	61.3	9.2	92.1	380.3	21.5	0	0.0
72.0	69.1	7.0	176.3	387.4	26.9	65	0.0
72.6	69.1	5.5	185.1	371.2	23.7	8	0.0
71.1	57.4	7.8	265.4	660.8	57.8	1	0.0
67.0	61.1	7.0	114.0	442.0	37.7	7	0.0
69.7	64.3	9.0	245.8	428.3	30.0	0	0.0
63.2	52.1	9.0	80.4	565.8	60.4	0	0.0
67.6	59.4	7.5	148.8	450.9	47.4	0	0.0
73.3	62.5	8.5	255.0	511.8	49.5	0	0.0
73.4	68.3	9.7	181.0	411.2	39.9	20	0.0
70.4	57.6	11.2	302.2	646.5	69.3	0	0.0
68.5	54.4	5.5	207.9	489.1	51.0	0	0.0
67.3	62.4	4.8	92.4	387.8	30.6	5	0.0
68.0	57.5	10.0	76.0	466.8	45.3	0	0.0
65.9	50.2	10.8	78.3	469.4	45.3	1	0.0
66.9	50.1	5.1	210.0	545.1	64.1	0	0.0
67.0	57.5	6.5	136.5	494.6	59.4	0	0.0
63.5	59.4	6.6	187.7	379.6	37.9	21	0.0
07	31	2015
60.7	52.6	7.5	311.9	459.6	33.5	0	0.0
62.8	52.3	6.6	66.6	574.4	72.6	0	0.0
64.5	50.3	3.1	90.4	504.1	55.7	0	0.0
68.2	55.2	4.1	174.6	445.3	50.5	0	0.0
70.7	59.6	4.4	140.7	549.5	71.0	0	0.0
74.8	63.8	9.4	182.3	452.8	50.0	0	0.0
67.4	58.7	9.6	232.3	453.6	37.1	28	0.0
60.4	52.5	6.4	95.6	354.5	35.9	0	0.0
66.5	56.0	6.5	152.7	490.7	42.2	0	0.0
68.2	55.6	4.0	190.8	497.8	58.3	0	0.0
69.8	58.5	4.8	135.8	479.6	46.4	0	0.0
74.1	62.9	6.3	131.5	570.2	52.6	1	0.0
71.8	65.9	8.5	183.3	461.5	46.6	18	0.0
70.9	65.4	11.4	272.7	422.1	33.8	55	0.0
65.7	52.5	9.1	88.3	642.4	69.3	0	0.0
65.9	56.1	7.2	139.6	418.6	41.1	2	0.0
75.6	70.1	9.7	193.5	476.8	33.5	34	0.0
74.5	69.1	10.0	196.4	482.2	54.0	23	0.0
74.4	63.6	10.2	253.1	503.2	59.2	0	0.0
72.8	62.0	10.3	242.9	467.7	46.9	0	0.0
71.0	54.7	9.6	267.1	634.1	85.4	0	0.0
69.9	54.1	6.0	249.8	495.0	58.9	0	0.0
73.5	59.4	6.9	206.0	562.8	59.9	0	0.0
74.3	59.8	6.3	186.0	508.5	69.3	0	0.0
77.6	66.2	9.4	224.7	476.8	60.2	0	0.0
75.2	62.9	3.0	60.8	475.1	55.7	0	0.0
77.1	63.7	3.6	52.9	531.9	69.8	0	0.0
78.1	63.6	5.7	121.9	506.0	64.6	0	0.0
77.9	62.4	10.5	234.4	448.6	54.0	0	0.0
75.3	57.2	12.3	263.8	627.0	90.6	0	0.0
74.4	55.8	12.3	265.8	607.4	80.7	0	0.0
08	31	2015
72.5	53.9	10.3	246.5	567.3	75.5	0	0.0
76.4	63.7	15.7	216.7	497.7	49.6	32	0.0
69.8	56.6	9.5	250.5	542.5	63.2	0	0.0
69.8	54.5	9.9	248.8	509.9	62.5	0	0.0
68.2	57.5	1.8	32.5	490.8	49.0	0	0.0
68.3	58.1	6.7	80.6	453.7	51.6	0	0.0
68.9	56.8	5.9	92.1	437.7	40.1	0	0.0
68.9	62.7	9.3	95.0	329.1	22.9	2	0.0
71.6	66.0	5.5	144.2	378.0	35.2	0	0.0
72.8	67.8	6.1	199.9	376.6	36.3	49	0.0
71.1	59.5	9.7	327.1	501.7	77.6	0	0.0
67.0	55.4	7.3	223.8	497.5	74.0	0	0.0
72.6	61.1	10.7	216.2	474.6	49.5	0	0.0
76.2	68.5	9.9	215.1	390.4	31.4	2	0.0
74.5	66.1	3.9	148.6	499.5	71.6	0	0.0
77.7	67.8	9.1	218.5	456.8	71.3	0	0.0
76.3	67.4	8.8	198.3	480.6	63.0	0	0.0
71.8	67.9	5.2	145.2	360.3	34.6	19	0.0
74.8	67.1	11.6	209.8	419.7	28.9	18	0.0
63.2	57.3	12.9	230.5	370.0	34.2	9	0.0
66.8	55.0	6.3	197.7	525.2	82.8	0	0.0
69.7	58.6	6.6	145.4	443.4	61.5	0	0.0
66.1	59.0	10.0	203.5	344.5	45.2	47	0.0
63.0	51.4	12.7	255.6	363.3	25.5	0	0.0
57.8	52.9	7.7	282.5	281.4	14.9	4	0.0
61.8	54.8	7.1	291.5	353.6	21.5	0	0.0
61.5	54.1	3.3	114.4	387.2	50.9	0	0.0
64.8	57.9	3.8	121.0	380.2	39.1	3	0.0
64.8	63.1	5.9	80.3	303.4	24.6	12	0.0
69.4	65.9	4.6	143.5	358.6	39.4	3	0.0
70.4	64.9	4.2	179.3	493.8	73.4	0	0.0
09	30	2015
75.9	69.2	5.4	165.3	468.3	75.0	0	0.0
78.9	70.3	7.8	218.5	469.1	55.2	0	0.0
74.7	70.1	7.8	235.1	296.6	37.9	29	0.0
71.9	67.4	5.1	205.1	294.5	29.3	0	0.0
72.0	66.7	5.3	156.3	358.6	56.7	22	0.0
76.9	67.9	6.4	160.8	399.8	69.3	0	0.0
78.1	69.3	7.6	198.8	347.7	49.5	0	0.0
73.6	70.0	9.5	195.6	264.3	19.4	40	0.0
67.9	59.3	4.7	176.8	331.5	48.4	0	0.0
63.6	56.8	6.6	184.0	330.4	55.0	0	0.0
59.0	52.2	6.8	141.9	322.1	47.9	1	0.0
55.1	45.5	7.7	180.6	331.1	51.6	0	0.0
56.2	43.9	6.3	235.6	379.7	75.5	0	0.0
63.6	50.1	9.2	183.3	444.9	89.6	0	0.0
69.4	54.8	8.3	189.0	387.2	71.9	0	0.0
68.2	53.7	8.3	181.5	437.1	79.7	0	0.0
70.8	57.5	10.0	183.3	398.7	64.6	0	0.0
70.6	66.3	6.1	175.9	240.3	17.8	38	0.0
63.7	55.2	11.3	278.6	321.6	48.1	4	0.0
57.3	47.9	2.2	62.1	316.2	53.1	0	0.0
59.3	49.3	4.7	99.8	418.1	89.6	0	0.0
62.4	50.2	3.0	100.2	413.8	88.5	0	0.0
64.4	53.1	3.0	48.8	397.9	75.5	0	0.0
64.3	56.6	6.8	56.5	282.6	49.5	0	0.0
65.6	59.4	8.9	61.9	284.0	47.0	0	0.0
65.2	57.8	9.5	91.9	271.2	43.9	0	0.0
67.6	59.4	6.7	150.4	252.8	31.8	0	0.0
70.6	64.1	7.0	191.9	246.3	21.9	0	0.0
59.6	54.9	8.5	76.9	191.5	35.6	0	0.0
51.4	40.2	11.9	60.4	352.5	82.3	0	0.0
10	31	2015
49.4	38.9	13.7	41.5	303.5	70.8	0	0.0
50.8	36.8	17.2	58.5	273.8	52.6	0	0.0
47.1	37.3	17.8	59.4	203.5	29.5	16	0.0
51.3	49.5	9.9	63.8	183.1	16.0	1	0.0
57.3	55.3	4.9	59.9	178.2	17.4	0	0.0
58.2	55.2	3.4	117.2	210.9	38.4	0	0.0
57.6	50.6	5.8	225.8	301.3	63.7	0	0.0
60.1	53.9	8.1	174.4	231.2	38.2	29	0.0
55.2	48.0	10.0	290.9	229.7	40.0	0	0.0
51.2	42.1	6.1	158.1	251.8	59.4	0	0.0
62.4	48.6	13.4	214.0	328.2	90.1	0	0.0
61.8	50.3	13.2	220.6	196.2	47.4	0	0.0
52.6	46.2	12.5	281.1	170.7	16.7	1	0.0
50.7	42.1	8.1	274.9	230.8	45.1	0	0.0
52.7	42.2	11.6	247.1	217.9	60.4	0	0.0
43.6	33.4	9.8	308.3	227.2	53.1	0	0.0
40.4	26.1	8.4	287.1	223.4	41.1	0	0.0
40.5	28.1	4.3	168.8	267.5	67.2	0	0.0
55.4	31.4	16.0	202.1	228.9	60.9	0	0.0
60.4	42.0	10.3	205.0	195.3	38.0	19	0.0
60.7	53.7	8.9	194.3	186.2	34.5	18	0.0
54.9	42.8	8.4	266.2	232.8	65.1	0	0.0
50.0	41.4	12.2	106.0	181.0	43.8	6	0.0
57.9	54.9	15.2	224.0	137.8	13.9	25	0.0
49.8	39.9	7.6	250.1	225.8	71.9	0	0.0
46.7	34.4	6.1	81.2	231.9	60.9	0	0.0
50.7	39.8	14.3	85.8	134.4	30.6	3	0.0
52.2	50.2	15.5	176.6	132.2	13.2	51	0.0
42.6	38.4	16.0	255.1	125.9	18.2	14	0.0
44.8	40.6	5.3	181.9	138.3	36.3	0	0.0
46.1	42.7	10.9	171.2	119.0	24.1	45	0.0
11	30	2015
50.2	42.4	14.6	226.6	226.0	61.1	0	0.0
56.8	39.8	10.2	195.0	193.7	69.8	0	0.0
59.5	44.0	6.4	181.7	233.8	97.4	0	0.0
60.6	50.9	6.8	161.7	227.1	93.8	0	0.0
65.4	56.1	12.0	197.1	163.5	27.1	0	0.0
53.3	46.8	15.1	259.9	114.3	13.8	17	0.0
44.5	33.4	10.9	275.2	177.5	62.5	0	0.0
39.3	30.1	6.2	196.7	205.8	92.7	0	0.0
42.0	30.8	3.4	107.1	213.8	87.5	0	0.0
45.8	36.8	2.7	110.0	155.6	47.9	2	0.0
47.2	35.0	9.8	135.0	197.4	69.8	3	0.0
48.4	45.4	23.5	233.0	92.0	10.2	23	0.0
41.0	31.1	18.1	284.2	96.1	14.9	2	0.0
42.8	29.4	8.9	220.2	176.2	66.7	0	0.0
52.4	35.9	10.6	224.4	187.0	87.5	0	0.0
50.8	32.1	8.0	149.0	146.2	46.9	0	0.0
55.4	38.5	13.8	130.8	117.8	19.3	2	0.0
58.8	46.7	21.4	172.8	94.9	32.1	7	0.0
45.3	30.6	23.2	236.6	133.2	27.9	0	0.0
37.5	20.8	14.4	215.4	162.3	59.9	0	0.0
31.9	28.9	8.6	160.6	91.1	14.7	26	66.9
26.6	18.2	8.9	240.2	148.5	50.0	1	1.7
28.7	21.1	8.8	186.7	99.2	34.2	0	0.0
34.8	29.3	4.2	103.8	128.0	40.1	0	0.0
43.4	32.3	11.8	160.6	134.5	55.7	1	0.0
53.3	48.1	12.9	193.5	85.5	14.9	24	0.0
44.1	40.0	11.5	195.9	82.3	13.7	40	0.0
31.4	25.0	5.3	32.7	120.2	45.3	0	0.0
28.8	22.2	3.1	41.7	134.8	67.7	0	0.0
34.9	28.6	11.7	80.2	106.0	36.5	0	0.0
12	31	2015
39.7	35.4	11.6	167.7	83.0	21.2	6	0.0
35.2	31.7	8.1	157.7	84.4	28.6	1	0.0
37.1	32.9	10.2	260.8	90.5	32.2	0	0.0
40.9	34.7	12.1	246.2	145.2	58.8	0	0.0
34.9	31.8	6.0	191.8	121.5	56.2	0	0.0
36.4	31.2	6.6	171.7	140.7	73.9	0	0.0
33.7	31.6	2.9	78.8	112.4	46.9	0	0.0
39.5	35.4	8.8	183.4	85.8	18.8	0	0.0
43.3	38.1	10.4	206.1	71.5	48.6	0	0.0
48.2	38.6	16.2	195.8	94.6	44.8	0	0.0
45.0	35.3	13.4	200.6	114.1	58.3	0	0.0
45.5	42.9	7.3	77.3	79.8	34.7	4	0.0
54.8	53.0	8.5	130.0	67.4	14.7	27	0.0
53.2	50.1	15.2	195.2	72.2	19.3	22	0.0
41.5	36.2	9.7	209.4	74.7	17.5	1	0.0
43.7	39.0	14.4	165.4	77.3	17.5	6	0.0
34.8	25.9	15.3	260.4	72.4	16.7	0	0.0
29.5	18.5	15.0	264.0	62.0	15.7	2	7.3
26.1	17.1	13.4	255.8	83.9	34.9	0	0.0
35.5	22.4	12.9	181.7	101.3	47.4	1	0.0
44.9	42.9	10.1	194.5	66.5	12.1	61	0.0
42.8	39.7	7.9	204.0	66.3	26.1	0	0.0
50.9	48.3	14.7	146.8	64.6	37.3	29	0.0
41.9	33.0	16.8	216.7	82.8	21.7	0	0.0
38.3	30.5	4.6	197.9	107.7	44.3	0	0.0
34.4	30.7	13.4	74.9	74.9	38.5	4	0.0
36.3	30.1	11.2	140.3	87.9	16.3	2	0.0
27.5	20.9	21.6	72.8	61.6	11.6	39	146.9
34.7	31.2	14.1	194.6	70.2	13.5	2	4.1
32.2	27.7	10.0	224.3	72.5	16.0	3	6.3
30.3	23.6	13.3	246.5	72.2	16.0	0	0.0
