01	31	2005
29.4	21.7	10.2	130.0	87.5	45.8	0	0.0
38.1	36.4	11.0	230.3	71.5	12.5	26	25.4
32.5	30.6	5.3	110.0	72.3	19.3	11	28.8
31.4	28.9	4.5	32.5	74.4	16.7	0	0.0
22.4	17.9	17.2	51.5	68.2	13.0	1	6.1
21.3	18.2	9.8	162.7	68.5	29.7	11	51.3
23.0	18.0	8.4	177.8	73.9	15.3	0	0.0
26.5	23.7	3.3	100.7	74.5	11.5	0	0.0
29.9	25.4	9.9	197.8	77.2	16.0	0	0.0
31.5	25.5	9.8	229.8	87.5	17.7	0	0.0
30.9	28.8	11.9	76.8	73.0	21.2	7	16.5
41.2	40.3	13.4	143.0	92.7	18.5	62	91.4
37.3	34.8	10.6	287.2	72.3	14.9	62	11.4
13.8	5.3	13.3	293.2	114.1	32.3	0	0.0
13.9	5.8	10.9	255.1	129.4	36.6	0	0.0
10.6	2.5	9.0	257.0	119.0	29.9	0	0.0
8.8	1.6	10.2	281.8	120.8	56.5	0	0.0
8.8	1.4	13.1	163.7	123.0	45.3	0	0.0
23.5	17.8	15.6	282.5	85.0	22.2	3	13.9
15.9	9.0	9.4	92.9	88.0	20.8	0	0.0
10.3	2.4	10.0	90.1	108.3	43.2	0	0.0
10.6	5.1	16.6	135.3	85.0	62.4	9	78.9
5.4	0.1	6.0	191.0	167.8	75.1	0	0.0
22.8	16.4	12.2	257.2	92.0	18.6	0	0.0
29.6	23.4	6.6	159.7	110.9	27.1	0	0.0
23.0	15.7	12.2	124.4	133.0	46.9	0	0.0
5.7	0.5	4.1	57.5	186.2	99.0	0	0.0
10.8	0.5	6.8	83.5	148.3	60.4	0	0.0
22.8	9.6	4.2	72.1	107.1	18.8	0	0.0
24.1	18.6	5.5	43.1	104.0	54.5	0	0.0
23.1	19.0	2.6	59.3	111.5	37.8	0	0.0
02	28	2005
27.5	20.7	2.3	59.4	103.8	15.6	0	0.0
28.1	19.8	4.5	78.1	148.3	36.5	0	0.0
25.5	20.1	5.3	155.5	181.1	83.8	0	0.0
29.3	24.5	5.3	121.1	197.8	80.1	0	0.0
34.9	30.9	7.7	166.5	177.2	71.7	0	0.0
38.8	32.0	8.3	166.0	111.8	28.6	2	0.0
38.1	37.7	5.4	164.0	108.9	35.4	6	0.0
30.9	28.4	7.1	295.2	115.3	22.2	0	0.0
26.1	22.4	6.2	160.1	116.3	14.6	1	4.4
24.2	15.0	8.0	280.7	220.3	52.1	1	2.5
28.4	23.7	11.7	250.8	119.0	29.3	0	0.0
36.3	26.6	7.3	222.7	232.3	72.9	0	0.0
31.3	25.4	15.7	85.6	121.5	33.0	12	31.5
37.8	35.8	15.4	208.3	121.3	13.9	32	27.1
37.2	34.9	7.8	249.7	123.2	14.9	13	0.0
28.7	21.6	11.3	282.4	140.8	18.2	0	1.5
18.9	12.4	14.5	287.4	166.8	20.7	0	0.0
17.2	8.1	8.9	280.8	178.7	36.5	0	0.0
25.0	16.3	9.0	205.6	218.6	33.3	0	0.0
28.1	24.9	12.8	90.6	171.8	25.0	14	34.6
32.7	27.8	8.1	272.6	135.0	14.2	0	0.0
29.0	24.4	7.4	252.2	129.4	27.9	0	0.8
23.2	16.9	3.4	117.8	183.7	31.8	0	0.0
25.9	17.2	4.1	138.2	171.6	25.5	0	0.0
28.3	23.9	9.0	228.0	141.3	23.8	0	0.8
20.6	8.2	4.5	72.1	292.1	86.5	0	0.0
23.2	11.2	11.2	117.5	164.6	18.2	0	0.0
26.9	24.5	7.5	166.5	205.9	21.1	17	66.0
03	31	2005
23.4	17.9	16.2	321.3	148.9	12.8	1	4.3
20.8	11.6	12.7	309.0	208.4	38.5	0	0.0
16.3	9.4	6.0	188.5	223.6	68.8	0	0.0
24.3	18.4	3.7	116.2	182.1	37.1	1	2.0
31.1	24.7	8.0	145.0	254.3	44.6	0	0.0
39.6	30.2	13.7	226.7	297.4	60.9	0	0.0
36.7	28.0	18.1	271.9	169.9	22.1	9	0.0
19.0	9.4	9.2	246.9	248.3	41.6	1	2.5
17.6	8.6	7.9	217.3	237.8	57.0	0	0.0
22.1	17.1	9.7	161.0	228.4	38.5	3	13.7
25.2	21.4	9.6	241.4	208.7	23.6	6	21.4
23.8	16.1	9.6	286.4	210.4	28.9	2	9.9
20.2	9.9	5.2	158.1	285.4	68.8	0	0.0
22.1	14.5	3.7	139.8	205.7	47.4	0	0.0
23.0	17.4	6.3	143.5	229.7	50.4	0	0.0
26.6	19.8	5.0	111.8	236.9	67.2	0	0.0
29.0	21.4	3.2	113.5	277.8	54.3	0	0.0
30.4	27.1	12.3	82.5	198.8	20.5	2	3.8
31.7	28.9	11.7	90.1	182.2	13.4	11	28.6
33.0	28.8	10.4	300.3	189.6	14.2	0	0.0
33.9	24.7	5.2	202.7	241.1	20.1	0	0.0
34.6	23.4	9.3	53.8	286.3	32.3	0	0.0
31.8	18.8	14.8	59.2	302.7	41.1	0	0.0
32.9	20.4	3.3	129.0	302.5	46.4	0	0.0
34.2	23.1	10.6	88.3	224.6	18.8	0	0.0
33.3	18.4	5.1	88.3	314.6	45.8	0	0.0
36.4	23.5	1.4	22.1	323.2	59.9	0	0.0
41.7	27.4	5.5	57.5	428.8	79.2	0	0.0
49.2	30.5	6.9	96.7	323.1	41.1	0	0.0
59.4	42.3	14.1	153.5	319.5	27.1	5	0.0
46.3	41.2	16.7	234.3	221.9	23.1	15	0.0
04	30	2005
45.6	30.0	4.7	115.4	253.6	40.1	0	0.0
46.1	27.6	16.6	171.7	339.4	46.4	0	0.0
42.8	24.6	12.7	298.8	457.6	89.1	0	0.0
48.8	29.3	2.8	48.5	426.0	75.5	0	0.0
60.6	43.1	9.3	166.0	344.2	48.4	0	0.0
64.0	49.6	6.3	138.3	329.1	32.3	0	0.0
52.0	40.7	9.7	136.9	333.7	44.8	0	0.0
50.3	30.8	6.2	44.4	482.2	88.0	0	0.0
53.0	30.2	7.0	101.2	357.6	52.1	0	0.0
57.8	35.7	10.7	79.0	385.4	42.2	0	0.0
54.1	32.3	17.3	83.3	385.1	43.8	0	0.0
47.6	21.8	19.2	77.5	372.1	46.9	0	0.0
47.1	19.2	13.3	56.9	511.2	94.8	0	0.0
49.2	22.5	8.5	68.8	521.3	95.8	0	0.0
49.7	25.6	8.1	76.2	516.5	93.2	0	0.0
56.6	29.3	5.9	151.0	435.0	57.8	0	0.0
62.9	41.0	4.1	119.2	486.2	45.3	0	0.0
63.5	45.1	3.2	81.5	463.2	61.5	0	0.0
69.4	45.8	10.7	211.5	443.0	49.6	0	0.0
59.2	50.1	12.3	186.0	304.0	18.1	7	0.0
48.4	30.0	9.6	82.7	398.3	45.3	0	0.0
43.8	36.0	9.0	90.2	272.1	26.7	20	0.0
36.0	30.8	15.8	338.1	279.6	13.9	3	7.6
36.4	27.1	19.5	319.0	291.2	16.5	0	0.0
49.9	27.8	14.0	254.0	492.8	51.6	0	0.0
49.2	35.7	12.6	244.2	398.1	30.9	6	0.0
42.0	34.6	12.1	253.5	348.4	24.5	6	0.0
41.9	24.9	9.8	257.7	455.0	63.5	0	0.0
44.9	24.2	4.4	113.5	396.2	35.4	0	0.0
46.6	24.7	8.9	264.8	444.2	52.6	0	0.0
05	31	2005
41.5	31.7	11.9	252.3	367.9	37.0	2	0.0
40.6	28.3	13.8	267.1	418.9	28.6	0	0.0
38.2	25.0	7.9	250.0	320.8	35.4	0	0.0
44.1	23.8	6.4	184.4	592.0	93.8	0	0.0
53.1	28.0	8.3	185.4	528.9	71.3	0	0.0
56.2	38.1	9.3	188.8	375.8	44.8	5	0.0
56.6	43.3	4.2	114.9	460.7	45.0	0	0.0
66.2	46.7	8.4	138.3	450.8	34.9	0	0.0
70.1	50.9	10.5	184.0	458.8	27.1	0	0.0
68.8	54.1	11.7	216.9	527.3	50.0	0	0.0
54.0	49.9	9.3	100.7	303.8	31.7	25	0.0
47.1	31.8	16.3	69.2	472.9	31.1	0	0.0
51.9	44.0	10.0	93.6	312.0	21.0	29	0.0
54.5	46.7	11.4	243.2	426.6	28.3	9	0.0
48.2	37.3	13.1	279.2	443.3	26.0	0	0.0
46.2	34.3	3.3	141.5	475.8	53.1	0	0.0
51.8	38.6	4.4	99.6	413.8	37.0	0	0.0
61.3	42.8	8.6	134.2	365.6	27.6	0	0.0
53.8	46.7	12.5	103.4	309.1	14.9	28	0.0
59.9	43.4	10.5	50.1	510.2	52.6	0	0.0
60.4	42.0	2.5	77.9	493.9	54.7	0	0.0
58.5	52.1	7.1	152.9	350.2	23.6	4	0.0
57.6	49.7	8.7	159.0	429.4	34.0	2	0.0
56.2	46.5	8.7	113.8	450.0	57.8	0	0.0
59.3	46.5	5.1	79.0	568.0	68.8	0	0.0
57.8	47.9	7.5	205.1	445.4	54.2	2	0.0
58.1	44.0	9.5	201.5	536.7	55.7	0	0.0
56.7	45.4	10.3	253.1	497.2	41.1	0	0.0
58.7	46.0	8.3	225.6	462.5	41.1	0	0.0
61.7	47.3	5.3	216.0	590.6	67.2	0	0.0
65.7	49.9	3.8	70.8	569.6	74.0	0	0.0
06	30	2005
68.1	47.4	8.7	84.6	510.6	57.3	0	0.0
68.1	52.4	7.0	85.4	396.8	23.4	0	0.0
68.9	60.7	2.5	34.3	435.0	21.7	0	0.0
73.3	61.8	1.8	58.5	473.9	33.3	0	0.0
73.9	64.8	7.7	163.3	521.4	42.5	68	0.0
73.2	59.7	14.3	239.2	639.3	82.3	0	0.0
76.4	61.3	6.4	203.5	471.8	58.7	0	0.0
78.5	67.1	10.1	185.3	612.5	50.7	45	0.0
78.3	66.3	6.9	197.5	531.5	43.8	0	0.0
78.3	69.0	7.7	186.5	477.8	37.1	0	0.0
75.8	69.6	7.8	176.7	481.6	34.0	111	0.0
74.8	69.3	6.8	182.8	447.0	27.6	3	0.0
73.9	69.1	7.1	189.0	459.2	37.9	106	0.0
73.0	62.9	13.8	215.1	544.2	54.2	27	0.0
62.7	58.3	14.2	279.0	371.0	19.3	4	0.0
61.5	48.7	12.2	318.8	508.5	52.6	0	0.0
59.1	49.9	7.6	256.6	446.6	44.4	0	0.0
62.9	53.9	5.4	76.2	452.7	35.4	0	0.0
65.9	55.1	3.8	65.2	537.5	51.0	0	0.0
67.3	55.0	5.3	137.3	576.2	64.1	0	0.0
73.1	59.7	9.6	198.1	565.8	63.5	0	0.0
69.3	50.0	6.8	108.8	667.7	85.4	0	0.0
73.4	57.7	9.5	184.4	533.5	55.7	0	0.0
82.7	65.3	13.5	224.0	684.4	85.4	0	0.0
79.7	65.8	5.1	185.0	511.0	43.8	0	0.0
76.3	64.9	7.6	113.1	562.0	48.4	0	0.0
80.9	66.1	6.5	145.6	607.6	70.3	0	0.0
79.4	67.8	8.3	199.0	512.8	45.8	3	0.0
79.1	68.2	3.8	171.9	617.3	58.9	0	0.0
76.0	66.6	10.2	190.7	449.9	50.8	34	0.0
07	31	2005
66.2	54.2	13.7	259.2	422.9	48.4	0	0.0
62.2	51.2	4.9	78.8	615.2	75.5	0	0.0
69.4	56.3	6.3	146.0	604.5	60.4	0	0.0
71.9	63.2	7.3	202.1	477.8	44.3	7	0.0
73.1	63.3	10.0	245.3	516.6	33.3	0	0.0
67.9	59.5	8.4	69.4	494.3	42.0	0	0.0
68.5	56.3	6.4	57.1	664.1	83.8	0	0.0
71.1	56.9	5.7	99.8	573.0	70.3	0	0.0
73.0	52.7	4.5	176.7	640.6	82.8	0	0.0
73.9	55.8	3.4	70.6	673.4	90.1	0	0.0
76.2	61.7	3.7	58.5	493.8	47.4	0	0.0
76.9	65.5	9.5	55.4	433.2	31.8	0	0.0
78.0	66.6	9.6	48.1	417.7	35.9	0	0.0
78.7	66.8	8.0	63.3	633.7	76.6	0	0.0
77.3	67.4	5.8	83.8	563.6	56.8	0	0.0
75.2	70.9	3.9	89.1	396.2	24.9	28	0.0
77.6	71.3	5.4	174.9	464.6	38.0	0	0.0
78.6	70.7	11.7	217.2	476.2	46.5	28	0.0
73.9	59.5	8.6	241.0	644.7	82.3	0	0.0
71.4	64.1	7.5	160.0	464.8	52.5	14	0.0
73.1	68.7	5.2	110.4	431.4	24.3	15	0.0
75.4	65.0	4.1	147.4	565.9	64.3	1	0.0
72.5	64.8	6.8	147.9	482.1	48.4	27	0.0
81.2	72.7	12.1	211.5	455.7	39.9	10	0.0
80.7	67.5	5.9	182.0	460.5	39.1	5	0.0
72.5	68.2	12.6	219.9	414.5	24.0	17	0.0
64.7	53.7	7.8	292.9	520.0	50.0	0	0.0
65.2	53.5	5.7	193.3	570.1	68.8	0	0.0
67.6	60.3	6.9	128.1	440.7	55.2	0	0.0
68.7	57.6	5.8	84.8	625.2	78.7	1	0.0
74.4	61.6	8.4	190.2	561.0	60.4	0	0.0
08	31	2005
78.5	62.4	8.2	238.5	609.5	74.0	0	0.0
79.0	66.2	7.1	191.7	601.7	73.4	0	0.0
81.5	68.5	9.7	199.7	561.2	53.0	0	0.0
79.2	69.2	13.6	242.7	422.3	42.2	3	0.0
73.4	57.4	5.6	230.6	466.3	57.8	0	0.0
71.6	56.3	3.6	143.8	560.3	78.7	0	0.0
74.5	57.7	3.5	134.0	584.0	83.8	0	0.0
77.0	65.5	6.7	151.5	532.7	76.6	0	0.0
80.5	64.5	9.2	219.1	525.8	74.0	0	0.0
77.8	65.7	8.5	237.5	506.5	63.5	0	0.0
69.7	64.6	7.2	98.5	311.7	35.8	1	0.0
74.4	67.6	10.5	229.9	405.2	26.9	22	0.0
72.0	65.2	4.4	155.4	332.3	20.8	0	0.0
69.5	61.9	6.5	77.3	358.8	32.3	0	0.0
70.8	62.2	4.3	94.9	421.2	39.6	0	0.0
70.9	63.8	3.9	169.4	436.1	62.0	15	0.0
71.8	60.9	4.9	65.0	498.7	63.0	0	0.0
70.8	65.7	7.5	115.5	286.4	20.0	15	0.0
73.0	66.8	12.2	239.8	329.6	38.4	0	0.0
71.7	67.2	9.8	213.7	360.0	38.9	8	0.0
69.6	56.9	11.0	286.2	508.1	68.8	1	0.0
62.9	52.5	5.8	155.0	367.8	41.1	0	0.0
63.9	52.4	5.9	93.3	400.5	42.2	0	0.0
65.0	53.8	7.5	84.2	502.4	69.3	0	0.0
66.9	56.6	5.8	81.9	317.1	26.0	0	0.0
72.3	58.5	5.0	86.0	468.8	54.7	0	0.0
71.0	59.8	9.3	217.4	427.6	50.0	14	0.0
70.4	55.9	9.0	213.3	446.6	66.2	0	0.0
70.0	54.4	3.7	110.6	455.2	57.3	0	0.0
69.1	58.2	8.4	34.8	386.2	42.7	0	0.0
68.3	57.3	9.3	285.6	379.0	48.4	0	0.0
09	30	2005
68.8	53.8	9.1	217.5	441.8	66.1	1	0.0
68.5	52.3	11.3	261.5	484.2	85.4	0	0.0
66.3	50.9	5.8	209.0	457.7	73.4	0	0.0
66.3	50.8	4.1	62.3	417.6	62.5	0	0.0
68.8	51.9	8.0	131.7	490.7	87.0	0	0.0
70.4	56.1	6.2	169.2	375.2	54.7	0	0.0
73.5	58.2	6.9	185.8	458.0	43.8	0	0.0
71.1	59.3	7.8	60.8	420.9	32.3	0	0.0
69.6	51.8	7.0	80.8	438.6	51.6	0	0.0
72.2	53.2	7.2	128.1	471.7	87.5	0	0.0
75.0	58.2	7.9	187.1	469.6	93.8	0	0.0
75.2	58.4	7.5	195.2	462.2	93.2	0	0.0
79.0	58.5	11.8	204.6	370.4	57.8	0	0.0
69.8	57.3	8.7	276.3	373.4	51.9	30	0.0
61.1	49.2	7.7	46.7	292.8	43.8	0	0.0
59.3	52.8	7.3	139.9	297.4	43.8	40	0.0
63.4	51.6	3.2	54.8	433.1	83.3	1	0.0
65.3	53.7	5.5	162.5	352.9	63.5	1	0.0
67.1	60.4	9.4	195.3	282.3	41.1	3	0.0
67.4	55.0	8.3	252.9	414.7	81.2	0	0.0
70.2	51.4	8.5	179.8	423.0	81.8	0	0.0
66.8	62.0	9.3	192.4	231.4	26.2	63	0.0
59.8	49.2	11.0	57.5	292.5	42.7	0	0.0
61.3	54.5	7.8	95.0	230.5	24.0	0	0.0
69.3	65.8	9.3	183.0	178.3	12.6	10	0.0
64.1	57.0	10.5	285.4	303.1	49.1	24	0.0
57.7	48.2	4.6	163.1	355.5	86.5	0	0.0
60.6	53.4	12.6	210.4	222.9	43.2	47	0.0
50.7	37.7	13.0	274.1	280.8	51.4	0	0.0
54.5	36.8	11.1	198.1	357.6	67.2	0	0.0
10	31	2005
61.6	47.4	7.0	185.8	366.2	81.8	0	0.0
67.3	59.0	8.2	161.7	259.4	41.7	0	0.0
74.2	66.3	9.0	195.8	283.1	42.2	2	0.0
73.1	65.6	7.6	183.3	302.9	80.7	0	0.0
72.8	62.2	8.9	187.5	305.6	73.4	0	0.0
58.0	47.5	12.5	255.8	242.2	32.3	0	0.0
48.2	37.8	9.5	94.6	213.2	35.6	0	0.0
44.6	36.0	10.2	32.9	189.5	40.6	0	0.0
46.6	38.9	9.5	69.4	322.1	81.2	0	0.0
50.1	43.4	6.5	48.3	215.2	49.5	0	0.0
53.5	49.1	9.1	68.6	117.1	15.1	0	0.0
56.5	52.3	4.8	77.4	142.7	13.7	0	0.0
59.0	53.6	2.5	87.6	192.4	27.4	0	0.0
59.7	51.1	7.0	190.4	278.9	54.9	3	0.0
54.8	41.0	11.9	296.7	290.0	80.2	0	0.0
50.0	39.8	8.8	293.3	258.0	72.4	0	0.0
47.4	42.2	7.2	167.9	164.5	60.9	9	0.0
53.4	42.6	9.8	250.8	292.5	78.1	0	0.0
52.9	39.1	10.5	208.3	233.8	58.3	0	0.0
44.3	35.1	2.8	38.8	212.7	42.2	0	0.0
44.8	36.3	6.7	49.8	234.7	50.5	0	0.0
44.5	35.9	3.2	70.0	183.8	27.1	0	0.0
45.1	36.0	8.4	51.8	203.0	27.1	0	0.0
44.9	36.1	11.3	133.5	196.7	26.7	0	0.0
44.0	33.1	10.5	217.5	206.7	44.3	0	0.0
42.7	34.0	6.4	286.0	171.1	34.4	0	0.0
42.9	34.1	6.4	216.7	170.1	27.1	0	0.0
41.8	31.2	2.7	73.1	252.4	75.5	0	0.0
42.4	33.0	7.3	182.1	246.9	88.0	0	0.0
51.7	33.9	11.6	199.6	181.3	44.8	0	0.0
53.3	48.7	8.0	215.4	113.3	10.6	33	0.0
11	30	2005
46.5	40.1	9.3	263.9	165.8	30.2	21	0.0
47.1	37.8	9.1	182.4	211.2	69.8	0	0.0
58.3	41.7	13.8	205.8	160.0	38.0	0	0.0
56.7	41.7	12.4	215.4	217.6	46.4	0	0.0
48.4	43.5	9.6	65.0	149.9	31.1	24	0.0
47.7	43.5	14.5	214.4	114.3	24.5	23	0.0
47.7	39.2	9.7	203.3	185.5	64.6	0	0.0
49.7	41.5	8.9	87.0	157.3	37.5	35	0.0
50.4	39.6	19.3	227.2	164.4	23.1	72	0.0
40.4	28.4	11.8	275.2	152.7	43.2	0	0.0
42.4	29.2	8.6	187.5	183.4	80.2	0	0.0
53.6	33.5	13.3	182.7	159.7	49.5	5	0.0
50.7	37.5	24.6	233.3	140.6	32.8	3	0.0
39.6	31.6	8.0	108.9	113.0	38.9	5	0.0
42.4	40.4	15.7	87.9	96.7	11.8	20	0.0
33.7	29.8	23.7	236.6	88.7	11.7	19	8.2
23.1	18.2	11.6	252.9	132.4	23.4	2	6.8
27.0	19.2	11.5	192.9	95.7	14.1	0	0.0
39.2	28.2	11.8	195.6	184.1	77.1	0	0.0
41.0	34.0	10.1	229.2	93.1	19.3	0	0.0
38.8	34.2	13.1	278.3	79.8	22.4	0	0.0
30.0	19.7	13.8	323.1	123.3	37.5	0	0.0
29.9	26.2	10.9	192.6	117.0	29.5	11	28.5
17.4	10.6	18.0	296.6	128.5	40.3	0	0.8
20.3	16.6	10.2	223.5	89.7	30.6	5	26.2
25.4	17.9	8.5	99.3	129.3	31.2	1	8.2
39.8	37.0	9.5	108.9	82.3	13.7	29	1.9
54.3	47.8	16.4	150.3	75.6	21.4	16	0.0
36.6	27.4	15.8	211.2	83.1	16.7	0	0.0
28.7	25.3	9.5	234.2	79.6	12.2	3	6.3
12	31	2005
27.8	23.8	6.5	163.7	89.8	15.3	3	8.5
23.2	15.9	13.8	281.3	122.3	36.0	1	1.3
21.9	17.0	5.8	103.0	84.2	29.2	6	24.7
22.3	17.1	9.4	253.0	94.9	26.7	2	8.7
20.5	14.8	11.4	254.5	80.2	15.4	0	0.0
17.8	11.6	10.8	259.4	98.0	22.7	2	15.0
16.5	12.1	6.0	246.2	102.6	34.2	1	8.0
12.7	8.3	8.3	83.5	98.4	62.1	7	44.2
22.1	18.1	13.0	232.5	75.6	34.5	11	58.3
20.4	13.4	15.3	198.4	92.7	17.5	1	4.4
26.7	20.6	10.8	289.0	74.5	12.5	1	1.7
19.2	9.6	4.7	94.0	120.9	29.7	0	0.0
23.3	18.9	5.7	93.3	70.4	14.9	0	0.0
25.8	19.0	15.1	111.6	74.8	16.0	1	4.9
32.9	31.2	5.8	169.6	71.9	15.2	1	3.0
26.1	21.1	12.8	181.5	87.5	18.3	0	0.0
23.9	18.6	12.8	224.1	63.6	12.5	0	0.0
19.8	15.2	12.1	260.2	77.5	18.1	1	5.3
18.9	13.7	13.5	256.4	87.5	31.1	0	0.0
24.1	18.6	12.7	253.3	71.8	18.2	0	0.0
24.2	19.4	10.4	241.9	65.0	14.9	0	0.0
29.0	23.2	13.3	203.8	94.9	33.9	1	0.0
36.9	31.0	11.8	211.2	89.8	40.1	0	0.0
36.0	34.1	3.4	106.0	72.2	11.3	9	0.0
35.2	33.6	8.7	225.5	69.6	24.0	10	13.6
34.2	29.9	9.4	276.7	66.4	13.9	0	0.0
33.7	31.2	8.5	150.3	67.6	13.9	0	0.0
34.3	33.3	9.7	130.4	66.5	13.9	13	29.6
34.5	29.7	7.5	254.7	70.2	15.3	4	10.2
33.7	29.6	9.6	101.0	70.5	12.8	16	40.0
33.7	32.3	7.8	208.5	70.1	11.8	8	21.2
