01	31	2009
14.4	9.5	8.7	149.9	72.4	18.4	1	5.3
20.2	15.5	10.2	255.0	50.1	19.1	0	0.0
18.3	13.5	7.3	118.4	113.1	44.7	0	0.0
25.5	21.6	10.3	193.1	52.8	6.2	3	10.1
15.0	8.9	9.5	244.1	131.0	76.1	0	0.0
15.7	10.5	4.8	76.2	69.0	49.0	0	0.0
24.6	21.3	6.8	229.2	51.1	3.2	11	48.6
18.3	14.6	6.7	295.4	79.5	36.8	0	0.0
13.0	8.0	2.8	144.9	83.7	42.8	1	4.4
11.1	8.4	2.6	18.8	115.7	58.0	0	0.0
14.4	11.1	1.6	96.7	61.1	17.7	0	0.0
17.9	14.2	5.8	191.9	61.7	14.1	2	16.0
10.1	6.3	8.1	233.4	118.9	25.4	7	43.4
3.1	0.9	2.1	125.6	74.5	16.6	0	0.0
1.8	3.0	6.6	231.4	115.3	56.6	0	0.0
2.4	3.0	7.8	251.4	120.7	83.5	0	0.0
4.9	2.4	8.6	144.2	121.1	30.9	12	125.6
10.7	7.2	5.2	234.9	82.5	10.4	3	24.2
7.3	4.3	4.7	245.4	136.1	82.6	0	0.0
5.1	2.1	2.8	148.5	148.8	80.9	0	0.0
18.9	15.2	8.6	235.6	65.2	6.9	0	0.0
23.0	20.6	5.3	226.7	69.7	7.3	0	0.0
22.4	19.3	10.4	243.4	70.7	5.7	0	1.5
9.4	1.0	8.4	269.7	132.0	51.1	0	0.0
15.7	0.1	7.6	261.2	157.1	55.4	0	0.0
6.7	1.0	6.2	223.1	168.9	86.5	0	0.0
6.0	1.6	1.0	54.2	171.6	83.3	0	0.0
11.9	6.8	4.0	138.3	77.9	24.6	5	51.3
16.3	12.2	7.7	225.6	71.3	6.9	1	7.0
12.1	6.9	7.8	267.1	73.3	16.7	0	0.0
18.3	13.9	8.8	208.8	79.7	11.3	0	0.0
02	28	2009
30.7	21.3	13.5	260.6	184.9	92.7	0	0.0
18.5	12.2	3.8	141.4	124.9	53.6	0	0.0
11.6	6.6	8.3	160.7	83.6	23.0	2	13.5
2.1	2.0	6.6	286.9	195.6	91.2	0	0.0
9.4	2.7	5.5	119.6	111.1	27.1	0	0.0
20.9	12.8	6.3	135.4	202.3	72.2	0	0.0
37.2	31.8	11.3	227.5	138.4	34.3	0	0.0
30.1	22.1	9.0	265.3	209.2	72.4	0	0.0
29.0	23.2	6.3	109.8	200.9	68.1	0	0.0
43.5	38.3	11.3	181.7	157.9	51.2	7	0.0
41.3	40.6	7.8	144.2	106.5	31.4	35	0.0
33.3	31.4	14.1	281.6	96.6	6.6	3	0.0
28.1	24.7	4.9	160.4	93.4	5.6	0	0.0
24.0	20.2	4.2	161.8	100.9	6.7	8	35.1
19.0	13.7	6.3	291.5	129.9	46.4	0	0.0
17.1	10.5	3.9	194.4	238.9	81.8	0	0.0
28.1	19.7	8.7	174.4	104.6	12.0	0	0.0
28.6	25.6	8.9	216.1	94.7	5.0	9	23.0
13.2	6.7	15.9	307.7	133.0	10.1	0	0.0
16.7	11.5	8.0	244.0	109.7	18.6	0	0.0
15.6	12.9	9.7	68.3	195.0	39.6	15	67.9
18.6	11.8	12.3	319.9	114.7	20.1	0	0.0
11.8	3.8	5.4	219.0	268.6	92.2	0	0.0
14.1	8.6	5.2	116.9	167.0	69.3	0	0.0
26.7	23.3	7.3	187.9	104.8	36.9	9	15.2
33.2	28.6	7.0	135.6	196.8	16.5	43	51.3
19.1	13.7	12.3	319.1	122.0	27.9	19	3.8
10.5	2.5	4.5	115.4	290.6	87.8	0	0.0
03	31	2009
7.6	0.9	7.9	255.2	294.9	94.4	0	0.0
6.0	0.0	5.7	172.3	299.8	100.0	0	0.0
9.8	2.8	2.2	91.9	304.5	100.0	0	0.0
18.5	7.4	3.2	70.0	274.9	90.6	0	0.0
37.1	24.9	8.3	151.4	148.6	39.8	0	0.0
40.5	38.4	8.0	223.0	165.5	37.6	1	0.0
33.3	32.3	2.0	87.3	239.7	48.6	5	0.0
30.4	26.5	12.9	61.4	262.4	57.4	30	84.9
31.4	21.8	5.8	203.3	333.7	77.9	1	3.6
34.3	32.7	8.3	119.6	133.2	17.5	15	36.4
23.6	16.4	19.6	265.6	155.7	11.3	0	0.0
12.7	3.7	5.9	234.0	270.8	62.5	0	0.0
18.0	5.0	4.6	147.9	263.1	77.6	0	0.0
30.6	21.0	4.3	171.0	359.0	100.0	0	0.0
35.3	22.0	1.5	93.8	364.1	100.0	0	0.0
40.7	25.0	3.3	94.2	368.8	90.6	0	0.0
49.2	34.7	9.2	175.8	333.2	71.3	0	0.0
41.9	25.7	6.8	257.3	379.4	79.7	0	0.0
23.6	12.7	9.1	330.4	167.8	58.5	0	0.0
25.7	10.2	3.7	130.2	389.6	92.7	0	0.0
35.1	27.6	5.3	144.8	238.6	23.6	6	15.4
34.0	23.6	8.1	72.8	298.7	52.1	0	0.0
29.2	14.0	11.4	104.8	404.8	85.9	0	0.0
38.1	14.3	14.4	122.9	367.2	55.2	0	0.0
42.9	30.4	11.9	172.0	271.8	31.1	3	0.0
38.1	28.6	6.8	199.2	360.3	55.0	0	0.0
35.0	26.7	6.9	229.7	368.0	40.6	0	0.0
34.1	23.8	10.3	56.2	413.7	45.3	0	0.0
30.1	28.1	15.3	218.8	183.2	5.6	33	83.8
31.6	21.7	9.0	220.7	405.4	65.5	0	0.0
36.5	29.6	12.7	108.1	361.4	34.4	5	0.0
04	30	2009
36.2	29.8	10.0	187.2	191.9	27.4	1	0.0
41.1	30.1	4.5	154.8	352.9	58.9	0	0.0
35.5	31.7	15.9	255.6	184.2	6.0	74	151.9
34.9	23.3	14.8	315.5	432.8	62.1	0	0.0
36.0	21.5	7.0	128.3	288.7	35.4	0	0.0
32.2	21.4	15.0	249.8	293.5	16.7	0	0.0
28.1	19.9	13.2	311.3	181.8	9.7	0	0.0
37.6	16.9	10.2	252.3	470.9	96.9	0	0.0
39.0	21.3	7.0	275.8	355.6	81.8	0	0.0
36.2	20.5	7.9	47.3	490.5	99.0	0	0.0
36.2	15.7	6.8	226.5	497.7	100.0	0	0.0
35.5	16.1	5.6	126.7	502.4	100.0	0	0.0
35.1	14.9	11.1	74.6	500.7	76.0	0	0.0
43.6	13.8	12.4	54.0	327.5	20.3	0	0.0
49.2	16.6	8.4	44.6	516.2	80.2	0	0.0
46.0	23.2	3.8	114.4	520.8	100.0	0	0.0
51.3	26.2	5.2	172.1	525.2	97.9	0	0.0
56.8	34.8	9.5	211.5	507.2	88.0	0	0.0
42.7	31.1	13.5	81.5	287.1	28.5	0	0.0
40.2	36.7	11.5	140.0	191.6	6.2	28	0.0
37.3	34.2	10.5	216.6	207.8	6.4	6	0.0
38.3	28.6	14.5	311.1	420.0	27.8	0	0.0
43.8	26.3	7.1	225.8	528.5	83.8	0	0.0
62.8	42.7	8.7	184.6	556.1	100.0	0	0.0
55.2	49.4	10.2	207.6	253.2	27.5	75	0.0
40.8	40.0	10.5	81.0	240.0	4.9	42	0.0
59.8	51.8	12.7	222.5	381.7	54.2	0	0.0
47.5	32.2	9.1	138.3	572.6	81.2	6	0.0
48.6	29.4	10.7	100.8	522.4	74.0	0	0.0
52.7	46.7	4.8	126.2	243.3	9.5	39	0.0
05	31	2009
50.3	37.8	12.0	278.6	365.5	49.6	0	0.0
49.6	31.6	11.5	237.3	525.8	76.0	0	0.0
50.5	32.3	6.8	164.0	514.2	78.7	0	0.0
51.7	30.9	4.6	131.7	595.5	100.0	0	0.0
55.8	34.4	6.3	129.2	587.5	88.5	0	0.0
60.4	44.4	8.0	162.9	535.2	76.6	0	0.0
60.7	48.8	7.3	226.9	427.1	50.0	3	0.0
61.1	42.7	8.1	206.0	556.5	81.2	0	0.0
45.4	38.7	10.9	231.0	294.9	28.1	1	0.0
42.4	27.5	8.9	301.7	376.9	45.1	0	0.0
45.5	20.7	5.6	204.8	619.4	100.0	0	0.0
51.6	30.9	5.5	140.2	602.3	90.1	0	0.0
55.9	43.6	12.6	152.1	331.8	42.7	36	0.0
56.5	46.8	15.1	215.2	376.8	45.7	47	0.0
54.9	44.5	5.9	108.5	466.9	58.3	0	0.0
49.5	39.6	13.5	256.6	302.5	17.5	1	0.0
45.5	21.2	11.6	264.4	637.2	100.0	0	0.0
51.0	29.2	7.8	155.0	617.6	82.8	0	0.0
62.6	42.5	9.2	208.8	642.8	100.0	0	0.0
69.2	46.7	11.0	205.4	645.5	100.0	0	0.0
67.8	50.1	10.8	222.1	607.3	70.8	2	0.0
56.8	45.0	4.2	105.0	646.2	72.9	11	0.0
59.5	48.4	4.7	184.8	497.6	40.6	1	0.0
59.1	38.9	5.8	99.0	624.2	72.4	0	0.0
52.4	33.4	10.2	63.8	657.7	100.0	0	0.0
55.4	38.9	8.3	88.8	486.1	55.3	0	0.0
52.8	51.2	9.5	60.5	257.4	6.2	76	0.0
52.2	51.0	6.3	210.1	271.0	13.4	1	0.0
55.0	40.9	9.2	280.4	631.5	93.5	0	0.0
52.6	40.8	7.8	198.0	581.9	78.3	0	0.0
46.5	30.7	6.7	207.7	629.0	70.8	8	0.0
06	30	2009
51.9	46.4	7.6	207.2	420.1	45.7	8	0.0
52.0	40.8	4.7	193.3	673.3	97.9	0	0.0
52.9	34.1	7.4	235.8	674.9	85.4	0	0.0
51.9	34.2	2.9	138.6	676.4	100.0	0	0.0
59.0	40.7	7.2	145.6	669.7	87.0	0	0.0
52.2	39.2	4.6	118.8	575.7	57.3	4	0.0
48.4	45.9	9.1	82.3	294.5	6.9	62	0.0
51.2	50.2	9.1	95.9	317.3	8.9	86	0.0
53.2	46.5	10.6	272.6	425.9	35.9	0	0.0
56.8	48.2	3.6	151.7	660.3	74.0	0	0.0
58.0	50.3	3.8	55.1	381.1	28.6	0	0.0
58.8	42.6	4.1	143.7	482.4	77.6	0	0.0
61.1	44.0	3.9	139.2	651.9	84.9	0	0.0
61.2	48.7	4.6	193.5	612.6	79.2	1	0.0
62.1	47.5	2.8	80.2	688.0	100.0	0	0.0
63.1	48.5	5.7	85.6	688.6	100.0	0	0.0
60.7	56.6	6.4	60.8	299.4	38.3	3	0.0
65.0	58.3	5.1	110.6	603.4	63.3	0	0.0
68.2	63.6	6.7	149.9	333.6	31.7	0	0.0
71.8	63.7	8.8	233.8	559.7	52.1	6	0.0
69.9	61.2	4.2	143.6	599.6	74.9	0	0.0
70.7	61.3	3.5	81.6	684.4	90.4	0	0.0
74.2	63.6	3.2	119.3	660.8	89.1	1	0.0
76.9	66.6	2.7	115.4	671.1	93.0	1	0.0
75.6	60.8	4.3	193.5	667.4	82.3	0	0.0
70.8	55.0	5.8	187.7	659.1	93.2	0	0.0
68.5	56.3	4.3	119.8	680.5	79.9	0	0.0
69.4	57.9	10.5	229.1	546.9	31.2	9	0.0
61.2	56.5	10.2	258.9	357.7	14.0	10	0.0
55.6	52.7	10.8	306.8	291.2	6.2	1	0.0
07	31	2009
56.1	50.8	6.5	293.3	511.8	35.9	0	0.0
56.7	53.5	9.7	307.6	294.8	7.3	0	0.0
58.7	50.9	9.5	311.1	384.2	39.6	0	0.0
59.6	44.4	3.2	121.9	685.7	100.0	0	0.0
62.4	49.3	5.0	179.4	550.1	68.8	0	0.0
60.9	46.3	8.3	245.1	514.1	59.9	0	0.0
57.2	47.9	9.3	315.9	382.7	26.0	0	0.0
61.1	52.0	4.5	170.3	444.6	50.8	0	0.0
62.9	51.8	4.3	94.9	648.0	86.7	0	0.0
69.8	59.4	8.2	181.5	654.4	93.8	0	0.0
68.0	54.0	10.0	249.7	625.7	80.3	4	0.0
58.6	43.1	6.3	154.8	654.3	94.3	0	0.0
59.2	41.8	7.7	208.0	645.3	93.2	0	0.0
62.9	45.3	2.8	137.5	672.8	99.0	0	0.0
68.0	57.7	8.9	202.4	332.2	35.1	2	0.0
65.5	51.5	8.3	241.7	605.4	69.7	0	0.0
55.2	51.6	5.6	208.7	251.2	25.1	3	0.0
55.2	52.3	9.5	301.5	264.0	25.2	0	0.0
60.5	52.1	5.5	221.9	575.4	66.2	0	0.0
63.2	52.7	3.1	112.7	617.6	87.0	0	0.0
67.5	56.0	5.9	108.1	625.0	88.0	0	0.0
63.9	60.0	4.4	84.4	462.2	54.0	19	0.0
63.0	59.8	3.3	84.8	345.8	35.1	0	0.0
65.3	59.0	5.8	180.3	554.9	51.3	13	0.0
67.2	60.9	7.7	231.5	533.7	36.4	22	0.0
63.0	59.4	7.3	278.7	360.5	13.5	45	0.0
69.3	59.9	7.4	243.5	621.6	77.4	0	0.0
71.4	58.7	9.3	227.8	570.6	65.9	0	0.0
65.2	52.7	6.6	238.8	558.0	81.2	0	0.0
65.3	55.3	6.5	218.3	566.3	76.6	0	0.0
64.8	56.1	5.8	225.8	523.1	63.1	0	0.0
08	31	2009
64.3	58.0	9.8	182.2	469.1	57.8	62	0.0
64.4	51.0	9.9	257.5	548.6	75.5	0	0.0
66.9	59.4	10.1	201.4	373.3	36.4	16	0.0
66.9	57.1	7.4	239.4	570.0	87.0	0	0.0
60.3	48.8	4.8	184.0	511.1	76.1	0	0.0
60.4	49.1	4.9	183.8	538.4	77.3	0	0.0
60.3	49.8	3.1	87.0	508.4	63.4	0	0.0
63.4	61.3	6.5	121.0	258.2	10.2	51	0.0
74.9	71.2	6.8	191.4	350.1	32.1	3	0.0
72.4	67.5	4.5	164.2	512.7	49.8	0	0.0
66.8	60.2	5.7	234.3	479.6	63.4	0	0.0
64.8	56.7	2.9	135.9	560.3	76.1	0	0.0
67.0	56.9	2.5	114.6	592.0	91.6	0	0.0
70.0	60.1	4.6	138.9	518.1	83.0	0	0.0
73.6	63.6	5.6	187.3	576.7	95.3	0	0.0
74.3	66.0	8.3	179.4	540.7	74.2	10	0.0
72.7	69.0	6.7	218.5	298.3	25.3	0	0.0
70.8	60.5	10.7	251.9	507.8	64.2	0	0.0
66.5	54.5	5.5	149.6	569.9	85.9	8	0.0
69.2	63.2	12.3	192.2	328.0	32.8	22	0.0
62.3	57.4	11.8	238.2	249.6	27.9	3	0.0
57.5	53.5	7.0	251.3	268.8	17.8	0	0.0
59.2	53.7	4.6	148.1	221.3	19.6	0	0.0
61.8	53.5	3.8	150.9	549.1	90.3	0	0.0
67.6	61.4	9.6	226.8	498.6	64.6	5	0.0
63.4	53.7	5.1	83.2	476.2	67.5	1	0.0
55.5	48.9	2.0	49.9	536.1	100.0	0	0.0
54.2	51.0	5.3	89.1	288.9	45.1	22	0.0
55.4	53.8	8.5	231.3	223.8	6.9	24	0.0
53.6	43.2	7.4	274.8	489.7	80.0	0	0.0
50.0	41.2	2.7	128.8	515.5	94.8	0	0.0
09	30	2009
53.1	42.0	2.2	120.9	513.0	95.9	0	0.0
55.5	46.7	1.5	94.7	508.7	97.4	0	0.0
57.6	48.5	2.1	105.6	504.6	96.6	0	0.0
58.4	50.2	1.9	71.3	498.6	94.1	0	0.0
60.8	54.4	2.0	70.7	393.8	72.6	0	0.0
60.8	52.9	2.1	54.5	483.0	94.4	0	0.0
61.4	51.7	2.4	58.5	462.0	89.3	0	0.0
61.3	53.8	3.8	53.0	443.2	91.0	0	0.0
63.2	53.2	4.8	64.0	474.2	99.0	0	0.0
63.5	55.5	3.4	96.8	406.0	79.2	0	0.0
61.3	51.9	4.1	33.5	439.8	82.5	0	0.0
55.7	46.9	2.2	64.3	462.0	94.3	0	0.0
64.7	56.1	3.8	194.4	444.8	93.4	0	0.0
66.4	58.0	5.2	199.8	378.6	81.1	0	0.0
63.8	55.3	5.0	122.4	361.6	65.7	0	0.0
53.0	45.7	6.3	63.0	283.2	66.7	0	0.0
53.8	44.5	3.7	154.1	437.9	99.3	0	0.0
60.4	48.2	6.5	177.4	405.6	66.8	0	0.0
50.7	40.4	3.4	101.0	428.0	100.0	0	0.0
53.6	42.3	4.1	82.9	423.1	86.5	0	0.0
65.2	61.2	7.0	173.4	177.9	20.9	58	0.0
64.4	61.1	2.4	82.8	232.3	24.4	3	0.0
64.5	60.3	5.3	257.7	256.0	43.8	20	0.0
53.9	48.5	1.2	39.1	395.8	97.0	0	0.0
54.2	49.5	6.6	73.2	253.2	60.2	0	0.0
56.1	53.5	2.9	62.9	167.7	8.8	1	0.0
60.9	54.5	8.6	206.3	295.5	24.0	27	0.0
52.3	49.3	15.5	255.1	162.2	10.2	57	0.0
48.5	44.9	13.8	307.1	160.6	7.9	0	0.0
44.2	34.5	7.8	265.4	335.2	59.9	0	0.0
10	31	2009
39.5	32.6	2.6	79.8	363.8	92.0	0	0.0
46.3	44.2	9.5	126.9	140.7	21.7	20	0.0
48.1	45.3	5.6	185.8	145.7	7.3	2	0.0
49.3	45.9	9.4	247.6	164.9	8.8	3	0.0
47.7	42.9	7.2	227.4	243.2	49.5	1	0.0
46.4	44.9	7.7	113.6	145.0	10.8	26	0.0
47.1	41.1	12.2	264.1	156.4	29.0	7	0.0
50.1	45.3	6.7	210.3	301.7	64.9	2	0.0
45.1	42.4	3.9	145.9	171.5	13.1	12	0.0
37.3	31.8	8.1	185.6	229.5	63.8	1	0.0
34.3	24.9	6.9	195.8	172.7	50.5	0	0.0
36.6	30.0	2.0	57.7	165.6	15.1	0	0.0
37.6	31.1	6.8	242.3	205.9	43.9	1	0.0
35.7	27.8	4.6	71.5	230.7	56.8	0	0.0
36.5	27.8	6.4	46.7	128.7	14.6	0	0.0
37.8	26.6	5.2	27.7	154.2	14.6	0	0.0
33.5	25.4	2.2	40.2	151.2	45.8	0	0.0
36.1	26.0	5.7	136.9	285.9	90.6	0	0.0
46.6	39.5	8.7	173.3	278.9	90.1	0	0.0
46.0	42.8	2.4	42.0	131.6	23.0	0	0.0
50.3	49.5	4.2	117.0	111.4	7.0	11	0.0
43.6	40.8	9.3	130.6	94.3	5.6	3	0.0
43.5	42.0	14.4	110.5	93.3	4.9	56	0.0
42.3	39.0	12.5	245.7	109.7	18.1	1	0.0
44.2	39.0	4.2	95.6	123.6	17.7	0	0.0
47.6	45.8	5.4	144.9	119.2	7.3	47	0.0
46.7	42.5	4.3	150.4	184.8	32.4	0	0.0
46.8	44.4	4.8	87.8	116.2	20.5	0	0.0
48.6	45.9	7.7	117.8	102.4	12.7	0	0.0
55.2	52.9	13.9	170.6	90.0	8.0	88	0.0
41.6	34.0	18.3	247.0	99.1	9.4	0	0.0
11	30	2009
39.4	31.0	5.7	204.8	153.1	67.2	0	0.0
40.2	36.0	6.9	198.5	91.4	23.3	7	0.0
34.6	29.6	6.2	218.2	121.0	38.5	1	3.4
35.6	28.4	3.4	119.2	97.9	10.4	3	0.0
37.1	29.2	9.5	256.0	132.6	37.0	1	0.0
34.8	25.4	7.8	115.4	149.3	68.8	0	0.0
48.6	40.3	8.2	188.5	204.7	96.9	0	0.0
46.9	40.3	5.2	88.8	202.6	76.9	0	0.0
51.0	42.7	6.8	228.8	172.6	87.0	0	0.0
37.2	27.8	2.9	120.2	196.2	99.3	0	0.0
34.4	25.3	2.4	62.5	193.1	100.0	0	0.0
35.8	27.4	4.8	106.2	189.7	95.9	0	0.0
45.3	32.6	9.2	162.3	187.1	100.0	0	0.0
51.0	39.4	7.9	172.1	172.2	77.1	0	0.0
42.2	32.2	7.7	253.6	158.4	62.0	0	0.0
33.2	26.0	1.4	14.8	178.5	100.0	0	0.0
35.5	26.3	9.1	68.5	175.8	99.5	0	0.0
42.2	33.7	7.9	87.4	171.9	71.5	0	0.0
43.8	40.1	5.6	159.3	68.0	6.8	5	0.0
42.9	40.0	5.5	247.0	67.0	4.8	0	0.0
41.8	39.2	1.5	99.1	102.3	42.2	0	0.0
40.0	36.9	4.6	96.7	158.9	70.8	0	0.0
42.0	38.8	7.3	106.7	64.2	8.4	0	0.0
42.9	40.8	4.7	107.6	65.4	7.6	0	0.0
44.9	42.3	8.0	177.2	68.0	4.0	18	0.0
36.8	34.2	8.9	240.3	61.7	4.0	35	33.4
33.7	29.3	10.8	304.7	71.4	7.4	0	0.0
34.2	28.0	4.5	149.1	150.3	76.4	0	0.0
32.9	29.3	3.8	161.2	54.4	23.1	3	0.0
33.0	25.4	9.8	258.6	58.7	7.3	1	3.4
12	31	2009
37.5	30.6	7.9	203.7	129.6	67.9	0	0.0
38.1	33.1	6.8	174.8	75.2	47.9	0	0.0
32.1	28.1	9.2	302.9	57.8	6.8	3	3.8
25.8	19.5	11.5	242.0	58.3	5.6	1	3.1
23.5	17.0	9.6	233.7	57.6	14.4	0	0.0
26.4	22.5	6.3	165.9	57.0	6.6	3	10.2
24.2	20.0	3.6	43.2	71.4	31.1	9	41.5
22.3	17.2	6.1	65.2	59.1	29.2	2	4.6
29.5	26.3	15.0	167.2	53.9	9.5	16	39.5
16.7	11.1	17.2	263.8	51.4	7.4	1	5.1
11.1	4.3	13.9	257.5	67.3	19.4	0	0.0
19.6	12.6	6.9	164.0	130.8	80.2	0	0.0
30.2	26.2	6.7	231.1	51.1	5.6	3	7.7
28.5	25.4	5.7	92.1	52.0	5.2	2	5.8
20.1	14.1	10.7	298.5	48.2	3.9	1	4.9
13.2	7.4	8.2	224.1	53.3	25.6	0	0.0
11.0	7.1	3.3	71.5	67.0	46.9	0	0.0
21.4	16.4	5.8	69.0	122.5	62.5	0	0.0
26.1	19.9	5.3	61.2	55.8	9.9	0	0.0
23.1	19.3	2.1	114.7	52.7	10.6	0	0.0
22.9	19.8	3.1	108.2	48.2	4.4	2	10.8
15.9	11.1	4.5	47.3	124.7	74.6	0	0.0
13.3	8.7	4.2	43.3	92.6	56.2	0	0.0
26.0	22.9	11.4	98.9	52.5	6.9	2	5.1
34.0	30.9	16.7	108.7	55.5	10.9	35	75.3
26.9	21.9	8.0	154.4	48.8	11.0	3	10.1
22.5	18.3	5.8	206.3	61.3	15.3	0	1.5
20.8	14.1	13.6	278.9	59.5	15.1	2	5.2
15.3	8.8	5.5	202.5	76.7	45.8	0	0.0
19.8	14.5	7.5	180.4	77.4	38.6	0	1.8
26.4	23.1	7.0	242.8	49.0	4.9	4	15.3
