01	31	2018
8.4	2.0	9.2	285.8	62.9	15.6	0	0.0
10.6	5.5	14.8	228.5	114.0	38.2	0	0.0
11.2	6.5	11.2	236.7	58.1	13.0	2	15.8
5.7	1.2	8.0	306.0	92.7	66.7	0	0.0
1.7	1.0	5.2	239.6	136.6	69.8	0	0.0
2.9	1.0	2.4	67.8	131.5	72.6	0	0.0
19.0	9.5	15.8	199.2	65.2	26.4	1	3.4
32.9	29.0	15.2	238.4	99.0	49.4	9	23.9
28.8	26.1	4.2	128.3	137.1	89.8	0	0.0
37.3	36.5	12.9	170.1	72.7	11.5	1	0.0
54.6	52.6	14.8	199.2	67.3	7.6	11	0.0
23.8	17.6	14.7	301.0	92.6	45.4	27	80.3
12.6	4.2	6.3	236.9	68.7	24.0	0	0.0
10.0	3.6	6.9	110.4	126.9	79.2	0	0.0
16.4	12.6	9.0	112.1	79.8	10.1	9	73.2
12.5	9.5	5.7	206.4	82.6	15.4	2	20.5
15.4	9.0	13.1	234.6	159.9	73.2	0	0.0
22.7	14.8	15.3	225.0	130.5	66.7	0	0.0
30.7	20.7	16.2	220.6	167.8	100.0	0	0.0
36.6	28.2	11.4	227.5	169.9	100.0	0	0.0
36.7	35.7	4.2	120.7	75.3	19.7	1	0.0
42.6	42.2	7.3	115.1	68.4	26.3	52	0.0
33.6	29.6	15.6	263.1	68.2	20.3	1	0.0
24.6	17.5	6.3	218.4	78.3	10.1	0	0.0
29.5	22.4	7.5	182.7	109.7	44.8	0	0.0
41.6	28.5	13.9	180.8	184.6	81.8	0	0.0
44.2	30.0	15.9	231.2	138.4	51.0	0	0.0
34.0	26.0	6.1	162.4	180.9	62.5	2	5.9
22.5	18.0	10.6	198.2	79.7	5.3	5	24.7
19.7	10.7	5.6	157.9	85.1	17.2	0	0.0
32.9	22.5	15.8	215.8	185.7	73.4	0	0.0
02	28	2018
23.1	15.0	14.1	269.6	135.2	54.7	0	0.0
13.2	3.5	12.5	268.9	88.9	22.1	0	0.0
23.6	13.9	12.5	206.2	90.0	8.0	1	5.2
21.0	17.9	10.7	273.6	99.8	16.1	14	62.4
14.1	5.9	11.8	243.2	147.9	18.0	4	30.2
16.0	9.1	6.3	201.0	152.0	22.4	0	0.0
17.2	12.1	4.9	216.5	125.6	19.1	7	46.5
16.2	11.1	9.6	214.7	87.7	6.7	1	10.8
18.5	15.3	7.1	113.2	155.8	25.0	27	149.8
17.8	14.3	4.3	134.0	92.8	23.6	6	43.7
20.4	16.8	9.3	187.7	111.0	47.7	20	113.5
17.4	9.5	5.2	198.5	239.8	100.0	0	0.0
19.1	10.7	7.2	120.8	191.7	69.8	0	0.0
34.1	28.4	11.6	210.5	247.5	80.5	0	0.0
41.0	39.5	9.1	229.5	140.1	41.1	0	0.0
29.2	20.6	9.3	275.8	124.7	42.2	0	0.0
25.8	20.5	8.1	212.4	205.4	51.6	4	9.2
32.0	25.3	11.5	198.5	258.7	65.5	0	0.0
42.1	40.1	9.2	159.7	103.7	17.9	27	0.0
57.2	56.3	12.8	213.8	107.5	5.9	153	0.0
34.9	30.9	7.2	237.7	144.6	34.0	34	8.7
32.9	25.9	8.9	65.8	250.5	69.8	0	0.0
37.9	36.1	13.1	204.7	115.8	5.2	7	0.0
36.8	31.0	10.5	104.6	127.4	10.9	0	0.0
39.8	28.7	20.9	225.8	241.6	53.5	0	0.0
39.4	25.2	9.8	236.5	297.3	100.0	0	0.0
48.1	30.1	12.5	205.2	273.3	85.4	0	0.0
50.5	37.7	9.9	192.7	196.8	41.1	0	0.0
03	31	2018
34.1	32.3	10.6	125.2	122.5	11.3	26	61.5
33.9	23.1	8.6	317.1	297.6	74.5	0	0.0
31.6	16.3	6.3	100.2	320.1	100.0	0	0.0
32.6	17.1	8.3	56.9	301.5	74.5	0	0.0
32.0	16.9	11.0	92.5	329.6	84.9	0	0.0
33.1	28.3	7.2	96.7	153.5	7.8	3	5.7
28.5	23.2	12.4	262.8	173.4	11.1	14	43.3
26.3	20.4	14.4	277.7	146.1	21.7	0	0.0
28.8	21.1	10.1	278.1	155.1	13.9	0	0.0
27.7	18.3	4.2	175.8	215.3	51.0	0	0.0
28.2	18.7	3.9	91.2	356.0	97.9	0	0.0
29.8	24.6	6.8	259.3	163.9	38.9	2	9.7
28.8	19.9	10.6	321.7	205.7	19.2	1	5.6
30.6	16.3	12.6	271.8	293.8	26.3	0	0.0
30.0	18.8	13.3	313.5	178.1	44.3	0	0.0
28.2	13.9	6.0	255.4	376.1	80.7	0	0.0
34.0	17.9	2.5	63.1	388.9	100.0	0	0.0
40.6	21.8	8.6	191.2	393.9	97.9	0	0.0
33.4	19.8	11.8	53.1	388.5	72.9	0	0.0
28.2	18.0	16.3	39.6	403.9	97.9	0	0.0
30.7	18.1	10.6	61.0	404.1	94.8	0	0.0
33.1	14.6	7.1	285.6	413.8	96.9	0	0.0
31.5	14.8	7.8	206.2	418.8	100.0	0	0.0
29.1	17.0	11.4	45.8	423.7	100.0	0	0.0
29.5	10.0	11.1	83.5	428.6	100.0	0	0.0
39.5	24.4	13.2	112.5	433.5	81.8	0	0.0
45.0	43.3	11.5	224.8	178.2	5.9	26	0.0
42.5	36.6	3.9	83.2	188.0	8.8	0	0.0
43.0	40.4	4.2	101.4	179.8	7.5	5	0.0
36.2	20.4	8.0	280.5	452.4	76.4	0	0.0
37.9	30.1	14.1	227.9	208.6	40.6	10	0.0
04	30	2018
30.1	15.8	10.8	263.9	377.0	55.7	0	0.0
33.0	17.4	5.1	127.1	450.8	83.3	0	0.0
35.6	30.9	10.7	93.9	199.2	6.4	33	26.1
29.4	23.3	15.3	275.1	243.9	10.4	5	12.6
31.8	18.4	8.8	215.2	428.5	69.3	0	0.0
31.6	24.4	13.6	258.7	240.5	27.7	4	10.7
25.7	13.7	10.2	280.0	282.6	57.3	0	0.0
28.6	14.8	4.6	196.2	481.8	95.3	0	0.0
32.7	27.1	5.9	164.7	232.0	17.1	3	8.5
35.7	21.7	8.9	253.4	347.3	55.7	0	0.0
45.1	29.9	11.5	209.2	305.6	25.0	0	0.0
53.9	43.6	14.5	189.4	509.1	65.6	16	0.0
42.9	38.4	11.7	53.8	333.2	21.4	4	0.0
33.4	31.9	18.3	54.8	200.3	6.8	84	34.5
31.4	30.6	11.2	82.1	202.8	12.3	51	129.3
32.5	30.1	12.2	261.4	223.9	17.4	2	3.8
30.8	23.7	13.8	286.5	227.4	8.3	2	5.0
34.8	27.4	6.8	106.9	264.0	11.1	1	0.0
40.9	23.4	11.0	322.3	543.9	85.4	0	0.0
44.4	21.1	5.2	252.5	548.2	100.0	0	0.0
47.5	26.2	4.1	146.2	550.2	99.0	0	0.0
50.2	26.0	6.1	97.3	556.6	100.0	0	0.0
56.4	36.3	8.4	105.4	560.7	88.0	0	0.0
55.4	49.5	6.7	124.4	240.0	8.0	5	0.0
50.4	39.2	9.6	269.4	511.6	59.7	0	0.0
49.1	31.2	3.6	152.9	572.8	100.0	0	0.0
50.2	34.7	5.9	165.3	363.9	41.1	0	0.0
44.3	24.6	11.4	291.8	525.7	64.4	0	0.0
44.4	19.9	5.8	245.2	584.4	100.0	0	0.0
56.3	26.1	7.1	163.5	588.2	100.0	0	0.0
05	31	2018
71.0	40.5	13.3	215.8	591.9	100.0	0	0.0
73.3	51.9	14.2	232.1	493.6	57.3	3	0.0
62.6	60.9	7.5	188.3	253.0	15.2	41	0.0
63.1	54.2	16.9	232.4	504.8	66.3	14	0.0
66.9	46.6	8.7	214.6	585.6	84.4	0	0.0
55.2	41.4	9.1	73.8	284.2	50.5	0	0.0
55.5	38.2	2.5	39.0	612.7	100.0	0	0.0
65.3	44.5	8.1	201.7	616.0	100.0	0	0.0
67.9	50.4	12.1	167.1	566.0	69.0	44	0.0
60.5	51.3	12.1	253.2	325.9	30.9	0	0.0
42.6	36.3	9.3	71.0	266.4	14.6	39	0.0
46.7	44.0	7.1	82.7	261.0	7.5	33	0.0
54.7	51.0	4.8	118.2	283.8	17.9	25	0.0
63.9	58.8	6.2	172.4	527.3	51.0	2	0.0
64.6	59.4	5.4	132.6	434.2	41.6	24	0.0
65.8	52.7	3.4	143.1	635.4	97.4	0	0.0
62.0	50.5	8.3	29.0	642.3	100.0	0	0.0
61.0	45.5	10.0	60.4	622.4	75.0	0	0.0
61.9	59.5	8.5	196.3	275.9	7.3	31	0.0
55.4	51.5	5.2	183.3	259.8	20.7	0	0.0
54.2	47.5	6.1	85.5	385.8	45.8	30	0.0
57.3	54.6	4.1	166.7	281.9	24.0	0	0.0
64.3	51.4	2.8	139.6	656.9	100.0	0	0.0
68.9	52.3	4.2	130.8	659.2	100.0	0	0.0
74.4	56.0	6.2	168.5	652.0	95.8	0	0.0
75.8	62.3	6.3	192.5	549.0	73.4	0	0.0
77.8	63.0	4.9	153.0	659.4	97.9	0	0.0
79.6	63.2	2.5	60.8	656.5	93.8	0	0.0
79.7	64.6	6.3	64.2	636.2	83.3	0	0.0
76.9	67.2	12.5	124.1	574.1	62.7	42	0.0
77.2	67.0	12.7	223.5	508.7	52.7	1	0.0
06	30	2018
71.2	64.1	7.0	162.8	469.3	70.7	16	0.0
58.4	52.3	9.3	40.4	325.4	12.8	0	0.0
63.0	55.8	10.1	220.0	351.2	18.0	19	0.0
62.9	49.1	13.7	274.6	600.8	44.8	13	0.0
60.5	50.7	7.1	214.1	539.4	62.5	0	0.0
60.8	48.2	2.3	93.5	665.9	83.8	0	0.0
70.1	56.0	3.3	145.8	660.2	94.3	0	0.0
70.1	58.8	6.4	68.3	650.4	78.1	0	0.0
63.8	60.0	8.8	84.3	277.8	5.9	33	0.0
63.7	58.7	9.0	73.3	295.8	16.8	0	0.0
68.5	53.0	10.5	91.5	687.1	96.9	0	0.0
69.2	62.3	6.5	134.2	453.0	63.9	0	0.0
71.5	59.1	10.1	269.1	577.8	63.5	0	0.0
70.8	50.9	6.2	258.3	689.4	100.0	0	0.0
71.8	54.0	5.2	108.8	690.0	93.8	0	0.0
74.0	64.9	4.0	129.1	546.9	58.9	5	0.0
82.6	69.8	8.3	199.6	676.1	90.1	0	0.0
81.1	72.4	11.5	237.7	574.3	62.5	4	0.0
70.0	62.3	8.2	83.0	303.4	10.9	1	0.0
66.0	57.9	5.5	49.1	297.0	21.0	0	0.0
67.3	55.8	8.9	48.5	692.2	100.0	0	0.0
65.5	54.6	9.0	62.3	460.3	29.2	3	0.0
65.9	62.9	4.6	156.0	299.0	17.7	0	0.0
65.0	60.9	5.9	185.8	343.0	36.9	1	0.0
64.8	53.4	8.2	66.7	681.5	95.8	0	0.0
67.7	56.0	7.9	121.0	581.9	66.2	0	0.0
69.5	66.7	7.0	217.0	306.5	28.6	21	0.0
74.3	64.8	6.6	259.8	630.7	85.4	0	0.0
79.3	68.4	8.1	144.4	690.9	100.0	0	0.0
84.3	74.3	9.3	210.1	630.5	87.8	0	0.0
07	31	2018
83.3	70.1	11.5	200.0	643.9	85.9	0	0.0
77.8	65.0	6.4	233.1	642.0	81.8	0	0.0
78.5	66.7	6.3	85.4	566.2	81.2	0	0.0
83.5	71.3	4.9	134.2	613.3	82.8	0	0.0
83.0	70.9	9.3	234.9	627.7	80.0	0	0.0
69.0	48.3	8.3	117.3	685.8	100.0	0	0.0
67.9	47.1	3.5	77.6	684.8	100.0	0	0.0
73.2	53.0	6.5	173.5	683.7	100.0	0	0.0
76.2	58.4	8.7	219.0	682.6	97.9	0	0.0
77.1	56.6	6.2	118.1	598.9	75.5	0	0.0
72.2	53.2	3.9	34.6	680.0	100.0	0	0.0
74.5	54.9	5.7	145.8	664.2	78.1	0	0.0
77.9	63.4	7.5	196.6	677.2	79.2	25	0.0
75.3	67.7	4.8	178.5	577.3	74.5	1	0.0
77.9	69.1	2.7	97.3	586.9	75.0	0	0.0
79.4	67.7	6.9	242.8	614.8	73.4	0	0.0
70.9	54.1	7.0	248.8	633.0	91.7	0	0.0
67.6	53.6	2.6	93.5	554.7	82.3	0	0.0
72.0	55.9	7.9	150.0	552.7	81.8	0	0.0
71.3	63.7	13.1	142.6	538.5	50.0	12	0.0
69.8	65.9	8.3	95.2	315.0	12.3	8	0.0
68.0	63.9	7.6	109.8	273.0	7.6	1	0.0
69.2	64.0	3.8	197.2	354.3	16.1	2	0.0
72.8	65.9	4.8	226.7	353.4	33.3	0	0.0
74.2	61.4	5.3	205.0	646.4	96.3	0	0.0
71.2	58.1	11.5	257.5	489.1	48.8	0	0.0
66.9	56.7	9.5	268.5	442.8	59.4	0	0.0
67.7	55.4	5.2	221.7	578.7	76.6	0	0.0
69.2	54.4	3.0	138.1	634.8	93.8	0	0.0
70.1	57.6	3.6	40.8	613.0	89.6	0	0.0
67.8	60.9	4.4	91.7	525.1	65.6	14	0.0
08	31	2018
70.3	63.0	6.2	197.9	520.6	58.3	12	0.0
73.2	62.9	10.2	203.1	542.0	66.0	6	0.0
72.0	62.4	3.6	155.6	546.3	69.0	1	0.0
76.6	65.3	4.7	111.2	607.5	94.8	0	0.0
82.7	68.3	13.3	214.6	614.1	96.9	0	0.0
73.8	70.0	5.4	191.5	372.8	52.9	13	0.0
75.4	67.1	2.0	116.0	502.7	45.1	14	0.0
73.9	65.2	6.6	281.0	450.7	47.9	37	0.0
73.7	66.6	8.5	225.5	492.5	77.6	0	0.0
73.2	62.0	6.3	47.5	587.0	80.2	0	0.0
73.3	61.2	3.7	172.9	545.1	88.5	0	0.0
73.7	62.3	3.6	45.8	567.9	85.6	0	0.0
73.9	61.8	2.0	67.7	557.9	87.0	0	0.0
75.1	64.0	6.1	206.0	575.8	94.3	0	0.0
76.2	66.3	5.7	152.2	589.5	93.5	38	0.0
72.7	68.7	3.8	90.4	258.2	33.9	0	0.0
71.8	69.9	4.0	245.9	317.1	24.8	0	0.0
72.6	67.0	4.1	117.3	568.1	91.7	0	0.0
71.3	65.7	4.2	115.7	393.2	50.6	69	0.0
72.2	63.7	7.8	108.5	572.9	82.8	0	0.0
71.0	64.7	9.1	255.6	337.3	22.3	8	0.0
65.8	52.0	10.9	289.0	518.7	69.6	0	0.0
68.0	54.1	6.4	177.9	522.6	89.6	0	0.0
67.9	56.0	10.5	180.6	533.7	72.9	0	0.0
71.3	66.0	10.8	206.8	285.7	25.3	10	0.0
75.9	71.2	5.6	173.9	367.3	53.8	0	0.0
78.4	70.2	11.4	179.9	383.0	50.9	0	0.0
76.2	69.6	13.9	223.6	504.7	63.2	45	0.0
68.8	64.4	8.6	256.0	303.3	35.6	10	0.0
61.6	54.6	4.8	145.2	411.1	71.9	0	0.0
69.3	60.7	7.8	121.7	526.2	99.0	0	0.0
09	30	2018
73.5	68.6	9.3	179.3	366.0	59.7	12	0.0
77.2	70.5	10.0	209.2	456.7	67.5	24	0.0
75.3	68.9	6.5	203.2	442.8	67.0	8	0.0
79.2	70.3	8.2	189.4	477.2	92.7	0	0.0
79.8	69.9	10.4	187.0	492.3	75.4	0	0.0
66.0	60.8	7.4	80.0	351.4	48.4	0	0.0
60.4	53.5	5.5	28.3	497.6	95.8	0	0.0
58.9	51.6	10.4	67.5	491.0	99.0	0	0.0
56.7	48.3	12.5	54.9	358.0	57.6	3	0.0
58.9	55.9	7.9	69.8	203.7	13.7	1	0.0
62.7	55.5	2.1	95.9	474.4	90.7	0	0.0
65.3	56.9	1.5	17.5	474.4	100.0	0	0.0
66.7	61.6	3.6	58.7	258.8	28.7	0	0.0
69.2	63.1	1.9	53.2	409.3	84.4	0	0.0
69.2	63.9	3.9	33.1	360.6	68.2	0	0.0
73.1	64.2	5.6	94.9	406.3	85.9	0	0.0
74.9	65.0	2.0	102.1	420.0	91.3	0	0.0
71.7	65.3	4.0	167.1	405.2	74.0	0	0.0
69.1	62.3	5.4	96.4	300.2	45.8	0	0.0
70.9	67.0	9.2	139.9	322.1	48.5	122	0.0
71.1	60.8	18.9	253.2	322.8	54.2	3	0.0
54.8	43.7	5.1	82.3	426.9	88.5	0	0.0
57.0	47.7	4.0	66.2	422.0	100.0	0	0.0
59.1	57.2	7.7	101.4	168.9	35.4	3	0.0
70.4	67.2	9.2	190.9	250.3	31.7	3	0.0
58.6	49.0	12.4	276.5	326.7	51.2	0	0.0
54.7	45.5	8.0	175.0	392.1	83.8	0	0.0
53.6	48.1	8.6	249.2	182.2	42.7	8	0.0
48.9	39.5	5.4	187.7	324.2	53.6	5	0.0
46.0	45.0	6.8	56.4	164.7	6.6	43	0.0
10	31	2018
52.6	52.0	8.7	112.6	152.2	5.3	89	0.0
58.7	57.7	6.3	192.5	152.9	8.2	37	0.0
68.8	62.2	11.9	177.0	340.0	48.0	0	0.0
60.0	50.6	10.7	185.1	314.0	58.9	1	0.0
49.8	47.7	6.8	114.5	148.6	32.6	3	0.0
62.9	61.6	6.5	203.2	221.6	13.4	64	0.0
54.7	53.6	8.4	61.5	134.4	5.1	1	0.0
68.5	62.7	8.5	168.9	307.7	66.0	0	0.0
74.3	65.9	9.1	186.7	299.7	76.6	1	0.0
68.9	65.1	10.0	182.4	145.2	33.0	55	0.0
49.8	41.5	17.7	271.0	143.2	8.7	0	0.0
41.7	35.4	9.0	269.9	141.2	8.3	8	0.0
43.5	34.7	8.1	242.8	314.9	72.0	0	0.0
48.4	38.2	6.7	163.3	321.5	89.6	0	0.0
43.8	36.1	11.5	230.5	198.2	33.9	5	0.0
44.5	31.1	12.3	211.2	311.8	79.7	0	0.0
41.1	30.5	9.4	263.5	160.0	43.2	0	0.0
39.8	28.8	6.9	151.0	303.2	100.0	0	0.0
47.5	36.9	14.6	227.4	205.8	53.5	4	0.0
42.9	37.0	12.1	285.9	179.3	47.9	5	0.0
37.6	29.4	8.5	250.4	143.4	25.5	0	0.0
45.1	33.2	7.9	232.3	285.4	95.8	0	0.0
44.5	35.0	10.5	309.8	225.8	69.8	0	0.0
37.6	30.0	4.3	226.2	223.0	87.0	0	0.0
38.9	31.0	1.4	74.8	272.4	100.0	0	0.0
43.8	37.1	6.9	56.7	141.6	26.0	0	0.0
42.4	39.1	8.1	161.9	112.8	8.2	1	0.0
40.8	39.7	6.4	179.9	105.9	7.3	14	0.0
43.4	39.0	6.0	224.2	122.5	30.6	0	0.0
46.6	40.7	7.8	123.7	117.9	30.1	16	0.0
50.8	46.1	5.7	250.3	167.2	34.5	22	0.0
11	30	2018
43.6	40.1	7.4	64.5	96.4	15.1	11	0.0
40.6	34.8	5.8	294.6	120.6	13.9	6	0.0
39.6	30.7	5.9	225.8	129.7	29.2	0	0.0
44.6	36.0	12.2	116.2	168.8	26.6	1	0.0
47.5	41.2	10.4	164.5	121.6	17.9	4	0.0
47.9	44.8	16.3	209.3	89.2	5.9	32	0.0
38.3	31.1	15.0	259.4	95.2	7.3	1	0.0
36.8	27.9	5.0	206.2	93.8	17.7	0	0.0
32.5	27.8	9.2	162.7	85.2	14.9	6	15.4
28.6	23.3	12.8	254.7	91.0	17.4	2	6.9
31.4	21.4	9.2	199.2	89.7	12.5	0	0.0
34.4	27.7	5.7	229.3	90.8	10.9	5	11.8
27.1	21.0	10.4	294.4	94.5	8.1	3	9.6
25.1	16.6	4.3	152.7	199.3	74.3	0	0.0
29.3	26.2	5.8	90.9	74.5	30.8	16	41.0
32.9	30.7	11.1	242.9	67.8	3.5	3	7.9
32.4	28.6	4.1	183.8	71.1	16.7	0	1.2
30.6	26.9	3.5	124.8	76.9	39.6	0	0.0
31.2	27.1	7.2	216.5	149.2	51.7	0	0.8
29.1	21.0	11.3	290.2	96.0	12.0	1	3.6
28.4	17.5	11.0	204.2	140.2	25.0	0	0.0
23.1	13.0	10.7	108.3	62.4	2.1	0	0.0
37.6	28.8	13.0	157.7	176.0	94.3	0	0.0
43.9	41.4	13.0	198.2	67.8	6.0	10	0.0
39.2	33.5	8.7	188.1	70.7	7.6	2	3.8
29.8	26.5	15.8	227.7	91.9	17.6	38	97.2
26.7	20.8	11.8	286.0	72.7	8.3	0	0.0
25.7	19.7	9.5	276.7	71.8	8.3	0	0.0
26.1	22.4	7.3	145.1	71.1	9.2	0	1.8
30.7	27.2	1.4	76.7	159.6	66.0	0	0.0
12	31	2018
32.9	32.1	10.7	86.6	66.0	16.5	14	0.0
42.2	39.7	9.7	164.3	96.9	24.8	24	0.0
31.9	28.3	9.9	294.1	85.2	12.5	1	0.6
27.7	19.8	3.6	190.5	130.0	44.2	0	0.0
26.4	22.2	8.3	176.2	67.0	18.8	1	2.5
28.7	22.6	11.7	264.0	75.3	15.6	0	0.0
25.1	19.0	8.2	233.7	73.9	8.1	0	1.3
22.9	15.3	5.7	230.1	120.4	52.4	0	0.0
22.3	18.3	4.8	181.7	91.8	60.6	0	0.0
27.1	22.7	6.8	213.5	74.1	37.9	0	0.0
29.5	24.5	9.0	219.0	64.1	7.6	0	0.0
32.0	27.0	10.8	156.1	109.8	43.6	1	2.5
30.9	27.2	3.3	104.8	85.1	52.6	0	0.0
35.6	35.4	3.2	157.3	79.7	45.6	32	2.5
32.0	31.1	6.3	53.9	143.1	72.4	0	0.0
32.2	31.1	6.3	165.8	108.1	76.6	0	0.0
32.3	25.7	7.8	285.8	121.9	88.8	0	0.0
27.4	22.7	4.7	128.3	132.7	80.4	0	0.0
36.5	27.7	9.2	185.0	130.4	93.2	0	0.0
40.3	37.2	5.7	127.5	78.9	31.9	9	0.0
35.8	34.4	8.8	321.6	61.7	13.4	10	1.9
30.2	26.0	8.6	269.5	61.7	7.3	0	0.0
32.0	28.5	7.6	213.6	58.4	6.9	0	0.0
30.2	22.4	10.3	264.6	56.4	5.9	0	0.0
28.1	23.7	3.2	111.5	56.8	20.7	2	4.1
34.6	32.4	4.7	140.0	67.8	17.8	0	0.0
39.1	36.2	15.9	133.8	74.8	14.1	10	0.0
43.8	39.4	15.9	227.2	64.5	11.6	0	0.0
28.1	22.7	7.2	249.0	62.2	7.3	3	6.8
28.6	21.0	11.5	210.2	127.6	57.1	0	0.0
33.9	31.5	7.7	157.3	55.0	28.8	48	5.1
