01	31	2014
12.7	1.1	9.9	59.1	67.3	10.4	0	0.0
11.4	1.5	9.2	37.5	72.9	24.0	0	0.0
11.9	3.9	12.3	138.7	78.6	26.3	4	21.1
29.8	23.9	19.2	193.0	59.7	18.3	24	60.3
22.9	17.0	11.4	263.0	80.5	13.2	7	32.9
4.5	1.7	16.5	297.1	128.6	78.3	1	14.0
6.2	1.2	15.4	264.7	56.9	13.0	0	0.0
14.9	6.1	8.1	266.0	57.5	9.3	1	8.2
15.9	9.5	8.5	114.2	89.3	12.3	0	0.0
32.0	28.5	10.4	147.0	61.8	6.9	58	0.0
36.2	31.5	13.6	256.6	65.8	12.8	21	0.0
36.4	25.6	15.6	208.4	92.8	22.7	0	0.0
37.9	30.9	12.5	229.6	71.6	40.1	0	0.0
30.2	23.2	13.0	182.7	59.9	29.3	4	10.3
23.8	15.9	13.9	280.8	61.3	4.8	3	13.3
26.7	21.7	15.1	171.8	76.1	8.1	14	37.7
23.0	16.2	11.1	244.7	70.0	6.9	1	4.4
23.0	16.4	6.8	183.3	76.8	11.6	2	8.7
29.1	21.6	15.0	240.3	70.3	9.0	0	0.0
22.3	13.2	8.6	215.6	72.6	16.4	1	2.5
11.0	1.3	5.4	115.6	85.4	23.4	0	0.0
13.0	6.5	11.6	226.2	98.5	27.7	8	60.6
11.7	2.6	8.8	188.9	150.0	33.8	1	5.7
18.3	10.5	25.5	231.0	68.7	14.7	10	31.7
19.0	10.2	17.7	305.3	79.0	12.5	6	23.7
15.2	7.9	11.5	207.0	99.2	24.0	12	80.2
6.1	0.7	15.8	301.1	87.5	16.2	3	27.6
7.7	0.3	13.2	268.8	72.8	5.3	3	32.6
15.8	4.9	13.2	197.3	122.1	41.1	0	0.0
26.1	16.8	19.8	200.1	89.2	31.8	2	5.5
21.2	13.5	5.8	220.1	102.4	27.1	0	0.0
02	28	2014
22.3	17.1	5.5	142.7	87.8	18.8	16	68.8
18.4	11.3	6.5	251.5	96.2	30.0	0	0.0
12.9	6.7	2.1	79.1	84.2	33.2	0	0.0
16.7	9.6	3.8	56.5	90.7	34.9	0	0.0
19.1	9.6	10.6	179.8	113.3	22.4	12	63.5
13.8	5.6	10.8	237.0	83.4	6.7	3	19.3
13.0	4.0	14.2	255.2	115.0	20.9	2	12.0
16.8	8.7	8.5	222.9	132.3	15.8	3	23.5
17.5	11.3	5.4	219.2	117.5	8.5	6	33.7
13.3	6.0	7.0	292.9	105.4	9.3	2	15.2
9.5	3.1	4.9	105.1	126.1	30.2	0	3.6
12.3	4.6	7.9	159.2	115.3	33.3	0	0.0
24.5	11.9	9.0	158.0	143.3	15.1	2	8.0
23.4	16.1	10.8	283.1	99.6	8.7	2	6.8
17.6	9.3	6.5	169.4	204.9	25.9	0	0.0
21.1	12.8	6.3	171.0	161.2	33.5	4	28.6
16.7	10.2	11.7	92.1	168.1	45.4	17	101.0
30.6	21.1	11.0	160.7	199.7	35.4	1	9.7
34.6	26.7	9.4	244.6	256.1	70.0	2	3.8
35.6	30.1	15.0	118.1	109.2	17.9	37	0.0
30.5	21.4	25.5	227.6	121.0	33.3	4	12.0
26.2	14.0	13.6	249.4	228.3	71.3	0	0.0
21.5	9.7	13.9	277.8	219.1	55.9	0	0.0
18.3	8.8	11.0	252.9	121.5	6.8	0	0.0
16.4	6.9	10.8	247.1	123.1	10.4	1	7.2
11.8	3.0	17.6	267.4	161.1	16.0	2	15.9
7.8	1.1	14.7	274.5	147.1	22.6	1	5.5
9.9	0.9	11.2	136.7	168.8	25.0	0	0.0
03	31	2014
18.2	9.9	8.1	263.3	130.0	16.3	12	67.4
10.0	2.8	5.5	167.7	161.2	31.4	2	17.4
6.6	0.8	5.1	120.6	288.4	79.2	0	0.0
16.1	8.9	6.4	166.2	155.8	9.0	7	50.8
16.3	3.6	8.5	90.8	213.9	31.2	0	0.0
16.8	5.0	8.2	97.9	298.1	87.0	0	0.0
28.6	17.4	9.1	163.1	282.2	59.4	0	0.0
27.8	19.0	8.8	278.2	188.5	35.1	0	0.0
26.4	19.3	13.1	170.4	160.2	40.1	0	0.0
38.7	30.8	11.4	222.9	307.5	63.5	0	0.0
38.9	29.6	5.4	231.7	151.1	24.5	0	0.0
24.9	10.1	14.4	245.4	332.7	59.9	0	0.0
19.1	11.0	10.6	135.8	186.6	57.6	0	0.0
38.0	29.2	18.9	219.8	255.4	42.2	0	0.0
31.0	17.1	13.7	235.8	296.1	30.7	0	0.0
16.3	0.9	11.0	63.1	325.1	80.7	0	0.0
20.9	5.3	9.5	105.2	279.1	60.4	0	0.0
34.2	22.0	10.2	114.4	267.6	60.4	0	0.0
35.9	31.7	11.3	217.3	199.1	8.1	12	3.6
33.0	22.6	9.8	240.9	198.2	30.5	0	0.0
33.2	23.5	9.2	109.2	313.1	64.1	7	0.0
31.4	22.7	10.2	302.1	199.4	26.9	0	0.0
19.7	8.4	7.0	163.5	219.4	30.4	1	4.4
22.9	12.3	8.9	174.9	324.3	39.6	1	4.4
23.9	12.1	13.4	309.6	206.7	23.0	1	2.9
24.2	11.8	8.2	158.3	266.1	22.9	0	0.0
38.3	28.9	14.6	165.9	184.0	6.9	44	0.0
36.8	30.3	13.8	219.0	178.4	16.1	26	0.0
35.4	24.8	7.5	104.6	269.7	41.3	0	0.0
35.8	21.3	4.9	107.9	430.8	82.8	0	0.0
49.7	29.2	11.4	135.0	297.2	42.7	0	0.0
04	30	2014
39.3	29.0	15.3	218.1	208.8	29.2	4	0.0
36.5	23.9	5.7	207.7	410.7	65.6	0	0.0
38.0	23.8	17.1	79.7	199.3	7.6	0	0.0
36.5	32.1	15.1	198.7	188.4	5.6	35	1.8
35.1	22.5	9.1	255.9	472.8	68.2	0	0.0
42.6	23.6	8.2	170.6	409.3	69.8	0	0.0
45.3	27.6	5.6	134.8	288.6	38.0	0	0.0
44.5	30.9	7.7	306.5	326.1	51.0	0	0.0
44.9	24.5	9.7	138.3	443.0	69.3	0	0.0
47.2	32.5	14.0	198.3	241.6	49.0	0	0.0
45.9	23.6	5.5	156.2	397.3	68.8	0	0.0
50.8	33.5	8.8	143.1	273.2	47.9	7	0.0
53.0	46.2	7.3	226.5	242.6	28.2	57	0.0
39.0	32.6	17.7	302.6	220.4	7.6	31	7.4
28.2	13.4	12.6	283.5	433.4	48.0	0	0.0
37.3	18.1	12.0	132.9	303.1	50.0	0	0.0
45.9	29.2	12.8	165.8	335.3	45.8	0	0.0
44.9	31.7	7.6	207.3	457.1	56.8	0	0.0
48.1	26.5	9.8	108.5	363.4	58.9	0	0.0
58.0	31.2	11.0	161.5	423.4	62.0	0	0.0
58.4	41.3	10.0	191.9	317.4	21.6	6	0.0
44.3	30.4	16.6	335.9	379.3	54.0	0	0.0
42.3	25.0	7.6	231.0	423.2	57.8	0	0.0
50.8	26.3	12.6	101.2	306.6	19.8	3	0.0
46.4	37.0	8.0	197.8	417.9	41.5	14	0.0
46.4	31.7	10.0	248.8	497.8	71.3	0	0.0
48.2	29.5	18.6	91.5	340.5	33.3	0	0.0
51.4	31.2	22.4	90.0	258.0	11.5	0	0.0
51.9	45.2	9.4	112.7	331.0	21.7	51	0.0
50.9	43.1	9.4	197.3	311.6	16.5	0	0.0
05	31	2014
42.6	37.3	11.0	201.0	241.6	9.2	10	0.0
44.5	39.8	9.8	234.2	249.0	6.6	1	0.0
48.4	39.1	10.0	247.8	409.9	24.3	11	0.0
48.7	31.1	11.5	236.2	524.3	55.7	0	0.0
49.0	34.2	7.1	136.7	323.7	44.3	0	0.0
53.9	35.0	11.8	76.9	444.3	55.7	0	0.0
54.1	44.9	14.8	93.0	420.1	27.3	51	0.0
70.0	54.2	13.3	160.2	435.3	49.0	0	0.0
60.6	52.0	18.2	219.0	366.1	31.2	81	0.0
54.9	40.2	7.1	224.6	531.6	62.0	0	0.0
64.6	47.6	8.1	149.6	413.1	45.3	2	0.0
67.7	61.5	8.0	141.8	307.5	25.3	16	0.0
56.3	53.0	8.6	216.7	337.1	22.0	4	0.0
53.7	41.6	7.6	244.0	387.2	16.7	23	0.0
42.9	37.0	13.9	237.0	256.6	21.7	23	0.0
39.8	31.1	6.6	208.1	432.8	44.3	0	0.0
47.0	32.8	8.9	179.4	498.5	40.5	0	0.0
55.1	35.1	15.4	208.3	601.5	63.0	0	0.0
58.8	39.4	9.3	176.5	456.2	42.7	8	0.0
65.5	54.4	10.7	148.8	422.1	32.3	1	0.0
63.1	56.8	4.7	172.5	475.1	40.0	6	0.0
58.4	46.9	8.8	284.2	502.9	57.8	0	0.0
55.4	43.6	7.8	248.8	639.5	91.7	0	0.0
59.8	42.3	3.9	132.3	624.0	80.7	0	0.0
64.2	45.0	4.0	152.1	607.0	73.4	0	0.0
66.7	55.4	7.9	179.8	397.4	49.5	1	0.0
63.7	58.4	6.4	226.1	309.1	22.7	0	0.0
65.6	52.6	5.7	80.2	425.1	38.0	0	0.0
66.2	51.1	5.7	125.4	602.3	75.0	0	0.0
68.1	52.2	5.4	196.7	649.1	85.4	0	0.0
72.4	50.2	4.9	140.4	636.4	80.7	0	0.0
06	30	2014
76.5	51.6	12.4	171.9	579.7	57.3	0	0.0
71.3	61.6	17.5	203.3	452.9	50.6	2	0.0
64.5	51.5	11.2	244.7	622.2	70.6	12	0.0
61.5	52.4	5.1	134.5	389.8	45.8	5	0.0
59.0	41.8	4.7	157.9	675.4	86.5	0	0.0
62.3	40.1	3.3	129.2	593.9	64.1	0	0.0
69.1	45.9	3.8	105.8	525.7	59.9	0	0.0
68.0	49.0	8.0	127.7	487.6	35.4	0	0.0
68.2	47.1	7.9	138.5	621.2	67.2	0	0.0
68.4	51.3	8.0	70.4	294.1	22.9	6	0.0
64.5	59.3	7.8	101.2	335.1	17.3	91	0.0
59.6	54.3	6.8	181.5	386.8	37.5	0	0.0
56.8	43.7	9.4	253.1	493.5	57.8	0	0.0
61.6	41.8	4.6	109.6	586.8	63.0	0	0.0
71.7	52.8	13.5	150.4	426.3	41.1	0	0.0
71.7	58.3	7.5	201.2	615.7	60.9	0	0.0
72.0	63.4	10.3	168.5	495.5	43.1	34	0.0
69.0	63.1	7.8	144.6	373.2	32.2	203	0.0
72.5	59.6	9.5	70.8	412.5	36.8	0	0.0
63.7	56.2	9.3	87.3	282.7	18.0	8	0.0
67.9	60.8	4.6	124.3	481.1	21.9	2	0.0
71.0	64.3	3.7	144.9	442.7	41.7	11	0.0
69.9	64.9	4.8	138.8	366.3	33.3	16	0.0
71.3	64.8	4.3	207.6	434.4	30.6	7	0.0
69.7	63.9	5.5	175.9	359.4	25.4	0	0.0
68.0	61.8	3.4	171.9	421.9	44.7	0	0.0
75.9	62.4	7.2	138.3	564.5	56.2	0	0.0
78.3	66.5	9.3	147.1	527.5	64.6	0	0.0
77.2	67.1	15.2	191.3	499.9	41.0	0	0.0
74.7	67.1	14.7	198.4	440.7	24.3	22	0.0
07	31	2014
69.1	60.9	14.6	225.5	397.6	30.8	9	0.0
63.3	55.2	10.4	269.0	302.1	17.4	0	0.0
64.6	47.9	8.4	296.2	652.0	51.6	0	0.0
64.6	47.0	4.7	93.3	646.0	80.2	0	0.0
65.8	52.3	8.4	154.6	457.9	53.1	0	0.0
71.4	61.7	14.2	207.3	337.7	23.6	4	0.0
73.0	62.2	9.3	241.7	585.3	43.6	0	0.0
68.2	60.6	9.0	237.4	470.7	31.2	33	0.0
64.5	53.0	6.7	279.4	518.9	54.2	0	0.0
65.2	51.2	4.0	144.0	621.2	81.8	0	0.0
68.4	53.7	5.1	125.8	484.0	52.1	0	0.0
70.8	64.0	7.7	140.8	279.7	21.0	59	0.0
69.4	63.2	7.8	225.1	415.0	34.7	26	0.0
67.9	55.6	6.2	201.7	525.8	56.2	0	0.0
61.4	51.3	11.4	309.2	333.3	29.9	0	0.0
61.3	50.6	8.5	250.4	506.9	40.7	0	0.0
63.2	50.8	4.9	117.1	623.5	77.1	0	0.0
65.8	51.2	3.7	110.4	630.0	82.8	0	0.0
68.8	54.0	3.6	112.5	602.7	77.1	0	0.0
69.7	55.6	4.0	111.9	542.7	62.5	0	0.0
73.0	59.8	6.2	163.3	650.0	95.3	0	0.0
76.4	65.9	13.3	197.4	487.8	53.1	89	0.0
67.0	55.9	10.7	245.4	454.3	48.1	0	0.0
63.7	47.9	6.6	142.3	602.5	79.2	0	0.0
65.1	54.5	7.5	176.2	345.9	43.8	0	0.0
69.0	60.9	7.3	207.1	331.8	41.1	0	0.0
69.2	62.7	8.6	237.7	449.3	41.8	2	0.0
60.5	50.2	10.5	304.9	418.6	52.6	0	0.0
61.8	53.5	5.2	196.7	552.1	50.0	0	0.0
61.6	52.1	4.6	159.9	525.1	60.4	0	0.0
66.6	57.1	6.9	215.1	607.8	68.8	0	0.0
08	31	2014
68.8	58.9	4.3	175.2	623.1	85.9	0	0.0
66.5	56.2	3.5	139.2	585.2	84.9	0	0.0
67.7	57.6	4.6	139.6	566.9	72.3	0	0.0
71.2	61.9	3.5	116.0	497.9	51.1	0	0.0
72.0	62.3	4.9	148.8	370.5	37.5	3	0.0
69.9	56.1	5.4	161.2	495.3	60.9	0	0.0
70.7	54.2	4.5	133.1	548.4	69.8	0	0.0
72.0	55.2	7.0	94.6	496.7	63.5	0	0.0
70.4	55.2	7.6	75.2	580.1	77.1	0	0.0
74.0	59.0	6.3	77.9	464.3	62.0	0	0.0
71.4	65.4	4.3	107.1	307.4	20.1	29	0.0
62.9	58.4	10.2	302.6	252.8	13.5	7	0.0
64.8	51.5	6.3	190.1	509.2	78.8	0	0.0
60.2	46.0	9.2	256.0	565.2	77.6	0	0.0
61.1	49.6	6.0	160.4	544.1	78.7	0	0.0
69.6	62.1	9.0	198.3	421.1	38.5	8	0.0
70.2	62.0	5.4	94.7	348.9	25.5	0	0.0
69.3	61.8	6.2	152.2	354.8	42.2	0	0.0
70.3	65.7	8.2	178.2	289.9	33.8	32	0.0
70.0	63.2	3.8	177.7	487.3	60.8	0	0.0
71.6	65.5	3.9	92.2	281.5	36.1	5	0.0
75.8	69.8	4.9	129.8	315.0	31.2	0	0.0
75.0	65.2	8.5	89.2	325.4	51.6	0	0.0
75.3	65.7	9.6	100.1	316.7	44.1	0	0.0
74.3	68.5	6.9	153.7	240.5	26.4	30	0.0
70.5	64.6	5.4	226.7	303.9	48.3	15	0.0
67.0	56.1	4.3	133.5	382.9	52.6	0	0.0
65.0	50.9	6.3	96.7	441.5	65.6	0	0.0
70.1	62.0	10.1	137.9	294.0	37.1	34	0.0
74.9	67.2	14.4	204.2	333.4	39.2	0	0.0
72.3	65.6	5.2	158.7	441.5	70.3	0	0.0
09	30	2014
74.0	67.7	12.4	204.5	297.6	43.9	3	0.0
70.9	59.7	5.0	232.7	384.5	70.3	0	0.0
70.6	59.3	5.3	161.9	455.7	77.4	0	0.0
74.3	66.2	11.6	157.5	298.1	32.3	38	0.0
73.5	66.6	12.9	250.2	264.8	28.8	0	0.0
65.6	53.1	8.0	270.0	424.2	62.0	0	0.0
63.8	53.1	3.2	112.1	472.8	91.2	0	0.0
65.3	53.0	4.5	117.3	336.4	55.7	0	0.0
69.7	57.8	7.1	140.8	398.6	58.3	0	0.0
67.2	62.0	15.7	202.1	220.4	16.8	48	0.0
52.9	46.4	11.9	285.8	198.0	19.5	0	0.0
50.8	44.7	5.1	85.8	252.8	23.1	18	0.0
51.3	42.6	7.0	218.1	348.7	47.6	2	0.0
52.0	43.0	5.8	137.9	335.0	51.0	0	0.0
53.8	49.8	3.4	107.3	195.0	33.3	5	0.0
51.6	41.4	4.0	144.3	440.5	88.8	0	0.0
54.1	44.6	5.2	180.0	343.3	72.4	0	0.0
56.7	49.1	3.7	121.4	309.8	53.8	0	0.0
60.1	49.5	11.0	153.2	292.2	52.8	0	0.0
66.5	58.9	15.8	211.9	269.6	43.8	15	0.0
57.0	49.5	15.3	309.0	193.3	29.0	10	0.0
52.4	43.4	4.8	161.9	372.5	64.6	0	0.0
58.0	50.8	4.8	147.1	411.5	96.3	0	0.0
60.4	48.6	3.9	99.2	339.4	68.8	0	0.0
61.7	53.1	2.0	59.2	314.2	56.2	0	0.0
63.4	51.5	2.8	96.2	403.4	100.0	0	0.0
63.1	52.0	2.5	64.0	326.8	66.2	0	0.0
62.7	54.0	2.1	97.5	339.9	71.9	0	0.0
59.0	52.5	7.3	146.5	322.9	47.6	5	0.0
52.6	45.2	7.6	158.9	179.3	17.2	0	0.0
10	31	2014
56.5	48.8	6.3	111.2	184.8	24.0	0	0.0
64.6	57.6	9.7	147.6	176.2	13.7	25	0.0
57.9	51.2	16.3	245.6	154.2	7.9	64	0.0
46.4	35.9	14.2	273.2	145.5	7.3	24	0.0
50.6	33.8	12.8	247.3	244.2	18.8	0	0.0
53.2	42.3	7.0	197.4	171.9	29.2	7	0.0
57.1	47.1	13.3	225.5	201.6	36.1	0	0.0
52.6	36.7	10.5	215.8	307.5	71.9	0	0.0
46.6	36.0	5.5	186.0	305.5	82.3	0	0.0
45.4	35.3	4.7	115.4	277.3	58.3	0	0.0
44.3	35.4	3.6	94.0	303.3	87.5	0	0.0
50.1	35.1	8.5	125.2	281.5	59.9	0	0.0
60.3	55.6	8.1	114.5	131.1	11.3	5	0.0
63.6	58.8	8.9	170.5	152.4	10.2	37	0.0
58.4	53.5	5.8	118.1	157.9	10.6	18	0.0
55.5	51.9	6.1	205.8	131.5	6.9	2	0.0
54.6	48.2	14.3	271.6	159.7	15.8	0	0.0
44.9	37.1	11.5	333.2	140.7	25.9	3	0.0
44.1	36.0	9.6	144.0	167.6	37.3	3	0.0
53.1	46.0	9.5	282.1	155.8	27.4	1	0.0
47.6	38.2	9.5	168.1	156.0	41.1	0	0.0
40.5	31.8	3.6	106.2	279.8	95.8	0	0.0
44.3	38.1	5.0	117.2	193.5	48.2	0	0.0
52.9	47.4	5.6	183.6	111.0	11.1	0	0.0
58.0	45.4	12.6	265.8	249.9	70.3	0	0.0
48.6	34.9	5.7	186.7	247.9	84.9	0	0.0
61.3	46.7	14.0	160.2	166.2	35.4	0	0.0
56.8	43.9	16.8	250.6	209.7	34.4	0	0.0
46.6	35.1	10.1	248.7	109.0	10.9	1	0.0
47.7	37.0	6.8	188.1	121.2	11.5	0	0.0
38.7	29.9	15.0	152.6	95.3	6.2	13	0.0
11	30	2014
33.9	19.9	8.0	119.4	236.9	91.2	0	0.0
37.9	27.4	6.5	121.2	202.3	61.5	0	0.0
53.1	36.7	16.5	199.0	146.9	21.9	0	0.0
51.5	42.5	17.8	230.9	93.2	25.9	9	0.0
46.5	34.1	11.0	216.0	152.3	43.2	2	0.0
43.6	37.7	12.1	281.8	90.2	8.0	13	0.0
39.1	31.3	6.6	173.8	88.4	9.0	0	0.0
42.6	31.9	13.7	269.3	91.8	10.8	9	0.0
42.5	31.7	13.6	207.3	90.5	16.7	3	0.0
47.7	37.0	10.1	113.8	91.2	24.0	3	0.0
45.9	37.4	14.8	249.9	83.7	8.2	20	0.0
32.4	19.6	12.7	284.5	86.6	7.3	0	0.0
29.1	20.6	10.8	252.7	109.4	14.8	26	65.3
29.7	19.7	8.0	270.0	84.2	7.1	6	15.2
29.8	18.2	7.5	238.1	84.7	10.8	3	8.2
32.4	23.5	12.4	245.4	81.8	5.7	4	10.4
22.5	13.1	15.9	270.8	77.9	9.6	1	10.7
20.8	11.5	17.6	268.6	69.9	5.2	1	5.3
24.3	14.4	17.7	228.7	72.3	6.2	6	24.8
23.5	12.1	18.2	295.4	72.9	3.8	2	9.5
24.4	12.7	8.5	161.5	112.4	35.5	0	0.0
41.6	36.2	16.6	204.8	75.4	5.7	17	0.0
50.9	45.4	14.0	156.0	83.2	9.2	63	0.0
41.9	38.5	15.8	218.8	69.9	6.9	77	9.3
30.8	22.1	11.3	265.1	72.6	5.9	3	8.1
30.1	22.4	4.8	104.4	71.8	8.3	0	0.0
26.5	19.2	8.1	254.2	69.3	9.0	5	13.3
23.8	16.7	9.0	138.3	62.1	6.2	4	17.2
39.4	31.1	14.3	165.6	109.3	21.9	0	0.0
42.1	37.1	13.6	280.7	65.1	7.3	0	0.0
12	31	2014
21.3	9.7	12.7	256.5	88.8	42.2	0	0.0
25.8	16.9	11.2	149.3	106.5	41.7	1	0.0
33.1	20.3	14.5	274.6	121.8	40.1	1	0.0
27.1	13.4	6.3	106.2	76.6	30.7	0	0.0
34.2	25.2	4.6	100.5	65.3	7.6	0	0.0
35.7	23.2	8.9	122.9	136.6	57.8	0	0.0
29.2	18.1	8.0	95.4	93.0	51.6	0	0.0
33.6	28.9	7.0	147.9	56.2	25.7	22	27.9
35.4	30.4	8.2	270.7	63.2	7.3	0	0.0
30.9	21.9	8.0	180.8	127.6	47.9	0	0.0
31.7	25.4	8.3	280.4	104.5	55.6	0	0.0
34.7	30.9	8.2	274.4	58.8	8.2	0	0.0
40.0	37.5	9.3	246.5	102.8	21.2	2	0.0
45.6	43.3	7.2	207.4	58.2	6.2	0	0.0
46.5	43.4	8.8	159.8	63.6	28.8	1	0.0
41.4	39.1	8.7	239.1	69.4	7.3	5	0.6
30.6	21.0	13.4	299.0	60.6	8.3	0	0.0
32.1	25.5	6.1	230.3	60.5	9.4	1	1.5
25.9	17.7	3.3	133.1	134.9	95.3	0	0.0
25.9	21.2	4.6	98.5	60.2	32.3	0	0.0
33.3	27.2	8.6	144.7	60.1	11.5	0	0.0
34.1	27.8	11.5	114.2	64.8	25.3	25	0.0
41.0	37.4	10.1	122.4	87.3	28.1	22	0.0
38.3	35.8	5.9	173.5	52.9	5.7	38	0.0
37.9	30.8	14.6	236.9	65.3	22.9	1	0.0
40.8	35.9	9.6	175.5	92.0	46.9	0	0.0
42.7	38.2	15.4	224.3	62.2	7.8	5	0.0
32.1	22.4	7.7	271.2	93.8	25.2	1	0.0
25.7	12.9	9.3	212.3	117.4	34.9	0	0.0
19.8	7.4	11.0	253.7	60.6	11.5	0	0.0
18.2	7.7	16.9	263.3	69.2	10.4	0	0.0
