   1    31    1976
22.8	19.0	9.5	95.8	91.1	95.0	.0	.0	
29.3	25.5	13.1	175.4	78.2	98.0	.0	22.9	
24.7	21.7	10.8	275.0	105.9	89.0	.0	15.2	
9.9	6.5	10.0	294.2	153.6	47.0	.0	.0	
12.9	7.6	10.3	204.6	142.0	78.0	.0	.0	
20.2	14.9	10.8	192.9	107.0	98.0	.0	33.0	
8.8	6.2	11.4	299.6	115.4	66.0	.0	2.5	
.7	-6.8	9.8	237.1	150.6	36.0	.0	.0	
8.0	3.5	10.4	249.6	127.1	63.0	.0	.0	
11.9	8.2	5.4	184.2	173.2	84.0	.0	.0	
22.8	22.7	11.4	102.5	101.3	98.0	.0	86.4	
20.5	19.1	9.8	207.5	120.1	93.0	.0	.0	
25.1	23.1	9.1	247.1	103.0	95.0	.0	.0	
19.0	13.5	14.0	284.6	124.3	63.0	.0	.0	
10.5	5.0	9.2	197.5	140.3	61.0	.0	12.7	
15.6	13.3	13.0	301.7	124.4	75.0	.0	12.7	
-2.7	-6.8	8.0	259.2	173.1	27.0	.0	.0	
3.2	-2.8	8.2	184.2	120.0	70.0	.0	.0	
17.8	14.4	12.6	188.3	118.7	98.0	.0	48.3	
20.4	17.9	10.7	258.3	149.6	95.0	.0	12.7	
17.6	16.1	12.6	269.6	142.0	91.0	.0	45.7	
-1.9	-7.1	11.8	315.0	183.4	44.0	.0	12.7	
1.5	-1.8	3.3	172.9	126.1	96.0	.0	30.5	
13.3	12.7	8.3	106.7	126.6	97.0	.0	5.1	
20.8	20.5	9.8	125.8	111.8	98.0	.0	76.2	
25.0	23.8	7.6	242.5	167.9	91.0	.0	.0	
16.5	12.3	6.8	250.4	207.7	47.0	.0	.0	
12.9	10.1	10.0	195.0	124.0	89.0	.0	5.1	
15.3	11.9	11.7	253.3	185.7	86.0	.0	2.5	
5.1	2.7	5.3	120.0	170.1	59.0	.0	12.7	
14.3	11.5	9.3	182.5	158.0	89.0	.0	2.5	
   2    29    1976
8.6	5.0	16.9	273.3	175.5	95.0	.0	15.2	
-2.0	-8.8	11.5	267.1	245.0	33.0	.0	5.1	
14.0	9.6	11.4	208.3	164.0	98.0	.0	17.8	
14.0	9.5	11.1	287.1	202.3	65.0	.0	5.1	
11.2	4.5	6.1	293.8	250.7	85.0	.0	.0	
11.9	5.6	10.4	267.1	239.6	48.0	.0	.0	
19.1	14.4	11.9	229.2	166.3	87.0	.0	2.5	
23.1	19.7	14.9	297.1	190.6	83.0	.0	17.8	
24.0	17.5	12.6	187.9	212.8	78.0	.0	.0	
33.7	31.9	8.5	258.8	120.5	94.0	36.0	.0	
23.1	20.5	10.9	273.3	213.7	57.0	.0	5.1	
30.3	25.8	11.2	190.8	204.9	96.0	.0	5.1	
28.4	20.3	12.6	284.6	288.0	68.0	.0	.0	
23.7	16.9	8.4	178.3	280.1	34.0	.0	.0	
36.2	33.6	12.2	217.5	129.9	98.0	26.0	.0	
30.4	29.1	10.8	152.9	194.2	98.0	.0	50.8	
27.6	26.8	10.1	223.8	184.2	98.0	.0	38.1	
31.0	30.9	11.9	164.6	150.8	98.0	.0	101.6	
31.5	29.5	12.5	289.6	211.2	98.0	.0	.0	
28.9	26.0	6.5	183.8	211.4	73.0	.0	.0	
28.6	28.6	10.8	123.3	183.9	98.0	.0	94.0	
16.1	13.0	11.9	292.5	324.3	42.0	.0	2.5	
11.9	7.8	9.0	188.8	201.7	29.0	.0	.0	
35.5	29.9	6.5	190.4	324.8	25.0	.0	.0	
34.7	28.0	5.7	182.1	316.6	27.0	.0	.0	
33.6	30.5	5.5	150.8	294.7	53.0	.0	.0	
30.4	25.6	11.2	176.7	206.6	84.0	.0	.0	
25.9	22.6	9.6	237.9	252.4	96.0	.0	.0	
30.6	26.1	12.4	255.4	242.8	98.0	.0	50.8	
   3    31    1976
18.0	15.4	14.2	48.8	191.0	98.0	.0	114.3	
20.2	18.0	18.3	71.3	251.8	98.0	.0	139.7	
29.1	27.9	8.8	197.9	223.1	98.0	.0	88.9	
28.0	26.5	10.0	127.1	199.0	98.0	.0	218.4	
31.0	26.9	13.5	223.8	221.7	91.0	.0	53.3	
22.9	14.9	11.0	242.9	352.0	88.0	.0	5.1	
21.0	11.9	13.3	275.0	338.8	52.0	.0	2.5	
19.2	8.7	8.2	242.9	367.1	30.0	.0	.0	
26.2	18.9	5.0	142.1	356.9	92.0	.0	.0	
27.6	22.4	8.9	246.7	276.5	79.0	.0	5.1	
20.6	12.5	8.6	192.5	422.0	41.0	.0	.0	
30.0	27.6	12.7	171.3	172.6	98.0	.0	104.1	
21.8	15.3	14.4	308.3	400.6	53.0	.0	27.9	
28.5	21.6	12.8	248.3	317.7	76.0	.0	2.5	
23.4	15.2	10.7	232.9	429.2	39.0	.0	.0	
20.7	14.4	12.6	275.4	364.3	74.0	.0	10.2	
13.2	2.7	10.4	285.8	468.4	46.0	.0	2.5	
27.6	23.6	9.1	177.9	266.0	98.0	.0	12.7	
44.8	33.4	6.5	153.8	485.8	69.0	.0	.0	
51.7	46.7	13.1	199.6	271.6	93.0	5.0	.0	
25.1	16.5	15.4	283.8	304.2	80.0	.0	.0	
23.3	9.9	10.5	235.0	460.2	32.0	.0	.0	
41.8	26.0	13.6	223.3	481.1	51.0	.0	.0	
51.6	37.0	13.1	216.7	447.3	80.0	.0	.0	
40.0	28.4	8.7	215.8	408.1	55.0	.0	.0	
49.1	42.8	13.9	158.8	245.3	71.0	8.0	.0	
37.8	35.3	14.8	287.1	180.7	90.0	55.0	.0	
32.7	25.7	10.7	212.9	494.4	27.0	.0	.0	
36.6	31.1	12.4	122.5	247.3	89.0	1.0	.0	
41.8	39.3	12.6	150.8	184.3	93.0	61.0	.0	
40.9	36.0	10.2	238.3	226.4	98.0	4.0	.0	
   4    30    1976
33.9	33.4	8.8	299.2	258.5	98.0	43.0	.0	
36.4	32.5	8.2	270.0	345.6	73.0	2.0	.0	
34.5	30.1	8.4	148.3	235.0	67.0	.0	.0	
35.7	18.3	11.0	183.8	549.6	13.0	.0	.0	
41.5	19.4	10.0	271.3	479.6	23.0	.0	.0	
40.3	26.0	8.2	270.4	391.4	43.0	.0	.0	
34.9	23.5	7.8	212.5	393.6	28.0	.0	.0	
31.4	18.4	9.2	163.8	547.0	11.0	.0	.0	
37.0	21.0	5.4	147.5	562.8	17.0	.0	.0	
45.2	30.3	13.5	268.3	331.3	58.0	4.0	.0	
26.9	13.3	15.8	304.2	551.6	35.0	.0	.0	
35.2	12.9	9.8	264.2	555.7	14.0	.0	.0	
44.0	25.5	6.3	183.3	574.2	15.0	.0	.0	
53.4	33.5	7.5	119.6	401.1	65.0	.0	.0	
64.4	55.0	10.4	216.3	389.9	86.0	40.0	.0	
68.3	51.5	8.0	169.6	478.5	66.0	.0	.0	
72.5	55.1	10.4	194.2	386.1	85.0	.0	.0	
73.0	51.7	11.3	209.6	573.5	46.0	14.0	.0	
56.0	43.0	10.2	226.3	554.6	50.0	.0	.0	
45.1	34.6	6.9	186.3	380.5	82.0	.0	.0	
47.3	40.7	8.9	101.3	341.9	98.0	28.0	.0	
47.7	41.9	14.5	247.5	261.6	98.0	.0	.0	
45.2	31.6	9.4	222.9	546.1	77.0	.0	.0	
42.3	31.3	10.2	87.5	275.0	98.0	.0	.0	
39.0	23.4	16.5	40.8	308.8	85.0	.0	.0	
33.6	22.1	14.9	281.3	296.3	95.0	.0	.0	
40.0	29.8	12.8	310.4	341.1	90.0	.0	.0	
44.6	26.7	11.1	313.3	638.6	3.0	.0	.0	
45.2	24.8	8.1	251.7	575.7	38.0	.0	.0	
51.0	37.0	8.8	202.9	290.5	89.0	2.0	.0	
   5    31    1976
48.4	40.8	8.7	215.4	448.5	61.0	7.0	.0	
40.6	37.5	9.0	230.0	269.5	95.0	30.0	.0	
35.4	28.0	14.3	287.1	300.8	90.0	7.0	.0	
47.2	26.3	11.1	227.5	581.3	49.0	.0	.0	
50.3	40.0	12.1	265.0	218.6	93.0	45.0	.0	
38.3	27.1	8.1	195.4	369.1	85.0	.0	.0	
40.8	25.0	8.4	254.2	458.7	40.0	.0	.0	
48.2	25.2	10.6	248.8	586.6	33.0	.0	.0	
56.8	36.2	10.0	248.3	648.3	10.0	.0	.0	
58.5	40.9	10.6	198.3	567.6	59.0	39.0	.0	
44.0	34.1	12.1	326.3	422.4	41.0	.0	.0	
45.2	28.7	6.9	217.1	666.6	2.0	.0	.0	
51.9	33.3	7.4	143.3	499.1	80.0	9.0	.0	
55.4	46.7	8.1	167.9	598.7	56.0	3.0	.0	
53.6	43.6	6.0	75.8	427.8	85.0	.0	.0	
58.5	54.0	7.9	163.8	324.9	98.0	70.0	.0	
48.9	43.5	13.4	325.8	264.6	98.0	11.0	.0	
46.1	32.4	12.1	255.0	513.0	69.0	.0	.0	
49.7	29.0	11.7	301.3	697.8	15.0	.0	.0	
60.7	40.9	9.1	245.8	605.6	28.0	.0	.0	
54.0	37.5	14.1	318.3	703.4	13.0	.0	.0	
49.6	37.5	10.5	317.1	371.9	60.0	.0	.0	
49.0	37.2	7.8	246.3	503.5	49.0	.0	.0	
51.0	39.9	10.2	167.9	589.4	56.0	.0	.0	
52.2	42.8	6.7	105.8	400.0	68.0	.0	.0	
55.3	42.8	6.9	197.9	589.9	57.0	.0	.0	
58.1	44.0	6.4	135.0	669.1	49.0	.0	.0	
58.0	46.7	6.8	115.8	584.0	84.0	.0	.0	
59.3	53.4	5.5	99.6	342.9	98.0	9.0	.0	
58.8	55.2	7.3	95.4	329.4	98.0	13.0	.0	
59.0	55.7	5.4	122.9	322.3	98.0	.0	.0	
   6    30    1976
58.0	38.5	8.8	57.9	732.1	10.0	.0	.0	
57.9	37.5	6.3	178.3	708.5	2.0	.0	.0	
63.9	44.3	4.9	127.5	737.4	2.0	.0	.0	
63.6	50.1	5.6	169.6	723.8	2.0	.0	.0	
60.3	43.3	5.9	112.9	697.9	25.0	.0	.0	
67.0	48.1	6.9	223.8	685.1	2.0	.0	.0	
73.0	50.9	8.3	282.1	726.6	2.0	.0	.0	
73.6	57.6	7.0	222.5	500.5	59.0	.0	.0	
68.8	60.6	6.3	181.7	619.4	60.0	4.0	.0	
75.9	57.5	10.0	228.8	549.7	73.0	.0	.0	
72.2	57.0	11.7	228.8	719.3	45.0	.0	.0	
58.4	46.5	10.7	105.0	671.3	35.0	.0	.0	
74.9	57.8	9.2	166.3	626.5	55.0	.0	.0	
71.7	61.1	7.6	155.8	619.1	48.0	.0	.0	
73.2	62.8	10.5	195.0	429.8	78.0	71.0	.0	
61.6	53.0	9.6	262.1	347.1	68.0	.0	.0	
56.8	50.9	6.9	182.1	436.7	54.0	.0	.0	
67.0	59.5	10.4	160.4	562.3	61.0	22.0	.0	
60.4	51.4	8.6	281.7	673.9	37.0	12.0	.0	
66.2	53.5	6.9	204.2	682.5	9.0	.0	.0	
68.8	54.9	5.5	141.7	643.8	62.0	.0	.0	
69.9	58.8	6.6	146.7	584.1	44.0	.0	.0	
67.5	60.5	7.4	117.1	691.4	28.0	.0	.0	
64.4	60.9	6.4	95.8	334.2	88.0	3.0	.0	
69.2	58.7	8.6	210.0	576.4	54.0	4.0	.0	
68.7	58.2	8.5	236.3	532.6	34.0	15.0	.0	
69.5	59.2	8.3	236.3	598.7	23.0	.0	.0	
59.4	55.8	7.5	115.4	315.1	79.0	15.0	.0	
62.5	59.3	5.5	147.5	351.5	98.0	.0	.0	
59.7	58.1	14.0	41.7	204.9	98.0	136.0	.0	
   7    31    1976
64.1	54.9	11.4	312.1	321.5	98.0	5.0	.0	
64.0	54.9	8.6	318.3	335.2	97.0	.0	.0	
68.8	56.3	9.3	225.0	632.6	51.0	.0	.0	
70.0	57.7	6.5	239.6	719.6	6.0	.0	.0	
72.0	56.9	6.6	226.3	672.4	4.0	.0	.0	
74.4	60.4	7.0	188.8	715.3	8.0	.0	.0	
69.1	63.4	7.4	268.8	345.7	57.0	22.0	.0	
65.0	57.2	7.2	180.8	671.1	2.0	.0	.0	
67.3	59.5	9.4	177.9	578.4	45.0	47.0	.0	
74.5	71.2	7.6	140.0	568.3	83.0	2.0	.0	
74.2	66.5	12.5	290.4	636.3	53.0	.0	.0	
61.7	48.0	14.1	319.6	719.7	10.0	.0	.0	
64.4	51.2	9.4	273.3	622.6	40.0	.0	.0	
62.9	61.4	7.6	128.8	462.8	62.0	34.0	.0	
70.3	65.2	5.9	167.9	602.0	43.0	49.0	.0	
62.0	54.8	10.4	289.6	547.3	45.0	1.0	.0	
62.2	51.5	10.2	262.1	531.3	29.0	.0	.0	
69.4	56.1	8.5	246.7	548.2	40.0	.0	.0	
75.0	60.9	9.9	223.8	499.7	81.0	.0	.0	
72.2	66.1	11.6	258.3	300.9	77.0	21.0	.0	
65.2	58.4	5.6	172.5	604.8	30.0	.0	.0	
66.3	58.1	7.4	123.3	671.4	9.0	.0	.0	
70.4	66.0	6.5	192.5	512.3	40.0	22.0	.0	
63.7	56.2	8.0	196.7	558.3	17.0	.0	.0	
63.1	54.9	6.3	160.4	523.6	50.0	.0	.0	
74.3	64.8	9.5	254.2	441.3	48.0	.0	.0	
70.8	56.8	8.3	283.8	644.5	9.0	.0	.0	
61.7	57.5	6.1	110.4	311.2	85.0	.0	.0	
68.8	61.3	6.6	104.6	583.5	67.0	.0	.0	
71.2	59.1	6.0	195.0	543.7	52.0	.0	.0	
64.8	55.0	11.3	308.3	437.1	56.0	.0	.0	
   8    31    1976
62.4	49.6	7.3	284.6	526.0	29.0	2.0	.0	
61.2	46.7	7.4	178.8	562.7	45.0	.0	.0	
69.9	49.3	8.7	238.3	616.2	11.0	.0	.0	
68.4	52.2	7.5	212.5	360.9	67.0	1.0	.0	
62.8	58.7	9.3	222.1	261.0	82.0	16.0	.0	
58.9	45.2	5.8	79.6	642.5	4.0	.0	.0	
61.5	48.0	5.7	155.0	611.4	33.0	.0	.0	
65.2	50.7	7.5	227.1	557.9	41.0	.0	.0	
65.9	52.6	6.2	175.8	623.0	18.0	.0	.0	
66.8	54.5	6.3	160.4	379.3	62.0	.0	.0	
77.5	65.0	9.1	197.1	536.6	75.0	.0	.0	
72.7	68.7	7.2	207.9	331.4	96.0	120.0	.0	
66.6	64.5	7.8	221.7	277.3	98.0	9.0	.0	
59.7	56.5	8.0	113.3	321.7	88.0	5.0	.0	
60.1	49.9	8.8	300.4	581.1	15.0	.0	.0	
62.8	49.4	9.4	289.6	609.4	10.0	.0	.0	
66.3	54.0	7.0	261.3	597.6	8.0	.0	.0	
68.3	56.6	6.5	174.2	582.5	34.0	.0	.0	
76.6	63.4	9.3	197.9	463.4	83.0	.0	.0	
77.5	64.6	6.9	195.0	567.2	31.0	.0	.0	
74.4	64.4	5.6	170.4	592.8	4.0	.0	.0	
74.4	61.1	8.8	276.3	580.9	5.0	.0	.0	
67.3	56.8	7.7	97.5	586.4	2.0	.0	.0	
61.3	54.1	4.3	99.6	558.3	5.0	.0	.0	
66.0	60.1	4.9	111.7	417.3	72.0	1.0	.0	
71.2	66.9	6.0	177.1	264.9	88.0	69.0	.0	
77.4	67.9	9.6	192.1	490.9	38.0	.0	.0	
69.2	51.8	12.2	266.7	526.5	29.0	.0	.0	
51.2	41.3	10.9	305.4	352.9	37.0	.0	.0	
50.6	43.7	6.7	200.4	502.5	10.0	.0	.0	
61.9	55.1	6.5	203.8	338.0	68.0	31.0	.0	
   9    30    1976
54.3	48.7	9.7	313.3	353.6	65.0	4.0	.0	
53.2	47.2	8.1	168.8	482.5	15.0	.0	.0	
68.9	56.0	12.8	200.4	447.5	65.0	4.0	.0	
60.6	53.8	9.0	235.0	284.2	61.0	.0	.0	
55.0	43.8	10.8	312.5	459.2	58.0	.0	.0	
59.1	46.3	6.0	183.8	491.2	5.0	.0	.0	
70.6	55.6	7.4	181.3	512.9	3.0	.0	.0	
69.8	61.1	3.8	103.8	472.7	8.0	.0	.0	
57.2	56.6	9.9	286.7	143.4	78.0	52.0	.0	
55.0	48.0	10.1	277.9	204.1	83.0	37.0	.0	
60.8	51.0	7.1	268.3	444.3	35.0	.0	.0	
67.5	51.9	6.6	193.8	457.1	43.0	.0	.0	
72.2	53.2	9.9	214.6	410.1	51.0	.0	.0	
67.1	59.0	9.3	254.2	306.4	51.0	6.0	.0	
55.8	54.8	7.6	206.3	190.2	98.0	.0	.0	
60.5	55.7	7.1	150.0	301.0	62.0	.0	.0	
60.9	53.2	6.8	292.1	418.8	19.0	.0	.0	
62.4	54.2	7.3	280.4	458.8	8.0	.0	.0	
63.4	56.6	6.0	172.9	315.2	61.0	2.0	.0	
52.2	50.6	9.3	233.3	159.3	80.0	14.0	.0	
44.7	41.5	10.2	272.1	233.0	85.0	.0	.0	
45.0	39.1	10.0	260.8	232.7	96.0	2.0	.0	
46.1	37.2	12.9	254.2	305.8	46.0	9.0	.0	
47.6	34.6	8.3	232.5	352.9	42.0	.0	.0	
43.1	36.6	6.6	178.8	367.1	22.0	.0	.0	
47.8	44.8	3.2	60.8	291.8	69.0	.0	.0	
48.6	46.4	6.9	186.7	178.3	97.0	.0	.0	
47.4	36.5	7.1	228.8	391.6	39.0	.0	.0	
55.0	44.4	9.4	244.2	369.0	23.0	.0	.0	
48.6	44.0	4.6	106.3	392.8	13.0	.0	.0	
  10    31    1976
55.5	43.1	4.8	112.5	406.9	2.0	.0	.0	
54.5	45.5	3.2	87.5	394.7	2.0	.0	.0	
50.5	40.7	5.3	121.3	398.2	2.0	.0	.0	
56.3	48.7	8.2	120.4	292.0	63.0	.0	.0	
56.2	49.9	10.0	250.8	183.4	95.0	37.0	.0	
44.7	36.9	11.8	305.0	168.0	95.0	45.0	.0	
39.2	27.8	6.0	162.5	197.0	90.0	.0	.0	
40.3	28.8	4.8	162.5	299.2	69.0	.0	.0	
42.2	29.2	8.8	244.6	300.5	90.0	.0	.0	
45.9	32.5	6.0	165.4	284.3	67.0	.0	.0	
52.6	41.7	8.7	152.9	263.8	76.0	.0	.0	
56.3	43.8	9.4	197.9	242.5	70.0	.0	.0	
48.6	40.9	10.8	279.6	192.0	65.0	9.0	.0	
43.7	34.1	10.0	233.3	192.0	55.0	.0	.0	
46.5	34.9	11.2	263.8	115.0	70.0	.0	.0	
36.4	27.9	9.8	300.4	154.8	75.0	.0	.0	
34.2	21.9	9.8	307.5	159.4	80.0	.0	.0	
36.0	22.6	6.2	211.3	154.8	97.0	.0	.0	
35.6	33.2	3.0	107.5	98.7	98.0	19.0	.0	
39.6	36.1	4.8	199.6	132.3	98.0	12.0	.0	
37.0	33.3	9.8	257.9	141.4	95.0	10.0	.0	
35.5	31.0	11.0	265.0	189.2	78.0	12.0	.0	
34.5	25.1	5.8	190.0	271.2	63.0	.0	.0	
41.0	32.0	9.5	87.9	110.7	98.0	.0	.0	
37.3	25.4	9.4	246.3	173.4	96.0	.0	.0	
31.5	18.1	10.7	144.2	144.1	98.0	.0	.0	
29.0	17.5	7.7	265.8	268.9	48.0	.0	5.1	
40.6	24.6	14.1	235.0	218.4	71.0	.0	.0	
45.2	33.9	10.7	224.6	267.8	12.0	.0	.0	
43.2	39.0	7.4	138.3	91.1	91.0	38.0	.0	
38.8	26.0	12.7	179.2	264.0	48.0	30.0	.0	
  11    30    1976
35.5	24.2	4.6	170.8	259.6	23.0	.0	.0	
40.9	30.3	10.5	210.0	118.6	63.0	1.0	.0	
33.9	25.0	6.0	203.8	187.9	62.0	.0	.0	
32.5	29.4	7.1	220.4	120.0	96.0	6.0	.0	
36.7	28.3	9.1	261.7	113.4	90.0	.0	.0	
37.5	27.7	11.7	258.8	106.5	94.0	.0	.0	
28.0	20.8	12.4	301.3	139.5	85.0	.0	15.2	
21.0	10.1	9.9	262.5	178.3	72.0	.0	.0	
30.9	23.3	8.1	222.5	160.4	91.0	.0	5.1	
28.5	21.7	10.7	299.6	109.7	95.0	.0	2.5	
28.8	19.5	8.9	273.3	116.9	81.0	.0	.0	
30.3	23.3	8.8	273.8	115.3	84.0	.0	.0	
35.3	22.9	12.3	260.8	178.9	57.0	.0	.0	
33.0	20.7	10.1	256.7	191.2	26.0	.0	.0	
30.6	19.8	6.9	252.5	213.2	3.0	.0	.0	
35.2	23.5	7.6	230.0	206.0	2.0	.0	.0	
34.9	28.5	11.7	208.3	112.1	48.0	.0	.0	
36.6	27.7	9.2	247.1	80.4	52.0	.0	.0	
36.5	26.8	9.7	285.8	92.1	65.0	2.0	.0	
29.0	22.4	6.2	191.7	93.4	98.0	.0	.0	
24.3	15.5	11.5	306.3	87.5	91.0	.0	.0	
29.1	22.0	12.9	280.8	92.6	98.0	.0	5.1	
29.5	22.8	10.4	265.4	75.1	98.0	.0	.0	
26.4	17.0	8.8	242.5	124.6	95.0	.0	.0	
30.8	27.1	7.8	159.2	74.2	95.0	.0	12.7	
37.5	35.0	8.2	229.2	90.4	98.0	1.0	.0	
32.4	30.5	8.5	241.7	113.8	98.0	53.0	.0	
17.8	9.9	11.1	251.7	154.0	48.0	.0	.0	
8.8	.4	10.3	232.5	147.3	31.0	.0	.0	
10.4	1.2	11.8	230.4	147.4	30.0	.0	.0	
  12    31    1976
12.4	5.0	10.3	232.1	140.7	58.0	.0	.0	
3.2	-5.8	12.2	281.7	160.0	47.0	.0	.0	
7.6	-.4	4.7	183.8	91.1	76.0	.0	.0	
16.7	11.2	7.0	265.4	159.4	53.0	.0	.0	
20.0	14.9	7.0	218.8	101.7	66.0	.0	.0	
26.3	23.7	9.4	205.0	89.7	98.0	.0	33.0	
10.3	4.3	10.1	254.6	134.8	55.0	.0	.0	
5.9	-2.8	8.5	244.2	133.1	30.0	.0	.0	
12.1	6.6	6.9	141.3	95.0	90.0	.0	10.2	
27.7	20.8	14.2	233.8	107.1	90.0	.0	.0	
16.6	7.7	10.9	207.1	106.5	68.0	.0	.0	
21.4	16.4	11.0	284.6	82.9	98.0	.0	33.0	
6.3	-3.7	8.5	237.1	159.7	40.0	.0	.0	
32.3	21.9	13.6	223.3	163.9	63.0	.0	.0	
32.1	27.5	5.8	165.0	88.5	84.0	.0	.0	
28.3	27.0	5.5	190.8	85.6	98.0	.0	.0	
30.1	25.0	11.8	283.8	101.9	98.0	.0	2.5	
24.9	19.3	8.4	179.6	129.6	55.0	.0	.0	
27.1	25.3	3.9	58.8	72.7	85.0	.0	.0	
19.2	16.7	14.5	257.1	106.3	98.0	.0	25.4	
8.0	-.4	11.6	289.6	104.2	73.0	.0	.0	
18.9	13.2	10.8	196.3	89.2	98.0	.0	2.5	
16.2	9.6	10.5	271.7	113.9	88.0	.0	2.5	
17.4	9.5	10.6	191.3	88.9	95.0	.0	.0	
22.6	17.6	5.8	250.8	95.1	79.0	.0	.0	
14.5	10.6	8.8	290.0	131.9	84.0	.0	2.5	
7.5	3.3	4.9	156.3	101.5	68.0	.0	17.8	
8.1	.4	8.0	281.7	107.3	90.0	.0	2.5	
2.9	-5.1	6.5	276.3	114.3	95.0	.0	5.1	
-.3	-8.6	7.2	263.8	145.6	63.0	.0	.0	
6.5	-1.9	11.2	265.0	109.5	89.0	.0	17.8	
