   1    31    1968
3.1	-10.2	4.6	206.3	224.5	4.0	.0	.0	
21.8	13.0	3.4	113.8	110.4	94.0	.0	.0	
20.2	13.4	5.9	267.5	121.2	83.0	.0	.0	
8.8	-4.7	9.7	268.8	191.9	24.0	.0	.0	
15.2	-3.8	6.1	142.5	191.5	57.0	.0	.0	
22.7	13.0	5.6	240.0	107.1	98.0	.0	17.8	
-1.5	-16.1	8.5	290.0	235.2	8.0	.0	.0	
5.1	-11.4	5.9	90.0	151.2	67.0	.0	.0	
20.6	11.6	7.5	215.0	113.8	98.0	.0	35.6	
20.1	11.0	8.8	112.5	175.0	78.0	.0	.0	
20.4	7.6	13.8	70.0	216.0	32.0	.0	.0	
23.3	9.3	10.2	93.8	119.2	98.0	.0	25.4	
31.5	24.3	8.2	63.8	155.5	98.0	.0	114.3	
28.8	21.3	6.1	190.0	155.9	98.0	.0	109.2	
27.9	18.6	11.5	320.0	211.1	63.0	.0	5.1	
11.4	2.5	4.7	232.5	235.6	44.0	.0	.0	
23.8	15.9	7.5	183.8	247.5	2.0	.0	.0	
32.4	18.6	7.9	186.3	246.2	28.0	.0	.0	
33.5	22.5	7.6	252.5	256.6	52.0	1.0	.0	
34.4	23.7	7.9	231.3	131.6	68.0	.0	.0	
34.6	33.7	6.6	235.0	145.6	98.0	.0	.0	
35.0	34.4	7.8	217.5	135.2	98.0	.0	.0	
28.9	24.6	12.8	335.0	168.9	71.0	.0	.0	
17.8	4.9	8.2	162.5	248.8	25.0	.0	.0	
20.8	12.0	7.7	121.3	257.3	3.0	.0	.0	
32.7	19.8	7.8	140.0	209.7	35.0	.0	.0	
43.9	33.5	8.1	165.0	148.9	85.0	.0	.0	
45.4	43.2	7.6	188.8	133.2	98.0	17.0	.0	
48.4	47.1	8.8	182.5	112.7	98.0	107.0	.0	
38.7	35.7	10.2	162.5	142.6	98.0	50.0	.0	
40.5	37.8	8.8	132.5	134.8	98.0	.0	.0	
   2    29    1968
53.7	50.9	11.5	183.8	125.0	98.0	110.0	.0	
34.8	29.8	15.8	268.8	148.5	83.0	30.0	.0	
31.0	20.3	7.3	300.0	260.2	38.0	.0	.0	
32.2	21.2	6.6	52.5	168.3	55.0	.0	.0	
34.4	19.5	7.5	57.5	193.2	79.0	.0	.0	
34.9	18.5	4.8	231.3	300.2	25.0	.0	.0	
32.4	27.0	9.5	306.3	169.4	91.0	.0	.0	
30.5	24.5	10.8	318.8	142.6	97.0	.0	.0	
23.2	14.1	14.8	278.8	226.0	63.0	.0	2.5	
9.9	-4.1	11.1	300.0	299.8	24.0	.0	.0	
12.3	-4.0	11.1	277.5	300.8	28.0	.0	.0	
16.1	.3	11.1	275.0	270.4	35.0	.0	.0	
18.2	4.4	8.9	295.0	338.2	2.0	.0	.0	
20.7	9.7	10.8	248.8	333.5	5.0	.0	.0	
26.9	14.6	10.2	257.5	342.5	39.0	.0	.0	
31.8	19.0	10.5	235.0	326.1	8.0	.0	.0	
16.4	-4.0	14.7	282.5	367.7	2.0	.0	.0	
18.9	-6.7	9.6	263.8	380.1	2.0	.0	.0	
24.7	6.2	9.7	236.3	186.7	68.0	.0	.0	
23.2	13.9	11.5	308.8	192.5	76.0	.0	10.2	
10.0	-4.9	10.0	303.8	357.2	3.0	.0	.0	
15.3	.0	7.8	275.0	381.1	2.0	.0	.0	
22.1	7.5	6.9	302.5	394.4	3.0	.0	.0	
26.4	17.8	6.3	227.5	382.5	8.0	.0	.0	
27.1	13.6	5.4	203.8	376.6	2.0	.0	.0	
30.8	16.5	5.8	196.3	352.4	40.0	.0	.0	
31.1	26.5	6.8	268.8	184.3	98.0	.0	.0	
30.1	22.1	8.5	278.8	219.5	88.0	.0	12.7	
23.7	16.0	11.7	323.8	220.3	77.0	.0	2.5	
   3    31    1968
29.5	12.6	11.2	243.8	271.2	48.0	.0	.0	
31.2	19.1	12.2	310.0	194.8	88.0	.0	.0	
26.2	3.7	9.0	305.0	397.1	25.0	.0	.0	
37.1	7.1	10.9	243.8	397.5	5.0	.0	.0	
41.9	20.6	13.4	246.3	343.6	53.0	.0	.0	
37.5	26.5	10.8	253.8	303.7	61.0	.0	.0	
38.0	14.1	6.1	121.3	420.1	15.0	.0	.0	
46.5	27.9	8.9	162.5	243.8	72.0	5.0	.0	
51.2	45.3	7.4	257.5	302.0	76.0	1.0	.0	
42.1	36.4	10.5	95.0	193.6	97.0	.0	.0	
37.8	26.5	11.8	77.5	222.4	98.0	.0	.0	
27.6	21.9	19.2	107.5	168.5	96.0	.0	177.8	
20.1	6.8	8.1	297.5	487.4	6.0	.0	.0	
29.2	13.4	9.5	158.8	380.3	89.0	.0	.0	
42.6	30.0	9.3	182.5	202.9	98.0	28.0	.0	
46.9	38.7	6.9	277.5	398.3	56.0	13.0	.0	
47.7	34.9	4.3	143.8	456.7	41.0	.0	.0	
51.9	33.6	8.9	141.3	338.7	83.0	.0	.0	
59.4	42.8	10.7	182.5	247.3	98.0	20.0	.0	
48.7	42.0	8.5	263.8	249.9	98.0	30.0	.0	
38.8	34.4	10.4	261.3	205.8	98.0	11.0	.0	
29.6	24.6	11.4	213.8	264.2	98.0	.0	116.8	
26.7	19.1	12.7	280.0	286.1	83.0	.0	15.2	
36.5	24.2	9.1	236.3	508.2	3.0	.0	.0	
45.5	31.9	9.2	182.5	349.2	55.0	.0	.0	
56.7	41.7	10.7	211.3	497.1	43.0	.0	.0	
60.6	42.5	10.3	197.5	453.8	44.0	.0	.0	
62.9	46.4	11.1	231.3	515.6	6.0	.0	.0	
63.6	52.1	9.4	216.3	410.3	50.0	15.0	.0	
61.2	38.6	8.2	130.0	502.6	36.0	.0	.0	
55.9	49.0	9.5	251.3	225.1	88.0	128.0	.0	
   4    30    1968
43.1	26.8	7.1	178.8	536.3	21.0	.0	.0	
48.0	30.2	7.8	125.0	245.8	77.0	.0	.0	
54.9	50.2	9.2	158.8	225.6	98.0	108.0	.0	
53.6	46.0	14.5	237.5	234.9	98.0	77.0	.0	
36.3	25.5	8.4	188.8	276.8	96.0	.0	.0	
39.1	26.7	6.3	143.8	560.1	5.0	.0	.0	
55.4	37.9	11.4	170.0	519.7	28.0	.0	.0	
59.5	37.2	11.1	243.8	496.9	58.0	.0	.0	
54.1	32.0	6.1	273.8	501.3	74.0	.0	.0	
52.3	31.8	8.8	242.5	511.2	41.0	.0	.0	
52.5	29.1	6.0	221.3	593.9	2.0	.0	.0	
61.6	37.9	10.5	183.8	522.9	52.0	.0	.0	
65.3	42.9	10.5	191.3	337.7	98.0	.0	.0	
56.0	49.3	13.1	221.3	268.6	78.0	33.0	.0	
47.2	29.8	7.0	266.3	605.6	17.0	.0	.0	
53.6	34.3	9.2	146.3	396.5	67.0	.0	.0	
54.6	45.0	7.1	136.3	261.7	85.0	13.0	.0	
55.0	48.0	7.6	290.0	411.0	73.0	.0	.0	
59.0	50.3	7.6	118.8	412.9	84.0	.0	.0	
66.0	52.4	12.8	193.8	558.9	50.0	55.0	.0	
60.0	45.9	7.9	282.5	532.6	55.0	.0	.0	
63.5	49.5	7.3	150.0	579.1	78.0	.0	.0	
61.6	46.9	16.6	196.3	507.6	69.0	.0	.0	
42.4	25.5	15.7	266.3	364.7	92.0	.0	.0	
47.2	28.7	12.8	277.5	588.2	78.0	.0	.0	
50.4	37.3	8.6	210.0	442.6	84.0	.0	.0	
51.7	36.1	5.6	138.8	578.5	39.0	.0	.0	
55.1	34.9	6.0	95.0	511.9	71.0	.0	.0	
58.9	38.5	6.1	237.5	629.1	49.0	.0	.0	
61.2	37.2	8.1	282.5	613.9	67.0	.0	.0	
   5    31    1968
63.3	42.4	7.6	130.0	669.6	3.0	.0	.0	
63.9	40.4	6.6	145.0	640.4	17.0	.0	.0	
66.3	50.7	11.5	238.8	302.8	64.0	.0	.0	
55.2	36.0	8.8	242.5	526.5	20.0	.0	.0	
47.1	29.5	9.7	337.5	624.5	11.0	.0	.0	
49.6	29.2	6.2	171.3	627.5	49.0	.0	.0	
58.4	34.0	11.2	135.0	492.9	88.0	.0	.0	
65.4	51.5	10.8	180.0	351.7	92.0	1.0	.0	
61.0	53.5	10.1	245.0	378.7	80.0	74.0	.0	
52.7	45.4	5.1	146.3	298.8	87.0	10.0	.0	
55.9	53.5	8.2	121.3	295.5	98.0	114.0	.0	
60.4	52.4	5.1	285.0	462.5	62.0	.0	.0	
63.3	53.0	8.8	113.8	436.3	88.0	3.0	.0	
70.7	61.7	9.2	187.5	568.8	64.0	2.0	.0	
71.0	65.5	7.9	185.0	298.1	98.0	197.0	.0	
64.2	54.9	13.1	248.8	526.9	53.0	2.0	.0	
50.9	44.5	4.9	290.0	269.7	85.0	11.0	.0	
54.0	44.0	4.6	210.0	592.4	55.0	15.0	.0	
48.0	41.2	11.0	261.3	315.6	73.0	9.0	.0	
51.1	44.5	7.4	271.3	491.5	56.0	9.0	.0	
55.4	42.0	6.3	261.3	616.0	28.0	.0	.0	
57.2	47.1	4.3	216.3	420.1	76.0	25.0	.0	
59.8	56.6	7.0	131.3	329.6	98.0	313.0	.0	
60.9	56.6	8.1	151.3	341.7	98.0	31.0	.0	
63.9	56.4	11.0	101.3	358.2	98.0	28.0	.0	
64.9	61.9	7.6	153.8	306.6	98.0	58.0	.0	
56.0	51.9	6.1	253.8	326.0	98.0	1.0	.0	
55.1	50.9	5.3	216.3	325.9	86.0	7.0	.0	
56.0	52.0	4.5	211.3	312.8	89.0	15.0	.0	
59.3	52.4	7.4	316.3	382.7	70.0	.0	.0	
62.2	51.7	5.0	201.3	595.1	59.0	.0	.0	
   6    30    1968
64.9	60.0	7.2	208.8	298.4	98.0	59.0	.0	
68.7	56.5	7.2	260.0	612.4	86.0	2.0	.0	
70.7	58.5	5.5	223.8	681.6	33.0	26.0	.0	
70.7	56.9	5.3	142.5	719.1	2.0	.0	.0	
71.8	57.5	5.3	147.5	710.2	7.0	.0	.0	
76.3	64.4	4.1	160.0	630.6	80.0	.0	.0	
77.7	66.7	3.3	133.8	532.2	52.0	.0	.0	
78.1	64.4	3.2	176.3	670.4	56.0	.0	.0	
79.8	66.1	4.2	241.3	677.6	6.0	.0	.0	
80.9	68.8	5.3	242.5	615.6	20.0	.0	.0	
80.2	68.4	9.5	221.3	513.3	51.0	.0	.0	
69.8	56.3	9.4	296.3	501.3	41.0	.0	.0	
63.1	43.4	5.5	285.0	732.3	15.0	.0	.0	
70.5	53.8	8.4	212.5	607.3	83.0	.0	.0	
73.6	64.0	7.2	213.8	577.7	95.0	80.0	.0	
68.9	58.1	6.4	233.8	590.4	86.0	8.0	.0	
68.4	55.1	5.8	192.5	603.1	61.0	2.0	.0	
70.0	56.4	5.3	217.5	678.5	33.0	.0	.0	
74.8	58.1	5.7	265.0	635.3	55.0	.0	.0	
70.9	49.1	6.0	93.8	718.2	18.0	.0	.0	
73.8	57.9	9.4	198.8	524.1	83.0	.0	.0	
76.4	68.0	6.0	211.3	370.5	98.0	1.0	.0	
78.8	69.7	7.2	180.0	614.4	81.0	.0	.0	
76.7	68.4	8.4	202.5	561.1	67.0	.0	.0	
72.8	68.0	10.5	203.8	357.9	90.0	71.0	.0	
69.9	63.2	9.3	206.3	509.9	85.0	1.0	.0	
57.1	50.4	9.8	236.3	329.3	98.0	1.0	.0	
67.8	55.4	9.0	213.8	632.6	42.0	.0	.0	
77.0	66.0	10.2	202.5	389.1	61.0	.0	.0	
81.6	67.1	11.0	208.8	682.1	18.0	.0	.0	
   7    31    1968
77.7	63.3	7.1	277.5	626.7	57.0	.0	.0	
71.2	57.5	7.1	305.0	501.0	67.0	.0	.0	
63.7	46.7	6.8	221.3	715.0	11.0	.0	.0	
66.1	46.7	4.3	225.0	715.0	2.0	.0	.0	
71.3	54.3	5.2	220.0	626.5	43.0	.0	.0	
73.0	55.4	5.4	230.0	674.2	45.0	.0	.0	
73.8	57.6	5.5	148.8	603.7	90.0	.0	.0	
75.2	63.2	6.0	156.7	608.6	70.0	10.0	.0	
75.5	64.6	6.4	212.5	636.8	35.0	.0	.0	
74.1	65.7	7.1	183.8	530.9	80.0	.0	.0	
77.4	64.5	5.3	96.3	611.1	52.0	.0	.0	
78.9	67.0	4.0	152.5	542.2	44.0	.0	.0	
79.9	66.6	5.9	186.3	622.7	46.0	.0	.0	
76.7	67.3	6.8	183.8	565.6	55.0	18.0	.0	
76.2	68.5	7.2	213.8	559.4	69.0	38.0	.0	
78.4	68.5	6.8	206.3	582.6	48.0	.0	.0	
80.3	69.0	8.5	187.5	570.6	50.0	.0	.0	
78.2	70.5	8.2	231.3	317.4	95.0	.0	.0	
80.0	67.7	7.1	275.0	555.5	54.0	.0	.0	
76.9	65.1	6.8	143.8	588.0	32.0	.0	.0	
79.1	67.1	6.1	182.5	664.2	10.0	.0	.0	
80.6	69.8	6.8	208.8	597.9	47.0	2.0	.0	
78.8	69.8	6.8	205.0	565.8	71.0	.0	.0	
79.4	70.5	7.8	253.8	445.9	94.0	.0	.0	
75.5	71.0	5.1	261.3	305.3	98.0	19.0	.0	
76.6	69.3	6.1	131.3	375.8	95.0	.0	.0	
74.9	70.4	6.9	228.8	352.6	73.0	53.0	.0	
72.3	62.8	5.9	213.8	551.6	41.0	.0	.0	
68.4	53.6	3.0	81.3	644.8	22.0	.0	.0	
67.9	56.3	6.2	130.0	481.6	50.0	.0	.0	
71.3	68.0	6.9	206.3	291.4	90.0	79.0	.0	
   8    31    1968
71.9	63.1	5.2	260.0	564.1	62.0	24.0	.0	
70.2	61.0	4.3	268.8	554.6	60.0	.0	.0	
73.0	67.9	5.6	198.8	374.9	79.0	10.0	.0	
76.3	71.4	5.2	190.0	340.1	89.0	41.0	.0	
80.5	72.5	6.5	195.0	613.0	34.0	.0	.0	
82.0	74.0	5.6	231.3	552.0	28.0	.0	.0	
78.9	73.9	5.0	218.8	462.4	84.0	35.0	.0	
77.5	71.8	6.6	208.8	477.2	84.0	55.0	.0	
77.5	71.6	4.0	105.0	465.7	97.0	1.0	.0	
72.1	66.9	6.6	206.3	279.4	87.0	89.0	.0	
65.6	53.4	5.4	223.8	588.4	32.0	.0	.0	
67.2	55.9	5.1	133.8	594.0	23.0	.0	.0	
72.7	64.0	4.3	157.5	370.0	98.0	.0	.0	
76.1	68.8	3.7	111.3	311.4	89.0	.0	.0	
77.4	72.4	5.5	171.3	368.3	92.0	181.0	.0	
80.2	74.6	7.4	221.3	473.8	58.0	.0	.0	
77.4	70.1	6.4	196.3	453.5	80.0	8.0	.0	
78.9	71.7	4.1	181.3	532.2	50.0	.0	.0	
81.3	73.6	5.9	221.3	565.3	8.0	.0	.0	
81.7	73.3	6.3	236.3	572.5	30.0	.0	.0	
82.2	73.6	3.9	227.5	550.8	19.0	.0	.0	
82.0	74.1	5.1	230.0	555.9	25.0	.0	.0	
82.1	74.3	4.8	227.5	509.5	13.0	.0	.0	
81.7	73.1	6.8	232.5	560.8	13.0	.0	.0	
69.4	59.2	8.4	256.3	549.2	15.0	.0	.0	
61.1	50.7	6.5	251.3	483.5	24.0	.0	.0	
59.9	47.0	5.7	125.0	578.0	14.0	.0	.0	
62.7	49.5	5.3	136.3	593.8	19.0	.0	.0	
65.1	51.5	4.1	122.5	390.1	76.0	.0	.0	
66.1	52.0	5.2	130.0	423.9	69.0	.0	.0	
69.0	57.5	5.9	151.3	414.9	70.0	1.0	.0	
   9    30    1968
65.4	59.4	8.1	207.5	400.9	80.0	22.0	.0	
65.4	55.8	6.3	238.8	506.5	23.0	.0	.0	
72.0	59.7	7.7	182.5	498.8	53.0	.0	.0	
67.8	63.4	8.8	151.3	247.8	90.0	26.0	.0	
68.5	63.7	8.4	242.5	267.7	88.0	7.0	.0	
61.7	51.6	7.0	251.3	548.6	4.0	.0	.0	
63.5	52.0	5.3	213.8	479.2	39.0	.0	.0	
68.7	57.4	7.8	158.8	451.3	60.0	.0	.0	
66.6	58.1	9.8	226.3	370.2	92.0	1.0	.0	
58.9	56.2	7.4	273.8	237.7	98.0	2.0	.0	
59.8	52.4	9.7	308.8	363.2	60.0	.0	.0	
59.9	48.9	3.9	193.8	503.1	5.0	.0	.0	
64.9	53.6	3.1	186.3	513.7	23.0	.0	.0	
66.3	55.1	4.6	113.8	494.6	3.0	.0	.0	
68.2	56.9	7.5	127.5	458.1	59.0	.0	.0	
69.1	58.3	10.8	143.8	358.4	95.0	2.0	.0	
68.0	63.4	11.3	141.3	235.6	89.0	34.0	.0	
63.9	59.2	10.8	140.0	252.4	65.0	36.0	.0	
60.9	56.4	9.3	138.8	214.4	80.0	.0	.0	
69.1	58.5	8.7	181.3	452.5	21.0	.0	.0	
71.8	65.4	6.7	165.0	411.5	33.0	.0	.0	
73.9	66.4	6.3	180.0	399.5	31.0	.0	.0	
72.8	65.9	6.8	191.3	335.0	43.0	.0	.0	
69.1	64.7	7.5	237.5	245.6	78.0	24.0	.0	
59.4	48.4	6.1	273.8	247.6	77.0	.0	.0	
59.4	48.3	6.8	261.3	448.5	11.0	.0	.0	
59.7	47.5	4.0	297.5	463.6	5.0	.0	.0	
60.5	47.8	7.7	67.5	333.8	54.0	.0	.0	
61.0	44.8	5.2	157.5	377.5	21.0	.0	.0	
63.2	51.8	4.4	245.0	424.0	19.0	.0	.0	
  10    31    1968
68.4	56.2	8.6	200.0	357.2	59.0	.0	.0	
68.5	61.5	9.5	196.3	232.8	81.0	21.0	.0	
55.0	40.1	11.4	297.5	357.5	57.0	14.0	.0	
44.4	28.6	8.8	285.0	408.6	5.0	.0	.0	
46.9	32.4	5.2	101.3	359.5	67.0	.0	.0	
49.9	45.6	8.0	191.3	175.7	98.0	9.0	.0	
51.1	44.2	4.5	190.0	208.1	87.0	.0	.0	
53.7	44.5	7.7	118.8	407.3	15.0	.0	.0	
58.9	52.5	9.6	177.5	249.1	74.0	17.0	.0	
51.1	40.1	5.6	258.8	392.8	33.0	.0	.0	
55.7	46.9	4.6	100.0	341.0	70.0	.0	.0	
59.9	54.9	3.3	100.0	307.6	68.0	.0	.0	
66.9	61.1	6.5	156.3	262.0	52.0	.0	.0	
69.3	61.8	7.1	171.3	337.9	41.0	.0	.0	
70.2	60.9	8.6	162.5	341.6	19.0	.0	.0	
68.1	56.6	9.5	145.0	322.0	21.0	.0	.0	
70.6	61.3	12.8	170.0	252.9	83.0	17.0	.0	
54.0	44.1	5.6	302.5	305.1	48.0	27.0	.0	
52.5	36.7	7.4	226.3	364.6	2.0	.0	.0	
50.8	37.0	5.5	237.5	362.9	2.0	.0	.0	
52.1	37.8	6.5	188.8	300.1	50.0	.0	.0	
53.1	41.2	10.3	221.3	181.7	68.0	.0	.0	
46.5	34.8	6.1	248.8	189.7	76.0	.0	.0	
47.2	39.4	8.1	211.3	187.5	90.0	7.0	.0	
41.3	33.9	11.1	300.0	151.4	87.0	1.0	.0	
43.0	30.3	8.0	226.3	341.3	22.0	.0	.0	
51.3	32.7	14.0	236.3	266.0	69.0	.0	.0	
39.2	31.4	9.8	263.8	143.7	88.0	.0	.0	
40.4	28.0	9.0	207.5	175.4	63.0	.0	.0	
41.4	29.0	5.7	111.3	318.0	9.0	.0	.0	
56.3	42.8	8.6	161.3	322.3	2.0	.0	.0	
  11    30    1968
65.1	57.0	12.2	235.0	149.8	57.0	.0	.0	
54.5	44.4	4.9	270.0	194.8	87.0	2.0	.0	
47.8	44.1	8.4	40.0	140.8	98.0	54.0	.0	
52.6	43.4	7.2	72.5	221.4	94.0	.0	.0	
52.8	43.8	4.6	60.0	131.5	98.0	.0	.0	
51.1	48.8	4.0	213.8	135.8	98.0	32.0	.0	
43.3	41.9	9.6	242.5	129.1	98.0	81.0	.0	
36.9	31.2	6.9	295.0	163.6	93.0	.0	.0	
32.9	26.6	5.2	246.3	155.7	88.0	.0	.0	
32.7	26.2	4.9	178.8	142.9	76.0	.0	.0	
34.2	27.6	7.6	187.5	132.0	89.0	.0	.0	
32.5	26.5	11.3	307.5	141.4	90.0	1.0	.0	
32.1	20.5	6.2	226.3	246.0	37.0	.0	.0	
47.8	34.5	7.9	186.3	116.4	98.0	.0	.0	
52.2	48.9	14.0	190.0	121.2	98.0	129.0	.0	
47.0	45.4	12.1	166.3	124.0	98.0	27.0	.0	
45.2	41.6	7.2	195.0	116.0	98.0	31.0	.0	
35.9	31.9	11.0	265.0	120.5	95.0	4.0	.0	
29.7	24.1	12.5	292.5	120.5	98.0	.0	7.6	
26.7	17.8	7.6	265.0	125.1	97.0	.0	.0	
37.2	26.5	10.5	220.0	250.2	10.0	.0	.0	
42.8	30.4	6.5	213.8	208.7	21.0	.0	.0	
50.7	43.0	9.7	197.5	150.9	60.0	3.0	.0	
45.2	37.5	7.9	276.3	240.1	36.0	12.0	.0	
40.6	31.6	4.8	217.5	173.8	54.0	.0	.0	
48.2	37.2	11.9	197.5	164.5	95.0	.0	.0	
43.8	36.8	8.6	131.3	120.4	98.0	.0	.0	
50.9	46.1	16.8	176.3	143.8	96.0	93.0	.0	
36.7	31.9	8.1	285.0	107.6	98.0	2.0	.0	
34.3	26.6	4.5	145.0	206.1	48.0	.0	.0	
  12    31    1968
36.6	32.3	9.6	132.5	100.0	98.0	50.0	.0	
42.0	38.6	7.2	213.8	120.0	98.0	1.0	.0	
41.8	38.0	6.3	213.8	169.6	78.0	1.0	.0	
35.0	27.5	9.5	273.8	115.9	98.0	1.0	.0	
30.1	14.4	20.6	271.3	214.8	16.0	.0	.0	
26.5	13.5	13.8	262.5	186.2	31.0	.0	.0	
24.9	14.2	8.4	298.8	151.8	85.0	.0	.0	
21.9	12.5	9.1	302.5	199.7	18.0	.0	.0	
24.7	13.3	4.4	92.5	173.0	54.0	.0	.0	
27.6	14.5	9.7	121.3	100.0	95.0	.0	.0	
36.5	23.2	12.1	157.5	199.6	48.0	.0	.0	
49.0	35.4	16.6	178.8	94.1	98.0	37.0	.0	
36.1	28.3	18.0	235.0	147.1	75.0	10.0	.0	
18.5	10.4	15.7	292.5	105.8	95.0	.0	2.5	
19.3	7.6	13.1	343.8	214.5	47.0	.0	.0	
23.9	17.8	6.6	263.8	134.4	66.0	.0	.0	
27.8	17.9	6.5	168.8	179.6	64.0	.0	22.9	
35.6	33.4	7.2	142.5	103.8	93.0	20.0	.0	
40.6	32.0	15.5	202.5	95.9	90.0	5.0	.0	
29.9	21.2	12.7	277.5	112.1	98.0	.0	.0	
30.6	24.0	8.8	113.8	93.6	98.0	.0	25.4	
36.7	33.6	12.0	166.3	92.0	96.0	51.0	.0	
22.8	15.6	17.6	265.0	90.8	98.0	.0	20.3	
17.4	9.4	12.4	281.3	156.2	86.0	.0	.0	
15.1	7.0	6.8	223.8	123.6	65.0	.0	.0	
27.4	20.5	9.8	136.3	115.1	98.0	.0	5.1	
43.3	41.5	11.5	146.3	110.7	98.0	155.0	.0	
37.5	34.7	17.6	228.8	104.7	98.0	22.0	.0	
26.9	19.4	9.1	268.8	111.5	98.0	.0	.0	
31.0	25.7	9.3	151.3	110.1	98.0	.0	88.9	
13.8	7.3	14.0	282.5	187.8	57.0	.0	.0	
