   1    31    1988
29.6	19.0	13.9	262.5	180.1	62.0	.0	.0	
15.8	6.3	10.7	266.3	179.7	41.0	.0	.0	
17.4	4.4	9.7	160.4	148.6	73.0	.0	.0	
21.9	13.3	15.1	230.4	114.0	85.0	.0	10.2	
5.5	-4.1	16.6	267.5	151.1	45.0	.0	7.6	
6.1	-2.6	17.5	267.9	177.5	44.0	.0	.0	
6.5	-2.7	9.4	225.0	172.0	76.0	.0	.0	
13.9	10.3	9.9	153.3	120.3	98.0	.0	86.4	
17.2	10.3	9.4	282.9	173.7	76.0	.0	2.5	
13.0	3.6	7.9	271.3	215.2	24.0	.0	.0	
14.7	5.1	9.5	194.2	197.0	10.0	.0	.0	
25.2	11.9	10.5	165.4	163.9	78.0	.0	.0	
21.8	12.6	16.9	272.5	146.7	73.0	.0	.0	
-3.0	-11.2	11.0	268.8	226.7	48.0	.0	.0	
7.3	-5.3	10.6	177.5	205.4	38.0	.0	.0	
23.4	9.2	11.5	178.8	217.4	33.0	.0	.0	
34.6	18.4	10.4	169.6	124.3	84.0	1.0	.0	
36.7	33.3	12.6	219.2	83.6	98.0	29.0	.0	
30.8	27.1	11.3	232.1	143.8	98.0	.0	.0	
34.8	33.2	14.0	160.4	82.6	98.0	52.0	.0	
31.5	26.3	13.9	273.3	124.8	98.0	.0	.0	
18.3	11.1	9.9	262.5	213.8	65.0	.0	2.5	
20.5	15.7	8.0	185.8	123.9	67.0	.0	.0	
31.9	21.0	13.0	184.6	134.0	91.0	.0	.0	
28.7	23.1	11.3	144.6	102.8	98.0	.0	55.9	
19.5	16.0	15.8	304.6	143.5	98.0	.0	25.4	
10.1	3.1	10.4	260.8	204.6	58.0	.0	.0	
12.0	4.8	10.8	247.5	175.7	67.0	.0	.0	
17.2	7.7	11.3	196.7	242.6	56.0	.0	.0	
34.2	22.1	14.7	204.2	159.6	98.0	.0	.0	
47.8	31.0	14.5	210.4	166.5	92.0	.0	.0	
   2    29    1988
48.7	45.1	10.5	202.9	108.2	98.0	45.0	.0	
31.1	28.8	13.0	313.8	119.5	98.0	.0	101.6	
21.1	16.7	10.3	245.4	191.2	85.0	.0	53.3	
20.6	18.0	14.1	248.3	154.5	93.0	.0	213.4	
9.5	2.7	11.4	269.6	227.8	54.0	.0	5.1	
3.6	-7.8	14.1	256.7	239.1	32.0	.0	.0	
6.5	-5.0	14.3	206.7	222.9	52.0	.0	.0	
17.0	5.2	12.5	197.5	251.8	83.0	.0	.0	
21.0	10.2	11.1	181.3	152.2	87.0	.0	.0	
20.3	9.7	11.4	221.3	265.9	73.0	.0	.0	
20.9	11.8	13.8	110.8	203.3	98.0	.0	2.5	
25.7	23.7	16.8	197.9	174.2	98.0	.0	241.3	
13.5	9.2	20.9	276.7	182.1	98.0	.0	12.7	
20.5	10.3	12.5	239.6	275.1	74.0	.0	.0	
33.7	24.1	14.4	201.3	154.2	95.0	7.0	.0	
25.2	18.8	12.2	306.3	229.8	67.0	.0	.0	
30.6	20.3	9.9	222.9	255.8	44.0	.0	.0	
32.0	17.6	7.8	256.7	325.0	21.0	.0	.0	
29.3	21.6	13.6	149.6	170.8	75.0	.0	88.9	
35.9	28.9	14.5	230.8	205.7	82.0	2.0	.0	
12.5	-.2	17.2	284.6	276.2	43.0	.0	.0	
27.6	10.7	17.6	193.8	280.2	51.0	.0	.0	
35.4	26.4	12.5	272.9	140.1	92.0	6.0	.0	
21.3	12.3	12.8	283.8	295.2	63.0	.0	7.6	
17.4	8.5	10.2	277.9	219.1	78.0	.0	.0	
18.7	9.2	10.2	209.6	283.1	52.0	.0	10.2	
24.4	22.4	11.9	151.3	212.8	98.0	.0	68.6	
23.7	12.1	7.7	267.9	389.7	31.0	.0	.0	
29.4	17.3	13.3	252.5	278.1	53.0	.0	.0	
   3    31    1988
17.7	8.3	11.0	267.5	390.3	41.0	.0	.0	
30.4	16.3	11.5	205.4	260.6	74.0	.0	.0	
29.9	22.9	9.8	235.4	234.2	96.0	.0	43.2	
24.8	19.3	11.8	252.9	206.4	83.0	.0	35.6	
23.5	11.9	10.2	266.3	420.9	17.0	.0	.0	
32.3	18.0	10.2	197.9	416.1	8.0	.0	.0	
35.8	24.9	13.4	284.6	356.9	27.0	.0	.0	
36.6	21.6	9.4	185.8	397.3	46.0	.0	.0	
40.8	34.7	11.5	208.8	147.1	91.0	25.0	.0	
29.8	20.8	15.7	319.6	290.0	56.0	.0	.0	
30.7	20.3	11.9	307.1	377.9	19.0	.0	.0	
39.7	26.3	10.6	157.1	339.6	68.0	.0	.0	
40.6	29.3	12.0	274.6	264.7	94.0	4.0	.0	
27.0	20.0	9.8	318.8	229.7	93.0	.0	7.6	
21.6	14.1	13.5	316.7	261.5	90.0	.0	.0	
27.9	23.8	15.1	303.3	195.9	98.0	.0	5.1	
28.3	17.8	13.4	317.1	377.8	52.0	.0	2.5	
27.4	22.0	10.4	231.7	199.6	84.0	.0	12.7	
24.8	17.1	11.5	255.0	344.7	57.0	.0	.0	
20.3	11.1	16.5	286.7	221.1	81.0	.0	5.1	
11.0	1.7	12.5	287.5	443.0	26.0	.0	2.5	
18.0	-.3	9.6	242.1	503.2	23.0	.0	.0	
39.5	17.3	15.9	170.0	433.8	87.0	.0	.0	
51.9	38.0	10.7	178.3	246.9	98.0	19.0	.0	
59.1	46.3	17.1	166.7	419.9	85.0	.0	.0	
49.1	43.6	11.5	164.6	326.1	86.0	59.0	.0	
35.0	31.0	12.7	276.7	223.6	98.0	8.0	.0	
32.9	22.6	13.8	263.8	436.3	82.0	1.0	.0	
48.4	27.3	10.7	153.8	425.7	62.0	.0	.0	
51.4	35.8	15.1	223.8	374.4	38.0	.0	.0	
43.3	26.5	8.4	165.4	495.2	53.0	.0	.0	
   4    30    1988
42.5	39.2	9.3	127.1	154.7	98.0	32.0	.0	
49.6	45.9	8.9	143.8	255.9	98.0	.0	.0	
54.0	49.8	13.3	170.8	275.5	98.0	12.0	.0	
58.7	46.0	13.9	236.3	389.1	78.0	11.0	.0	
50.9	44.2	11.0	246.3	392.8	67.0	.0	.0	
51.7	41.6	16.7	140.0	429.6	75.0	.0	.0	
49.1	42.0	12.8	170.8	227.4	96.0	.0	.0	
36.0	34.6	17.4	328.8	209.3	97.0	8.0	.0	
32.7	30.8	16.4	332.1	262.9	97.0	.0	.0	
35.4	29.7	14.0	319.6	263.3	64.0	.0	.0	
44.2	32.9	11.9	210.8	528.0	30.0	.0	.0	
46.0	36.1	8.1	160.0	317.2	53.0	.0	.0	
45.5	29.2	8.1	157.9	520.4	48.0	.0	.0	
43.7	29.5	13.4	166.7	284.9	70.0	.0	.0	
37.8	32.1	9.6	224.2	354.7	93.0	.0	.0	
31.3	26.2	13.0	298.3	330.5	96.0	.0	17.8	
46.7	28.6	13.0	257.1	594.7	35.0	.0	.0	
43.3	30.2	13.9	290.4	264.3	95.0	8.0	.0	
33.0	18.8	10.9	289.2	508.1	52.0	2.0	.0	
39.4	19.9	13.0	271.7	519.8	65.0	.0	.0	
37.0	26.1	14.7	290.0	297.3	80.0	.0	.0	
38.8	19.5	13.1	297.1	611.9	11.0	.0	.0	
38.2	30.1	12.2	157.1	224.2	86.0	62.0	.0	
40.5	34.3	16.7	265.8	210.5	97.0	.0	.0	
42.0	25.0	15.6	303.3	514.2	54.0	.0	.0	
47.9	28.5	13.6	226.7	576.5	52.0	.0	.0	
47.1	37.7	11.7	150.4	280.7	90.0	90.0	.0	
40.0	35.6	9.6	270.4	366.5	82.0	1.0	.0	
37.3	36.0	11.8	200.4	179.2	98.0	43.0	.0	
40.5	37.2	13.1	313.8	289.2	98.0	.0	.0	
   5    31    1988
45.6	35.5	14.3	282.1	472.8	74.0	.0	.0	
45.5	33.5	10.7	131.7	311.8	89.0	1.0	.0	
45.8	35.3	8.3	170.8	305.3	71.0	.0	.0	
53.5	32.4	7.1	125.8	642.1	25.0	.0	.0	
54.0	48.1	11.1	115.8	245.9	98.0	10.0	.0	
56.3	51.4	9.9	123.3	274.5	86.0	11.0	.0	
57.7	37.6	14.4	313.8	679.5	10.0	.0	.0	
58.6	38.9	13.0	181.3	627.1	46.0	.0	.0	
56.9	36.4	16.3	167.1	459.6	89.0	2.0	.0	
57.8	47.2	13.2	180.8	452.6	91.0	.0	.0	
50.0	44.9	12.4	301.7	268.7	75.0	1.0	.0	
54.9	36.2	9.7	213.3	678.2	33.0	.0	.0	
56.9	43.5	15.9	237.1	464.5	57.0	41.0	.0	
51.7	33.4	10.0	252.1	633.4	24.0	.0	.0	
59.6	41.3	15.3	162.1	659.6	18.0	.0	.0	
57.7	50.8	12.2	207.9	332.2	83.0	5.0	.0	
55.5	51.1	8.9	245.8	320.1	98.0	.0	.0	
54.3	53.0	12.7	97.9	218.7	98.0	28.0	.0	
56.3	54.9	11.0	77.9	220.0	98.0	206.0	.0	
60.8	54.3	8.9	185.4	386.1	91.0	28.0	.0	
60.5	55.2	8.5	181.3	335.2	92.0	12.0	.0	
63.3	55.4	6.6	162.9	483.1	67.0	.0	.0	
68.3	57.5	8.3	228.3	540.4	80.0	1.0	.0	
55.9	51.3	10.3	274.2	282.1	98.0	43.0	.0	
45.5	39.8	14.5	317.1	299.4	95.0	.0	.0	
52.1	35.6	12.5	275.0	700.0	19.0	.0	.0	
64.9	44.9	11.9	221.3	709.9	43.0	.0	.0	
69.9	47.8	9.1	235.8	715.6	15.0	.0	.0	
70.2	51.1	8.9	260.4	685.3	17.0	.0	.0	
71.8	53.7	11.0	263.3	597.9	46.0	.0	.0	
70.9	53.0	13.3	295.4	607.6	78.0	.0	.0	
   6    30    1988
62.5	54.2	14.2	263.3	430.5	58.0	19.0	.0	
49.9	36.5	11.6	127.9	612.3	43.0	.0	.0	
47.8	43.3	8.3	126.7	290.8	98.0	24.0	.0	
53.4	40.0	12.0	310.0	385.8	91.0	.0	.0	
64.0	44.2	19.8	285.8	572.0	59.0	.0	.0	
61.3	43.2	19.3	321.3	635.7	65.0	1.0	.0	
53.9	41.7	12.6	295.8	291.3	92.0	.0	.0	
54.0	36.2	11.3	303.3	458.4	72.0	.0	.0	
50.3	33.2	12.4	250.4	495.8	59.0	.0	.0	
48.6	34.1	11.8	307.5	419.7	34.0	.0	.0	
59.4	37.2	11.8	286.7	671.9	18.0	.0	.0	
69.1	46.2	11.1	282.5	668.1	70.0	.0	.0	
73.8	48.0	10.0	282.1	627.8	73.0	.0	.0	
77.5	53.5	8.4	233.3	687.7	5.0	.0	.0	
77.7	55.9	10.2	237.1	703.3	3.0	.0	.0	
68.0	58.2	8.5	251.3	379.4	88.0	2.0	.0	
63.4	52.0	8.8	267.9	552.2	51.0	18.0	.0	
66.3	46.5	4.6	134.6	714.5	8.0	.0	.0	
71.8	54.4	9.4	186.7	648.2	41.0	.0	.0	
77.0	57.7	12.4	233.8	723.3	27.0	.0	.0	
75.0	52.9	8.9	257.5	687.0	59.0	.0	.0	
78.0	59.5	11.9	208.8	479.6	87.0	.0	.0	
63.5	51.1	14.7	317.1	630.9	52.0	26.0	.0	
61.3	41.0	7.9	185.0	725.0	23.0	.0	.0	
71.0	57.0	12.4	195.4	470.2	96.0	1.0	.0	
58.1	52.6	10.7	305.8	324.0	70.0	2.0	.0	
60.8	44.2	10.0	325.8	690.0	13.0	.0	.0	
61.8	44.4	8.9	270.0	614.5	43.0	2.0	.0	
55.4	40.2	7.8	270.8	626.5	50.0	.0	.0	
49.1	42.6	10.8	285.4	305.9	92.0	10.0	.0	
   7    31    1988
52.5	47.1	12.2	314.2	352.4	83.0	7.0	.0	
60.3	44.9	10.7	315.4	581.9	38.0	.0	.0	
67.2	45.2	7.6	220.8	640.6	36.0	.0	.0	
73.2	49.5	6.7	173.3	657.3	27.0	.0	.0	
76.5	57.2	7.9	162.9	638.4	35.0	.0	.0	
78.3	55.2	5.6	182.1	641.0	55.0	.0	.0	
80.6	56.7	5.6	172.5	531.3	70.0	.0	.0	
82.2	59.6	7.8	294.2	630.7	54.0	.0	.0	
83.1	58.3	7.4	255.0	640.8	45.0	.0	.0	
83.3	58.3	7.4	268.3	502.4	63.0	.0	.0	
77.0	62.3	8.7	253.8	398.1	95.0	1.0	.0	
76.0	60.9	8.0	270.8	546.8	64.0	.0	.0	
74.6	54.5	6.5	220.8	646.3	13.0	.0	.0	
76.2	62.9	10.4	251.3	439.5	60.0	18.0	.0	
70.3	54.5	8.4	247.9	636.3	60.0	.0	.0	
76.0	59.7	9.6	207.9	468.3	79.0	50.0	.0	
71.1	67.2	9.3	242.1	294.4	91.0	58.0	.0	
76.0	62.2	5.9	210.0	606.2	66.0	.0	.0	
71.4	67.8	6.8	198.3	253.9	98.0	13.0	.0	
72.9	64.5	5.4	132.9	419.4	95.0	10.0	.0	
66.6	64.8	10.6	206.7	231.1	98.0	101.0	.0	
70.1	59.7	7.5	213.8	456.1	77.0	.0	.0	
70.7	61.7	4.7	90.4	455.2	81.0	2.0	.0	
69.6	61.5	7.0	256.3	525.2	68.0	2.0	.0	
69.9	58.9	6.1	237.5	574.5	60.0	9.0	.0	
65.5	61.5	7.5	146.3	271.8	88.0	126.0	.0	
69.5	60.4	4.7	198.8	516.4	66.0	83.0	.0	
73.5	60.3	3.7	163.8	624.6	28.0	.0	.0	
77.0	63.3	6.0	240.4	626.5	7.0	.0	.0	
75.7	65.1	7.3	201.3	538.3	41.0	10.0	.0	
71.4	62.3	5.8	162.9	421.6	57.0	4.0	.0	
   8    31    1988
72.8	55.3	4.3	155.4	563.2	50.0	.0	.0	
78.1	64.1	3.5	140.0	662.7	12.0	.0	.0	
79.4	69.7	7.5	202.5	556.8	43.0	.0	.0	
78.0	67.8	9.0	207.5	562.1	22.0	.0	.0	
78.6	67.6	9.5	196.3	568.3	35.0	.0	.0	
72.3	68.3	7.8	199.6	298.1	79.0	26.0	.0	
68.7	62.3	7.2	278.3	413.7	48.0	.0	.0	
70.3	61.3	4.7	186.3	450.5	49.0	.0	.0	
75.1	60.8	5.4	157.9	602.4	24.0	.0	.0	
78.1	64.4	6.7	214.6	512.6	64.0	.0	.0	
78.5	68.1	5.2	187.9	552.8	53.0	.0	.0	
77.2	66.0	7.4	271.3	508.6	44.0	.0	.0	
78.7	68.0	6.5	225.4	572.1	34.0	1.0	.0	
81.3	69.7	9.9	228.3	450.6	68.0	.0	.0	
77.2	62.5	14.1	270.8	521.7	38.0	.0	.0	
69.8	55.5	10.4	267.9	475.7	42.0	.0	.0	
68.3	62.5	8.0	244.6	281.9	76.0	21.0	.0	
63.4	50.7	11.7	325.0	572.8	41.0	.0	.0	
61.2	44.9	5.4	172.1	594.5	33.0	.0	.0	
63.9	48.6	5.0	153.8	522.8	42.0	.0	.0	
61.5	45.2	10.0	306.7	528.8	21.0	.0	.0	
56.4	40.1	7.6	144.2	623.4	2.0	.0	.0	
57.8	49.3	12.7	147.5	262.3	84.0	17.0	.0	
61.6	58.0	10.1	165.0	391.3	80.0	70.0	.0	
65.6	54.6	10.3	210.8	408.5	55.0	7.0	.0	
65.5	54.1	9.7	233.3	468.5	50.0	6.0	.0	
68.4	58.4	7.5	141.3	532.0	35.0	45.0	.0	
72.5	66.1	11.6	216.7	242.4	98.0	76.0	.0	
61.7	60.6	7.4	200.4	171.8	98.0	253.0	.0	
58.3	50.6	5.2	205.4	414.2	65.0	.0	.0	
59.6	49.2	5.9	232.9	467.6	22.0	.0	.0	
   9    30    1988
61.3	49.3	2.0	90.8	545.4	2.0	.0	.0	
64.6	51.3	7.2	209.6	547.3	13.0	.0	.0	
64.2	54.1	6.1	176.7	394.0	87.0	.0	.0	
59.6	58.1	10.6	165.0	164.8	98.0	106.0	.0	
54.0	49.5	12.3	273.8	254.8	53.0	5.0	.0	
48.5	40.5	7.7	261.7	351.7	39.0	.0	.0	
53.5	41.9	7.5	254.2	455.9	16.0	.0	.0	
57.2	44.7	7.7	179.6	539.6	2.0	.0	.0	
61.2	51.0	8.1	200.8	474.1	43.0	.0	.0	
63.2	50.3	9.1	282.5	473.6	55.0	.0	.0	
55.4	47.4	8.6	302.1	392.9	65.0	.0	.0	
58.9	50.3	6.9	217.1	508.1	38.0	1.0	.0	
60.0	56.0	11.4	268.8	276.6	66.0	1.0	.0	
55.9	45.5	9.8	281.3	419.2	39.0	.0	.0	
50.9	38.2	11.9	312.9	456.0	25.0	.0	.0	
51.3	38.3	4.8	116.3	471.2	52.0	.0	.0	
54.6	52.0	9.1	181.7	201.2	98.0	14.0	.0	
66.4	60.2	7.9	245.8	255.1	80.0	.0	.0	
65.0	61.6	5.8	165.0	302.0	77.0	.0	.0	
67.9	64.4	13.1	200.0	184.2	88.0	39.0	.0	
57.6	53.9	10.3	302.1	162.2	97.0	.0	.0	
54.4	48.1	8.5	250.4	265.8	98.0	.0	.0	
59.0	54.9	9.7	257.9	197.0	71.0	39.0	.0	
53.5	43.9	7.7	254.2	403.6	87.0	.0	.0	
54.4	45.9	5.5	138.3	415.9	41.0	.0	.0	
52.8	45.7	7.7	262.9	324.6	28.0	.0	.0	
57.4	45.9	9.0	154.6	430.1	40.0	.0	.0	
51.3	44.1	10.0	240.8	255.6	73.0	.0	.0	
47.2	38.5	7.8	144.2	362.4	68.0	.0	.0	
58.6	52.4	8.7	214.2	319.8	93.0	.0	.0	
  10    31    1988
64.6	58.2	10.5	196.3	282.0	70.0	.0	.0	
61.3	56.7	12.3	229.6	150.1	98.0	1.0	.0	
51.6	46.5	6.7	228.8	228.8	92.0	.0	.0	
47.5	44.9	4.6	169.2	206.0	75.0	3.0	.0	
44.6	39.0	8.1	247.5	280.4	75.0	8.0	.0	
39.6	35.0	8.6	280.4	178.4	58.0	.0	.0	
39.2	31.1	3.8	56.7	287.3	73.0	.0	.0	
38.2	29.3	5.1	65.4	226.4	57.0	.0	.0	
38.2	36.0	5.6	146.3	122.5	78.0	8.0	.0	
49.2	39.8	12.8	206.3	201.7	97.0	11.0	.0	
41.7	37.0	13.6	260.8	223.6	73.0	8.0	.0	
35.1	28.0	12.5	281.3	266.2	61.0	.0	.0	
33.3	26.2	11.2	299.6	167.9	81.0	.0	.0	
41.4	27.1	9.5	236.3	373.9	24.0	.0	.0	
55.0	34.6	7.7	220.8	315.6	80.0	.0	.0	
59.2	42.3	9.2	160.8	317.3	63.0	.0	.0	
58.2	42.7	12.0	170.0	317.2	67.0	.0	.0	
52.3	46.7	13.5	250.4	141.3	80.0	6.0	.0	
40.3	34.0	6.1	301.3	199.9	46.0	.0	.0	
37.2	27.4	6.0	252.9	214.5	67.0	.0	.0	
37.5	30.2	13.7	128.8	117.9	98.0	33.0	.0	
32.7	31.9	11.8	231.3	166.8	98.0	134.0	.0	
40.0	33.9	12.1	233.8	264.7	85.0	2.0	.0	
42.3	34.6	12.7	212.1	243.1	82.0	37.0	.0	
36.4	27.2	10.5	228.3	130.5	80.0	.0	.0	
33.5	27.8	8.7	239.2	146.5	84.0	1.0	.0	
35.3	25.4	8.5	215.8	232.7	24.0	.0	.0	
41.5	30.8	13.7	217.5	140.1	70.0	6.0	.0	
36.4	20.8	12.0	297.1	206.7	59.0	.0	.0	
30.7	20.2	9.5	291.7	168.0	63.0	.0	.0	
31.3	18.6	7.6	195.8	297.3	4.0	.0	.0	
  11    30    1988
36.8	28.3	7.9	154.6	130.4	92.0	2.0	.0	
35.9	31.6	17.2	303.3	148.9	98.0	16.0	.0	
39.5	22.0	11.7	267.1	277.8	53.0	.0	.0	
49.0	36.8	10.8	175.0	158.9	53.0	4.0	.0	
55.6	51.8	16.8	163.3	134.8	85.0	77.0	.0	
46.8	40.6	11.4	204.2	170.4	82.0	11.0	.0	
35.4	31.3	10.2	241.3	124.8	97.0	6.0	.0	
38.4	34.8	8.8	220.4	117.6	94.0	4.0	.0	
39.0	33.8	7.8	262.5	136.0	90.0	5.0	.0	
45.1	37.6	16.3	210.8	109.2	94.0	.0	.0	
37.0	30.0	12.4	303.8	98.1	95.0	5.0	.0	
35.6	22.8	9.3	198.8	206.2	90.0	.0	.0	
42.5	38.4	14.0	208.8	91.2	89.0	33.0	.0	
44.0	33.0	11.7	260.0	218.6	14.0	.0	.0	
40.7	29.8	6.8	207.5	217.1	28.0	.0	.0	
49.9	43.0	14.6	167.9	108.8	98.0	1.0	.0	
42.9	31.0	11.8	270.8	208.7	51.0	20.0	.0	
34.6	21.6	9.8	305.8	230.2	44.0	.0	.0	
33.6	25.6	7.8	160.8	107.0	96.0	.0	.0	
41.2	39.9	13.2	177.9	82.4	98.0	76.0	.0	
32.6	27.4	16.8	313.8	126.6	98.0	.0	.0	
31.3	22.2	7.0	207.5	161.2	70.0	.0	.0	
30.0	23.8	6.7	265.0	161.0	48.0	.0	.0	
30.0	21.1	11.8	329.6	193.7	40.0	.0	.0	
36.4	25.7	5.8	224.6	198.0	66.0	.0	.0	
45.7	33.7	7.4	177.9	147.9	82.0	.0	.0	
54.4	47.4	12.0	190.4	117.2	98.0	5.0	.0	
37.4	33.6	11.2	290.4	108.6	96.0	28.0	.0	
32.9	23.6	10.8	261.7	97.2	71.0	.0	.0	
37.1	22.5	12.3	215.0	141.4	83.0	.0	.0	
  12    31    1988
31.6	26.7	8.9	257.9	102.6	93.0	.0	10.2	
27.7	18.8	11.8	267.1	105.2	72.0	.0	.0	
37.3	23.2	14.1	254.2	209.7	21.0	.0	.0	
24.9	14.4	16.2	300.8	130.0	73.0	.0	2.5	
27.2	20.1	6.6	238.8	91.0	94.0	.0	.0	
38.4	20.6	10.4	206.7	182.7	31.0	.0	.0	
39.3	24.1	10.4	269.2	139.8	58.0	.0	.0	
28.2	18.0	10.4	307.1	170.2	55.0	.0	.0	
21.6	15.5	8.7	252.5	100.2	80.0	.0	2.5	
18.1	12.3	8.6	266.7	97.8	81.0	.0	20.3	
5.8	-.7	9.9	333.8	161.1	40.0	.0	5.1	
-.5	-12.0	6.2	202.1	197.8	21.0	.0	.0	
12.4	4.4	9.5	192.5	104.5	74.0	.0	2.5	
22.9	18.7	8.6	177.9	104.1	83.0	.0	22.9	
25.7	15.2	15.0	276.7	119.7	75.0	.0	.0	
12.7	3.6	7.6	241.7	147.0	56.0	.0	.0	
14.5	7.9	6.3	192.5	138.5	96.0	.0	2.5	
14.5	7.9	9.1	240.0	139.2	75.0	.0	.0	
24.9	17.3	10.1	183.8	173.4	78.0	.0	.0	
45.7	26.5	11.8	188.3	99.6	98.0	.0	.0	
40.7	32.2	11.5	292.5	93.9	97.0	.0	.0	
24.9	10.8	8.9	210.0	177.3	62.0	.0	.0	
30.8	23.2	14.7	179.6	85.6	70.0	.0	7.6	
35.9	33.1	11.1	194.6	57.1	96.0	55.0	.0	
30.6	24.5	12.6	282.5	98.5	95.0	.0	.0	
22.0	13.9	12.4	287.1	98.4	85.0	.0	.0	
27.0	17.8	12.3	168.3	91.4	98.0	.0	7.6	
34.1	26.3	12.6	247.1	53.2	96.0	31.0	.0	
22.0	14.7	9.4	273.3	137.8	80.0	.0	.0	
19.5	11.3	7.8	212.5	170.2	39.0	.0	.0	
24.9	19.0	8.4	265.2	116.3	79.0	.0	.0	
