01	31	2002
37.1	19.5	3.9	53.8	230.6	100.0	0	0.0
31.6	18.9	8.6	48.1	231.3	100.0	34	87.0
30.1	28.5	7.5	271.0	232.2	100.0	8	21.4
30.7	20.0	4.1	233.1	233.1	100.0	0	0.0
33.4	22.6	3.9	139.4	234.1	100.0	0	0.0
41.6	37.6	8.3	154.6	235.2	100.0	16	0.0
40.8	29.7	10.4	286.0	236.4	100.0	0	0.0
34.6	22.3	5.0	193.8	237.7	100.0	0	0.0
45.5	28.1	9.2	221.2	239.0	100.0	0	0.0
56.9	41.5	10.9	245.6	240.4	100.0	0	0.0
56.9	46.4	7.9	201.8	241.9	100.0	0	0.0
42.8	37.0	4.5	128.2	243.5	100.0	50	0.0
44.2	32.4	5.2	170.8	245.2	100.0	1	0.0
42.0	39.0	1.7	78.1	246.9	100.0	1	0.0
45.8	37.4	4.8	240.2	248.8	100.0	0	0.0
39.2	28.4	2.6	71.2	250.7	100.0	0	0.0
47.3	34.5	5.1	169.7	252.6	100.0	0	0.0
53.1	41.1	5.6	180.4	254.7	100.0	0	0.0
48.0	42.6	8.5	172.6	256.8	100.0	21	0.0
45.3	38.3	5.5	138.6	259.0	100.0	0	0.0
48.1	41.7	6.2	185.8	261.2	100.0	10	0.0
47.4	30.4	6.0	147.5	263.6	100.0	0	0.0
50.0	45.8	2.6	103.1	266.0	100.0	13	0.0
62.5	56.0	7.4	158.0	268.5	100.0	1	0.0
54.6	41.4	7.3	122.5	271.0	100.0	21	0.0
46.8	27.4	2.9	30.8	273.6	100.0	0	0.0
54.0	44.8	3.5	125.8	276.3	100.0	0	0.0
57.6	46.2	2.5	130.8	279.1	100.0	0	0.0
63.2	53.9	5.2	175.2	281.9	100.0	0	0.0
65.5	57.9	6.2	212.6	284.8	100.0	0	0.0
69.2	62.7	7.8	193.5	287.7	100.0	0	0.0
02	28	2002
68.7	59.2	13.1	229.3	290.7	100.0	0	0.0
51.1	29.5	8.8	121.7	293.8	100.0	0	0.0
42.8	35.4	2.9	107.9	297.0	100.0	0	0.0
43.5	23.2	13.2	284.0	300.3	100.0	0	0.0
35.9	8.0	3.2	90.2	303.6	100.0	0	0.0
36.8	31.6	5.3	88.7	307.0	100.0	81	0.0
42.7	40.6	6.1	210.8	310.4	100.0	29	0.0
47.3	34.5	3.1	179.0	313.9	100.0	0	0.0
48.6	35.4	3.2	62.1	317.5	100.0	0	0.0
55.9	51.3	3.3	95.3	321.1	100.0	6	0.0
51.4	34.7	8.0	194.0	324.7	100.0	0	0.0
44.8	30.4	3.7	124.2	328.4	100.0	0	0.0
45.8	30.5	2.6	104.2	332.1	100.0	0	0.0
46.1	29.6	5.3	50.4	335.9	100.0	0	0.0
46.2	30.2	1.9	75.4	339.7	100.0	0	0.0
54.5	35.1	7.5	202.3	343.6	100.0	0	0.0
49.2	21.2	10.6	307.5	347.4	100.0	0	0.0
40.9	17.4	2.8	111.0	351.4	100.0	0	0.0
46.1	26.9	4.0	127.5	355.3	100.0	0	0.0
58.2	50.2	8.1	163.5	359.3	100.0	5	0.0
59.6	43.7	8.9	247.5	363.3	100.0	0	0.0
52.4	36.9	2.4	136.0	367.3	100.0	0	0.0
48.7	31.5	8.3	37.3	371.4	100.0	0	0.0
46.3	29.8	5.2	181.5	375.4	100.0	0	0.0
47.5	28.8	2.6	93.5	379.5	100.0	0	0.0
56.2	43.6	10.9	223.3	383.6	100.0	0	0.0
35.7	10.2	16.6	276.2	387.8	100.0	0	0.0
32.7	10.7	4.4	189.0	391.9	100.0	0	0.0
03	31	2002
39.5	15.3	5.7	86.5	396.0	100.0	0	0.0
52.4	46.6	10.2	122.3	400.2	100.0	69	0.0
54.4	46.6	8.9	207.6	404.4	100.0	5	0.0
35.7	16.4	12.8	276.0	408.5	100.0	0	0.0
37.9	16.0	3.1	120.6	412.7	100.0	0	0.0
45.4	26.3	3.2	82.7	416.9	100.0	0	0.0
51.6	36.4	1.6	76.7	421.1	100.0	0	0.0
57.0	45.7	5.6	87.3	425.2	100.0	0	0.0
65.4	57.4	6.8	121.6	429.4	100.0	9	0.0
56.5	28.9	7.8	308.8	433.6	100.0	0	0.0
48.0	20.3	4.5	68.8	437.9	100.0	0	0.0
55.3	51.7	5.7	80.5	442.2	100.0	11	0.0
59.3	55.8	6.8	197.9	446.6	100.0	20	0.0
60.4	52.4	3.6	82.1	450.8	100.0	0	0.0
65.7	54.4	4.9	138.9	455.1	100.0	0	0.0
69.8	59.0	7.5	170.2	459.4	100.0	0	0.0
68.0	61.7	5.8	108.5	463.6	100.0	0	0.0
57.6	52.6	5.5	88.2	467.9	100.0	0	0.0
63.1	53.8	9.7	94.4	472.1	100.0	0	0.0
69.0	58.2	8.4	168.0	476.3	100.0	0	0.0
58.6	55.3	5.8	94.0	480.5	100.0	36	0.0
46.9	25.0	8.0	205.6	484.7	100.0	0	0.0
45.3	25.5	4.2	131.5	488.8	100.0	0	0.0
57.4	36.6	5.2	148.8	493.0	100.0	0	0.0
65.8	53.3	6.5	144.0	497.1	100.0	0	0.0
67.3	60.7	6.7	166.9	501.1	100.0	9	0.0
63.2	50.1	7.1	219.0	505.2	100.0	0	0.0
52.6	39.4	5.6	37.5	509.2	100.0	0	0.0
61.0	49.8	4.4	108.3	513.2	100.0	0	0.0
66.0	60.2	8.1	191.3	517.1	100.0	56	0.0
68.5	63.4	6.5	180.9	521.0	100.0	25	0.0
04	30	2002
63.8	51.2	5.3	160.4	524.9	100.0	1	0.0
65.2	52.2	4.9	96.4	528.8	100.0	0	0.0
73.0	58.9	9.0	240.8	532.6	100.0	0	0.0
55.8	37.6	8.8	52.3	536.3	100.0	0	0.0
56.9	35.4	5.1	142.7	534.2	100.0	0	0.0
56.2	26.9	7.3	112.3	543.8	100.0	0	0.0
55.5	33.8	7.8	103.3	547.4	100.0	0	0.0
63.0	49.6	8.9	123.3	551.0	100.0	0	0.0
68.2	59.5	8.8	180.2	554.6	100.0	0	0.0
68.2	62.6	3.9	79.2	558.1	100.0	25	0.0
67.2	57.1	9.4	82.3	561.6	100.0	7	0.0
65.4	62.9	7.0	70.6	565.0	100.0	34	0.0
67.0	61.3	3.1	69.5	568.4	100.0	1	0.0
68.8	61.5	3.9	103.1	571.7	100.0	0	0.0
73.3	63.1	4.6	177.5	575.1	100.0	0	0.0
75.6	64.0	3.7	99.6	578.4	100.0	0	0.0
76.2	65.0	4.7	195.4	581.7	100.0	0	0.0
76.6	65.5	5.2	144.4	584.9	100.0	0	0.0
78.5	62.5	6.0	194.6	588.1	100.0	0	0.0
79.3	62.2	5.9	251.2	591.2	100.0	0	0.0
80.1	63.1	9.9	250.4	594.3	100.0	0	0.0
76.4	55.6	13.9	255.2	597.4	100.0	0	0.0
65.9	42.2	4.5	161.2	600.4	100.0	0	0.0
67.3	51.4	5.2	85.6	603.3	100.0	0	0.0
73.6	59.5	9.8	254.2	606.3	100.0	16	0.0
63.9	35.2	8.3	53.5	609.3	100.0	0	0.0
66.9	51.9	5.7	103.1	612.2	100.0	0	0.0
76.4	63.9	11.6	207.1	615.1	100.0	0	0.0
79.7	50.7	12.8	277.7	617.9	100.0	0	0.0
64.1	45.6	5.2	122.9	620.7	100.0	0	0.0
05	31	2002
69.3	64.2	5.8	153.3	623.4	100.0	55	0.0
78.6	66.2	12.0	227.7	626.1	100.0	0	0.0
77.1	66.2	8.1	218.3	628.7	100.0	1	0.0
60.2	55.4	8.9	101.7	616.6	100.0	60	0.0
60.6	53.4	5.2	71.5	633.8	100.0	0	0.0
65.1	52.9	3.7	100.8	636.3	100.0	0	0.0
74.3	64.7	6.8	204.8	638.7	100.0	0	0.0
79.2	66.1	5.8	190.4	641.0	100.0	0	0.0
80.1	65.0	8.2	236.2	643.4	100.0	0	0.0
77.9	65.7	4.4	89.0	645.6	100.0	0	0.0
71.5	66.4	8.3	84.9	647.8	100.0	112	0.0
76.6	66.8	5.2	151.2	650.0	100.0	0	0.0
76.5	65.7	12.2	233.3	652.1	100.0	54	0.0
63.5	45.6	8.1	264.0	654.1	100.0	0	0.0
64.3	46.6	3.0	92.3	656.1	100.0	0	0.0
70.8	53.4	6.9	137.7	658.1	100.0	0	0.0
75.6	63.0	8.7	189.6	660.0	100.0	0	0.0
67.4	61.7	9.2	153.5	661.8	100.0	53	0.0
56.6	38.2	8.9	25.8	663.6	100.0	0	0.0
56.7	40.3	4.4	66.0	665.3	100.0	0	0.0
58.4	43.7	6.7	96.2	667.0	100.0	0	0.0
59.3	39.9	8.7	54.4	668.6	100.0	0	0.0
60.3	44.1	2.9	134.6	670.2	100.0	0	0.0
67.8	49.0	4.3	178.8	671.7	100.0	0	0.0
72.9	53.9	3.6	139.8	673.2	100.0	0	0.0
75.8	61.3	5.9	135.0	674.6	100.0	0	0.0
74.9	59.5	5.3	93.1	676.0	100.0	0	0.0
75.4	61.0	5.5	75.4	677.3	100.0	0	0.0
74.9	63.8	7.7	64.7	678.6	100.0	0	0.0
73.0	68.4	6.1	56.1	679.8	100.0	23	0.0
76.0	67.6	3.0	83.0	680.9	100.0	0	0.0
06	30	2002
81.1	66.3	4.2	221.5	682.0	100.0	0	0.0
83.6	69.0	4.4	143.5	683.1	100.0	0	0.0
85.0	69.3	6.2	130.0	684.1	100.0	0	0.0
81.0	70.5	5.3	91.8	685.1	100.0	0	0.0
82.6	68.1	6.0	122.7	686.0	100.0	0	0.0
79.9	69.3	5.8	162.1	686.8	100.0	0	0.0
77.9	68.7	8.7	81.3	687.6	100.0	0	0.0
71.2	55.6	10.4	72.5	688.4	100.0	0	0.0
71.4	56.6	3.4	60.4	689.1	100.0	0	0.0
76.6	54.3	3.7	64.0	689.8	100.0	0	0.0
78.2	58.5	4.2	76.0	690.4	100.0	0	0.0
82.3	63.8	4.5	183.8	690.9	100.0	0	0.0
86.0	63.2	8.6	238.8	691.5	100.0	0	0.0
79.7	68.5	7.3	227.8	691.9	100.0	0	0.0
77.2	58.0	8.0	280.0	692.3	100.0	0	0.0
75.8	55.4	4.2	124.2	692.7	100.0	0	0.0
78.2	55.8	3.9	81.9	693.0	100.0	0	0.0
73.8	64.0	6.4	74.0	693.2	100.0	0	0.0
76.5	65.4	7.2	84.9	693.5	100.0	1	0.0
77.6	64.0	10.2	58.3	693.6	100.0	0	0.0
77.2	61.8	12.9	70.4	693.8	100.0	0	0.0
75.3	66.7	11.1	89.2	693.8	100.0	0	0.0
77.0	68.6	6.3	101.5	693.8	100.0	0	0.0
77.2	70.6	4.1	55.4	693.8	100.0	0	0.0
78.4	71.6	6.4	117.8	693.7	100.0	0	0.0
77.1	72.3	4.9	175.1	693.6	100.0	21	0.0
82.4	69.1	6.9	173.3	693.4	100.0	0	0.0
81.3	66.4	10.6	254.6	693.2	100.0	0	0.0
80.0	69.7	5.9	209.5	692.9	100.0	2	0.0
80.7	70.7	4.5	106.1	692.6	100.0	0	0.0
07	31	2002
82.8	69.2	4.8	111.2	692.2	100.0	0	0.0
81.7	69.3	5.7	157.6	691.8	100.0	0	0.0
81.6	66.7	4.2	143.1	691.3	100.0	0	0.0
83.9	68.0	3.6	112.9	690.8	100.0	0	0.0
87.8	66.2	3.4	97.1	690.2	100.0	0	0.0
86.1	70.2	7.4	120.6	689.6	100.0	0	0.0
82.8	65.4	8.3	99.4	689.0	100.0	0	0.0
80.5	62.0	5.3	120.3	688.2	100.0	0	0.0
81.2	70.7	5.5	168.9	687.5	100.0	0	0.0
81.4	70.9	7.7	212.5	686.7	100.0	6	0.0
77.5	69.1	6.5	131.2	685.8	100.0	0	0.0
74.1	64.7	7.9	55.8	684.9	100.0	0	0.0
77.6	69.6	5.2	97.6	683.9	100.0	0	0.0
82.3	71.9	6.7	170.3	682.9	100.0	0	0.0
83.2	71.6	4.3	151.5	681.9	100.0	0	0.0
85.8	70.5	2.9	124.2	680.8	100.0	0	0.0
86.0	66.6	3.5	128.1	679.6	100.0	0	0.0
87.8	67.5	4.7	177.9	678.4	100.0	0	0.0
89.4	63.8	11.1	268.0	677.1	100.0	0	0.0
86.7	65.8	5.7	167.1	675.8	100.0	0	0.0
84.1	67.8	6.2	115.2	674.5	100.0	0	0.0
79.6	69.5	3.9	93.1	673.0	100.0	0	0.0
79.7	70.5	4.5	128.1	671.6	100.0	0	0.0
78.3	71.7	4.6	141.6	670.1	100.0	0	0.0
83.0	68.5	6.5	216.7	668.5	100.0	0	0.0
81.6	70.3	8.4	219.4	666.9	100.0	0	0.0
84.0	70.9	7.8	233.3	665.2	100.0	0	0.0
88.3	68.9	7.8	227.3	663.5	100.0	0	0.0
87.1	71.2	7.9	213.7	661.8	100.0	0	0.0
88.3	69.7	8.5	268.5	660.0	100.0	0	0.0
83.4	68.9	7.2	190.9	658.1	100.0	97	0.0
08	31	2002
79.3	71.2	4.9	182.1	656.2	100.0	0	0.0
82.3	69.1	3.9	79.5	654.2	100.0	0	0.0
83.3	64.6	7.7	65.8	652.2	100.0	0	0.0
82.4	67.4	7.8	102.1	650.1	100.0	0	0.0
85.5	65.1	5.9	110.8	648.0	100.0	0	0.0
84.3	68.2	3.9	43.3	645.8	100.0	0	0.0
80.8	54.2	9.9	55.2	643.6	100.0	0	0.0
75.9	51.2	5.1	76.0	641.3	100.0	0	0.0
76.3	55.8	4.2	98.3	639.0	100.0	0	0.0
77.7	54.1	3.2	45.6	636.6	100.0	0	0.0
79.3	56.8	3.0	78.3	634.2	100.0	0	0.0
82.7	60.0	5.3	177.1	631.7	100.0	0	0.0
81.6	60.8	6.8	131.0	629.2	100.0	0	0.0
78.8	70.8	5.9	123.5	626.6	100.0	0	0.0
81.0	71.9	6.1	144.1	624.0	100.0	13	0.0
80.7	72.8	3.7	95.6	621.4	100.0	3	0.0
78.7	72.9	5.4	179.8	618.8	100.0	116	0.0
83.3	69.8	5.8	229.0	616.0	100.0	3	0.0
82.2	69.6	6.0	162.2	541.0	100.0	0	0.0
83.9	68.3	4.8	120.0	610.5	100.0	0	0.0
83.6	70.7	4.9	111.2	607.7	100.0	0	0.0
83.3	70.4	4.8	145.6	604.8	100.0	0	0.0
87.1	68.8	5.5	199.6	601.8	100.0	0	0.0
87.7	68.6	8.2	241.9	598.8	100.0	0	0.0
77.8	72.4	3.3	109.9	595.8	100.0	16	0.0
77.6	71.0	4.5	97.8	592.7	100.0	2	0.0
75.2	69.9	5.4	107.8	589.6	100.0	91	0.0
72.6	69.5	7.5	60.5	586.4	100.0	86	0.0
72.8	68.6	7.6	47.9	583.2	100.0	2	0.0
72.4	70.3	7.3	44.4	537.1	100.0	23	0.0
71.7	69.2	7.5	32.1	576.6	100.0	8	0.0
09	30	2002
72.6	68.4	6.4	35.8	573.2	100.0	4	0.0
75.4	68.1	6.8	59.8	569.9	100.0	0	0.0
78.8	69.1	3.4	80.4	566.6	100.0	0	0.0
80.2	68.4	2.2	70.8	563.3	100.0	0	0.0
81.3	68.8	4.3	89.8	559.9	100.0	0	0.0
79.3	62.5	4.9	75.4	556.5	100.0	0	0.0
76.8	62.1	4.8	43.8	553.0	100.0	0	0.0
77.3	61.6	7.0	55.4	549.5	100.0	0	0.0
77.5	64.3	6.4	147.9	545.9	100.0	0	0.0
79.8	55.6	7.6	300.6	542.3	100.0	0	0.0
81.4	58.3	4.5	186.2	538.7	100.0	0	0.0
78.0	55.8	10.0	69.6	535.0	100.0	0	0.0
77.0	68.2	6.5	95.0	531.3	100.0	25	0.0
75.0	71.6	3.8	100.0	527.5	100.0	166	0.0
74.0	71.5	6.7	109.1	523.7	100.0	176	0.0
78.0	71.9	4.6	220.1	519.9	100.0	1	0.0
77.7	70.5	3.2	72.7	516.0	100.0	0	0.0
73.1	70.9	3.0	99.9	512.2	100.0	100	0.0
75.8	71.3	3.7	72.5	508.2	100.0	0	0.0
76.8	69.8	5.7	99.9	504.3	100.0	0	0.0
77.0	68.5	3.4	81.7	500.3	100.0	0	0.0
79.0	67.9	3.7	95.6	496.3	100.0	0	0.0
77.6	68.3	5.8	117.7	492.2	100.0	0	0.0
74.0	64.3	8.2	47.6	488.2	100.0	0	0.0
71.4	61.7	8.8	46.2	484.1	100.0	8	0.0
75.4	72.2	9.3	106.7	480.0	100.0	74	0.0
79.9	73.5	11.7	192.8	475.9	100.0	31	0.0
75.0	67.4	4.6	82.6	471.7	100.0	0	0.0
75.0	64.8	6.3	42.1	467.5	100.0	0	0.0
74.8	64.6	6.2	56.5	463.3	100.0	0	0.0
10	31	2002
77.2	67.8	2.5	36.2	459.1	100.0	0	0.0
76.4	67.2	1.7	77.9	454.9	100.0	0	0.0
77.2	68.7	1.8	115.6	450.7	100.0	0	0.0
77.8	68.0	4.0	122.1	446.5	100.0	0	0.0
80.0	70.5	5.9	220.2	442.2	100.0	0	0.0
77.9	67.0	2.2	34.6	438.0	100.0	0	0.0
79.2	68.7	4.1	149.3	433.7	100.0	0	0.0
64.9	58.2	7.4	43.7	429.4	100.0	33	0.0
62.8	60.1	5.6	98.3	425.2	100.0	19	0.0
70.3	65.3	6.1	43.1	420.9	100.0	56	0.0
71.3	68.1	6.0	293.0	416.7	100.0	9	0.0
72.6	66.1	1.6	40.0	412.4	100.0	0	0.0
72.0	67.7	2.5	115.6	408.2	100.0	1	0.0
62.9	54.2	9.2	58.4	403.9	100.0	8	0.0
55.7	53.4	7.8	32.1	399.7	100.0	29	0.0
61.2	55.5	7.2	281.1	395.6	100.0	74	0.0
60.4	49.2	4.8	164.6	391.6	100.0	0	0.0
55.1	44.0	2.2	81.0	387.5	100.0	0	0.0
57.8	49.0	2.1	83.8	383.4	100.0	0	0.0
65.0	58.6	4.6	173.5	379.4	100.0	1	0.0
67.0	62.4	2.9	95.2	375.4	100.0	2	0.0
58.2	54.4	6.8	46.0	371.4	100.0	0	0.0
60.6	54.0	4.9	101.1	367.4	100.0	0	0.0
62.7	57.2	6.3	37.9	363.4	100.0	6	0.0
60.4	56.6	7.3	61.7	359.5	100.0	25	0.0
63.3	58.8	3.3	199.4	355.6	100.0	0	0.0
67.7	62.2	2.0	31.2	351.7	100.0	0	0.0
70.6	66.4	3.2	89.4	347.8	100.0	60	0.0
61.1	59.6	5.7	46.7	344.0	100.0	49	0.0
57.9	55.9	4.3	144.8	340.2	100.0	1	0.0
56.3	48.3	4.3	100.6	336.4	100.0	0	0.0
11	30	2002
54.5	45.2	4.1	97.7	332.7	100.0	0	0.0
49.1	37.4	2.3	142.9	329.0	100.0	0	0.0
52.5	39.9	3.1	66.5	325.4	100.0	2	0.0
54.4	50.8	2.1	78.5	321.8	100.0	4	0.0
55.2	53.0	7.5	94.9	318.3	100.0	9	0.0
62.3	50.0	15.0	276.5	314.9	100.0	18	0.0
47.6	37.4	2.9	150.8	311.6	100.0	0	0.0
50.4	39.9	3.4	131.9	308.2	100.0	0	0.0
59.8	50.9	4.3	90.4	305.0	100.0	0	0.0
68.7	62.5	8.3	135.8	301.7	100.0	0	0.0
68.3	65.7	8.1	182.4	298.6	100.0	69	0.0
62.0	60.0	5.9	186.8	295.4	100.0	31	0.0
55.0	44.5	7.0	296.0	292.4	100.0	1	0.0
47.5	36.8	1.9	84.8	289.4	100.0	0	0.0
53.9	46.2	3.3	66.2	286.4	100.0	0	0.0
58.5	56.3	4.4	128.8	283.5	100.0	69	0.0
50.6	48.0	9.9	268.2	280.7	100.0	17	0.0
41.9	31.8	4.4	199.2	277.9	100.0	0	0.0
46.7	38.1	2.6	114.6	275.2	100.0	0	0.0
51.0	46.1	1.6	52.1	272.6	100.0	0	0.0
55.2	50.3	0.5	23.1	270.0	100.0	0	0.0
50.4	36.1	10.5	278.8	267.5	100.0	0	0.0
41.6	28.2	3.9	201.2	265.1	100.0	0	0.0
48.1	36.2	2.4	113.3	262.7	100.0	0	0.0
48.8	39.0	3.2	105.4	260.4	100.0	0	0.0
48.0	36.9	1.4	85.2	258.2	100.0	0	0.0
48.7	36.6	6.4	161.9	256.0	100.0	0	0.0
37.4	23.6	4.2	139.2	253.9	100.0	0	0.0
40.2	24.4	7.4	183.8	251.9	100.0	0	0.0
54.9	30.0	15.3	248.1	250.0	100.0	0	0.0
12	31	2002
40.7	17.8	5.9	245.4	248.1	100.0	0	0.0
40.3	19.5	4.1	139.6	246.3	100.0	0	0.0
48.5	30.0	5.1	84.4	244.6	100.0	0	0.0
35.9	23.0	10.5	57.7	243.0	100.0	12	31.1
36.7	34.3	5.3	200.2	241.4	100.0	32	81.5
39.9	33.6	4.4	177.7	240.0	100.0	0	0.0
35.9	29.1	1.2	51.9	238.6	100.0	0	0.0
40.3	28.9	1.6	66.3	237.3	100.0	0	0.0
44.4	29.9	8.1	48.1	236.0	100.0	0	0.0
41.7	35.6	8.4	41.0	234.9	100.0	5	0.0
44.2	41.7	5.2	184.8	233.8	100.0	32	0.0
43.8	40.5	4.1	143.2	232.8	100.0	0	0.0
47.0	44.9	7.3	96.8	231.9	100.0	99	0.0
46.1	35.4	14.2	261.2	231.1	100.0	0	0.0
40.4	30.0	5.0	211.2	230.3	100.0	0	0.0
48.1	36.6	5.6	204.4	229.7	100.0	0	0.0
47.4	30.5	6.8	66.2	229.1	100.0	0	0.0
48.0	29.3	8.6	56.2	228.6	100.0	0	0.0
52.2	48.1	6.1	71.8	228.2	100.0	3	0.0
57.7	44.0	17.8	241.5	227.9	100.0	40	0.0
45.6	23.7	8.4	235.2	227.7	100.0	0	0.0
50.5	35.8	8.7	238.3	227.5	100.0	0	0.0
48.2	32.8	2.4	122.1	227.4	100.0	0	0.0
46.5	42.9	5.5	43.5	227.5	100.0	89	0.0
43.6	33.4	15.6	234.2	227.6	100.0	2	0.0
36.1	25.3	4.6	204.4	227.8	100.0	0	0.0
36.4	25.9	3.9	190.0	228.0	100.0	0	0.0
40.5	24.4	5.8	218.1	228.4	100.0	0	0.0
50.1	31.2	5.0	187.7	228.8	100.0	0	0.0
44.9	32.6	2.2	76.9	229.3	100.0	0	0.0
52.5	45.9	4.3	66.0	229.9	100.0	0	0.0
