   1    31    1982
32.5	31.6	3.1	108.3	77.0	98.0	33.0	.0	
32.6	31.7	3.5	140.8	88.8	80.0	62.0	.0	
30.0	29.2	3.0	73.8	77.3	70.0	.0	33.0	
27.1	23.7	4.2	194.2	97.8	59.0	.0	35.6	
19.6	15.7	2.5	36.3	143.8	14.0	.0	7.6	
24.5	19.2	3.9	106.3	78.4	91.0	.0	2.5	
35.1	33.2	7.1	152.9	101.6	98.0	73.0	.0	
41.9	41.5	4.6	125.4	67.2	98.0	102.0	.0	
37.4	36.8	2.0	42.1	91.5	95.0	.0	.0	
38.3	37.9	3.6	134.2	45.8	98.0	47.0	.0	
41.2	39.4	3.9	211.3	83.4	76.0	8.0	.0	
37.8	37.5	2.0	13.8	46.7	98.0	9.0	.0	
43.5	43.3	5.3	144.6	45.3	98.0	36.0	.0	
45.1	44.7	6.4	231.3	51.9	98.0	44.0	.0	
43.9	43.6	4.7	150.0	42.6	98.0	122.0	.0	
44.5	43.1	10.1	197.9	47.8	97.0	251.0	.0	
42.7	40.3	10.3	231.7	52.4	98.0	77.0	.0	
37.0	35.3	2.7	71.3	110.4	72.0	3.0	.0	
36.1	34.9	3.7	73.3	64.1	92.0	4.0	.0	
37.0	34.4	4.4	95.0	75.3	98.0	26.0	.0	
33.8	29.5	3.6	172.5	90.8	94.0	5.0	.0	
36.6	35.7	4.4	108.8	54.3	98.0	184.0	.0	
48.3	47.5	12.6	219.2	52.8	98.0	273.0	.0	
42.8	40.1	5.2	163.3	71.7	88.0	8.0	.0	
44.4	42.6	11.8	125.0	53.0	98.0	176.0	.0	
43.5	38.0	12.8	220.8	66.3	91.0	46.0	.0	
39.9	38.4	3.7	87.9	53.0	98.0	44.0	.0	
42.3	41.4	2.7	46.3	68.4	97.0	15.0	.0	
44.6	44.1	7.2	168.3	62.6	98.0	131.0	.0	
45.8	44.3	9.2	202.9	68.3	97.0	111.0	.0	
42.8	39.2	4.1	166.3	71.8	93.0	13.0	.0	
   2    28    1982
45.0	44.3	5.0	232.5	61.0	98.0	79.0	.0	
44.7	43.6	2.8	180.8	91.9	96.0	7.0	.0	
40.1	28.8	6.3	46.3	205.6	14.0	.0	.0	
34.8	25.6	3.8	115.8	97.2	65.0	.0	.0	
36.8	30.7	3.7	123.3	177.4	63.0	.0	.0	
39.4	29.2	4.1	52.1	196.3	49.0	.0	.0	
39.3	22.8	6.1	142.1	208.4	11.0	.0	.0	
35.5	21.9	5.0	45.8	111.5	76.0	.0	.0	
32.8	22.5	4.6	79.6	206.1	18.0	.0	.0	
32.9	25.4	6.0	99.6	106.7	72.0	71.0	.0	
39.4	37.8	6.2	122.5	119.5	90.0	56.0	.0	
45.9	45.0	12.4	175.0	60.1	98.0	226.0	.0	
48.4	47.8	8.4	158.8	68.0	98.0	507.0	.0	
48.2	47.7	9.6	173.3	74.5	98.0	163.0	.0	
49.0	48.2	11.8	176.3	81.7	98.0	176.0	.0	
47.9	47.3	10.6	187.9	81.9	98.0	79.0	.0	
44.1	39.9	4.4	176.7	191.4	86.0	21.0	.0	
46.5	44.4	10.1	152.1	84.4	98.0	168.0	.0	
47.8	46.8	11.3	164.6	86.3	98.0	95.0	.0	
43.3	40.1	7.6	207.5	92.9	78.0	62.0	.0	
36.6	34.2	4.9	105.0	168.6	81.0	64.0	.0	
34.3	32.7	3.7	114.6	137.5	92.0	56.0	.0	
33.4	32.0	3.0	89.2	169.8	92.0	51.0	.0	
36.7	34.8	8.4	116.7	104.6	96.0	39.0	.0	
42.9	38.6	8.8	146.7	117.7	98.0	6.0	.0	
42.4	40.1	9.1	150.4	107.8	98.0	64.0	.0	
39.6	36.1	5.2	92.9	128.4	92.0	2.0	.0	
45.0	40.5	6.5	103.8	120.5	84.0	68.0	.0	
   3    31    1982
46.6	43.8	10.8	148.8	137.6	91.0	46.0	.0	
41.7	39.9	8.8	136.3	84.6	98.0	132.0	.0	
41.8	40.7	6.5	168.8	91.3	86.0	139.0	.0	
39.0	36.8	2.7	85.8	153.3	73.0	.0	.0	
41.4	36.7	2.7	96.7	194.0	82.0	.0	.0	
38.8	33.5	2.4	105.4	231.3	55.0	.0	.0	
42.3	31.3	2.7	40.4	348.5	3.0	.0	.0	
44.9	39.6	4.7	81.3	194.8	67.0	18.0	.0	
46.4	44.5	4.7	153.3	138.7	98.0	53.0	.0	
43.3	39.3	4.6	141.3	180.4	97.0	68.0	.0	
41.2	32.4	10.3	255.8	216.3	80.0	7.0	.0	
41.9	40.3	7.1	194.2	116.8	98.0	117.0	.0	
39.7	38.0	2.6	105.0	129.1	85.0	34.0	.0	
37.2	32.6	3.5	98.3	264.2	65.0	.0	.0	
37.4	33.0	4.3	77.5	212.9	63.0	1.0	.0	
41.0	28.9	6.6	106.3	382.2	10.0	.0	.0	
40.1	27.6	5.2	88.8	388.1	12.0	.0	.0	
44.6	24.0	6.9	96.3	418.5	2.0	.0	.0	
39.6	33.8	4.3	130.0	243.9	57.0	3.0	.0	
39.9	33.8	3.7	135.4	330.1	26.0	.0	.0	
40.3	34.7	4.1	118.8	386.5	28.0	.0	.0	
41.4	33.5	3.9	117.1	395.2	15.0	.0	.0	
40.8	37.3	3.3	108.8	162.2	67.0	1.0	.0	
45.4	38.3	3.0	70.4	370.9	51.0	.0	.0	
45.7	42.9	9.1	182.9	153.3	98.0	51.0	.0	
40.6	38.0	4.4	119.2	192.7	94.0	68.0	.0	
40.2	36.7	5.7	110.4	186.7	93.0	65.0	.0	
40.6	36.3	5.5	118.8	309.2	76.0	35.0	.0	
38.5	34.4	4.6	122.1	279.9	65.0	7.0	.0	
39.0	36.6	5.8	122.5	185.9	98.0	50.0	.0	
38.5	35.5	5.7	140.0	179.4	81.0	15.0	.0	
   4    30    1982
37.5	35.5	5.2	115.0	150.9	87.0	24.0	.0	
39.9	36.4	4.3	71.7	183.1	96.0	12.0	.0	
40.5	38.5	4.8	115.0	162.9	98.0	81.0	.0	
39.0	36.3	3.3	89.2	181.8	92.0	3.0	.0	
41.2	32.5	4.9	75.8	360.1	64.0	.0	.0	
40.0	32.5	3.2	84.6	444.1	20.0	.0	.0	
40.9	34.1	3.7	98.3	441.2	19.0	1.0	.0	
42.2	32.7	4.3	129.2	460.7	35.0	.0	.0	
41.6	31.3	3.5	113.3	452.1	48.0	.0	.0	
41.4	34.3	3.8	125.4	258.7	95.0	.0	.0	
45.3	44.1	9.1	150.4	144.2	98.0	220.0	.0	
43.4	41.2	10.7	164.2	154.3	98.0	213.0	.0	
39.7	36.5	9.1	173.8	170.8	95.0	72.0	.0	
38.0	36.0	5.6	145.0	229.0	91.0	65.0	.0	
41.6	38.9	5.7	174.6	307.7	88.0	39.0	.0	
42.8	40.6	7.5	146.3	180.6	98.0	81.0	.0	
41.1	35.9	6.5	206.3	352.9	70.0	33.0	.0	
39.3	32.9	5.2	168.3	380.4	64.0	16.0	.0	
43.3	32.2	4.6	101.7	537.1	15.0	.0	.0	
50.3	32.5	4.8	77.5	546.3	19.0	.0	.0	
57.2	32.4	4.6	120.0	590.0	12.0	.0	.0	
52.3	40.3	6.3	161.7	532.7	41.0	.0	.0	
46.2	34.1	7.2	252.5	371.8	62.0	.0	.0	
45.2	35.0	5.9	187.5	546.8	30.0	.0	.0	
45.8	32.7	5.2	162.1	524.0	73.0	.0	.0	
44.8	36.3	3.6	136.3	260.3	94.0	.0	.0	
44.8	38.6	6.8	125.8	252.7	98.0	36.0	.0	
46.1	39.3	10.2	211.3	441.2	79.0	62.0	.0	
44.7	38.6	4.9	141.3	356.1	98.0	14.0	.0	
46.7	37.3	4.5	141.3	496.2	54.0	.0	.0	
   5    31    1982
45.5	42.7	5.2	125.0	192.6	93.0	10.0	.0	
45.9	40.6	6.5	156.3	243.8	87.0	22.0	.0	
44.0	38.4	7.2	222.5	397.4	78.0	43.0	.0	
45.9	40.2	4.8	172.5	330.7	83.0	12.0	.0	
50.0	42.5	4.5	183.8	509.3	83.0	.0	.0	
49.3	42.3	5.5	175.0	383.0	88.0	6.0	.0	
47.8	40.7	8.5	286.3	261.0	98.0	4.0	.0	
48.6	39.0	4.3	162.1	554.6	39.0	.0	.0	
47.3	40.9	3.8	156.3	265.6	96.0	.0	.0	
50.5	41.2	5.1	187.9	519.0	79.0	.0	.0	
49.5	42.6	3.1	153.3	284.8	98.0	.0	.0	
49.3	41.8	4.3	180.0	319.9	92.0	6.0	.0	
47.9	41.6	3.3	135.0	270.3	98.0	4.0	.0	
49.9	42.8	3.9	168.3	417.0	59.0	1.0	.0	
51.8	39.5	3.4	134.6	575.6	36.0	.0	.0	
49.7	46.9	4.9	107.1	203.3	98.0	22.0	.0	
48.6	44.3	4.4	158.8	366.0	87.0	14.0	.0	
47.6	40.8	4.8	166.3	424.6	65.0	5.0	.0	
49.7	41.4	5.2	162.9	615.9	61.0	.0	.0	
52.3	44.5	5.0	228.8	337.2	83.0	.0	.0	
52.3	44.6	5.8	234.2	408.2	95.0	3.0	.0	
49.4	43.3	4.5	158.3	353.1	73.0	3.0	.0	
52.8	41.2	4.4	166.3	466.2	83.0	.0	.0	
56.6	45.8	7.2	248.8	590.6	38.0	.0	.0	
51.7	41.1	9.9	308.3	624.4	65.0	.0	.0	
52.0	39.8	6.5	215.8	577.8	32.0	.0	.0	
51.4	44.0	5.5	156.3	652.8	23.0	.0	.0	
54.8	45.4	5.2	144.2	661.9	28.0	.0	.0	
56.2	41.4	5.9	215.0	702.8	2.0	.0	.0	
54.2	46.1	6.2	221.7	670.1	28.0	.0	.0	
54.1	46.0	7.0	207.5	551.1	89.0	.0	.0	
   6    30    1982
50.8	44.0	4.9	162.5	370.3	94.0	.0	.0	
52.3	42.1	3.5	139.6	366.6	87.0	.0	.0	
50.2	42.3	4.5	145.4	460.0	64.0	.0	.0	
49.4	44.3	4.3	160.8	276.8	95.0	4.0	.0	
50.0	46.2	6.0	202.5	274.3	98.0	9.0	.0	
51.2	43.8	5.7	191.7	639.5	36.0	.0	.0	
52.2	45.5	5.2	256.7	295.5	98.0	.0	.0	
53.5	46.6	6.0	326.3	484.7	98.0	.0	.0	
56.2	47.3	5.7	220.8	639.9	85.0	.0	.0	
59.1	46.3	4.6	160.8	703.6	12.0	.0	.0	
51.2	47.2	6.0	178.8	381.1	84.0	.0	.0	
53.6	49.2	5.4	178.3	266.2	98.0	.0	.0	
52.4	49.8	4.7	212.9	217.2	98.0	3.0	.0	
53.3	50.0	4.9	228.8	297.1	98.0	1.0	.0	
56.9	49.2	6.5	280.0	545.5	65.0	.0	.0	
59.3	49.7	6.5	255.4	687.0	35.0	.0	.0	
62.1	51.8	5.5	205.4	700.2	33.0	.0	.0	
75.8	51.3	4.9	152.9	698.2	15.0	.0	.0	
59.6	52.8	6.8	209.2	608.9	39.0	.0	.0	
58.2	51.6	5.5	243.3	558.5	70.0	.0	.0	
56.7	49.5	7.3	316.7	450.3	98.0	.0	.0	
55.7	48.1	6.0	249.2	466.4	65.0	.0	.0	
58.4	48.3	5.4	238.8	679.4	38.0	.0	.0	
60.0	48.3	6.5	162.5	670.6	48.0	.0	.0	
56.0	52.3	7.0	162.5	317.5	98.0	12.0	.0	
58.3	55.8	4.7	154.2	275.3	88.0	114.0	.0	
55.2	54.3	8.3	162.5	207.0	98.0	84.0	.0	
59.0	54.2	5.1	234.6	443.7	81.0	12.0	.0	
57.4	54.4	5.2	190.8	341.8	98.0	.0	.0	
56.1	52.4	5.0	190.8	246.0	98.0	.0	.0	
   7    31    1982
57.6	52.7	5.4	152.5	324.5	98.0	8.0	.0	
57.2	54.9	7.5	153.3	258.2	98.0	19.0	.0	
55.8	51.6	7.0	156.7	348.0	90.0	7.0	.0	
54.0	50.9	7.4	140.0	250.5	86.0	15.0	.0	
55.8	48.2	4.1	137.5	409.7	95.0	.0	.0	
57.3	48.1	4.3	132.1	364.9	85.0	.0	.0	
57.0	47.6	5.6	176.3	548.1	70.0	.0	.0	
56.6	47.6	4.4	107.9	413.5	84.0	.0	.0	
57.8	51.8	4.7	108.3	350.4	89.0	.0	.0	
60.0	49.7	4.9	190.4	473.6	89.0	.0	.0	
58.2	49.8	4.5	189.2	429.7	65.0	.0	.0	
61.1	49.7	4.5	162.5	590.7	51.0	.0	.0	
55.3	52.8	3.7	126.7	204.1	94.0	32.0	.0	
55.6	48.7	7.5	250.8	424.6	80.0	13.0	.0	
54.3	51.9	5.9	230.4	218.6	95.0	31.0	.0	
57.8	51.5	4.9	182.9	443.7	79.0	.0	.0	
58.5	52.6	6.2	205.8	519.1	82.0	.0	.0	
57.2	53.3	4.2	178.3	288.5	98.0	3.0	.0	
57.8	52.5	5.3	256.7	332.9	97.0	3.0	.0	
56.0	49.1	4.4	231.7	358.7	98.0	14.0	.0	
56.1	48.8	4.9	133.3	465.2	63.0	.0	.0	
56.8	49.4	6.6	222.5	493.2	75.0	.0	.0	
57.9	51.1	5.2	206.3	623.7	37.0	.0	.0	
58.2	51.0	4.1	151.3	672.5	7.0	.0	.0	
55.0	51.8	4.1	147.9	351.0	80.0	.0	.0	
58.2	53.2	4.3	182.1	533.5	65.0	1.0	.0	
58.0	54.4	4.6	150.4	460.1	92.0	.0	.0	
58.9	55.2	3.4	160.0	272.6	98.0	1.0	.0	
57.1	54.0	4.3	211.7	264.0	98.0	1.0	.0	
56.2	52.9	4.5	242.1	247.0	98.0	4.0	.0	
56.7	50.8	3.7	127.9	272.5	97.0	1.0	.0	
   8    31    1982
56.6	52.4	4.6	144.6	265.9	98.0	9.0	.0	
57.9	53.9	4.3	191.3	280.9	84.0	25.0	.0	
55.0	46.2	3.0	125.4	322.3	83.0	.0	.0	
56.7	47.8	3.8	122.9	535.5	77.0	.0	.0	
58.2	51.4	5.2	123.3	264.8	94.0	.0	.0	
64.0	55.8	4.3	181.3	561.4	39.0	.0	.0	
63.3	53.2	3.9	162.1	571.8	20.0	.0	.0	
58.8	54.6	5.2	283.3	301.9	95.0	1.0	.0	
57.9	55.4	4.5	260.4	210.3	98.0	1.0	.0	
57.7	54.5	2.7	119.6	216.8	96.0	28.0	.0	
58.7	53.2	4.8	185.0	371.3	91.0	12.0	.0	
56.7	55.6	6.5	152.1	184.8	98.0	106.0	.0	
57.2	51.5	4.9	191.7	387.1	73.0	12.0	.0	
56.6	49.4	4.0	170.4	440.1	56.0	.0	.0	
58.0	49.1	3.1	136.3	391.6	79.0	.0	.0	
57.5	49.7	4.1	140.0	459.6	50.0	.0	.0	
57.4	47.6	5.1	179.2	561.7	4.0	.0	.0	
58.1	50.0	4.5	155.0	581.1	23.0	.0	.0	
60.5	48.6	4.5	175.4	529.8	15.0	.0	.0	
60.6	53.2	3.2	150.8	553.7	22.0	.0	.0	
56.6	53.2	3.6	125.0	491.5	42.0	.0	.0	
61.6	50.0	4.3	145.8	505.1	2.0	.0	.0	
64.5	51.6	4.1	138.8	524.3	2.0	.0	.0	
69.8	53.7	3.7	153.3	508.7	2.0	.0	.0	
59.4	55.9	6.8	175.8	337.2	73.0	.0	.0	
60.1	55.8	5.6	156.3	243.2	98.0	.0	.0	
59.1	56.7	4.2	109.6	255.8	98.0	2.0	.0	
62.0	56.9	3.3	168.8	279.8	90.0	10.0	.0	
59.1	54.7	3.5	167.5	273.6	93.0	1.0	.0	
58.5	56.1	3.9	132.1	224.4	98.0	47.0	.0	
59.1	52.5	3.8	189.2	344.4	70.0	.0	.0	
   9    30    1982
65.4	56.2	5.2	190.8	469.4	42.0	.0	.0	
65.9	57.0	5.4	159.2	444.7	52.0	.0	.0	
60.4	57.3	8.0	170.4	217.5	98.0	7.0	.0	
60.3	57.8	4.9	147.5	225.1	86.0	10.0	.0	
60.8	54.7	3.4	128.3	437.3	49.0	.0	.0	
58.6	56.3	3.8	109.2	168.9	98.0	8.0	.0	
63.4	58.7	4.2	118.8	236.2	98.0	2.0	.0	
61.4	58.3	7.6	150.0	245.6	98.0	80.0	.0	
56.5	51.9	5.1	179.6	267.7	89.0	54.0	.0	
54.2	49.7	3.6	112.1	286.7	74.0	28.0	.0	
57.5	56.1	5.2	202.5	148.2	98.0	129.0	.0	
55.2	51.2	2.7	116.7	307.8	49.0	.0	.0	
56.3	46.2	3.4	90.8	429.9	2.0	.0	.0	
60.1	39.6	7.6	52.5	435.1	3.0	.0	.0	
54.3	43.5	2.9	127.1	257.5	46.0	.0	.0	
59.1	47.6	3.5	127.9	427.1	9.0	.0	.0	
61.6	47.6	2.9	83.3	431.6	2.0	.0	.0	
57.0	52.4	2.5	99.6	371.7	28.0	.0	.0	
57.4	56.2	3.9	114.6	187.8	85.0	2.0	.0	
58.4	56.9	2.0	114.2	166.9	98.0	2.0	.0	
59.7	55.4	3.0	190.8	164.5	98.0	.0	.0	
59.7	54.1	3.4	107.5	407.5	15.0	.0	.0	
58.9	53.3	2.0	61.7	387.6	2.0	.0	.0	
58.9	54.2	8.5	154.2	208.6	90.0	2.0	.0	
55.5	52.8	5.4	123.3	139.8	98.0	54.0	.0	
55.0	50.2	3.8	137.5	339.4	53.0	3.0	.0	
52.6	49.6	3.3	130.8	171.4	98.0	.0	.0	
53.0	44.3	7.6	249.2	318.8	34.0	.0	.0	
48.9	43.2	3.2	90.4	364.2	6.0	.0	.0	
50.0	41.5	2.9	107.1	355.1	2.0	.0	.0	
  10    31    1982
52.0	50.6	4.4	132.1	133.2	93.0	67.0	.0	
51.3	47.5	4.1	149.6	262.5	62.0	1.0	.0	
48.6	45.6	2.9	71.7	179.4	86.0	.0	.0	
51.5	46.9	3.3	83.8	205.1	81.0	3.0	.0	
54.0	47.6	9.0	125.4	134.0	97.0	13.0	.0	
50.6	48.6	7.9	186.3	124.8	92.0	284.0	.0	
47.7	44.9	4.5	122.1	195.9	87.0	28.0	.0	
49.6	48.8	3.4	52.9	93.5	98.0	29.0	.0	
52.5	47.8	2.4	63.3	308.9	11.0	.0	.0	
53.5	48.9	2.7	102.5	296.5	14.0	.0	.0	
51.8	47.8	2.7	85.8	301.8	17.0	.0	.0	
51.9	46.9	2.4	97.5	297.6	2.0	.0	.0	
54.0	47.9	2.0	63.3	311.2	2.0	.0	.0	
55.6	46.5	2.1	86.3	273.1	40.0	.0	.0	
55.4	53.4	5.6	161.3	109.4	98.0	.0	.0	
51.0	48.2	6.0	207.9	143.2	78.0	77.0	.0	
46.3	38.3	5.1	202.9	252.1	27.0	.0	.0	
41.7	35.1	3.9	62.1	293.5	2.0	.0	.0	
44.6	36.6	3.9	45.4	273.7	22.0	.0	.0	
46.3	43.1	4.3	90.4	98.0	68.0	39.0	.0	
55.0	53.2	8.9	117.1	102.4	98.0	135.0	.0	
55.4	52.6	12.2	159.2	105.5	76.0	94.0	.0	
55.9	53.4	13.5	163.3	78.7	98.0	41.0	.0	
55.3	53.6	11.7	158.8	67.8	98.0	209.0	.0	
54.8	52.2	10.7	150.4	92.9	98.0	117.0	.0	
50.6	46.1	11.5	205.8	96.1	96.0	81.0	.0	
49.5	48.0	6.2	125.4	77.0	97.0	51.0	.0	
49.0	46.8	7.2	100.4	69.1	95.0	30.0	.0	
46.6	40.5	4.2	115.0	227.6	4.0	.0	.0	
45.9	43.5	2.5	97.9	99.7	95.0	4.0	.0	
50.3	48.7	5.0	182.9	68.8	93.0	58.0	.0	
  11    30    1982
42.9	40.5	2.0	45.0	183.7	29.0	.0	.0	
43.4	38.3	3.1	37.5	147.4	93.0	.0	.0	
50.5	44.7	8.1	127.9	62.9	98.0	136.0	.0	
47.6	44.6	5.1	148.8	142.2	74.0	58.0	.0	
47.2	44.6	8.2	205.4	97.2	89.0	111.0	.0	
42.0	40.4	3.9	110.0	111.0	90.0	115.0	.0	
42.3	40.6	5.8	89.6	51.8	98.0	61.0	.0	
39.4	33.0	4.2	70.8	176.5	35.0	.0	.0	
38.8	28.2	3.9	65.0	192.6	2.0	.0	.0	
35.3	31.5	2.1	94.6	166.9	30.0	.0	.0	
38.2	33.8	2.9	57.9	165.3	66.0	.0	.0	
39.5	36.2	2.6	117.9	112.7	57.0	1.0	.0	
34.5	31.1	2.0	42.9	147.2	11.0	.0	.0	
35.1	30.0	2.0	22.1	155.9	36.0	.0	.0	
39.8	37.4	5.4	92.1	49.8	98.0	95.0	.0	
47.1	46.3	8.5	160.4	56.5	98.0	144.0	.0	
43.8	41.8	3.5	134.2	88.6	87.0	25.0	.0	
42.6	40.3	4.7	79.6	55.8	93.0	42.0	.0	
41.5	39.1	4.2	117.5	101.5	76.0	47.0	.0	
36.4	34.8	2.9	98.8	107.0	77.0	50.0	.0	
35.7	28.8	6.0	46.3	135.1	41.0	14.0	.0	
36.1	19.6	8.2	44.6	155.6	2.0	.0	.0	
35.5	25.6	3.9	50.8	160.3	5.0	.0	.0	
31.8	28.1	2.0	47.5	83.2	55.0	.0	.0	
36.2	32.3	2.1	41.7	63.4	83.0	9.0	.0	
46.4	44.8	5.9	105.0	45.1	98.0	63.0	.0	
49.0	46.7	8.4	143.8	47.0	98.0	92.0	.0	
48.6	47.4	9.0	178.8	59.0	98.0	121.0	.0	
44.9	43.5	3.8	79.2	58.1	98.0	24.0	.0	
43.5	41.8	7.0	135.0	41.1	97.0	63.0	.0	
  12    31    1982
42.5	41.5	2.0	57.1	69.5	86.0	18.0	.0	
45.9	43.4	9.2	147.9	51.4	98.0	94.0	.0	
48.4	47.1	11.4	200.4	39.6	89.0	147.0	.0	
39.3	38.0	2.0	42.5	62.2	77.0	4.0	.0	
37.3	34.8	3.2	91.3	79.3	81.0	.0	.0	
37.9	35.5	2.3	63.8	118.2	40.0	4.0	.0	
31.9	30.6	2.0	45.8	81.9	55.0	.0	.0	
35.1	32.8	2.0	26.3	49.4	94.0	.0	.0	
36.5	31.6	2.0	23.8	105.7	34.0	.0	.0	
36.6	32.1	2.0	45.8	101.9	15.0	.0	.0	
44.2	39.9	6.4	103.8	49.4	84.0	51.0	.0	
46.8	45.8	3.2	100.0	40.1	95.0	84.0	.0	
42.2	40.9	3.8	95.4	37.8	84.0	46.0	.0	
45.7	43.4	9.2	141.3	27.2	98.0	167.0	.0	
47.5	45.3	8.5	124.2	47.6	98.0	93.0	.0	
48.0	44.4	12.6	161.7	45.4	96.0	70.0	.0	
44.0	41.9	9.0	177.1	40.8	98.0	95.0	.0	
44.5	40.7	13.3	166.3	33.4	98.0	61.0	.0	
41.5	36.8	6.0	110.4	74.5	90.0	14.0	.0	
39.3	36.6	4.3	69.6	48.2	98.0	4.0	.0	
42.1	40.3	5.9	122.5	39.4	98.0	114.0	.0	
39.1	36.7	4.8	134.2	47.8	89.0	46.0	.0	
37.4	36.2	2.2	63.8	85.6	73.0	22.0	.0	
41.7	39.4	5.5	103.3	31.7	95.0	25.0	.0	
41.9	36.3	6.4	90.8	37.5	96.0	66.0	.0	
32.5	31.3	2.0	40.8	99.0	38.0	.0	.0	
35.8	27.2	6.2	32.9	120.4	2.0	.0	.0	
31.4	25.2	2.4	40.0	106.4	10.0	.0	.0	
31.4	27.8	2.0	44.6	108.9	29.0	.0	.0	
30.4	26.6	2.0	20.8	120.5	3.0	.0	.0	
32.2	28.7	2.6	61.7	88.8	51.0	.0	.0	
