1 31 1990
41.3	36.9	12.5	187.0	45.1	86.2	.0	.0	
38.2	32.3	6.9	153.8	54.8	86.7	.0	.0	
43.1	39.9	13.9	175.8	36.5	100.0	15.7	.0	
46.7	43.8	12.8	185.0	36.8	100.0	23.6	.0	
48.5	46.3	13.2	161.4	37.1	100.0	94.5	.0	
48.0	43.8	12.9	157.8	40.9	87.9	90.6	.0	
48.1	44.5	14.6	158.6	40.1	97.9	66.9	.0	
46.0	43.3	11.8	174.2	38.9	96.2	43.3	.0	
47.7	46.5	13.8	187.8	38.6	98.8	283.5	.0	
39.7	35.0	8.8	107.8	39.1	95.4	.0	.0	
44.3	32.2	12.6	72.2	39.5	100.0	.0	.0	
45.2	38.4	5.8	167.4	40.0	97.9	.0	.0	
47.1	42.6	6.7	157.8	40.5	100.0	7.9	.0	
45.8	44.4	6.5	225.0	41.1	98.3	3.9	.0	
44.3	42.9	6.4	147.0	41.7	98.8	3.9	.0	
43.4	40.4	9.0	57.0	62.4	91.2	.0	.0	
40.2	35.0	5.6	145.8	101.5	51.2	.0	.0	
35.2	31.9	7.0	146.2	107.4	27.5	.0	.0	
39.6	28.9	5.9	139.8	122.1	22.1	.0	.0	
40.6	31.9	4.1	144.2	82.7	79.6	.0	.0	
43.0	36.9	7.9	155.0	45.6	100.0	15.7	.0	
43.6	40.1	17.1	193.4	46.6	89.2	43.3	.0	
40.9	33.5	11.6	188.2	109.3	49.6	.0	.0	
42.6	33.5	13.4	176.6	49.0	93.8	.0	.0	
40.1	36.3	13.9	184.6	48.7	100.0	39.4	.0	
36.1	32.2	11.7	175.8	51.2	86.7	3.9	.0	
41.6	34.4	18.2	189.8	59.2	95.4	27.6	.0	
42.6	39.8	18.2	187.0	51.3	97.5	66.9	.0	
40.0	34.9	15.3	174.2	52.2	71.7	39.4	.0	
38.2	35.9	8.6	155.8	53.1	97.9	35.4	.0	
37.1	34.5	12.4	153.4	54.1	92.1	78.7	.0	
2 28 1990
40.7	37.0	15.0	180.6	91.5	92.5	7.9	.0	
44.8	39.6	16.6	171.8	56.0	98.8	19.7	.0	
42.0	37.6	11.6	162.2	57.1	99.2	51.2	.0	
40.2	34.9	15.0	175.0	61.6	97.5	11.8	.0	
39.1	35.8	16.4	183.0	59.3	99.2	27.6	.0	
35.4	31.5	14.3	168.2	60.4	97.5	7.9	.0	
35.6	30.3	16.0	181.0	61.6	95.8	23.6	.0	
39.8	35.8	8.8	180.6	62.8	97.9	11.8	.0	
46.5	44.3	18.6	183.8	64.0	100.0	.0	.0	
49.5	47.6	18.4	184.6	65.2	100.0	23.6	.0	
41.1	34.4	18.9	197.0	136.8	70.8	19.7	.0	
32.1	26.5	11.4	150.2	73.9	87.1	.0	.0	
30.4	15.1	12.2	151.0	195.3	21.2	.0	.0	
28.5	17.7	9.6	159.0	92.7	69.6	3.9	.0	
34.0	31.8	12.3	180.6	72.6	96.7	23.6	.0	
33.7	30.9	8.8	145.0	73.5	98.8	15.7	60.0	
28.4	24.6	13.3	97.8	188.6	44.2	.0	140.0	
29.7	26.1	5.8	104.2	190.9	30.0	.0	.0	
33.1	28.0	6.8	163.8	85.0	75.0	11.8	.0	
40.5	36.5	10.4	169.4	78.8	100.0	55.1	.0	
43.8	41.9	6.6	220.2	80.7	99.2	.0	.0	
41.9	39.0	9.4	114.6	130.3	57.1	.0	.0	
42.8	39.8	4.9	135.8	120.8	83.8	.0	.0	
48.9	47.0	5.6	213.4	84.8	97.5	.0	.0	
45.7	40.2	10.9	32.6	97.8	77.5	.0	.0	
44.3	35.5	12.6	60.2	218.0	52.5	.0	.0	
52.0	23.9	11.7	68.2	250.0	4.2	.0	.0	
53.0	22.8	6.9	141.8	259.9	2.1	.0	.0	
3 31 1990
48.0	30.5	5.7	198.6	264.9	.0	.0	.0	
49.7	33.8	7.5	183.0	269.6	9.6	.0	.0	
49.0	39.3	6.5	131.8	98.8	91.7	3.9	.0	
49.1	41.8	6.7	195.0	103.1	94.6	.0	.0	
47.7	43.3	8.9	191.4	107.9	97.1	.0	.0	
45.4	43.9	7.8	166.6	101.2	100.0	19.7	.0	
44.0	41.3	11.7	170.6	102.9	98.3	47.2	.0	
37.0	34.7	13.6	177.8	108.6	95.4	35.4	.0	
43.0	39.7	11.1	153.8	106.4	100.0	51.2	.0	
41.3	36.1	13.5	185.4	250.3	60.8	3.9	.0	
39.7	32.7	6.2	144.6	185.4	56.7	.0	.0	
41.5	31.8	4.9	160.2	248.1	51.7	.0	.0	
41.0	31.7	8.2	179.4	144.8	77.9	31.5	.0	
45.3	41.1	12.0	190.2	159.2	82.1	19.7	.0	
47.0	37.1	6.6	191.4	205.1	59.6	.0	.0	
49.3	40.9	7.7	164.6	125.3	83.3	.0	.0	
51.4	48.6	6.9	165.4	121.1	98.8	39.4	.0	
50.8	46.8	6.7	217.0	149.6	76.2	.0	.0	
50.0	46.0	8.5	209.4	235.8	81.7	7.9	.0	
51.4	46.2	8.6	195.8	176.5	80.8	.0	.0	
49.7	43.2	8.9	164.6	235.5	62.5	.0	.0	
43.9	41.9	11.1	191.8	130.5	97.5	27.6	.0	
42.7	38.0	9.1	112.2	132.4	97.5	3.9	.0	
47.4	29.2	12.6	66.6	383.7	5.4	.0	.0	
50.2	22.8	9.5	139.4	199.2	42.9	.0	.0	
48.5	29.4	7.1	199.8	326.6	21.7	.0	.0	
50.4	35.4	7.7	186.6	398.5	4.2	.0	.0	
52.9	36.0	6.6	174.6	385.9	21.2	.0	.0	
49.1	41.0	5.4	175.4	221.1	50.0	.0	.0	
45.0	43.5	4.4	172.2	145.6	83.3	.0	.0	
50.0	45.1	4.5	169.8	147.4	90.8	.0	.0	
4 30 1990
49.4	45.8	4.7	183.8	202.2	85.8	.0	.0	
50.5	44.7	6.4	175.0	175.9	72.9	.0	.0	
51.7	40.7	11.1	139.4	436.7	1.2	.0	.0	
53.0	40.5	10.2	141.8	442.4	8.3	.0	.0	
52.8	39.4	6.9	204.2	359.9	34.2	.0	.0	
50.2	41.1	6.8	217.0	332.0	29.6	.0	.0	
46.2	42.9	8.3	197.0	222.8	65.0	.0	.0	
47.4	40.6	9.6	197.0	200.0	79.6	.0	.0	
49.6	38.7	7.2	181.8	245.6	66.2	.0	.0	
56.1	42.1	8.3	207.4	193.3	87.9	.0	.0	
53.3	48.5	10.9	189.8	234.5	86.2	19.7	.0	
52.0	43.5	5.8	213.8	169.7	83.8	.0	.0	
51.1	49.6	4.5	126.2	171.5	99.2	35.4	.0	
54.9	51.4	7.3	247.4	173.2	95.4	3.9	.0	
58.4	50.1	8.8	265.0	365.2	56.2	.0	.0	
61.9	50.1	7.3	188.2	225.3	67.5	.0	.0	
52.3	51.1	6.9	170.6	179.4	95.8	15.7	.0	
51.7	43.5	6.4	203.0	209.1	96.7	.0	.0	
53.3	49.9	5.6	171.0	181.8	100.0	.0	.0	
52.7	51.0	5.4	216.6	183.4	99.6	11.8	.0	
51.9	42.9	7.7	202.6	221.4	97.1	.0	.0	
50.6	48.1	7.5	153.0	186.8	99.2	51.2	.0	
48.4	45.9	11.1	179.4	188.4	93.3	35.4	.0	
49.5	40.6	11.2	192.6	355.5	85.8	.0	.0	
49.2	43.0	16.5	187.8	455.1	63.8	31.5	.0	
46.1	40.6	10.8	178.2	193.2	96.2	.0	.0	
44.1	41.1	9.8	172.6	205.4	93.8	39.4	.0	
47.7	40.2	8.0	175.8	344.0	87.9	19.7	.0	
49.9	41.9	7.3	160.2	338.0	60.4	7.9	.0	
53.1	36.8	6.9	207.8	500.4	31.2	.0	.0	
5 31 1990
52.3	44.3	5.9	164.2	200.7	90.8	.0	.0	
53.7	51.4	5.1	204.2	220.5	90.8	15.7	.0	
58.3	50.3	6.3	208.2	239.8	80.8	.0	.0	
62.7	52.3	8.3	234.2	411.1	52.1	.0	.0	
58.8	47.9	10.4	192.2	538.3	34.2	.0	.0	
47.5	39.4	9.0	184.6	400.9	53.3	43.3	.0	
47.1	38.2	7.7	186.6	272.4	64.6	.0	.0	
52.2	41.3	7.9	205.8	507.0	31.7	.0	.0	
57.7	41.5	9.4	179.8	601.8	21.2	.0	.0	
52.3	45.3	8.5	203.0	222.7	97.5	.0	.0	
52.9	44.8	10.1	206.6	316.0	92.5	.0	.0	
51.8	45.2	9.2	197.8	266.4	95.8	.0	.0	
49.1	44.8	11.1	221.8	291.8	87.1	3.9	.0	
49.5	44.8	7.7	192.2	220.8	83.3	3.9	.0	
51.2	43.2	7.0	199.4	228.0	93.3	.0	.0	
53.1	44.0	5.9	205.0	319.4	63.8	.0	.0	
52.1	45.4	7.8	193.4	279.7	91.7	.0	.0	
52.6	43.7	9.0	195.4	385.1	86.7	.0	.0	
55.0	44.7	6.8	214.6	416.3	84.2	.0	.0	
51.8	46.8	9.7	179.8	317.6	93.3	15.7	.0	
55.9	47.7	7.4	217.8	280.4	94.2	7.9	.0	
54.3	49.2	7.3	179.8	295.4	81.7	.0	.0	
51.3	45.8	6.5	171.4	227.1	88.8	.0	.0	
52.3	44.0	12.4	195.4	351.6	71.7	.0	.0	
54.2	41.6	6.8	173.4	278.1	67.5	.0	.0	
56.4	46.9	4.5	173.8	263.0	85.0	.0	.0	
59.2	54.8	4.7	87.8	230.5	97.1	.0	.0	
58.7	53.4	7.5	205.8	242.7	93.8	.0	.0	
56.7	48.4	8.7	197.8	267.4	93.3	.0	.0	
56.8	50.8	7.9	184.6	469.0	75.8	94.5	.0	
51.7	46.9	11.4	187.4	238.6	92.1	15.7	.0	
6 30 1990
51.7	47.3	10.4	175.4	242.7	93.8	11.8	.0	
57.8	49.8	6.4	191.0	288.4	95.0	11.8	.0	
55.0	52.6	10.6	171.0	253.5	97.1	114.2	.0	
53.3	47.7	9.1	190.2	403.4	76.2	7.9	.0	
57.3	47.6	3.3	126.6	240.0	97.1	.0	.0	
56.1	51.8	10.0	179.4	264.7	93.3	55.1	.0	
57.1	47.4	9.7	213.8	391.8	78.3	.0	.0	
58.0	52.8	9.4	179.8	312.7	90.8	23.6	.0	
53.9	51.7	6.0	211.8	238.4	98.3	74.8	.0	
51.2	46.5	14.9	191.0	269.8	97.9	11.8	.0	
54.2	45.5	14.6	200.2	312.5	92.5	.0	.0	
52.6	50.0	8.2	166.2	320.2	94.6	23.6	.0	
57.0	49.4	7.4	177.4	368.0	80.0	.0	.0	
63.9	50.8	6.9	217.4	650.6	24.2	.0	.0	
58.8	54.1	9.3	202.6	487.6	49.2	.0	.0	
56.1	48.6	9.4	199.0	253.9	83.8	.0	.0	
60.6	50.4	5.8	217.8	440.4	55.0	.0	.0	
61.0	52.9	6.6	210.2	390.1	72.1	.0	.0	
61.7	54.2	7.8	207.8	465.7	81.7	.0	.0	
65.6	54.0	10.7	162.2	578.8	52.9	.0	.0	
71.8	56.0	11.2	125.4	685.5	5.8	.0	.0	
64.1	57.1	7.8	197.8	275.1	84.2	3.9	.0	
58.9	50.7	7.6	232.2	469.4	59.6	.0	.0	
60.8	51.3	7.1	195.4	640.3	22.1	.0	.0	
58.3	50.2	6.3	205.4	241.4	83.8	.0	.0	
60.5	48.9	6.0	223.4	455.6	49.6	.0	.0	
61.6	52.5	7.1	166.2	249.3	83.3	.0	.0	
63.3	56.1	6.5	210.2	319.0	89.2	.0	.0	
66.5	56.0	6.2	206.2	615.6	52.1	.0	.0	
63.2	53.3	7.9	228.6	360.4	91.7	.0	.0	
7 31 1990
60.5	51.7	5.4	198.6	239.5	99.2	.0	.0	
55.6	51.7	8.6	155.0	247.0	82.9	47.2	.0	
62.1	49.2	9.1	240.2	623.0	45.0	.0	.0	
66.8	53.4	6.6	238.2	267.9	94.2	.0	.0	
64.2	55.9	8.6	191.0	296.7	91.2	15.7	.0	
61.6	55.2	8.1	208.2	440.2	81.7	.0	.0	
65.6	54.9	9.0	233.4	655.9	30.4	.0	.0	
68.1	55.9	8.8	159.8	602.8	15.8	.0	.0	
69.1	53.5	8.8	147.0	669.7	5.8	.0	.0	
72.8	52.9	9.5	137.4	669.8	.0	.0	.0	
75.9	59.5	7.1	129.4	531.2	52.1	.0	.0	
77.0	59.9	7.9	181.4	545.5	27.1	.0	.0	
70.0	53.6	7.1	178.6	652.3	8.3	.0	.0	
72.1	54.0	7.9	200.6	662.3	2.9	.0	.0	
73.9	52.6	7.9	198.2	649.3	11.7	.0	.0	
65.6	50.7	6.7	223.0	646.6	17.1	.0	.0	
65.2	51.8	7.2	248.6	653.9	3.3	.0	.0	
70.2	50.2	9.2	181.4	652.6	1.7	.0	.0	
73.0	52.2	10.1	128.6	649.7	2.9	.0	.0	
76.4	54.7	6.7	160.6	648.0	2.9	.0	.0	
78.9	54.7	7.1	207.0	646.1	7.5	.0	.0	
70.7	56.5	8.0	176.6	422.1	69.6	.0	.0	
61.4	54.1	8.4	210.6	235.9	97.5	.0	.0	
60.4	53.4	7.0	195.4	223.3	97.1	.0	.0	
58.6	55.2	8.6	186.6	222.2	100.0	.0	.0	
60.5	54.4	7.4	201.0	223.9	95.4	.0	.0	
65.4	54.6	7.4	224.6	499.1	45.4	.0	.0	
70.2	57.0	7.9	158.6	625.8	.0	.0	.0	
77.3	58.6	8.2	136.6	621.5	4.6	.0	.0	
77.3	58.6	8.2	136.6	.0	4.6	.0	.0	
62.8	56.3	10.0	213.8	299.7	77.9	.0	.0	
8 31 1990
62.0	54.2	7.6	209.0	423.7	50.0	.0	.0	
64.5	51.9	7.5	184.2	607.4	5.8	.0	.0	
71.1	56.8	10.3	136.2	604.7	.8	.0	.0	
75.6	58.6	8.0	184.2	469.7	45.0	.0	.0	
71.7	59.1	7.2	171.8	439.9	44.2	.0	.0	
65.6	53.8	8.8	177.0	475.9	31.2	.0	.0	
69.7	50.5	8.8	157.8	587.0	2.9	.0	.0	
70.6	50.9	6.9	164.2	393.4	45.8	.0	.0	
71.0	54.5	6.1	267.8	437.0	46.7	.0	.0	
75.5	58.2	6.2	224.6	574.5	15.4	.0	.0	
79.4	59.7	8.1	198.2	573.1	4.2	.0	.0	
72.6	59.3	7.7	181.0	515.1	22.1	.0	.0	
66.6	55.8	8.3	181.8	239.4	81.2	.0	.0	
67.2	48.7	4.5	176.2	537.1	31.7	.0	.0	
65.6	54.9	9.7	196.2	257.1	82.5	.0	.0	
67.7	54.7	8.1	199.0	445.2	72.5	.0	.0	
65.3	56.4	6.0	161.8	266.4	94.2	.0	.0	
63.9	57.4	7.4	179.8	217.1	79.2	7.9	.0	
63.4	56.3	5.9	162.6	227.4	74.6	3.9	.0	
66.2	59.2	4.8	195.0	354.4	62.5	.0	.0	
62.9	60.6	9.9	195.0	185.2	100.0	11.8	.0	
63.6	53.9	10.5	165.0	210.3	85.8	.0	.0	
60.3	48.9	6.8	156.6	426.7	41.2	.0	.0	
60.1	50.5	7.1	205.4	345.3	76.7	.0	.0	
62.1	48.4	6.9	222.2	464.8	62.1	.0	.0	
63.3	48.9	6.3	186.6	329.7	55.8	.0	.0	
65.0	50.8	5.4	197.0	318.0	47.9	.0	.0	
70.5	52.4	7.0	194.6	379.4	54.2	.0	.0	
61.4	57.7	7.0	179.8	171.4	90.0	27.6	.0	
62.5	57.8	11.8	184.6	193.1	95.4	11.8	.0	
63.7	54.6	9.1	196.2	311.0	76.2	7.9	.0	
9 30 1990
62.1	54.5	5.0	178.2	179.6	94.2	.0	.0	
63.2	48.9	9.7	176.2	393.9	60.4	.0	.0	
63.5	50.7	9.5	143.0	420.6	29.6	.0	.0	
67.7	51.0	8.4	157.0	459.0	.0	.0	.0	
67.6	52.5	5.9	187.8	453.7	2.1	.0	.0	
65.8	55.6	5.7	221.8	292.9	37.1	.0	.0	
63.3	57.3	7.2	187.8	171.9	89.2	.0	.0	
63.3	55.2	5.4	252.6	153.2	100.0	.0	.0	
62.9	54.3	8.5	233.4	248.5	56.2	.0	.0	
62.9	55.5	7.2	163.4	363.1	21.2	.0	.0	
58.3	55.2	7.4	170.2	147.5	81.7	.0	.0	
61.3	53.3	6.7	177.4	145.5	81.7	.0	.0	
62.7	53.8	12.1	112.2	409.3	2.5	.0	.0	
64.2	53.6	10.0	171.4	394.3	7.1	.0	.0	
59.7	53.6	8.7	187.0	145.1	82.9	.0	.0	
62.7	54.4	8.1	221.8	293.5	70.4	3.9	.0	
62.0	55.2	6.2	193.4	229.7	54.2	.0	.0	
61.8	54.8	6.3	235.0	287.1	60.8	.0	.0	
62.1	52.1	8.0	211.8	375.9	13.8	.0	.0	
61.4	53.4	7.0	146.2	335.8	24.6	.0	.0	
67.0	53.2	10.9	99.8	365.9	2.5	.0	.0	
72.3	52.6	6.5	211.0	361.4	.0	.0	.0	
59.9	54.6	5.3	196.6	232.9	40.8	.0	.0	
58.5	55.3	5.2	189.8	122.8	95.8	.0	.0	
61.4	54.7	4.9	216.6	136.3	91.2	.0	.0	
61.3	54.7	4.8	266.6	130.3	94.6	.0	.0	
63.4	53.4	7.5	236.2	221.5	69.6	.0	.0	
60.4	53.6	5.4	205.8	157.1	57.1	.0	.0	
59.1	53.2	6.9	182.6	153.8	43.3	.0	.0	
57.3	46.3	8.0	128.6	298.5	25.8	.0	.0	
10 31 1990
56.1	47.7	11.5	177.0	136.4	71.2	3.9	.0	
52.2	43.8	9.2	186.2	108.4	90.4	15.7	.0	
57.1	54.1	18.3	181.8	106.6	100.0	11.8	.0	
55.8	51.0	13.4	156.2	104.9	99.2	63.0	.0	
50.6	43.3	8.2	145.8	247.6	73.3	.0	.0	
48.5	40.9	6.2	228.2	210.4	52.5	19.7	.0	
48.8	37.4	6.5	206.2	256.1	46.7	.0	.0	
52.7	43.6	5.9	207.4	149.2	61.7	.0	.0	
51.7	47.3	10.4	177.4	96.2	90.8	7.9	.0	
50.5	41.4	6.8	175.4	208.2	53.8	.0	.0	
47.3	40.3	7.0	167.8	110.2	75.8	31.5	.0	
51.8	47.4	14.1	190.2	91.6	97.1	.0	.0	
52.5	42.7	11.0	212.2	172.3	82.9	.0	.0	
48.8	46.8	7.4	149.4	87.9	100.0	82.7	.0	
49.4	48.0	7.0	252.2	86.3	93.8	43.3	.0	
48.4	41.1	7.2	168.6	162.9	62.9	3.9	.0	
47.8	41.0	8.3	188.6	83.2	100.0	31.5	.0	
50.1	45.0	12.6	176.6	102.7	89.6	15.7	.0	
47.6	38.8	6.9	159.0	217.4	48.8	.0	.0	
47.1	39.4	6.0	173.4	103.8	78.3	7.9	.0	
49.7	47.3	9.0	165.8	77.1	100.0	74.8	.0	
48.6	42.9	6.5	163.4	126.3	82.5	.0	.0	
49.7	43.6	4.6	182.2	116.4	82.5	.0	.0	
53.4	43.3	7.4	173.0	107.1	43.3	.0	.0	
54.9	49.1	12.2	179.8	73.1	83.8	11.8	.0	
53.8	43.0	7.2	173.0	124.4	82.5	.0	.0	
53.6	46.2	10.1	175.0	72.7	92.1	23.6	.0	
48.9	45.0	11.5	169.0	69.2	74.2	11.8	.0	
49.2	43.3	10.6	148.2	77.5	73.8	27.6	.0	
50.0	47.0	6.5	150.2	65.0	100.0	15.7	.0	
46.7	43.5	6.6	163.8	90.8	93.3	110.2	.0	
11 30 1990
44.0	38.7	6.5	155.8	115.3	64.2	.0	.0	
43.4	35.1	4.9	168.2	61.6	96.2	.0	.0	
47.8	46.6	7.8	187.8	60.4	100.0	11.8	.0	
51.5	46.4	12.2	169.4	128.7	80.4	3.9	.0	
45.2	41.5	6.7	167.0	65.7	68.8	.0	.0	
44.8	38.7	6.6	151.0	76.8	94.6	.0	.0	
48.2	44.7	12.6	191.4	56.2	95.0	19.7	.0	
50.3	46.6	13.7	193.8	55.2	99.6	19.7	.0	
53.8	52.3	19.0	185.8	54.2	100.0	307.1	.0	
56.9	52.2	16.4	181.4	53.3	99.2	43.3	.0	
56.3	49.8	10.0	193.0	135.3	38.3	.0	.0	
50.8	47.6	7.1	175.0	52.8	79.2	66.9	.0	
48.2	45.4	13.7	177.4	50.5	94.2	78.7	.0	
44.5	39.8	13.6	176.6	75.5	78.8	15.7	.0	
48.2	44.3	8.2	155.0	48.8	90.8	.0	.0	
46.9	41.9	7.1	177.0	88.7	71.2	.0	.0	
46.1	42.6	8.0	92.6	49.7	76.7	43.3	.0	
36.9	35.8	6.2	127.0	72.1	62.5	.0	.0	
40.6	35.5	12.2	164.6	45.7	100.0	3.9	.0	
41.0	35.2	9.6	189.0	47.7	98.3	.0	.0	
44.3	42.2	15.4	180.6	44.3	100.0	51.2	.0	
51.2	49.5	18.7	186.2	43.6	100.0	31.5	.0	
52.1	49.9	20.0	186.2	43.0	100.0	90.6	.0	
51.5	50.3	12.0	178.2	42.4	100.0	295.3	.0	
42.0	39.0	12.3	159.8	51.7	83.8	.0	.0	
39.9	37.1	10.7	164.2	53.5	87.1	11.8	.0	
41.4	37.2	8.8	176.6	79.2	57.5	.0	.0	
45.2	36.0	10.0	177.0	40.1	100.0	.0	.0	
43.3	38.7	16.6	189.8	40.6	90.8	27.6	.0	
38.6	34.9	12.9	189.4	57.9	80.8	35.4	.0	
12 31 1990
39.4	34.4	15.9	201.4	54.3	77.9	35.4	.0	
40.1	36.9	9.4	162.6	38.2	100.0	.0	.0	
47.2	42.9	11.9	169.0	37.8	100.0	19.7	.0	
45.1	41.0	18.1	196.6	49.0	84.6	94.5	.0	
44.4	39.2	11.4	176.6	37.1	85.4	.0	.0	
42.1	37.7	5.6	167.0	100.5	25.0	.0	.0	
38.1	37.1	4.3	157.0	51.2	86.7	.0	.0	
46.1	43.7	6.7	159.8	36.1	100.0	59.1	.0	
47.6	46.9	6.4	154.6	35.9	100.0	23.6	.0	
44.2	42.2	8.3	235.0	42.3	89.6	19.7	.0	
40.7	39.0	7.7	173.0	38.2	92.9	11.8	.0	
38.4	36.1	8.0	163.8	36.8	93.8	.0	.0	
37.9	34.8	6.0	203.4	36.1	95.0	.0	.0	
41.8	31.2	10.5	127.0	34.8	81.2	3.9	.0	
40.1	31.5	7.8	151.8	34.7	88.8	27.6	.0	
37.3	36.3	7.8	167.4	34.6	98.3	11.8	.0	
45.4	42.3	17.8	197.0	34.5	92.1	.0	.0	
34.1	28.1	14.6	239.0	48.8	84.6	.0	130.0	
21.1	11.6	18.0	102.2	71.9	72.5	.0	.0	
16.6	.1	9.0	61.0	98.2	3.3	.0	.0	
15.7	.4	6.6	140.6	61.3	48.3	.0	.0	
20.2	11.5	6.0	130.6	53.8	75.8	.0	.0	
23.1	10.4	6.7	115.8	68.7	46.7	.0	.0	
27.1	22.9	5.4	143.8	34.5	100.0	.0	.0	
32.4	30.3	5.5	141.0	34.6	100.0	.0	40.0	
36.9	36.3	9.6	169.0	34.7	100.0	.0	.0	
39.5	35.8	16.6	200.6	57.5	84.2	15.7	.0	
20.8	10.8	17.4	150.2	96.5	34.2	3.9	.0	
17.4	6.5	8.7	108.6	88.9	45.4	.0	.0	
29.0	22.2	11.9	169.0	35.4	100.0	.0	.0	
42.0	36.6	18.6	191.0	35.6	100.0	.0	.0	
