   1    31    1963
39.2	33.8	17.3	191.7	46.8	96.0	6.0	.0	
40.7	36.3	13.5	169.6	73.9	87.0	3.0	.0	
38.1	34.1	9.8	214.2	120.5	46.0	1.0	.0	
30.9	30.1	5.2	85.4	68.4	79.0	.0	.0	
28.4	28.3	4.5	77.1	79.2	98.0	.0	.0	
27.1	26.6	4.8	82.1	69.6	98.0	.0	.0	
27.8	26.4	6.4	170.8	80.3	98.0	.0	.0	
28.6	26.9	8.2	215.0	80.2	96.0	.0	.0	
24.8	17.0	10.4	256.3	76.6	60.0	.0	.0	
1.4	-24.6	16.6	49.6	156.8	6.0	.0	.0	
-.2	-21.6	6.1	152.5	161.4	11.0	.0	.0	
5.5	-11.0	6.9	191.3	118.7	81.0	.0	.0	
13.0	-2.1	6.3	173.8	84.3	95.0	.0	.0	
21.7	14.2	6.5	168.8	83.4	94.0	.0	.0	
28.9	24.9	6.0	135.4	74.5	95.0	.0	.0	
28.5	25.1	4.7	129.2	86.2	98.0	.0	.0	
28.1	24.6	7.7	215.8	80.3	93.0	.0	.0	
13.9	-5.0	12.7	133.3	168.1	29.0	.0	.0	
8.2	-7.2	7.4	108.3	91.3	36.0	.0	.0	
17.7	3.6	5.9	60.0	142.9	80.0	.0	.0	
18.9	8.5	4.7	114.2	154.9	37.0	.0	.0	
22.9	7.4	10.3	150.4	154.4	40.0	.0	.0	
14.4	-1.0	8.2	63.8	118.4	70.0	.0	.0	
17.1	9.8	5.6	119.6	100.6	81.0	.0	10.2	
14.3	1.0	6.8	244.2	199.2	6.0	.0	.0	
9.7	-3.3	5.2	107.5	82.3	42.0	.0	.0	
11.4	2.8	4.5	138.8	88.5	77.0	.0	.0	
12.4	-.5	12.0	97.5	169.0	43.0	.0	.0	
9.6	-14.1	12.9	40.8	212.1	29.0	.0	.0	
8.9	-6.0	8.2	49.2	99.2	83.0	.0	2.5	
15.5	10.9	7.5	77.5	110.1	98.0	.0	188.0	
   2    28    1963
16.2	12.1	6.7	115.4	167.1	83.0	.0	25.4	
23.3	21.9	7.8	78.8	79.9	98.0	.0	109.2	
40.4	38.3	18.2	195.0	161.7	96.0	70.0	.0	
46.1	40.9	16.7	156.7	87.7	90.0	19.0	.0	
45.0	36.9	10.5	114.2	169.7	58.0	.0	.0	
40.5	36.1	8.8	100.8	83.5	75.0	9.0	.0	
39.5	36.5	7.3	57.1	188.5	54.0	.0	.0	
40.2	32.5	8.5	59.6	207.2	39.0	.0	.0	
38.7	28.0	8.1	47.9	234.6	4.0	.0	.0	
40.9	25.4	8.8	68.8	246.3	8.0	.0	.0	
38.0	22.5	6.2	78.3	253.2	2.0	.0	.0	
34.9	20.1	5.6	60.0	261.0	2.0	.0	.0	
32.1	23.4	7.2	125.0	119.7	60.0	3.0	.0	
31.9	29.4	4.9	152.9	124.9	98.0	.0	2.5	
35.2	32.5	4.4	105.8	145.0	98.0	5.0	.0	
35.2	33.3	4.2	152.1	105.8	98.0	9.0	.0	
32.4	29.5	6.3	163.3	132.8	98.0	7.0	.0	
35.7	33.2	5.0	163.8	124.4	98.0	17.0	.0	
39.2	37.5	9.3	201.3	119.3	94.0	11.0	.0	
35.9	33.9	4.7	70.0	174.2	92.0	.0	.0	
32.2	30.9	5.4	63.8	135.7	98.0	.0	.0	
33.8	31.9	3.7	105.8	147.6	93.0	.0	.0	
34.8	31.8	5.8	147.1	187.7	65.0	.0	.0	
33.7	32.0	3.9	74.6	178.1	85.0	.0	.0	
36.9	32.7	6.2	70.0	166.8	89.0	17.0	.0	
43.5	33.4	19.3	245.8	220.5	85.0	.0	.0	
39.3	27.8	12.3	219.6	316.8	63.0	.0	.0	
40.6	30.7	11.4	210.0	143.4	96.0	.0	.0	
   3    31    1963
37.1	25.8	14.2	245.8	208.2	74.0	.0	.0	
32.4	26.2	4.8	192.1	207.5	56.0	5.0	.0	
30.5	22.8	4.1	87.1	268.3	38.0	.0	.0	
33.0	23.3	4.4	168.3	271.5	67.0	.0	.0	
35.7	26.9	6.2	215.0	269.8	70.0	3.0	.0	
37.3	25.6	5.8	151.3	224.4	76.0	.0	.0	
36.5	26.4	6.7	179.2	366.5	5.0	.0	.0	
39.6	27.7	8.8	205.0	342.7	43.0	.0	.0	
42.7	27.6	10.5	205.4	349.5	37.0	.0	.0	
42.0	19.8	13.1	272.9	253.0	81.0	.0	.0	
37.6	23.2	10.0	188.8	307.8	68.0	.0	.0	
37.7	23.1	8.6	150.0	348.5	40.0	.0	.0	
38.2	23.6	11.8	175.8	340.7	57.0	.0	.0	
38.4	26.7	7.9	192.9	180.7	98.0	.0	.0	
34.7	29.0	10.1	207.1	188.0	92.0	.0	.0	
36.6	23.5	8.8	100.0	235.3	84.0	.0	.0	
39.2	24.9	8.9	170.8	358.6	60.0	.0	.0	
38.2	23.9	13.7	232.9	329.5	64.0	.0	.0	
40.0	32.4	12.6	194.2	169.0	97.0	.0	.0	
49.3	35.6	10.1	152.1	312.7	98.0	.0	.0	
51.7	34.0	10.3	133.8	200.2	98.0	.0	.0	
50.5	33.0	6.9	137.1	358.4	82.0	.0	.0	
42.3	35.2	16.3	168.3	144.9	90.0	50.0	.0	
38.7	29.7	13.4	178.3	255.0	72.0	10.0	.0	
44.4	28.5	9.0	148.8	399.3	62.0	.0	.0	
45.8	31.8	9.5	195.8	343.8	73.0	.0	.0	
43.6	37.6	12.8	160.8	164.9	92.0	36.0	.0	
43.3	28.7	20.0	208.3	247.1	82.0	1.0	.0	
41.5	34.1	15.5	182.5	198.4	91.0	23.0	.0	
38.6	32.1	15.9	195.4	172.3	76.0	37.0	.0	
35.9	25.1	7.8	225.0	307.7	50.0	.0	.0	
   4    30    1963
34.6	26.0	5.4	239.2	324.1	76.0	.0	.0	
36.3	25.6	7.7	177.5	334.1	49.0	.0	.0	
39.9	29.8	9.6	141.7	245.8	86.0	1.0	.0	
47.8	39.3	11.6	200.4	270.0	86.0	1.0	.0	
47.1	41.7	12.3	145.0	152.1	98.0	21.0	.0	
43.7	35.9	11.3	191.3	284.3	63.0	9.0	.0	
38.5	33.7	7.0	112.9	196.1	88.0	14.0	.0	
40.2	34.6	6.8	144.6	252.7	92.0	23.0	.0	
42.3	33.8	7.7	80.8	415.2	93.0	.0	.0	
42.0	36.5	5.4	125.0	264.3	88.0	5.0	.0	
42.9	34.8	5.6	92.5	328.4	60.0	.0	.0	
49.5	33.8	8.8	130.4	423.6	85.0	.0	.0	
53.1	36.7	6.2	128.8	351.7	83.0	.0	.0	
55.3	39.5	10.0	127.5	369.8	98.0	17.0	.0	
39.3	29.9	14.5	199.6	257.1	86.0	2.0	.0	
35.7	26.0	11.4	205.8	219.6	98.0	4.0	.0	
37.3	30.6	5.2	98.8	352.5	69.0	6.0	.0	
39.1	32.8	9.2	174.2	269.1	97.0	2.0	.0	
40.8	33.7	7.0	95.8	260.9	79.0	5.0	.0	
42.1	26.7	9.3	57.1	247.7	95.0	.0	.0	
42.7	22.9	9.5	116.7	607.2	20.0	.0	.0	
40.9	35.7	10.6	160.8	239.0	95.0	22.0	.0	
43.0	34.2	10.0	177.5	333.4	73.0	.0	.0	
46.2	31.9	5.3	151.7	489.3	71.0	.0	.0	
51.9	34.4	7.9	156.3	432.7	87.0	.0	.0	
50.1	39.8	7.9	247.5	262.3	98.0	.0	.0	
48.7	38.2	9.5	194.6	261.1	84.0	.0	.0	
51.7	37.3	6.2	84.2	605.8	19.0	.0	.0	
54.4	39.4	10.5	155.4	388.8	76.0	.0	.0	
50.0	35.8	11.5	205.4	292.2	98.0	.0	.0	
   5    31    1963
42.5	26.8	14.2	208.8	469.5	61.0	.0	.0	
43.4	28.3	14.4	199.6	485.7	75.0	13.0	.0	
40.7	27.9	10.0	197.9	368.0	70.0	2.0	.0	
43.0	33.1	8.9	63.3	233.9	86.0	.0	.0	
51.7	44.0	9.0	160.0	306.4	98.0	15.0	.0	
47.4	43.6	7.6	178.8	221.4	98.0	22.0	.0	
44.2	39.6	9.4	221.3	246.0	74.0	46.0	.0	
43.5	36.3	5.3	101.7	415.6	79.0	.0	.0	
45.5	35.2	6.2	116.3	483.5	90.0	.0	.0	
46.5	37.1	4.9	79.2	440.3	65.0	.0	.0	
50.2	34.1	6.4	165.0	636.8	25.0	.0	.0	
48.7	36.9	9.1	179.6	410.3	64.0	.0	.0	
50.7	37.7	2.9	142.1	490.8	49.0	.0	.0	
55.0	37.1	3.3	148.8	576.8	48.0	.0	.0	
54.9	35.4	11.3	197.5	587.5	58.0	.0	.0	
53.2	32.2	6.3	199.6	689.4	15.0	.0	.0	
58.3	35.9	5.3	121.3	706.8	2.0	.0	.0	
61.2	35.1	9.5	65.0	681.0	18.0	.0	.0	
62.2	30.5	7.3	75.8	704.5	2.0	.0	.0	
65.5	32.6	7.1	54.6	704.6	2.0	.0	.0	
68.2	32.4	9.0	53.3	722.4	2.0	.0	.0	
67.0	33.2	6.5	136.3	676.9	29.0	.0	.0	
64.4	47.3	9.5	202.9	631.5	50.0	.0	.0	
60.3	41.1	10.4	190.8	582.8	46.0	.0	.0	
58.7	38.9	8.0	196.3	701.9	3.0	.0	.0	
59.4	36.3	9.9	188.3	605.0	53.0	.0	.0	
59.7	38.9	5.6	192.1	644.4	42.0	.0	.0	
64.3	40.5	5.9	131.7	719.1	6.0	.0	.0	
68.8	39.4	6.4	176.3	722.9	2.0	.0	.0	
67.5	43.1	9.1	203.3	649.0	40.0	.0	.0	
61.7	42.3	12.0	191.7	533.2	67.0	.0	.0	
   6    30    1963
59.2	36.5	9.0	194.2	593.0	50.0	.0	.0	
53.3	41.7	5.4	147.5	292.6	89.0	5.0	.0	
57.7	45.0	5.4	231.7	495.2	85.0	.0	.0	
59.4	44.3	9.4	204.6	504.4	77.0	1.0	.0	
50.6	46.3	10.1	188.8	194.7	98.0	45.0	.0	
53.1	47.1	7.5	150.0	347.4	93.0	.0	.0	
56.5	44.0	8.0	151.7	400.1	85.0	.0	.0	
60.4	42.4	10.0	204.6	506.6	74.0	.0	.0	
52.9	45.5	9.2	164.2	262.7	87.0	42.0	.0	
62.7	46.9	7.6	75.4	708.5	19.0	.0	.0	
66.1	47.3	11.0	201.3	415.2	78.0	.0	.0	
67.1	47.4	10.1	220.4	528.9	56.0	.0	.0	
68.3	48.2	8.1	201.3	711.0	3.0	.0	.0	
72.0	47.4	6.2	177.9	751.6	2.0	.0	.0	
75.6	50.6	5.5	116.3	681.0	32.0	.0	.0	
74.9	51.5	7.9	132.1	586.0	44.0	.0	.0	
73.8	47.3	7.0	180.8	729.2	10.0	.0	.0	
77.7	46.8	9.7	175.8	720.9	34.0	.0	.0	
70.3	38.6	12.8	209.2	699.5	50.0	.0	.0	
61.1	37.9	11.4	209.6	494.2	82.0	.0	.0	
54.9	40.3	10.8	202.1	364.5	80.0	2.0	.0	
52.4	40.4	11.5	160.4	325.5	95.0	.0	.0	
57.1	44.1	6.4	133.3	507.4	66.0	.0	.0	
61.6	42.9	13.1	222.5	474.6	73.0	.0	.0	
58.5	44.3	13.1	193.3	451.7	66.0	.0	.0	
63.3	37.3	10.5	205.0	653.6	45.0	.0	.0	
64.2	42.9	5.1	150.4	523.8	78.0	1.0	.0	
61.1	41.7	12.6	215.8	463.2	91.0	.0	.0	
52.7	38.1	13.5	219.2	315.4	90.0	.0	.0	
58.5	40.0	8.5	138.3	493.4	43.0	.0	.0	
   7    31    1963
70.8	44.3	10.9	52.5	741.1	13.0	.0	.0	
71.1	45.9	7.6	155.4	633.3	42.0	.0	.0	
72.9	49.4	5.0	97.9	651.0	36.0	.0	.0	
71.0	43.3	10.5	205.8	678.9	33.0	.0	.0	
71.2	41.2	7.5	215.0	589.0	77.0	.0	.0	
72.8	46.0	8.7	143.8	575.8	76.0	.0	.0	
71.8	49.1	9.3	227.5	676.1	42.0	.0	.0	
60.0	46.3	10.6	199.6	385.0	63.0	32.0	.0	
62.2	43.5	7.6	213.3	487.8	61.0	.0	.0	
58.3	48.1	10.3	192.5	338.4	98.0	5.0	.0	
61.1	44.9	11.2	207.1	410.3	96.0	1.0	.0	
66.9	45.4	6.9	170.8	646.8	29.0	.0	.0	
72.0	46.6	7.9	180.4	666.7	12.0	.0	.0	
70.3	43.5	13.6	211.3	617.3	50.0	.0	.0	
63.3	37.3	10.9	210.0	516.6	32.0	.0	.0	
65.9	41.3	5.4	158.3	654.9	38.0	.0	.0	
65.6	45.2	8.4	165.0	474.4	84.0	3.0	.0	
67.6	46.2	8.8	198.8	676.4	20.0	.0	.0	
73.1	42.6	6.5	166.3	719.4	24.0	.0	.0	
71.3	39.3	9.5	191.3	705.2	2.0	.0	.0	
71.1	36.0	9.6	193.3	632.9	39.0	.0	.0	
63.4	34.5	13.0	223.8	517.4	52.0	.0	.0	
62.3	31.0	6.1	123.3	632.9	38.0	.0	.0	
62.4	38.4	10.2	155.4	370.2	77.0	.0	.0	
59.4	43.2	9.6	150.0	429.6	70.0	.0	.0	
65.1	43.8	6.2	55.8	674.4	2.0	.0	.0	
72.7	41.1	6.6	161.3	661.4	3.0	.0	.0	
70.6	30.6	9.1	231.3	675.8	10.0	.0	.0	
67.0	31.7	8.0	191.7	679.1	2.0	.0	.0	
64.4	38.4	9.4	194.6	626.3	6.0	.0	.0	
64.6	36.7	11.6	197.5	684.7	2.0	.0	.0	
   8    31    1963
62.3	41.6	7.6	144.6	536.2	24.0	.0	.0	
67.3	43.4	6.6	58.3	662.2	2.0	.0	.0	
72.9	41.1	7.6	61.7	663.4	8.0	.0	.0	
76.9	41.5	6.2	182.1	647.5	18.0	.0	.0	
77.5	43.8	6.2	140.4	608.9	14.0	9.0	.0	
80.8	48.1	7.4	134.2	652.8	15.0	.0	.0	
75.3	37.1	8.4	218.3	653.6	2.0	.0	.0	
75.9	38.5	6.5	77.1	584.9	44.0	.0	.0	
75.9	44.7	5.8	110.0	311.0	83.0	.0	.0	
74.4	56.5	8.3	99.2	378.8	71.0	.0	.0	
77.7	54.0	7.6	96.3	555.7	40.0	.0	.0	
73.8	58.8	7.6	81.3	484.9	65.0	20.0	.0	
76.3	57.8	7.0	135.0	577.5	36.0	3.0	.0	
69.7	44.0	10.5	208.3	576.0	15.0	.0	.0	
64.4	36.7	8.6	225.0	606.1	3.0	.0	.0	
66.7	37.4	4.9	50.4	593.9	13.0	.0	.0	
70.9	37.3	5.2	153.8	611.9	2.0	.0	.0	
70.2	39.8	9.2	196.3	552.2	31.0	.0	.0	
63.0	40.8	9.6	207.9	507.3	61.0	2.0	.0	
60.5	39.3	11.6	204.6	417.8	56.0	.0	.0	
61.3	37.4	7.8	181.7	551.0	22.0	.0	.0	
63.2	38.8	5.9	131.3	498.2	27.0	.0	.0	
64.4	44.9	7.7	110.8	420.9	67.0	16.0	.0	
59.2	46.5	7.0	190.8	286.6	49.0	.0	.0	
60.3	44.2	6.5	206.3	474.2	35.0	.0	.0	
61.2	41.0	8.1	216.7	539.7	10.0	.0	.0	
64.2	38.1	7.3	167.1	572.4	2.0	.0	.0	
66.5	40.9	5.4	92.5	572.3	2.0	.0	.0	
70.2	40.6	6.7	66.7	536.9	37.0	.0	.0	
73.3	41.7	7.3	56.7	526.5	31.0	.0	.0	
73.8	44.1	7.0	72.5	473.3	77.0	.0	.0	
   9    30    1963
71.4	47.5	11.1	185.0	408.7	88.0	.0	.0	
64.8	44.9	8.2	197.1	406.9	37.0	.0	.0	
66.6	43.4	5.7	87.5	541.8	2.0	.0	.0	
72.1	43.1	8.6	138.8	519.2	2.0	.0	.0	
73.2	37.2	8.2	204.6	533.0	2.0	.0	.0	
72.2	38.7	7.9	186.7	516.4	2.0	.0	.0	
73.4	38.8	7.4	179.2	454.2	30.0	.0	.0	
73.0	45.5	7.4	164.2	322.8	88.0	.0	.0	
75.3	48.0	5.6	143.3	493.2	14.0	.0	.0	
73.3	44.2	9.1	153.3	433.5	27.0	.0	.0	
69.3	41.2	5.7	93.8	489.8	27.0	.0	.0	
69.3	45.5	9.8	148.8	202.8	89.0	.0	.0	
59.2	50.9	14.1	199.6	244.4	86.0	5.0	.0	
55.8	37.1	11.7	210.8	415.3	30.0	.0	.0	
50.5	43.2	7.1	100.0	149.1	85.0	18.0	.0	
50.8	47.6	7.5	177.9	176.1	97.0	11.0	.0	
53.1	45.4	4.6	178.8	332.2	50.0	.0	.0	
53.6	41.0	4.9	82.9	424.2	12.0	.0	.0	
57.3	41.3	5.7	55.0	437.8	2.0	.0	.0	
61.2	42.4	6.8	100.4	447.1	5.0	.0	.0	
63.9	42.7	4.1	126.3	408.1	47.0	.0	.0	
66.0	48.1	9.6	147.1	269.5	77.0	.0	.0	
59.8	44.5	11.1	206.7	215.6	65.0	2.0	.0	
60.8	45.5	7.6	94.6	343.7	45.0	.0	.0	
64.9	43.3	6.7	125.4	425.1	2.0	.0	.0	
65.2	46.4	6.0	73.3	416.4	2.0	.0	.0	
68.7	47.4	7.1	52.1	398.3	2.0	.0	.0	
71.2	51.1	8.6	60.8	384.8	7.0	.0	.0	
68.5	49.4	7.1	198.8	370.1	27.0	.0	.0	
64.3	39.7	10.0	198.3	392.2	5.0	.0	.0	
  10    31    1963
60.6	40.7	7.3	168.8	370.7	23.0	.0	.0	
63.2	40.3	7.9	126.7	344.0	18.0	.0	.0	
58.6	38.2	9.6	202.1	273.8	84.0	.0	.0	
51.9	37.8	4.5	140.8	165.4	98.0	.0	.0	
51.6	45.8	7.3	100.0	172.1	98.0	11.0	.0	
50.7	43.2	4.5	189.6	257.8	55.0	8.0	.0	
47.7	39.1	5.8	55.8	289.8	26.0	.0	.0	
51.5	40.6	4.5	105.8	276.0	85.0	.0	.0	
53.3	45.9	5.4	83.3	290.3	35.0	.0	.0	
60.3	47.5	11.0	60.0	305.9	49.0	.0	.0	
59.6	43.9	7.6	165.4	237.0	83.0	.0	.0	
53.6	42.8	7.3	174.6	291.7	31.0	.0	.0	
53.6	44.2	6.8	62.5	199.4	54.0	.0	.0	
60.4	45.6	10.5	52.1	218.3	86.0	.0	.0	
60.6	46.5	7.7	42.1	241.8	66.0	.0	.0	
56.4	44.5	4.6	74.2	311.4	2.0	.0	.0	
56.2	42.2	7.9	172.5	299.0	30.0	.0	.0	
48.4	29.7	8.8	206.7	303.8	58.0	.0	.0	
42.5	27.3	4.1	73.8	291.1	38.0	.0	.0	
47.0	36.7	10.9	149.2	146.1	94.0	12.0	.0	
55.7	44.9	17.7	182.5	140.7	98.0	.0	.0	
50.5	46.4	12.1	202.9	73.6	98.0	77.0	.0	
44.4	38.2	12.9	199.2	173.5	65.0	.0	.0	
46.5	37.8	15.6	189.2	129.8	80.0	2.0	.0	
40.8	28.3	15.6	211.3	229.1	18.0	.0	.0	
35.5	27.1	8.4	182.5	222.3	27.0	.0	.0	
37.1	27.9	7.9	53.3	141.4	68.0	.0	.0	
41.0	31.8	7.2	135.8	90.6	98.0	1.0	.0	
39.5	31.6	10.0	183.8	215.1	37.0	.0	.0	
36.9	30.6	4.7	107.1	177.0	75.0	.0	.0	
39.0	32.3	6.2	102.1	195.8	79.0	.0	.0	
  11    30    1963
44.2	33.9	9.5	105.4	148.7	94.0	12.0	.0	
39.7	32.0	12.7	186.3	171.4	55.0	.0	.0	
37.6	31.1	5.4	38.8	157.8	83.0	.0	.0	
41.1	37.6	10.2	172.9	103.9	76.0	18.0	.0	
37.3	32.5	8.9	68.3	159.4	66.0	.0	.0	
40.4	37.2	14.6	177.9	69.5	94.0	76.0	.0	
37.6	32.7	11.1	143.8	119.3	94.0	51.0	.0	
40.5	37.5	4.8	171.7	113.0	98.0	.0	.0	
40.3	35.1	8.3	187.1	181.9	79.0	.0	.0	
39.1	34.7	5.8	97.9	112.3	82.0	.0	.0	
38.4	32.2	9.5	33.8	138.3	96.0	.0	.0	
42.5	33.7	7.4	52.9	108.9	98.0	.0	.0	
43.3	37.6	8.1	46.3	83.7	98.0	.0	.0	
43.8	41.5	8.8	130.4	67.5	98.0	25.0	.0	
39.5	32.3	17.3	205.8	129.5	30.0	.0	.0	
38.3	33.1	15.8	196.7	84.4	94.0	5.0	.0	
40.0	34.5	18.7	207.5	87.5	84.0	12.0	.0	
36.5	30.3	12.4	183.8	69.1	98.0	1.0	.0	
40.0	36.0	12.2	182.9	70.0	98.0	37.0	.0	
27.0	20.1	5.5	266.7	109.8	63.0	.0	2.5	
28.0	23.0	10.3	175.0	63.5	80.0	.0	.0	
35.1	31.0	14.3	153.3	69.2	98.0	12.0	.0	
39.9	35.8	11.8	160.8	84.5	98.0	7.0	.0	
37.9	35.8	5.6	151.3	68.5	97.0	.0	.0	
44.2	39.9	11.7	170.0	76.3	97.0	1.0	.0	
47.0	40.3	16.2	179.2	62.3	89.0	.0	.0	
36.1	24.4	16.6	224.6	158.1	3.0	.0	.0	
27.1	22.8	4.7	45.8	97.9	64.0	.0	.0	
27.2	22.2	7.0	34.2	143.1	42.0	.0	.0	
26.7	22.7	3.2	56.7	141.7	64.0	.0	.0	
  12    31    1963
25.4	22.2	4.6	93.3	152.6	5.0	.0	.0	
24.0	21.2	4.3	76.3	130.4	22.0	.0	.0	
23.7	22.2	3.8	145.0	80.5	74.0	.0	.0	
26.2	25.1	4.9	115.4	68.6	98.0	.0	.0	
29.9	28.5	4.7	99.2	64.3	98.0	.0	119.4	
27.8	24.0	11.7	219.6	108.0	78.0	.0	10.2	
25.7	25.1	5.9	67.9	73.2	98.0	.0	.0	
25.6	24.3	10.3	29.6	81.7	98.0	.0	94.0	
23.0	14.4	12.7	12.9	140.4	40.0	.0	.0	
10.3	.7	6.1	115.0	150.2	11.0	.0	.0	
12.4	9.6	5.0	92.9	75.4	86.0	.0	.0	
19.9	16.6	3.1	57.1	77.7	98.0	.0	.0	
21.3	18.4	3.7	86.3	96.0	98.0	.0	.0	
23.6	20.4	2.9	111.3	81.7	98.0	.0	10.2	
26.9	25.4	3.2	62.1	84.9	98.0	.0	104.1	
27.7	26.5	2.9	128.8	100.9	98.0	.0	50.8	
26.7	25.7	7.4	69.2	82.5	98.0	.0	40.6	
26.0	24.8	6.9	87.5	90.7	98.0	.0	.0	
29.3	28.3	4.4	50.0	71.4	98.0	.0	.0	
33.2	31.6	8.5	166.3	99.4	98.0	11.0	.0	
31.4	29.8	3.3	110.8	95.1	98.0	.0	2.5	
32.0	28.4	8.1	137.1	97.7	98.0	.0	12.7	
37.4	27.9	13.6	152.5	89.1	98.0	.0	.0	
32.9	24.3	7.3	121.3	133.5	58.0	.0	.0	
34.1	29.7	14.4	199.6	105.7	64.0	18.0	.0	
26.9	26.1	3.0	34.6	82.5	89.0	.0	48.3	
31.5	30.5	4.0	102.9	81.0	98.0	.0	2.5	
32.7	31.5	3.8	130.0	78.0	98.0	5.0	.0	
31.6	29.2	4.3	46.7	86.7	95.0	.0	.0	
30.8	27.5	3.7	75.4	107.0	93.0	.0	.0	
36.1	31.9	8.0	158.8	136.5	63.0	.0	.0	
