   1    31    1985
23.8	18.6	4.1	67.5	78.7	98.0	.0	.0	
19.7	11.8	4.4	198.3	140.0	38.0	.0	.0	
15.9	10.4	2.5	133.3	94.2	44.0	.0	.0	
20.1	15.8	2.8	76.7	79.4	93.0	.0	.0	
24.3	20.4	2.6	98.3	99.1	98.0	.0	.0	
25.1	20.0	4.8	206.3	91.0	98.0	.0	2.5	
26.8	23.2	2.2	110.8	98.6	98.0	.0	.0	
23.8	21.5	5.0	192.1	94.7	92.0	.0	.0	
25.3	21.2	5.5	224.6	85.6	98.0	.0	.0	
26.0	20.2	5.3	233.3	95.2	98.0	.0	.0	
26.6	20.8	4.9	210.0	97.3	98.0	.0	.0	
26.6	20.9	3.4	156.7	107.6	98.0	.0	.0	
27.3	21.3	4.5	215.4	86.7	98.0	.0	.0	
28.3	22.3	3.0	117.1	104.6	98.0	.0	.0	
27.0	23.7	3.7	181.7	107.0	98.0	.0	.0	
28.8	25.1	2.0	65.0	94.5	98.0	.0	.0	
28.1	24.9	2.8	121.3	106.4	98.0	.0	.0	
25.9	23.9	3.3	122.5	104.1	98.0	.0	.0	
27.1	24.5	2.3	90.8	117.4	98.0	.0	15.2	
30.7	28.5	2.5	101.7	74.0	94.0	.0	2.5	
29.4	28.9	2.8	87.5	104.7	98.0	.0	2.5	
30.5	27.9	3.6	150.0	108.2	98.0	.0	.0	
32.2	29.8	2.9	125.0	105.2	98.0	.0	.0	
32.5	28.5	2.0	85.8	114.4	98.0	.0	.0	
31.8	26.2	4.6	155.0	117.7	98.0	.0	.0	
30.9	24.9	2.8	155.0	123.8	98.0	.0	.0	
30.2	24.0	2.1	122.9	127.1	98.0	.0	.0	
29.3	22.8	4.5	163.8	132.2	87.0	.0	.0	
25.4	18.6	6.0	193.3	206.0	35.0	.0	.0	
23.5	16.2	3.8	165.0	189.9	64.0	.0	.0	
26.2	17.3	5.2	153.3	206.2	72.0	.0	.0	
   2    28    1985
23.5	15.9	7.5	173.3	108.6	98.0	.0	43.2	
21.5	12.8	4.1	165.0	141.3	95.0	.0	.0	
12.4	3.0	6.6	182.1	237.7	21.0	.0	.0	
7.6	-1.8	4.3	163.8	162.2	60.0	.0	.0	
11.7	6.1	4.7	158.8	136.1	49.0	.0	.0	
14.4	9.2	2.0	89.2	120.1	86.0	.0	30.5	
22.0	19.0	3.6	162.1	135.2	94.0	.0	33.0	
23.2	20.0	5.9	245.4	158.5	95.0	.0	22.9	
22.6	18.5	4.6	208.3	145.7	98.0	.0	20.3	
29.3	24.4	7.0	175.0	193.5	96.0	.0	.0	
36.6	32.2	7.8	200.0	147.8	81.0	9.0	.0	
33.9	22.3	8.3	230.4	273.5	11.0	.0	.0	
28.0	20.5	6.8	239.2	234.9	45.0	.0	.0	
29.0	22.5	5.2	226.3	236.4	60.0	.0	.0	
30.5	21.1	4.8	182.9	281.5	9.0	.0	.0	
28.9	20.0	6.2	234.6	248.9	36.0	.0	.0	
28.2	20.0	5.5	225.4	221.0	45.0	.0	.0	
29.1	21.4	4.8	205.4	268.1	38.0	.0	.0	
31.5	27.0	3.6	174.6	132.3	76.0	.0	.0	
34.6	26.3	4.3	175.8	194.1	38.0	.0	.0	
36.4	30.4	3.7	132.5	193.9	68.0	.0	.0	
40.5	31.6	6.6	214.6	265.3	49.0	.0	.0	
37.3	32.6	4.2	186.7	159.1	83.0	.0	.0	
39.1	27.9	12.7	247.5	271.3	38.0	.0	.0	
38.5	25.5	4.6	202.1	314.7	23.0	.0	.0	
37.4	28.2	4.9	208.3	294.0	50.0	.0	.0	
36.8	29.0	4.7	195.4	322.3	2.0	.0	.0	
42.3	33.0	5.4	165.0	274.3	50.0	.0	.0	
   3    31    1985
43.1	27.0	8.2	230.0	231.6	89.0	.0	.0	
41.3	18.2	10.2	241.3	322.5	20.0	.0	.0	
40.4	22.0	7.5	183.8	312.0	49.0	2.0	.0	
38.6	32.4	7.5	205.0	213.9	89.0	19.0	.0	
40.0	29.9	7.2	180.4	236.4	93.0	.0	.0	
37.5	31.0	7.4	262.1	167.1	87.0	.0	.0	
37.0	29.5	4.3	220.4	285.4	48.0	.0	.0	
39.3	29.6	6.6	225.8	346.2	69.0	.0	.0	
41.3	31.4	6.4	214.2	368.2	55.0	.0	.0	
40.9	26.2	6.7	225.4	376.3	10.0	.0	.0	
40.7	26.0	6.5	231.3	398.9	5.0	.0	.0	
43.2	25.6	7.5	219.2	379.6	5.0	.0	.0	
41.2	28.5	6.9	213.3	406.8	6.0	.0	.0	
43.3	30.6	6.1	210.0	409.5	22.0	.0	.0	
43.9	29.9	7.0	209.6	415.9	2.0	.0	.0	
44.2	31.1	6.5	216.3	426.5	2.0	.0	.0	
46.7	33.7	6.6	222.9	360.0	27.0	.0	.0	
47.0	33.2	7.1	213.8	414.3	15.0	.0	.0	
47.5	29.5	8.8	228.8	311.6	72.0	.0	.0	
46.1	27.5	11.1	233.8	361.3	63.0	.0	.0	
42.4	22.7	10.9	226.7	349.9	41.0	.0	.0	
42.9	26.0	9.3	165.4	341.9	89.0	.0	.0	
43.0	33.1	9.9	198.3	271.6	96.0	10.0	.0	
39.8	22.4	6.0	227.5	390.3	47.0	.0	.0	
35.8	20.3	5.6	225.8	419.2	18.0	.0	.0	
31.7	27.4	5.6	220.0	212.3	82.0	.0	78.7	
37.3	32.5	6.0	232.1	283.0	82.0	.0	.0	
40.1	25.4	8.9	253.3	421.6	20.0	.0	.0	
41.1	24.8	7.6	206.7	283.7	72.0	.0	.0	
49.0	33.7	9.8	245.0	326.0	86.0	.0	.0	
51.8	38.0	7.1	180.8	332.0	78.0	.0	.0	
   4    30    1985
55.3	39.8	5.8	186.3	448.1	70.0	.0	.0	
55.3	36.4	8.8	227.1	462.4	74.0	.0	.0	
49.2	31.1	11.1	220.8	374.2	82.0	.0	.0	
48.2	32.5	6.3	190.0	510.3	48.0	.0	.0	
54.1	33.0	7.2	252.5	533.2	12.0	.0	.0	
52.2	28.1	8.6	219.6	534.4	6.0	.0	.0	
52.0	29.0	9.3	274.2	275.2	63.0	.0	.0	
54.0	34.7	7.1	207.1	545.4	2.0	.0	.0	
56.4	39.2	7.1	217.1	512.4	7.0	.0	.0	
58.4	37.7	7.1	255.4	402.0	54.0	.0	.0	
55.3	39.4	12.1	206.3	393.7	63.0	.0	.0	
52.3	36.5	6.1	187.5	492.1	46.0	.0	.0	
57.9	40.0	6.5	221.3	442.2	69.0	.0	.0	
61.3	38.8	7.0	222.1	506.0	88.0	.0	.0	
59.3	39.2	8.4	186.3	384.8	89.0	.0	.0	
55.1	36.1	8.7	229.6	341.3	72.0	.0	.0	
50.9	28.1	7.8	187.1	481.2	62.0	.0	.0	
48.4	30.8	6.8	198.3	259.3	98.0	.0	.0	
43.5	19.8	13.9	270.4	474.4	54.0	.0	.0	
39.0	18.2	8.6	217.5	468.5	27.0	.0	.0	
40.6	16.8	6.6	217.1	402.5	42.0	.0	.0	
46.5	27.5	11.2	173.3	359.1	75.0	.0	.0	
45.5	26.2	14.5	231.3	568.6	14.0	.0	.0	
41.5	26.4	7.0	201.7	349.7	69.0	.0	.0	
46.3	21.8	8.7	260.4	581.5	45.0	.0	.0	
49.5	34.4	11.9	171.7	297.7	90.0	.0	.0	
59.7	39.5	11.7	230.0	450.8	75.0	.0	.0	
54.7	33.4	12.5	245.0	451.5	86.0	.0	.0	
50.8	30.5	6.8	189.2	626.8	52.0	.0	.0	
55.5	35.0	6.8	190.4	507.2	85.0	.0	.0	
   5    31    1985
63.5	40.5	6.3	245.8	491.1	95.0	.0	.0	
63.3	40.3	8.5	214.6	498.0	78.0	3.0	.0	
53.0	28.0	13.3	251.3	478.3	67.0	1.0	.0	
47.4	29.0	8.7	198.8	502.9	40.0	.0	.0	
49.5	29.9	6.6	211.3	417.1	98.0	.0	.0	
56.1	30.7	8.1	198.8	573.6	71.0	.0	.0	
54.7	33.4	7.2	237.9	345.1	95.0	1.0	.0	
50.2	26.3	6.8	205.4	576.0	48.0	.0	.0	
51.6	29.4	7.9	240.8	595.4	35.0	.0	.0	
49.8	30.0	10.5	207.5	413.5	53.0	.0	.0	
48.0	20.7	10.4	280.0	627.5	16.0	.0	.0	
48.5	26.0	6.6	203.3	675.3	21.0	.0	.0	
51.4	37.0	5.7	195.8	457.1	65.0	38.0	.0	
55.7	33.3	12.8	297.5	637.2	17.0	.0	.0	
62.5	39.4	10.1	167.9	691.5	2.0	.0	.0	
72.5	38.9	14.1	114.2	701.0	12.0	.0	.0	
71.3	43.3	9.1	229.2	668.7	20.0	.0	.0	
72.9	44.2	15.0	294.6	673.6	13.0	.0	.0	
68.7	44.4	13.1	305.0	673.1	42.0	.0	.0	
65.4	43.8	9.0	263.8	646.7	46.0	.0	.0	
65.2	46.0	6.2	200.0	683.5	27.0	.0	.0	
69.6	47.5	6.7	205.0	457.8	68.0	.0	.0	
73.7	48.6	9.5	274.2	634.4	51.0	.0	.0	
66.2	48.6	8.4	204.2	483.8	48.0	3.0	.0	
63.4	42.1	10.0	285.0	679.3	13.0	.0	.0	
65.1	43.9	10.0	294.2	582.4	39.0	.0	.0	
61.6	42.4	7.5	232.5	654.6	36.0	.0	.0	
58.9	40.6	8.1	248.3	560.8	85.0	.0	.0	
59.9	39.0	14.7	278.8	523.6	80.0	.0	.0	
60.6	38.3	7.9	170.4	669.6	39.0	.0	.0	
63.9	42.1	8.7	223.3	519.0	82.0	.0	.0	
   6    30    1985
60.9	45.6	8.7	170.8	328.4	98.0	.0	.0	
61.6	45.5	6.2	195.4	659.2	15.0	.0	.0	
63.8	48.4	7.4	185.8	471.4	85.0	1.0	.0	
62.7	45.0	7.7	233.8	533.1	88.0	.0	.0	
62.8	40.8	8.1	236.7	559.7	91.0	.0	.0	
57.4	52.4	5.5	175.0	187.4	98.0	29.0	.0	
63.7	47.7	18.7	224.2	502.5	52.0	.0	.0	
59.2	35.1	8.0	222.5	727.0	31.0	.0	.0	
60.9	40.6	8.5	199.6	632.1	46.0	1.0	.0	
64.3	34.0	6.9	214.2	752.8	17.0	.0	.0	
69.9	43.4	6.7	203.3	721.4	28.0	.0	.0	
71.0	44.6	10.4	232.5	600.8	74.0	.0	.0	
64.7	48.4	6.4	230.8	444.5	73.0	6.0	.0	
67.5	49.6	8.4	200.8	517.6	69.0	.0	.0	
65.6	40.5	10.0	268.3	736.8	15.0	.0	.0	
64.0	32.2	6.8	267.1	736.0	4.0	.0	.0	
69.0	36.1	8.4	189.2	728.9	14.0	.0	.0	
74.6	46.6	6.6	224.6	747.7	2.0	.0	.0	
78.5	46.8	10.5	288.8	701.9	9.0	.0	.0	
73.7	38.5	14.9	295.8	754.6	3.0	.0	.0	
72.3	38.8	7.6	186.7	728.6	9.0	.0	.0	
68.8	34.5	10.2	212.5	751.4	2.0	.0	.0	
60.7	31.7	15.4	313.8	746.5	3.0	.0	.0	
59.1	34.2	9.1	249.6	726.6	5.0	.0	.0	
65.0	39.2	6.2	216.3	704.9	20.0	.0	.0	
68.6	43.1	7.3	195.0	726.4	32.0	.0	.0	
69.6	42.9	10.0	245.4	694.3	13.0	.0	.0	
65.5	37.9	7.0	207.1	737.9	8.0	.0	.0	
67.1	39.2	10.8	238.3	595.8	68.0	.0	.0	
64.3	39.6	6.9	182.1	654.9	55.0	.0	.0	
   7    31    1985
68.5	42.1	7.7	214.2	659.8	60.0	.0	.0	
75.6	46.4	8.0	223.8	642.3	51.0	.0	.0	
77.7	47.7	8.0	215.4	701.7	40.0	.0	.0	
76.2	47.6	11.0	220.8	666.5	31.0	.0	.0	
70.5	42.5	6.0	192.1	707.3	33.0	.0	.0	
72.9	48.4	7.5	220.0	646.4	64.0	.0	.0	
78.2	51.2	7.9	219.2	704.3	13.0	.0	.0	
80.0	50.8	5.7	214.6	676.7	2.0	.0	.0	
81.9	53.1	9.3	225.8	666.6	14.0	.0	.0	
77.5	49.1	8.3	236.3	706.2	2.0	.0	.0	
76.7	48.2	6.8	190.8	633.9	39.0	.0	.0	
76.1	47.2	10.4	281.3	699.7	3.0	.0	.0	
72.4	40.8	7.9	250.8	683.4	18.0	.0	.0	
74.3	46.1	7.7	242.1	683.7	2.0	.0	.0	
78.1	41.2	10.6	267.9	715.0	2.0	.0	.0	
77.1	48.1	13.3	308.3	666.9	5.0	.0	.0	
75.4	49.9	6.3	225.0	692.0	8.0	.0	.0	
75.4	48.5	8.1	218.8	717.7	2.0	.0	.0	
76.9	47.6	7.0	197.5	678.5	2.0	.0	.0	
80.8	49.2	5.9	194.2	669.4	21.0	.0	.0	
83.5	42.6	8.8	280.4	643.0	48.0	.0	.0	
82.6	47.3	13.3	285.8	614.8	48.0	.0	.0	
78.1	51.5	16.0	308.8	683.8	2.0	.0	.0	
75.4	44.3	10.4	251.7	669.2	2.0	.0	.0	
74.7	42.6	8.0	211.3	703.3	2.0	.0	.0	
78.6	40.4	6.3	206.7	680.4	2.0	.0	.0	
75.7	43.4	5.9	185.4	601.5	39.0	.0	.0	
75.6	46.5	5.6	202.9	630.4	46.0	.0	.0	
80.5	46.6	8.5	237.9	591.9	74.0	.0	.0	
75.1	54.7	7.3	219.6	391.7	92.0	.0	.0	
63.2	53.7	6.0	150.4	274.3	84.0	12.0	.0	
   8    31    1985
63.0	50.0	8.3	208.3	455.4	59.0	.0	.0	
69.3	50.0	6.9	220.0	533.5	43.0	.0	.0	
69.8	51.7	6.2	200.4	664.7	13.0	.0	.0	
73.1	51.2	8.7	256.7	489.9	58.0	2.0	.0	
69.0	43.1	5.8	201.3	577.1	11.0	.0	.0	
69.7	44.6	6.2	223.3	615.5	47.0	.0	.0	
64.7	42.8	10.4	259.6	436.6	68.0	.0	.0	
61.6	42.0	8.1	212.9	571.8	27.0	.0	.0	
63.7	43.5	7.1	210.8	592.1	71.0	.0	.0	
66.1	43.3	11.1	256.3	480.8	52.0	1.0	.0	
68.8	44.6	7.7	220.8	587.5	11.0	.0	.0	
73.1	44.0	7.4	178.8	577.8	50.0	.0	.0	
66.0	43.2	6.5	209.2	612.3	27.0	.0	.0	
67.8	44.2	7.8	200.0	544.3	43.0	.0	.0	
71.9	41.9	10.1	150.4	577.9	13.0	.0	.0	
66.4	43.5	6.9	235.0	618.2	2.0	.0	.0	
67.7	45.1	6.4	212.1	622.9	2.0	.0	.0	
72.8	48.0	8.2	242.5	517.5	57.0	.0	.0	
69.0	45.1	11.0	270.8	540.4	50.0	.0	.0	
62.6	40.3	9.8	248.3	457.4	57.0	.0	.0	
59.4	40.8	6.3	202.1	485.0	32.0	.0	.0	
62.3	42.1	6.4	209.2	570.0	2.0	.0	.0	
66.1	43.8	6.0	216.7	555.3	41.0	.0	.0	
69.2	50.4	6.1	223.8	256.7	94.0	.0	.0	
74.0	45.9	5.5	191.7	573.1	11.0	.0	.0	
70.6	45.3	7.3	213.8	536.0	43.0	.0	.0	
67.6	46.0	7.3	230.0	328.6	70.0	.0	.0	
66.6	40.5	6.2	181.7	564.5	14.0	.0	.0	
65.6	37.4	8.2	218.3	578.0	28.0	.0	.0	
61.7	40.0	7.5	170.0	481.2	25.0	.0	.0	
57.7	40.0	5.7	200.4	437.7	63.0	.0	.0	
   9    30    1985
58.8	44.9	6.5	255.0	227.8	98.0	.0	.0	
64.2	43.7	6.7	204.2	495.2	41.0	.0	.0	
63.7	40.6	7.6	213.8	543.1	10.0	.0	.0	
66.3	44.9	11.1	250.4	373.6	77.0	.0	.0	
67.1	48.8	15.3	225.4	379.5	75.0	.0	.0	
59.2	38.0	12.8	267.1	499.5	22.0	.0	.0	
53.3	37.4	6.3	212.9	363.3	60.0	.0	.0	
55.3	47.4	7.1	282.9	206.4	98.0	6.0	.0	
57.4	49.0	4.4	138.8	277.2	98.0	32.0	.0	
55.8	45.9	4.6	175.4	408.6	63.0	32.0	.0	
56.4	47.2	5.8	249.2	237.9	81.0	.0	.0	
54.5	42.8	9.3	190.8	360.1	53.0	.0	.0	
57.4	46.7	6.8	165.8	367.2	78.0	4.0	.0	
53.4	44.1	5.3	241.3	371.7	75.0	10.0	.0	
54.4	40.3	6.2	237.1	423.0	21.0	.0	.0	
53.8	42.2	6.7	146.3	253.6	72.0	.0	.0	
53.6	37.1	8.0	239.6	316.4	45.0	.0	.0	
56.4	38.8	5.6	210.4	382.4	37.0	.0	.0	
54.1	38.3	6.6	225.4	409.4	21.0	.0	.0	
55.9	42.2	5.4	182.9	290.5	75.0	.0	.0	
60.5	40.1	10.9	274.2	431.0	26.0	.0	.0	
53.4	34.8	6.9	221.7	462.0	2.0	.0	.0	
53.0	36.9	5.6	197.5	341.1	69.0	.0	.0	
55.5	42.9	5.7	199.6	401.0	49.0	.0	.0	
54.2	40.3	6.3	241.7	401.5	20.0	.0	.0	
56.9	38.4	6.6	146.7	407.1	41.0	.0	.0	
50.2	34.2	9.5	179.6	394.9	6.0	.0	.0	
44.8	23.7	8.5	203.8	432.7	2.0	.0	.0	
42.8	23.1	6.3	242.5	394.5	36.0	.0	.0	
46.2	25.2	6.7	225.4	387.5	54.0	.0	.0	
  10    31    1985
48.6	35.8	3.6	168.8	190.3	96.0	.0	.0	
57.9	45.3	8.4	212.1	305.1	85.0	.0	.0	
54.1	37.2	6.1	210.8	350.4	54.0	.0	.0	
50.0	32.1	6.1	233.8	343.6	43.0	.0	.0	
53.3	35.1	6.3	222.1	323.1	73.0	.0	.0	
50.5	44.6	5.0	140.4	139.2	86.0	31.0	.0	
41.9	34.2	5.9	144.6	170.7	90.0	40.0	.0	
35.3	20.6	9.2	210.0	346.5	14.0	.0	.0	
37.1	23.7	6.9	200.4	345.2	34.0	.0	.0	
46.9	33.4	3.2	149.6	221.4	93.0	4.0	.0	
47.0	35.3	10.3	245.0	303.0	36.0	.0	.0	
41.2	30.4	5.1	198.3	334.2	13.0	.0	.0	
43.1	32.8	5.4	185.4	271.4	53.0	.0	.0	
48.7	42.8	4.9	161.3	168.3	92.0	.0	.0	
50.3	43.5	4.7	147.5	271.9	65.0	.0	.0	
52.3	36.6	9.9	264.6	264.9	61.0	.0	.0	
44.9	35.1	5.5	176.7	319.2	4.0	.0	.0	
46.3	38.1	4.5	207.1	280.2	38.0	.0	.0	
46.7	41.7	6.2	150.4	165.1	85.0	.0	.0	
49.2	43.7	3.2	120.8	133.8	98.0	.0	.0	
49.3	37.6	11.5	162.5	184.7	89.0	.0	.0	
48.4	36.4	10.9	170.0	262.2	50.0	.0	.0	
48.2	35.3	5.9	177.1	255.7	44.0	.0	.0	
50.5	40.7	11.5	197.1	158.4	83.0	.0	.0	
48.9	30.9	10.7	251.3	241.5	52.0	.0	.0	
42.8	33.3	4.5	220.8	159.9	98.0	.0	.0	
49.9	38.8	9.8	216.7	225.7	72.0	.0	.0	
42.4	26.4	6.4	210.8	252.6	48.0	.0	.0	
35.3	24.0	5.6	277.5	222.9	71.0	.0	.0	
37.6	26.0	9.7	248.8	197.3	45.0	.0	.0	
35.0	27.2	4.9	217.9	122.3	86.0	.0	.0	
  11    30    1985
48.6	36.9	7.2	204.2	166.1	80.0	.0	.0	
58.2	42.2	10.2	241.3	124.2	93.0	.0	.0	
50.0	45.1	5.6	243.8	109.4	98.0	.0	.0	
47.2	33.3	10.3	271.3	107.6	73.0	.0	.0	
39.4	30.2	10.0	185.8	128.5	68.0	.0	.0	
45.0	34.0	8.0	186.7	187.9	69.0	.0	.0	
45.4	28.1	10.3	215.4	220.4	31.0	.0	.0	
32.8	27.1	5.2	155.0	96.0	53.0	2.0	.0	
30.1	27.7	9.7	142.5	74.6	91.0	.0	81.3	
28.0	17.9	15.0	103.8	115.4	89.0	.0	12.7	
19.6	10.0	8.3	262.1	226.0	8.0	.0	.0	
16.5	8.7	7.1	263.8	197.1	13.0	.0	.0	
16.8	10.3	5.6	251.7	203.2	2.0	.0	.0	
18.9	12.6	6.7	263.3	197.3	31.0	.0	.0	
27.2	23.5	2.0	74.6	82.2	98.0	.0	7.6	
26.9	24.6	5.7	160.4	164.3	80.0	.0	.0	
28.2	26.8	5.5	247.9	96.7	90.0	.0	25.4	
23.5	14.6	6.2	217.5	200.3	13.0	.0	.0	
18.4	15.1	5.7	183.8	72.1	83.0	.0	15.2	
14.9	11.1	6.1	248.8	119.1	65.0	.0	10.2	
11.5	8.5	6.6	185.8	96.6	85.0	.0	61.0	
8.2	3.2	5.9	220.0	174.3	43.0	.0	7.6	
-1.5	-6.9	5.6	228.3	170.6	40.0	.0	.0	
5.9	-.3	3.4	125.4	78.6	98.0	.0	.0	
6.2	1.2	4.3	159.6	149.7	73.0	.0	.0	
3.7	.2	4.6	252.5	126.0	77.0	.0	.0	
11.5	4.7	5.8	169.2	96.0	97.0	.0	7.6	
10.7	-1.0	7.1	232.5	84.5	98.0	.0	.0	
12.4	5.5	7.5	286.7	105.7	98.0	.0	.0	
15.4	8.8	6.0	214.6	84.0	98.0	.0	.0	
  12    31    1985
12.5	3.0	8.5	203.8	118.9	96.0	.0	15.2	
16.5	14.2	8.0	267.5	112.4	98.0	.0	86.4	
14.2	10.7	3.9	198.8	152.3	58.0	.0	.0	
27.3	23.9	5.6	216.3	82.0	95.0	.0	.0	
26.2	23.4	2.8	147.1	114.6	90.0	.0	.0	
31.6	30.5	2.0	108.8	97.4	98.0	.0	73.7	
31.4	30.5	4.8	196.3	73.0	93.0	.0	83.8	
26.4	23.8	7.6	267.5	91.7	82.0	.0	.0	
23.0	17.7	8.2	209.6	104.2	50.0	.0	.0	
26.0	11.2	9.0	197.5	165.8	23.0	.0	.0	
18.7	13.2	3.8	137.5	104.6	97.0	.0	.0	
11.8	8.5	5.2	223.3	134.2	43.0	.0	.0	
9.9	7.2	4.3	204.2	123.0	84.0	.0	.0	
11.1	9.4	4.4	208.8	81.9	98.0	.0	.0	
15.1	13.3	4.3	177.5	86.0	98.0	.0	.0	
13.1	11.3	4.9	223.8	97.3	98.0	.0	.0	
10.6	8.4	4.5	209.2	84.0	92.0	.0	.0	
11.4	9.3	3.1	141.7	97.0	93.0	.0	.0	
19.8	19.1	2.2	82.1	84.6	98.0	.0	.0	
21.9	20.3	3.6	183.8	91.1	98.0	.0	.0	
21.5	17.9	3.7	175.8	86.8	98.0	.0	.0	
21.4	18.4	3.6	165.8	94.7	98.0	.0	.0	
21.1	18.4	4.2	214.2	100.0	98.0	.0	.0	
20.7	19.4	4.1	216.3	101.9	98.0	.0	.0	
21.1	18.8	4.4	194.6	95.7	98.0	.0	.0	
20.2	17.5	5.3	235.8	86.6	98.0	.0	.0	
19.1	16.4	6.2	235.4	90.6	98.0	.0	.0	
20.2	16.7	2.9	156.3	96.6	98.0	.0	.0	
19.9	16.7	3.8	158.8	98.0	98.0	.0	.0	
19.2	17.4	4.8	225.8	107.0	98.0	.0	.0	
19.7	17.7	3.2	151.7	109.6	98.0	.0	.0	
