   1    31    1974
37.5	26.7	14.3	66.3	138.5	78.0	.0	.0	
44.4	42.2	16.4	60.0	144.0	98.0	.0	.0	
36.3	31.3	19.7	342.5	164.7	98.0	2.0	.0	
39.9	26.5	10.5	231.3	169.9	98.0	.0	.0	
45.9	45.1	11.3	66.3	160.2	98.0	.0	.0	
56.8	56.3	7.4	182.5	144.8	98.0	1.0	.0	
57.6	55.9	12.8	27.5	173.4	98.0	4.0	.0	
69.0	66.9	16.1	135.0	234.5	93.0	1.0	.0	
73.2	70.1	18.5	153.8	156.3	95.0	.0	.0	
73.0	67.9	17.9	142.5	214.0	70.0	.0	.0	
45.1	43.6	17.3	17.5	140.2	98.0	3.0	.0	
41.5	35.3	14.7	141.3	156.7	98.0	.0	.0	
46.8	44.6	11.1	220.0	153.2	98.0	.0	.0	
58.5	56.1	6.1	172.5	178.3	98.0	1.0	.0	
62.5	59.6	5.5	96.3	166.5	90.0	.0	.0	
63.4	61.5	8.1	117.5	157.3	98.0	.0	.0	
71.3	67.2	16.3	161.3	235.3	78.0	.0	.0	
72.5	67.9	21.6	157.5	301.6	66.0	1.0	.0	
62.2	52.7	13.7	252.5	302.6	50.0	67.0	.0	
60.5	50.8	9.5	178.8	364.7	6.0	.0	.0	
64.4	62.1	9.5	121.3	230.4	67.0	.0	.0	
72.2	69.6	15.9	145.0	208.6	94.0	.0	.0	
52.3	49.8	17.7	230.0	148.5	98.0	13.0	.0	
46.9	46.4	15.3	305.0	153.2	98.0	29.0	.0	
48.8	48.0	10.8	290.0	150.2	98.0	57.0	.0	
54.7	52.1	10.8	197.5	334.4	35.0	19.0	.0	
67.7	65.6	12.8	143.8	234.2	76.0	.0	.0	
63.4	48.6	10.2	185.0	308.1	48.0	.0	.0	
57.6	47.5	7.9	82.5	363.6	10.0	.0	.0	
58.7	48.4	6.8	163.8	399.6	2.0	.0	.0	
66.2	63.8	9.2	71.3	183.1	87.0	.0	.0	
   2    28    1974
72.4	69.9	17.4	163.8	280.6	69.0	.0	.0	
72.1	68.1	10.2	165.0	286.1	73.0	.0	.0	
63.2	39.0	17.7	98.8	317.0	47.0	.0	.0	
56.2	43.6	12.3	60.0	433.3	2.0	.0	.0	
65.6	60.0	15.2	131.3	256.7	65.0	.0	.0	
65.5	58.1	17.0	185.0	223.3	78.0	.0	.0	
48.2	33.6	15.7	310.0	205.6	80.0	.0	.0	
44.3	23.8	12.9	340.0	424.4	6.0	.0	.0	
48.1	21.2	12.7	252.5	457.5	3.0	.0	.0	
54.4	29.8	9.2	187.5	384.7	27.0	.0	.0	
59.5	47.9	10.8	166.3	422.9	2.0	.0	.0	
65.1	58.4	16.3	155.0	396.5	5.0	.0	.0	
69.4	62.9	15.9	156.3	422.8	15.0	.0	.0	
71.3	65.0	15.1	157.5	209.4	74.0	.0	.0	
70.2	56.0	9.2	233.8	345.3	54.0	.0	.0	
59.4	50.2	9.6	96.3	436.9	19.0	.0	.0	
63.3	56.9	14.7	128.8	254.7	62.0	.0	.0	
71.8	50.6	15.7	230.0	285.5	81.0	.0	.0	
61.8	40.4	10.7	202.5	481.1	15.0	.0	.0	
70.5	65.0	24.4	150.0	409.3	42.0	.0	.0	
64.0	36.0	22.7	303.8	470.6	20.0	.0	.0	
55.1	29.3	10.4	221.3	468.0	13.0	.0	.0	
59.2	48.6	12.5	145.0	348.8	26.0	.0	.0	
55.7	29.5	18.1	138.8	308.5	50.0	.0	.0	
44.5	20.1	11.5	78.8	490.4	8.0	.0	.0	
51.6	39.0	11.9	152.5	422.8	33.0	.0	.0	
66.9	57.1	20.2	151.3	237.1	63.0	.0	.0	
70.0	62.5	17.1	148.8	428.7	18.0	.0	.0	
   3    31    1974
69.2	62.0	16.4	153.8	268.6	44.0	.0	.0	
70.9	63.0	19.6	161.3	473.8	26.0	.0	.0	
72.7	66.1	23.3	157.5	468.8	33.0	.0	.0	
74.3	68.2	23.6	148.8	356.0	69.0	.0	.0	
74.3	69.1	15.7	140.0	277.5	72.0	.0	.0	
74.7	68.9	17.8	147.5	349.4	55.0	.0	.0	
75.4	68.9	21.0	136.3	363.8	80.0	.0	.0	
75.4	70.5	19.4	141.3	245.8	98.0	.0	.0	
75.9	70.9	20.6	135.0	282.7	98.0	.0	.0	
76.1	70.7	18.2	141.3	267.1	98.0	.0	.0	
76.8	70.8	15.9	143.8	347.6	63.0	.0	.0	
76.0	70.0	13.1	170.0	250.0	92.0	85.0	.0	
69.7	65.6	15.0	72.5	260.9	98.0	89.0	.0	
70.1	66.4	13.8	93.8	285.4	98.0	148.0	.0	
72.9	68.8	8.2	161.3	403.8	85.0	32.0	.0	
68.6	65.4	11.7	57.5	249.7	96.0	.0	.0	
67.9	65.0	9.7	176.3	323.5	64.0	.0	.0	
74.2	70.9	14.8	150.0	364.6	48.0	.0	.0	
75.9	71.3	14.5	152.5	477.6	58.0	1.0	.0	
76.4	70.5	12.7	145.0	319.5	69.0	.0	.0	
57.2	43.8	15.4	151.3	509.6	32.0	.0	.0	
59.9	54.5	9.6	72.5	213.4	81.0	.0	.0	
69.4	63.9	8.9	135.0	390.4	60.0	.0	.0	
46.0	39.4	19.4	180.0	240.3	98.0	10.0	.0	
44.9	44.4	12.6	195.0	258.9	98.0	47.0	.0	
53.4	53.0	10.1	262.5	240.8	91.0	68.0	.0	
64.3	62.9	8.8	148.8	303.6	98.0	.0	.0	
73.1	69.5	9.2	177.5	299.5	72.0	.0	.0	
73.4	68.8	8.6	192.5	512.0	39.0	.0	.0	
73.5	70.3	15.5	143.8	533.8	24.0	.0	.0	
76.0	71.8	20.0	156.3	503.2	68.0	.0	.0	
   4    30    1974
77.8	65.6	14.3	211.3	496.6	53.0	.0	.0	
72.0	68.8	13.1	152.5	561.8	27.0	.0	.0	
77.4	65.0	13.1	132.5	624.1	2.0	.0	.0	
67.3	45.5	17.5	145.0	618.8	2.0	.0	.0	
60.1	40.6	10.9	147.5	622.1	2.0	.0	.0	
63.3	52.1	14.1	140.0	587.2	2.0	.0	.0	
74.1	63.7	14.7	173.8	602.0	8.0	.0	.0	
70.7	49.1	14.0	130.0	649.4	2.0	.0	.0	
66.6	53.3	13.1	90.0	633.4	2.0	.0	.0	
73.7	68.4	26.8	145.0	267.5	78.0	.0	.0	
77.0	71.8	21.3	152.5	256.3	98.0	1.0	.0	
77.3	72.6	12.0	126.3	339.0	75.0	2.0	.0	
77.9	72.0	12.0	150.0	352.0	91.0	.0	.0	
68.9	53.9	15.6	116.3	282.8	95.0	.0	.0	
61.4	51.0	15.1	62.5	301.1	98.0	1.0	.0	
63.4	53.1	10.3	132.5	364.6	78.0	.0	.0	
68.8	61.5	13.4	111.3	527.7	53.0	.0	.0	
73.2	67.8	15.0	113.8	348.0	73.0	.0	.0	
76.8	69.1	17.4	128.8	541.6	63.0	.0	.0	
76.7	71.0	19.5	136.3	412.3	84.0	.0	.0	
78.2	73.0	23.2	146.3	310.6	88.0	.0	.0	
79.1	72.4	13.3	127.5	388.5	83.0	4.0	.0	
74.2	68.6	13.1	95.0	348.6	80.0	.0	.0	
74.5	68.1	15.0	66.3	277.6	72.0	.0	.0	
74.7	66.8	13.0	105.0	421.2	63.0	.0	.0	
73.6	64.2	14.7	121.3	451.4	66.0	.0	.0	
76.0	66.5	16.1	133.8	537.7	85.0	.0	.0	
78.0	70.3	20.9	141.3	415.6	95.0	.0	.0	
78.9	70.5	21.3	138.8	409.7	81.0	.0	.0	
78.3	70.3	16.0	138.8	433.3	98.0	.0	.0	
   5    31    1974
74.0	71.5	9.9	123.8	291.1	92.0	197.0	.0	
78.0	73.2	10.8	163.8	523.4	82.0	.0	.0	
77.8	71.2	14.0	178.8	587.5	49.0	.0	.0	
77.2	68.4	9.0	140.0	627.6	55.0	10.0	.0	
77.6	68.9	11.4	115.0	632.9	51.0	.0	.0	
72.9	63.2	10.8	107.5	522.8	64.0	.0	.0	
73.1	68.1	9.3	120.0	273.4	93.0	5.0	.0	
77.5	70.3	7.8	90.0	508.5	44.0	.0	.0	
79.6	73.5	17.4	138.8	499.9	70.0	.0	.0	
80.4	72.4	12.3	177.5	547.3	45.0	12.0	.0	
81.7	75.4	9.5	120.0	633.8	36.0	.0	.0	
80.5	72.1	12.9	77.5	552.9	50.0	.0	.0	
79.8	74.4	15.7	136.3	294.7	95.0	.0	.0	
82.6	75.6	18.6	150.0	549.8	79.0	.0	.0	
83.9	77.1	15.7	138.8	406.9	95.0	.0	.0	
83.5	76.2	18.1	142.5	481.9	73.0	.0	.0	
83.0	73.6	17.7	142.5	499.1	65.0	.0	.0	
82.1	72.9	14.5	131.3	485.0	53.0	.0	.0	
80.6	71.4	12.6	136.3	574.0	33.0	.0	.0	
79.3	70.5	11.8	111.3	540.2	46.0	7.0	.0	
79.6	72.6	5.8	118.8	455.4	47.0	1.0	.0	
79.8	71.8	8.4	220.0	656.2	9.0	.0	.0	
78.7	71.0	10.0	145.0	546.8	45.0	.0	.0	
82.9	72.7	12.4	133.8	615.4	31.0	.0	.0	
83.9	74.1	13.4	137.5	590.3	40.0	.0	.0	
82.5	74.4	7.2	146.3	602.8	23.0	52.0	.0	
80.1	69.9	9.5	66.3	658.5	9.0	.0	.0	
82.3	73.2	11.3	136.3	575.6	26.0	.0	.0	
84.5	74.7	17.1	150.0	528.5	64.0	.0	.0	
82.3	75.0	16.7	165.0	297.8	89.0	140.0	.0	
83.4	77.5	11.3	178.8	525.6	49.0	.0	.0	
   6    30    1974
81.9	72.6	8.8	133.8	631.4	35.0	.0	.0	
81.3	73.1	8.4	148.8	588.0	24.0	.0	.0	
82.2	73.4	9.2	131.3	551.6	33.0	.0	.0	
83.2	73.5	14.5	145.0	596.5	32.0	.0	.0	
84.5	75.4	20.0	148.8	503.4	58.0	.0	.0	
83.8	76.3	21.9	151.3	348.0	86.0	.0	.0	
84.5	77.8	19.7	155.0	420.1	74.0	.0	.0	
85.3	77.8	22.9	146.3	532.4	79.0	.0	.0	
84.3	77.4	16.2	136.3	344.3	95.0	.0	.0	
74.7	71.1	10.7	168.8	264.6	88.0	97.0	.0	
79.7	73.2	10.0	146.3	556.0	66.0	1.0	.0	
81.3	74.1	10.7	190.0	573.7	67.0	.0	.0	
80.0	73.1	9.4	131.3	345.9	86.0	7.0	.0	
76.5	70.5	8.4	95.0	441.3	64.0	137.0	.0	
78.5	70.2	7.4	165.0	666.0	6.0	.0	.0	
78.7	70.3	6.5	152.5	645.8	9.0	.0	.0	
80.1	71.5	9.3	181.3	608.1	11.0	.0	.0	
81.3	73.4	11.5	148.8	578.4	23.0	.0	.0	
82.1	74.0	11.8	121.3	582.8	25.0	.0	.0	
81.1	73.4	10.1	111.3	597.0	26.0	1.0	.0	
81.0	72.8	8.4	97.5	592.4	18.0	.0	.0	
81.4	72.2	10.7	150.0	623.2	13.0	.0	.0	
82.8	71.5	5.6	168.8	627.1	6.0	.0	.0	
81.7	66.9	14.0	88.8	598.8	28.0	.0	.0	
75.6	58.9	11.4	78.8	721.8	2.0	.0	.0	
74.5	60.7	10.5	181.3	657.5	4.0	.0	.0	
75.7	62.9	8.4	137.5	645.5	10.0	.0	.0	
75.7	59.9	9.8	103.8	650.8	2.0	.0	.0	
77.9	66.1	10.7	143.8	588.6	15.0	.0	.0	
81.3	72.5	11.8	145.0	569.1	30.0	.0	.0	
   7    31    1974
83.0	74.0	15.5	143.8	570.0	35.0	13.0	.0	
83.2	71.9	15.1	150.0	610.6	16.0	.0	.0	
82.6	74.1	11.8	143.8	407.8	44.0	2.0	.0	
82.2	73.2	10.3	115.0	560.8	30.0	.0	.0	
82.0	70.6	7.7	103.8	616.0	28.0	.0	.0	
81.7	71.2	11.7	121.3	663.4	24.0	.0	.0	
81.9	71.5	12.7	147.5	570.0	32.0	.0	.0	
82.9	72.6	14.4	145.0	585.9	22.0	.0	.0	
83.1	71.5	15.0	140.0	649.2	10.0	.0	.0	
81.4	71.2	12.6	136.3	532.7	53.0	.0	.0	
79.7	71.6	11.8	126.3	493.5	67.0	.0	.0	
82.8	73.6	11.2	118.8	486.0	73.0	4.0	.0	
82.2	72.4	9.6	121.3	542.2	45.0	.0	.0	
80.9	70.0	8.1	190.0	548.0	24.0	.0	.0	
83.0	70.5	9.7	152.5	526.3	52.0	.0	.0	
83.9	71.0	9.4	151.3	417.9	73.0	.0	.0	
82.5	71.0	11.9	133.8	581.1	48.0	.0	.0	
84.4	73.0	13.1	127.5	559.4	32.0	.0	.0	
82.9	71.8	10.1	133.8	618.0	16.0	.0	.0	
82.0	68.6	8.6	167.5	589.1	14.0	.0	.0	
82.7	69.3	8.6	183.8	595.0	23.0	.0	.0	
83.3	70.4	8.7	158.8	630.8	11.0	.0	.0	
83.4	70.9	10.3	148.8	632.0	13.0	.0	.0	
84.7	72.5	12.8	166.3	613.7	18.0	.0	.0	
85.0	73.2	14.2	170.0	641.3	11.0	.0	.0	
86.3	73.5	16.4	166.3	639.8	3.0	.0	.0	
85.3	74.1	14.0	166.3	596.4	27.0	.0	.0	
85.2	72.9	14.7	155.0	653.7	13.0	.0	.0	
86.1	73.6	13.4	160.0	668.3	8.0	.0	.0	
84.9	73.6	10.8	151.3	617.9	26.0	.0	.0	
83.6	73.1	9.4	132.5	405.3	68.0	.0	.0	
   8    31    1974
84.7	70.7	12.7	138.8	620.1	23.0	.0	.0	
84.6	71.1	13.7	147.5	548.5	28.0	.0	.0	
84.8	73.6	10.9	137.5	620.3	23.0	.0	.0	
84.2	73.3	11.5	116.3	455.4	60.0	.0	.0	
83.5	74.2	10.4	121.3	483.9	70.0	.0	.0	
80.4	75.2	11.5	117.5	241.0	98.0	28.0	.0	
82.2	75.2	13.8	135.0	324.5	98.0	1.0	.0	
83.9	76.5	15.6	146.3	383.2	79.0	5.0	.0	
86.3	75.9	18.0	146.3	520.1	49.0	.0	.0	
85.6	74.7	18.8	147.5	616.6	9.0	.0	.0	
86.2	74.8	15.1	137.5	592.8	32.0	.0	.0	
86.5	75.0	14.0	140.0	493.5	41.0	.0	.0	
85.1	74.8	12.5	140.0	495.3	45.0	.0	.0	
86.2	74.0	13.3	147.5	553.6	18.0	.0	.0	
85.4	73.7	11.9	140.0	597.2	17.0	.0	.0	
85.6	74.6	11.4	133.8	539.7	21.0	2.0	.0	
85.8	74.0	13.9	141.3	520.2	25.0	.0	.0	
85.6	73.6	14.3	145.0	590.3	6.0	.0	.0	
86.0	74.4	13.6	146.3	571.4	13.0	.0	.0	
85.8	73.7	13.1	138.8	594.8	16.0	.0	.0	
85.3	71.3	11.5	140.0	638.8	2.0	.0	.0	
84.0	71.8	9.3	125.0	544.4	16.0	.0	.0	
84.0	71.5	9.5	128.8	538.1	26.0	.0	.0	
81.8	73.2	9.6	96.3	434.8	53.0	15.0	.0	
78.1	73.0	7.1	118.8	313.5	84.0	6.0	.0	
78.7	73.0	5.5	165.0	277.7	89.0	3.0	.0	
84.5	75.1	11.5	131.3	490.6	45.0	.0	.0	
85.3	75.7	14.7	150.0	512.7	47.0	.0	.0	
81.6	76.1	14.7	161.3	303.9	88.0	45.0	.0	
85.0	75.3	16.3	151.3	473.1	83.0	.0	.0	
84.7	74.0	14.4	145.0	551.2	28.0	.0	.0	
   9    30    1974
85.4	75.1	14.5	145.0	510.5	31.0	.0	.0	
84.9	74.7	13.0	138.8	540.0	13.0	.0	.0	
76.9	65.3	16.0	188.8	454.3	78.0	.0	.0	
73.1	58.1	14.3	201.3	447.1	52.0	.0	.0	
72.7	53.6	12.4	22.5	622.4	3.0	.0	.0	
74.0	54.4	11.4	107.5	621.7	2.0	.0	.0	
78.1	60.1	11.8	225.0	568.8	8.0	.0	.0	
80.2	58.1	13.4	332.5	607.4	2.0	.0	.0	
79.2	59.5	9.8	267.5	520.0	26.0	.0	.0	
82.0	69.2	16.3	143.8	586.1	2.0	.0	.0	
82.0	74.8	15.0	140.0	286.8	83.0	6.0	.0	
79.0	75.6	11.8	108.8	231.0	98.0	110.0	.0	
75.4	71.1	12.6	235.0	246.7	98.0	166.0	.0	
75.3	69.5	9.1	197.5	332.7	76.0	.0	.0	
78.4	74.7	9.2	108.8	332.3	73.0	35.0	.0	
82.5	74.7	10.0	122.5	512.1	23.0	.0	.0	
82.6	75.1	11.4	108.8	516.4	31.0	.0	.0	
82.4	74.7	11.8	92.5	496.2	22.0	.0	.0	
82.4	74.5	11.4	112.5	498.3	26.0	.0	.0	
82.9	74.2	10.3	103.8	476.3	34.0	.0	.0	
81.7	75.2	11.9	95.0	367.7	64.0	7.0	.0	
75.6	69.1	18.8	31.3	227.1	98.0	.0	.0	
72.3	61.9	20.2	37.5	227.8	98.0	.0	.0	
74.8	70.8	12.6	71.3	304.9	69.0	57.0	.0	
71.6	64.6	12.6	293.8	302.6	70.0	.0	.0	
70.4	60.9	8.2	276.3	526.0	10.0	.0	.0	
77.8	72.0	14.2	160.0	429.8	21.0	.0	.0	
81.7	72.4	13.3	146.3	358.7	46.0	7.0	.0	
72.5	54.3	10.8	148.8	533.3	30.0	.0	.0	
69.9	54.5	11.1	206.3	559.0	2.0	.0	.0	
  10    31    1974
71.2	60.7	9.8	125.0	509.8	24.0	.0	.0	
75.2	65.5	11.7	67.5	508.4	3.0	.0	.0	
76.0	62.9	10.8	103.8	471.7	18.0	.0	.0	
74.3	62.3	11.7	127.5	456.6	28.0	.0	.0	
76.4	66.0	11.8	151.3	437.1	40.0	3.0	.0	
78.0	66.7	10.9	116.3	419.4	32.0	.0	.0	
74.6	61.4	8.4	97.5	499.5	3.0	.0	.0	
71.9	59.0	8.7	200.0	494.7	4.0	.0	.0	
73.0	62.5	6.6	225.0	470.1	25.0	.0	.0	
76.6	67.1	8.8	143.8	438.6	21.0	.0	.0	
75.9	65.9	11.0	123.8	428.0	20.0	.0	.0	
76.9	67.6	10.5	108.8	435.1	39.0	.0	.0	
78.8	67.6	10.7	122.5	429.3	38.0	.0	.0	
79.1	69.4	12.7	131.3	426.3	36.0	.0	.0	
63.6	50.5	16.4	303.8	408.2	48.0	75.0	.0	
61.4	45.5	7.2	206.3	485.3	2.0	.0	.0	
63.5	49.9	6.9	220.0	470.5	6.0	.0	.0	
67.3	53.3	6.1	217.5	398.0	54.0	.0	.0	
69.7	57.0	6.1	186.3	307.6	66.0	.0	.0	
71.4	63.7	8.1	132.5	413.3	38.0	.0	.0	
72.6	67.4	11.4	83.8	294.7	72.0	40.0	.0	
75.0	68.4	11.8	73.8	348.7	66.0	.0	.0	
73.8	69.8	8.1	85.0	189.8	85.0	112.0	.0	
74.0	68.7	9.8	68.8	267.9	75.0	4.0	.0	
71.0	68.0	11.4	38.8	187.7	98.0	62.0	.0	
71.1	63.0	11.7	31.3	206.6	98.0	6.0	.0	
74.1	68.7	9.9	97.5	304.8	63.0	.0	.0	
76.7	71.9	12.1	123.8	242.9	59.0	.0	.0	
78.0	73.4	15.0	147.5	300.4	35.0	.0	.0	
79.6	74.8	19.2	142.5	196.2	80.0	.0	.0	
78.8	72.9	16.6	151.3	226.2	84.0	55.0	.0	
  11    30    1974
79.1	73.4	16.0	153.8	330.2	49.0	.0	.0	
77.7	71.3	17.1	145.0	291.3	52.0	.0	.0	
77.6	71.6	16.1	148.8	245.7	72.0	12.0	.0	
69.3	62.7	13.4	202.5	220.6	67.0	9.0	.0	
59.7	48.9	12.1	23.8	231.7	93.0	.0	.0	
61.5	53.6	17.6	28.8	185.6	98.0	5.0	.0	
56.8	53.0	16.7	63.8	192.4	98.0	.0	.0	
54.6	51.8	13.5	145.0	189.0	98.0	.0	.0	
60.9	59.2	8.9	250.0	195.4	98.0	.0	.0	
64.7	62.4	6.3	263.8	189.4	70.0	32.0	.0	
63.6	52.9	11.4	262.5	417.7	23.0	.0	.0	
57.7	43.0	9.7	221.3	395.3	2.0	.0	.0	
61.4	50.5	12.7	191.3	404.6	2.0	.0	.0	
58.8	45.3	15.6	118.8	402.6	4.0	.0	.0	
59.1	54.3	11.5	52.5	163.9	66.0	.0	.0	
68.1	65.4	8.4	145.0	258.5	76.0	.0	.0	
68.4	65.2	10.8	91.3	163.2	87.0	.0	.0	
67.1	65.2	9.1	66.3	171.9	98.0	.0	.0	
76.7	72.5	14.3	163.8	220.4	63.0	.0	.0	
68.6	52.1	13.7	30.0	320.8	31.0	.0	.0	
63.2	51.4	7.8	96.3	357.8	9.0	.0	.0	
70.6	64.5	15.9	155.0	340.9	6.0	.0	.0	
74.9	69.3	18.3	152.5	222.9	58.0	.0	.0	
60.0	52.0	18.2	280.0	153.6	83.0	96.0	.0	
51.1	36.3	11.0	336.3	387.3	3.0	.0	.0	
52.3	44.8	6.8	210.0	381.3	2.0	.0	.0	
56.2	49.1	6.7	247.5	212.6	43.0	.0	.0	
62.9	55.5	11.0	132.5	276.6	56.0	.0	.0	
58.5	52.3	13.9	205.0	220.9	71.0	22.0	.0	
42.0	26.5	14.1	262.5	340.7	38.0	.0	.0	
  12    31    1974
44.7	27.4	11.4	301.3	291.7	85.0	.0	.0	
47.5	32.9	6.2	100.0	202.1	80.0	.0	.0	
51.4	37.2	9.2	97.5	321.7	40.0	.0	.0	
60.9	54.5	10.2	68.8	142.2	98.0	7.0	.0	
68.2	65.5	13.3	153.8	209.6	70.0	12.0	.0	
66.1	56.1	11.1	250.0	325.1	25.0	.0	.0	
58.0	43.9	8.9	285.0	360.5	2.0	.0	.0	
53.1	40.0	14.4	21.3	154.7	67.0	.0	.0	
45.2	29.5	14.3	26.3	167.5	98.0	.0	.0	
47.3	46.5	11.7	278.8	137.9	98.0	34.0	.0	
48.4	47.1	5.8	183.8	182.4	90.0	.0	.0	
56.7	53.6	7.0	82.5	138.8	86.0	.0	.0	
59.4	57.1	6.5	140.0	295.8	45.0	.0	.0	
65.6	63.9	7.9	238.8	144.9	91.0	4.0	.0	
56.5	44.9	8.8	58.8	240.9	52.0	.0	.0	
52.9	38.5	11.1	263.8	358.9	2.0	.0	.0	
49.3	35.0	10.5	203.8	363.4	2.0	.0	.0	
61.5	53.9	12.4	237.5	246.0	38.0	.0	.0	
57.6	48.7	8.9	126.3	165.3	84.0	.0	.0	
56.9	43.0	7.0	160.0	237.4	80.0	.0	.0	
56.5	46.0	9.1	225.0	348.2	2.0	.0	.0	
66.3	61.7	20.0	157.5	205.8	55.0	.0	.0	
72.9	69.5	19.6	156.3	165.7	79.0	.0	.0	
72.5	65.6	17.0	173.8	198.8	67.0	.0	.0	
45.5	40.6	16.0	218.8	141.2	98.0	5.0	.0	
44.6	42.1	11.7	222.5	153.6	98.0	2.0	.0	
50.4	48.0	11.1	343.8	167.2	98.0	2.0	.0	
54.9	54.1	6.9	258.8	165.0	98.0	3.0	.0	
64.3	63.6	5.6	183.8	159.7	98.0	3.0	.0	
72.4	70.0	16.4	145.0	200.5	83.0	1.0	.0	
65.7	62.9	13.4	142.5	128.9	93.0	10.0	.0	
