1 31 1994
47.2	33.7	7.7	203.0	169.1	37.9	.0	.0	
52.8	26.0	9.3	211.8	229.8	32.5	.0	.0	
46.2	19.7	7.3	188.6	242.7	11.7	.0	.0	
48.2	24.2	6.7	153.4	256.5	.0	.0	.0	
55.2	22.6	11.5	189.0	164.4	55.8	.0	.0	
56.5	17.5	16.2	268.2	195.4	48.3	.0	.0	
40.2	5.9	6.6	200.2	260.1	.0	.0	.0	
37.8	7.2	4.8	153.8	206.8	29.2	.0	.0	
42.3	10.5	6.0	152.6	153.3	33.3	.0	.0	
41.9	13.1	7.2	219.4	262.9	2.5	.0	.0	
41.7	16.5	6.2	135.4	184.0	43.3	.0	.0	
41.8	14.3	8.3	141.8	267.5	1.7	.0	.0	
41.1	11.9	5.8	175.4	269.2	.0	.0	.0	
43.1	13.4	5.3	142.2	241.2	43.8	.0	.0	
45.1	16.9	5.7	179.0	124.1	88.3	.0	.0	
54.8	17.0	10.7	261.8	268.9	14.2	.0	.0	
45.8	14.1	6.0	178.2	276.7	.0	.0	.0	
43.5	12.1	5.4	173.8	278.7	.0	.0	.0	
45.7	17.1	4.9	166.6	280.5	1.2	.0	.0	
48.5	15.2	7.3	157.8	269.0	25.4	.0	.0	
46.0	30.0	6.9	184.6	209.6	37.9	.0	.0	
45.1	33.9	5.1	164.2	272.7	18.8	.0	.0	
47.1	35.1	4.7	144.6	131.1	87.1	.0	.0	
54.7	36.6	6.9	172.6	229.6	55.0	.0	.0	
55.6	29.5	11.7	194.2	294.6	14.2	.0	.0	
48.4	19.5	12.1	254.2	186.1	62.1	.0	.0	
44.5	13.4	8.4	220.2	299.4	11.7	.0	.0	
38.5	20.2	10.1	127.4	128.1	97.9	.0	.0	
37.8	28.6	5.5	187.4	136.6	67.1	.0	.0	
41.5	23.5	9.7	156.2	304.3	25.0	.0	.0	
31.0	17.1	8.2	118.6	154.3	70.8	.0	.0	
2 28 1994
29.3	10.9	8.7	169.8	243.5	16.7	.0	.0	
34.6	9.5	5.9	131.8	139.8	75.0	.0	.0	
45.2	12.9	7.1	140.2	164.8	76.2	.0	.0	
52.5	26.5	11.0	202.6	150.2	67.5	.0	.0	
51.2	25.9	6.6	174.6	218.8	33.8	.0	.0	
47.9	20.5	6.5	144.6	329.6	5.4	.0	.0	
57.0	19.9	9.7	181.8	134.1	83.3	.0	.0	
51.8	36.8	9.7	199.8	117.7	85.8	27.6	.0	
50.4	32.3	9.1	244.2	322.6	25.8	.0	.0	
49.8	28.5	7.5	167.4	324.8	27.9	.0	.0	
56.0	23.6	13.6	199.8	300.9	36.2	.0	.0	
49.1	17.3	10.6	280.2	349.5	10.4	.0	.0	
41.9	11.8	7.8	167.8	344.5	24.2	.0	.0	
48.4	17.8	5.9	147.8	176.1	69.2	.0	.0	
53.6	22.7	6.6	160.2	360.8	.0	.0	.0	
54.9	21.0	5.4	110.2	343.3	25.4	.0	.0	
59.8	27.3	6.9	151.8	168.2	74.2	.0	.0	
65.0	26.2	14.5	230.6	289.5	46.2	.0	.0	
53.8	20.2	13.5	239.0	365.4	31.2	.0	.0	
49.2	21.1	6.5	126.2	187.6	65.4	.0	.0	
51.3	22.8	9.9	156.6	139.3	84.2	.0	.0	
50.6	18.4	16.3	267.8	344.3	12.9	.0	.0	
44.9	10.0	6.5	156.6	368.6	14.2	.0	.0	
48.2	9.7	7.0	157.8	395.1	12.5	.0	.0	
56.5	12.8	7.3	155.8	312.7	47.9	.0	.0	
54.1	21.3	5.4	113.8	392.4	42.9	.0	.0	
61.4	28.5	7.8	189.0	400.2	35.8	.0	.0	
59.3	27.4	12.8	258.6	358.6	21.7	.0	.0	
3 31 1994
53.4	30.5	6.7	147.0	414.2	1.2	.0	.0	
54.0	24.6	6.5	131.4	153.7	63.3	.0	.0	
55.7	22.4	5.9	165.0	152.8	84.6	.0	.0	
61.3	34.8	6.9	184.6	248.6	73.3	.0	.0	
65.6	32.1	10.8	233.8	429.4	3.3	.0	.0	
62.7	24.0	7.7	187.4	435.5	.0	.0	.0	
62.1	25.4	10.1	188.6	435.6	10.0	.0	.0	
51.6	34.3	11.5	209.8	391.1	30.4	3.9	.0	
45.4	29.4	7.6	132.2	372.7	33.3	.0	.0	
51.0	21.3	7.3	141.0	451.7	.8	.0	.0	
59.4	18.9	9.7	234.6	364.1	20.4	.0	.0	
58.6	25.1	11.8	222.2	428.9	43.3	.0	.0	
51.5	35.3	11.3	77.4	291.9	87.9	3.9	.0	
52.4	46.0	7.6	183.4	180.0	97.5	31.5	.0	
60.2	46.5	6.2	195.8	386.7	58.3	.0	.0	
63.6	46.4	6.2	141.8	434.1	27.9	.0	.0	
69.1	39.4	9.2	205.4	415.8	26.2	.0	.0	
71.3	35.9	8.7	219.0	385.6	39.6	.0	.0	
70.2	40.3	10.2	243.8	291.7	83.8	.0	.0	
63.4	42.4	14.2	247.0	176.8	77.1	.0	.0	
61.3	34.8	5.2	107.4	497.3	.0	.0	.0	
65.0	31.4	10.9	189.0	360.4	40.8	.0	.0	
68.1	25.8	13.8	235.8	249.9	80.4	.0	.0	
67.9	33.5	9.0	208.6	502.8	18.8	.0	.0	
67.3	29.5	11.7	186.2	212.0	72.9	.0	.0	
57.5	28.3	17.8	267.0	395.8	31.2	.0	.0	
46.9	26.3	11.6	187.8	261.7	60.0	.0	.0	
46.5	15.1	6.6	155.8	524.7	10.0	.0	.0	
54.5	16.3	6.6	145.4	311.0	60.0	.0	.0	
53.0	22.9	11.1	113.0	265.0	36.2	.0	.0	
59.2	28.0	5.5	136.6	536.0	1.7	.0	.0	
4 30 1994
68.3	28.7	8.5	195.8	537.4	19.2	.0	.0	
70.2	23.7	10.0	218.6	543.2	15.0	.0	.0	
63.2	28.9	6.9	111.4	382.9	50.8	.0	.0	
68.6	25.5	14.7	195.4	223.8	65.4	.0	.0	
63.4	16.7	16.4	262.2	543.4	12.9	.0	.0	
58.4	20.1	8.0	167.0	448.8	23.3	.0	.0	
66.4	19.3	11.5	209.0	472.6	35.0	.0	.0	
70.4	24.2	13.2	203.0	359.9	44.6	.0	.0	
70.8	24.4	16.8	236.2	528.0	27.5	.0	.0	
66.2	26.4	13.6	214.2	571.9	2.1	.0	.0	
60.8	24.2	8.0	207.4	575.4	15.8	.0	.0	
62.2	22.9	5.6	154.6	349.6	62.5	.0	.0	
68.9	23.9	8.6	169.0	412.0	61.7	.0	.0	
75.0	25.5	12.6	233.0	579.5	29.2	.0	.0	
72.3	28.3	9.1	121.4	585.5	7.5	.0	.0	
68.0	28.7	10.6	89.8	591.7	.0	.0	.0	
68.8	23.0	6.9	152.6	594.8	11.7	.0	.0	
71.6	24.3	5.6	138.6	269.6	84.2	.0	.0	
75.3	29.0	6.0	135.0	250.2	69.2	.0	.0	
75.0	39.7	8.8	98.2	511.2	43.3	.0	.0	
74.3	43.3	6.6	132.6	528.5	49.6	.0	.0	
71.5	48.2	8.9	212.2	516.6	60.8	.0	.0	
68.4	51.3	8.4	179.8	342.8	84.2	63.0	.0	
70.1	38.7	12.0	198.2	614.5	8.8	.0	.0	
65.7	25.7	16.0	246.6	580.1	11.2	.0	.0	
69.3	26.9	14.3	228.6	620.6	9.2	.0	.0	
65.5	29.0	13.2	265.8	614.7	21.7	.0	.0	
62.3	25.5	9.1	127.8	625.4	3.8	.0	.0	
65.1	23.9	11.0	225.8	628.2	.0	.0	.0	
62.9	30.1	7.5	97.8	630.7	.0	.0	.0	
5 31 1994
69.7	31.7	10.8	177.4	577.9	32.9	.0	.0	
72.6	25.4	9.3	243.8	612.3	20.0	.0	.0	
75.3	27.8	9.0	208.6	637.3	5.8	.0	.0	
77.8	35.0	5.8	135.0	640.0	.0	.0	.0	
79.5	47.2	8.4	193.0	514.0	36.2	.0	.0	
79.1	39.8	10.3	201.4	323.2	82.5	.0	.0	
79.1	34.4	11.0	205.4	226.2	100.0	.0	.0	
72.8	45.3	12.5	168.2	226.9	91.7	.0	.0	
71.2	36.4	8.2	196.6	646.0	3.3	.0	.0	
70.5	37.9	7.7	166.6	650.1	2.5	.0	.0	
72.6	44.0	7.1	227.8	621.0	16.2	.0	.0	
70.7	44.3	9.1	215.0	479.8	58.8	.0	.0	
73.1	38.7	11.4	219.4	614.0	31.7	.0	.0	
77.3	43.6	7.7	165.0	615.3	35.4	.0	.0	
79.3	43.2	10.5	151.8	647.8	16.2	.0	.0	
82.6	36.3	10.6	168.2	436.2	35.0	.0	.0	
80.2	33.5	7.0	139.8	535.8	48.3	.0	.0	
78.7	46.6	7.6	136.2	532.6	49.6	.0	.0	
76.6	48.2	8.1	157.4	664.4	4.6	.0	.0	
77.6	46.5	7.1	160.6	667.3	1.7	.0	.0	
75.5	50.0	8.3	142.2	328.2	56.2	.0	.0	
68.7	51.7	9.1	162.2	321.8	68.3	15.7	.0	
73.8	50.9	7.0	161.4	392.8	75.0	11.8	.0	
73.0	57.7	7.5	148.6	567.6	59.6	27.6	.0	
75.8	41.5	11.3	240.2	674.5	12.5	.0	.0	
72.6	42.7	8.9	203.4	512.1	23.3	.0	.0	
75.5	45.3	6.0	201.0	676.9	10.8	.0	.0	
82.7	41.1	5.1	148.6	549.4	38.8	.0	.0	
86.3	37.7	6.2	170.6	506.0	59.6	.0	.0	
87.9	38.3	5.5	143.8	422.5	65.8	.0	.0	
83.6	50.2	9.7	127.4	286.3	81.7	27.6	.0	
6 30 1994
83.4	51.7	10.9	128.6	646.7	46.2	39.4	.0	
80.6	53.7	8.5	179.4	671.7	28.8	.0	.0	
80.1	53.5	9.0	157.0	683.2	21.7	31.5	.0	
83.2	52.5	6.3	186.6	684.5	15.0	.0	.0	
88.6	41.7	7.7	227.8	572.2	27.1	.0	.0	
90.4	40.4	8.6	198.6	674.5	16.2	.0	.0	
89.2	45.6	11.2	228.6	621.0	30.4	.0	.0	
88.5	33.8	9.7	241.8	687.4	.8	.0	.0	
89.6	38.4	7.8	181.8	687.9	2.5	.0	.0	
89.6	47.2	8.2	174.6	665.5	32.5	.0	.0	
90.1	44.4	12.6	180.6	329.6	77.9	.0	.0	
88.9	45.2	10.2	185.0	600.8	37.5	.0	.0	
89.3	46.5	8.3	149.0	689.2	22.5	.0	.0	
91.8	43.1	9.3	218.6	689.7	10.8	.0	.0	
90.8	40.8	10.5	239.4	690.0	1.2	.0	.0	
91.2	41.0	8.3	240.2	677.9	13.8	.0	.0	
89.2	50.1	12.1	201.4	584.7	49.6	.0	.0	
85.9	52.4	10.2	154.2	627.7	46.7	.0	.0	
85.6	48.7	10.3	91.4	504.4	46.7	.0	.0	
86.0	51.1	9.6	101.4	662.3	34.2	.0	.0	
84.9	54.0	7.9	111.8	484.6	73.3	.0	.0	
87.1	52.4	7.9	205.0	466.9	48.3	.0	.0	
89.6	48.8	9.3	152.2	690.7	3.3	.0	.0	
92.0	45.2	6.7	153.8	690.8	.0	.0	.0	
96.1	41.5	7.6	145.8	690.1	1.2	.0	.0	
97.8	41.5	7.7	165.4	690.1	2.5	.0	.0	
98.3	43.1	9.9	146.2	658.7	31.2	.0	.0	
96.7	39.5	9.2	175.0	356.7	86.2	.0	.0	
95.8	43.8	7.7	139.0	664.8	47.9	.0	.0	
96.9	42.5	7.3	156.2	398.3	65.4	.0	.0	
7 31 1994
98.3	44.4	7.5	199.4	657.0	44.2	.0	.0	
95.0	47.3	9.7	220.2	520.4	68.3	.0	.0	
95.0	46.6	10.5	190.6	443.9	75.4	.0	.0	
93.2	46.3	12.6	236.2	292.5	81.7	.0	.0	
91.4	47.0	12.6	233.4	687.2	10.8	.0	.0	
91.8	34.2	11.8	256.2	686.6	.0	.0	.0	
92.5	32.2	8.1	194.2	685.9	.0	.0	.0	
85.0	50.3	11.5	111.0	641.7	25.0	.0	.0	
84.5	49.8	8.3	163.4	675.3	29.6	.0	.0	
86.6	50.2	7.3	208.2	674.9	7.1	.0	.0	
88.7	47.8	9.2	169.4	673.3	31.2	.0	.0	
92.5	46.3	8.6	179.0	676.3	18.3	.0	.0	
91.9	44.3	8.4	191.8	397.2	37.1	.0	.0	
86.4	50.1	9.5	132.6	501.4	27.5	.0	.0	
88.5	51.0	10.2	122.2	633.4	41.7	.0	.0	
82.4	59.5	11.9	108.2	415.1	78.3	.0	.0	
78.3	60.7	7.7	150.2	319.1	95.4	7.9	.0	
81.4	58.5	7.2	184.6	485.2	65.8	.0	.0	
86.9	52.4	9.1	223.0	671.9	12.5	.0	.0	
90.3	50.3	9.4	191.0	666.2	22.5	.0	.0	
85.1	55.0	11.0	138.2	587.1	62.9	3.9	.0	
85.4	56.1	7.1	191.4	593.9	52.9	.0	.0	
87.3	49.6	6.7	150.6	626.1	33.3	.0	.0	
89.2	46.7	7.0	140.2	628.4	32.9	.0	.0	
90.6	46.4	7.5	223.0	448.2	68.8	.0	.0	
86.5	55.6	8.4	215.0	366.0	90.4	.0	.0	
85.2	56.6	7.2	143.8	295.6	95.0	.0	.0	
77.8	60.4	9.3	142.6	500.8	80.8	7.9	.0	
81.7	55.6	9.0	185.4	620.0	54.6	.0	.0	
83.7	58.4	8.1	125.0	647.8	38.8	.0	.0	
87.6	55.7	7.2	125.8	630.7	49.6	.0	.0	
8 31 1994
86.5	56.6	7.8	143.0	578.0	71.7	.0	.0	
83.2	59.8	7.7	150.6	535.9	75.8	.0	.0	
85.8	54.3	8.6	118.2	563.6	49.2	.0	.0	
85.6	49.9	10.3	93.4	641.3	22.5	.0	.0	
84.5	51.7	9.8	107.0	636.2	18.8	.0	.0	
88.0	52.1	6.6	138.6	605.8	31.7	.0	.0	
91.0	48.8	9.1	173.8	347.6	68.8	.0	.0	
90.2	49.0	10.4	117.4	413.9	69.2	.0	.0	
88.4	51.6	8.4	135.4	575.9	46.7	.0	.0	
85.6	51.9	8.6	102.6	607.9	17.5	.0	.0	
82.8	53.9	10.2	104.2	607.5	25.0	.0	.0	
84.9	50.8	6.4	131.0	608.3	10.0	.0	.0	
87.5	47.4	6.8	127.8	621.6	7.1	.0	.0	
85.4	50.2	11.3	77.8	589.8	37.5	.0	.0	
80.0	58.1	8.3	84.2	230.7	98.3	.0	.0	
85.9	55.4	6.2	144.6	579.5	41.7	.0	.0	
90.2	49.4	6.3	166.6	523.0	20.4	.0	.0	
91.0	48.7	7.5	164.6	581.0	35.4	.0	.0	
91.0	49.1	9.3	219.0	539.1	47.1	.0	.0	
88.1	50.4	9.3	219.8	607.6	21.2	.0	.0	
83.1	56.1	6.8	118.2	604.6	29.2	.0	.0	
87.0	52.5	5.5	150.2	397.1	57.1	.0	.0	
88.2	52.2	4.9	109.0	562.6	27.9	.0	.0	
86.7	54.2	8.1	121.0	557.6	12.9	.0	.0	
86.2	52.1	6.4	185.0	574.7	8.3	.0	.0	
86.8	49.1	7.4	108.2	585.9	4.2	.0	.0	
87.3	50.8	7.8	129.8	585.9	2.9	.0	.0	
88.6	49.3	6.2	135.0	579.5	17.5	.0	.0	
85.5	51.3	8.8	178.2	534.3	40.8	.0	.0	
83.0	55.9	8.3	223.4	515.2	69.2	.0	.0	
79.8	57.8	8.0	139.8	422.3	56.2	.0	.0	
9 30 1994
80.3	58.3	9.8	81.8	544.8	42.1	.0	.0	
80.2	58.4	10.7	95.4	525.5	25.4	.0	.0	
78.2	59.1	9.1	141.0	351.8	77.5	.0	.0	
77.1	62.5	7.5	163.0	356.4	78.3	3.9	.0	
79.9	57.9	8.2	191.8	450.6	74.2	.0	.0	
78.2	58.2	8.8	141.0	300.8	71.2	.0	.0	
79.0	57.3	6.8	182.6	500.4	35.4	.0	.0	
81.0	54.3	7.1	117.8	545.8	2.5	.0	.0	
83.6	52.2	6.1	143.8	510.2	12.5	.0	.0	
84.2	49.0	7.0	192.6	531.2	27.5	.0	.0	
82.6	51.6	8.8	127.4	447.0	56.7	.0	.0	
82.1	52.3	9.3	118.2	479.3	24.2	.0	.0	
80.6	55.0	8.7	145.4	521.3	25.4	.0	.0	
78.5	56.9	6.5	177.8	426.0	57.5	.0	.0	
78.5	42.1	8.3	240.2	520.1	.0	.0	.0	
73.7	48.2	10.9	127.4	454.0	14.6	.0	.0	
74.2	38.8	9.2	103.8	484.2	20.0	.0	.0	
74.3	35.6	7.0	122.6	499.5	18.3	.0	.0	
77.3	33.5	5.0	97.8	262.2	86.2	.0	.0	
79.6	35.8	5.1	157.4	295.8	72.9	.0	.0	
77.5	44.7	7.6	210.2	180.2	98.3	.0	.0	
67.2	45.1	10.0	108.2	462.2	44.2	.0	.0	
72.9	42.0	7.1	201.8	488.0	1.7	.0	.0	
76.0	38.0	8.0	165.4	311.8	37.5	.0	.0	
76.4	39.7	7.3	139.4	236.6	74.2	.0	.0	
78.2	42.5	7.5	199.0	457.3	45.4	.0	.0	
77.8	34.4	6.2	166.6	472.2	4.2	.0	.0	
78.3	27.8	6.3	197.4	468.5	.0	.0	.0	
79.7	30.9	5.8	145.4	464.4	10.4	.0	.0	
81.1	35.2	5.9	186.2	400.5	57.9	.0	.0	
10 31 1994
78.3	41.9	9.2	225.0	222.2	89.6	.0	.0	
75.6	43.7	9.9	239.8	296.4	38.3	.0	.0	
76.8	45.0	7.3	185.8	387.7	40.4	.0	.0	
76.7	44.4	5.4	162.2	216.3	66.7	.0	.0	
81.4	43.5	13.6	191.8	382.0	38.8	.0	.0	
75.0	42.9	12.3	252.2	318.2	50.0	.0	.0	
63.5	53.8	10.3	156.6	305.7	53.3	19.7	.0	
61.3	40.0	9.9	130.2	426.6	2.5	.0	.0	
60.6	34.2	8.4	119.4	423.8	.0	.0	.0	
61.0	28.8	5.4	125.0	419.8	.0	.0	.0	
62.9	27.5	4.6	112.2	415.8	.0	.0	.0	
65.2	29.8	5.7	154.6	411.8	.0	.0	.0	
69.8	30.6	13.3	117.8	353.7	46.2	.0	.0	
58.6	45.6	14.3	117.0	141.3	92.9	11.8	.0	
64.0	38.2	12.3	230.2	385.1	27.9	.0	.0	
70.3	45.8	9.1	195.0	291.9	70.0	.0	.0	
60.3	45.1	9.2	209.4	252.0	62.9	3.9	.0	
63.1	47.5	6.5	151.0	385.9	10.4	.0	.0	
65.2	43.6	5.6	185.8	384.1	15.8	.0	.0	
68.4	39.4	7.9	220.6	380.3	4.6	.0	.0	
66.8	35.7	6.2	189.4	376.4	1.7	.0	.0	
65.2	32.2	5.7	187.8	325.7	44.6	.0	.0	
68.4	31.8	5.9	129.4	368.4	20.8	.0	.0	
70.7	31.2	5.9	142.6	285.4	44.2	.0	.0	
60.1	44.8	9.2	151.0	151.1	63.3	.0	.0	
58.2	46.4	6.1	171.8	241.1	48.8	.0	.0	
62.7	42.8	6.7	174.2	352.2	2.1	.0	.0	
66.6	35.4	6.5	175.0	349.9	.8	.0	.0	
68.7	35.8	6.6	167.4	333.9	21.2	.0	.0	
69.6	37.2	8.9	185.0	184.1	75.8	.0	.0	
64.8	20.1	8.0	186.2	340.0	.0	.0	.0	
11 30 1994
64.7	24.8	8.7	185.4	246.5	50.4	.0	.0	
68.0	43.2	14.9	212.6	142.9	80.8	7.9	.0	
63.6	46.7	11.2	183.0	155.9	78.8	.0	.0	
53.3	36.1	12.3	234.6	166.1	49.6	7.9	.0	
50.7	29.1	6.5	142.2	323.5	.0	.0	.0	
56.9	29.1	6.5	85.8	320.3	.0	.0	.0	
65.0	31.0	8.5	226.2	240.1	64.2	.0	.0	
64.3	44.8	9.8	210.6	238.9	48.3	3.9	.0	
58.1	32.8	8.4	166.2	311.2	.0	.0	.0	
58.4	34.8	6.4	133.0	255.8	34.6	.0	.0	
54.9	44.5	10.2	243.4	110.8	83.3	7.9	.0	
56.8	53.9	7.0	184.2	105.9	89.6	23.6	.0	
55.7	42.0	7.5	220.6	297.2	3.8	.0	.0	
51.4	32.7	9.2	285.4	295.4	12.1	.0	.0	
50.1	33.1	9.7	146.6	291.5	45.4	.0	.0	
59.6	37.2	8.1	149.0	106.6	81.2	.0	.0	
55.9	28.2	13.0	226.2	289.0	23.3	.0	.0	
56.3	29.6	7.4	163.0	277.3	11.2	.0	.0	
53.5	27.3	12.6	212.6	237.4	42.5	.0	.0	
44.3	13.5	13.5	207.4	282.6	8.3	.0	.0	
47.7	18.7	6.3	126.6	245.3	14.6	.0	.0	
52.4	25.5	9.2	248.2	138.2	85.4	.0	.0	
48.5	36.4	8.7	105.0	97.0	94.2	.0	.0	
51.3	40.8	5.8	164.2	273.1	30.0	.0	.0	
57.5	41.7	6.3	183.4	95.4	82.9	.0	.0	
62.8	34.6	16.5	190.2	261.5	37.9	.0	.0	
47.9	16.8	13.6	302.2	268.9	.0	.0	.0	
44.3	9.7	8.1	174.6	267.2	.0	.0	.0	
42.7	5.0	11.6	256.6	265.6	.0	.0	.0	
42.1	6.3	7.0	121.0	264.0	.0	.0	.0	
12 31 1994
49.1	16.9	5.8	130.6	261.8	10.8	.0	.0	
53.5	25.8	7.0	170.6	260.4	1.7	.0	.0	
54.1	27.3	6.8	173.8	209.5	27.1	.0	.0	
56.1	30.8	6.4	185.4	200.4	61.2	.0	.0	
52.1	45.0	6.3	192.2	89.8	100.0	23.6	.0	
57.1	46.7	10.3	229.4	164.5	77.1	7.9	.0	
53.3	41.7	6.6	159.4	152.2	47.1	.0	.0	
51.4	39.6	6.5	149.4	124.2	64.2	.0	.0	
45.2	33.0	8.0	209.4	227.2	19.2	.0	.0	
42.0	12.5	9.6	176.6	155.4	50.8	.0	.0	
47.6	15.8	7.0	183.0	236.2	67.1	.0	.0	
46.5	28.0	7.0	235.4	87.7	97.1	.0	.0	
46.5	42.2	6.3	226.6	159.3	52.5	.0	.0	
46.0	37.9	4.9	166.6	208.0	27.9	.0	.0	
48.2	32.4	6.8	159.0	211.0	15.4	.0	.0	
47.8	22.3	6.9	201.0	248.6	.0	.0	.0	
45.4	20.8	7.3	206.6	248.3	.0	.0	.0	
50.2	26.4	7.4	176.6	247.8	1.7	.0	.0	
50.9	28.5	6.6	193.4	247.7	.4	.0	.0	
50.0	24.4	5.2	203.0	247.9	.0	.0	.0	
48.2	21.0	7.5	204.2	247.8	29.6	.0	.0	
53.1	20.4	9.1	186.6	91.7	95.4	.0	.0	
48.2	37.0	9.8	101.8	86.8	100.0	31.5	.0	
45.6	40.2	6.0	90.2	94.4	91.7	.0	.0	
49.3	43.1	5.4	123.0	103.3	72.9	.0	.0	
50.3	44.3	9.7	182.6	163.3	87.5	78.7	.0	
47.3	43.4	6.7	179.0	129.5	73.8	11.8	.0	
47.6	43.5	4.5	157.8	137.0	50.0	.0	.0	
48.4	40.6	3.8	103.8	249.9	2.5	.0	.0	
47.8	33.8	10.5	180.6	237.0	11.7	.0	.0	
44.2	27.1	9.1	190.6	251.8	.4	.0	.0	
