   1    31    1968
37.6	35.8	8.5	200.0	167.1	98.0	10.0	.0	
47.0	46.3	9.8	157.5	165.9	98.0	.0	.0	
45.1	43.5	12.0	325.0	156.1	98.0	13.0	.0	
37.8	34.4	11.3	228.8	170.8	98.0	.0	.0	
39.3	38.2	6.2	126.3	153.4	98.0	7.0	.0	
38.0	35.4	13.7	257.5	172.3	98.0	2.0	.0	
22.8	13.5	17.0	340.0	157.9	86.0	.0	.0	
27.7	24.2	4.7	78.8	135.3	98.0	.0	114.3	
33.5	33.4	10.7	286.3	155.4	98.0	10.0	.0	
36.0	34.0	9.8	310.0	167.7	98.0	.0	.0	
40.6	39.4	9.4	107.5	169.0	98.0	.0	.0	
41.6	33.4	13.5	268.8	242.1	52.0	.0	.0	
36.6	22.0	13.7	293.8	346.4	2.0	.0	.0	
36.9	23.0	6.5	177.5	342.5	5.0	.0	.0	
39.6	28.7	7.4	176.3	316.9	37.0	.0	.0	
41.3	30.5	5.6	186.3	349.5	2.0	.0	.0	
52.7	47.0	12.1	147.5	185.5	82.0	.0	.0	
55.3	53.2	10.6	168.8	157.7	98.0	99.0	.0	
52.9	52.6	6.8	132.5	156.0	98.0	17.0	.0	
55.3	53.5	6.8	77.5	158.2	98.0	31.0	.0	
54.9	53.8	8.9	95.0	157.6	98.0	100.0	.0	
54.3	49.4	6.8	200.0	288.1	70.0	.0	.0	
45.7	39.6	17.4	310.0	272.6	61.0	.0	.0	
43.6	37.1	6.6	175.0	344.7	18.0	.0	.0	
54.1	46.6	10.4	157.5	345.2	13.0	.0	.0	
61.6	56.9	18.0	162.5	168.4	85.0	.0	.0	
62.6	61.0	13.5	143.8	166.3	98.0	1.0	.0	
62.9	62.3	13.4	150.0	179.7	98.0	2.0	.0	
64.4	61.7	11.2	152.5	178.8	98.0	.0	.0	
58.5	56.7	7.5	183.8	173.6	98.0	10.0	.0	
62.5	59.3	10.7	125.0	215.8	85.0	.0	.0	
   2    29    1968
61.2	50.4	15.9	251.3	317.6	45.0	30.0	.0	
49.9	35.5	7.6	256.3	389.8	3.0	.0	.0	
51.6	38.4	12.0	136.3	301.4	43.0	.0	.0	
53.5	47.0	6.6	115.0	326.4	38.0	.0	.0	
52.7	43.8	12.0	306.3	354.6	25.0	3.0	.0	
51.4	40.1	12.4	301.3	389.8	2.0	.0	.0	
43.5	26.5	13.2	311.3	413.4	3.0	.0	.0	
43.3	26.0	5.4	206.3	414.7	21.0	.0	.0	
47.3	35.3	4.5	188.8	356.5	63.0	.0	.0	
52.8	45.4	7.1	240.0	172.6	98.0	1.0	.0	
44.1	32.1	12.0	293.8	412.5	33.0	.0	.0	
45.9	34.7	9.0	106.3	368.9	45.0	7.0	.0	
44.2	35.6	13.7	108.8	189.6	98.0	3.0	.0	
36.6	34.9	9.5	151.3	195.1	98.0	55.0	.0	
38.9	35.0	8.2	322.5	213.1	98.0	.0	.0	
43.4	37.5	6.8	151.3	383.6	52.0	.0	.0	
43.7	40.4	7.2	111.3	204.9	97.0	.0	.0	
47.3	42.1	5.3	77.5	219.9	98.0	.0	.0	
47.8	45.7	5.2	117.5	234.2	83.0	32.0	.0	
53.3	49.8	12.6	168.8	371.9	40.0	.0	.0	
40.1	36.5	18.4	281.3	182.7	83.0	4.0	.0	
30.0	25.8	11.9	185.0	218.0	98.0	.0	7.6	
32.3	27.0	11.3	280.0	258.8	85.0	.0	.0	
42.5	36.1	11.4	162.5	456.9	2.0	.0	.0	
52.1	44.3	6.3	181.3	466.4	2.0	.0	.0	
54.0	41.0	7.2	247.5	451.6	2.0	.0	.0	
57.1	42.8	9.7	158.8	416.5	66.0	.0	.0	
48.9	43.5	17.3	298.8	216.2	91.0	40.0	.0	
37.9	23.4	13.8	272.5	504.2	7.0	.0	.0	
   3    31    1968
45.4	32.0	13.0	170.0	338.3	71.0	.0	.0	
54.1	46.1	8.5	231.3	221.7	94.0	1.0	.0	
42.1	27.6	17.4	327.5	466.2	54.0	.0	.0	
43.4	27.8	5.8	231.3	422.5	63.0	.0	.0	
49.5	43.1	8.8	172.5	237.0	98.0	23.0	.0	
52.8	49.4	6.1	150.0	258.3	94.0	.0	.0	
57.7	52.1	11.8	145.0	463.1	22.0	.0	.0	
59.8	57.4	12.9	143.8	218.3	97.0	.0	.0	
66.2	56.3	12.5	203.8	481.8	36.0	3.0	.0	
61.3	52.0	12.4	170.0	376.9	72.0	36.0	.0	
46.2	43.1	23.3	318.8	203.5	98.0	99.0	.0	
41.3	32.2	20.7	298.8	484.4	50.0	.0	.0	
45.2	34.4	11.9	152.5	467.5	43.0	.0	.0	
53.5	46.1	18.5	157.5	475.6	70.0	.0	.0	
58.9	53.5	11.0	182.5	291.0	58.0	.0	.0	
61.9	49.9	7.8	187.5	504.0	48.0	.0	.0	
62.6	57.9	15.6	137.5	266.9	98.0	.0	.0	
64.1	62.1	17.0	146.3	256.8	98.0	.0	.0	
61.9	61.3	12.1	202.5	262.4	98.0	24.0	.0	
52.4	49.1	20.0	232.5	275.1	98.0	29.0	.0	
42.0	32.9	19.8	328.8	319.8	94.0	.0	.0	
43.7	31.4	15.2	295.0	548.3	27.0	.0	.0	
45.1	33.3	6.5	123.8	559.8	2.0	.0	.0	
55.9	43.7	17.0	146.3	592.6	11.0	.0	.0	
60.3	51.5	15.9	155.0	525.5	21.0	.0	.0	
62.0	53.6	19.2	148.8	420.5	68.0	.0	.0	
62.4	57.2	14.1	132.5	270.5	95.0	.0	.0	
65.9	60.5	12.1	156.3	463.1	68.0	.0	.0	
66.1	61.5	12.2	155.0	380.3	84.0	.0	.0	
67.8	62.6	14.5	157.5	294.9	93.0	.0	.0	
66.8	60.6	16.6	238.8	374.4	86.0	.0	.0	
   4    30    1968
59.1	58.3	6.5	227.5	260.9	98.0	99.0	.0	
65.9	63.9	14.6	152.5	298.0	98.0	14.0	.0	
67.9	60.4	11.4	190.0	424.3	62.0	.0	.0	
50.1	35.0	20.2	317.5	617.8	26.0	.0	.0	
50.3	34.3	7.8	178.8	621.2	6.0	.0	.0	
60.1	48.9	12.7	103.8	599.6	38.0	.0	.0	
67.9	58.3	10.0	202.5	390.3	98.0	.0	.0	
66.4	61.7	8.6	197.5	372.0	86.0	3.0	.0	
60.6	58.9	10.3	191.3	300.1	98.0	4.0	.0	
63.8	56.3	7.0	205.0	475.5	58.0	.0	.0	
63.4	50.7	7.9	127.5	369.5	81.0	.0	.0	
61.9	58.2	13.4	142.5	257.7	94.0	128.0	.0	
71.3	66.1	15.9	170.0	514.8	54.0	.0	.0	
66.7	55.4	11.4	301.3	646.1	20.0	.0	.0	
62.3	48.0	9.6	185.0	639.3	19.0	.0	.0	
69.4	65.6	16.1	162.5	275.5	81.0	.0	.0	
72.5	68.1	15.0	160.0	285.4	98.0	.0	.0	
71.8	68.9	10.6	116.3	315.5	98.0	2.0	.0	
69.6	66.1	13.4	160.0	374.6	98.0	36.0	.0	
66.2	59.0	4.9	95.0	333.1	98.0	.0	.0	
68.4	65.1	7.1	128.8	318.6	98.0	8.0	.0	
70.9	67.0	12.8	177.5	445.7	80.0	.0	.0	
58.1	41.9	17.4	318.8	381.7	78.0	.0	.0	
58.8	37.9	6.8	235.0	679.3	2.0	.0	.0	
63.0	46.6	15.0	172.5	643.6	2.0	.0	.0	
69.5	62.4	13.8	175.0	600.7	53.0	.0	.0	
74.5	66.4	10.5	207.5	522.4	76.0	.0	.0	
64.6	61.4	10.4	247.5	278.7	83.0	.0	.0	
63.2	48.9	12.6	311.3	656.2	12.0	.0	.0	
63.7	44.7	5.1	167.5	617.3	28.0	.0	.0	
   5    31    1968
70.0	53.2	10.7	175.0	677.4	2.0	.0	.0	
72.1	62.5	14.5	135.0	492.6	65.0	24.0	.0	
70.8	63.3	12.6	148.8	556.6	70.0	26.0	.0	
69.4	62.1	8.1	183.8	566.0	53.0	3.0	.0	
69.6	52.6	10.1	93.8	568.8	65.0	.0	.0	
71.4	58.0	18.0	140.0	538.7	65.0	.0	.0	
72.4	66.3	14.1	148.8	303.3	98.0	10.0	.0	
71.8	68.4	10.4	132.5	427.0	78.0	53.0	.0	
71.6	69.0	9.4	145.0	365.2	98.0	270.0	.0	
68.7	66.6	8.8	147.5	330.0	98.0	131.0	.0	
66.8	64.6	6.7	67.5	303.9	96.0	5.0	.0	
67.4	65.6	10.0	105.0	296.6	95.0	.0	.0	
76.0	70.4	14.8	156.3	368.8	86.0	.0	.0	
77.5	70.0	13.8	160.0	436.1	85.0	.0	.0	
77.4	69.3	14.1	162.5	407.2	81.0	.0	.0	
75.1	69.2	10.5	148.8	322.7	89.0	.0	.0	
67.1	61.6	13.7	261.3	264.2	83.0	81.0	.0	
66.2	53.5	6.7	146.3	709.1	2.0	.0	.0	
66.6	54.2	9.3	285.0	687.8	9.0	.0	.0	
65.9	51.9	7.9	141.3	706.3	11.0	.0	.0	
71.8	59.1	11.8	112.5	652.0	45.0	.0	.0	
77.3	65.6	20.3	161.3	500.5	63.0	.0	.0	
79.3	66.4	17.9	165.0	506.6	61.0	.0	.0	
79.1	67.5	9.8	128.8	605.8	52.0	.0	.0	
80.7	67.7	13.9	206.3	580.3	54.0	87.0	.0	
69.9	61.8	8.7	193.8	335.6	74.0	.0	.0	
67.5	59.5	8.2	145.0	437.8	61.0	22.0	.0	
71.9	59.7	6.5	252.5	671.3	6.0	.0	.0	
77.6	63.5	12.7	181.3	675.6	34.0	.0	.0	
79.7	69.3	13.5	170.0	548.4	65.0	.0	.0	
78.6	66.2	16.1	150.0	568.1	65.0	.0	.0	
   6    30    1968
76.3	64.4	11.5	172.5	460.2	90.0	58.0	.0	
70.8	64.4	6.5	126.3	312.0	98.0	128.0	.0	
69.9	65.1	5.5	112.5	324.1	96.0	13.0	.0	
71.0	64.9	4.6	103.8	408.7	71.0	.0	.0	
73.1	66.8	7.8	145.0	391.4	85.0	14.0	.0	
77.0	69.3	12.2	146.3	527.8	50.0	.0	.0	
79.6	70.1	13.3	151.3	586.4	51.0	.0	.0	
79.7	69.4	13.3	150.0	553.6	48.0	.0	.0	
81.0	69.9	14.3	143.8	578.6	51.0	.0	.0	
83.0	71.1	12.0	157.5	602.6	55.0	.0	.0	
83.0	70.8	8.6	167.5	624.7	39.0	.0	.0	
83.2	71.1	4.8	177.5	625.9	42.0	.0	.0	
85.4	62.8	7.2	121.3	676.2	4.0	.0	.0	
83.7	68.4	11.1	152.5	710.8	8.0	.0	.0	
84.4	70.8	12.1	142.5	486.4	66.0	.0	.0	
80.9	69.1	9.4	120.0	552.2	66.0	.0	.0	
80.6	67.2	5.6	186.3	611.9	83.0	.0	.0	
79.7	68.1	4.9	171.3	492.3	98.0	20.0	.0	
78.0	68.0	6.2	56.3	472.3	90.0	.0	.0	
75.2	68.6	6.5	131.3	355.3	93.0	31.0	.0	
76.3	69.0	6.5	50.0	513.3	87.0	6.0	.0	
75.1	69.9	6.2	117.5	307.3	91.0	41.0	.0	
75.6	70.5	10.5	101.3	293.3	98.0	45.0	.0	
80.3	71.5	16.6	172.5	561.3	67.0	93.0	.0	
80.6	71.5	12.3	161.3	505.5	73.0	59.0	.0	
72.9	61.8	9.2	221.3	496.1	75.0	3.0	.0	
75.9	61.5	9.8	136.3	709.6	28.0	.0	.0	
82.7	70.3	16.6	166.3	603.9	44.0	.0	.0	
84.1	70.7	21.2	160.0	568.6	56.0	.0	.0	
84.4	71.2	18.3	160.0	598.6	51.0	.0	.0	
   7    31    1968
84.3	70.9	11.0	156.3	631.6	50.0	.0	.0	
80.1	68.8	7.6	241.3	413.8	76.0	.0	.0	
78.7	67.9	8.6	65.0	517.6	38.0	.0	.0	
77.2	60.1	7.2	71.3	698.7	20.0	.0	.0	
75.3	57.6	6.2	37.5	652.2	32.0	.0	.0	
75.8	57.6	5.7	88.8	645.3	41.0	.0	.0	
77.8	60.1	3.8	101.3	635.4	73.0	.0	.0	
75.4	67.6	4.8	140.0	275.2	96.0	45.0	.0	
76.6	69.4	4.1	111.3	474.7	59.0	43.0	.0	
79.9	69.5	4.6	138.8	597.9	39.0	.0	.0	
82.0	70.1	5.8	76.3	640.9	18.0	.0	.0	
79.2	70.2	11.4	157.5	552.2	39.0	10.0	.0	
82.4	70.6	16.3	156.3	535.0	73.0	.0	.0	
83.9	71.4	16.7	148.8	505.3	85.0	.0	.0	
84.7	71.5	15.7	147.5	583.1	58.0	.0	.0	
84.9	71.5	12.7	160.0	559.2	60.0	.0	.0	
84.0	70.5	13.7	162.5	653.8	21.0	.0	.0	
83.4	70.9	8.9	157.5	572.7	53.0	.0	.0	
79.3	68.5	4.6	126.3	473.5	67.0	.0	.0	
79.4	68.9	6.2	172.5	523.0	60.0	.0	.0	
83.8	69.9	7.9	172.5	641.5	32.0	.0	.0	
85.2	70.0	11.1	166.3	622.1	34.0	.0	.0	
85.1	69.8	12.4	160.0	648.0	29.0	.0	.0	
85.0	69.6	11.8	162.5	605.7	47.0	.0	.0	
84.0	69.8	12.4	155.0	580.9	44.0	.0	.0	
84.4	68.5	10.2	157.5	609.0	26.0	.0	.0	
86.4	69.3	9.1	167.5	645.0	11.0	.0	.0	
87.3	68.4	9.2	170.0	653.3	6.0	.0	.0	
84.0	69.1	7.8	116.3	432.3	79.0	.0	.0	
87.0	68.5	13.4	163.8	622.8	18.0	.0	.0	
86.7	68.5	15.7	165.0	631.3	14.0	.0	.0	
   8    31    1968
86.1	68.8	10.7	163.8	652.9	16.0	.0	.0	
86.2	67.5	10.8	166.3	640.6	5.0	.0	.0	
85.7	67.6	8.5	163.8	646.5	30.0	.0	.0	
83.6	70.3	8.6	120.0	531.6	58.0	19.0	.0	
84.3	70.1	8.7	147.5	561.8	39.0	.0	.0	
85.9	69.8	10.1	166.3	579.8	19.0	.0	.0	
87.6	69.3	10.1	161.3	607.2	10.0	.0	.0	
87.7	69.6	9.9	157.5	623.6	39.0	.0	.0	
88.1	69.3	12.1	165.0	579.8	51.0	.0	.0	
89.0	69.2	12.8	167.5	597.0	34.0	.0	.0	
84.9	67.8	5.9	190.0	493.3	81.0	.0	.0	
84.6	67.9	6.6	93.8	352.9	86.0	51.0	.0	
84.6	71.0	13.4	153.8	454.0	71.0	5.0	.0	
82.1	69.7	12.1	151.3	364.0	78.0	2.0	.0	
87.4	70.3	17.4	161.3	568.1	26.0	.0	.0	
88.2	70.2	15.4	161.3	545.3	44.0	.0	.0	
85.2	69.1	12.0	153.8	590.8	24.0	.0	.0	
85.2	69.4	15.0	165.0	542.6	26.0	.0	.0	
86.7	69.8	13.0	166.3	562.8	21.0	.0	.0	
86.5	69.5	13.3	158.8	506.9	43.0	.0	.0	
86.2	69.6	11.3	150.0	537.5	25.0	.0	.0	
87.6	66.9	12.3	158.8	619.3	8.0	.0	.0	
85.8	67.5	8.9	152.5	543.3	33.0	.0	.0	
84.6	67.8	6.9	121.3	537.7	26.0	.0	.0	
84.3	67.2	4.6	110.0	562.4	11.0	.0	.0	
82.4	68.4	3.2	102.5	519.8	28.0	10.0	.0	
81.5	62.8	8.4	68.8	552.0	40.0	.0	.0	
78.7	57.5	8.5	82.5	584.1	41.0	.0	.0	
77.4	56.5	4.8	73.8	548.0	70.0	.0	.0	
77.8	63.5	5.6	175.0	280.6	97.0	.0	.0	
78.2	64.5	4.1	168.8	404.1	93.0	.0	.0	
   9    30    1968
78.7	59.4	4.8	195.0	467.2	89.0	.0	.0	
79.0	63.1	10.3	171.3	277.3	98.0	10.0	.0	
83.3	70.3	14.4	176.3	521.1	49.0	7.0	.0	
80.5	71.2	13.0	155.0	392.9	75.0	134.0	.0	
74.5	67.7	5.2	242.5	280.2	93.0	.0	.0	
74.8	62.1	7.4	156.3	486.7	70.0	.0	.0	
77.4	65.6	8.1	118.8	336.3	84.0	.0	.0	
83.5	69.2	10.4	170.0	526.1	16.0	.0	.0	
78.6	61.1	8.7	226.3	474.2	30.0	.0	.0	
73.3	52.1	8.3	178.8	528.4	61.0	.0	.0	
71.6	53.0	5.4	168.8	560.8	4.0	.0	.0	
72.2	54.6	5.5	96.3	589.5	6.0	.0	.0	
73.6	56.8	7.2	155.0	313.3	93.0	.0	.0	
68.8	61.7	8.2	81.3	239.5	98.0	128.0	.0	
75.9	68.1	6.0	157.5	405.3	68.0	64.0	.0	
83.1	72.2	15.0	170.0	456.3	44.0	.0	.0	
70.7	56.5	12.2	263.8	502.8	41.0	85.0	.0	
72.1	51.2	7.5	171.3	574.5	2.0	.0	.0	
75.7	57.6	11.7	165.0	516.9	9.0	.0	.0	
78.3	68.7	11.9	142.5	452.3	55.0	3.0	.0	
78.8	71.0	12.8	138.8	377.3	69.0	6.0	.0	
78.7	69.6	9.4	137.5	405.3	46.0	.0	.0	
80.4	68.6	10.7	153.8	442.5	43.0	.0	.0	
72.7	65.5	8.8	205.0	285.9	66.0	124.0	.0	
71.0	60.9	10.4	342.5	512.5	26.0	.0	.0	
68.8	56.4	6.2	292.5	546.5	2.0	.0	.0	
69.3	55.1	2.6	127.5	546.7	2.0	.0	.0	
70.2	56.5	4.1	67.5	458.2	46.0	.0	.0	
71.0	58.0	3.2	65.0	474.8	15.0	.0	.0	
72.0	57.9	4.8	156.3	474.3	4.0	.0	.0	
  10    31    1968
75.3	59.0	8.5	181.3	466.8	15.0	.0	.0	
79.2	66.6	14.1	176.3	510.1	34.0	.0	.0	
72.3	59.4	15.2	207.5	312.0	89.0	.0	.0	
69.6	47.7	13.1	57.5	400.2	80.0	.0	.0	
70.3	60.1	8.2	110.0	361.0	63.0	4.0	.0	
66.4	58.3	7.2	195.0	316.1	50.0	.0	.0	
66.2	59.5	7.1	90.0	338.4	50.0	.0	.0	
77.1	67.9	13.0	138.8	218.6	77.0	.0	.0	
72.1	65.6	11.1	200.0	198.4	97.0	140.0	.0	
67.0	56.4	8.5	200.0	440.6	23.0	.0	.0	
70.5	62.8	7.2	122.5	234.0	88.0	.0	.0	
76.5	67.4	10.4	141.3	306.0	65.0	.0	.0	
78.6	67.3	11.0	160.0	383.0	25.0	.0	.0	
78.6	67.5	11.1	155.0	401.1	25.0	.0	.0	
78.8	65.8	14.6	152.5	388.6	43.0	.0	.0	
73.3	62.1	13.7	191.3	257.9	44.0	1.0	.0	
60.9	42.0	12.0	332.5	453.6	3.0	.0	.0	
59.1	38.8	5.5	232.5	401.0	14.0	.0	.0	
65.3	47.0	7.0	127.5	396.5	49.0	.0	.0	
71.6	57.1	9.0	163.8	425.9	34.0	.0	.0	
71.4	53.6	9.8	156.3	348.6	48.0	.0	.0	
70.3	55.9	8.8	248.8	436.9	16.0	1.0	.0	
67.8	52.1	5.5	53.8	275.0	70.0	.0	.0	
59.2	37.3	12.0	316.3	430.3	27.0	.0	.0	
59.8	40.5	6.8	148.8	434.6	9.0	.0	.0	
66.1	46.2	6.6	122.5	424.1	2.0	.0	.0	
65.7	44.5	10.1	231.3	384.6	25.0	.0	.0	
58.9	33.5	6.5	187.5	435.5	29.0	.0	.0	
68.6	50.4	8.1	185.0	407.4	2.0	.0	.0	
72.8	60.6	11.1	161.3	369.4	13.0	.0	.0	
75.7	63.0	14.7	160.0	316.4	50.0	.0	.0	
  11    30    1968
72.8	59.9	10.7	153.8	296.5	46.0	.0	.0	
71.1	59.2	12.4	202.5	237.9	80.0	54.0	.0	
56.4	43.8	14.1	301.3	187.2	63.0	.0	.0	
55.5	42.4	6.2	125.0	387.4	45.0	.0	.0	
62.6	52.9	12.1	198.8	251.2	59.0	.0	.0	
58.1	42.9	12.8	336.3	391.1	9.0	.0	.0	
53.1	38.0	12.2	261.3	351.3	50.0	.0	.0	
42.8	34.9	11.5	252.5	149.6	98.0	96.0	.0	
46.9	35.2	9.2	180.0	341.3	51.0	.0	.0	
50.9	37.5	17.0	230.0	219.9	38.0	.0	.0	
43.8	25.8	12.0	268.8	387.3	2.0	.0	.0	
49.1	30.4	10.9	123.8	349.7	10.0	.0	.0	
62.1	50.6	17.6	155.0	316.1	48.0	.0	.0	
69.6	59.7	17.4	150.0	165.9	96.0	.0	.0	
62.3	52.2	10.3	223.8	280.0	65.0	52.0	.0	
58.9	46.9	10.5	205.0	303.2	56.0	.0	.0	
56.3	40.5	13.1	288.8	276.9	48.0	.0	.0	
45.8	25.8	10.5	303.8	330.4	10.0	.0	.0	
48.4	28.9	6.7	150.0	368.7	5.0	.0	.0	
50.6	32.9	8.3	186.3	352.0	2.0	.0	.0	
58.1	43.6	9.5	183.8	352.5	2.0	.0	.0	
61.5	53.1	11.0	168.8	291.8	38.0	.0	.0	
66.4	55.6	11.2	186.3	193.0	57.0	2.0	.0	
57.0	35.1	10.0	271.3	343.1	15.0	.0	.0	
57.0	39.8	13.3	146.3	314.1	27.0	.0	.0	
60.0	54.1	15.6	201.3	122.5	98.0	41.0	.0	
45.6	40.9	14.2	300.0	154.1	98.0	110.0	.0	
47.6	33.1	8.4	256.3	319.8	15.0	.0	.0	
43.9	36.6	8.5	311.3	134.6	77.0	.0	.0	
44.1	40.0	9.4	325.0	158.0	98.0	122.0	.0	
  12    31    1968
48.7	41.7	11.4	166.3	317.2	19.0	.0	.0	
52.4	47.8	6.9	135.0	300.9	47.0	.0	.0	
47.7	31.1	16.3	296.3	324.9	14.0	.0	.0	
47.6	32.5	10.3	200.0	304.7	25.0	.0	.0	
46.6	35.8	7.5	275.0	332.5	2.0	.0	.0	
43.9	28.5	7.0	302.5	316.8	2.0	.0	.0	
43.4	25.1	13.4	342.5	334.5	2.0	.0	.0	
40.2	23.2	9.7	177.5	328.2	2.0	.0	.0	
48.6	40.0	11.4	150.0	147.3	70.0	.0	.0	
53.9	47.7	3.8	120.0	283.0	68.0	.0	.0	
60.1	56.9	17.4	163.8	135.0	98.0	.0	.0	
61.5	42.5	15.0	237.5	223.1	75.0	.0	.0	
46.1	25.0	10.1	277.5	317.8	2.0	.0	.0	
38.6	20.0	6.1	98.8	304.0	33.0	.0	.0	
39.5	20.6	7.5	178.8	326.3	18.0	.0	.0	
48.1	38.6	13.0	143.8	158.1	83.0	.0	.0	
60.9	56.2	16.4	155.0	176.8	96.0	.0	.0	
62.2	39.8	16.5	218.8	232.4	69.0	5.0	.0	
47.3	26.4	7.9	182.5	271.6	66.0	.0	.0	
48.8	37.6	7.8	93.8	132.8	89.0	15.0	.0	
55.4	52.2	5.6	91.3	146.3	98.0	20.0	.0	
45.7	25.0	14.3	295.0	264.3	82.0	5.0	.0	
36.8	18.8	7.8	231.3	325.3	2.0	.0	.0	
43.8	26.9	13.3	151.3	321.2	2.0	.0	.0	
53.2	46.4	13.4	166.3	283.5	32.0	.0	.0	
64.3	58.4	20.3	171.3	147.3	98.0	.0	.0	
60.2	41.6	21.6	240.0	191.0	59.0	.0	.0	
44.9	27.0	6.7	153.8	281.0	49.0	.0	.0	
54.5	44.3	13.3	161.3	298.9	29.0	.0	.0	
52.1	40.0	13.3	277.5	247.4	98.0	.0	.0	
29.0	11.3	16.3	335.0	256.3	79.0	.0	.0	
