1 31 1990
44.1	28.5	7.8	198.6	89.9	95.0	.0	.0	
50.6	37.1	15.6	163.4	139.3	92.5	.0	.0	
58.8	52.9	12.5	187.8	95.2	83.3	.0	.0	
49.1	33.4	12.7	220.6	90.6	97.5	.0	.0	
44.2	37.5	8.3	244.6	91.0	100.0	.0	.0	
45.3	38.7	7.7	217.4	91.4	99.2	.0	.0	
47.9	29.6	6.5	201.8	261.7	30.0	.0	.0	
51.7	27.0	11.5	179.8	263.8	6.7	.0	.0	
56.0	31.9	8.6	195.8	147.5	55.0	.0	.0	
53.6	29.9	9.2	201.4	266.7	.0	.0	.0	
57.8	36.5	11.2	163.8	268.2	.0	.0	.0	
45.3	11.3	14.3	257.8	269.8	.0	.0	.0	
42.8	14.7	11.0	221.4	157.2	60.0	.0	.0	
57.9	46.7	14.9	170.6	110.6	75.0	.0	.0	
65.7	57.2	14.1	165.0	112.9	72.5	.0	.0	
64.6	60.8	16.8	154.6	97.0	84.6	3.9	.0	
67.0	63.4	12.2	154.6	100.8	93.3	7.9	.0	
59.5	58.4	11.2	108.2	98.4	100.0	122.0	.0	
58.8	54.1	15.4	243.8	99.1	99.2	23.6	.0	
50.4	41.4	7.8	272.6	190.8	79.6	15.7	.0	
48.0	36.1	6.5	225.8	253.0	16.7	.0	.0	
55.0	40.1	11.7	178.6	117.5	71.2	.0	.0	
57.7	46.8	12.0	193.0	102.3	99.2	11.8	.0	
60.0	46.8	15.7	250.2	192.7	61.2	.0	.0	
44.8	23.2	14.8	279.0	297.2	.0	.0	.0	
51.6	25.7	18.7	185.8	299.5	10.4	.0	.0	
61.4	44.7	13.9	238.2	250.1	50.4	.0	.0	
45.2	37.5	13.1	264.2	106.8	88.8	15.7	.0	
45.9	28.7	11.6	210.6	307.7	3.8	.0	.0	
52.9	29.3	9.0	176.2	205.8	37.1	.0	.0	
52.1	45.5	6.7	129.4	109.7	85.4	74.8	.0	
2 28 1990
61.4	58.1	12.4	189.8	119.3	84.2	137.8	.0	
56.1	50.5	7.2	177.8	202.5	65.4	.0	.0	
46.8	40.1	16.8	312.2	153.2	61.7	.0	.0	
44.8	30.2	5.9	229.8	325.0	.0	.0	.0	
48.0	36.0	12.7	127.0	313.7	21.7	.0	.0	
56.4	39.6	9.7	212.6	258.5	59.6	.0	.0	
55.7	37.5	8.6	167.4	328.1	52.5	.0	.0	
68.7	58.9	15.4	171.4	243.8	85.0	.0	.0	
62.1	58.4	13.8	203.8	119.6	94.2	3.9	.0	
52.4	35.7	8.3	231.0	344.9	7.9	.0	.0	
54.4	37.6	5.3	191.4	348.4	.0	.0	.0	
61.3	44.2	18.0	167.4	334.8	42.1	.0	.0	
66.0	55.4	21.7	175.0	124.4	98.3	.0	.0	
58.7	54.4	15.1	208.6	125.7	99.2	.0	.0	
45.0	42.0	11.4	300.2	134.0	87.9	.0	.0	
44.8	29.4	10.4	169.0	335.0	46.2	.0	.0	
45.2	24.9	7.2	78.2	129.6	99.6	.0	.0	
46.8	41.4	5.7	100.6	130.9	100.0	15.7	.0	
53.3	49.0	7.3	68.6	153.7	85.4	3.9	.0	
55.6	43.7	10.6	101.4	217.7	63.3	.0	.0	
49.6	45.4	10.3	196.2	134.9	82.5	55.1	.0	
46.3	37.6	15.5	276.6	277.5	34.2	.0	.0	
53.2	34.5	11.5	279.0	393.1	.0	.0	.0	
58.3	35.4	6.8	152.2	397.0	.0	.0	.0	
61.7	37.9	12.6	150.2	400.7	5.8	.0	.0	
61.5	50.7	15.6	164.2	197.6	72.9	.0	.0	
63.5	54.3	12.2	138.2	143.1	94.6	.0	.0	
53.4	49.2	16.7	247.8	144.5	100.0	59.1	.0	
3 31 1990
41.1	37.2	16.6	318.2	145.8	100.0	.0	.0	
48.1	39.3	7.8	228.6	260.8	67.9	.0	.0	
51.6	36.4	5.5	171.0	424.8	.4	.0	.0	
57.4	42.0	13.0	130.6	247.6	65.8	.0	.0	
63.0	52.0	18.1	157.4	151.6	100.0	.0	.0	
63.5	59.1	18.3	141.4	153.0	100.0	.0	.0	
61.9	59.6	7.0	218.2	154.5	100.0	311.0	.0	
67.6	63.9	8.2	159.4	155.9	100.0	3.9	.0	
72.3	63.9	15.7	163.0	308.1	84.6	.0	.0	
71.6	64.3	17.8	147.0	158.8	98.8	3.9	.0	
70.8	66.6	19.7	162.6	160.8	98.8	.0	.0	
71.8	66.4	19.5	159.8	161.7	100.0	.0	.0	
71.2	64.5	22.1	162.6	163.2	100.0	.0	.0	
62.6	49.6	21.3	220.6	180.2	88.8	94.5	.0	
58.2	36.0	7.0	185.8	452.4	42.9	.0	.0	
56.8	43.8	7.7	174.6	371.1	58.8	.0	.0	
60.6	40.1	7.5	230.6	482.7	4.6	.0	.0	
65.4	39.7	15.0	181.4	262.8	54.2	.0	.0	
54.5	33.5	15.9	69.4	486.5	25.8	.0	.0	
51.7	29.0	7.8	192.2	494.9	.0	.0	.0	
63.0	46.6	18.8	172.2	419.2	34.6	.0	.0	
65.7	56.7	16.8	163.4	177.6	69.6	.0	.0	
66.8	56.3	13.6	145.4	270.9	82.1	.0	.0	
47.5	41.1	17.6	289.0	178.8	97.5	.0	.0	
39.1	36.2	13.4	232.2	180.2	100.0	.0	.0	
43.2	40.0	10.6	220.6	181.5	100.0	.0	.0	
48.7	46.4	6.5	115.8	182.9	100.0	15.7	.0	
64.2	60.7	10.3	161.0	197.0	90.4	3.9	.0	
62.4	60.6	9.4	116.6	185.5	99.6	74.8	.0	
59.1	54.7	11.1	275.8	270.2	95.4	.0	.0	
60.1	52.7	7.0	232.2	188.1	100.0	.0	.0	
4 30 1990
66.9	58.6	5.4	169.8	312.7	91.2	7.9	.0	
62.1	49.4	12.3	271.8	359.5	52.9	7.9	.0	
59.5	39.9	7.0	159.4	531.9	28.3	.0	.0	
69.2	49.6	11.6	185.0	549.3	19.2	.0	.0	
69.7	59.3	17.3	181.4	366.8	51.2	15.7	.0	
51.0	40.3	18.6	268.6	330.0	62.5	3.9	.0	
53.4	34.2	7.1	158.6	428.6	43.3	.0	.0	
56.1	43.1	10.4	129.4	198.1	98.3	.0	.0	
66.5	62.0	14.5	151.8	199.3	100.0	.0	.0	
64.0	55.1	16.0	265.8	268.6	53.3	.0	.0	
57.2	42.1	10.2	159.8	576.0	1.7	.0	.0	
60.9	43.3	13.4	115.4	360.2	54.2	.0	.0	
63.0	58.5	13.2	143.0	205.0	99.6	3.9	.0	
66.5	58.8	8.9	163.0	303.3	67.5	43.3	.0	
69.2	61.8	13.4	162.6	373.0	51.7	.0	.0	
71.3	64.1	15.4	166.2	234.0	84.2	.0	.0	
64.8	59.8	13.7	85.0	208.1	96.7	.0	.0	
58.5	51.2	10.2	57.0	209.1	100.0	.0	.0	
64.7	57.6	12.1	109.8	216.6	92.5	.0	.0	
74.7	63.9	13.2	157.0	271.4	77.1	.0	.0	
75.4	64.9	10.2	154.2	328.0	75.8	.0	.0	
75.8	62.1	12.0	168.6	250.6	82.9	.0	.0	
76.0	64.1	16.4	162.6	286.0	75.8	.0	.0	
71.4	65.1	16.2	137.0	302.0	87.1	3.9	.0	
74.9	67.3	19.0	143.0	219.6	94.6	.0	.0	
64.4	62.0	12.6	147.0	216.9	100.0	220.5	.0	
67.1	60.0	12.1	209.8	448.0	67.9	.0	.0	
69.3	56.2	13.6	175.0	306.2	80.8	.0	.0	
80.8	69.5	15.5	165.0	521.1	67.9	.0	.0	
67.5	59.9	13.7	189.0	339.3	82.1	.0	.0	
5 31 1990
61.7	55.8	11.1	203.4	232.6	99.2	11.8	.0	
70.7	66.0	13.5	145.4	222.3	99.6	43.3	.0	
66.8	58.4	10.5	293.4	489.9	52.9	271.7	.0	
59.4	49.3	11.4	317.0	542.0	37.5	.0	.0	
62.1	51.0	8.9	188.6	539.6	39.6	.0	.0	
65.9	51.8	7.3	154.6	613.9	17.9	.0	.0	
69.6	54.5	11.9	167.8	597.9	35.8	.0	.0	
73.8	62.9	14.6	155.0	517.7	51.2	.0	.0	
73.1	57.6	14.9	227.4	590.0	53.3	.0	.0	
65.4	47.1	9.8	101.4	479.6	64.2	.0	.0	
73.5	62.5	17.4	149.8	228.9	98.8	82.7	.0	
76.2	66.8	12.2	213.8	526.5	49.6	177.2	.0	
76.4	66.2	8.6	115.8	371.1	60.4	.0	.0	
81.6	70.9	15.4	160.2	340.9	75.4	.0	.0	
81.4	69.7	18.9	169.0	329.2	84.6	.0	.0	
81.0	71.8	13.2	173.8	378.6	73.3	7.9	.0	
73.2	61.4	9.8	62.6	481.1	72.9	.0	.0	
74.7	70.3	11.2	137.8	233.2	98.3	19.7	.0	
80.2	72.4	15.8	169.4	331.9	75.4	.0	.0	
80.3	71.2	14.3	178.2	344.4	65.4	.0	.0	
81.3	70.9	8.5	164.6	597.0	50.0	.0	.0	
73.5	63.6	7.3	116.6	540.1	32.5	.0	.0	
75.2	63.0	6.5	105.8	666.6	5.0	.0	.0	
79.8	67.9	11.7	159.0	356.1	82.5	.0	.0	
82.1	69.9	14.4	168.6	521.0	43.8	.0	.0	
82.8	70.3	14.6	169.4	473.7	60.4	.0	.0	
82.0	71.2	12.4	157.4	437.0	82.1	.0	.0	
76.7	66.7	8.1	64.6	291.2	65.4	.0	.0	
78.8	67.6	11.3	121.8	565.3	46.2	.0	.0	
83.5	73.1	11.6	161.8	436.0	76.2	.0	.0	
82.3	72.9	11.8	157.4	454.6	70.8	.0	.0	
6 30 1990
79.0	69.3	13.1	122.6	468.7	76.2	7.9	.0	
82.2	70.8	10.9	139.8	536.1	52.1	7.9	.0	
80.7	69.4	9.2	149.8	577.7	65.4	63.0	.0	
76.5	70.3	6.0	117.4	377.0	60.4	.0	.0	
84.9	70.0	11.4	156.6	674.3	11.7	.0	.0	
85.1	69.9	15.1	169.4	664.2	13.8	.0	.0	
85.8	70.0	14.7	173.0	264.7	80.4	.0	.0	
86.0	69.4	12.2	170.6	674.2	19.2	.0	.0	
84.3	69.9	8.5	139.4	420.2	57.9	.0	.0	
84.1	68.6	6.9	130.2	593.6	20.0	.0	.0	
83.9	68.7	7.1	115.4	682.0	3.8	.0	.0	
86.3	69.9	11.7	169.0	645.5	13.8	.0	.0	
87.4	71.2	13.8	171.0	608.4	27.5	.0	.0	
88.5	70.8	12.9	167.4	533.3	45.4	.0	.0	
88.1	70.6	13.0	166.2	492.1	36.7	.0	.0	
87.9	70.0	13.3	169.0	345.4	66.2	.0	.0	
87.7	68.6	10.7	163.4	632.2	19.2	.0	.0	
88.5	69.8	8.1	144.6	689.5	2.5	.0	.0	
89.7	68.6	9.2	175.8	559.3	27.9	.0	.0	
88.8	66.4	8.6	161.8	573.7	22.1	.0	.0	
88.4	67.8	10.6	175.8	677.1	7.5	.0	.0	
87.3	68.8	7.9	150.2	652.5	22.5	.0	.0	
85.1	58.3	7.3	71.4	686.4	8.3	.0	.0	
81.8	68.2	8.1	139.0	361.2	47.5	19.7	.0	
87.3	69.5	11.4	155.4	479.9	50.0	.0	.0	
88.5	68.2	10.0	157.8	493.4	51.7	.0	.0	
87.8	69.3	8.9	141.0	364.2	57.9	.0	.0	
87.7	67.6	11.4	148.6	683.4	2.9	.0	.0	
87.6	67.0	11.0	144.6	646.8	15.0	.0	.0	
86.5	68.9	10.3	155.0	593.2	42.9	.0	.0	
7 31 1990
87.7	66.6	10.2	178.2	678.7	19.2	.0	.0	
90.5	65.8	8.1	170.6	689.2	.4	.0	.0	
90.5	63.0	7.6	158.2	688.7	.0	.0	.0	
89.8	64.1	8.0	149.8	685.2	22.9	.0	.0	
86.9	67.9	9.2	160.2	452.3	49.2	.0	.0	
86.0	68.8	11.5	157.4	601.6	45.0	.0	.0	
85.7	67.5	13.0	171.0	493.0	65.4	.0	.0	
87.1	64.9	9.7	161.8	671.4	13.3	.0	.0	
88.0	64.7	7.3	134.6	663.5	24.6	.0	.0	
89.3	68.0	9.2	159.4	528.9	56.2	.0	.0	
89.0	68.2	9.2	165.8	409.9	44.2	.0	.0	
83.2	66.6	8.5	130.6	301.0	68.8	.0	.0	
76.6	53.6	11.1	292.2	679.6	20.4	.0	.0	
75.3	52.2	7.2	160.6	649.4	27.9	.0	.0	
72.3	60.1	8.6	151.4	237.7	92.9	3.9	.0	
73.0	68.8	8.8	113.0	237.4	97.5	7.9	.0	
77.1	68.3	10.1	134.6	371.0	79.6	15.7	.0	
80.2	70.0	8.7	139.8	236.5	96.7	.0	.0	
78.4	68.4	6.0	108.2	369.0	67.5	27.6	.0	
79.3	68.9	6.9	136.2	584.5	38.8	.0	.0	
85.1	69.1	10.2	178.6	650.9	19.2	.0	.0	
85.1	69.3	11.4	141.0	644.6	34.6	.0	.0	
79.0	69.5	7.0	118.2	320.3	91.2	.0	.0	
80.9	71.3	11.1	156.2	349.1	91.7	.0	.0	
86.1	69.2	14.4	164.2	320.2	92.1	.0	.0	
85.9	68.5	12.4	166.2	606.1	40.0	.0	.0	
86.8	67.6	9.6	159.8	661.1	3.8	.0	.0	
88.1	66.9	5.9	138.6	649.8	9.2	.0	.0	
87.6	67.1	4.7	142.2	587.7	41.7	.0	.0	
78.7	69.7	6.8	118.2	418.3	72.5	3.9	.0	
78.0	69.9	5.7	190.2	359.5	80.8	7.9	.0	
8 31 1990
78.2	71.4	5.4	132.6	272.5	94.6	15.7	.0	
84.2	71.1	10.4	165.8	466.5	66.7	.0	.0	
83.4	71.2	10.7	178.2	268.7	87.1	.0	.0	
79.8	72.3	8.4	213.0	235.4	92.5	.0	.0	
76.6	70.8	7.2	231.8	232.0	93.3	55.1	.0	
77.4	64.4	9.9	293.8	364.1	56.7	.0	.0	
76.7	61.1	7.4	169.8	546.3	39.2	.0	.0	
78.2	58.1	4.6	81.8	515.0	33.3	.0	.0	
82.7	64.8	7.8	139.0	584.1	30.0	.0	.0	
81.9	67.2	7.0	154.2	604.9	27.1	27.6	.0	
84.5	66.1	6.4	176.2	623.3	5.4	.0	.0	
86.9	64.4	10.5	188.2	603.4	16.2	.0	.0	
85.8	65.1	8.0	160.6	593.9	27.1	.0	.0	
87.0	67.4	10.2	155.4	561.0	26.2	.0	.0	
87.7	68.7	10.2	165.4	559.7	46.2	.0	.0	
88.5	68.6	12.2	169.8	577.4	30.4	.0	.0	
86.9	70.2	12.5	173.0	543.7	43.3	.0	.0	
88.9	70.3	13.3	168.6	531.9	43.8	.0	.0	
90.0	70.2	12.6	174.2	552.3	37.5	.0	.0	
89.8	66.5	8.7	165.0	609.0	1.2	.0	.0	
87.2	66.0	7.6	176.6	584.3	35.8	3.9	.0	
84.4	69.7	8.3	155.0	442.9	63.8	7.9	.0	
87.5	69.2	10.3	160.6	568.7	34.2	.0	.0	
89.4	68.4	12.4	173.4	591.4	10.0	.0	.0	
89.9	67.4	10.4	170.2	561.1	21.2	.0	.0	
89.4	63.7	7.1	154.2	591.5	.0	.0	.0	
89.8	61.9	5.9	136.2	581.8	5.8	.0	.0	
89.9	66.1	6.9	120.6	579.5	4.2	.0	.0	
90.1	67.8	7.6	153.4	566.6	6.7	.0	.0	
90.7	66.2	6.9	155.4	560.6	5.8	.0	.0	
91.6	63.6	7.7	172.2	568.3	21.7	.0	.0	
9 30 1990
84.7	65.7	8.5	141.0	505.9	45.0	.0	.0	
79.7	67.0	6.6	94.2	443.0	46.2	3.9	.0	
84.7	67.6	8.0	137.0	516.6	44.2	.0	.0	
85.4	66.7	5.0	111.4	390.6	44.2	.0	.0	
86.8	64.4	5.8	151.4	413.6	55.8	.0	.0	
89.4	64.7	9.2	186.2	501.8	42.5	.0	.0	
88.0	66.5	10.6	177.0	409.3	41.2	.0	.0	
83.8	69.3	9.1	170.6	340.4	65.4	63.0	.0	
73.0	71.2	5.4	134.2	190.8	99.2	86.6	.0	
72.7	70.2	6.7	117.8	199.2	98.8	350.4	.0	
72.8	68.8	7.6	282.6	195.2	86.7	.0	.0	
76.1	69.3	5.5	105.8	235.7	71.7	.0	.0	
77.7	70.6	5.1	98.2	309.0	70.8	.0	.0	
81.5	72.0	4.6	125.8	209.4	91.7	.0	.0	
83.9	71.4	4.7	97.4	300.0	82.9	.0	.0	
80.1	72.4	6.6	121.4	286.0	85.8	78.7	.0	
79.8	73.4	9.5	147.4	359.7	58.8	.0	.0	
83.6	72.6	11.7	170.2	464.6	30.4	.0	.0	
81.9	73.2	10.7	172.2	344.0	68.8	23.6	.0	
81.0	73.2	8.9	148.6	267.9	80.4	.0	.0	
83.1	72.1	9.8	176.2	317.2	71.2	.0	.0	
73.3	70.9	8.8	172.2	173.2	99.6	59.1	.0	
67.4	50.7	11.8	178.2	460.4	49.6	.0	.0	
66.2	48.1	6.3	175.4	275.7	88.3	.0	.0	
75.2	54.9	9.2	151.4	482.5	23.8	.0	.0	
78.9	64.9	7.4	177.8	466.8	6.2	.0	.0	
79.6	65.8	7.6	162.2	464.6	8.8	.0	.0	
79.4	65.5	5.4	131.4	365.2	43.3	.0	.0	
76.2	62.2	1.4	44.2	182.2	87.9	.0	.0	
74.8	62.3	5.5	187.0	360.3	50.4	.0	.0	
10 31 1990
73.6	62.6	4.6	174.6	352.4	58.8	.0	.0	
78.0	64.1	10.5	127.0	159.4	97.5	.0	.0	
77.9	70.3	11.9	169.8	157.4	93.8	.0	.0	
77.8	67.8	6.7	111.8	253.3	72.9	.0	.0	
75.4	64.4	4.6	119.8	306.4	60.4	.0	.0	
83.4	70.1	12.4	173.4	401.9	56.2	.0	.0	
85.0	71.2	12.7	178.2	259.5	68.3	.0	.0	
79.7	68.1	11.2	188.6	340.7	63.3	.0	.0	
53.4	47.5	19.3	322.2	160.2	67.9	240.2	.0	
53.2	40.5	9.3	227.8	420.9	.0	.0	.0	
56.6	44.4	4.9	136.2	416.9	.0	.0	.0	
58.9	48.2	5.2	175.0	412.9	.0	.0	.0	
65.9	51.5	8.5	167.4	408.9	.0	.0	.0	
73.6	59.2	12.1	189.0	405.0	.0	.0	.0	
73.0	62.9	8.3	183.0	361.0	27.9	.0	.0	
75.6	63.3	12.7	163.8	363.8	41.2	.0	.0	
73.5	63.7	13.8	194.2	295.9	72.9	90.6	.0	
57.4	38.9	11.3	217.4	389.3	.0	.0	.0	
59.9	44.8	9.9	149.0	385.4	.0	.0	.0	
69.4	59.7	13.9	155.4	308.2	35.8	.0	.0	
52.3	47.9	14.5	312.6	132.2	77.5	118.1	.0	
52.8	39.2	8.3	250.6	371.3	19.6	.0	.0	
54.4	43.0	4.1	133.0	370.2	1.7	.0	.0	
56.9	45.3	5.6	232.6	364.9	3.3	.0	.0	
57.5	44.2	5.8	192.2	362.8	.0	.0	.0	
61.3	45.5	10.1	161.0	359.2	.0	.0	.0	
64.6	52.8	8.0	160.2	355.6	.0	.0	.0	
66.2	55.0	4.8	155.4	352.0	.0	.0	.0	
66.9	54.7	5.7	140.2	348.5	.0	.0	.0	
67.7	56.4	9.3	174.6	345.0	.0	.0	.0	
67.8	58.2	11.0	160.6	303.9	22.9	.0	.0	
11 30 1990
67.8	57.4	13.0	159.4	338.3	5.0	.0	.0	
69.6	62.9	13.6	148.2	185.5	77.9	.0	.0	
72.8	65.2	14.9	146.6	123.0	84.6	.0	.0	
47.9	43.6	18.0	302.6	114.9	97.9	63.0	.0	
48.6	38.2	8.1	197.8	325.2	.0	.0	.0	
57.3	44.9	11.7	150.2	273.6	46.7	.0	.0	
55.3	49.4	11.6	288.2	129.0	98.3	3.9	.0	
49.0	48.1	11.9	207.4	110.6	100.0	189.0	.0	
51.6	42.8	15.4	309.8	256.1	45.0	3.9	.0	
53.8	41.1	5.4	171.4	309.9	2.1	.0	.0	
58.7	45.0	5.1	165.8	307.2	.0	.0	.0	
58.9	45.8	5.3	175.0	302.8	4.6	.0	.0	
59.7	48.2	5.4	167.4	301.8	.0	.0	.0	
59.9	51.3	6.8	137.0	297.4	15.4	.0	.0	
64.4	57.8	9.6	156.2	278.7	15.8	.0	.0	
65.4	60.1	8.9	240.2	141.7	66.2	.0	.0	
61.6	49.8	5.5	173.4	138.3	93.3	.0	.0	
65.9	59.4	12.3	170.6	106.7	67.5	.0	.0	
67.7	61.9	11.1	160.2	180.6	70.0	.0	.0	
72.0	64.2	15.8	158.2	138.9	89.2	.0	.0	
71.3	65.5	12.2	156.2	131.7	94.6	.0	.0	
65.7	63.6	6.2	208.2	98.2	97.9	86.6	.0	
58.7	49.2	4.2	214.2	231.8	41.2	.0	.0	
61.4	49.9	10.4	179.4	275.7	5.4	.0	.0	
70.8	65.8	14.4	171.0	96.1	92.9	.0	.0	
72.4	67.5	16.8	164.6	95.8	96.7	3.9	.0	
68.4	60.2	12.4	209.4	104.0	68.8	.0	.0	
46.8	33.9	11.2	285.4	148.2	65.0	.0	.0	
45.5	30.2	6.7	191.0	267.8	16.2	.0	.0	
46.5	30.7	10.6	176.6	266.2	4.6	.0	.0	
12 31 1990
58.1	49.7	11.2	175.0	254.6	33.8	.0	.0	
57.9	50.7	5.1	195.0	92.7	94.6	.0	.0	
47.6	27.2	17.7	308.6	262.4	2.1	.0	.0	
40.4	25.4	6.3	265.4	261.1	.0	.0	.0	
43.6	25.6	9.6	157.8	260.0	.0	.0	.0	
50.2	36.3	12.1	220.6	131.2	41.2	.0	.0	
42.9	21.5	13.9	308.2	257.8	5.0	.0	.0	
45.9	26.6	6.4	179.0	256.8	.0	.0	.0	
50.6	31.0	7.4	148.2	255.9	.0	.0	.0	
51.8	36.7	8.7	167.4	251.0	14.2	.0	.0	
58.9	48.3	13.3	144.6	239.3	39.2	.0	.0	
65.9	53.7	14.0	188.2	248.3	2.9	.0	.0	
52.8	42.5	8.7	281.4	113.7	61.7	.0	.0	
55.8	48.7	4.8	145.8	88.7	91.2	.0	.0	
60.6	47.1	12.0	143.0	94.2	89.2	.0	.0	
51.9	43.1	7.1	163.4	88.1	100.0	3.9	.0	
65.6	57.7	12.0	204.6	93.2	99.6	15.7	.0	
53.2	38.4	9.1	227.8	236.4	40.8	3.9	.0	
53.3	39.0	11.6	165.4	129.3	56.7	.0	.0	
61.2	56.9	9.0	149.4	121.0	75.0	.0	.0	
30.6	28.2	16.0	309.4	87.8	96.2	.0	140.0	
16.3	11.9	15.7	336.2	87.9	100.0	.0	.0	
19.2	10.2	15.7	314.6	242.8	30.8	.0	.0	
27.3	11.4	7.4	210.2	236.7	32.1	.0	.0	
36.6	19.5	11.4	153.8	89.8	97.9	.0	.0	
38.4	36.2	8.7	63.0	88.2	100.0	47.2	.0	
39.2	36.5	9.3	143.0	88.4	100.0	.0	.0	
46.1	45.5	6.4	130.2	88.6	100.0	.0	.0	
57.5	56.3	17.0	197.4	88.8	100.0	15.7	.0	
24.5	20.1	17.6	322.2	115.2	73.8	.0	.0	
25.8	19.3	9.0	199.8	159.1	81.2	.0	.0	
