   1    31    1986
43.5	31.5	7.1	225.4	149.1	87.0	.0	.0	
49.5	39.6	10.7	228.3	305.6	11.0	.0	.0	
47.4	32.0	6.9	223.3	259.3	70.0	.0	.0	
51.3	31.8	15.3	217.9	325.3	35.0	.0	.0	
38.9	21.0	8.8	227.1	284.5	51.0	.0	.0	
48.0	35.1	16.3	181.3	276.6	49.0	.0	.0	
44.0	36.6	20.0	142.9	149.1	92.0	.0	.0	
35.7	15.8	17.1	171.3	183.7	98.0	.0	.0	
39.4	16.2	8.8	282.1	282.3	55.0	1.0	.0	
42.5	24.1	9.4	292.9	342.5	2.0	.0	.0	
47.0	28.7	8.2	255.8	340.2	2.0	.0	.0	
48.4	31.3	11.0	281.3	329.6	2.0	.0	.0	
47.1	24.2	7.9	265.4	332.1	2.0	.0	.0	
51.7	32.6	10.8	202.9	346.9	16.0	.0	.0	
54.2	43.2	11.5	167.5	301.5	33.0	.0	.0	
57.2	54.1	10.4	170.8	143.9	83.0	6.0	.0	
58.3	55.4	8.4	187.9	249.8	61.0	.0	.0	
54.5	51.3	7.3	162.9	247.5	45.0	.0	.0	
54.0	37.9	9.4	236.7	331.6	28.0	.0	.0	
59.9	44.8	11.6	197.9	356.0	2.0	.0	.0	
62.8	49.6	16.5	230.8	340.5	31.0	.0	.0	
45.8	27.4	14.0	267.1	209.4	53.0	.0	.0	
45.7	30.5	9.0	176.7	335.0	25.0	.0	.0	
57.6	48.0	15.9	195.8	207.2	73.0	.0	.0	
53.3	36.0	14.7	344.2	361.6	10.0	.0	.0	
43.8	22.7	14.2	325.8	376.3	8.0	.0	.0	
38.1	14.3	11.1	222.1	390.7	2.0	.0	.0	
53.5	36.8	16.9	193.8	375.2	2.0	.0	.0	
55.3	40.5	14.2	165.0	379.9	14.0	.0	.0	
52.9	39.2	9.1	220.8	371.8	3.0	.0	.0	
64.6	56.3	16.6	177.1	210.7	81.0	.0	.0	
   2    28    1986
66.6	60.4	15.2	168.8	194.1	95.0	.0	.0	
67.2	62.6	13.8	170.0	164.0	97.0	3.0	.0	
62.6	61.5	10.5	184.6	100.7	98.0	396.0	.0	
62.8	54.4	7.9	180.8	351.7	52.0	.0	.0	
52.0	50.3	9.9	239.6	161.8	63.0	23.0	.0	
49.7	42.5	10.1	237.5	282.2	53.0	.0	.0	
46.7	42.2	12.0	163.8	193.2	68.0	.0	.0	
38.0	32.4	17.3	154.2	218.8	98.0	6.0	.0	
35.1	33.7	15.2	239.2	140.5	98.0	23.0	.0	
31.3	27.4	17.0	305.4	185.8	98.0	.0	.0	
29.8	18.8	12.0	162.9	417.5	42.0	.0	.0	
32.3	22.6	7.5	69.2	189.6	80.0	.0	.0	
42.0	33.3	16.7	148.3	214.9	98.0	.0	.0	
49.7	41.4	13.6	291.7	395.9	78.0	.0	.0	
50.7	40.4	13.4	153.8	401.1	36.0	.0	.0	
67.9	58.3	15.3	203.3	350.5	73.0	.0	.0	
65.1	46.1	12.2	239.6	443.8	25.0	.0	.0	
65.7	46.4	11.2	227.1	380.8	35.0	.0	.0	
67.3	49.1	7.3	190.8	433.9	53.0	.0	.0	
65.9	47.1	12.0	178.8	454.6	18.0	.0	.0	
40.2	27.2	15.1	280.8	405.1	65.0	.0	.0	
44.7	32.9	11.8	281.7	435.3	39.0	.0	.0	
54.7	36.0	14.0	202.1	474.6	2.0	.0	.0	
57.3	39.2	10.0	154.2	465.8	3.0	.0	.0	
61.7	44.3	8.9	208.8	471.7	4.0	.0	.0	
66.6	45.4	6.7	181.3	461.0	2.0	.0	.0	
56.0	38.5	15.6	247.5	253.3	37.0	.0	.0	
44.8	28.0	14.9	299.2	482.0	9.0	.0	.0	
   3    31    1986
49.8	32.3	14.8	189.2	492.6	2.0	.0	.0	
62.3	48.9	14.3	173.3	471.9	43.0	.0	.0	
54.1	51.6	9.1	192.1	151.3	73.0	27.0	.0	
53.5	42.5	7.4	266.7	507.8	2.0	.0	.0	
60.5	42.9	13.3	232.9	511.8	2.0	.0	.0	
56.5	37.5	8.2	180.4	522.9	2.0	.0	.0	
60.5	43.1	13.8	169.2	444.2	63.0	.0	.0	
65.3	56.1	16.7	179.6	346.4	53.0	.0	.0	
69.4	60.1	21.7	182.5	384.8	82.0	.0	.0	
67.4	49.5	10.6	196.3	465.2	63.0	.0	.0	
66.6	59.4	13.0	165.8	232.3	95.0	3.0	.0	
61.7	41.6	12.7	243.3	533.2	6.0	.0	.0	
57.2	44.2	9.3	233.8	291.4	60.0	.0	.0	
55.0	46.0	5.9	205.8	348.6	59.0	.0	.0	
60.3	46.4	12.0	217.9	498.9	38.0	5.0	.0	
60.6	46.1	8.6	215.0	555.4	3.0	.0	.0	
65.1	53.7	18.3	159.6	329.0	83.0	.0	.0	
64.2	46.3	15.1	257.9	494.4	41.0	8.0	.0	
50.8	33.3	15.3	251.3	503.9	36.0	.0	.0	
47.7	31.1	11.5	230.0	536.9	25.0	.0	.0	
47.8	33.4	8.2	227.1	563.6	2.0	.0	.0	
57.4	37.9	16.9	164.2	585.5	2.0	.0	.0	
61.1	46.5	15.6	173.8	520.8	15.0	.0	.0	
62.2	46.7	15.4	167.5	584.0	2.0	.0	.0	
64.0	49.8	18.2	172.5	519.0	46.0	.0	.0	
66.1	55.7	11.8	161.7	418.0	59.0	.0	.0	
65.3	55.0	6.0	169.2	484.5	30.0	.0	.0	
68.4	53.3	8.6	180.8	572.8	8.0	.0	.0	
67.4	50.7	12.8	189.2	492.3	57.0	.0	.0	
69.3	56.4	15.2	175.0	523.1	28.0	.0	.0	
69.8	57.1	16.6	175.8	480.0	37.0	.0	.0	
   4    30    1986
71.5	61.2	14.3	170.0	340.7	91.0	.0	.0	
70.5	60.7	19.1	157.1	326.3	70.0	.0	.0	
69.9	64.3	17.3	169.6	227.6	95.0	1.0	.0	
73.7	67.0	12.2	170.0	377.2	88.0	7.0	.0	
76.3	66.7	12.1	162.1	505.9	65.0	.0	.0	
72.2	67.1	10.2	157.5	255.2	94.0	.0	.0	
74.6	66.2	11.9	193.8	354.5	75.0	.0	.0	
75.6	64.8	13.5	200.0	398.6	80.0	.0	.0	
56.9	48.2	9.7	127.1	249.3	98.0	52.0	.0	
52.9	51.3	7.3	161.7	267.9	98.0	125.0	.0	
61.9	60.1	11.7	150.8	295.3	98.0	.0	.0	
68.8	63.9	9.6	249.2	352.7	75.0	.0	.0	
69.9	64.4	14.4	152.1	425.2	38.0	.0	.0	
64.9	45.8	16.4	197.9	578.4	61.0	.0	.0	
59.3	40.3	7.3	170.0	576.9	45.0	.0	.0	
62.2	44.6	8.5	170.4	638.7	18.0	.0	.0	
69.0	54.4	15.7	161.3	273.3	91.0	.0	.0	
71.9	64.6	15.3	162.5	356.7	97.0	.0	.0	
67.8	65.0	12.9	160.4	235.8	98.0	18.0	.0	
62.4	48.4	9.9	286.7	665.9	8.0	.0	.0	
63.0	46.5	11.2	108.3	656.3	3.0	.0	.0	
63.2	46.9	8.6	140.8	663.1	2.0	.0	.0	
70.6	51.1	16.7	165.0	673.9	10.0	.0	.0	
72.9	58.0	15.7	171.7	632.4	22.0	.0	.0	
72.5	57.2	14.5	172.5	569.4	65.0	.0	.0	
75.4	61.9	18.0	171.3	429.8	81.0	.0	.0	
69.8	57.4	12.5	160.0	340.0	66.0	2.0	.0	
69.0	54.7	8.6	102.1	612.0	68.0	.0	.0	
75.2	67.5	15.5	167.1	296.2	97.0	.0	.0	
72.8	64.0	13.7	156.3	344.6	96.0	69.0	.0	
   5    31    1986
66.6	62.1	10.8	93.8	245.3	98.0	134.0	.0	
64.8	57.3	13.0	67.1	323.6	78.0	1.0	.0	
65.7	50.7	8.2	128.3	658.4	19.0	.0	.0	
70.6	55.6	13.4	147.1	595.5	50.0	.0	.0	
74.2	65.9	18.5	167.1	289.3	98.0	.0	.0	
76.5	66.5	16.5	167.5	402.1	94.0	.0	.0	
76.0	67.5	16.8	163.8	314.6	95.0	.0	.0	
74.7	64.3	16.2	159.6	373.9	98.0	90.0	.0	
71.7	64.0	10.6	170.4	358.4	98.0	43.0	.0	
70.3	63.4	11.3	202.9	425.3	61.0	50.0	.0	
76.2	64.5	8.5	157.1	651.0	30.0	.0	.0	
77.4	65.4	10.3	175.4	633.4	50.0	.0	.0	
77.3	65.2	13.1	178.8	595.2	72.0	.0	.0	
75.0	69.0	19.6	174.6	290.9	87.0	6.0	.0	
76.2	66.9	16.5	176.3	417.4	70.0	.0	.0	
75.8	71.1	16.0	156.3	268.5	92.0	.0	.0	
67.4	64.6	12.2	149.2	247.7	93.0	110.0	.0	
60.7	53.7	13.2	313.8	306.3	78.0	.0	.0	
66.2	52.9	9.6	196.3	658.9	8.0	.0	.0	
69.9	54.8	6.7	128.3	715.5	2.0	.0	.0	
75.5	60.0	18.9	177.1	705.3	2.0	.0	.0	
76.6	64.0	21.1	175.8	657.4	19.0	.0	.0	
79.8	67.8	18.5	179.2	507.2	72.0	.0	.0	
78.3	68.7	13.4	160.8	509.0	88.0	.0	.0	
73.4	65.0	9.8	216.3	483.5	98.0	.0	.0	
70.0	60.9	8.8	170.0	466.6	95.0	1.0	.0	
69.4	59.6	12.0	319.2	376.4	70.0	.0	.0	
72.4	54.1	6.6	177.1	674.1	20.0	.0	.0	
75.8	57.9	7.7	142.9	705.1	19.0	.0	.0	
72.3	66.8	6.7	142.5	285.0	98.0	247.0	.0	
72.2	69.9	6.7	167.9	284.9	98.0	7.0	.0	
   6    30    1986
72.7	70.3	7.5	113.3	316.2	98.0	80.0	.0	
76.4	71.1	6.9	122.9	381.6	84.0	48.0	.0	
75.8	71.0	6.2	167.5	439.1	94.0	14.0	.0	
78.5	71.4	9.7	157.5	448.6	73.0	1.0	.0	
74.4	70.8	8.3	141.7	359.5	80.0	26.0	.0	
76.5	73.2	7.0	148.8	276.6	96.0	5.0	.0	
79.9	72.8	8.8	187.9	507.4	72.0	.0	.0	
77.3	71.4	8.7	145.4	538.4	70.0	37.0	.0	
81.1	74.1	12.7	178.8	592.7	73.0	.0	.0	
84.4	74.4	16.4	178.8	587.6	49.0	.0	.0	
74.1	68.9	9.6	207.9	378.4	64.0	137.0	.0	
80.8	66.8	5.6	159.2	653.4	19.0	.0	.0	
81.5	67.2	7.8	132.1	627.6	14.0	.0	.0	
82.9	71.3	9.7	172.5	664.5	10.0	.0	.0	
83.0	71.5	12.2	184.6	610.7	25.0	.0	.0	
79.6	71.2	14.6	170.0	608.9	46.0	34.0	.0	
77.3	70.7	8.5	134.6	473.2	88.0	.0	.0	
78.5	70.5	5.7	151.3	600.7	50.0	.0	.0	
78.3	72.3	6.5	140.4	498.5	68.0	13.0	.0	
83.2	71.8	9.3	186.3	606.8	26.0	.0	.0	
84.4	71.6	9.8	170.0	630.3	20.0	.0	.0	
84.0	71.4	9.4	168.3	644.6	20.0	.0	.0	
83.8	69.7	6.7	132.5	659.3	44.0	.0	.0	
82.5	69.2	6.8	110.0	665.8	13.0	.0	.0	
82.0	70.7	6.1	127.5	519.2	31.0	.0	.0	
83.2	72.5	6.9	99.6	478.6	73.0	.0	.0	
85.8	71.8	14.3	198.3	643.4	18.0	.0	.0	
86.7	71.3	14.1	192.1	696.3	9.0	.0	.0	
86.2	71.1	14.2	185.4	692.6	2.0	.0	.0	
84.9	71.4	16.9	186.7	663.1	62.0	.0	.0	
   7    31    1986
85.8	71.2	16.1	187.9	615.2	71.0	.0	.0	
84.1	73.8	11.1	130.8	599.8	77.0	.0	.0	
81.8	73.5	10.3	152.5	462.2	77.0	36.0	.0	
84.9	71.7	17.2	176.3	668.4	24.0	.0	.0	
85.6	70.8	19.9	176.3	680.0	6.0	.0	.0	
83.0	71.8	14.2	172.9	377.0	77.0	.0	.0	
84.2	71.4	11.2	173.3	634.1	73.0	.0	.0	
84.7	69.2	10.0	187.5	690.8	15.0	.0	.0	
85.8	70.1	11.8	179.2	692.4	27.0	.0	.0	
86.3	69.0	15.8	181.7	699.8	16.0	.0	.0	
85.9	70.8	19.0	186.7	571.2	55.0	.0	.0	
86.6	70.3	19.5	187.1	511.7	50.0	.0	.0	
86.3	69.1	15.4	180.4	612.4	34.0	.0	.0	
86.0	69.5	12.5	176.7	586.0	22.0	.0	.0	
85.0	69.9	14.4	177.5	620.5	33.0	.0	.0	
85.3	66.7	15.1	179.2	676.8	3.0	.0	.0	
86.2	66.3	14.4	181.7	706.8	15.0	.0	.0	
85.7	63.9	9.6	187.1	688.7	42.0	.0	.0	
88.1	64.8	8.1	192.5	654.1	25.0	.0	.0	
90.1	65.8	8.3	190.8	662.6	9.0	.0	.0	
88.6	68.3	9.3	198.8	569.4	27.0	1.0	.0	
83.0	70.6	10.5	153.8	611.9	26.0	.0	.0	
88.1	68.3	9.9	177.1	633.0	20.0	.0	.0	
89.7	67.1	11.2	187.5	675.7	5.0	.0	.0	
90.8	66.5	11.8	173.3	692.4	2.0	.0	.0	
90.7	68.1	10.8	170.4	686.5	2.0	.0	.0	
90.5	66.7	12.0	172.9	708.1	2.0	.0	.0	
90.6	64.7	11.5	171.3	696.3	2.0	.0	.0	
91.5	64.7	10.3	186.3	674.3	2.0	.0	.0	
92.4	63.7	10.0	195.0	684.4	2.0	.0	.0	
92.1	64.0	8.8	183.3	674.1	2.0	.0	.0	
   8    31    1986
91.2	66.7	9.1	175.8	679.1	2.0	.0	.0	
88.3	67.7	8.9	192.9	639.4	31.0	.0	.0	
79.8	69.5	8.9	222.5	433.3	65.0	.0	.0	
82.3	67.8	6.5	99.2	499.9	76.0	.0	.0	
86.1	68.5	12.7	171.3	567.3	39.0	.0	.0	
85.1	69.7	15.4	177.1	400.7	42.0	.0	.0	
88.4	68.5	15.2	184.2	572.5	42.0	.0	.0	
87.3	68.6	13.3	171.3	604.2	71.0	.0	.0	
87.9	68.3	14.1	185.4	625.5	20.0	.0	.0	
83.8	71.3	11.6	169.6	472.5	68.0	.0	.0	
79.2	72.2	6.0	114.6	399.3	65.0	26.0	.0	
82.1	69.1	8.1	117.5	554.7	20.0	.0	.0	
84.7	66.6	9.4	147.5	611.2	42.0	.0	.0	
86.3	69.2	15.0	172.9	588.4	57.0	.0	.0	
87.5	70.7	17.1	183.3	558.3	54.0	.0	.0	
86.9	70.5	15.1	192.9	523.9	44.0	.0	.0	
89.1	70.5	10.5	172.1	563.3	22.0	.0	.0	
90.0	68.5	7.6	157.1	577.3	22.0	.0	.0	
88.2	66.1	8.4	90.0	622.2	13.0	.0	.0	
87.8	65.8	10.3	135.0	562.5	35.0	.0	.0	
81.3	63.7	8.0	115.8	329.6	77.0	.0	.0	
78.8	65.5	7.5	176.3	361.3	56.0	1.0	.0	
76.7	68.7	9.7	120.8	302.0	73.0	6.0	.0	
80.9	70.2	10.9	170.4	443.3	89.0	.0	.0	
83.6	68.0	11.5	180.0	473.6	75.0	.0	.0	
86.0	69.3	12.6	175.4	538.8	80.0	.0	.0	
85.5	67.4	12.0	151.7	486.2	80.0	17.0	.0	
72.3	68.6	10.2	56.7	267.9	75.0	17.0	.0	
72.2	55.9	8.0	105.8	644.8	3.0	.0	.0	
74.2	55.3	8.3	135.4	516.8	66.0	.0	.0	
80.0	63.2	12.0	135.0	525.1	66.0	1.0	.0	
   9    30    1986
76.3	72.2	10.0	160.8	256.0	98.0	53.0	.0	
76.6	72.4	7.2	150.8	377.8	85.0	124.0	.0	
82.3	73.3	11.2	170.4	447.0	36.0	3.0	.0	
82.1	71.7	10.2	178.8	474.8	56.0	.0	.0	
78.6	72.6	9.0	173.3	321.1	90.0	21.0	.0	
74.1	72.1	6.9	115.0	229.9	98.0	167.0	.0	
75.8	70.1	9.4	89.6	308.2	85.0	2.0	.0	
74.3	66.4	7.3	183.8	400.2	84.0	10.0	.0	
78.5	71.1	10.8	169.2	408.7	58.0	.0	.0	
83.1	71.7	17.8	177.9	502.9	38.0	.0	.0	
82.1	70.2	13.2	244.2	396.0	71.0	.0	.0	
76.6	60.5	6.7	155.4	512.5	59.0	.0	.0	
79.0	65.9	8.2	97.9	351.7	73.0	.0	.0	
82.0	70.6	10.8	162.5	469.2	39.0	.0	.0	
83.6	71.4	11.7	181.7	471.7	72.0	.0	.0	
83.4	72.0	12.7	175.0	459.6	47.0	.0	.0	
84.3	72.0	14.4	178.8	487.9	53.0	.0	.0	
83.8	71.6	14.4	177.1	456.5	59.0	.0	.0	
82.1	71.5	15.0	165.8	468.8	69.0	.0	.0	
79.8	71.5	11.2	160.0	456.6	49.0	.0	.0	
80.8	72.1	13.2	164.6	384.7	71.0	.0	.0	
82.0	72.5	13.2	168.3	469.5	56.0	.0	.0	
82.5	71.4	15.0	175.0	443.5	44.0	.0	.0	
83.3	71.3	19.9	178.8	472.5	42.0	.0	.0	
83.6	71.9	19.0	178.8	378.0	67.0	.0	.0	
83.6	72.4	18.8	180.0	408.7	58.0	4.0	.0	
84.4	71.5	14.7	167.5	469.6	41.0	.0	.0	
80.6	74.6	15.1	165.4	331.9	81.0	10.0	.0	
83.6	71.7	21.6	173.8	389.4	55.0	.0	.0	
84.2	71.0	20.0	175.4	407.2	46.0	.0	.0	
  10    31    1986
85.1	72.2	19.3	175.4	324.1	80.0	.0	.0	
83.9	71.2	22.1	172.9	408.8	58.0	.0	.0	
84.6	70.7	20.2	180.4	310.0	71.0	.0	.0	
80.5	70.4	16.1	214.6	437.2	70.0	.0	.0	
67.1	61.3	13.9	112.9	236.6	98.0	25.0	.0	
59.8	58.6	13.2	55.0	145.4	98.0	256.0	.0	
61.6	60.3	7.0	70.4	177.6	98.0	30.0	.0	
68.9	66.5	4.1	68.3	246.2	98.0	.0	.0	
72.2	67.8	8.1	72.5	344.4	61.0	.0	.0	
70.5	64.2	5.6	137.9	291.7	87.0	.0	.0	
70.6	66.0	12.5	187.5	237.6	97.0	9.0	.0	
50.3	45.1	19.5	352.9	223.5	98.0	23.0	.0	
52.0	43.3	10.6	269.2	413.6	48.0	.0	.0	
60.9	49.6	6.7	212.9	475.0	4.0	.0	.0	
59.9	47.7	5.4	190.8	484.9	2.0	.0	.0	
61.8	48.6	6.2	217.5	404.8	49.0	.0	.0	
65.7	49.7	7.8	186.7	470.5	11.0	.0	.0	
64.8	52.3	6.8	119.6	411.1	49.0	.0	.0	
63.6	52.1	7.4	117.9	413.0	72.0	.0	.0	
62.9	53.2	6.9	148.3	372.7	98.0	.0	.0	
62.5	57.1	9.1	110.4	200.5	98.0	12.0	.0	
66.4	65.0	11.7	144.2	170.6	98.0	23.0	.0	
67.6	66.5	11.1	123.3	181.1	98.0	131.0	.0	
64.2	57.6	14.0	332.9	370.1	34.0	.0	.0	
60.2	50.9	10.0	300.8	413.0	15.0	.0	.0	
59.0	51.5	5.9	272.9	364.2	22.0	.0	.0	
61.6	51.8	6.3	203.3	417.9	11.0	.0	.0	
64.4	53.9	9.6	168.3	402.1	5.0	.0	.0	
66.9	56.7	7.2	152.1	403.6	2.0	.0	.0	
65.6	55.1	7.7	147.9	353.0	54.0	.0	.0	
65.8	55.2	11.7	170.8	381.4	34.0	.0	.0	
  11    30    1986
68.4	57.2	7.5	114.6	318.0	73.0	.0	.0	
62.0	54.7	11.9	197.1	224.0	61.0	.0	.0	
63.7	56.3	8.4	120.4	234.6	95.0	.0	.0	
64.3	59.5	15.4	250.8	185.8	78.0	162.0	.0	
50.6	44.1	12.2	245.4	185.8	67.0	.0	.0	
54.2	49.8	11.1	162.5	283.5	42.0	7.0	.0	
62.1	60.2	12.1	182.9	186.2	69.0	1.0	.0	
65.7	62.8	6.5	245.4	225.5	69.0	1.0	.0	
58.8	50.6	10.7	207.1	324.7	64.0	.0	.0	
57.3	54.7	9.9	272.9	160.5	97.0	14.0	.0	
39.5	36.5	14.4	235.8	190.5	77.0	1.0	.0	
41.8	39.5	13.4	107.1	138.9	98.0	34.0	.0	
31.0	19.1	18.4	272.5	253.8	98.0	.0	5.1	
42.1	29.1	10.1	188.8	236.6	88.0	.0	.0	
58.4	51.9	14.5	202.1	290.8	83.0	.0	.0	
65.6	58.1	11.3	213.3	185.2	94.0	.0	.0	
68.5	57.9	9.5	207.1	307.2	82.0	.0	.0	
65.2	54.5	11.9	217.5	274.7	72.0	.0	.0	
54.1	47.7	6.5	209.2	118.2	90.0	5.0	.0	
56.1	45.6	13.0	214.2	361.0	15.0	.0	.0	
55.5	41.4	7.2	189.6	327.8	49.0	.0	.0	
63.6	60.3	11.0	182.5	258.4	54.0	25.0	.0	
52.1	47.2	16.2	345.4	136.7	91.0	14.0	.0	
44.3	41.6	17.2	347.1	147.2	98.0	49.0	.0	
46.9	43.9	15.6	289.6	167.5	91.0	41.0	.0	
49.2	41.5	13.8	321.3	300.2	66.0	.0	.0	
45.6	38.6	10.7	251.3	272.1	51.0	.0	.0	
45.1	39.0	9.2	246.7	322.6	20.0	.0	.0	
44.7	38.0	5.6	183.3	341.3	2.0	.0	.0	
50.6	41.9	9.1	194.2	328.1	23.0	.0	.0	
  12    31    1986
46.7	33.1	16.6	309.6	340.8	13.0	.0	.0	
43.6	34.1	9.1	262.5	333.9	2.0	.0	.0	
41.8	37.5	6.4	168.8	291.2	38.0	.0	.0	
46.5	39.9	7.2	167.5	304.0	64.0	.0	.0	
51.1	38.5	7.7	124.6	222.3	93.0	.0	.0	
55.0	44.7	14.0	150.8	147.8	96.0	14.0	.0	
58.7	57.8	11.2	158.3	137.7	91.0	15.0	.0	
51.9	51.8	9.9	277.1	104.6	98.0	4.0	.0	
45.1	41.1	14.7	296.7	168.8	98.0	.0	.0	
38.4	29.4	18.0	103.3	157.3	98.0	.0	.0	
36.5	29.5	10.6	192.1	124.8	98.0	10.0	.0	
41.4	36.5	5.0	179.6	302.7	57.0	.0	.0	
43.4	36.4	7.6	158.3	197.2	97.0	.0	.0	
46.8	45.5	7.8	121.3	97.2	98.0	77.0	.0	
51.5	51.4	5.4	167.1	109.8	98.0	16.0	.0	
52.5	52.1	5.9	159.6	159.5	98.0	.0	.0	
55.0	53.2	5.9	124.6	165.5	98.0	.0	.0	
45.5	44.1	14.9	210.0	123.1	98.0	36.0	.0	
43.7	37.9	6.6	224.2	323.1	17.0	.0	.0	
44.9	42.4	5.6	140.4	137.1	78.0	.0	.0	
48.2	45.2	9.2	69.6	145.6	98.0	18.0	.0	
42.7	41.8	17.7	101.3	109.3	98.0	150.0	.0	
44.3	40.7	16.6	327.9	156.4	85.0	8.0	.0	
45.5	38.5	5.0	169.2	299.8	18.0	.0	.0	
50.4	43.7	6.6	155.4	260.5	65.0	.0	.0	
48.7	42.3	8.8	332.9	303.7	33.0	.0	.0	
43.7	38.5	8.2	177.5	319.3	21.0	.0	.0	
42.8	39.9	6.7	118.3	151.8	98.0	.0	.0	
46.4	41.3	5.7	185.0	304.5	31.0	.0	.0	
43.1	35.6	6.7	225.4	249.2	58.0	.0	.0	
44.1	35.0	5.7	183.3	327.1	26.0	.0	.0	
