   1    31    1983
33.7	30.2	8.4	292.1	110.2	93.0	52.0	.0	
33.8	29.3	10.4	292.9	291.5	29.0	.0	.0	
30.1	26.5	10.5	184.6	127.6	98.0	.0	.0	
36.6	32.4	13.4	144.6	203.7	80.0	.0	.0	
37.4	32.7	7.3	217.1	164.2	58.0	.0	.0	
43.4	35.0	8.2	198.8	291.6	2.0	.0	.0	
42.8	41.6	5.8	106.7	73.1	93.0	.0	.0	
48.0	40.8	8.1	243.8	287.4	38.0	.0	.0	
48.6	35.6	14.3	256.3	282.8	3.0	.0	.0	
45.1	24.9	13.1	254.2	240.5	35.0	.0	.0	
46.5	31.8	11.5	188.8	292.2	5.0	.0	.0	
44.6	29.8	8.6	150.4	270.7	2.0	.0	.0	
53.3	37.6	13.6	207.5	300.3	2.0	.0	.0	
48.0	28.8	16.2	222.1	289.7	18.0	.0	.0	
36.2	23.9	9.6	225.0	282.7	48.0	.0	.0	
40.5	24.9	9.6	210.4	287.3	18.0	.0	.0	
41.7	31.4	8.8	125.8	224.3	50.0	1.0	.0	
36.7	32.6	15.9	75.8	93.6	98.0	27.0	.0	
32.9	31.0	16.2	104.2	115.9	98.0	8.0	.0	
33.2	31.6	13.7	63.8	130.8	98.0	1.0	.0	
35.0	29.7	14.7	216.3	157.8	98.0	5.0	.0	
30.6	25.7	15.0	275.0	217.8	64.0	.0	40.6	
32.5	27.7	8.9	191.3	316.9	30.0	.0	.0	
38.4	33.1	10.5	247.1	283.6	35.0	.0	.0	
40.9	34.8	11.6	124.6	220.4	74.0	.0	.0	
37.0	30.4	19.5	331.7	193.5	74.0	.0	.0	
31.5	28.1	9.3	144.6	158.2	92.0	.0	.0	
45.6	39.1	18.3	150.8	155.1	85.0	.0	.0	
48.3	38.3	14.9	247.9	329.1	21.0	.0	.0	
46.9	38.7	13.3	113.8	194.1	89.0	.0	.0	
45.6	43.8	14.3	145.0	128.9	98.0	77.0	.0	
   2    28    1983
31.7	27.7	23.1	304.6	174.5	98.0	.0	.0	
33.7	23.7	21.2	305.8	216.7	55.0	.0	.0	
33.1	21.0	10.3	286.7	261.8	55.0	.0	.0	
30.9	22.8	12.1	75.0	182.2	98.0	.0	.0	
35.2	32.9	9.4	169.2	173.3	98.0	.0	.0	
31.8	25.4	11.6	303.3	156.4	78.0	.0	.0	
33.8	28.2	11.1	125.8	269.5	46.0	.0	.0	
41.0	37.3	8.9	266.7	278.6	75.0	.0	.0	
43.1	42.2	10.3	290.4	168.6	98.0	.0	.0	
43.8	39.0	6.3	242.1	300.8	61.0	.0	.0	
38.0	34.6	11.8	241.3	163.4	70.0	.0	.0	
40.8	33.2	6.3	143.8	293.5	45.0	.0	.0	
46.0	35.3	12.8	146.3	370.9	30.0	.0	.0	
52.6	42.4	16.4	138.8	376.2	31.0	.0	.0	
49.9	43.1	10.7	253.8	242.3	68.0	.0	.0	
47.7	35.4	6.1	192.5	372.3	21.0	.0	.0	
47.9	35.6	5.8	102.1	247.1	70.0	.0	.0	
49.9	40.5	7.5	231.3	388.2	37.0	.0	.0	
58.1	46.6	16.8	167.9	347.6	56.0	78.0	.0	
54.6	46.4	11.7	167.1	334.9	75.0	.0	.0	
45.1	43.5	14.8	323.3	154.2	98.0	12.0	.0	
49.5	46.7	12.5	322.5	223.4	65.0	.0	.0	
52.3	46.2	7.2	208.8	366.6	43.0	.0	.0	
49.8	41.8	13.2	139.6	396.5	13.0	.0	.0	
41.7	33.9	7.2	91.3	271.4	63.0	.0	.0	
43.1	30.8	9.5	101.3	233.7	98.0	.0	.0	
45.6	30.6	8.9	128.8	403.2	51.0	.0	.0	
51.5	38.3	11.4	119.2	436.0	13.0	.0	.0	
   3    31    1983
59.0	44.9	7.4	177.9	430.1	30.0	.0	.0	
63.7	48.3	9.9	172.1	399.0	67.0	.0	.0	
62.6	57.9	18.8	137.9	212.5	96.0	.0	.0	
61.7	52.7	15.6	175.4	202.1	90.0	5.0	.0	
59.1	41.7	18.5	213.3	319.4	66.0	2.0	.0	
55.6	41.7	16.4	286.7	426.1	37.0	.0	.0	
53.1	36.4	10.5	269.2	406.0	23.0	.0	.0	
51.8	36.7	8.3	220.4	283.0	77.0	.0	.0	
47.3	26.4	13.4	290.4	494.8	31.0	.0	.0	
42.5	24.3	11.1	112.1	513.0	2.0	.0	.0	
40.0	22.9	5.8	132.1	458.0	16.0	.0	.0	
52.2	34.2	13.2	147.5	430.3	82.0	.0	.0	
59.9	50.1	10.4	150.4	392.2	53.0	.0	.0	
64.6	53.2	16.2	152.1	472.9	42.0	.0	.0	
61.2	54.9	14.5	158.8	219.7	89.0	27.0	.0	
47.7	45.4	20.7	317.9	238.7	98.0	29.0	.0	
43.6	36.5	17.6	330.8	263.7	98.0	.0	.0	
43.8	35.3	10.8	231.3	349.9	63.0	.0	.0	
41.3	36.4	13.7	195.0	217.8	94.0	3.0	.0	
39.1	24.3	22.0	330.8	425.2	77.0	.0	.0	
37.6	21.1	10.0	227.9	551.6	15.0	.0	.0	
40.5	28.1	12.6	100.8	243.4	97.0	.0	.0	
43.9	42.4	10.8	87.9	229.4	98.0	9.0	.0	
45.9	43.2	10.6	110.4	275.1	76.0	.0	.0	
50.8	48.2	20.5	157.1	220.2	98.0	90.0	.0	
50.9	39.9	23.3	238.8	470.1	38.0	19.0	.0	
45.3	30.3	18.3	269.6	512.9	11.0	.0	.0	
46.8	33.3	10.7	97.5	487.8	37.0	.0	.0	
54.4	45.4	13.6	140.0	265.8	90.0	22.0	.0	
52.3	46.2	11.1	260.0	482.1	54.0	.0	.0	
61.0	50.5	13.3	157.5	508.4	47.0	.0	.0	
   4    30    1983
53.2	37.6	30.1	297.1	213.8	64.0	8.0	.0	
48.5	25.4	21.7	263.3	567.3	8.0	.0	.0	
57.0	37.3	16.9	117.9	564.1	26.0	.0	.0	
53.5	48.1	17.7	240.8	240.2	90.0	7.0	.0	
42.8	36.8	18.7	320.8	305.0	89.0	33.0	.0	
42.1	33.2	17.1	322.1	413.4	51.0	.0	.0	
43.3	33.1	15.6	272.9	288.2	78.0	.0	.0	
42.6	37.5	11.0	311.7	240.1	91.0	.0	.0	
47.6	34.9	8.9	224.6	529.6	18.0	.0	.0	
57.5	38.0	7.9	143.8	597.4	6.0	.0	.0	
66.9	44.7	18.1	160.4	601.2	19.0	.0	.0	
67.4	36.8	17.0	203.3	641.8	25.0	.0	.0	
52.0	42.9	16.2	255.4	435.1	54.0	85.0	.0	
46.2	23.9	15.8	271.7	651.3	2.0	.0	.0	
48.7	27.0	6.0	197.5	629.7	2.0	.0	.0	
55.2	35.5	9.0	167.9	520.5	31.0	.0	.0	
59.7	42.2	9.9	183.3	564.3	18.0	.0	.0	
58.8	41.4	11.4	145.8	618.6	2.0	.0	.0	
54.6	43.3	19.1	95.4	636.2	17.0	.0	.0	
48.9	41.9	12.3	79.6	319.1	73.0	.0	.0	
58.6	55.7	13.7	128.3	351.2	63.0	86.0	.0	
66.2	52.6	15.7	224.2	496.4	64.0	.0	.0	
59.8	46.9	18.0	337.1	537.9	51.0	.0	.0	
57.1	38.5	8.6	197.9	673.3	2.0	.0	.0	
63.5	42.8	16.5	149.6	665.3	2.0	.0	.0	
67.8	55.0	19.2	155.8	555.1	23.0	.0	.0	
72.2	60.7	16.4	162.9	584.7	39.0	.0	.0	
72.3	61.1	14.2	200.0	417.9	75.0	.0	.0	
73.0	65.0	15.9	161.7	304.0	98.0	.0	.0	
78.4	61.5	17.5	191.7	372.8	82.0	.0	.0	
   5    31    1983
75.4	48.4	18.3	212.1	483.1	72.0	.0	.0	
60.8	43.8	15.5	167.1	502.6	57.0	.0	.0	
61.0	39.4	13.1	270.0	670.5	2.0	.0	.0	
65.7	43.6	8.5	113.8	646.8	2.0	.0	.0	
72.5	46.2	20.0	145.0	691.0	2.0	.0	.0	
77.7	56.1	24.3	173.8	649.1	2.0	.0	.0	
70.8	45.1	15.3	232.9	670.0	2.0	.0	.0	
59.6	44.1	9.0	97.5	527.7	29.0	.0	.0	
60.0	49.4	13.8	117.9	568.4	43.0	.0	.0	
63.4	59.0	12.5	137.1	316.1	96.0	15.0	.0	
71.1	60.5	15.0	135.0	494.7	57.0	.0	.0	
76.8	65.7	16.2	161.7	516.7	79.0	6.0	.0	
73.8	65.0	14.2	149.6	483.2	75.0	52.0	.0	
58.3	53.8	18.3	290.0	267.7	98.0	52.0	.0	
56.7	45.4	11.7	227.1	587.5	45.0	.0	.0	
61.4	48.1	11.8	92.1	670.2	2.0	.0	.0	
68.4	57.8	21.4	152.9	476.1	46.0	2.0	.0	
63.7	46.4	14.1	264.2	666.3	25.0	.0	.0	
68.6	51.4	10.5	97.5	612.3	51.0	17.0	.0	
65.8	59.8	15.3	127.5	305.1	78.0	64.0	.0	
62.1	55.8	10.3	262.1	331.7	65.0	8.0	.0	
68.1	57.9	13.0	147.5	663.4	23.0	26.0	.0	
68.2	53.9	10.1	125.4	701.0	2.0	.0	.0	
69.4	52.1	9.1	135.0	682.0	24.0	.0	.0	
74.4	60.0	8.6	130.4	633.2	58.0	.0	.0	
69.9	62.2	10.0	192.9	398.3	65.0	48.0	.0	
74.6	62.9	11.4	152.5	503.1	55.0	.0	.0	
76.1	62.7	9.9	174.6	696.3	31.0	.0	.0	
74.7	60.6	8.7	122.5	690.1	28.0	.0	.0	
58.8	53.4	12.7	73.3	276.5	98.0	22.0	.0	
57.3	49.3	8.6	209.2	273.8	79.0	9.0	.0	
   6    30    1983
62.1	52.2	11.1	141.3	368.7	83.0	.0	.0	
76.9	65.7	17.3	157.9	563.0	30.0	.0	.0	
79.5	64.5	12.8	154.6	701.9	2.0	.0	.0	
75.1	61.6	8.8	120.0	654.6	33.0	.0	.0	
72.8	62.3	9.0	77.5	462.7	86.0	59.0	.0	
63.9	52.3	15.1	155.8	390.1	82.0	.0	.0	
65.8	48.8	6.7	190.4	721.1	10.0	.0	.0	
70.1	54.3	8.2	117.5	594.3	49.0	.0	.0	
75.1	60.5	13.4	148.3	609.7	50.0	.0	.0	
75.3	61.0	17.4	146.3	488.5	76.0	.0	.0	
73.7	63.2	17.2	162.5	605.7	66.0	36.0	.0	
78.1	65.0	18.9	150.0	603.0	27.0	.0	.0	
77.7	65.8	18.4	169.2	449.1	56.0	210.0	.0	
72.4	55.5	12.3	147.1	639.3	43.0	.0	.0	
73.0	55.2	6.9	137.9	596.4	50.0	.0	.0	
73.8	58.6	7.5	115.8	409.4	69.0	.0	.0	
73.3	64.1	9.5	146.3	323.8	68.0	2.0	.0	
78.1	65.7	11.2	142.9	666.7	41.0	.0	.0	
80.0	65.0	13.3	153.3	720.8	6.0	.0	.0	
80.9	66.9	13.4	154.2	698.2	2.0	.0	.0	
80.1	65.6	9.3	120.4	656.9	13.0	.0	.0	
79.1	64.9	8.8	108.8	673.1	33.0	.0	.0	
79.6	62.1	6.1	57.9	647.0	18.0	.0	.0	
76.4	65.7	6.9	57.1	490.5	49.0	.0	.0	
75.1	68.7	7.9	92.9	419.4	86.0	112.0	.0	
76.6	67.3	12.1	130.0	600.1	57.0	56.0	.0	
78.4	67.5	16.7	126.3	563.1	64.0	30.0	.0	
76.0	64.6	12.4	206.3	603.0	65.0	.0	.0	
79.0	63.7	9.1	195.4	659.8	46.0	.0	.0	
81.7	65.3	12.5	151.3	579.3	84.0	.0	.0	
   7    31    1983
85.8	70.1	17.2	167.1	611.8	40.0	.0	.0	
87.5	70.3	18.7	170.8	683.5	35.0	.0	.0	
87.6	69.6	20.9	170.4	687.8	8.0	.0	.0	
86.0	70.6	14.5	124.2	479.2	66.0	.0	.0	
79.0	63.6	9.4	102.1	609.9	68.0	17.0	.0	
77.8	61.7	8.0	117.5	622.2	26.0	.0	.0	
77.5	61.6	11.2	113.8	693.3	5.0	.0	.0	
75.7	58.3	9.0	103.8	729.2	2.0	.0	.0	
77.3	60.1	7.9	115.8	697.0	2.0	.0	.0	
81.4	60.3	10.2	135.0	670.8	5.0	.0	.0	
82.6	62.0	10.3	143.8	604.2	16.0	.0	.0	
82.6	64.9	8.8	112.5	513.7	57.0	.0	.0	
80.4	64.8	10.0	131.3	562.8	63.0	2.0	.0	
77.0	68.1	13.3	133.8	362.7	51.0	.0	.0	
78.5	68.2	18.3	149.2	399.3	68.0	.0	.0	
77.6	70.4	14.2	128.3	319.6	65.0	.0	.0	
82.5	69.6	13.9	148.8	467.6	48.0	.0	.0	
85.0	66.4	12.2	163.8	635.9	7.0	.0	.0	
85.2	67.7	12.5	165.0	615.3	8.0	.0	.0	
85.5	61.2	12.7	169.2	710.6	2.0	.0	.0	
86.0	63.2	12.0	166.3	697.5	3.0	.0	.0	
86.4	61.7	10.6	159.6	663.0	3.0	.0	.0	
88.8	65.6	12.4	168.3	685.3	2.0	.0	.0	
90.0	64.4	13.7	177.1	634.4	7.0	.0	.0	
91.3	65.7	12.8	184.2	676.6	3.0	.0	.0	
91.5	63.4	13.3	165.0	673.0	5.0	.0	.0	
90.5	60.9	15.5	173.8	691.7	2.0	.0	.0	
89.7	63.6	14.7	162.5	682.5	2.0	.0	.0	
88.4	62.6	9.5	122.5	642.7	9.0	.0	.0	
87.4	68.2	9.2	124.2	569.8	37.0	.0	.0	
86.5	67.7	7.7	136.7	612.2	51.0	.0	.0	
   8    31    1983
87.5	64.6	6.3	115.0	587.9	9.0	.0	.0	
85.9	62.1	8.9	109.2	643.7	19.0	.0	.0	
84.5	63.0	8.2	91.7	639.0	8.0	.0	.0	
82.0	67.1	11.1	96.3	509.6	34.0	.0	.0	
85.4	64.6	8.7	158.3	611.1	15.0	.0	.0	
88.2	61.4	8.4	185.0	598.4	12.0	.0	.0	
79.6	67.6	8.8	60.4	348.7	64.0	5.0	.0	
78.9	67.8	9.3	123.3	504.4	45.0	4.0	.0	
81.6	66.5	7.3	91.3	569.8	27.0	.0	.0	
85.9	66.7	9.9	162.5	597.9	13.0	.0	.0	
89.2	66.1	9.7	180.4	611.3	9.0	.0	.0	
91.6	64.7	10.9	193.8	562.9	28.0	.0	.0	
89.1	63.2	10.2	148.8	593.6	42.0	.0	.0	
89.9	64.0	10.0	169.2	589.5	35.0	.0	.0	
90.0	61.0	8.7	139.6	615.2	15.0	.0	.0	
91.0	64.0	11.2	149.6	609.3	11.0	.0	.0	
88.5	65.0	12.2	147.5	612.9	13.0	.0	.0	
82.9	62.7	12.0	105.4	494.9	40.0	.0	.0	
76.4	70.1	14.9	178.8	282.1	88.0	10.0	.0	
83.0	69.5	15.8	146.7	464.5	76.0	.0	.0	
87.3	67.4	15.8	168.3	579.2	20.0	.0	.0	
88.1	64.2	14.6	164.2	606.4	3.0	.0	.0	
87.0	65.0	12.4	151.3	624.0	2.0	.0	.0	
87.1	66.3	11.7	146.3	560.0	9.0	.0	.0	
86.2	65.8	9.8	153.8	586.4	8.0	.0	.0	
85.8	64.5	10.3	151.3	603.4	2.0	.0	.0	
86.1	63.7	8.0	123.3	599.6	2.0	.0	.0	
85.5	66.1	7.8	127.1	541.8	7.0	.0	.0	
87.2	65.9	10.3	168.8	576.2	9.0	.0	.0	
90.4	63.5	11.4	190.0	522.7	10.0	.0	.0	
89.0	65.0	12.5	138.8	526.4	23.0	.0	.0	
   9    30    1983
81.5	59.2	10.7	58.8	597.2	12.0	.0	.0	
79.8	52.5	7.6	122.5	613.2	2.0	.0	.0	
80.4	54.9	6.6	95.0	554.1	2.0	.0	.0	
86.2	60.5	17.3	162.1	593.4	2.0	.0	.0	
86.9	61.3	17.6	165.4	488.5	46.0	.0	.0	
87.8	64.7	16.1	153.3	600.1	2.0	.0	.0	
86.9	67.6	15.1	152.1	552.5	33.0	.0	.0	
83.0	65.1	14.4	157.5	513.1	15.0	.0	.0	
81.2	65.4	14.8	159.2	446.9	21.0	.0	.0	
83.5	66.1	14.6	162.5	475.2	16.0	.0	.0	
82.1	64.8	9.5	143.3	445.0	29.0	.0	.0	
83.3	61.8	8.6	108.3	516.1	36.0	.0	.0	
72.2	59.9	14.2	115.4	266.3	61.0	.0	.0	
74.1	56.1	10.5	182.5	553.7	9.0	.0	.0	
80.3	62.0	15.0	177.5	341.8	58.0	.0	.0	
81.9	62.4	9.5	132.9	561.9	13.0	.0	.0	
85.8	62.4	16.9	170.0	512.4	25.0	.0	.0	
83.5	66.5	17.7	165.0	496.5	17.0	.0	.0	
78.3	67.6	16.1	147.5	300.7	50.0	.0	.0	
60.8	45.2	21.9	282.1	378.7	53.0	.0	.0	
54.5	31.1	7.5	176.3	545.5	2.0	.0	.0	
64.8	28.3	12.1	157.5	559.4	2.0	.0	.0	
66.5	37.8	12.1	108.8	546.2	2.0	.0	.0	
73.5	43.9	17.9	157.9	536.4	21.0	.0	.0	
74.5	53.9	12.6	156.7	500.9	52.0	.0	.0	
77.4	57.4	8.3	152.1	465.2	10.0	.0	.0	
78.7	58.6	12.9	152.1	490.1	8.0	.0	.0	
77.6	60.0	15.4	154.2	453.0	21.0	.0	.0	
75.4	56.0	12.5	143.3	437.0	46.0	.0	.0	
72.0	52.3	10.2	133.3	477.7	22.0	.0	.0	
  10    31    1983
76.7	54.1	14.9	163.8	452.1	43.0	.0	.0	
78.0	59.6	17.6	168.8	440.0	63.0	16.0	.0	
77.8	65.0	13.8	190.8	425.9	56.0	.0	.0	
75.5	52.3	13.5	242.9	446.8	24.0	.0	.0	
70.4	40.5	7.9	147.1	444.7	4.0	.0	.0	
64.2	54.4	15.5	123.3	170.5	93.0	52.0	.0	
64.7	58.4	15.6	120.8	186.1	96.0	291.0	.0	
65.4	62.5	11.5	60.8	176.9	98.0	4.0	.0	
68.1	56.3	7.5	82.1	402.0	53.0	.0	.0	
68.2	55.8	8.5	120.0	464.6	2.0	.0	.0	
67.3	54.9	17.2	239.6	229.9	48.0	.0	.0	
56.3	38.6	14.2	275.0	421.9	40.0	.0	.0	
61.5	40.5	11.9	176.7	459.0	16.0	.0	.0	
67.5	48.2	20.2	160.0	458.1	3.0	.0	.0	
68.2	56.1	16.9	156.7	384.2	17.0	.0	.0	
70.8	59.0	13.5	143.8	413.0	31.0	.0	.0	
66.8	61.4	9.1	129.2	298.0	84.0	91.0	.0	
70.5	65.8	10.5	117.9	343.3	76.0	26.0	.0	
71.6	68.1	11.2	138.8	175.5	98.0	116.0	.0	
62.6	60.4	13.3	248.8	176.1	98.0	183.0	.0	
55.7	50.6	14.2	302.5	190.9	98.0	.0	.0	
56.2	48.2	10.3	259.2	362.7	35.0	.0	.0	
55.9	49.0	5.1	143.3	419.8	2.0	.0	.0	
60.9	53.1	11.9	88.8	412.6	9.0	.0	.0	
57.3	48.0	15.2	223.8	313.3	52.0	.0	.0	
57.7	45.2	6.4	199.2	387.1	2.0	.0	.0	
61.1	48.7	8.7	163.8	388.5	24.0	.0	.0	
63.3	43.9	12.1	178.8	327.3	59.0	.0	.0	
65.5	54.1	9.8	167.1	327.5	41.0	.0	.0	
64.3	55.9	4.9	134.2	296.0	60.0	.0	.0	
68.1	56.3	11.7	152.9	312.9	73.0	.0	.0	
  11    30    1983
68.7	61.0	13.6	161.7	264.9	70.0	4.0	.0	
68.7	61.5	11.4	152.9	192.6	74.0	.0	.0	
68.2	63.4	8.3	177.1	160.8	70.0	8.0	.0	
62.8	58.3	8.3	89.2	153.2	75.0	.0	.0	
58.3	55.6	11.7	93.3	132.7	98.0	21.0	.0	
59.4	57.5	6.4	100.0	152.2	98.0	8.0	.0	
57.7	54.7	8.7	117.1	184.9	72.0	.0	.0	
64.2	57.8	17.3	156.7	220.8	55.0	.0	.0	
50.9	38.0	23.1	297.5	258.8	40.0	.0	.0	
42.2	27.2	14.7	298.8	345.0	8.0	.0	.0	
44.1	28.3	7.1	132.5	361.2	8.0	.0	.0	
52.4	36.3	11.2	197.9	323.0	2.0	.0	.0	
50.0	42.1	8.6	147.1	347.4	12.0	.0	.0	
49.8	44.7	10.4	234.2	150.2	55.0	.0	.0	
50.1	34.1	12.8	273.8	329.6	4.0	.0	.0	
52.2	32.8	10.7	159.6	312.8	38.0	.0	.0	
58.4	39.5	15.9	185.4	282.7	52.0	.0	.0	
65.8	46.9	18.8	191.3	253.0	70.0	.0	.0	
53.6	38.3	18.3	266.7	156.1	75.0	.0	.0	
53.8	30.7	14.1	198.8	311.9	5.0	.0	.0	
64.2	42.7	17.4	175.4	317.2	2.0	.0	.0	
64.1	55.0	14.0	225.4	197.2	81.0	30.0	.0	
40.6	32.2	13.1	270.0	218.3	60.0	14.0	.0	
41.8	30.7	8.1	176.7	316.7	2.0	.0	.0	
53.6	32.6	17.2	172.1	311.7	14.0	.0	.0	
55.4	46.8	16.1	198.8	116.7	94.0	6.0	.0	
32.5	16.4	20.7	290.0	278.5	43.0	.0	.0	
35.0	16.3	17.4	277.1	317.2	3.0	.0	.0	
45.1	29.0	15.1	174.6	300.2	6.0	.0	.0	
36.9	27.2	15.1	271.7	175.8	55.0	.0	.0	
  12    31    1983
38.7	29.1	9.9	175.0	214.2	91.0	.0	.0	
48.2	44.0	8.7	123.8	151.4	98.0	3.0	.0	
41.5	37.5	10.7	259.6	146.0	73.0	13.0	.0	
49.0	38.2	10.1	168.8	300.8	2.0	.0	.0	
40.8	31.5	15.4	299.2	169.9	45.0	.0	.0	
34.9	22.0	11.1	262.5	294.3	2.0	.0	.0	
47.1	26.3	16.3	177.9	279.5	10.0	.0	.0	
43.0	32.3	7.9	144.6	275.6	33.0	.0	.0	
43.3	33.7	11.0	140.0	211.3	56.0	.0	.0	
48.0	35.0	10.8	199.6	199.5	42.0	.0	.0	
48.6	32.3	15.7	292.9	288.8	2.0	.0	.0	
42.3	31.3	11.1	135.4	230.6	47.0	.0	.0	
42.8	32.3	14.7	284.2	219.9	60.0	14.0	.0	
40.5	25.8	13.5	293.8	258.4	33.0	.0	.0	
30.2	22.3	11.5	114.2	168.8	62.0	.0	114.3	
27.1	21.2	6.6	215.0	292.5	35.0	.0	.0	
27.8	24.4	10.4	124.2	168.2	60.0	.0	.0	
16.2	8.4	21.8	270.8	132.8	98.0	.0	.0	
12.7	4.7	12.7	90.0	150.1	98.0	.0	.0	
18.4	15.2	11.3	85.8	127.1	98.0	.0	2.5	
10.5	5.9	17.6	335.8	148.5	88.0	.0	5.1	
6.9	.3	11.2	166.3	156.3	58.0	.0	.0	
9.1	1.1	16.7	49.6	223.6	81.0	.0	.0	
7.8	-6.0	19.8	310.8	125.4	98.0	.0	.0	
10.1	-1.3	7.7	277.9	135.3	98.0	.0	.0	
21.6	6.8	15.1	145.8	261.6	55.0	.0	.0	
26.5	23.8	12.8	125.4	96.9	96.0	.0	10.2	
20.4	14.6	18.8	346.7	141.4	77.0	.0	17.8	
13.0	5.1	8.6	275.4	280.4	2.0	.0	.0	
19.4	9.1	11.8	168.8	285.5	2.0	.0	.0	
32.2	16.0	15.3	156.3	292.6	11.0	.0	.0	
