   1    31    1986
53.0	51.6	5.6	196.3	98.1	98.0	.0	.0	
51.8	49.9	5.7	151.3	107.2	98.0	.0	.0	
52.1	50.0	4.8	105.8	123.0	98.0	35.0	.0	
56.2	55.2	10.4	127.5	67.3	91.0	101.0	.0	
58.5	55.1	8.1	205.0	192.3	77.0	5.0	.0	
54.0	50.1	6.8	144.6	173.5	45.0	.0	.0	
53.1	43.7	7.4	136.3	208.3	63.0	.0	.0	
50.5	47.3	2.7	55.8	184.3	56.0	.0	.0	
51.4	45.2	4.6	117.1	226.5	22.0	.0	.0	
47.8	45.1	4.3	73.8	194.5	53.0	.0	.0	
48.8	43.3	5.2	85.4	204.4	56.0	.0	.0	
47.3	42.8	5.0	74.2	198.9	70.0	.0	.0	
47.0	45.2	2.9	80.0	106.1	92.0	.0	.0	
50.1	47.3	7.4	155.0	84.2	84.0	16.0	.0	
52.5	48.8	10.3	139.6	131.6	85.0	35.0	.0	
57.1	54.1	13.5	165.0	96.4	98.0	37.0	.0	
57.7	55.9	5.1	124.6	157.0	85.0	.0	.0	
55.8	53.7	4.2	101.3	111.3	98.0	.0	.0	
55.0	51.3	8.7	205.0	140.7	79.0	.0	.0	
52.9	46.4	7.5	207.1	217.7	55.0	.0	.0	
51.6	45.6	3.7	87.1	155.2	88.0	.0	.0	
52.4	45.8	8.6	150.0	217.4	86.0	10.0	.0	
53.3	47.4	9.1	255.4	219.2	60.0	.0	.0	
51.2	43.7	5.2	196.3	235.9	71.0	.0	.0	
52.2	43.3	4.1	98.3	280.3	15.0	.0	.0	
53.7	47.2	4.0	110.8	259.9	41.0	.0	.0	
55.0	47.6	3.3	65.0	237.6	70.0	.0	.0	
53.6	50.0	3.1	108.3	122.6	97.0	.0	.0	
54.9	47.9	11.9	132.1	85.9	98.0	67.0	.0	
56.2	53.1	6.8	137.5	148.4	88.0	7.0	.0	
56.6	51.6	13.2	181.7	139.6	77.0	91.0	.0	
   2    28    1986
55.2	48.5	9.6	126.7	229.6	74.0	1.0	.0	
56.8	50.1	16.7	225.8	194.0	70.0	40.0	.0	
52.9	46.2	18.2	256.3	218.6	53.0	29.0	.0	
51.9	44.3	10.4	261.7	279.4	37.0	.0	.0	
52.8	45.8	17.6	290.4	200.3	62.0	1.0	.0	
49.6	36.8	11.1	295.4	249.0	57.0	.0	.0	
50.2	36.5	5.7	178.8	335.0	25.0	.0	.0	
48.2	36.2	7.4	198.3	316.1	2.0	.0	.0	
50.4	33.2	7.2	169.6	338.7	2.0	.0	.0	
48.9	42.5	5.8	140.4	276.7	69.0	.0	.0	
50.2	44.5	8.0	135.0	130.4	92.0	2.0	.0	
55.4	51.5	19.1	139.6	95.8	98.0	58.0	.0	
58.1	52.9	10.5	156.7	187.8	82.0	17.0	.0	
60.1	55.0	27.3	157.5	127.9	90.0	148.0	.0	
58.4	53.1	30.1	214.6	169.0	86.0	69.0	.0	
58.2	54.5	23.2	200.8	90.6	98.0	100.0	.0	
60.3	57.1	31.7	200.4	113.7	98.0	183.0	.0	
61.3	57.4	18.9	201.3	169.6	98.0	131.0	.0	
57.4	51.5	22.3	233.8	177.0	84.0	25.0	.0	
55.3	49.3	8.3	199.2	288.7	48.0	5.0	.0	
55.4	50.4	7.7	173.3	291.4	73.0	.0	.0	
55.0	51.2	7.8	180.0	358.1	34.0	.0	.0	
56.9	52.3	6.7	155.8	298.6	45.0	.0	.0	
57.1	53.0	8.0	186.7	357.8	8.0	.0	.0	
57.0	53.9	6.0	156.7	284.7	60.0	.0	.0	
62.4	55.0	4.0	172.9	353.5	65.0	.0	.0	
62.6	57.3	9.2	213.3	376.0	32.0	.0	.0	
58.5	53.4	9.3	181.7	297.2	54.0	.0	.0	
   3    31    1986
57.9	48.6	12.4	287.5	349.8	53.0	.0	.0	
54.5	49.0	13.1	287.9	380.9	24.0	.0	.0	
55.9	51.2	9.1	217.5	383.4	23.0	.0	.0	
55.3	53.5	9.6	220.4	406.0	23.0	.0	.0	
54.6	52.9	11.2	249.6	338.7	54.0	.0	.0	
57.0	53.4	8.7	230.4	295.4	94.0	.0	.0	
60.2	57.9	14.2	186.7	126.0	98.0	56.0	.0	
57.7	51.0	20.1	246.7	324.5	72.0	67.0	.0	
52.2	47.8	15.8	158.3	177.4	78.0	73.0	.0	
55.2	50.2	18.8	239.2	252.2	73.0	180.0	.0	
54.6	48.6	11.7	225.8	288.6	72.0	52.0	.0	
54.1	46.4	8.8	238.3	309.4	71.0	.0	.0	
52.8	45.5	15.0	250.4	273.2	60.0	30.0	.0	
51.6	38.1	11.9	236.7	423.6	27.0	2.0	.0	
51.1	46.4	15.9	155.0	187.4	95.0	88.0	.0	
50.6	46.0	11.8	237.9	236.3	69.0	35.0	.0	
53.6	46.0	12.3	261.3	464.1	13.0	.0	.0	
58.1	40.4	5.1	137.1	458.8	22.0	.0	.0	
58.6	46.1	4.4	113.8	516.4	2.0	.0	.0	
57.1	49.0	7.6	210.4	452.2	49.0	.0	.0	
56.5	50.6	11.3	238.3	491.2	24.0	.0	.0	
56.0	48.1	10.3	248.8	496.3	51.0	.0	.0	
56.8	45.8	7.3	205.8	452.7	81.0	.0	.0	
56.7	44.3	15.4	275.8	447.9	74.0	1.0	.0	
55.5	43.4	9.5	241.3	527.4	8.0	.0	.0	
61.0	49.7	4.7	125.4	528.0	20.0	.0	.0	
62.7	53.1	7.6	188.8	483.2	60.0	.0	.0	
60.9	54.5	8.6	175.4	419.8	77.0	.0	.0	
60.7	52.3	12.0	215.8	467.1	68.0	.0	.0	
56.4	51.9	10.3	292.5	236.8	76.0	.0	.0	
57.3	53.0	10.9	200.0	480.6	64.0	.0	.0	
   4    30    1986
54.5	45.5	22.4	278.3	400.3	51.0	.0	.0	
53.4	40.6	14.0	283.8	562.4	2.0	.0	.0	
54.3	47.1	14.0	267.1	546.2	19.0	.0	.0	
53.4	46.1	14.5	255.0	491.6	55.0	.0	.0	
54.0	47.6	8.2	185.0	225.3	88.0	3.0	.0	
55.7	49.7	7.0	222.5	352.0	79.0	13.0	.0	
56.1	50.4	6.5	94.2	208.8	78.0	7.0	.0	
56.7	50.6	9.5	210.4	477.7	31.0	.0	.0	
56.0	50.7	11.6	250.8	543.5	18.0	.0	.0	
55.0	49.5	12.4	277.9	544.6	9.0	.0	.0	
54.3	47.5	9.1	193.3	572.6	27.0	.0	.0	
52.9	41.8	26.2	289.6	562.9	18.0	.0	.0	
53.8	39.3	10.6	247.5	547.1	40.0	.0	.0	
54.6	42.7	10.1	221.3	465.3	93.0	.0	.0	
52.7	44.8	12.6	249.6	287.8	73.0	11.0	.0	
52.8	46.0	11.3	230.8	212.6	85.0	5.0	.0	
54.0	37.7	14.2	275.0	586.7	19.0	.0	.0	
56.5	40.5	9.4	198.3	563.8	44.0	.0	.0	
60.7	45.7	8.3	220.4	610.1	20.0	.0	.0	
64.0	49.2	8.3	158.3	613.7	2.0	.0	.0	
56.8	49.9	14.4	280.8	639.2	16.0	.0	.0	
54.0	48.7	14.9	251.7	348.4	81.0	.0	.0	
52.7	44.5	15.3	253.3	525.9	45.0	.0	.0	
52.3	43.6	16.6	273.8	574.4	57.0	.0	.0	
53.8	44.7	18.1	258.3	519.5	68.0	.0	.0	
53.6	41.8	14.1	238.3	561.4	36.0	.0	.0	
56.0	47.9	15.2	292.9	600.7	27.0	.0	.0	
53.9	45.3	21.6	282.5	557.8	47.0	.0	.0	
53.2	40.2	16.5	259.2	646.1	3.0	.0	.0	
53.2	42.8	10.1	269.2	556.2	45.0	.0	.0	
   5    31    1986
56.5	47.5	8.9	215.0	282.6	92.0	.0	.0	
59.7	51.0	13.3	190.0	360.6	94.0	.0	.0	
57.1	48.7	12.2	234.6	410.9	63.0	13.0	.0	
56.9	47.8	13.2	253.8	554.7	36.0	2.0	.0	
54.0	45.4	17.1	281.3	405.7	65.0	.0	.0	
52.1	41.2	17.6	292.5	551.7	19.0	.0	.0	
53.5	45.0	16.6	289.2	660.5	3.0	.0	.0	
57.1	46.5	11.3	229.6	653.0	2.0	.0	.0	
59.7	45.9	14.5	222.1	611.9	42.0	.0	.0	
54.2	43.4	21.4	261.3	691.3	2.0	.0	.0	
53.8	42.6	11.9	229.6	705.1	2.0	.0	.0	
57.9	45.2	10.9	218.8	697.0	8.0	.0	.0	
57.2	47.5	17.2	289.2	574.3	49.0	.0	.0	
55.0	43.6	20.2	285.8	588.4	43.0	.0	.0	
55.4	43.4	20.3	285.4	643.6	30.0	.0	.0	
59.6	45.7	12.1	247.9	649.5	23.0	.0	.0	
60.0	48.4	13.1	260.0	598.5	40.0	.0	.0	
54.1	47.8	17.6	305.0	681.7	16.0	.0	.0	
54.3	49.4	15.9	270.4	511.9	75.0	.0	.0	
55.8	50.7	14.3	281.7	416.8	73.0	.0	.0	
54.8	42.9	20.3	287.5	708.8	6.0	.0	.0	
56.9	41.1	12.3	215.0	564.6	56.0	.0	.0	
55.3	44.8	14.2	281.7	476.8	71.0	.0	.0	
60.5	53.3	13.0	282.5	703.8	14.0	.0	.0	
61.3	54.3	14.1	281.7	695.6	30.0	.0	.0	
61.1	55.3	14.8	277.1	624.4	24.0	.0	.0	
55.6	50.9	17.2	280.4	409.4	85.0	.0	.0	
55.8	50.0	13.1	289.2	628.4	55.0	.0	.0	
60.0	51.6	9.1	241.3	681.4	35.0	.0	.0	
58.9	51.9	11.7	242.5	611.1	47.0	.0	.0	
58.5	52.1	13.6	261.7	486.1	85.0	.0	.0	
   6    30    1986
58.0	52.5	14.0	273.8	478.5	88.0	.0	.0	
59.0	52.6	13.2	267.5	314.3	98.0	.0	.0	
59.6	52.7	15.1	278.8	459.1	71.0	.0	.0	
60.4	54.8	13.5	281.3	466.0	85.0	.0	.0	
59.7	50.3	14.7	276.7	476.4	68.0	.0	.0	
58.9	47.8	16.5	278.8	528.4	63.0	.0	.0	
58.5	50.2	20.2	284.2	703.2	24.0	.0	.0	
60.8	49.3	13.3	232.9	715.6	2.0	.0	.0	
71.5	47.5	10.0	206.3	727.9	2.0	.0	.0	
65.4	54.4	9.4	192.1	696.2	3.0	.0	.0	
61.0	52.1	11.0	267.1	386.3	68.0	.0	.0	
59.9	52.2	13.6	291.7	690.3	12.0	.0	.0	
60.0	52.5	14.2	273.8	514.5	73.0	.0	.0	
61.3	52.6	13.3	268.8	499.9	78.0	.0	.0	
59.5	50.8	16.3	281.3	666.9	38.0	.0	.0	
62.2	54.3	12.8	283.8	581.8	46.0	.0	.0	
64.0	57.1	13.2	272.5	540.6	65.0	.0	.0	
60.8	49.5	18.8	291.3	682.1	3.0	.0	.0	
59.3	49.2	18.5	268.3	711.3	7.0	.0	.0	
58.9	49.1	14.7	280.8	700.0	6.0	.0	.0	
62.7	52.0	12.4	240.0	696.1	4.0	.0	.0	
62.6	52.5	12.1	271.3	727.3	3.0	.0	.0	
60.8	53.4	12.6	283.8	714.8	10.0	.0	.0	
60.9	54.4	10.3	248.8	701.3	30.0	.0	.0	
60.4	53.7	11.5	245.8	660.4	61.0	.0	.0	
61.7	52.9	9.5	227.9	546.4	91.0	.0	.0	
60.1	52.2	15.5	270.0	645.2	52.0	.0	.0	
59.5	52.2	18.5	277.1	597.0	48.0	.0	.0	
59.4	50.6	14.8	288.3	703.4	7.0	.0	.0	
61.4	51.7	12.6	272.1	712.3	2.0	.0	.0	
   7    31    1986
61.8	52.4	15.2	305.8	736.0	2.0	.0	.0	
60.7	53.2	14.4	297.9	725.7	2.0	.0	.0	
61.0	49.7	17.8	293.8	700.0	2.0	.0	.0	
60.6	50.1	18.9	291.3	697.8	2.0	.0	.0	
63.4	51.8	11.9	207.1	720.5	4.0	.0	.0	
62.4	52.3	15.2	242.5	638.3	10.0	.0	.0	
58.5	51.6	12.9	291.3	633.4	36.0	.0	.0	
59.4	51.2	13.4	280.8	709.6	17.0	.0	.0	
59.5	51.9	12.4	278.8	640.6	49.0	.0	.0	
62.7	53.7	13.4	245.8	667.3	32.0	.0	.0	
62.1	53.6	14.7	276.3	679.2	10.0	.0	.0	
61.0	52.2	11.5	310.4	700.8	5.0	.0	.0	
62.3	52.5	8.5	195.0	680.4	13.0	.0	.0	
58.9	52.6	12.5	285.8	666.1	24.0	.0	.0	
59.3	50.0	11.5	230.0	679.0	7.0	.0	.0	
58.4	49.0	17.8	268.8	706.8	5.0	.0	.0	
57.7	49.8	12.9	220.4	606.6	32.0	.0	.0	
58.2	50.0	14.2	277.5	646.5	44.0	.0	.0	
58.2	51.2	12.7	270.0	670.3	45.0	.0	.0	
60.4	52.5	13.3	296.7	713.7	8.0	.0	.0	
61.9	53.3	11.8	270.8	641.3	26.0	.0	.0	
64.4	55.8	13.9	217.5	549.2	69.0	.0	.0	
63.8	55.4	13.0	295.8	515.9	90.0	1.0	.0	
62.8	54.1	10.5	209.2	562.3	54.0	.0	.0	
61.8	53.6	10.6	222.1	572.5	48.0	.0	.0	
59.2	52.1	12.6	272.9	603.8	43.0	.0	.0	
57.7	50.9	13.4	269.6	610.1	50.0	.0	.0	
60.3	52.0	9.1	215.8	614.1	40.0	.0	.0	
59.8	52.1	12.6	258.3	629.4	28.0	.0	.0	
62.4	53.0	12.3	274.2	622.6	15.0	.0	.0	
60.2	52.8	16.7	308.8	662.0	18.0	.0	.0	
   8    31    1986
59.0	54.2	12.8	247.9	590.5	34.0	.0	.0	
58.7	53.6	14.3	313.3	628.3	35.0	.0	.0	
59.1	53.8	13.3	272.5	639.9	27.0	.0	.0	
58.0	53.2	14.8	310.8	656.1	13.0	.0	.0	
59.2	53.7	10.4	250.8	576.4	29.0	.0	.0	
60.5	53.1	9.7	253.3	617.7	39.0	.0	.0	
58.1	52.0	14.0	303.3	596.5	38.0	.0	.0	
57.1	53.1	12.8	284.6	559.0	69.0	.0	.0	
57.3	53.2	13.5	280.0	532.3	70.0	.0	.0	
58.5	53.5	12.1	287.5	568.8	46.0	.0	.0	
59.1	54.2	11.8	291.7	524.6	55.0	.0	.0	
58.5	54.2	10.9	245.0	576.4	59.0	.0	.0	
59.7	54.3	8.5	202.1	562.4	45.0	.0	.0	
60.9	53.8	7.5	203.3	586.6	39.0	.0	.0	
61.2	53.6	10.2	205.4	495.8	73.0	.0	.0	
61.7	54.1	11.4	261.7	479.6	82.0	.0	.0	
62.0	53.3	13.8	280.0	487.4	68.0	.0	.0	
62.3	53.4	17.3	295.0	582.9	2.0	.0	.0	
60.7	54.0	15.2	294.6	553.2	37.0	.0	.0	
57.7	53.7	14.0	298.3	454.7	65.0	.0	.0	
56.2	52.9	13.1	287.1	489.3	68.0	.0	.0	
56.3	52.5	12.2	282.9	403.5	85.0	.0	.0	
56.4	51.6	11.1	273.8	514.1	48.0	.0	.0	
59.7	51.8	9.0	260.8	554.8	58.0	.0	.0	
57.9	53.4	12.9	270.4	558.4	41.0	.0	.0	
58.9	53.5	14.4	301.3	443.6	58.0	.0	.0	
58.8	54.5	15.4	285.8	465.0	55.0	.0	.0	
60.8	54.9	14.3	277.1	477.2	69.0	.0	.0	
59.4	54.3	13.6	274.2	448.7	50.0	.0	.0	
59.1	53.9	11.3	278.8	588.1	20.0	.0	.0	
59.3	53.6	11.0	241.3	512.4	45.0	.0	.0	
   9    30    1986
60.0	54.5	9.7	210.0	556.5	18.0	.0	.0	
62.2	55.9	8.9	187.9	526.0	34.0	.0	.0	
62.2	55.4	11.4	272.9	501.1	42.0	.0	.0	
60.9	55.1	13.8	300.4	503.7	48.0	.0	.0	
59.5	54.6	13.3	281.7	492.7	45.0	.0	.0	
59.7	54.2	12.4	287.9	493.3	54.0	.0	.0	
61.3	53.7	11.4	248.8	500.4	64.0	.0	.0	
58.4	51.5	13.8	261.3	260.7	90.0	.0	.0	
59.6	50.5	10.9	215.8	540.0	2.0	.0	.0	
64.9	49.5	8.7	221.3	566.4	2.0	.0	.0	
61.8	52.8	7.4	180.4	532.6	33.0	.0	.0	
59.2	51.2	10.2	211.3	304.0	90.0	.0	.0	
60.4	52.0	15.6	271.3	427.4	70.0	.0	.0	
62.0	52.2	9.9	227.1	430.8	51.0	.0	.0	
62.6	52.4	6.9	186.3	433.3	51.0	.0	.0	
62.4	55.5	11.3	183.8	351.6	68.0	5.0	.0	
62.8	56.1	9.0	213.3	290.6	74.0	4.0	.0	
61.3	53.4	10.5	261.3	446.7	51.0	.0	.0	
60.0	51.4	9.7	255.8	449.1	33.0	.0	.0	
60.3	51.7	9.9	233.3	484.2	6.0	.0	.0	
58.9	51.2	10.7	257.1	505.5	16.0	.0	.0	
60.0	50.1	6.3	148.3	480.8	19.0	.0	.0	
60.2	53.0	11.1	230.0	302.6	90.0	6.0	.0	
61.0	55.2	14.0	234.2	333.1	73.0	18.0	.0	
60.0	51.8	8.8	218.8	356.3	47.0	.0	.0	
60.8	53.4	10.6	211.3	301.3	73.0	14.0	.0	
59.8	49.4	9.0	227.9	458.7	36.0	.0	.0	
59.9	49.5	7.8	217.9	467.7	5.0	.0	.0	
61.0	53.2	8.6	228.8	446.7	19.0	.0	.0	
60.5	55.0	16.8	252.9	437.9	40.0	.0	.0	
  10    31    1986
61.2	49.3	14.0	287.9	469.2	21.0	.0	.0	
66.0	42.5	12.4	299.6	472.2	2.0	.0	.0	
68.2	39.4	5.8	197.9	478.2	2.0	.0	.0	
67.2	42.5	6.5	215.4	430.0	2.0	.0	.0	
64.8	50.7	8.4	235.8	453.1	2.0	.0	.0	
59.9	53.9	10.7	242.1	451.1	2.0	.0	.0	
59.3	53.4	12.7	258.8	410.0	2.0	.0	.0	
56.7	52.9	12.5	259.6	413.0	21.0	.0	.0	
55.6	52.5	10.9	268.3	374.2	50.0	.0	.0	
57.5	52.1	9.1	226.7	299.6	70.0	.0	.0	
56.4	51.2	12.0	274.6	288.4	69.0	.0	.0	
57.6	50.0	8.1	193.8	417.6	35.0	.0	.0	
59.2	51.6	8.2	172.9	404.2	20.0	.0	.0	
60.2	52.1	8.2	187.9	422.8	2.0	.0	.0	
55.4	50.7	13.5	302.1	424.0	3.0	.0	.0	
58.6	49.6	9.7	218.3	273.0	79.0	.0	.0	
59.1	54.0	14.5	250.8	262.4	60.0	.0	.0	
58.2	50.8	10.3	236.7	376.3	8.0	.0	.0	
55.2	51.0	10.9	289.6	374.6	8.0	.0	.0	
55.4	51.0	9.8	257.9	302.7	63.0	.0	.0	
57.2	52.2	8.6	201.7	274.9	88.0	.0	.0	
55.3	52.4	11.5	255.8	299.9	43.0	.0	.0	
58.3	53.3	5.8	128.8	157.9	98.0	2.0	.0	
63.7	57.0	6.2	169.2	319.9	46.0	.0	.0	
62.3	57.1	7.1	157.5	332.7	44.0	.0	.0	
62.4	57.8	7.4	217.1	330.4	32.0	.0	.0	
60.2	56.5	12.5	271.7	306.6	44.0	.0	.0	
55.9	53.3	6.5	218.3	141.6	58.0	.0	.0	
59.5	54.1	8.8	187.5	226.7	86.0	.0	.0	
58.5	53.0	12.2	240.8	249.4	64.0	.0	.0	
59.6	47.5	9.2	229.6	318.2	4.0	.0	.0	
  11    30    1986
63.2	42.6	7.0	168.8	344.3	4.0	.0	.0	
63.6	37.2	7.0	193.3	317.7	2.0	.0	.0	
58.9	44.5	6.3	189.6	302.2	6.0	.0	.0	
59.1	47.8	6.9	198.3	329.1	2.0	.0	.0	
53.9	50.4	10.6	255.0	333.7	2.0	.0	.0	
60.3	39.1	13.5	295.4	308.4	2.0	.0	.0	
55.9	46.4	19.5	295.8	268.4	56.0	.0	.0	
54.8	44.8	11.1	240.4	320.9	2.0	.0	.0	
54.5	48.3	8.7	215.8	287.9	23.0	.0	.0	
57.9	46.4	6.6	209.2	281.7	5.0	.0	.0	
59.9	42.2	4.2	151.3	296.3	3.0	.0	.0	
59.4	44.8	4.4	157.9	276.8	23.0	.0	.0	
52.6	47.8	12.4	285.4	255.4	47.0	.0	.0	
56.9	48.9	7.5	164.6	115.4	94.0	.0	.0	
57.0	47.9	5.8	185.4	251.9	38.0	.0	.0	
56.5	48.5	5.0	139.6	237.2	35.0	.0	.0	
59.6	49.1	5.1	163.3	212.0	67.0	.0	.0	
58.0	52.8	10.4	227.9	245.7	64.0	.0	.0	
56.5	52.3	9.0	230.8	254.2	38.0	2.0	.0	
55.5	51.7	8.1	201.3	236.3	52.0	2.0	.0	
55.9	49.5	16.1	294.6	264.3	6.0	.0	.0	
56.3	50.0	15.1	292.1	190.5	50.0	.0	.0	
54.7	48.1	8.2	208.3	218.2	51.0	.0	.0	
53.3	48.6	10.7	263.8	170.4	30.0	.0	.0	
54.0	39.7	6.6	241.3	252.0	9.0	.0	.0	
50.8	44.6	4.8	167.9	150.6	41.0	.0	.0	
50.6	44.1	4.7	140.0	209.2	65.0	.0	.0	
50.5	47.7	8.2	196.3	147.7	79.0	2.0	.0	
50.9	43.1	8.7	276.7	259.1	8.0	.0	.0	
51.3	39.4	8.0	84.2	253.0	2.0	.0	.0	
  12    31    1986
51.2	40.7	4.3	120.8	228.9	18.0	.0	.0	
51.0	41.5	4.6	136.7	225.4	22.0	.0	.0	
52.8	43.0	4.0	129.6	217.1	76.0	.0	.0	
54.8	49.7	8.9	150.0	120.9	97.0	24.0	.0	
54.2	51.8	7.6	192.5	209.3	41.0	5.0	.0	
53.1	50.6	5.8	171.7	206.8	36.0	.0	.0	
54.0	40.7	8.1	242.9	223.5	2.0	.0	.0	
49.8	45.1	6.1	184.6	252.4	2.0	.0	.0	
50.5	42.8	6.5	153.3	230.9	2.0	.0	.0	
49.7	43.9	4.8	174.2	215.6	4.0	.0	.0	
47.3	45.5	7.0	122.9	113.0	83.0	.0	.0	
45.5	43.1	6.3	75.4	134.6	88.0	.0	.0	
48.3	46.1	5.9	142.9	86.2	98.0	2.0	.0	
47.4	45.7	8.6	103.3	104.2	98.0	.0	.0	
48.5	47.1	9.1	100.4	77.0	98.0	29.0	.0	
52.3	45.7	4.9	130.4	226.5	16.0	.0	.0	
52.1	45.7	3.1	83.8	222.6	42.0	.0	.0	
52.3	48.2	5.8	142.1	172.0	65.0	34.0	.0	
49.7	46.7	6.4	172.5	104.9	68.0	43.0	.0	
49.8	44.9	6.3	195.4	215.2	18.0	.0	.0	
47.8	44.4	5.3	85.8	210.1	85.0	.0	.0	
48.6	46.7	7.7	195.0	65.1	90.0	16.0	.0	
50.0	45.6	6.2	182.9	205.9	48.0	.0	.0	
50.3	44.9	8.0	158.8	165.4	80.0	.0	.0	
48.0	43.0	5.2	167.5	164.4	72.0	.0	.0	
48.3	43.0	6.2	100.0	83.2	79.0	1.0	.0	
47.2	42.6	5.6	102.5	181.0	43.0	.0	.0	
44.7	40.1	8.1	103.8	166.6	78.0	.0	.0	
48.6	43.5	7.7	109.6	190.1	53.0	.0	.0	
47.8	43.1	8.4	98.8	156.7	74.0	.0	.0	
48.4	46.5	5.3	102.5	62.6	98.0	12.0	.0	
