   1    31    1977
41.1	26.0	8.6	327.1	281.1	28.0	.0	.0	
41.1	31.3	7.6	180.8	124.6	75.0	28.0	.0	
50.1	49.4	11.9	196.3	107.8	98.0	114.0	.0	
45.2	43.1	5.2	237.5	158.4	98.0	.0	.0	
53.1	49.9	6.9	215.4	218.0	73.0	.0	.0	
53.8	47.6	4.4	123.8	284.0	51.0	.0	.0	
54.1	45.9	13.7	285.8	285.3	65.0	20.0	.0	
42.6	35.0	4.2	261.7	174.2	73.0	.0	.0	
53.5	48.5	5.5	100.0	154.8	95.0	.0	.0	
53.2	41.8	16.1	276.7	301.7	46.0	34.0	.0	
33.4	16.3	8.9	188.3	321.3	30.0	.0	.0	
39.8	21.5	5.5	210.8	274.0	75.0	.0	.0	
48.2	39.1	8.0	91.7	216.4	90.0	.0	.0	
59.0	55.1	8.7	172.9	120.1	98.0	58.0	.0	
55.7	51.4	8.4	290.8	163.7	89.0	.0	.0	
45.6	31.8	10.4	301.3	364.0	14.0	.0	.0	
27.6	8.3	8.7	327.5	268.2	31.0	.0	.0	
28.8	16.4	8.7	288.8	209.2	74.0	.0	.0	
25.6	9.8	15.0	307.5	364.0	20.0	.0	.0	
33.4	16.8	11.2	263.8	348.0	29.0	.0	.0	
36.3	19.6	9.1	285.4	358.8	8.0	.0	.0	
38.3	21.2	7.5	242.9	368.6	20.0	.0	.0	
39.3	30.1	5.1	92.1	162.2	80.0	.0	.0	
46.9	42.7	6.4	170.8	127.4	88.0	3.0	.0	
46.7	36.0	12.1	295.8	294.4	44.0	2.0	.0	
41.9	24.4	6.3	254.2	249.0	50.0	.0	.0	
47.2	39.2	7.1	191.3	119.3	87.0	12.0	.0	
57.9	51.9	9.6	210.8	232.4	67.0	6.0	.0	
40.4	17.7	11.5	316.7	385.6	24.0	.0	.0	
37.5	15.4	5.8	320.4	213.0	80.0	.0	.0	
36.5	29.4	5.9	280.8	143.7	72.0	19.0	.0	
   2    28    1977
38.3	18.8	7.8	292.9	333.9	49.0	.0	.0	
44.3	28.8	7.4	118.3	341.6	58.0	.0	.0	
48.6	47.3	5.1	107.9	111.0	94.0	223.0	.0	
54.2	51.6	6.8	236.7	201.5	81.0	1.0	.0	
51.1	39.1	12.4	285.4	388.2	29.0	.0	.0	
39.1	27.2	7.1	182.5	427.3	5.0	.0	.0	
39.8	26.7	5.4	144.2	373.5	46.0	.0	.0	
42.6	32.1	9.7	91.3	374.5	49.0	.0	.0	
43.3	28.7	9.1	123.8	170.8	83.0	.0	.0	
43.4	26.0	6.7	162.9	426.5	2.0	.0	.0	
47.2	35.4	4.4	129.6	418.7	13.0	.0	.0	
55.3	45.7	5.1	110.0	288.6	90.0	.0	.0	
58.6	52.1	8.2	251.7	210.4	84.0	.0	.0	
47.9	35.9	3.2	140.8	205.0	70.0	.0	.0	
52.2	39.4	6.0	205.0	408.8	30.0	.0	.0	
43.9	24.6	10.1	313.8	365.2	43.0	.0	.0	
37.8	20.4	6.7	235.8	467.6	3.0	.0	.0	
50.1	39.3	10.4	170.8	388.9	24.0	.0	.0	
60.6	51.3	12.6	219.2	369.7	42.0	.0	.0	
51.2	32.9	13.4	284.6	464.8	34.0	5.0	.0	
42.5	24.5	6.9	241.3	488.1	2.0	.0	.0	
46.8	31.9	5.3	95.8	471.1	2.0	.0	.0	
57.8	47.4	9.4	127.1	345.6	45.0	.0	.0	
64.2	49.0	11.3	231.3	367.7	50.0	88.0	.0	
61.0	39.8	7.3	232.1	477.3	2.0	.0	.0	
61.3	49.9	8.9	165.4	490.6	2.0	.0	.0	
63.8	60.1	11.1	212.1	224.8	77.0	7.0	.0	
50.8	33.8	10.8	315.0	515.6	27.0	.0	.0	
   3    31    1977
47.7	27.9	6.9	241.7	509.6	2.0	.0	.0	
49.5	39.3	6.3	112.9	499.4	16.0	.0	.0	
59.5	51.5	9.7	92.5	383.6	65.0	.0	.0	
71.6	63.5	12.4	200.0	233.3	95.0	63.0	.0	
65.1	63.2	7.2	142.9	158.2	98.0	14.0	.0	
67.0	61.2	6.4	107.5	326.9	73.0	.0	.0	
60.6	53.6	10.1	247.9	268.9	68.0	3.0	.0	
52.3	36.3	8.3	146.3	523.2	5.0	.0	.0	
55.2	43.6	7.0	50.4	421.0	56.0	.0	.0	
60.1	55.8	5.5	89.2	171.9	90.0	8.0	.0	
67.0	62.9	7.5	76.3	231.7	95.0	.0	.0	
72.1	65.9	12.0	133.8	319.7	93.0	.0	.0	
70.7	63.5	9.5	210.8	335.4	61.0	8.0	.0	
64.8	45.5	4.4	169.2	561.2	2.0	.0	.0	
66.2	46.7	5.1	177.5	546.5	2.0	.0	.0	
73.9	61.4	7.4	270.8	488.5	43.0	.0	.0	
64.1	52.3	6.1	120.4	500.5	36.0	.0	.0	
72.6	61.9	15.2	229.6	420.1	83.0	.0	.0	
76.4	63.9	11.1	231.7	464.5	34.0	.0	.0	
72.5	64.6	11.0	213.3	260.3	84.0	.0	.0	
74.1	61.6	8.5	156.7	354.5	88.0	.0	.0	
67.3	51.0	12.9	288.3	365.2	80.0	7.0	.0	
52.5	36.2	6.8	190.0	484.2	41.0	.0	.0	
56.3	36.3	4.5	202.1	364.4	66.0	.0	.0	
59.8	45.1	5.6	40.0	474.8	47.0	.0	.0	
60.2	46.9	5.6	130.4	501.7	53.0	.0	.0	
64.9	52.1	8.1	112.1	335.9	79.0	.0	.0	
68.5	56.7	11.4	157.9	412.0	84.0	.0	.0	
73.1	59.7	10.8	179.2	479.7	69.0	.0	.0	
73.8	62.0	8.5	185.4	420.4	79.0	.0	.0	
71.6	64.3	6.2	238.8	271.0	94.0	.0	.0	
   4    30    1977
71.0	63.2	5.7	130.0	441.2	67.0	.0	.0	
74.8	63.8	5.9	135.8	507.7	60.0	.0	.0	
76.5	65.5	7.3	195.0	521.2	35.0	.0	.0	
77.7	64.8	11.6	202.1	542.3	18.0	.0	.0	
67.3	54.2	15.7	260.4	400.8	68.0	18.0	.0	
56.3	35.4	7.0	252.9	616.5	18.0	.0	.0	
57.7	39.7	5.4	114.6	633.2	2.0	.0	.0	
68.1	48.4	7.2	267.9	599.8	13.0	.0	.0	
60.4	50.6	9.3	105.0	570.9	10.0	.0	.0	
59.4	47.7	7.4	91.7	636.5	2.0	.0	.0	
64.0	53.8	7.0	56.3	600.0	6.0	.0	.0	
65.0	55.9	7.2	61.7	541.8	24.0	.0	.0	
64.2	54.0	7.0	75.8	639.0	8.0	.0	.0	
64.7	56.1	5.8	120.8	584.4	26.0	.0	.0	
65.6	54.5	4.8	69.6	645.7	34.0	.0	.0	
66.9	52.5	3.8	131.3	630.5	30.0	.0	.0	
70.7	53.5	4.7	157.1	599.1	19.0	.0	.0	
69.5	59.0	4.8	106.3	381.7	94.0	.0	.0	
69.2	56.4	5.7	82.9	563.3	34.0	.0	.0	
69.0	57.8	8.8	77.9	481.6	62.0	.0	.0	
73.4	63.4	10.6	123.3	453.4	87.0	51.0	.0	
72.4	62.8	10.5	111.7	445.8	69.0	.0	.0	
72.3	66.4	8.1	176.7	202.7	95.0	90.0	.0	
71.6	62.5	8.0	247.9	403.1	84.0	17.0	.0	
68.4	53.3	8.7	288.3	575.2	59.0	.0	.0	
61.5	42.4	8.8	291.3	676.1	3.0	.0	.0	
60.3	41.5	4.8	189.2	682.6	2.0	.0	.0	
65.5	45.7	6.1	188.8	656.0	2.0	.0	.0	
69.4	50.2	6.5	219.6	657.6	7.0	.0	.0	
69.7	56.6	6.3	144.6	654.3	3.0	.0	.0	
   5    31    1977
70.5	61.4	5.3	90.4	605.9	32.0	.0	.0	
70.4	62.1	5.3	83.8	594.7	27.0	.0	.0	
71.5	63.2	6.0	78.8	476.4	53.0	3.0	.0	
72.0	62.8	6.5	100.8	530.9	64.0	.0	.0	
73.7	63.3	5.4	99.2	495.4	61.0	.0	.0	
75.0	63.7	4.8	88.3	429.6	73.0	.0	.0	
79.3	64.0	6.5	226.3	620.5	18.0	.0	.0	
78.6	66.4	8.0	245.0	520.8	65.0	32.0	.0	
71.8	64.2	8.2	205.0	416.1	83.0	48.0	.0	
69.2	56.8	9.4	69.2	452.5	72.0	.0	.0	
68.7	53.0	9.4	59.2	575.1	57.0	.0	.0	
65.5	52.8	6.8	51.3	554.1	48.0	.0	.0	
67.4	50.3	4.9	125.8	640.0	14.0	.0	.0	
74.0	53.2	5.9	210.0	601.9	45.0	.0	.0	
75.2	59.2	6.2	175.0	658.4	16.0	.0	.0	
72.7	58.9	6.6	112.5	696.1	5.0	.0	.0	
71.8	62.7	5.7	80.4	637.7	40.0	.0	.0	
69.3	58.9	4.5	90.0	636.6	24.0	.0	.0	
70.7	56.5	5.1	155.0	684.0	7.0	.0	.0	
74.2	59.5	6.5	163.3	528.3	60.0	.0	.0	
73.2	62.7	5.8	92.1	615.7	18.0	.0	.0	
73.0	65.5	7.8	85.0	411.2	69.0	.0	.0	
71.0	67.0	10.0	110.8	252.7	84.0	44.0	.0	
75.3	68.9	7.2	224.6	496.2	83.0	5.0	.0	
76.8	69.2	5.4	136.3	557.4	78.0	71.0	.0	
71.1	65.8	3.7	182.1	400.0	74.0	33.0	.0	
72.2	65.2	4.4	129.2	522.9	75.0	.0	.0	
71.9	65.9	3.8	97.1	441.5	67.0	9.0	.0	
74.5	67.3	4.5	154.2	514.9	80.0	62.0	.0	
75.5	67.6	4.5	47.9	632.2	28.0	.0	.0	
75.3	68.5	5.1	116.3	533.5	50.0	.0	.0	
   6    30    1977
76.5	68.5	5.4	146.3	595.0	51.0	31.0	.0	
76.2	68.6	4.2	182.5	446.6	73.0	58.0	.0	
77.6	67.3	7.9	140.0	689.4	13.0	.0	.0	
77.6	71.3	7.6	92.9	581.8	65.0	.0	.0	
78.5	66.3	4.8	118.3	613.4	36.0	.0	.0	
82.3	68.4	11.7	241.7	573.5	44.0	.0	.0	
74.0	66.2	9.0	184.2	375.0	83.0	25.0	.0	
73.6	62.4	5.7	75.0	649.1	27.0	.0	.0	
79.3	60.2	10.0	239.6	722.0	3.0	.0	.0	
74.4	64.4	6.9	145.4	695.5	2.0	.0	.0	
78.1	66.9	5.1	109.6	713.5	6.0	.0	.0	
81.9	68.9	5.5	238.3	556.4	47.0	.0	.0	
82.6	70.0	8.2	208.3	540.0	80.0	5.0	.0	
83.4	70.2	5.9	172.5	630.8	48.0	.0	.0	
79.8	69.3	6.1	113.8	576.0	63.0	.0	.0	
79.3	69.3	5.3	151.7	438.2	85.0	9.0	.0	
78.0	70.9	5.7	173.8	526.6	82.0	.0	.0	
80.1	71.3	6.2	185.4	579.3	66.0	13.0	.0	
83.3	69.5	8.3	237.9	571.7	58.0	.0	.0	
82.8	69.3	9.0	256.3	593.2	69.0	.0	.0	
79.6	70.7	9.3	235.4	494.0	70.0	28.0	.0	
80.0	71.1	7.1	226.3	558.0	74.0	.0	.0	
80.9	70.8	5.9	222.5	496.2	82.0	.0	.0	
81.2	70.5	5.8	237.9	612.0	69.0	3.0	.0	
84.0	71.6	7.6	233.8	583.3	40.0	.0	.0	
85.9	71.9	10.7	245.8	629.9	32.0	.0	.0	
86.2	72.3	8.7	259.6	664.5	39.0	.0	.0	
85.5	68.2	7.0	266.7	700.2	2.0	.0	.0	
84.3	67.5	8.6	238.8	659.0	36.0	.0	.0	
82.0	70.3	8.3	221.7	582.3	64.0	93.0	.0	
   7    31    1977
80.4	70.1	7.5	229.2	546.3	67.0	.0	.0	
77.7	69.4	5.0	207.9	417.8	88.0	11.0	.0	
78.2	70.8	4.3	189.6	534.4	74.0	.0	.0	
79.7	70.7	4.5	130.8	569.4	59.0	5.0	.0	
80.2	69.2	4.9	133.3	624.4	27.0	.0	.0	
83.0	68.9	5.3	175.0	611.4	40.0	.0	.0	
83.5	70.1	4.9	188.3	565.8	36.0	.0	.0	
83.7	70.7	6.9	220.8	650.0	10.0	.0	.0	
82.4	71.1	6.6	209.2	651.7	22.0	.0	.0	
81.8	69.4	6.0	205.0	597.1	33.0	.0	.0	
82.3	69.0	6.1	189.6	648.5	30.0	.0	.0	
81.9	68.8	5.6	109.6	622.6	14.0	.0	.0	
82.1	71.4	6.5	83.3	628.9	13.0	.0	.0	
81.8	71.8	8.0	87.9	626.8	23.0	.0	.0	
82.2	72.2	6.8	80.0	529.6	53.0	.0	.0	
81.3	71.8	6.6	97.9	584.6	59.0	3.0	.0	
78.3	71.3	4.8	79.6	356.7	77.0	11.0	.0	
80.4	71.9	7.4	99.2	483.7	66.0	.0	.0	
81.8	72.0	7.2	132.1	592.4	35.0	.0	.0	
81.8	70.9	6.4	146.7	573.2	32.0	.0	.0	
83.8	70.4	4.7	185.8	472.9	54.0	.0	.0	
85.7	71.2	9.6	258.8	548.3	68.0	4.0	.0	
79.4	72.2	7.2	132.5	319.7	75.0	32.0	.0	
79.6	66.9	8.6	117.9	588.3	21.0	.0	.0	
78.9	68.4	6.6	106.3	534.5	28.0	.0	.0	
83.1	72.4	5.6	180.8	460.0	76.0	.0	.0	
80.7	71.6	6.2	165.0	394.5	85.0	20.0	.0	
81.2	72.8	5.8	178.3	406.3	95.0	.0	.0	
82.0	71.9	5.8	203.3	530.8	73.0	.0	.0	
80.3	71.9	6.3	211.7	467.5	60.0	65.0	.0	
80.0	73.6	5.9	210.8	330.5	80.0	46.0	.0	
   8    31    1977
78.3	73.1	6.4	199.6	254.9	81.0	86.0	.0	
81.4	72.6	6.3	135.0	544.0	76.0	66.0	.0	
81.8	73.5	7.5	142.1	516.1	80.0	17.0	.0	
81.8	74.9	7.3	130.4	413.2	88.0	3.0	.0	
83.1	74.1	7.6	95.0	505.2	56.0	.0	.0	
82.2	72.9	7.4	72.5	603.1	20.0	.0	.0	
82.4	73.5	6.5	119.2	588.2	17.0	.0	.0	
82.0	72.8	5.4	101.3	526.3	21.0	.0	.0	
81.7	73.5	5.7	142.5	469.6	48.0	.0	.0	
81.8	72.3	5.9	157.9	562.4	26.0	.0	.0	
81.2	71.9	7.6	116.7	571.3	30.0	.0	.0	
79.9	71.3	6.3	85.4	425.2	49.0	.0	.0	
78.1	71.9	6.0	102.1	370.9	80.0	126.0	.0	
80.1	72.8	7.7	151.7	317.7	79.0	2.0	.0	
80.4	72.2	5.0	117.1	467.0	75.0	.0	.0	
81.8	71.7	6.2	140.4	575.7	45.0	.0	.0	
81.2	71.2	5.4	135.8	575.8	27.0	.0	.0	
83.3	71.9	7.7	222.9	533.2	43.0	.0	.0	
79.1	73.0	6.9	222.1	260.6	95.0	25.0	.0	
77.4	73.5	7.0	225.0	195.1	98.0	135.0	.0	
77.6	73.6	6.7	226.7	235.1	98.0	217.0	.0	
79.3	71.6	5.8	185.4	457.8	69.0	.0	.0	
79.6	71.3	4.8	87.1	548.6	41.0	.0	.0	
79.9	73.4	6.6	189.2	251.3	85.0	2.0	.0	
78.2	72.5	4.5	172.1	301.4	93.0	.0	.0	
80.0	73.1	6.3	68.3	526.5	55.0	.0	.0	
80.6	74.7	10.8	78.8	268.8	68.0	.0	.0	
82.4	74.9	11.7	93.3	407.5	44.0	.0	.0	
79.5	73.9	7.0	70.4	464.6	59.0	16.0	.0	
79.8	73.5	8.8	80.0	451.7	42.0	6.0	.0	
79.0	73.0	9.2	86.7	446.5	38.0	25.0	.0	
   9    30    1977
78.5	71.5	9.6	66.7	449.2	56.0	146.0	.0	
76.0	72.4	7.2	107.1	168.7	98.0	143.0	.0	
76.8	72.9	8.2	136.7	227.3	98.0	32.0	.0	
78.8	72.9	6.3	153.8	438.7	88.0	76.0	.0	
78.2	73.1	4.4	167.5	422.2	76.0	27.0	.0	
78.8	72.2	4.2	140.8	462.5	60.0	.0	.0	
82.5	71.4	6.7	187.5	508.4	40.0	.0	.0	
81.5	73.6	9.2	217.1	377.8	41.0	15.0	.0	
82.4	73.5	7.6	270.4	501.1	43.0	.0	.0	
82.2	73.1	3.7	216.7	534.1	28.0	.0	.0	
82.0	73.0	5.6	291.3	536.9	10.0	.0	.0	
78.2	72.8	5.1	95.4	385.5	63.0	.0	.0	
78.8	72.9	4.8	91.7	468.9	51.0	.0	.0	
79.8	72.9	3.8	112.5	459.3	50.0	.0	.0	
79.2	73.9	6.0	112.5	452.9	51.0	.0	.0	
80.0	73.8	6.3	128.8	433.6	63.0	.0	.0	
76.2	73.7	4.0	165.8	228.7	69.0	62.0	.0	
76.7	71.9	4.2	136.7	348.5	84.0	59.0	.0	
76.4	72.6	4.8	127.9	300.7	86.0	44.0	.0	
77.1	71.6	5.0	179.6	375.5	70.0	75.0	.0	
79.2	72.3	5.4	187.5	367.6	59.0	31.0	.0	
78.9	72.7	4.0	178.8	438.2	43.0	.0	.0	
75.3	71.3	7.2	198.3	368.8	45.0	.0	.0	
75.2	70.2	3.6	117.1	414.3	56.0	.0	.0	
77.3	71.8	3.9	106.3	396.1	59.0	.0	.0	
79.7	72.2	4.7	155.4	433.9	59.0	.0	.0	
79.6	70.7	5.7	236.7	476.0	30.0	.0	.0	
78.6	68.1	7.5	279.6	480.6	17.0	.0	.0	
75.4	67.1	4.9	117.5	466.5	71.0	.0	.0	
72.8	69.4	4.8	167.9	236.8	88.0	35.0	.0	
  10    31    1977
76.7	68.8	3.9	147.5	423.7	66.0	.0	.0	
80.7	73.0	8.9	237.9	429.3	69.0	.0	.0	
69.0	59.0	10.2	182.5	383.6	44.0	.0	.0	
63.0	50.3	8.6	85.8	481.0	9.0	.0	.0	
63.7	54.4	4.8	72.9	432.6	21.0	.0	.0	
68.4	60.1	4.7	95.8	372.4	64.0	.0	.0	
67.3	58.9	4.8	54.2	373.2	36.0	.0	.0	
71.4	63.0	4.9	105.0	413.6	54.0	.0	.0	
75.1	69.7	8.1	216.7	208.2	87.0	13.0	.0	
68.4	61.5	6.1	166.7	347.9	27.0	.0	.0	
72.4	66.9	4.2	119.2	423.7	38.0	.0	.0	
67.1	64.4	5.8	240.4	165.6	92.0	25.0	.0	
55.1	46.1	9.5	282.9	207.8	67.0	.0	.0	
51.5	43.2	4.2	190.0	465.1	4.0	.0	.0	
56.0	43.3	4.5	207.9	490.9	2.0	.0	.0	
57.4	43.6	9.8	278.8	480.7	3.0	.0	.0	
51.3	36.5	7.2	287.9	446.1	2.0	.0	.0	
55.4	40.2	4.0	166.7	449.8	22.0	.0	.0	
61.1	49.4	6.1	220.4	454.6	4.0	.0	.0	
58.9	49.3	5.6	125.4	377.2	48.0	.0	.0	
63.1	54.9	5.7	67.5	341.5	73.0	.0	.0	
65.9	60.3	8.4	90.0	261.9	90.0	.0	.0	
69.3	63.3	9.0	43.3	177.5	80.0	.0	.0	
70.6	66.6	9.1	61.7	162.5	94.0	1.0	.0	
74.1	70.9	7.6	106.7	152.6	97.0	90.0	.0	
73.5	66.5	8.0	265.4	298.6	60.0	.0	.0	
65.3	57.0	6.7	256.3	361.5	25.0	.0	.0	
65.7	58.6	4.1	142.1	330.8	44.0	39.0	.0	
65.7	60.6	3.9	171.3	174.5	67.0	.0	.0	
65.8	59.3	9.9	79.2	305.4	59.0	.0	.0	
63.2	54.0	8.6	88.3	326.7	59.0	.0	.0	
  11    30    1977
63.4	59.1	11.3	136.7	167.1	98.0	1.0	.0	
69.3	65.5	9.4	48.3	224.1	98.0	.0	.0	
69.7	67.2	4.2	82.1	173.0	98.0	.0	.0	
73.1	69.1	8.2	117.5	233.6	98.0	140.0	.0	
70.5	66.3	4.6	145.0	229.7	75.0	10.0	.0	
68.7	61.1	6.2	176.3	360.0	17.0	.0	.0	
66.3	58.7	4.7	184.2	355.8	17.0	.0	.0	
65.8	59.2	3.2	127.5	354.7	15.0	.0	.0	
66.3	60.4	3.8	134.6	340.3	62.0	.0	.0	
62.4	51.7	9.6	250.0	244.4	56.0	.0	.0	
46.6	29.8	7.4	300.8	319.2	54.0	.0	.0	
47.3	28.5	8.2	315.0	399.6	2.0	.0	.0	
44.5	32.4	7.7	122.1	380.7	7.0	.0	.0	
49.1	40.8	4.3	105.0	357.1	7.0	.0	.0	
54.9	48.5	2.9	71.3	280.0	51.0	.0	.0	
61.4	56.8	2.5	85.4	158.0	90.0	.0	.0	
65.9	60.9	4.7	158.3	310.6	71.0	.0	.0	
60.0	46.2	6.3	141.7	310.9	70.0	.0	.0	
58.6	52.9	5.9	131.3	203.9	78.0	.0	.0	
64.7	57.9	6.0	86.3	240.7	56.0	.0	.0	
66.5	60.7	4.6	67.9	210.6	69.0	.0	.0	
68.6	63.0	4.3	67.5	267.2	70.0	.0	.0	
66.4	65.1	3.9	112.9	135.4	96.0	41.0	.0	
66.2	63.9	4.2	98.8	165.4	97.0	3.0	.0	
66.2	61.9	6.4	198.8	191.8	61.0	1.0	.0	
47.9	30.6	11.0	243.3	344.1	2.0	.0	.0	
49.9	40.5	5.8	140.4	346.8	2.0	.0	.0	
60.6	53.3	4.6	106.3	289.0	28.0	.0	.0	
69.2	63.9	7.0	80.8	143.1	98.0	1.0	.0	
73.5	70.5	6.9	166.3	205.0	90.0	114.0	.0	
  12    31    1977
67.6	64.7	8.0	232.5	106.0	98.0	38.0	.0	
57.5	54.0	5.4	254.6	167.1	95.0	23.0	.0	
55.5	46.9	3.8	187.9	323.1	7.0	.0	.0	
58.5	49.5	4.1	122.5	296.2	45.0	.0	.0	
68.4	65.1	9.9	186.3	111.3	98.0	118.0	.0	
58.2	41.1	15.9	300.4	343.4	16.0	.0	.0	
38.5	21.6	7.8	206.7	327.2	2.0	.0	.0	
47.2	39.2	5.8	113.3	318.1	2.0	.0	.0	
58.4	49.8	8.9	210.0	248.5	54.0	.0	.0	
39.5	20.7	10.3	151.3	307.6	12.0	.0	.0	
43.6	31.4	10.3	90.0	291.0	30.0	.0	.0	
53.8	49.0	8.8	86.3	159.1	73.0	.0	.0	
61.3	57.9	5.5	99.6	149.9	93.0	.0	.0	
69.4	65.6	8.7	172.1	162.3	95.0	39.0	.0	
63.4	60.8	3.6	168.8	145.1	97.0	2.0	.0	
61.6	60.0	5.5	91.3	99.3	98.0	.0	.0	
63.7	61.0	4.5	147.1	172.4	98.0	39.0	.0	
59.2	48.2	11.7	251.7	312.9	34.0	5.0	.0	
53.0	37.6	5.5	222.1	318.6	2.0	.0	.0	
59.5	48.3	8.1	185.8	282.5	25.0	.0	.0	
47.7	36.8	11.0	279.6	132.6	78.0	3.0	.0	
38.2	27.3	7.5	234.6	329.6	2.0	.0	.0	
41.4	31.5	3.2	129.6	207.3	66.0	.0	.0	
51.9	43.6	3.6	143.8	148.3	98.0	.0	.0	
58.4	53.0	9.3	245.0	104.3	98.0	53.0	.0	
40.1	22.0	9.2	322.1	308.4	9.0	.0	.0	
35.8	22.6	4.7	219.6	293.8	38.0	.0	.0	
39.2	22.9	6.8	296.3	285.5	22.0	.0	.0	
43.2	31.1	5.2	92.5	297.7	38.0	3.0	.0	
56.8	53.6	6.9	169.6	129.9	98.0	11.0	.0	
60.6	57.9	6.4	237.9	148.5	98.0	4.0	.0	
