1 31 1991
52.0	48.3	5.9	242.6	93.3	100.0	.0	.0	
57.1	54.3	6.4	103.8	104.2	99.2	.0	.0	
53.5	51.8	9.7	137.4	94.0	98.3	.0	.0	
52.4	48.9	9.8	191.8	94.3	100.0	.0	.0	
58.2	55.9	6.6	73.0	94.7	96.7	.0	.0	
63.7	61.4	8.5	91.0	133.4	95.8	.0	.0	
65.8	63.0	7.0	176.2	151.5	91.7	.0	.0	
59.7	55.7	7.4	247.8	125.9	91.2	.0	.0	
59.1	54.9	7.3	81.4	225.1	59.6	.0	.0	
59.4	58.2	11.4	107.4	97.1	96.2	.0	.0	
63.1	62.1	6.3	146.2	109.4	96.2	.0	.0	
48.6	40.0	13.4	313.4	118.1	90.0	.0	.0	
41.2	32.3	9.8	280.2	193.4	57.1	.0	.0	
46.1	39.0	5.5	75.4	123.3	69.6	.0	.0	
57.6	54.3	8.9	118.2	111.2	77.5	.0	.0	
55.2	48.8	8.8	287.8	243.9	34.2	.0	.0	
50.0	39.4	6.6	226.6	259.1	21.7	.0	.0	
52.2	40.4	7.8	65.8	102.6	84.6	.0	.0	
53.5	52.2	10.3	143.0	103.0	100.0	.0	.0	
52.0	45.1	7.8	273.8	178.1	60.0	.0	.0	
45.7	32.4	12.6	318.2	137.8	74.2	.0	.0	
39.4	23.1	6.9	224.2	273.4	31.2	.0	.0	
47.3	30.8	6.7	91.8	106.2	99.2	.0	.0	
48.3	46.5	11.5	133.8	107.1	100.0	.0	.0	
46.8	40.0	7.2	64.2	259.9	46.7	.0	.0	
47.7	37.3	5.4	58.2	237.5	35.0	.0	.0	
53.3	48.3	10.6	85.4	154.6	78.3	.0	.0	
61.5	58.6	4.8	99.4	110.7	99.2	.0	.0	
59.7	58.8	9.5	83.4	111.7	95.0	.0	.0	
65.1	63.7	8.2	198.6	112.7	100.0	.0	.0	
50.0	36.9	13.7	227.4	161.3	79.2	.0	.0	
2 28 1991
49.4	25.9	9.3	49.0	327.8	1.2	.0	.0	
57.0	33.9	6.8	57.0	328.7	20.0	.0	.0	
62.8	55.3	6.3	58.6	173.1	81.2	.0	.0	
64.5	57.2	11.3	101.0	212.0	63.3	.0	.0	
63.9	60.6	12.6	111.8	130.9	87.9	.0	.0	
64.8	63.1	3.1	116.6	120.2	99.6	.0	.0	
59.6	50.9	12.2	307.4	301.6	17.1	.0	.0	
52.2	37.7	13.5	321.4	347.9	7.5	.0	.0	
49.8	36.2	8.1	281.4	334.9	17.5	.0	.0	
54.4	40.0	5.6	203.4	343.4	18.3	.0	.0	
54.0	33.3	10.4	323.4	358.2	3.8	.0	.0	
53.1	33.9	6.1	173.8	165.5	72.1	.0	.0	
62.5	55.8	11.7	148.6	190.1	82.9	.0	.0	
62.7	37.8	15.1	283.4	363.1	19.6	.0	.0	
44.0	9.4	17.4	302.2	374.3	.0	.0	.0	
37.5	13.8	8.5	150.2	336.6	25.0	.0	.0	
59.9	42.7	12.9	145.4	133.6	95.0	.0	.0	
65.4	60.7	14.3	128.6	156.8	94.6	.0	.0	
67.8	64.8	13.7	142.2	140.5	86.2	.0	.0	
68.0	66.0	9.8	118.2	137.5	100.0	.0	.0	
65.4	64.9	7.1	98.6	143.1	99.6	.0	.0	
64.3	61.7	12.2	177.8	156.7	69.6	.0	.0	
55.0	48.1	9.0	244.6	141.5	94.6	.0	.0	
57.0	48.8	4.9	187.4	150.1	87.1	.0	.0	
58.8	50.7	7.5	231.4	169.6	92.9	.0	.0	
48.3	33.8	12.0	311.8	313.2	69.6	.0	.0	
49.4	34.5	5.1	85.8	292.3	69.6	.0	.0	
55.7	45.5	7.1	73.4	381.9	46.2	.0	.0	
3 31 1991
63.7	62.3	12.9	157.4	149.6	100.0	.0	.0	
65.8	63.8	8.5	142.2	221.6	92.1	.0	.0	
55.0	50.1	15.0	275.0	167.9	90.8	.0	.0	
52.0	38.7	10.6	258.6	427.2	31.2	.0	.0	
57.5	47.1	9.3	172.2	358.8	47.5	.0	.0	
67.5	62.3	16.3	203.8	187.2	89.2	.0	.0	
68.6	63.7	8.2	187.4	242.1	82.5	.0	.0	
62.4	51.3	10.3	195.4	183.2	80.4	.0	.0	
56.5	34.2	11.4	274.6	459.0	7.1	.0	.0	
52.5	19.7	11.0	273.4	462.8	1.2	.0	.0	
53.0	28.8	6.8	152.6	392.1	23.8	.0	.0	
62.1	52.6	11.9	147.4	194.5	75.8	.0	.0	
69.2	53.0	14.5	233.4	443.9	40.8	.0	.0	
57.7	37.5	10.0	266.2	230.9	70.0	.0	.0	
53.4	38.7	8.4	82.2	233.2	84.2	.0	.0	
55.8	51.3	9.8	76.6	170.2	100.0	.0	.0	
58.8	57.4	11.6	88.2	171.5	100.0	.0	.0	
65.7	53.2	10.6	297.8	316.5	68.3	.0	.0	
60.1	43.3	8.2	206.6	426.6	41.2	.0	.0	
61.5	51.6	8.9	100.6	350.4	56.2	.0	.0	
67.6	65.0	12.7	129.8	186.3	90.4	.0	.0	
70.1	68.0	13.1	143.4	178.2	100.0	.0	.0	
72.2	68.6	8.4	192.2	235.1	87.5	.0	.0	
71.5	49.8	7.3	231.4	458.1	58.8	.0	.0	
67.3	48.3	7.0	136.6	520.6	2.5	.0	.0	
68.1	61.0	8.5	107.8	414.5	44.2	.0	.0	
73.6	69.5	13.2	161.0	256.2	88.3	.0	.0	
73.8	70.8	13.0	169.0	186.2	100.0	.0	.0	
70.6	62.5	20.0	227.0	203.6	98.8	.0	.0	
54.9	36.7	12.9	302.2	492.9	42.1	.0	.0	
55.6	31.1	10.6	303.8	536.0	12.5	.0	.0	
4 30 1991
60.9	38.0	9.5	248.6	546.8	.0	.0	.0	
62.5	44.0	7.0	108.6	550.4	.0	.0	.0	
64.3	53.9	10.6	108.2	481.5	21.2	.0	.0	
66.5	59.4	8.6	99.0	314.2	65.4	.0	.0	
69.0	64.9	7.9	104.6	318.5	80.0	.0	.0	
71.2	65.1	5.7	97.0	419.7	63.8	.0	.0	
70.6	66.8	9.9	123.8	284.8	93.3	.0	.0	
68.7	64.8	10.7	122.6	199.9	98.8	.0	.0	
72.9	66.5	10.4	166.6	355.9	77.9	.0	.0	
70.0	64.1	5.9	113.8	274.1	90.0	.0	.0	
72.3	65.5	10.1	104.2	461.5	58.8	.0	.0	
72.5	68.0	12.5	113.0	295.4	66.7	.0	.0	
72.7	68.4	13.5	113.4	216.6	88.8	.0	.0	
73.9	69.1	13.3	123.0	301.0	89.2	.0	.0	
72.9	67.1	8.4	153.0	405.0	63.3	.0	.0	
72.0	67.8	5.4	107.4	238.3	89.2	.0	.0	
73.2	66.1	6.0	162.2	444.5	55.4	.0	.0	
70.3	67.1	6.1	132.6	248.3	76.7	.0	.0	
73.8	67.3	5.6	159.4	325.8	79.2	.0	.0	
69.1	58.7	9.7	259.4	530.2	24.2	.0	.0	
63.1	50.7	8.8	275.0	570.6	10.4	.0	.0	
68.0	57.1	10.2	127.0	407.9	70.8	.0	.0	
74.5	66.2	8.2	245.8	443.4	50.8	.0	.0	
71.7	60.1	7.0	153.4	565.8	41.2	.0	.0	
68.9	65.9	11.7	96.2	227.0	91.7	.0	.0	
68.5	66.7	10.6	101.8	218.3	96.7	.0	.0	
73.0	70.9	10.3	112.2	219.2	100.0	.0	.0	
75.7	74.0	12.8	131.4	220.0	99.2	.0	.0	
73.2	69.3	13.0	143.4	240.4	95.4	.0	.0	
68.9	66.0	7.2	133.8	234.2	80.0	.0	.0	
5 31 1991
74.6	70.5	6.5	115.0	355.7	70.0	.0	.0	
76.0	69.4	5.6	135.8	505.3	69.6	.0	.0	
76.2	70.1	8.5	111.8	405.3	63.3	.0	.0	
77.0	73.1	8.4	140.2	298.4	87.1	.0	.0	
76.8	72.3	11.0	162.6	380.2	78.8	.0	.0	
72.7	66.5	8.1	155.0	275.1	83.8	.0	.0	
69.6	58.0	9.2	69.4	226.7	96.2	.0	.0	
71.4	68.2	11.5	113.4	227.3	99.2	.0	.0	
75.6	71.3	11.0	119.8	528.8	71.7	.0	.0	
75.6	71.3	10.2	151.8	345.5	89.2	.0	.0	
75.4	70.6	6.5	100.2	516.7	68.8	.0	.0	
75.3	70.2	5.5	125.0	469.9	67.5	.0	.0	
75.1	69.0	8.3	216.2	537.4	61.2	.0	.0	
77.8	70.1	7.8	180.2	606.2	37.9	.0	.0	
78.2	70.5	9.3	151.0	490.7	52.5	.0	.0	
77.2	70.5	7.2	153.0	464.0	52.1	.0	.0	
77.9	70.6	8.4	135.4	429.5	60.8	.0	.0	
79.8	73.0	10.2	129.4	430.5	71.2	.0	.0	
78.7	71.8	10.5	91.8	357.8	80.4	.0	.0	
72.2	69.7	10.2	53.8	234.1	96.7	.0	.0	
72.1	69.5	10.3	53.4	234.5	97.5	.0	.0	
77.8	69.9	10.8	62.6	235.1	95.0	.0	.0	
76.7	71.4	11.9	84.2	276.0	89.2	.0	.0	
78.3	73.8	10.7	104.2	414.7	80.8	.0	.0	
78.1	74.3	12.0	96.6	253.9	97.5	.0	.0	
78.4	73.9	12.2	157.8	351.3	88.3	.0	.0	
77.7	74.4	9.6	161.0	286.3	88.3	.0	.0	
80.2	75.4	10.6	147.0	492.1	63.3	.0	.0	
79.9	73.6	9.4	139.0	507.8	45.8	.0	.0	
79.3	70.8	6.8	155.4	469.1	59.2	.0	.0	
80.0	70.1	6.4	165.0	397.1	70.8	.0	.0	
6 30 1991
81.1	69.4	6.7	160.6	382.3	57.5	.0	.0	
79.9	70.4	7.8	219.8	430.4	76.2	.0	.0	
78.8	71.5	8.2	247.0	467.6	66.2	.0	.0	
84.1	70.0	9.4	288.6	631.9	41.2	.0	.0	
83.5	70.0	8.2	178.6	605.1	50.8	.0	.0	
78.1	64.3	9.4	78.6	395.9	72.5	.0	.0	
75.7	56.3	9.6	78.2	613.3	30.0	.0	.0	
75.4	58.4	8.2	85.4	641.5	32.5	.0	.0	
77.1	64.3	10.0	92.2	432.8	70.0	.0	.0	
78.2	69.0	10.6	108.6	457.2	67.1	.0	.0	
78.9	70.6	9.5	133.8	513.9	46.7	.0	.0	
78.8	67.9	6.9	105.8	565.0	40.8	.0	.0	
79.2	68.0	5.3	83.8	397.5	59.2	.0	.0	
80.0	69.0	6.6	113.4	606.0	31.2	.0	.0	
80.8	71.1	6.7	140.2	464.8	52.9	.0	.0	
78.4	73.9	4.8	153.4	346.3	65.0	.0	.0	
79.4	73.9	5.6	143.8	352.6	79.6	.0	.0	
76.8	72.8	5.7	195.0	308.1	82.9	.0	.0	
78.1	72.5	4.1	92.2	419.9	56.7	.0	.0	
80.6	73.7	7.4	191.0	560.9	39.6	.0	.0	
81.5	73.3	7.1	191.4	411.3	45.4	.0	.0	
83.5	74.3	8.3	205.4	618.1	35.4	.0	.0	
81.6	73.7	6.0	125.4	504.5	42.1	.0	.0	
82.9	72.6	6.1	141.4	569.3	49.6	.0	.0	
78.6	73.1	8.1	119.4	467.1	70.8	.0	.0	
76.0	73.2	5.9	109.8	268.3	98.8	.0	.0	
76.7	72.6	4.8	89.8	369.6	74.2	.0	.0	
81.3	73.0	6.7	153.8	611.6	35.0	.0	.0	
84.0	72.3	5.5	185.4	550.2	29.6	.0	.0	
81.8	73.9	5.3	153.4	420.5	55.8	.0	.0	
7 31 1991
82.5	73.5	5.4	119.4	506.7	42.5	.0	.0	
83.7	74.5	6.7	214.2	456.9	45.8	.0	.0	
82.3	73.2	4.4	121.8	459.7	42.9	.0	.0	
82.6	74.8	7.4	199.0	512.2	50.0	.0	.0	
79.7	74.5	7.5	207.0	297.2	88.8	.0	.0	
75.3	72.8	4.1	120.6	247.5	91.7	.0	.0	
77.1	72.6	5.3	87.8	324.3	83.8	.0	.0	
80.2	73.2	5.5	168.2	430.6	61.2	.0	.0	
82.3	73.3	9.0	230.2	619.9	34.2	.0	.0	
81.1	74.7	6.6	259.8	494.2	61.2	.0	.0	
84.5	76.2	8.0	249.0	469.3	49.2	.0	.0	
86.1	76.7	9.3	256.6	581.1	34.6	.0	.0	
86.7	74.7	9.0	277.8	461.7	50.4	.0	.0	
84.4	75.1	7.2	216.6	506.0	48.8	.0	.0	
78.5	72.9	6.7	249.4	380.1	72.9	.0	.0	
79.3	73.4	4.3	107.8	468.3	70.4	.0	.0	
78.5	73.8	5.6	145.4	391.2	64.2	.0	.0	
80.3	73.9	7.2	115.4	380.7	54.2	.0	.0	
81.8	73.9	7.3	182.6	596.8	39.6	.0	.0	
82.6	74.3	5.5	89.8	595.2	47.1	.0	.0	
80.8	74.4	5.0	144.2	484.4	47.5	.0	.0	
80.8	72.9	3.9	156.2	536.4	32.5	.0	.0	
82.2	73.3	8.0	231.8	609.1	27.1	.0	.0	
82.5	73.3	7.4	200.6	590.6	43.8	.0	.0	
76.7	73.4	6.0	172.2	307.7	95.0	.0	.0	
80.1	73.9	6.9	153.8	288.2	86.2	.0	.0	
82.6	74.3	7.8	289.8	492.6	64.6	.0	.0	
84.8	73.9	6.1	245.0	583.8	45.8	.0	.0	
84.3	73.6	6.6	262.6	395.6	70.0	.0	.0	
80.7	74.5	6.7	153.4	446.4	69.6	.0	.0	
82.2	73.7	5.8	158.2	575.9	41.2	.0	.0	
8 31 1991
79.9	73.9	5.2	152.6	407.0	50.0	.0	.0	
80.6	74.1	4.1	109.0	427.0	48.3	.0	.0	
82.3	75.8	4.9	163.4	331.1	67.1	.0	.0	
82.4	74.5	6.3	219.8	270.9	73.8	.0	.0	
83.5	74.3	6.8	199.4	508.9	54.2	.0	.0	
83.6	75.1	4.4	88.6	529.6	57.1	.0	.0	
83.6	76.1	5.8	100.6	572.9	47.9	.0	.0	
83.3	75.8	5.7	135.4	438.9	42.5	.0	.0	
83.8	76.4	7.1	171.4	403.1	46.2	.0	.0	
84.6	75.7	10.0	249.4	288.5	64.6	.0	.0	
80.9	73.5	6.5	177.4	349.7	81.2	.0	.0	
81.0	73.9	7.0	213.0	501.8	35.8	.0	.0	
78.7	73.1	5.5	153.8	318.2	75.4	.0	.0	
77.7	73.7	5.8	171.0	252.5	95.4	.0	.0	
79.1	72.6	4.5	102.2	322.5	92.1	.0	.0	
78.0	71.8	6.1	105.0	300.4	85.0	.0	.0	
78.8	73.5	5.7	136.2	388.4	49.6	.0	.0	
80.9	74.6	7.8	233.0	396.5	48.3	.0	.0	
79.9	75.1	5.4	169.8	411.5	55.4	.0	.0	
80.7	71.2	7.1	234.2	598.3	8.3	.0	.0	
79.3	68.0	4.0	116.2	408.0	47.9	.0	.0	
79.6	68.4	4.4	134.6	405.0	43.8	.0	.0	
79.1	68.4	6.4	67.0	298.7	57.5	.0	.0	
76.5	72.5	7.5	119.0	245.5	87.9	.0	.0	
78.7	74.2	7.7	68.6	336.9	76.7	.0	.0	
80.9	75.9	5.1	99.0	330.2	77.1	.0	.0	
80.7	75.9	6.6	90.2	341.5	70.8	.0	.0	
82.1	74.5	6.0	110.6	375.1	66.2	.0	.0	
81.2	75.2	6.0	208.2	414.4	70.8	.0	.0	
77.2	69.5	5.5	83.0	205.2	79.2	.0	.0	
79.0	74.0	7.4	88.6	318.0	71.2	.0	.0	
9 30 1991
80.1	73.7	6.6	81.4	402.5	55.8	.0	.0	
82.0	73.1	7.3	83.8	439.4	48.3	.0	.0	
79.5	71.8	7.9	83.8	390.5	62.5	.0	.0	
78.7	70.8	7.6	130.6	309.6	69.2	.0	.0	
79.0	73.5	6.8	94.6	346.9	45.0	.0	.0	
79.6	73.4	7.0	101.4	443.4	47.1	.0	.0	
81.2	71.9	6.5	103.4	473.3	59.6	.0	.0	
80.1	73.2	5.7	128.2	368.7	55.8	.0	.0	
80.7	67.8	6.3	79.0	542.6	25.0	.0	.0	
78.6	67.3	6.2	111.8	463.8	27.1	.0	.0	
81.1	70.0	6.0	127.0	495.2	16.2	.0	.0	
83.7	70.7	7.3	242.6	488.2	26.7	.0	.0	
84.6	72.2	7.1	231.0	479.4	30.8	.0	.0	
83.0	72.3	5.6	165.0	495.1	15.0	.0	.0	
82.9	72.2	5.8	213.8	516.8	11.7	.0	.0	
83.9	71.9	6.1	199.4	491.7	21.7	.0	.0	
82.0	72.3	5.3	188.6	384.0	50.0	.0	.0	
81.7	72.4	4.7	173.0	283.1	83.3	.0	.0	
79.4	70.7	8.4	212.6	357.3	77.5	.0	.0	
73.0	52.4	11.5	242.6	496.8	12.1	.0	.0	
73.3	62.4	7.8	65.0	379.8	31.2	.0	.0	
75.9	67.2	7.0	106.2	429.3	26.2	.0	.0	
78.6	69.5	5.3	85.4	404.0	35.8	.0	.0	
79.2	68.2	8.3	120.6	331.6	74.6	.0	.0	
67.3	61.7	10.2	270.6	187.8	72.5	.0	.0	
68.3	52.0	9.1	312.3	425.6	.0	.0	.0	
66.1	46.3	9.4	232.2	480.1	2.5	.0	.0	
71.1	50.0	8.4	55.0	303.3	49.6	.0	.0	
73.3	55.7	8.2	55.0	221.1	65.4	.0	.0	
75.0	63.6	7.1	44.2	164.9	81.2	.0	.0	
10 31 1991
72.5	65.1	7.5	81.8	164.0	94.6	.0	.0	
76.1	64.9	6.6	80.2	339.9	68.3	.0	.0	
74.6	67.8	5.6	79.8	288.1	59.6	.0	.0	
76.5	69.8	8.0	98.6	313.5	57.9	.0	.0	
76.8	71.5	9.5	243.4	197.0	76.7	.0	.0	
63.9	41.1	15.3	293.8	305.4	61.2	.0	.0	
56.1	36.2	8.6	180.6	207.9	60.0	.0	.0	
59.1	40.1	6.3	103.8	362.6	31.2	.0	.0	
67.8	54.3	7.3	93.8	395.2	37.5	.0	.0	
70.5	55.9	7.5	172.2	392.9	21.2	.0	.0	
68.4	51.3	6.9	272.6	426.2	6.7	.0	.0	
72.3	62.6	6.6	182.2	410.7	10.8	.0	.0	
71.2	56.3	5.6	154.2	418.6	4.2	.0	.0	
70.6	62.9	6.6	109.4	381.4	11.2	.0	.0	
70.2	51.7	11.4	287.0	360.3	36.7	.0	.0	
59.1	38.3	10.6	284.6	402.7	5.4	.0	.0	
57.8	39.5	5.9	223.0	402.9	.0	.0	.0	
62.2	48.5	6.1	195.0	394.0	4.2	.0	.0	
65.5	51.8	6.0	227.0	395.3	.0	.0	.0	
66.7	52.1	4.7	107.4	250.1	59.2	.0	.0	
70.6	60.5	7.3	78.6	354.7	50.0	.0	.0	
72.6	63.5	8.7	91.8	293.7	49.6	.0	.0	
73.3	65.3	9.0	82.2	238.9	68.3	.0	.0	
72.3	64.3	8.3	98.6	131.9	94.6	.0	.0	
73.7	67.9	6.9	60.6	278.2	47.9	.0	.0	
73.3	66.1	8.8	82.6	297.0	43.8	.0	.0	
74.3	67.0	8.0	80.6	260.1	55.8	.0	.0	
74.3	68.1	8.7	98.6	197.3	77.9	.0	.0	
74.6	64.7	12.0	88.2	264.4	65.8	.0	.0	
69.2	61.5	10.4	91.8	165.2	68.8	.0	.0	
72.3	64.9	10.6	112.2	177.2	78.3	.0	.0	
11 30 1991
68.9	55.8	16.0	237.4	174.0	78.3	.0	.0	
50.8	33.8	11.7	303.0	335.4	25.8	.0	.0	
46.2	35.4	10.2	317.0	160.7	68.3	.0	.0	
39.7	16.9	12.6	265.4	218.1	36.2	.0	.0	
41.3	20.0	7.2	211.4	336.7	3.3	.0	.0	
47.2	24.5	5.2	173.4	332.6	5.8	.0	.0	
54.1	28.1	7.2	221.4	290.8	44.6	.0	.0	
45.8	35.4	14.3	311.8	129.0	95.8	.0	.0	
43.9	30.7	13.7	297.4	324.4	15.0	.0	.0	
47.2	22.0	9.5	303.8	322.2	.0	.0	.0	
50.2	24.2	8.4	317.8	293.8	7.9	.0	.0	
52.5	31.0	7.7	323.8	187.4	40.0	.0	.0	
52.7	36.5	5.4	126.2	255.7	25.4	.0	.0	
57.9	48.6	8.6	111.0	248.7	38.3	.0	.0	
64.2	59.7	7.0	95.8	164.4	63.8	.0	.0	
65.3	60.3	3.4	71.8	197.3	70.4	.0	.0	
65.9	59.6	7.6	81.0	266.1	52.9	.0	.0	
68.2	65.4	13.3	99.8	105.6	98.3	.0	.0	
69.6	67.9	14.0	112.6	104.8	100.0	.0	.0	
69.8	67.6	11.3	151.4	107.3	95.4	.0	.0	
60.5	59.1	9.1	289.4	103.3	100.0	.0	.0	
56.9	50.5	7.3	273.8	279.1	17.5	.0	.0	
55.5	48.4	6.7	156.2	209.8	42.5	.0	.0	
43.6	26.2	11.8	292.2	281.4	10.4	.0	.0	
45.1	24.8	8.8	228.6	287.1	2.1	.0	.0	
46.1	28.2	5.1	41.8	282.7	5.0	.0	.0	
49.7	36.0	6.8	67.4	283.5	.0	.0	.0	
56.4	47.0	6.3	59.4	281.7	1.2	.0	.0	
64.5	62.4	9.1	99.8	104.3	63.3	.0	.0	
68.8	67.3	10.3	108.6	97.5	97.5	.0	.0	
12 31 1991
71.0	70.1	10.9	139.0	96.9	97.9	.0	.0	
72.8	71.0	14.6	151.0	106.2	99.2	.0	.0	
55.2	49.2	13.8	293.4	176.9	57.5	.0	.0	
43.7	26.7	12.6	293.8	272.9	.8	.0	.0	
41.4	24.4	6.7	100.2	209.5	30.8	.0	.0	
46.2	32.9	3.8	108.6	239.0	35.0	.0	.0	
57.0	47.4	5.7	117.8	95.2	87.5	.0	.0	
64.3	61.5	5.0	81.4	141.0	90.4	.0	.0	
65.2	63.5	5.6	147.4	95.9	95.8	.0	.0	
60.4	50.5	8.3	191.8	266.7	22.5	.0	.0	
57.8	50.2	6.0	59.8	215.9	21.2	.0	.0	
61.9	60.4	8.8	83.8	93.2	76.2	.0	.0	
69.0	66.9	10.4	128.6	100.2	97.1	.0	.0	
62.6	52.6	11.6	286.2	129.8	92.9	.0	.0	
48.1	23.8	11.3	258.6	241.6	44.2	.0	.0	
45.6	27.8	5.4	137.4	240.5	25.4	.0	.0	
47.0	37.0	3.6	44.2	252.7	11.7	.0	.0	
52.0	37.5	7.4	241.8	261.6	4.6	.0	.0	
46.9	17.0	11.5	47.8	229.2	24.6	.0	.0	
49.8	35.5	11.9	75.8	187.0	64.6	.0	.0	
55.4	50.5	7.7	70.2	108.1	69.2	.0	.0	
58.5	57.1	6.1	92.2	122.7	92.5	.0	.0	
64.2	62.8	10.4	202.6	92.0	90.4	.0	.0	
51.6	44.1	10.4	287.4	131.6	60.4	.0	.0	
46.3	38.4	6.1	259.0	229.2	32.5	.0	.0	
55.2	46.4	7.0	77.0	252.8	42.9	.0	.0	
54.0	51.0	8.8	44.2	92.5	95.4	.0	.0	
59.2	56.6	10.1	227.8	93.0	99.6	.0	.0	
50.5	45.3	8.6	304.2	92.9	100.0	.0	.0	
46.1	38.5	8.2	254.2	120.6	84.6	.0	.0	
47.2	41.3	6.3	161.4	191.4	50.0	.0	.0	
