   1    31    1982
62.2	59.9	4.4	145.8	173.1	95.0	.0	.0	
61.9	58.2	8.0	111.3	146.5	98.0	.0	.0	
68.6	66.9	11.6	157.9	150.1	98.0	.0	.0	
60.0	45.5	9.7	255.4	234.4	80.0	61.0	.0	
43.6	26.4	2.4	37.1	332.7	2.0	.0	.0	
51.9	48.1	4.5	100.8	197.5	52.0	.0	.0	
67.7	66.6	5.9	132.1	174.7	97.0	91.0	.0	
55.2	50.5	6.3	150.4	138.5	98.0	.0	.0	
46.0	29.1	6.5	251.7	343.7	23.0	.0	.0	
39.0	18.7	7.3	248.3	279.3	35.0	.0	.0	
23.4	-.7	8.9	280.0	350.7	2.0	.0	.0	
29.3	17.3	4.8	134.2	143.0	65.0	.0	33.0	
48.8	46.9	6.9	137.5	175.4	98.0	80.0	.0	
38.2	33.1	8.4	220.4	171.3	65.0	36.0	.0	
35.9	24.9	3.0	70.8	334.5	28.0	.0	.0	
50.7	45.5	5.3	144.6	272.4	73.0	18.0	.0	
42.0	25.5	6.8	183.8	359.2	7.0	.0	.0	
47.0	39.4	2.0	45.8	282.0	55.0	.0	.0	
63.4	58.2	5.9	108.8	230.5	77.0	.0	.0	
65.8	57.8	3.4	75.4	236.9	61.0	.0	.0	
61.3	52.6	2.7	90.8	253.5	72.0	.0	.0	
61.5	60.4	5.6	105.8	158.5	91.0	.0	.0	
63.0	61.2	6.7	151.3	176.1	96.0	27.0	.0	
47.5	27.8	6.3	245.0	366.5	29.0	.0	.0	
44.5	30.5	2.4	65.4	371.3	9.0	.0	.0	
43.0	23.9	8.7	223.3	380.7	8.0	.0	.0	
38.2	19.7	4.9	67.9	382.2	2.0	.0	.0	
48.2	39.5	2.3	56.7	346.9	17.0	.0	.0	
52.2	43.5	3.3	81.7	377.8	2.0	.0	.0	
58.7	52.3	7.8	138.8	292.5	32.0	.0	.0	
59.9	57.2	11.8	191.3	137.3	80.0	39.0	.0	
   2    28    1982
51.8	43.7	7.0	150.8	264.6	79.0	.0	.0	
59.6	57.0	7.2	85.8	143.8	98.0	7.0	.0	
63.8	63.0	9.7	146.7	156.6	98.0	204.0	.0	
62.0	58.7	6.7	125.0	247.9	66.0	.0	.0	
63.6	61.4	2.4	44.2	253.0	72.0	.0	.0	
59.7	56.8	5.4	197.1	213.8	88.0	.0	.0	
48.3	34.0	6.3	211.7	337.4	64.0	.0	.0	
56.0	48.6	3.0	44.2	338.9	55.0	.0	.0	
65.8	63.4	7.1	176.7	198.5	95.0	107.0	.0	
50.9	46.0	7.8	186.3	309.5	62.0	1.0	.0	
52.3	49.1	4.3	165.4	173.9	90.0	7.0	.0	
54.4	52.4	8.0	121.3	171.4	98.0	87.0	.0	
50.3	44.3	9.0	295.0	334.5	52.0	.0	.0	
49.7	41.1	4.6	66.7	390.2	27.0	.0	.0	
62.0	59.8	5.0	113.3	187.4	98.0	48.0	.0	
66.7	66.0	8.7	167.1	222.6	98.0	83.0	.0	
65.6	55.7	6.3	189.2	403.4	43.0	2.0	.0	
61.1	51.0	2.0	63.3	457.6	14.0	.0	.0	
59.8	52.7	2.7	114.6	396.7	27.0	.0	.0	
57.2	39.0	2.8	115.4	418.5	30.0	.0	.0	
57.8	42.2	4.8	177.5	463.3	7.0	.0	.0	
53.1	30.7	7.0	216.7	486.0	2.0	.0	.0	
52.5	33.6	2.8	86.7	466.9	3.0	.0	.0	
58.3	46.6	3.7	107.5	450.6	19.0	.0	.0	
62.4	52.3	3.9	62.9	412.8	54.0	.0	.0	
53.4	45.9	14.3	70.0	204.2	98.0	.0	.0	
54.9	51.4	8.9	187.5	243.0	96.0	9.0	.0	
49.3	45.4	8.2	350.8	217.4	98.0	.0	.0	
   3    31    1982
46.9	40.6	8.1	162.9	242.9	82.0	.0	.0	
49.4	35.9	2.6	88.8	489.5	6.0	.0	.0	
53.0	42.6	2.8	59.6	468.2	30.0	.0	.0	
61.9	53.1	5.3	108.3	430.2	82.0	.0	.0	
64.5	63.7	4.1	103.3	154.7	98.0	143.0	.0	
65.5	61.8	5.0	132.9	330.5	97.0	43.0	.0	
50.1	46.4	8.0	264.6	239.1	68.0	18.0	.0	
45.3	29.9	6.4	185.0	508.8	2.0	.0	.0	
50.8	33.4	3.4	41.3	464.6	65.0	.0	.0	
57.7	46.4	4.3	80.0	441.6	47.0	.0	.0	
60.3	50.5	3.3	72.9	388.5	62.0	.0	.0	
61.9	51.6	3.1	62.9	462.4	38.0	.0	.0	
66.4	59.1	3.9	90.8	448.6	53.0	.0	.0	
69.5	62.4	3.7	88.3	365.0	65.0	.0	.0	
66.7	61.7	5.7	124.6	364.9	69.0	.0	.0	
71.8	65.9	6.8	162.1	322.9	80.0	.0	.0	
73.2	66.3	5.6	158.8	367.4	70.0	.0	.0	
74.3	67.4	3.9	116.3	407.5	58.0	.0	.0	
72.6	68.1	6.3	128.8	386.2	53.0	.0	.0	
74.8	66.8	7.0	182.5	437.0	67.0	.0	.0	
75.6	68.4	6.9	166.7	392.4	68.0	.0	.0	
68.6	61.5	5.6	165.0	298.7	78.0	10.0	.0	
67.4	54.0	5.3	180.8	532.0	72.0	.0	.0	
65.1	63.7	4.3	93.8	185.8	98.0	204.0	.0	
68.5	63.0	3.4	84.2	322.9	95.0	31.0	.0	
56.4	43.6	9.0	233.8	593.1	12.0	.0	.0	
51.3	29.4	9.8	94.6	307.2	74.0	.0	.0	
49.1	39.4	10.9	55.4	259.9	98.0	8.0	.0	
58.6	51.3	9.7	57.1	311.2	98.0	.0	.0	
68.1	58.9	5.1	63.8	388.2	68.0	.0	.0	
66.8	61.2	3.8	85.8	358.6	59.0	.0	.0	
   4    30    1982
67.9	58.3	2.9	65.0	524.0	17.0	.0	.0	
68.5	59.3	6.0	104.2	541.8	64.0	.0	.0	
72.0	59.1	8.8	213.3	432.3	68.0	11.0	.0	
63.7	38.5	4.9	106.7	510.0	71.0	.0	.0	
71.2	62.6	9.8	180.0	388.5	91.0	1.0	.0	
63.5	44.3	9.9	269.6	580.6	22.0	.0	.0	
56.5	31.1	7.2	71.7	617.3	28.0	.0	.0	
60.7	57.5	4.8	61.7	180.0	98.0	156.0	.0	
63.7	54.3	7.2	216.3	387.8	87.0	1.0	.0	
54.0	50.3	7.4	120.4	193.6	98.0	102.0	.0	
58.2	43.6	7.4	180.4	645.4	24.0	.0	.0	
57.3	39.3	3.9	67.5	598.7	29.0	.0	.0	
62.7	53.0	5.7	112.5	572.5	40.0	.0	.0	
68.0	60.3	3.8	100.4	391.6	69.0	.0	.0	
71.6	63.6	4.0	103.3	499.1	70.0	.0	.0	
72.8	65.9	7.0	105.8	442.4	69.0	.0	.0	
75.2	69.9	5.8	99.2	380.2	88.0	.0	.0	
71.6	64.4	5.0	118.8	425.9	57.0	2.0	.0	
69.4	62.0	5.8	103.8	421.0	45.0	.0	.0	
72.5	64.7	4.7	117.5	530.4	76.0	18.0	.0	
73.8	65.3	4.8	213.3	460.3	73.0	.0	.0	
69.3	53.8	8.6	285.4	572.8	65.0	.0	.0	
64.7	37.7	11.1	63.3	541.0	76.0	1.0	.0	
63.8	51.5	7.1	78.8	248.1	98.0	3.0	.0	
69.6	66.4	11.4	154.2	237.1	97.0	86.0	.0	
73.0	69.0	6.2	148.8	353.7	83.0	.0	.0	
71.2	61.5	5.1	180.0	488.9	44.0	.0	.0	
67.9	57.2	5.8	193.8	564.7	55.0	.0	.0	
67.8	58.2	8.5	64.6	547.6	43.0	.0	.0	
69.0	58.0	9.3	60.4	532.9	43.0	.0	.0	
   5    31    1982
69.8	59.7	4.4	44.6	540.6	59.0	.0	.0	
72.2	58.7	3.3	66.3	583.0	63.0	.0	.0	
70.6	56.9	3.0	50.8	583.1	7.0	.0	.0	
70.3	57.3	2.0	40.0	630.4	10.0	.0	.0	
72.5	57.4	4.3	68.8	577.5	20.0	.0	.0	
68.7	57.5	3.7	70.0	578.5	65.0	.0	.0	
70.3	61.5	7.8	125.4	494.0	88.0	.0	.0	
72.4	63.3	5.8	269.2	564.9	53.0	80.0	.0	
69.6	57.2	5.2	157.9	652.8	9.0	.0	.0	
70.8	55.4	4.0	102.9	623.1	37.0	.0	.0	
71.8	54.8	4.0	79.2	692.0	2.0	.0	.0	
73.7	56.4	4.5	74.6	641.0	15.0	.0	.0	
71.6	60.7	4.6	88.8	594.3	10.0	.0	.0	
69.6	59.3	4.3	88.8	624.4	41.0	.0	.0	
72.2	59.6	2.3	59.2	479.9	70.0	.0	.0	
73.8	61.1	3.0	64.6	554.3	48.0	.0	.0	
77.5	61.8	3.4	92.5	591.6	59.0	.0	.0	
73.0	66.5	3.8	104.2	473.0	77.0	10.0	.0	
73.2	68.3	3.0	76.7	460.0	73.0	6.0	.0	
73.2	67.2	3.0	69.6	557.5	39.0	.0	.0	
76.6	66.7	3.1	64.6	644.6	29.0	.0	.0	
79.3	67.3	4.1	68.3	586.9	61.0	.0	.0	
80.2	69.5	5.5	113.8	498.0	71.0	.0	.0	
76.7	71.2	5.0	86.3	417.0	84.0	7.0	.0	
72.9	70.7	2.7	84.6	260.9	89.0	126.0	.0	
75.9	72.8	3.8	92.1	395.0	87.0	77.0	.0	
78.9	73.1	2.8	91.3	529.2	61.0	.0	.0	
80.9	71.8	2.3	53.8	618.4	11.0	.0	.0	
81.4	72.8	4.0	86.3	603.1	27.0	.0	.0	
76.1	72.6	2.3	51.3	318.0	77.0	12.0	.0	
78.9	73.6	4.7	107.1	497.6	76.0	43.0	.0	
   6    30    1982
79.6	74.3	3.2	99.6	552.8	68.0	33.0	.0	
80.0	75.4	2.0	43.3	600.3	59.0	.0	.0	
80.4	74.3	3.0	64.2	492.0	47.0	2.0	.0	
82.0	73.6	3.0	77.5	519.0	40.0	.0	.0	
82.3	71.5	4.1	177.5	613.7	30.0	.0	.0	
78.7	64.4	5.5	189.2	625.8	10.0	.0	.0	
76.9	62.4	3.5	94.6	680.6	11.0	.0	.0	
79.8	64.7	2.5	107.9	692.7	4.0	.0	.0	
81.3	70.9	2.9	110.4	621.5	25.0	.0	.0	
83.0	71.2	4.5	161.3	680.6	17.0	.0	.0	
82.7	70.4	3.8	160.8	628.1	36.0	.0	.0	
79.8	71.8	4.4	86.3	399.4	74.0	3.0	.0	
80.1	71.4	2.9	128.8	527.4	72.0	.0	.0	
80.6	68.7	3.0	134.2	557.5	53.0	.0	.0	
80.4	70.0	3.6	75.4	620.7	21.0	.0	.0	
77.8	70.3	5.3	88.3	501.5	48.0	26.0	.0	
74.0	72.0	6.6	110.0	219.9	98.0	558.0	.0	
77.5	71.1	6.9	142.1	463.5	62.0	.0	.0	
80.2	73.1	4.1	119.6	600.9	38.0	.0	.0	
80.3	74.5	3.5	100.8	541.3	49.0	18.0	.0	
82.0	74.0	5.2	115.4	584.8	58.0	5.0	.0	
76.8	74.5	4.7	92.9	306.0	97.0	9.0	.0	
77.8	73.5	2.9	60.8	517.5	77.0	5.0	.0	
78.6	72.1	3.4	80.0	508.7	69.0	1.0	.0	
78.8	72.3	4.7	90.0	547.5	54.0	5.0	.0	
77.3	73.0	3.6	102.9	361.7	75.0	34.0	.0	
77.0	73.5	2.3	52.5	432.0	72.0	30.0	.0	
79.0	73.9	3.5	113.8	527.3	58.0	.0	.0	
80.1	73.5	4.8	157.9	559.1	42.0	6.0	.0	
81.7	72.6	5.5	206.7	613.6	33.0	.0	.0	
   7    31    1982
83.1	72.6	2.9	131.7	668.2	13.0	.0	.0	
83.7	73.5	4.7	86.7	668.8	10.0	.0	.0	
78.6	73.4	2.0	52.5	497.3	36.0	10.0	.0	
79.3	73.1	3.3	114.2	531.3	45.0	56.0	.0	
79.8	72.0	5.0	155.8	575.4	55.0	146.0	.0	
78.5	72.4	3.8	67.9	579.3	56.0	56.0	.0	
78.0	72.6	5.9	89.2	460.6	66.0	.0	.0	
76.3	74.0	4.3	88.3	221.2	92.0	20.0	.0	
78.6	75.7	2.5	73.3	318.6	81.0	4.0	.0	
78.8	74.8	2.6	70.0	465.2	56.0	57.0	.0	
77.4	74.9	2.0	70.0	494.0	78.0	130.0	.0	
78.1	75.2	2.0	95.0	404.4	78.0	6.0	.0	
79.5	75.3	2.0	82.5	551.2	68.0	.0	.0	
78.2	74.1	2.0	51.3	476.3	75.0	49.0	.0	
79.3	72.8	3.6	84.6	479.3	73.0	45.0	.0	
79.6	72.4	4.5	84.2	584.7	83.0	157.0	.0	
81.1	72.6	4.3	66.3	533.2	78.0	.0	.0	
80.1	73.5	2.1	54.2	543.2	67.0	.0	.0	
77.7	73.5	2.1	69.6	426.0	80.0	3.0	.0	
77.9	73.0	2.0	78.8	462.2	77.0	.0	.0	
78.8	73.0	3.1	86.7	515.9	64.0	.0	.0	
79.6	73.8	3.8	136.3	445.2	84.0	.0	.0	
77.2	73.0	2.6	72.5	338.8	87.0	57.0	.0	
77.2	73.5	2.0	46.7	483.6	80.0	84.0	.0	
79.0	73.2	2.0	52.5	538.1	42.0	23.0	.0	
83.0	73.9	2.7	84.2	585.7	19.0	.0	.0	
83.3	74.4	2.5	95.4	489.8	48.0	.0	.0	
75.3	72.7	4.3	127.5	216.5	98.0	126.0	.0	
76.8	73.4	3.2	59.6	263.3	95.0	26.0	.0	
77.9	74.0	4.5	110.4	313.1	97.0	120.0	.0	
81.1	75.0	2.9	96.3	326.8	98.0	.0	.0	
   8    31    1982
80.2	74.1	2.7	94.6	283.5	95.0	2.0	.0	
81.1	73.4	3.6	134.2	449.8	63.0	2.0	.0	
81.3	70.3	4.4	107.9	671.1	2.0	.0	.0	
81.4	69.7	3.5	31.3	619.7	13.0	.0	.0	
80.9	69.7	4.3	77.5	356.6	67.0	.0	.0	
78.3	70.6	5.1	93.3	409.4	71.0	6.0	.0	
77.5	74.1	4.2	95.0	298.4	78.0	77.0	.0	
80.2	73.1	3.6	59.6	523.5	49.0	.0	.0	
77.7	72.8	2.9	67.9	406.0	75.0	27.0	.0	
80.2	71.8	3.5	91.3	459.6	81.0	.0	.0	
77.6	71.7	3.3	71.3	468.0	57.0	1.0	.0	
76.4	72.4	2.0	13.8	395.6	71.0	155.0	.0	
77.8	74.3	2.0	50.4	485.2	64.0	12.0	.0	
80.1	74.9	2.5	34.2	547.4	41.0	2.0	.0	
80.4	74.5	3.4	44.6	566.7	45.0	.0	.0	
82.0	75.0	5.1	72.5	570.6	43.0	.0	.0	
78.9	75.1	4.1	76.7	357.7	84.0	22.0	.0	
78.0	74.8	3.7	80.4	366.3	78.0	.0	.0	
78.0	74.3	5.0	37.5	432.1	78.0	.0	.0	
77.1	74.2	2.4	77.1	464.4	69.0	90.0	.0	
78.0	74.4	2.5	74.6	371.6	62.0	3.0	.0	
78.5	74.8	2.0	44.2	462.1	47.0	.0	.0	
80.4	74.5	2.3	60.8	538.2	31.0	.0	.0	
81.0	74.4	2.9	98.8	458.8	26.0	.0	.0	
81.8	74.8	2.6	101.3	530.1	37.0	1.0	.0	
84.1	74.8	3.7	112.9	552.9	30.0	.0	.0	
83.8	73.4	3.3	60.4	551.2	38.0	.0	.0	
82.5	74.1	2.6	89.2	567.6	29.0	8.0	.0	
82.5	73.4	5.9	60.0	511.3	41.0	.0	.0	
82.0	69.7	7.3	69.6	546.1	26.0	2.0	.0	
79.3	66.5	4.0	61.7	558.2	15.0	.0	.0	
   9    30    1982
79.4	66.7	3.1	33.3	530.4	14.0	.0	.0	
80.7	69.8	3.3	61.3	514.0	21.0	.0	.0	
79.8	73.0	3.0	87.1	331.9	80.0	.0	.0	
78.8	71.4	2.6	67.5	429.7	67.0	19.0	.0	
77.5	72.2	6.4	76.3	265.9	83.0	.0	.0	
79.2	69.2	7.8	55.4	370.7	73.0	.0	.0	
77.8	67.2	5.9	91.7	269.8	95.0	.0	.0	
79.3	69.5	8.1	65.0	376.0	96.0	.0	.0	
76.1	72.1	7.4	84.2	185.0	98.0	133.0	.0	
76.5	73.7	5.1	90.4	235.2	97.0	65.0	.0	
77.1	73.5	2.7	74.2	322.9	85.0	196.0	.0	
78.0	72.6	2.4	32.5	431.4	58.0	27.0	.0	
78.8	73.6	2.2	85.0	397.0	55.0	.0	.0	
81.0	72.3	3.7	51.3	512.0	18.0	.0	.0	
81.0	72.0	3.1	71.7	520.5	15.0	.0	.0	
82.0	72.3	2.6	43.3	449.4	12.0	.0	.0	
81.2	70.7	3.2	52.5	526.0	13.0	.0	.0	
78.1	71.4	3.1	105.0	406.9	61.0	67.0	.0	
77.2	72.1	2.3	79.6	357.3	69.0	.0	.0	
75.2	71.6	2.0	47.5	272.0	60.0	126.0	.0	
74.6	68.6	2.0	125.4	248.8	80.0	26.0	.0	
65.9	53.5	5.1	223.3	522.2	4.0	.0	.0	
63.4	50.1	3.7	94.6	520.7	2.0	.0	.0	
66.6	56.3	2.1	57.5	520.7	9.0	.0	.0	
66.8	59.3	2.7	45.4	283.2	70.0	.0	.0	
68.0	58.2	3.1	87.9	465.2	35.0	.0	.0	
68.7	59.9	3.1	63.8	449.3	18.0	.0	.0	
72.4	59.6	4.5	38.3	481.6	5.0	.0	.0	
73.4	60.4	7.0	59.6	507.7	2.0	.0	.0	
75.3	63.6	9.8	66.3	221.1	80.0	.0	.0	
  10    31    1982
75.7	63.9	8.5	62.9	266.3	56.0	.0	.0	
73.1	61.4	5.2	71.7	460.8	38.0	.0	.0	
76.9	66.6	6.3	72.5	381.5	66.0	.0	.0	
78.7	70.6	6.3	88.3	292.0	90.0	.0	.0	
76.4	72.3	5.5	70.0	183.1	98.0	26.0	.0	
76.8	72.5	4.6	82.9	245.6	98.0	16.0	.0	
79.0	70.6	4.9	110.4	388.1	80.0	.0	.0	
77.3	69.0	3.5	86.7	415.1	46.0	.0	.0	
77.6	69.3	2.0	73.8	405.7	18.0	.0	.0	
77.1	70.0	3.0	157.1	451.9	10.0	.0	.0	
78.1	69.9	3.9	73.3	356.0	30.0	.0	.0	
77.0	70.3	6.3	100.4	357.5	66.0	.0	.0	
74.0	71.0	4.0	93.3	228.2	97.0	36.0	.0	
70.7	61.5	6.2	307.5	382.1	52.0	.0	.0	
60.6	49.1	4.3	198.8	474.2	2.0	.0	.0	
63.6	51.5	3.5	213.3	409.4	18.0	.0	.0	
62.9	48.4	4.9	128.3	374.5	53.0	.0	.0	
68.0	55.4	8.9	76.7	347.3	51.0	.0	.0	
69.9	60.6	6.6	94.6	400.7	26.0	.0	.0	
70.3	62.3	3.1	73.8	437.1	32.0	.0	.0	
69.5	62.9	2.7	81.7	319.8	52.0	7.0	.0	
68.3	56.8	7.4	227.1	307.0	80.0	.0	.0	
59.5	53.3	10.0	35.0	187.2	93.0	37.0	.0	
54.5	43.7	5.6	182.5	441.4	7.0	.0	.0	
51.2	40.1	2.4	100.4	433.6	2.0	.0	.0	
53.6	39.2	2.2	62.5	438.7	2.0	.0	.0	
56.3	42.0	3.5	30.4	427.2	2.0	.0	.0	
60.5	49.3	5.1	49.2	411.0	2.0	.0	.0	
65.5	55.7	4.1	61.3	362.7	21.0	.0	.0	
68.2	60.1	3.8	56.3	351.2	47.0	.0	.0	
72.4	64.0	5.5	79.2	199.6	97.0	.0	.0	
  11    30    1982
73.2	65.5	3.5	67.5	323.1	60.0	.0	.0	
70.4	66.5	3.2	98.3	223.6	80.0	.0	.0	
73.3	68.3	6.4	155.0	284.9	89.0	84.0	.0	
61.2	52.8	7.7	278.3	159.0	98.0	111.0	.0	
47.6	26.3	8.2	274.2	397.8	24.0	.0	.0	
45.9	29.8	6.2	184.6	384.5	2.0	.0	.0	
51.2	33.0	6.8	103.8	373.9	5.0	.0	.0	
61.7	47.1	7.9	119.6	355.5	27.0	.0	.0	
61.4	52.3	5.8	128.8	380.7	17.0	.0	.0	
58.4	46.1	3.6	19.2	354.5	10.0	.0	.0	
61.7	54.3	2.6	49.6	291.2	35.0	.0	.0	
67.5	62.9	7.4	142.1	265.4	70.0	14.0	.0	
53.5	40.0	9.8	211.7	345.6	39.0	4.0	.0	
55.3	46.7	3.7	125.0	306.4	66.0	.0	.0	
56.5	42.2	9.0	204.6	316.4	48.0	.0	.0	
59.9	48.3	8.6	62.5	235.2	62.0	.0	.0	
66.8	59.1	7.2	90.0	237.8	98.0	.0	.0	
71.0	64.5	4.9	112.5	220.6	87.0	.0	.0	
70.2	64.2	7.3	71.3	217.4	93.0	.0	.0	
69.5	63.8	8.9	80.0	161.1	98.0	.0	.0	
69.2	63.5	4.7	74.6	154.8	79.0	.0	.0	
63.9	58.2	2.0	39.6	282.3	23.0	.0	.0	
66.8	60.4	4.6	119.2	303.0	28.0	.0	.0	
68.9	62.5	6.1	233.3	229.7	56.0	.0	.0	
61.8	49.9	8.2	58.3	303.1	28.0	.0	.0	
63.1	57.7	3.4	31.7	231.0	66.0	.0	.0	
65.9	63.0	3.9	59.6	143.8	92.0	2.0	.0	
72.6	68.4	12.9	164.6	128.4	98.0	1.0	.0	
73.3	69.3	6.3	167.9	155.9	90.0	18.0	.0	
71.4	68.6	6.0	134.6	179.1	93.0	.0	.0	
  12    31    1982
69.8	67.3	3.9	84.2	123.8	84.0	.0	.0	
73.7	67.1	7.9	114.2	253.0	76.0	.0	.0	
72.4	64.4	8.6	111.7	231.4	60.0	.0	.0	
74.1	67.2	10.8	146.7	251.8	76.0	4.0	.0	
67.8	63.4	8.3	151.7	111.0	96.0	117.0	.0	
60.4	52.4	4.5	179.6	161.0	98.0	1.0	.0	
61.1	51.0	7.8	91.3	219.2	76.0	.0	.0	
64.7	56.0	9.6	45.0	140.7	98.0	.0	.0	
61.8	55.1	7.8	86.7	129.5	95.0	.0	.0	
65.1	58.2	6.4	86.7	149.4	98.0	.0	.0	
66.6	64.6	6.5	138.3	100.4	98.0	97.0	.0	
51.5	43.8	12.1	277.9	161.1	98.0	11.0	.0	
42.4	26.1	7.8	132.5	289.1	51.0	.0	.0	
51.2	37.6	7.6	79.2	222.3	98.0	.0	.0	
63.6	58.1	10.2	137.1	195.9	93.0	44.0	.0	
55.9	44.0	9.1	299.6	304.9	21.0	.0	.0	
42.5	30.6	8.4	273.3	287.9	2.0	.0	.0	
40.0	29.7	2.0	48.8	303.6	6.0	.0	.0	
50.4	40.8	3.7	135.0	186.5	28.0	19.0	.0	
45.8	32.3	3.9	159.6	314.6	2.0	.0	.0	
45.5	32.0	2.0	34.2	276.9	4.0	.0	.0	
46.8	34.2	2.3	41.7	297.1	7.0	.0	.0	
53.6	45.7	5.6	66.3	242.5	30.0	.0	.0	
64.7	58.2	8.5	107.5	219.2	41.0	.0	.0	
67.6	61.2	7.5	103.3	245.0	17.0	.0	.0	
64.7	59.4	5.5	75.8	187.9	56.0	.0	.0	
66.8	61.6	7.7	106.7	159.1	89.0	.0	.0	
69.6	65.3	9.8	168.8	155.7	97.0	.0	.0	
59.9	57.3	7.0	220.0	139.4	98.0	124.0	.0	
50.9	49.3	7.5	165.8	89.1	98.0	133.0	.0	
53.6	52.4	6.6	63.8	149.9	98.0	.0	.0	
