01	31	2002
49.9	46.4	9.6	102.3	97.9	100.0	120	0.0
51.5	47.5	14.4	162.7	98.5	100.0	45	0.0
46.7	45.7	7.0	143.5	99.2	100.0	13	0.0
44.1	42.7	5.2	60.8	99.9	100.0	1	0.0
48.6	46.0	9.2	149.2	100.7	100.0	59	0.0
51.0	50.0	11.7	145.2	101.6	100.0	127	0.0
51.1	51.1	13.7	183.8	102.5	100.0	136	0.0
47.1	46.9	7.4	148.8	103.6	100.0	91	0.0
42.3	41.8	3.1	71.2	104.7	100.0	1	0.0
45.0	44.1	3.5	56.7	105.9	100.0	19	0.0
48.4	43.4	7.2	85.4	107.3	100.0	40	0.0
44.6	40.9	10.9	259.2	108.7	100.0	109	0.0
38.9	38.1	1.4	29.6	110.1	100.0	7	0.0
36.1	33.1	4.5	126.9	111.7	100.0	1	1.3
33.9	31.9	3.0	39.0	113.3	100.0	0	0.0
38.1	37.3	4.0	92.3	115.0	100.0	11	2.5
36.3	35.0	3.4	51.5	116.7	100.0	0	0.0
39.5	39.0	3.5	87.3	118.6	100.0	51	0.0
42.0	38.7	7.3	241.7	98.6	100.0	109	0.0
42.5	39.6	11.9	234.0	122.5	100.0	63	0.0
36.6	33.8	3.6	105.2	124.5	100.0	20	2.5
36.1	34.9	5.0	132.3	126.7	100.0	27	0.0
39.7	39.7	7.4	142.1	128.8	100.0	98	10.2
44.1	44.0	10.5	229.8	131.1	100.0	169	0.0
35.4	34.6	3.5	98.5	133.5	100.0	36	25.4
32.8	31.1	6.5	127.3	135.9	100.0	10	25.4
30.1	29.9	2.1	80.6	138.4	100.0	9	21.6
29.3	26.9	3.4	102.4	66.4	100.0	0	0.0
32.4	32.1	2.1	39.0	143.6	100.0	27	50.8
38.3	38.2	5.3	102.1	146.3	100.0	102	33.0
37.1	36.9	2.5	45.6	149.1	100.0	20	0.0
02	28	2002
39.2	38.8	2.0	21.2	151.9	100.0	17	0.0
42.9	38.5	7.9	108.5	154.8	100.0	15	0.0
42.5	39.4	7.1	154.8	157.8	100.0	50	0.0
39.4	34.7	6.8	60.7	147.0	100.0	1	2.5
44.1	38.9	8.5	144.6	164.0	100.0	72	0.0
42.7	41.3	7.8	156.5	167.1	100.0	188	0.0
40.8	39.3	5.1	126.7	170.4	100.0	61	0.0
40.9	40.0	4.4	115.2	173.7	100.0	27	0.0
41.4	38.8	6.8	69.8	177.1	100.0	0	0.0
40.8	36.4	9.2	181.9	180.5	100.0	58	0.0
37.3	33.2	4.5	129.8	183.9	100.0	2	5.1
35.9	31.5	4.8	74.8	187.5	100.0	0	0.0
38.0	35.8	3.6	107.1	191.1	100.0	0	0.0
38.8	35.2	3.7	65.8	194.9	100.0	1	2.5
45.1	38.4	5.8	84.0	198.8	100.0	0	0.0
44.2	42.5	4.2	69.1	202.7	100.0	20	0.0
43.6	43.3	3.0	79.8	206.7	100.0	44	0.0
43.8	43.0	7.7	109.2	210.7	100.0	71	0.0
43.9	41.2	11.1	175.0	214.9	100.0	18	0.0
41.6	38.1	4.2	45.6	219.2	100.0	13	0.0
48.1	47.6	13.8	168.2	223.6	100.0	354	0.0
47.6	47.6	5.8	145.2	228.0	100.0	175	0.0
42.5	38.7	6.7	129.0	232.4	100.0	9	0.0
36.8	26.7	8.0	52.7	236.9	100.0	2	2.5
36.9	23.8	6.3	37.1	241.5	100.0	0	0.0
38.8	29.4	4.5	159.8	208.2	100.0	0	0.0
37.0	33.1	3.4	88.5	250.8	100.0	0	0.0
36.6	26.1	4.5	75.2	255.4	100.0	0	0.0
03	31	2002
36.1	29.7	4.1	75.6	260.2	100.0	0	0.0
37.5	32.5	4.3	109.8	264.9	100.0	0	0.0
39.7	33.2	3.8	91.5	269.8	100.0	0	0.0
38.8	35.4	5.7	128.1	274.6	100.0	6	0.0
37.6	30.4	4.6	155.4	237.8	100.0	6	0.0
35.1	20.1	8.7	117.3	284.4	100.0	0	0.0
32.7	25.6	5.5	171.9	289.3	100.0	10	21.6
34.2	27.2	5.4	166.7	294.3	100.0	11	20.3
39.1	35.1	9.0	115.6	299.2	100.0	61	0.0
44.1	42.1	10.3	165.0	304.2	100.0	87	0.0
46.6	44.6	14.7	201.0	309.3	100.0	135	0.0
42.4	39.4	10.5	205.8	314.3	100.0	74	0.0
42.0	39.5	7.1	231.0	319.4	100.0	48	0.0
40.3	36.5	5.8	186.2	324.4	100.0	19	0.0
37.5	35.1	5.9	157.3	329.5	100.0	71	0.0
35.0	28.9	9.8	42.7	334.6	100.0	1	0.0
35.0	20.4	8.1	85.8	339.7	100.0	0	0.0
34.9	33.6	5.1	122.5	345.0	100.0	106	24.1
38.2	37.6	5.3	141.7	349.8	100.0	65	0.0
33.4	27.8	16.2	40.6	355.6	100.0	1	0.0
39.8	33.0	13.4	43.1	360.9	100.0	0	0.0
45.4	37.3	4.4	92.5	366.2	100.0	0	0.0
48.0	44.3	5.0	86.7	371.5	100.0	4	0.0
47.1	44.3	4.1	97.5	376.8	100.0	0	0.0
45.5	40.6	3.0	79.4	382.1	100.0	0	0.0
41.8	39.4	6.7	170.2	387.4	100.0	48	0.0
41.6	39.9	6.2	173.1	392.6	100.0	39	0.0
44.4	40.6	6.1	211.7	397.9	100.0	13	0.0
43.9	43.1	3.9	124.2	403.2	100.0	14	0.0
42.5	41.4	2.2	96.9	408.4	100.0	5	0.0
44.6	44.5	5.0	158.5	413.8	100.0	31	0.0
04	30	2002
44.5	38.8	5.5	202.3	419.1	100.0	0	0.0
45.0	29.8	7.2	147.9	424.5	100.0	1	2.5
44.7	34.8	3.8	141.2	429.8	100.0	0	0.0
48.4	40.1	4.0	108.7	435.0	100.0	0	0.0
47.3	46.6	7.7	172.1	440.3	100.0	9	0.0
45.3	44.5	6.8	190.7	445.5	100.0	27	0.0
41.6	37.5	3.5	115.0	450.7	100.0	1	0.0
44.5	37.1	2.8	82.7	455.9	100.0	0	0.0
48.2	47.4	6.7	126.2	461.0	100.0	25	0.0
48.2	47.7	5.3	106.5	466.1	100.0	14	0.0
49.2	48.6	8.4	140.0	471.2	100.0	28	0.0
48.7	48.5	11.0	170.6	476.2	100.0	62	0.0
49.5	49.3	14.0	186.5	481.2	100.0	88	0.0
42.4	38.4	12.8	222.5	486.1	100.0	27	0.0
42.3	40.2	6.8	182.0	491.0	100.0	25	0.0
40.0	38.1	4.7	95.8	495.9	100.0	38	0.0
42.5	38.1	5.1	141.3	500.9	100.0	0	0.0
45.0	41.4	4.4	127.6	505.8	100.0	0	0.0
46.9	41.7	4.4	124.8	510.7	100.0	0	0.0
46.3	40.3	3.9	120.7	515.6	100.0	0	0.0
45.4	44.5	3.7	145.5	520.4	100.0	5	0.0
45.3	38.5	8.9	241.5	525.1	100.0	1	0.0
43.1	33.6	4.7	137.6	529.8	100.0	0	0.0
44.5	35.5	5.1	143.1	534.5	100.0	0	0.0
43.9	37.1	5.1	153.5	539.0	100.0	0	0.0
44.4	43.0	4.0	122.4	543.6	100.0	27	0.0
45.7	41.4	3.8	103.7	548.1	100.0	1	0.0
44.0	39.5	3.8	115.1	552.5	100.0	0	0.0
48.1	39.2	5.0	131.6	503.2	100.0	0	0.0
47.9	44.0	4.7	131.9	561.1	100.0	0	0.0
05	31	2002
47.1	45.2	6.1	177.9	565.4	100.0	1	0.0
46.0	42.1	7.0	220.7	569.5	100.0	4	0.0
43.9	37.0	5.8	154.1	573.6	100.0	0	0.0
44.3	41.2	5.3	172.1	577.7	100.0	26	0.0
44.0	37.4	7.8	238.1	581.6	100.0	20	0.0
41.0	34.2	5.5	128.3	585.5	100.0	5	0.0
43.1	37.1	6.6	128.7	589.4	100.0	0	0.0
44.1	36.0	4.1	103.5	593.1	100.0	0	0.0
43.8	37.5	4.5	129.2	596.8	100.0	0	0.0
46.3	40.1	4.8	149.0	600.4	100.0	0	0.0
49.2	41.2	5.1	197.6	604.0	100.0	0	0.0
54.9	43.8	5.5	132.4	545.6	100.0	0	0.0
46.9	45.7	5.2	161.5	610.8	100.0	26	0.0
46.3	40.1	5.5	191.3	614.4	100.0	9	0.0
45.6	39.3	4.4	145.0	617.8	100.0	0	0.0
46.1	41.6	4.2	104.8	621.0	100.0	42	3.8
49.3	43.2	6.4	128.9	445.3	100.0	0	0.0
53.1	44.2	8.7	232.3	627.4	100.0	0	0.0
49.0	45.6	2.2	66.9	630.4	100.0	4	0.0
50.7	47.5	4.3	122.4	633.4	100.0	31	0.0
50.4	45.6	5.2	133.7	636.3	100.0	0	0.0
50.4	46.3	3.7	128.0	639.1	100.0	9	0.0
49.2	43.8	3.5	118.8	641.8	100.0	0	0.0
52.0	43.7	3.3	116.5	644.5	100.0	2	0.0
53.5	48.1	2.5	90.7	647.1	100.0	11	0.0
53.9	51.1	4.0	99.9	649.6	100.0	9	0.0
55.2	53.5	7.2	130.7	652.1	100.0	48	0.0
55.0	53.5	11.1	168.3	654.5	100.0	96	0.0
53.6	52.3	6.3	158.6	608.0	100.0	15	0.0
52.9	48.6	4.6	122.2	659.0	100.0	0	0.0
51.8	46.2	6.0	192.2	661.1	100.0	0	0.0
06	30	2002
53.6	48.0	4.9	174.8	663.2	100.0	0	0.0
54.5	47.4	4.9	193.3	665.1	100.0	0	0.0
53.0	49.8	2.7	107.4	667.0	100.0	0	0.0
54.3	51.7	6.7	148.2	668.8	100.0	15	0.0
52.9	50.3	7.8	241.3	670.5	100.0	25	0.0
50.8	44.2	5.7	209.5	671.3	100.0	2	0.0
48.3	42.2	5.7	188.5	673.6	100.0	4	0.0
54.1	44.5	4.9	188.3	675.0	100.0	0	0.0
53.1	48.8	5.1	142.9	676.3	100.0	0	0.0
53.1	49.0	5.8	159.5	677.6	100.0	0	0.0
56.0	51.1	4.1	153.1	678.7	100.0	0	0.0
67.4	51.8	4.5	159.2	679.8	100.0	0	0.0
63.5	52.9	5.9	121.8	552.5	100.0	0	0.0
54.5	51.3	5.7	166.7	681.6	100.0	5	0.0
55.3	48.9	3.8	130.9	611.3	100.0	0	0.0
54.0	50.2	5.0	119.9	683.1	100.0	1	0.0
54.0	52.4	7.0	153.5	683.6	100.0	42	0.0
54.0	50.8	4.8	146.7	622.0	100.0	6	0.0
53.0	48.9	3.5	153.6	568.3	100.0	2	0.0
58.7	51.3	6.6	180.2	629.4	100.0	0	0.0
57.4	52.1	4.3	125.2	608.2	100.0	0	0.0
55.7	50.7	4.6	122.5	685.2	100.0	0	0.0
56.8	52.2	4.5	136.1	685.3	100.0	3	0.0
55.7	49.2	4.3	116.4	591.3	100.0	0	0.0
61.8	51.6	4.7	140.4	685.1	100.0	0	0.0
60.6	55.6	4.6	153.6	684.8	100.0	0	0.0
56.3	54.5	4.1	193.4	684.5	100.0	17	0.0
55.3	53.7	7.5	118.8	684.1	100.0	192	0.0
55.9	53.1	5.3	140.0	683.6	100.0	2	0.0
56.3	52.3	4.3	141.3	683.0	100.0	18	0.0
07	31	2002
53.0	46.8	4.2	149.2	682.3	100.0	0	0.0
51.6	46.8	3.9	137.8	681.5	100.0	0	0.0
51.1	46.9	3.5	108.4	680.6	100.0	4	0.0
53.3	49.0	4.1	94.6	652.2	100.0	25	0.0
56.2	44.6	5.3	151.7	678.6	100.0	0	0.0
60.2	47.1	4.6	144.6	677.4	100.0	0	0.0
59.5	53.2	3.3	145.4	676.2	100.0	31	0.0
56.9	52.1	3.5	163.0	599.5	100.0	4	0.0
66.0	49.6	4.9	29.0	673.4	100.0	0	0.0
62.9	53.7	5.4	174.1	652.5	100.0	0	0.0
58.5	52.3	6.6	303.9	670.3	100.0	0	0.0
61.2	52.8	4.7	182.9	668.6	100.0	0	0.0
57.1	53.9	4.5	193.8	666.9	100.0	0	0.0
55.9	50.7	5.7	185.4	665.1	100.0	0	0.0
57.8	51.1	4.3	117.1	663.2	100.0	0	0.0
59.9	56.3	4.3	123.3	661.2	100.0	0	0.0
59.8	57.5	5.0	123.9	568.3	100.0	1	0.0
59.6	58.3	4.2	136.1	644.2	100.0	7	0.0
61.7	55.7	4.3	167.5	654.9	100.0	0	0.0
59.4	54.6	5.2	232.3	652.6	100.0	0	0.0
65.4	52.6	5.0	174.6	650.2	100.0	0	0.0
69.7	55.9	4.3	159.6	647.7	100.0	0	0.0
60.5	57.3	6.9	147.1	591.4	100.0	0	0.0
59.4	57.5	4.6	159.3	569.2	100.0	0	0.0
58.4	56.6	5.7	203.0	623.1	100.0	1	0.0
57.2	54.0	5.2	184.6	637.0	100.0	0	0.0
57.5	52.6	4.2	103.8	634.1	100.0	0	0.0
56.5	55.3	4.2	169.4	631.2	100.0	17	0.0
58.4	55.4	3.4	153.0	575.6	100.0	0	0.0
56.0	50.8	5.1	189.6	625.1	100.0	0	0.0
55.2	50.0	4.5	116.0	621.9	100.0	0	0.0
08	31	2002
53.9	49.8	4.9	150.9	618.6	100.0	0	0.0
56.9	52.1	5.0	217.6	543.6	100.0	0	0.0
55.5	51.1	2.6	83.3	611.9	100.0	0	0.0
54.7	53.7	4.1	113.2	608.4	100.0	52	0.0
55.3	51.9	4.5	119.4	604.8	100.0	0	0.0
56.1	52.1	4.3	136.7	558.8	100.0	0	0.0
57.2	51.6	3.7	103.5	597.5	100.0	0	0.0
59.0	51.2	3.4	115.6	593.8	100.0	1	0.0
61.0	56.9	4.4	185.4	589.9	100.0	0	0.0
56.2	53.6	3.4	115.6	586.0	100.0	0	0.0
59.9	52.6	3.9	159.6	582.0	100.0	0	0.0
68.7	52.7	5.2	166.2	446.5	100.0	0	0.0
70.5	53.9	4.0	138.7	503.9	100.0	0	0.0
61.4	53.5	4.8	164.6	570.1	100.0	0	0.0
56.1	50.9	5.2	164.8	566.1	100.0	0	0.0
56.2	50.8	4.2	147.3	561.9	100.0	0	0.0
52.4	49.0	4.0	128.3	491.9	100.0	0	0.0
53.0	50.8	5.5	202.0	507.1	100.0	0	0.0
53.9	50.8	3.7	133.4	538.0	100.0	0	0.0
54.7	50.3	4.3	138.8	544.7	100.0	0	0.0
54.2	49.9	2.9	120.4	540.3	100.0	0	0.0
55.8	51.4	4.2	166.7	535.8	100.0	0	0.0
56.5	53.7	4.1	159.0	531.2	100.0	0	0.0
58.2	55.1	3.4	170.4	526.6	100.0	0	0.0
59.9	56.8	2.7	116.5	522.0	100.0	0	0.0
62.2	53.3	3.5	113.1	517.2	100.0	0	0.0
62.7	53.8	5.3	144.3	486.6	100.0	0	0.0
63.8	56.7	4.4	153.7	507.7	100.0	0	0.0
57.8	52.9	4.7	136.0	502.9	100.0	0	0.0
55.8	51.7	3.1	118.1	498.0	100.0	0	0.0
54.8	52.7	2.5	104.3	493.1	100.0	0	0.0
09	30	2002
58.8	54.5	2.5	99.1	425.6	100.0	4	0.0
54.9	53.4	4.6	125.4	483.4	100.0	40	0.0
54.3	49.9	4.1	102.3	431.7	100.0	0	0.0
53.0	46.4	4.8	102.4	439.8	100.0	0	0.0
52.3	47.8	4.3	107.8	387.1	100.0	0	0.0
53.5	48.6	3.4	85.2	463.4	100.0	0	0.0
53.3	47.0	4.8	92.2	458.4	100.0	0	0.0
54.0	52.2	6.3	118.9	416.5	100.0	68	0.0
58.6	55.0	4.3	123.8	448.1	100.0	8	0.0
58.8	54.9	3.6	108.3	443.0	100.0	0	0.0
62.2	56.7	3.6	86.0	437.8	100.0	0	0.0
59.5	53.8	3.7	110.4	432.6	100.0	0	0.0
63.2	56.3	4.8	153.2	410.4	100.0	0	0.0
55.5	53.4	3.2	111.7	422.4	100.0	0	0.0
58.0	56.5	4.9	128.5	417.4	100.0	107	0.0
58.0	55.2	5.3	162.4	355.4	100.0	23	0.0
54.6	48.6	4.9	118.8	407.1	100.0	1	0.0
56.5	51.8	3.6	92.7	402.0	100.0	0	0.0
55.5	53.1	3.8	115.0	396.8	100.0	36	0.0
51.3	47.4	4.5	142.9	391.6	100.0	0	0.0
55.1	44.1	5.1	135.2	386.4	100.0	0	0.0
58.3	45.8	3.1	101.0	381.2	100.0	0	0.0
54.0	49.5	2.0	60.6	376.0	100.0	0	0.0
54.8	50.0	3.4	80.7	370.8	100.0	0	0.0
58.6	49.6	3.7	124.3	365.5	100.0	0	0.0
53.8	49.5	4.0	172.3	331.9	100.0	0	0.0
49.9	47.1	2.6	66.7	351.6	100.0	0	0.0
50.0	48.5	2.2	81.3	349.9	100.0	8	0.0
50.2	45.5	5.5	170.0	308.4	100.0	0	0.0
49.9	43.8	4.0	124.8	339.4	100.0	0	0.0
10	31	2002
45.9	41.2	4.0	95.8	334.2	100.0	1	0.0
50.7	47.7	3.3	101.2	329.0	100.0	29	0.0
54.9	53.9	3.5	132.6	323.9	100.0	56	0.0
50.6	49.2	2.5	71.9	318.7	100.0	5	0.0
51.2	50.2	1.5	49.4	313.6	100.0	3	0.0
53.0	51.1	1.4	69.0	308.4	100.0	0	0.0
52.4	51.5	2.2	107.0	303.3	100.0	3	0.0
51.0	50.2	2.5	112.3	298.2	100.0	7	0.0
50.6	47.4	2.3	102.3	293.2	100.0	2	0.0
45.4	41.3	3.1	112.2	288.2	100.0	0	0.0
43.7	38.8	2.8	77.4	282.9	100.0	0	0.0
45.9	37.3	4.3	49.2	278.4	100.0	0	0.0
46.2	39.1	3.7	142.2	265.4	100.0	0	0.0
49.9	39.0	4.0	80.6	269.0	100.0	0	0.0
53.5	43.0	3.1	68.4	227.8	100.0	0	0.0
53.1	46.4	2.0	76.7	231.3	100.0	0	0.0
48.8	45.7	3.6	106.5	255.4	100.0	0	0.0
51.6	48.6	3.5	117.2	223.3	100.0	18	0.0
55.0	54.3	1.3	23.5	246.5	100.0	26	0.0
55.1	54.1	1.4	64.8	242.1	100.0	18	0.0
53.0	51.6	1.1	82.8	237.8	100.0	0	0.0
50.0	46.7	2.3	54.5	195.7	100.0	0	0.0
47.1	42.9	1.4	58.3	229.2	100.0	0	0.0
45.9	44.6	2.0	90.6	225.0	100.0	1	0.0
45.8	44.0	3.5	102.9	220.8	100.0	1	0.0
46.5	44.6	3.4	59.4	216.7	100.0	3	0.0
47.2	45.9	2.6	73.4	188.8	100.0	20	0.0
47.1	45.1	2.8	97.9	208.6	100.0	1	0.0
45.0	29.2	11.5	61.7	204.6	100.0	0	0.0
36.5	29.4	3.5	78.3	200.7	100.0	0	0.0
38.0	26.6	4.5	82.9	196.8	100.0	0	0.0
11	30	2002
41.1	30.4	4.2	44.0	193.0	100.0	0	0.0
37.7	26.3	3.6	74.0	189.3	100.0	0	0.0
39.7	32.8	3.4	74.5	158.4	100.0	0	0.0
41.9	35.9	3.0	58.3	181.9	100.0	9	0.0
51.7	48.0	6.8	102.9	178.4	100.0	32	0.0
53.6	51.4	9.0	135.2	174.9	100.0	138	0.0
51.8	48.1	8.8	126.1	152.2	100.0	55	0.0
50.1	48.7	10.2	171.7	168.1	100.0	43	0.0
48.0	46.1	5.4	134.1	164.8	100.0	121	0.0
50.2	48.4	6.0	123.5	143.4	100.0	94	0.0
51.4	49.1	7.3	149.8	158.4	100.0	66	0.0
53.4	49.4	13.2	175.2	155.3	100.0	57	0.0
51.7	49.6	7.3	180.7	152.3	100.0	56	0.0
49.3	47.6	4.4	98.3	149.4	100.0	2	0.0
46.5	42.3	6.6	87.7	146.5	100.0	22	0.0
50.4	45.9	13.0	192.4	127.7	100.0	78	0.0
47.2	45.0	6.0	97.0	115.3	100.0	13	0.0
51.4	50.2	13.6	171.3	138.5	100.0	419	0.0
54.7	54.0	7.8	182.2	136.0	100.0	159	0.0
54.1	51.7	4.2	42.9	133.6	100.0	0	0.0
48.4	47.6	1.3	34.0	131.2	100.0	0	0.0
48.3	47.2	1.5	89.2	129.0	100.0	0	0.0
43.9	41.3	3.0	48.1	126.9	100.0	0	0.0
42.6	38.6	3.3	79.6	111.8	100.0	0	0.0
38.9	35.9	2.7	87.7	122.9	100.0	0	0.0
41.4	36.4	2.2	42.5	96.1	100.0	0	0.0
43.3	38.1	2.8	40.6	119.2	100.0	0	0.0
43.0	39.6	1.9	32.4	117.4	100.0	0	0.0
43.8	40.7	1.5	34.2	115.8	100.0	1	2.5
42.2	39.9	0.8	33.7	114.1	100.0	0	0.0
12	31	2002
45.8	44.0	1.1	31.5	112.6	100.0	2	0.0
45.6	44.3	1.1	72.7	111.1	100.0	1	0.0
43.6	41.2	3.6	50.2	109.6	100.0	3	0.0
45.3	44.2	4.6	52.1	108.3	100.0	34	0.0
45.5	42.6	5.5	70.7	96.0	100.0	0	0.0
42.9	39.8	1.7	30.4	88.5	100.0	0	0.0
38.6	37.0	1.7	29.2	104.6	100.0	1	0.0
40.9	38.2	4.4	67.3	103.5	100.0	0	0.0
46.6	43.4	7.7	122.4	92.2	100.0	27	0.0
45.6	42.5	9.3	174.1	101.6	100.0	93	0.0
48.3	46.6	9.9	133.8	100.7	100.0	170	0.0
50.8	47.9	14.4	174.8	99.9	100.0	110	0.0
47.6	44.2	7.6	82.8	89.4	100.0	47	0.0
50.8	47.9	12.1	158.6	88.9	100.0	96	0.0
47.6	43.9	12.0	159.0	97.9	100.0	90	0.0
43.1	40.8	5.3	129.4	97.3	100.0	68	0.0
38.8	37.0	3.6	46.9	96.9	100.0	52	0.0
40.3	37.2	4.4	61.5	96.5	100.0	24	0.0
43.5	37.1	8.6	60.4	96.1	100.0	7	0.0
43.2	35.4	7.3	34.4	95.9	100.0	0	0.0
41.3	38.6	2.0	48.9	95.7	100.0	10	0.0
42.1	40.7	2.2	37.9	95.5	100.0	11	0.0
38.2	35.9	4.8	65.6	95.5	100.0	1	0.0
41.2	38.5	8.5	107.3	95.5	100.0	97	0.0
45.2	43.5	12.7	188.3	95.5	100.0	350	0.0
38.5	36.6	4.2	72.5	95.7	100.0	23	0.0
41.4	38.7	8.5	138.8	95.9	100.0	53	0.0
36.6	34.1	5.4	127.5	96.2	100.0	0	0.0
35.8	33.7	5.3	84.1	91.9	100.0	63	0.0
41.4	39.7	4.4	86.7	94.9	100.0	43	2.5
39.9	37.5	5.0	80.7	97.4	100.0	13	0.0
