01	31	2007
41.1	36.8	7.0	164.0	42.7	12.5	29	0.0
49.8	46.4	15.9	198.1	42.0	8.2	130	0.0
44.4	40.8	12.0	202.2	59.3	20.3	83	0.0
37.6	33.8	8.4	195.4	54.1	31.4	14	0.0
38.0	33.8	17.9	188.4	42.2	9.4	60	0.0
40.4	33.7	11.8	209.7	49.5	32.8	3	0.0
45.5	42.2	17.7	204.4	44.3	11.1	63	0.0
44.3	39.5	8.2	174.3	55.3	14.6	0	0.0
44.3	39.2	15.5	207.9	57.6	26.6	13	0.0
32.8	28.9	11.7	197.4	61.4	24.5	11	27.3
28.2	21.9	10.2	39.8	107.7	65.6	0	0.0
24.5	18.1	5.2	101.0	108.0	79.2	0	0.0
25.6	21.5	5.1	86.5	46.4	19.6	0	0.0
26.6	20.2	5.5	108.8	106.5	81.8	0	0.0
28.7	21.6	4.8	112.3	60.3	45.8	0	0.0
32.2	28.9	4.8	124.2	50.5	8.3	11	27.0
35.1	32.9	4.9	160.3	49.3	6.2	13	0.0
38.5	35.4	8.5	178.3	52.1	9.4	15	17.8
40.3	37.7	10.4	193.6	44.5	4.5	17	0.0
40.1	34.8	7.4	169.8	101.0	31.2	0	0.0
40.0	32.7	6.5	166.0	55.4	10.4	0	0.0
45.1	39.2	7.1	196.0	55.9	10.9	0	0.0
47.0	40.8	7.3	182.1	90.5	30.7	0	0.0
42.8	37.5	6.4	160.4	115.7	69.3	0	0.0
39.8	37.5	6.2	128.5	76.9	33.2	2	0.0
39.4	36.1	14.4	30.3	112.8	50.5	0	0.0
39.8	32.6	6.6	121.5	131.6	68.8	0	0.0
38.4	30.3	5.4	79.2	129.3	78.7	0	0.0
34.1	31.4	4.6	96.5	68.2	51.4	0	0.0
39.3	32.2	11.9	81.5	146.6	84.4	0	0.0
38.5	31.8	7.2	110.5	148.9	88.0	0	0.0
02	28	2007
39.0	27.4	5.3	96.7	156.6	99.0	0	0.0
35.5	26.7	3.8	137.3	93.8	47.4	0	0.0
38.0	31.7	6.1	135.0	66.3	11.1	12	0.0
45.1	43.8	3.2	157.3	99.9	17.9	12	0.0
43.1	42.7	3.6	149.1	131.7	64.9	0	0.0
44.6	43.3	4.8	136.7	86.7	34.4	3	0.0
47.1	45.5	4.4	157.3	80.9	12.6	5	0.0
47.4	42.4	5.4	129.1	117.5	22.4	1	0.0
49.0	41.2	7.6	145.4	100.7	17.2	8	0.0
49.0	38.8	7.7	134.8	125.4	32.8	16	0.0
47.2	42.5	8.1	198.3	126.6	18.2	18	0.0
46.1	40.1	5.7	179.4	143.9	31.2	0	0.0
45.1	40.3	6.8	181.7	132.6	26.0	2	0.0
43.8	41.0	7.5	172.4	93.0	14.4	14	0.0
48.7	45.2	14.1	209.9	104.0	9.7	9	0.0
47.9	43.4	5.3	141.9	104.5	14.2	1	0.0
50.2	45.8	8.6	187.0	169.4	28.3	6	0.0
42.9	37.7	16.6	213.5	141.4	24.7	0	0.0
44.0	40.4	16.3	199.4	93.2	6.6	59	0.0
39.8	35.6	16.6	202.6	161.4	28.1	21	0.0
42.0	30.2	7.9	160.9	190.6	32.1	2	0.0
40.9	34.5	6.8	196.3	164.2	26.6	10	0.0
38.4	31.4	12.3	196.2	161.8	24.0	1	0.0
40.0	33.8	9.9	116.2	106.3	12.3	33	0.0
42.3	36.3	9.1	165.4	123.2	11.3	12	0.0
39.4	33.2	9.7	176.7	177.3	26.4	12	0.0
36.7	31.6	6.2	99.0	145.8	25.4	14	0.0
36.1	31.7	12.2	218.1	153.8	17.7	4	0.0
03	31	2007
35.4	27.3	6.3	137.3	176.8	29.2	0	0.0
38.3	32.4	9.9	120.4	117.2	9.7	20	0.0
46.8	44.0	6.2	112.4	131.2	17.1	5	0.0
47.7	41.4	4.9	112.6	124.2	22.7	0	0.0
51.4	44.4	5.1	141.7	203.0	29.2	6	0.0
54.5	41.2	7.1	170.6	205.6	44.8	0	0.0
48.7	41.8	9.5	212.7	186.6	18.0	18	0.0
44.6	38.7	12.2	191.5	142.4	14.9	15	0.0
47.5	41.1	6.1	192.2	134.2	11.8	6	0.0
49.8	46.4	7.3	165.3	145.8	9.0	24	0.0
54.6	52.9	15.2	202.3	125.6	6.6	56	0.0
47.7	39.7	13.3	186.2	229.1	22.9	10	0.0
42.0	35.3	11.5	210.1	196.1	29.0	1	0.0
41.9	32.5	7.9	134.7	224.0	39.6	0	0.0
40.6	33.2	2.9	89.2	145.6	24.5	1	0.0
53.2	42.5	7.0	190.0	208.9	34.9	0	0.0
49.5	47.0	7.7	185.5	135.7	11.5	7	0.0
52.8	48.5	6.0	216.5	193.1	13.9	2	0.0
48.6	45.8	10.0	193.5	154.5	13.2	26	0.0
42.4	36.5	13.4	163.2	255.9	27.9	8	0.0
41.5	33.4	8.8	195.6	213.0	37.0	0	0.0
46.8	41.7	12.7	207.1	200.2	12.0	5	0.0
49.1	45.8	9.6	189.3	160.9	7.6	15	0.0
50.2	48.8	11.8	216.3	150.0	6.2	64	0.0
46.9	38.3	8.5	206.1	288.6	39.4	1	0.0
46.5	37.2	7.7	225.1	276.6	40.5	5	0.0
43.5	39.5	8.7	183.9	202.1	7.8	22	0.0
44.6	34.8	5.3	140.8	226.1	43.8	0	0.0
50.3	38.5	3.4	113.3	177.9	33.3	0	0.0
47.3	42.1	6.1	197.8	221.1	17.5	12	0.0
45.0	39.4	7.5	221.6	212.4	11.3	15	0.0
04	30	2007
40.5	32.3	11.7	205.5	260.2	34.2	0	0.0
41.4	32.3	8.9	186.6	324.5	39.1	0	0.0
44.7	31.1	8.7	211.2	269.0	36.5	0	0.0
50.4	39.3	5.0	170.0	208.4	16.7	0	0.0
57.8	42.6	5.9	201.2	257.9	30.2	0	0.0
63.6	42.6	6.2	202.5	389.8	66.2	0	0.0
55.5	49.9	5.9	189.5	252.4	24.0	2	0.0
50.9	44.7	8.7	203.1	241.3	17.9	10	0.0
46.9	40.3	16.3	224.7	320.2	28.1	6	0.0
45.0	37.2	9.9	195.2	280.2	30.9	0	0.0
48.8	35.8	7.9	208.8	258.3	26.6	0	0.0
46.7	39.6	8.9	223.1	211.0	19.8	0	0.0
48.0	42.4	6.7	181.5	210.8	10.4	7	0.0
48.4	40.3	10.6	221.6	327.8	25.0	1	0.0
47.7	34.4	4.5	132.6	356.5	27.4	0	0.0
46.7	39.4	10.8	196.2	224.6	21.9	3	0.0
46.8	38.2	10.0	214.2	355.2	31.2	5	0.0
45.0	37.7	7.3	173.9	338.1	25.9	1	0.0
46.9	34.6	7.5	246.7	418.2	57.8	0	0.0
48.3	33.2	4.7	81.9	300.0	53.6	0	0.0
48.6	39.9	5.8	170.0	273.9	28.6	9	0.0
52.1	41.8	5.8	196.9	368.4	28.6	0	0.0
53.5	42.8	6.2	211.8	424.8	41.5	0	0.0
50.4	45.0	7.5	192.7	236.0	9.9	10	0.0
49.7	41.6	10.6	214.6	307.3	12.2	0	0.0
52.3	44.4	9.7	220.2	238.5	8.3	0	0.0
54.1	49.4	8.7	211.3	230.9	8.7	0	0.0
52.5	34.1	10.5	152.4	438.0	33.2	0	0.0
51.8	36.5	7.8	97.5	414.3	35.4	0	0.0
50.5	37.6	7.0	174.0	326.7	26.6	8	0.0
05	31	2007
50.6	42.1	5.2	164.9	323.4	13.4	5	0.0
48.3	43.3	9.8	200.9	387.5	28.9	28	0.0
47.8	39.0	9.6	207.0	461.4	39.6	1	0.0
48.0	40.6	6.6	223.5	370.0	20.5	11	0.0
49.6	37.9	7.8	197.3	331.6	24.0	0	0.0
53.4	46.0	6.3	190.0	246.2	8.7	0	0.0
61.0	51.7	4.3	150.1	450.3	41.5	0	0.0
58.1	46.7	10.8	159.6	501.1	54.2	0	0.0
53.5	35.6	9.3	170.2	531.6	60.4	0	0.0
55.4	39.8	7.2	217.7	536.4	77.1	0	0.0
54.2	39.2	9.7	167.1	435.8	49.5	0	0.0
53.5	40.2	10.1	153.5	313.6	33.9	0	0.0
50.3	39.7	10.5	190.6	333.4	26.9	0	0.0
55.6	41.5	11.5	116.5	561.7	79.5	0	0.0
64.3	43.2	9.1	279.0	496.9	57.8	0	0.0
53.7	42.8	8.8	149.8	315.1	29.7	0	0.0
54.8	41.3	5.7	156.7	479.7	41.1	0	0.0
56.1	41.5	6.1	127.7	411.6	43.8	1	0.0
52.6	43.6	10.0	193.8	439.4	26.6	3	0.0
48.9	44.4	7.0	176.2	328.9	13.9	40	0.0
50.8	44.7	5.8	180.0	353.8	13.8	21	0.0
53.7	45.0	2.8	103.7	426.1	37.7	0	0.0
56.6	46.3	3.7	137.7	307.1	24.5	0	0.0
60.9	43.8	7.4	169.4	595.3	81.2	0	0.0
62.5	44.0	3.6	162.9	379.8	38.0	0	0.0
58.8	48.9	6.9	223.3	437.3	28.6	0	0.0
51.4	43.7	8.0	173.8	351.4	19.6	3	0.0
54.6	41.5	7.4	214.2	489.9	41.8	0	0.0
64.4	44.3	9.1	217.7	609.5	71.3	0	0.0
71.2	44.3	4.8	193.3	656.3	93.8	0	0.0
67.4	47.0	6.1	151.2	609.4	72.4	0	0.0
06	30	2007
65.9	46.6	7.2	207.3	491.6	50.0	0	0.0
69.1	47.0	6.5	208.3	545.7	59.9	0	0.0
69.7	51.5	6.4	159.8	502.6	43.8	0	0.0
61.0	52.9	7.4	219.6	327.7	13.9	5	0.0
54.9	47.2	9.3	139.5	407.4	19.0	4	0.0
52.9	43.7	8.6	171.0	367.8	17.5	1	0.0
54.5	45.9	5.2	204.7	393.4	19.1	0	0.0
59.3	44.4	7.7	147.3	492.5	29.2	0	0.0
55.1	50.9	3.9	138.3	277.8	12.2	18	0.0
56.0	47.0	11.7	217.1	481.1	29.7	0	0.0
54.5	42.0	9.7	207.9	489.4	36.5	0	0.0
59.0	42.1	4.2	129.4	524.7	44.3	0	0.0
57.3	45.2	11.3	212.0	453.6	28.7	1	0.0
57.8	43.2	7.4	251.2	465.2	25.5	0	0.0
57.0	48.6	4.4	150.1	357.1	17.7	11	0.0
57.2	46.8	11.4	215.6	429.6	19.6	0	0.0
54.5	47.6	10.0	199.9	289.6	7.6	1	0.0
55.9	43.7	6.8	225.5	435.0	26.0	0	0.0
61.5	45.9	2.9	150.0	466.0	39.1	0	0.0
64.5	48.6	5.1	185.7	551.8	54.0	0	0.0
63.8	49.5	8.2	217.7	480.0	29.3	0	0.0
59.4	45.8	9.0	209.2	478.7	33.9	0	0.0
59.3	44.5	8.1	212.9	447.2	28.6	0	0.0
53.7	47.6	8.7	187.3	441.4	24.6	32	0.0
58.2	42.9	7.7	209.8	599.5	50.5	0	0.0
65.6	46.1	7.1	215.2	508.5	50.5	0	0.0
63.7	43.6	4.8	180.2	342.3	19.3	0	0.0
62.0	54.9	4.3	185.9	406.6	17.7	21	0.0
57.8	52.2	7.5	188.6	429.2	33.6	6	0.0
62.0	46.6	6.9	224.1	568.0	54.2	0	0.0
07	31	2007
64.8	48.2	4.9	158.5	390.1	21.4	0	0.0
66.6	49.2	7.2	212.1	531.7	40.1	0	0.0
69.4	53.7	6.5	236.0	579.6	68.2	0	0.0
71.3	52.7	9.0	163.8	679.7	95.8	0	0.0
69.7	50.1	11.4	157.7	519.0	62.0	0	0.0
68.5	45.1	8.7	98.5	639.9	71.3	0	0.0
65.2	51.2	5.8	197.9	518.5	55.7	0	0.0
64.2	50.6	7.8	211.9	449.4	42.2	0	0.0
68.9	51.9	11.8	117.9	661.3	92.2	0	0.0
77.3	51.1	12.1	132.7	657.4	92.2	0	0.0
80.7	54.0	8.6	245.2	538.3	64.6	0	0.0
67.7	55.7	6.2	184.4	485.8	40.6	0	0.0
66.8	56.4	4.7	189.4	450.4	34.5	1	0.0
70.8	55.9	3.5	172.8	461.1	46.0	0	0.0
70.5	54.7	8.0	217.7	452.4	30.7	0	0.0
69.3	53.2	4.0	193.1	446.9	25.0	0	0.0
64.2	57.2	3.3	192.9	338.8	20.8	4	0.0
61.9	58.7	7.0	171.4	286.6	16.5	22	0.0
64.0	56.4	4.8	150.8	473.3	37.1	5	0.0
61.4	57.6	4.7	125.8	287.9	13.2	34	0.0
65.8	60.1	5.8	166.5	323.5	13.5	26	0.0
66.4	62.9	4.3	148.4	280.9	6.6	19	0.0
63.8	59.0	7.0	166.9	306.5	13.0	3	0.0
63.1	49.4	10.0	160.6	545.0	51.2	0	0.0
66.0	51.7	6.8	222.9	635.8	96.3	0	0.0
61.0	55.2	4.6	186.9	398.8	55.6	0	0.0
65.6	53.1	5.3	215.8	610.6	63.9	0	0.0
66.4	54.5	7.3	212.4	488.3	40.6	0	0.0
63.5	52.4	7.9	139.2	387.0	21.9	0	0.0
63.6	46.7	8.6	145.6	585.1	70.3	0	0.0
66.4	45.2	9.1	226.5	624.0	100.0	0	0.0
08	31	2007
70.6	47.6	7.4	199.0	620.8	100.0	0	0.0
69.8	51.0	4.2	172.9	608.2	84.9	0	0.0
63.8	54.7	7.5	226.7	470.8	34.6	3	0.0
64.6	53.2	4.9	194.7	417.2	48.3	0	0.0
63.9	55.3	5.6	213.2	468.7	48.0	0	0.0
61.3	53.4	8.4	217.5	272.0	13.5	0	0.0
61.4	53.7	9.1	200.8	293.2	9.0	0	0.0
64.0	51.2	10.2	198.1	452.2	33.3	0	0.0
61.9	47.4	6.4	142.4	389.2	27.3	0	0.0
62.6	47.8	5.4	189.2	428.5	45.2	0	0.0
62.9	48.5	3.6	107.1	405.7	44.3	0	0.0
61.6	49.9	5.8	186.0	337.4	20.8	0	0.0
65.0	49.6	8.8	210.2	504.8	61.5	0	0.0
69.6	49.6	7.2	187.9	546.7	88.0	0	0.0
71.0	51.4	4.8	167.3	406.7	61.5	0	0.0
64.7	52.8	8.6	181.2	402.8	51.4	0	0.0
64.1	50.8	6.7	192.7	431.2	41.1	0	0.0
61.6	52.9	5.7	153.8	365.1	27.1	16	0.0
58.6	54.5	5.5	141.7	261.6	14.4	20	0.0
61.3	56.6	5.1	126.4	263.5	11.1	16	0.0
64.5	58.0	5.8	191.7	334.4	25.0	5	0.0
65.2	55.3	7.1	182.1	374.9	40.5	0	0.0
67.6	53.8	5.9	204.6	506.4	76.0	0	0.0
66.7	54.8	4.4	177.6	422.2	68.4	0	0.0
61.6	54.5	7.2	180.8	238.1	19.1	1	0.0
60.7	49.7	8.2	142.7	318.0	24.0	0	0.0
62.4	46.5	8.4	131.7	470.9	57.8	0	0.0
65.2	47.6	5.4	183.8	492.4	80.2	0	0.0
70.8	51.4	6.2	180.8	506.7	98.4	0	0.0
68.1	53.5	4.9	111.5	493.3	88.0	0	0.0
62.5	50.0	5.8	130.0	306.0	39.1	0	0.0
09	30	2007
64.4	49.8	6.5	141.5	429.2	40.6	0	0.0
65.2	50.9	5.2	172.1	332.4	33.9	0	0.0
66.9	54.7	3.8	175.4	329.7	29.0	29	0.0
62.1	59.4	3.5	164.3	205.2	17.0	40	0.0
65.3	56.9	6.2	227.8	372.8	33.3	0	0.0
63.1	53.5	5.0	179.0	330.0	33.2	0	0.0
61.5	48.4	6.1	210.0	419.4	62.0	0	0.0
61.8	49.5	9.5	139.5	398.7	81.9	0	0.0
65.2	46.7	12.2	181.0	452.4	99.0	0	0.0
69.8	46.1	8.1	173.3	447.3	97.9	0	0.0
67.7	51.1	3.4	158.5	442.3	96.3	0	0.0
60.5	52.3	4.0	182.5	290.8	43.2	0	0.0
59.0	53.4	4.2	153.1	363.4	57.5	0	0.0
60.0	51.9	4.0	157.7	183.3	16.0	0	0.0
60.1	51.1	3.1	175.4	261.9	19.3	0	0.0
56.8	52.2	6.3	183.3	185.3	10.2	12	0.0
55.8	51.9	5.4	237.1	215.0	19.8	20	0.0
53.9	46.1	7.2	198.9	272.9	29.0	0	0.0
54.8	46.1	8.7	137.3	315.3	50.4	0	0.0
53.9	46.9	5.0	106.9	237.4	32.1	0	0.0
57.7	49.9	6.6	176.5	326.3	28.3	1	0.0
55.5	45.2	6.8	104.4	235.7	38.5	0	0.0
53.5	45.2	2.8	123.5	214.9	35.8	0	0.0
54.6	45.6	3.2	144.0	332.0	42.0	0	0.0
52.5	49.0	3.3	134.4	150.4	23.1	1	0.0
55.1	48.6	5.8	121.7	289.4	54.8	0	0.0
55.2	49.1	5.8	132.0	222.0	16.8	17	0.0
51.1	43.3	7.6	165.7	274.3	32.5	9	0.0
50.9	43.9	8.9	172.9	185.6	17.0	9	0.0
51.8	48.9	9.0	156.0	143.6	6.9	100	0.0
10	31	2007
54.1	48.7	12.4	197.8	252.7	21.4	5	0.0
52.5	50.6	13.2	199.0	144.5	8.2	47	0.0
48.7	42.9	10.8	191.5	216.2	22.7	15	0.0
49.2	42.6	6.0	160.8	228.8	19.4	6	0.0
48.3	42.4	6.1	81.6	200.2	25.1	0	0.0
49.3	45.0	8.0	176.7	130.4	8.7	5	0.0
55.5	49.8	10.5	170.4	138.4	10.2	15	0.0
50.4	44.2	7.2	176.2	186.1	23.4	0	0.0
54.3	49.1	3.3	130.8	138.6	10.4	1	0.0
53.4	49.7	7.7	185.8	182.7	26.8	3	0.0
51.2	43.7	7.8	204.4	149.3	29.7	0	0.0
52.5	46.6	5.2	155.4	210.8	44.3	1	0.0
51.6	44.9	2.4	134.9	254.6	83.1	0	0.0
53.6	47.5	2.9	125.0	184.3	43.0	0	0.0
52.2	49.9	6.7	156.2	111.8	18.4	8	0.0
49.0	42.1	9.3	163.5	147.1	37.5	2	0.0
47.3	41.5	9.1	170.8	167.4	23.7	24	0.0
51.2	44.8	13.1	157.4	146.3	14.1	18	0.0
48.7	44.5	13.8	177.2	153.2	18.4	58	0.0
47.4	43.3	10.7	187.5	130.7	17.4	18	0.0
50.4	45.0	9.0	186.8	107.0	12.7	3	0.0
55.6	47.5	6.2	143.8	178.8	38.5	0	0.0
59.5	51.1	4.5	131.9	223.6	75.0	0	0.0
50.7	46.3	9.0	155.8	104.5	23.6	6	0.0
45.6	37.8	6.5	68.7	177.1	66.3	0	0.0
44.3	37.2	11.0	157.9	216.7	90.6	0	0.0
44.6	39.7	4.7	105.8	182.6	56.2	0	0.0
47.7	40.0	3.0	109.7	166.6	55.5	0	0.0
47.3	42.2	6.8	91.9	79.6	24.5	2	0.0
44.4	39.1	5.8	116.5	166.6	65.1	0	0.0
41.8	37.9	3.6	104.1	94.1	34.2	0	0.0
11	30	2007
45.6	37.5	4.8	104.7	155.4	46.5	3	0.0
42.5	33.3	3.0	89.9	129.8	46.4	0	0.0
52.1	43.5	10.8	189.9	119.8	18.9	0	0.0
49.6	45.2	6.6	208.8	89.6	32.6	6	0.0
45.7	40.6	6.6	152.7	164.2	65.9	0	0.0
45.6	42.5	1.2	54.6	120.4	38.8	0	0.0
50.4	46.9	2.0	113.6	81.1	11.6	3	0.0
51.3	48.4	3.1	133.1	117.3	41.8	0	0.0
51.7	47.0	9.9	180.0	111.6	17.8	14	0.0
48.7	40.5	10.7	185.9	130.1	36.5	14	0.0
47.5	37.0	13.6	176.6	100.8	20.0	3	0.0
46.8	40.4	15.2	185.7	76.0	22.0	51	0.0
43.9	36.5	5.8	134.2	126.3	60.1	0	0.0
44.6	32.4	9.2	151.2	65.9	26.6	8	0.0
51.4	48.2	10.6	179.0	66.7	9.4	99	0.0
50.2	46.0	6.5	153.9	93.6	13.8	3	0.0
47.2	43.5	8.1	130.0	67.5	17.6	37	0.0
43.1	38.3	3.6	111.7	61.1	16.0	2	0.0
41.3	37.8	6.0	168.8	70.0	9.8	20	0.0
41.1	36.2	6.3	108.3	112.9	28.8	2	0.0
38.9	32.6	9.9	101.7	122.9	65.4	0	0.0
37.9	28.8	9.5	135.2	124.8	89.6	0	0.0
37.3	29.6	4.2	139.4	93.8	58.9	0	0.0
38.4	30.1	4.1	107.9	68.6	22.6	0	0.0
39.2	33.4	5.8	85.8	119.2	66.0	0	0.0
37.5	30.5	8.1	144.5	53.3	8.7	29	0.0
40.8	34.8	6.0	149.0	97.5	32.1	0	0.0
39.2	35.1	5.3	129.1	51.7	7.8	14	0.0
39.1	34.3	8.9	46.4	81.1	21.9	0	0.0
37.2	29.3	7.8	56.0	78.8	18.8	0	0.0
12	31	2007
34.4	29.6	9.7	150.2	54.7	8.8	14	6.4
41.4	37.6	12.5	162.1	48.4	8.7	118	15.2
54.2	52.3	12.7	167.4	46.1	7.8	309	0.0
52.4	47.3	15.6	198.3	60.8	33.3	7	0.0
44.3	40.8	5.8	145.3	72.3	42.5	0	0.0
40.3	36.2	9.2	80.3	52.7	12.8	2	0.0
39.8	25.5	8.4	115.8	73.4	19.8	0	0.0
34.8	21.4	7.1	95.6	104.5	88.0	0	0.0
33.4	28.2	3.7	97.5	45.2	24.5	0	0.0
35.4	31.4	5.6	92.8	92.9	35.6	1	0.0
36.0	31.4	5.0	149.0	45.1	15.4	0	0.0
38.2	33.9	3.4	125.9	59.4	23.3	0	0.0
39.8	35.8	9.7	172.4	41.7	9.0	12	0.0
42.4	37.5	4.6	128.1	46.5	10.4	2	0.0
42.6	37.4	15.2	192.3	65.4	14.2	16	0.0
43.3	33.6	8.0	132.7	63.3	24.0	1	0.0
40.7	33.1	10.8	164.1	48.5	11.6	15	0.0
42.3	38.0	9.4	126.5	43.5	10.4	43	0.0
42.9	39.5	14.3	182.9	61.0	11.5	60	0.0
39.2	34.5	8.5	181.8	68.8	35.2	0	0.0
36.8	31.9	5.5	145.2	62.5	26.0	0	0.0
40.0	36.3	8.2	148.8	42.7	32.8	29	0.0
42.1	38.9	11.8	160.0	38.9	15.1	31	0.0
38.9	34.4	8.3	179.2	68.4	33.3	0	0.0
35.5	31.4	9.5	176.5	49.8	17.9	6	12.1
37.5	32.8	9.6	188.2	61.5	19.1	0	0.0
35.8	32.0	9.2	148.4	39.0	5.9	29	11.4
39.4	35.9	15.9	202.6	64.6	13.0	7	0.0
38.0	32.4	11.7	187.1	50.9	16.4	6	0.0
37.5	32.8	13.0	214.4	66.6	20.1	0	0.0
38.7	30.7	7.1	169.8	85.4	29.7	0	0.0
