   1    31    1975
13.4	8.0	3.5	112.9	161.6	9.0	.0	.0	
20.5	15.8	12.3	219.2	99.9	72.0	.0	.0	
18.0	11.8	6.0	180.8	132.4	31.0	.0	.0	
21.5	15.8	7.8	160.8	141.8	53.0	.0	.0	
22.3	18.4	6.6	175.4	104.9	93.0	.0	.0	
15.8	13.1	3.4	91.7	115.0	76.0	.0	.0	
10.4	7.6	2.0	43.3	120.7	57.0	.0	.0	
12.8	10.9	5.2	66.3	103.4	80.0	.0	.0	
22.5	19.1	11.7	187.1	93.1	98.0	.0	83.8	
-3.3	-11.8	23.5	315.4	162.7	63.0	.0	2.5	
-12.2	-20.5	35.8	304.6	95.8	98.0	.0	20.3	
-1.6	-12.1	15.9	253.8	158.5	91.0	.0	2.5	
3.3	-4.9	4.2	67.1	179.8	35.0	.0	2.5	
14.8	9.3	3.8	89.2	158.5	68.0	.0	.0	
11.4	3.7	7.7	177.1	175.2	25.0	.0	.0	
10.2	.9	2.8	125.4	192.3	10.0	.0	.0	
16.2	10.4	7.5	178.8	90.9	47.0	.0	2.5	
28.4	20.9	13.1	274.6	104.6	91.0	.0	.0	
9.4	1.4	9.3	181.3	163.6	60.0	.0	.0	
31.9	24.6	14.1	260.4	93.2	90.0	.0	.0	
9.1	-1.7	11.9	237.9	172.6	61.0	.0	.0	
28.2	19.6	7.0	189.6	153.0	79.0	.0	2.5	
28.6	24.2	2.0	79.6	148.0	68.0	.0	.0	
32.0	25.6	21.1	295.4	81.4	93.0	4.0	.0	
24.1	16.8	14.8	319.2	128.0	85.0	.0	.0	
11.4	2.4	9.0	317.1	145.5	85.0	.0	.0	
14.1	3.8	6.9	220.0	217.6	32.0	.0	.0	
14.9	6.1	4.7	134.6	75.4	85.0	.0	.0	
6.4	-2.8	7.7	234.2	198.3	72.0	.0	.0	
6.3	-2.1	8.1	179.6	218.0	35.0	.0	.0	
3.8	-2.4	4.7	79.2	86.8	77.0	.0	7.6	
   2    28    1975
9.0	1.3	8.9	104.6	167.3	96.0	.0	5.1	
15.2	11.6	11.1	98.8	118.7	98.0	.0	.0	
20.7	14.2	12.9	276.3	138.3	98.0	.0	.0	
.1	-10.5	17.2	317.5	134.1	97.0	.0	2.5	
-2.3	-11.7	17.0	306.7	217.3	98.0	.0	5.1	
7.1	-4.3	12.9	270.4	259.4	68.0	.0	.0	
6.7	-4.4	14.0	292.9	184.5	80.0	.0	.0	
-7.7	-20.1	13.7	283.3	263.0	19.0	.0	.0	
-2.8	-13.9	6.2	122.1	272.0	39.0	.0	.0	
7.5	-2.9	6.6	74.2	221.5	78.0	.0	5.1	
12.3	1.2	9.9	245.4	243.9	77.0	.0	.0	
3.1	-9.1	10.5	162.9	205.3	98.0	.0	2.5	
7.8	-2.8	13.4	146.3	229.9	98.0	.0	10.2	
10.6	-.1	6.9	108.3	150.1	77.0	.0	12.7	
3.4	-7.3	4.3	169.6	293.4	36.0	.0	.0	
13.0	4.3	6.3	124.2	278.9	33.0	.0	2.5	
18.8	11.5	8.3	232.5	219.9	76.0	.0	7.6	
12.3	3.3	2.0	84.2	313.1	17.0	.0	.0	
22.4	12.3	4.4	164.6	301.4	16.0	.0	.0	
20.7	12.4	5.3	101.3	303.6	40.0	.0	.0	
27.1	20.1	18.0	230.0	149.9	88.0	.0	66.0	
21.4	10.2	14.1	260.4	336.0	10.0	.0	.0	
22.1	11.7	2.0	36.7	241.6	70.0	.0	.0	
31.0	19.8	13.8	189.6	239.7	67.0	.0	.0	
30.9	17.3	22.9	305.4	218.7	48.0	.0	.0	
28.7	14.9	12.4	250.4	320.3	64.0	.0	.0	
26.4	15.8	5.7	130.0	315.4	43.0	.0	.0	
24.6	14.3	5.7	145.0	323.9	25.0	.0	.0	
   3    31    1975
20.6	8.2	13.0	319.6	367.0	8.0	.0	.0	
16.3	7.0	5.4	92.1	233.7	61.0	.0	.0	
18.9	7.4	6.2	125.4	313.4	48.0	.0	.0	
29.2	21.9	3.0	107.9	213.5	57.0	.0	12.7	
27.4	15.9	11.4	291.3	294.8	76.0	.0	.0	
26.3	13.2	8.8	287.1	292.6	94.0	.0	.0	
20.4	7.9	14.2	277.5	254.5	54.0	.0	.0	
13.2	1.3	7.4	117.9	272.9	54.0	.0	.0	
19.7	8.2	9.1	48.3	222.2	82.0	.0	7.6	
15.0	-.6	3.7	90.8	322.5	86.0	.0	.0	
22.0	11.1	10.7	252.1	231.3	88.0	.0	.0	
14.4	-.6	9.0	270.0	431.1	4.0	.0	.0	
22.9	10.8	10.6	167.9	406.3	25.0	.0	.0	
30.8	18.9	3.2	97.9	384.6	36.0	.0	.0	
36.5	20.4	4.9	157.1	411.7	51.0	.0	.0	
40.7	30.3	10.9	146.7	389.1	59.0	.0	.0	
40.6	27.1	10.2	206.3	319.8	70.0	.0	.0	
40.6	20.9	6.6	164.2	422.6	23.0	.0	.0	
39.3	28.2	11.8	162.5	355.4	52.0	.0	.0	
37.5	29.5	8.1	135.8	284.6	82.0	.0	.0	
36.1	22.5	11.6	216.3	411.0	45.0	.0	.0	
26.3	21.6	17.6	75.0	186.5	83.0	.0	61.0	
20.6	16.8	23.6	47.5	265.2	98.0	.0	91.4	
11.9	6.1	20.2	227.1	319.1	98.0	.0	25.4	
6.4	-4.8	9.2	146.7	526.8	51.0	.0	.0	
15.0	10.5	17.7	115.0	245.9	98.0	.0	251.5	
21.9	18.0	16.0	40.0	319.2	98.0	.0	221.0	
20.6	16.1	24.9	311.7	452.9	95.0	.0	99.1	
14.0	6.5	14.2	289.6	477.6	65.0	.0	7.6	
15.8	10.7	9.2	120.4	380.1	96.0	.0	12.7	
9.1	-2.5	11.2	187.9	562.7	31.0	.0	20.3	
   4    30    1975
6.0	-3.8	4.9	228.8	510.9	61.0	.0	.0	
7.9	-.2	2.3	70.4	562.7	46.0	.0	.0	
11.6	5.7	12.4	109.2	556.9	40.0	.0	.0	
28.4	21.7	17.6	113.3	390.1	96.0	.0	.0	
31.7	25.9	15.7	112.1	281.2	98.0	.0	2.5	
34.5	30.0	14.1	114.2	319.5	98.0	3.0	.0	
35.9	30.2	18.9	104.2	226.6	98.0	95.0	.0	
34.7	30.9	28.4	115.4	321.3	98.0	21.0	.0	
33.3	28.5	9.5	93.3	307.7	98.0	5.0	.0	
33.2	26.3	5.9	142.5	515.3	74.0	3.0	.0	
32.3	25.3	11.8	282.5	475.6	61.0	.0	.0	
34.5	27.1	7.6	134.2	337.6	90.0	.0	.0	
34.2	30.2	8.2	162.1	248.1	97.0	5.0	.0	
36.5	30.6	7.0	113.8	412.3	74.0	.0	.0	
37.3	32.0	4.7	66.7	273.7	98.0	14.0	.0	
36.1	32.9	5.5	69.2	196.0	91.0	51.0	.0	
37.9	34.0	11.8	287.9	162.9	98.0	29.0	.0	
37.4	30.1	17.9	321.3	333.4	77.0	3.0	.0	
37.3	24.4	16.1	289.6	385.0	71.0	.0	.0	
41.6	28.4	6.9	130.8	506.0	73.0	.0	.0	
46.0	32.5	7.5	240.0	595.8	45.0	6.0	.0	
50.1	42.3	10.8	119.2	383.1	93.0	14.0	.0	
46.5	40.3	8.7	143.8	293.6	90.0	.0	.0	
42.8	39.2	7.2	77.1	200.4	96.0	20.0	.0	
46.6	41.3	19.1	117.5	226.6	98.0	.0	.0	
49.4	46.1	18.7	107.9	279.5	98.0	93.0	.0	
55.5	51.8	13.7	130.4	331.2	98.0	29.0	.0	
43.5	41.4	13.6	64.6	159.8	98.0	141.0	.0	
37.9	32.6	15.4	57.1	182.7	98.0	13.0	.0	
38.2	28.4	9.4	306.3	296.8	88.0	.0	.0	
   5    31    1975
40.2	27.7	7.3	211.3	443.3	40.0	.0	.0	
42.9	30.9	7.6	162.9	498.6	52.0	.0	.0	
53.7	34.9	9.0	158.3	565.7	66.0	.0	.0	
53.3	41.2	17.0	73.8	582.3	77.0	.0	.0	
54.0	40.5	22.8	85.4	529.5	72.0	.0	.0	
54.8	42.1	27.3	99.6	274.9	93.0	10.0	.0	
49.5	45.5	15.0	96.7	186.5	95.0	13.0	.0	
50.7	43.7	14.6	89.6	291.2	97.0	2.0	.0	
55.5	42.8	8.7	110.4	434.2	91.0	.0	.0	
55.3	47.2	6.8	155.8	373.4	85.0	48.0	.0	
54.1	38.7	7.6	150.4	668.9	13.0	.0	.0	
54.1	36.9	2.9	98.8	654.8	6.0	.0	.0	
56.0	45.4	7.2	182.9	336.2	66.0	16.0	.0	
53.9	41.5	11.3	263.3	532.2	43.0	.0	.0	
60.0	40.5	9.3	134.2	689.1	13.0	.0	.0	
71.0	49.0	14.5	176.3	658.7	55.0	.0	.0	
64.2	48.6	9.0	253.3	548.6	65.0	16.0	.0	
61.7	47.8	6.7	89.6	460.4	55.0	5.0	.0	
58.1	42.7	11.7	228.3	576.6	62.0	1.0	.0	
49.3	41.1	12.5	325.0	267.2	98.0	14.0	.0	
50.7	41.0	9.2	226.3	381.6	91.0	.0	.0	
51.2	40.7	8.9	64.2	288.8	84.0	.0	.0	
52.8	48.6	7.6	229.6	228.0	90.0	52.0	.0	
62.3	45.0	11.4	171.7	711.8	29.0	.0	.0	
51.7	39.0	14.1	277.9	422.7	74.0	2.0	.0	
54.4	37.2	10.9	247.1	661.1	45.0	.0	.0	
57.4	38.1	6.0	192.1	589.2	76.0	.0	.0	
57.1	39.1	5.0	153.8	642.2	35.0	.0	.0	
53.0	33.4	12.1	244.2	725.1	11.0	.0	.0	
54.2	34.1	8.1	177.1	560.1	59.0	2.0	.0	
52.4	38.7	3.2	134.2	526.3	78.0	.0	.0	
   6    30    1975
55.4	39.5	4.7	146.3	501.7	70.0	.0	.0	
59.6	40.7	6.9	213.3	665.6	30.0	.0	.0	
63.1	45.7	11.2	98.3	564.8	78.0	6.0	.0	
62.2	47.5	13.2	293.3	609.1	67.0	2.0	.0	
60.3	45.4	8.9	223.3	686.6	34.0	.0	.0	
56.4	44.5	3.6	83.3	439.9	74.0	.0	.0	
63.1	49.3	9.9	134.2	659.5	65.0	10.0	.0	
56.0	51.8	12.2	120.0	192.0	98.0	72.0	.0	
52.8	50.3	9.3	176.7	206.4	98.0	98.0	.0	
57.7	48.0	11.2	283.3	445.8	81.0	.0	.0	
59.4	47.3	5.8	190.0	609.5	61.0	.0	.0	
66.0	49.0	5.1	210.8	701.4	41.0	.0	.0	
63.5	47.6	9.8	265.4	685.5	62.0	4.0	.0	
55.4	50.2	8.0	196.3	306.7	77.0	63.0	.0	
56.5	48.3	2.7	126.7	440.9	71.0	4.0	.0	
58.7	49.5	5.1	157.5	496.6	75.0	4.0	.0	
60.9	49.1	6.9	229.6	666.0	74.0	.0	.0	
63.6	51.0	9.8	77.5	515.2	75.0	.0	.0	
66.7	59.0	13.5	125.4	425.6	83.0	41.0	.0	
71.3	56.5	7.0	171.3	734.3	27.0	.0	.0	
66.7	56.0	6.9	218.8	503.7	92.0	6.0	.0	
66.4	54.6	8.3	217.5	633.1	59.0	48.0	.0	
70.1	57.4	4.0	72.5	716.6	13.0	.0	.0	
74.1	62.5	14.0	124.6	725.9	15.0	.0	.0	
77.5	65.5	20.3	146.7	679.7	67.0	.0	.0	
66.6	52.3	13.2	191.3	551.5	48.0	3.0	.0	
71.4	56.1	19.0	144.6	734.4	16.0	.0	.0	
71.8	56.9	10.9	180.8	624.1	56.0	.0	.0	
71.1	61.5	12.7	116.3	503.4	70.0	56.0	.0	
73.2	63.1	6.5	115.4	657.1	49.0	43.0	.0	
   7    31    1975
76.2	67.9	9.3	79.6	632.6	41.0	.0	.0	
71.6	64.9	9.8	53.3	268.2	98.0	.0	.0	
74.8	68.9	9.6	85.0	443.2	91.0	.0	.0	
79.7	68.5	5.1	96.3	629.0	75.0	.0	.0	
77.5	63.5	4.7	135.8	698.8	19.0	.0	.0	
70.4	61.7	2.5	97.9	553.3	40.0	6.0	.0	
74.4	61.5	8.1	190.0	675.1	32.0	.0	.0	
66.5	51.2	9.1	292.5	624.3	45.0	.0	.0	
65.3	52.9	6.8	175.4	595.0	24.0	9.0	.0	
63.0	48.3	6.9	182.5	734.3	22.0	.0	.0	
64.0	46.1	10.4	210.4	689.3	15.0	.0	.0	
64.8	49.0	3.3	141.3	676.0	33.0	.0	.0	
68.9	51.5	4.3	101.7	702.3	13.0	.0	.0	
74.8	58.2	5.6	130.0	688.6	11.0	.0	.0	
79.7	63.6	4.5	100.0	665.1	12.0	.0	.0	
82.0	65.0	5.2	118.8	593.8	37.0	.0	.0	
75.4	62.8	7.3	99.6	563.8	39.0	.0	.0	
72.5	55.4	9.5	245.8	627.3	29.0	7.0	.0	
70.6	46.6	10.8	236.3	606.1	30.0	.0	.0	
71.9	49.2	5.5	166.7	683.6	4.0	.0	.0	
75.1	50.8	5.3	113.8	570.2	56.0	.0	.0	
70.6	57.1	7.3	99.2	407.4	51.0	32.0	.0	
68.5	53.9	11.2	217.5	595.2	40.0	20.0	.0	
66.1	46.3	4.1	188.3	658.0	19.0	.0	.0	
75.0	53.8	7.7	146.7	686.0	18.0	.0	.0	
75.4	53.0	6.7	212.5	684.7	8.0	.0	.0	
74.9	54.0	6.5	112.5	675.8	2.0	.0	.0	
83.9	56.2	6.4	122.1	665.0	4.0	.0	.0	
89.4	52.6	16.1	163.3	625.4	19.0	.0	.0	
83.8	61.4	15.9	171.3	520.8	46.0	.0	.0	
73.2	62.6	9.0	176.7	298.5	95.0	189.0	.0	
   8    31    1975
67.3	51.2	9.0	248.8	555.0	46.0	.0	.0	
68.6	50.5	3.8	171.7	631.4	5.0	.0	.0	
71.0	53.4	6.2	168.3	520.2	45.0	.0	.0	
67.2	50.2	5.9	172.1	532.6	41.0	.0	.0	
65.5	45.6	8.8	89.6	637.7	3.0	.0	.0	
74.2	54.2	15.6	150.0	617.3	18.0	.0	.0	
78.0	59.8	16.5	185.8	502.2	48.0	.0	.0	
71.4	51.2	11.2	258.8	647.5	8.0	.0	.0	
67.6	44.0	6.4	186.7	595.2	22.0	.0	.0	
67.9	45.8	8.5	100.4	567.9	32.0	2.0	.0	
74.7	50.7	6.7	161.3	614.7	33.0	4.0	.0	
67.3	47.4	12.5	268.8	542.5	25.0	.0	.0	
64.9	44.7	2.7	112.9	568.6	24.0	.0	.0	
60.3	53.0	3.0	98.8	182.3	97.0	16.0	.0	
65.2	53.9	3.1	123.3	472.5	71.0	.0	.0	
59.5	43.7	8.0	249.2	546.0	48.0	.0	.0	
60.8	40.8	7.1	115.0	567.9	78.0	.0	.0	
61.9	44.0	12.7	124.2	363.9	82.0	.0	.0	
61.9	51.8	13.5	80.4	267.5	97.0	6.0	.0	
67.3	57.9	7.0	158.3	359.1	95.0	.0	.0	
61.9	53.9	7.2	69.2	278.1	70.0	.0	.0	
65.5	57.5	11.3	126.7	237.4	81.0	2.0	.0	
71.3	56.1	6.1	151.7	587.8	23.0	21.0	.0	
65.1	48.2	18.6	236.7	551.2	40.0	.0	.0	
59.7	43.0	17.8	283.3	326.6	64.0	.0	.0	
58.5	42.6	4.2	170.8	516.7	34.0	.0	.0	
68.6	55.7	10.5	114.6	500.3	37.0	.0	.0	
73.5	59.5	11.9	109.6	512.7	48.0	.0	.0	
70.4	61.3	7.3	171.3	341.0	61.0	13.0	.0	
69.7	56.6	7.6	140.8	503.8	42.0	.0	.0	
74.5	60.4	10.9	222.9	490.6	45.0	.0	.0	
   9    30    1975
62.0	42.1	11.6	199.2	548.8	2.0	.0	.0	
61.9	46.3	15.9	206.3	422.0	49.0	2.0	.0	
60.1	41.6	8.6	209.6	500.7	12.0	.0	.0	
58.2	43.9	5.3	155.8	319.4	60.0	.0	.0	
54.1	34.5	6.7	179.6	531.4	23.0	.0	.0	
58.3	40.9	6.2	143.3	443.1	45.0	.0	.0	
52.6	38.5	7.7	147.5	472.5	21.0	.0	.0	
56.1	38.6	12.2	119.2	473.9	38.0	.0	.0	
63.5	45.2	5.8	132.1	498.2	2.0	.0	.0	
59.8	41.4	11.3	200.4	468.4	16.0	.0	.0	
50.3	31.0	13.3	320.0	463.1	68.0	.0	.0	
49.4	28.3	6.6	216.7	482.6	56.0	.0	.0	
54.3	29.7	5.5	103.3	494.4	11.0	.0	.0	
63.9	41.4	6.3	145.4	479.3	2.0	.0	.0	
61.4	40.7	3.0	44.2	473.3	2.0	.0	.0	
68.0	45.7	13.4	129.2	466.6	10.0	.0	.0	
62.0	53.7	9.1	195.0	156.9	80.0	7.0	.0	
47.3	42.0	28.1	285.8	130.7	98.0	24.0	.0	
44.9	40.8	24.6	319.6	99.1	98.0	13.0	.0	
44.2	35.7	13.6	322.9	174.9	85.0	.0	.0	
50.7	36.9	8.3	241.7	443.7	49.0	.0	.0	
57.4	39.8	9.8	279.6	458.1	21.0	.0	.0	
51.5	35.7	6.3	59.6	450.2	2.0	.0	.0	
52.5	33.2	10.0	139.2	448.8	10.0	.0	.0	
57.7	35.3	9.2	147.5	440.9	5.0	.0	.0	
55.8	38.7	10.6	217.1	315.6	68.0	6.0	.0	
53.8	47.2	9.2	305.8	224.6	97.0	3.0	.0	
49.6	45.7	6.2	230.0	153.6	86.0	2.0	.0	
52.1	39.7	12.1	248.8	346.4	60.0	.0	.0	
45.2	31.5	16.2	268.8	318.3	77.0	.0	.0	
  10    31    1975
48.9	32.8	5.7	124.6	344.5	52.0	.0	.0	
58.7	36.3	5.1	144.6	389.0	9.0	.0	.0	
58.8	40.3	4.4	115.4	380.5	2.0	.0	.0	
59.6	42.3	6.9	142.9	270.5	65.0	1.0	.0	
54.6	32.6	10.7	215.4	366.8	19.0	.0	.0	
58.5	34.0	8.9	111.3	353.2	29.0	.0	.0	
65.8	41.5	9.9	120.8	317.2	53.0	.0	.0	
55.4	39.8	19.7	220.4	254.8	71.0	.0	.0	
37.4	33.6	18.4	292.1	128.5	98.0	24.0	.0	
38.6	33.4	7.4	173.8	164.1	71.0	.0	.0	
45.9	39.3	11.0	91.3	202.1	63.0	.0	.0	
43.3	40.5	10.4	239.2	159.8	83.0	.0	.0	
45.9	39.7	12.1	112.5	177.0	98.0	4.0	.0	
38.5	33.7	17.5	300.4	130.9	96.0	5.0	.0	
43.7	33.6	8.9	218.8	289.9	53.0	.0	.0	
46.0	39.5	7.9	216.3	162.2	85.0	1.0	.0	
49.1	38.2	10.5	158.8	293.2	44.0	.0	.0	
53.3	36.2	8.1	142.1	309.2	5.0	.0	.0	
51.2	29.4	6.5	234.2	294.9	43.0	.0	.0	
55.5	31.8	12.0	269.6	130.2	95.0	.0	.0	
48.1	33.4	8.3	227.1	132.1	98.0	5.0	.0	
39.5	38.5	8.4	135.0	88.2	98.0	31.0	.0	
40.1	32.1	11.6	275.0	176.4	98.0	.0	.0	
37.6	28.4	13.2	325.0	134.6	78.0	.0	.0	
36.4	24.2	9.4	223.8	279.5	18.0	.0	.0	
43.5	31.9	5.6	184.6	203.5	95.0	.0	.0	
37.4	28.0	12.3	270.8	112.9	92.0	.0	.0	
31.1	24.1	6.9	115.8	185.6	42.0	.0	.0	
39.8	29.2	7.4	142.9	218.8	56.0	.0	.0	
44.7	34.4	4.5	106.3	167.1	85.0	.0	.0	
43.7	36.7	7.9	284.2	178.2	63.0	.0	.0	
  11    30    1975
46.7	32.2	7.5	194.6	241.9	52.0	.0	.0	
50.1	34.1	6.6	190.4	219.9	71.0	.0	.0	
51.7	35.4	6.8	192.1	229.2	56.0	.0	.0	
52.8	36.0	4.5	147.5	237.1	32.0	.0	.0	
49.5	35.5	5.2	86.7	222.9	38.0	.0	.0	
48.9	35.2	6.9	220.4	191.6	28.0	.0	.0	
43.3	30.9	7.1	235.0	188.0	28.0	.0	.0	
39.7	19.0	9.6	243.8	231.7	9.0	.0	.0	
30.1	22.7	3.7	103.3	127.7	39.0	.0	5.1	
34.7	20.0	9.5	167.5	199.9	46.0	.0	.0	
32.9	25.8	19.6	264.6	83.2	98.0	4.0	.0	
27.6	21.7	12.8	249.2	160.3	60.0	.0	.0	
33.0	23.1	10.5	157.5	186.7	63.0	.0	.0	
43.2	24.6	4.3	145.8	190.2	40.0	.0	.0	
48.0	28.5	6.2	181.7	198.7	55.0	.0	.0	
43.4	27.5	8.5	202.1	174.6	62.0	.0	.0	
37.1	25.9	4.5	37.5	86.2	98.0	.0	.0	
40.2	23.5	17.5	92.9	121.2	98.0	.0	.0	
32.7	27.4	19.3	341.7	85.3	92.0	.0	.0	
27.9	21.9	14.6	305.8	125.4	69.0	.0	.0	
20.6	13.2	3.0	135.0	192.5	6.0	.0	.0	
20.2	14.6	6.7	71.7	153.7	76.0	.0	.0	
17.7	13.7	9.8	68.3	78.5	95.0	.0	20.3	
6.8	2.1	5.6	75.4	180.6	79.0	.0	.0	
7.4	2.5	6.4	96.3	141.3	64.0	.0	.0	
11.8	7.6	12.5	140.8	160.4	80.0	.0	.0	
19.6	16.9	9.2	113.8	83.4	98.0	.0	7.6	
17.6	16.1	7.4	87.1	97.8	98.0	.0	5.1	
14.7	10.5	15.4	281.3	124.0	72.0	.0	.0	
3.0	-3.8	10.7	223.8	163.3	45.0	.0	.0	
  12    31    1975
7.6	.6	4.3	133.8	137.9	68.0	.0	.0	
13.4	7.2	7.3	175.4	97.6	98.0	.0	5.1	
29.9	24.8	10.0	165.0	146.9	71.0	.0	.0	
33.7	28.9	4.5	104.6	102.9	67.0	.0	.0	
20.0	13.6	12.9	230.0	156.1	33.0	.0	2.5	
20.0	12.9	11.4	155.8	137.4	46.0	.0	.0	
23.8	19.7	4.6	127.1	75.1	89.0	.0	30.5	
24.0	22.0	7.1	207.5	93.5	88.0	.0	7.6	
26.7	24.1	2.0	50.8	102.0	69.0	.0	.0	
23.9	18.1	9.8	87.5	78.8	98.0	.0	2.5	
16.1	10.0	7.3	79.6	69.0	98.0	.0	.0	
17.4	14.2	14.7	117.5	97.6	98.0	.0	12.7	
9.6	3.3	14.2	332.5	116.2	86.0	.0	.0	
-2.1	-9.9	9.5	245.4	134.0	60.0	.0	.0	
17.8	9.2	16.0	250.0	144.5	57.0	.0	.0	
-2.1	-10.7	18.5	310.8	129.7	58.0	.0	.0	
-15.1	-21.4	6.3	199.2	156.8	6.0	.0	.0	
14.3	7.4	5.1	164.2	117.4	65.0	.0	.0	
33.8	27.0	20.7	287.1	111.3	70.0	.0	.0	
28.9	25.9	8.9	187.9	69.8	75.0	.0	.0	
26.1	20.7	5.1	193.8	148.3	10.0	.0	.0	
16.3	13.4	3.0	94.6	146.9	28.0	.0	.0	
20.9	18.3	5.5	159.2	132.5	37.0	.0	.0	
22.8	19.0	3.5	155.0	141.7	24.0	.0	.0	
24.6	22.2	8.4	185.4	80.6	98.0	.0	22.9	
25.8	23.8	7.2	200.8	79.3	96.0	.0	.0	
28.0	25.1	4.2	128.8	98.2	71.0	.0	.0	
32.9	27.8	11.2	247.1	127.7	47.0	.0	.0	
25.9	20.5	4.9	152.5	130.4	34.0	.0	.0	
27.5	23.2	8.7	75.8	82.5	94.0	.0	.0	
25.2	22.1	15.6	74.2	70.5	98.0	.0	94.0	
