   1    31    1987
19.5	17.7	8.1	135.8	124.8	45.0	.0	.0	
22.8	18.7	6.4	172.1	106.6	86.0	.0	.0	
26.5	21.1	6.6	144.6	153.5	42.0	.0	.0	
32.1	25.1	4.6	115.0	126.7	90.0	.0	.0	
32.5	27.9	6.9	131.7	139.5	85.0	.0	.0	
24.1	20.2	13.6	318.8	80.5	97.0	.0	.0	
24.4	19.2	6.3	237.9	136.1	70.0	.0	.0	
24.1	19.0	7.4	218.8	149.5	20.0	.0	.0	
20.7	16.4	12.5	293.8	83.2	60.0	.0	.0	
21.3	16.9	6.3	230.4	133.0	82.0	.0	.0	
38.2	25.9	9.8	258.3	157.8	78.0	.0	.0	
37.6	29.5	4.4	168.3	124.0	98.0	.0	.0	
37.6	27.2	8.9	241.7	103.9	98.0	.0	.0	
24.2	20.0	10.8	301.7	79.6	98.0	.0	7.6	
3.1	-5.0	10.7	291.7	173.5	8.0	.0	.0	
9.8	.1	9.1	237.5	182.4	34.0	.0	.0	
12.2	7.1	7.4	197.9	183.1	19.0	.0	.0	
18.5	14.5	9.2	172.9	109.9	68.0	.0	5.1	
14.5	7.5	19.9	307.1	137.7	93.0	.0	.0	
23.6	16.0	13.2	272.1	163.7	86.0	.0	10.2	
22.9	18.1	21.1	318.3	118.9	75.0	.0	7.6	
8.1	1.5	10.1	166.7	157.1	68.0	.0	.0	
5.1	-.5	5.7	116.3	145.7	71.0	.0	.0	
8.2	2.5	11.8	100.8	190.6	64.0	.0	.0	
10.1	5.5	9.1	123.8	146.3	84.0	.0	5.1	
20.2	14.8	6.8	164.2	130.9	34.0	.0	.0	
24.1	18.1	8.8	228.3	205.1	19.0	.0	.0	
22.8	17.9	11.0	106.3	150.4	83.0	.0	.0	
33.5	27.0	12.8	291.3	164.0	70.0	.0	.0	
27.5	24.1	6.4	174.6	173.3	72.0	.0	.0	
34.6	26.2	8.9	213.8	145.5	67.0	.0	.0	
   2    28    1987
34.7	26.2	4.9	144.2	164.6	53.0	1.0	.0	
33.2	25.3	16.1	232.5	141.0	63.0	.0	.0	
28.5	23.2	4.4	199.2	234.6	2.0	.0	.0	
28.3	23.5	7.9	133.8	192.2	52.0	.0	.0	
34.5	27.9	6.3	195.4	197.6	38.0	.0	.0	
37.8	28.8	8.3	265.8	213.4	59.0	.0	.0	
40.0	27.2	16.3	272.5	201.7	67.0	.0	.0	
28.9	20.2	10.4	148.3	218.6	38.0	.0	.0	
36.2	26.8	8.1	223.8	231.6	57.0	.0	.0	
30.2	27.9	6.5	110.0	148.6	91.0	.0	.0	
36.8	28.9	8.5	226.3	239.8	38.0	.0	.0	
32.6	30.0	7.6	129.2	115.1	98.0	.0	.0	
28.4	24.8	9.2	156.7	125.5	98.0	.0	.0	
19.8	15.8	11.4	124.2	122.1	98.0	.0	38.1	
27.4	24.9	9.7	164.6	185.3	98.0	.0	50.8	
27.7	24.3	5.5	112.5	179.5	98.0	.0	.0	
28.0	24.3	7.9	160.0	224.0	98.0	.0	.0	
27.6	25.9	8.5	216.3	171.7	98.0	.0	.0	
29.2	25.3	3.5	122.9	189.3	98.0	.0	2.5	
29.0	22.8	8.7	222.1	295.2	50.0	.0	.0	
30.8	25.7	15.0	321.7	194.7	88.0	.0	5.1	
27.8	23.0	6.1	159.6	190.0	98.0	.0	2.5	
22.0	17.3	8.2	54.6	230.5	79.0	.0	.0	
21.8	17.8	11.3	44.2	199.1	98.0	.0	43.2	
20.9	16.6	7.1	241.3	189.2	97.0	.0	83.8	
19.1	15.0	9.8	218.8	181.8	98.0	.0	30.5	
16.3	13.0	9.9	56.7	209.8	98.0	.0	86.4	
16.5	13.6	7.3	255.0	251.2	73.0	.0	73.7	
   3    31    1987
5.5	1.4	3.0	58.8	330.0	58.0	.0	.0	
16.4	12.8	5.7	112.9	254.3	84.0	.0	.0	
22.6	17.8	9.0	152.9	380.5	63.0	.0	.0	
31.9	25.2	4.9	118.3	358.0	76.0	.0	.0	
32.7	27.1	5.3	96.7	378.1	65.0	.0	.0	
34.9	27.7	4.4	134.2	383.9	45.0	.0	.0	
33.9	29.3	7.4	61.7	388.0	26.0	.0	.0	
17.8	8.5	17.3	32.1	380.4	71.0	.0	.0	
6.0	-3.5	9.8	73.8	412.5	55.0	.0	.0	
19.4	15.4	10.8	134.6	224.8	98.0	.0	7.6	
23.2	17.1	8.3	92.1	244.8	95.0	.0	.0	
20.7	16.1	12.4	126.7	241.5	98.0	.0	2.5	
28.8	26.1	12.7	94.6	254.0	98.0	.0	.0	
31.0	28.9	14.2	103.3	213.6	98.0	.0	5.1	
30.9	28.5	12.4	145.0	259.8	98.0	.0	73.7	
31.9	29.4	11.9	121.3	276.9	98.0	.0	.0	
31.3	29.6	13.1	97.1	249.3	98.0	.0	99.1	
33.4	31.2	13.6	131.7	187.3	98.0	3.0	.0	
34.8	32.9	13.6	133.8	300.8	97.0	.0	.0	
37.0	36.4	10.1	76.7	211.3	98.0	14.0	.0	
36.0	33.3	17.2	76.3	211.2	98.0	23.0	.0	
35.6	31.2	11.7	230.0	307.3	96.0	2.0	.0	
35.4	30.1	11.8	316.7	260.1	94.0	.0	.0	
34.3	30.1	18.6	277.5	271.4	98.0	2.0	.0	
33.1	27.0	15.4	339.6	294.8	98.0	2.0	.0	
32.8	26.8	8.7	180.4	479.1	39.0	2.0	.0	
24.7	20.0	19.5	325.8	245.4	79.0	.0	30.5	
15.9	5.8	13.7	258.8	446.0	50.0	.0	.0	
21.1	10.6	13.2	302.5	346.2	42.0	.0	.0	
27.8	19.0	7.6	246.3	248.7	73.0	.0	.0	
45.1	28.4	16.1	286.3	437.6	76.0	.0	.0	
   4    30    1987
32.0	19.8	17.6	245.8	340.0	67.0	.0	.0	
33.9	24.9	6.4	222.9	300.8	64.0	.0	.0	
38.9	26.4	8.6	126.7	525.7	2.0	.0	.0	
45.9	28.8	16.5	168.8	532.9	2.0	.0	.0	
48.1	32.2	13.4	155.0	534.2	2.0	.0	.0	
48.5	30.4	8.7	137.1	540.6	2.0	.0	.0	
52.0	29.5	9.0	145.0	541.3	2.0	.0	.0	
55.0	31.2	8.0	142.9	536.4	28.0	.0	.0	
47.2	34.2	17.1	295.4	264.8	85.0	7.0	.0	
35.0	28.1	17.5	305.8	256.0	98.0	6.0	.0	
40.6	31.4	7.3	142.5	457.7	70.0	.0	.0	
43.9	32.8	5.0	154.6	300.6	98.0	.0	.0	
46.8	27.9	6.6	137.5	529.5	59.0	.0	.0	
46.3	23.6	8.2	125.8	538.8	49.0	.0	.0	
57.3	30.0	8.2	207.5	518.2	60.0	.0	.0	
60.3	35.5	9.1	226.7	491.5	80.0	.0	.0	
62.9	38.7	7.0	163.8	552.8	29.0	.0	.0	
72.3	45.3	15.9	154.6	528.1	58.0	.0	.0	
62.0	45.6	19.9	256.7	472.5	65.0	.0	.0	
47.9	31.7	19.4	236.7	425.0	72.0	.0	.0	
44.2	26.8	6.2	128.8	599.4	14.0	.0	.0	
58.7	32.5	8.5	196.7	587.2	25.0	.0	.0	
50.7	30.0	12.1	81.7	401.3	73.0	.0	.0	
53.5	34.5	8.1	92.9	548.0	53.0	.0	.0	
59.2	41.1	6.7	110.4	491.5	38.0	.0	.0	
61.2	35.8	11.3	236.3	556.0	43.0	.0	.0	
52.9	29.3	6.5	179.2	565.1	78.0	.0	.0	
66.1	39.0	7.2	174.6	573.9	48.0	.0	.0	
56.2	30.5	13.3	92.1	641.2	2.0	.0	.0	
62.9	35.4	13.3	146.7	567.3	41.0	.0	.0	
   5    31    1987
63.2	45.4	11.9	67.1	560.9	65.0	.0	.0	
59.5	47.7	14.6	96.7	397.0	89.0	2.0	.0	
51.3	48.5	8.0	147.1	173.0	98.0	125.0	.0	
57.0	49.2	5.9	146.7	535.9	70.0	.0	.0	
62.6	46.6	9.4	261.3	621.2	32.0	.0	.0	
60.3	38.3	8.6	270.4	645.5	57.0	.0	.0	
62.3	42.1	4.5	192.9	632.7	23.0	.0	.0	
67.1	47.6	4.6	107.1	657.5	2.0	.0	.0	
65.7	45.4	9.3	98.3	535.7	32.0	.0	.0	
70.7	42.3	12.0	224.6	617.2	26.0	.0	.0	
57.8	42.3	6.6	110.4	646.4	25.0	.0	.0	
69.7	49.3	18.3	178.3	639.4	18.0	.0	.0	
67.3	45.2	11.9	256.7	537.2	90.0	.0	.0	
60.3	40.8	6.6	135.8	687.2	8.0	.0	.0	
74.2	57.3	9.2	161.3	600.2	47.0	4.0	.0	
72.6	56.6	10.3	112.1	614.2	65.0	.0	.0	
50.5	43.4	13.6	50.8	249.7	95.0	25.0	.0	
48.7	45.4	10.5	99.6	299.6	94.0	.0	.0	
56.2	50.9	6.2	142.5	332.1	98.0	.0	.0	
50.7	48.5	15.3	124.6	192.3	98.0	154.0	.0	
41.0	33.6	16.5	122.1	366.4	94.0	44.0	.0	
44.0	31.8	7.1	95.8	533.5	74.0	.0	.0	
57.4	50.5	11.6	139.6	524.2	90.0	.0	.0	
57.2	54.9	9.5	138.3	269.3	98.0	10.0	.0	
53.9	52.1	9.6	109.6	324.6	98.0	1.0	.0	
58.4	55.5	9.6	121.7	306.0	98.0	54.0	.0	
66.6	54.1	13.5	147.1	658.8	52.0	.0	.0	
63.4	51.5	14.2	213.8	543.4	41.0	.0	.0	
65.1	53.4	7.0	250.8	611.3	55.0	.0	.0	
66.8	55.2	6.0	188.8	680.2	24.0	.0	.0	
68.7	57.4	13.3	171.3	635.7	45.0	.0	.0	
   6    30    1987
61.7	46.1	15.6	271.3	630.1	47.0	1.0	.0	
59.7	37.7	18.0	281.3	553.9	50.0	.0	.0	
58.5	43.9	10.2	272.9	670.7	31.0	.0	.0	
65.0	47.6	6.5	147.9	714.8	8.0	.0	.0	
70.8	56.0	8.0	135.4	716.3	27.0	.0	.0	
76.8	60.2	5.9	197.5	656.3	86.0	.0	.0	
68.8	51.7	11.6	284.6	552.1	63.0	4.0	.0	
59.0	49.4	7.3	63.3	614.3	62.0	.0	.0	
60.2	47.5	10.3	124.6	643.7	70.0	.0	.0	
64.1	59.9	7.4	176.3	312.9	83.0	34.0	.0	
71.2	53.7	8.3	216.7	690.9	10.0	.0	.0	
73.9	52.6	5.7	192.1	709.3	26.0	.0	.0	
78.1	52.8	8.6	255.0	740.6	23.0	.0	.0	
74.1	53.8	7.1	121.7	686.3	49.0	.0	.0	
75.6	51.3	10.1	126.3	652.9	44.0	.0	.0	
79.8	59.0	13.8	151.7	709.0	41.0	.0	.0	
74.9	54.0	10.1	253.8	686.7	28.0	.0	.0	
70.9	56.1	5.8	77.5	668.3	65.0	.0	.0	
71.0	56.1	9.3	100.8	533.6	75.0	.0	.0	
67.9	60.4	6.3	192.9	479.2	74.0	75.0	.0	
72.8	59.7	3.7	116.3	709.3	15.0	.0	.0	
74.1	61.0	9.9	161.7	671.8	35.0	14.0	.0	
67.6	49.1	9.3	245.0	713.7	29.0	.0	.0	
65.5	50.7	6.8	198.8	609.1	54.0	17.0	.0	
63.9	43.3	11.2	272.1	708.0	15.0	.0	.0	
63.4	41.9	5.7	197.9	722.7	15.0	.0	.0	
71.1	48.1	4.6	165.4	654.7	48.0	.0	.0	
66.5	55.8	7.3	193.3	533.1	81.0	.0	.0	
63.0	48.9	9.5	278.3	579.9	64.0	.0	.0	
66.3	48.4	8.7	107.9	679.8	65.0	7.0	.0	
   7    31    1987
70.7	52.0	14.1	275.8	578.0	56.0	.0	.0	
63.8	51.4	9.2	219.2	505.5	36.0	.0	.0	
67.5	50.4	9.6	128.3	687.3	24.0	.0	.0	
67.4	58.6	7.6	139.2	439.6	90.0	.0	.0	
72.5	57.5	4.5	117.9	663.4	47.0	.0	.0	
75.1	59.5	9.4	155.0	603.6	78.0	6.0	.0	
72.6	48.2	6.5	224.6	639.4	66.0	.0	.0	
72.1	54.2	8.7	121.3	598.8	84.0	.0	.0	
70.0	60.6	8.2	168.3	551.8	59.0	45.0	.0	
66.7	62.0	4.9	117.5	445.5	74.0	57.0	.0	
60.3	58.6	9.4	212.5	217.6	98.0	82.0	.0	
60.6	47.2	9.4	292.9	657.5	30.0	1.0	.0	
64.3	48.7	5.5	151.3	678.6	35.0	.0	.0	
66.0	52.2	5.9	143.8	645.5	24.0	.0	.0	
76.0	53.0	8.9	150.0	724.2	7.0	.0	.0	
80.1	60.2	9.5	142.9	600.6	68.0	.0	.0	
71.5	60.6	15.7	73.8	392.8	95.0	3.0	.0	
65.0	62.9	13.2	122.5	230.6	98.0	94.0	.0	
71.2	60.0	8.1	223.8	664.5	59.0	5.0	.0	
74.2	61.9	7.3	189.2	653.2	35.0	47.0	.0	
68.1	62.9	12.7	74.2	434.7	80.0	.0	.0	
75.7	67.2	7.4	130.4	571.3	63.0	7.0	.0	
70.9	62.0	9.6	217.1	553.7	41.0	.0	.0	
68.8	58.8	5.2	157.5	581.6	35.0	.0	.0	
75.9	65.6	9.9	96.7	613.5	56.0	.0	.0	
78.0	69.6	14.0	103.3	573.7	71.0	3.0	.0	
81.7	73.6	8.4	91.3	499.2	76.0	.0	.0	
77.6	72.8	8.5	90.0	329.3	91.0	12.0	.0	
81.0	73.2	13.4	95.0	558.4	68.0	21.0	.0	
85.8	72.7	8.6	117.9	546.6	73.0	.0	.0	
81.8	72.8	7.0	174.6	521.7	76.0	76.0	.0	
   8    31    1987
77.4	67.3	7.8	267.9	641.5	33.0	.0	.0	
73.5	62.4	8.5	152.5	516.4	58.0	115.0	.0	
67.5	53.7	11.2	267.1	585.6	23.0	.0	.0	
66.6	55.8	6.7	97.9	596.1	23.0	.0	.0	
75.0	57.9	10.7	202.5	573.0	38.0	.0	.0	
67.1	52.8	9.4	242.1	590.9	24.0	.0	.0	
66.0	56.0	3.1	78.3	551.0	73.0	.0	.0	
69.1	57.5	4.1	117.1	557.5	33.0	.0	.0	
69.7	57.0	7.1	218.8	598.0	14.0	.0	.0	
77.4	56.4	13.7	134.2	579.8	40.0	.0	.0	
74.9	59.2	12.2	259.2	552.7	47.0	.0	.0	
60.7	48.1	8.3	235.4	600.0	29.0	6.0	.0	
60.8	54.3	7.8	92.1	303.7	88.0	3.0	.0	
69.5	63.5	12.0	145.4	397.0	69.0	112.0	.0	
64.3	59.2	9.6	300.0	442.0	78.0	.0	.0	
60.1	53.5	9.2	283.3	417.1	74.0	.0	.0	
60.5	50.8	10.0	249.2	490.0	44.0	2.0	.0	
59.7	49.9	10.9	235.8	559.4	23.0	.0	.0	
61.5	50.9	5.0	121.3	537.8	30.0	5.0	.0	
69.7	58.3	9.1	108.3	506.5	28.0	.0	.0	
68.1	52.1	12.8	286.7	555.3	31.0	.0	.0	
58.9	42.2	7.6	257.5	556.2	23.0	.0	.0	
58.0	45.1	4.8	79.6	440.0	58.0	.0	.0	
57.1	52.9	9.8	84.2	202.3	91.0	17.0	.0	
54.8	54.5	7.4	88.3	164.1	98.0	38.0	.0	
55.6	54.0	5.3	49.6	200.0	98.0	5.0	.0	
60.3	52.4	3.7	167.1	467.6	55.0	.0	.0	
61.8	50.6	6.3	137.1	531.4	45.0	.0	.0	
66.1	53.2	10.6	227.1	456.4	58.0	.0	.0	
57.3	45.4	10.4	247.5	525.7	19.0	.0	.0	
58.7	45.6	4.4	143.3	499.3	60.0	.0	.0	
   9    30    1987
62.2	50.2	8.7	233.8	529.4	28.0	.0	.0	
68.2	51.0	15.5	141.3	501.8	40.0	.0	.0	
73.0	54.8	10.0	227.5	447.8	72.0	1.0	.0	
61.3	52.9	8.7	230.8	314.0	97.0	10.0	.0	
58.8	54.4	4.0	163.3	259.2	82.0	5.0	.0	
63.0	48.8	6.6	181.7	475.6	36.0	.0	.0	
58.4	45.9	9.2	254.6	416.7	50.0	1.0	.0	
58.6	42.9	5.2	139.6	475.1	41.0	.0	.0	
60.2	42.2	6.3	221.7	442.6	42.0	.0	.0	
56.8	48.2	10.4	301.7	353.5	70.0	8.0	.0	
52.5	47.0	9.3	289.2	228.8	98.0	.0	.0	
54.0	43.6	5.7	202.9	366.7	64.0	.0	.0	
56.9	43.5	8.6	122.9	503.8	3.0	.0	.0	
65.4	50.8	6.4	127.1	467.0	2.0	.0	.0	
65.8	54.2	4.0	89.6	475.3	34.0	.0	.0	
63.5	55.4	7.7	193.3	196.6	98.0	.0	.0	
56.1	47.5	14.2	305.0	256.9	70.0	.0	.0	
52.0	45.4	11.1	274.2	226.3	91.0	.0	.0	
56.8	48.1	10.3	310.0	323.5	75.0	.0	.0	
52.7	43.6	6.6	194.6	368.3	41.0	.0	.0	
51.9	40.8	3.5	147.9	400.8	38.0	.0	.0	
57.0	40.3	3.7	102.9	451.4	3.0	.0	.0	
58.6	44.3	5.6	87.1	452.9	2.0	.0	.0	
55.5	43.4	12.0	71.7	426.1	3.0	.0	.0	
55.1	44.4	5.8	67.5	430.1	2.0	.0	.0	
61.3	52.1	7.9	73.3	372.3	45.0	.0	.0	
57.3	49.6	12.1	260.8	260.3	90.0	.0	.0	
53.7	46.7	11.6	282.5	171.9	74.0	4.0	.0	
55.1	39.8	9.1	285.4	407.2	21.0	.0	.0	
57.5	40.4	7.4	181.7	367.1	64.0	.0	.0	
  10    31    1987
54.7	35.6	15.2	306.7	317.9	45.0	.0	.0	
39.5	25.1	6.0	152.5	352.8	50.0	.0	.0	
57.7	31.7	7.7	172.1	399.3	2.0	.0	.0	
60.7	36.1	17.9	249.6	348.4	50.0	.0	.0	
53.2	30.3	22.7	302.5	352.6	27.0	.0	.0	
45.5	31.5	11.6	217.9	257.9	47.0	.0	.0	
41.2	30.5	4.4	87.5	339.9	53.0	.0	.0	
45.1	28.6	20.4	250.4	318.7	65.0	.0	.0	
31.2	17.1	11.7	276.3	221.3	63.0	.0	.0	
30.5	15.8	5.5	177.1	361.6	2.0	.0	.0	
44.2	23.4	7.7	219.6	316.1	40.0	.0	.0	
50.7	25.9	5.4	119.6	333.2	35.0	.0	.0	
52.8	22.9	14.1	252.5	298.8	89.0	.0	.0	
42.3	23.5	4.3	132.1	193.1	93.0	.0	.0	
45.4	37.1	6.5	89.6	143.2	95.0	.0	.0	
42.2	38.9	7.6	213.8	149.3	85.0	.0	.0	
42.0	29.9	10.9	202.1	300.2	46.0	.0	.0	
37.5	21.3	9.8	275.4	272.0	25.0	.0	.0	
31.3	25.4	10.5	241.3	145.3	65.0	.0	20.3	
31.3	23.1	11.0	251.7	141.8	93.0	.0	.0	
30.2	21.5	9.3	168.8	182.9	55.0	.0	.0	
34.6	30.7	8.1	265.4	151.8	98.0	.0	.0	
33.0	26.3	9.6	270.0	132.8	76.0	2.0	.0	
27.2	18.3	9.4	158.3	230.7	13.0	.0	.0	
45.9	27.2	7.3	175.8	284.5	28.0	.0	.0	
47.1	29.9	20.8	293.8	248.3	19.0	.0	.0	
37.9	23.1	9.7	240.0	250.9	41.0	.0	.0	
37.4	22.6	4.1	131.3	207.2	67.0	.0	.0	
45.4	28.7	3.5	117.5	245.2	53.0	.0	.0	
40.6	30.6	7.8	77.5	240.3	14.0	.0	.0	
46.3	34.7	8.5	117.9	231.4	32.0	.0	.0	
  11    30    1987
50.3	48.2	11.1	135.4	112.5	77.0	.0	.0	
47.8	47.3	7.1	289.2	116.3	98.0	.0	.0	
49.0	42.8	10.1	261.7	151.7	64.0	.0	.0	
40.9	26.2	13.0	281.3	213.9	30.0	.0	.0	
31.7	19.4	5.4	86.7	209.3	28.0	.0	.0	
35.1	25.9	5.2	90.8	231.4	38.0	.0	.0	
38.2	30.1	9.7	222.9	204.2	75.0	.0	.0	
31.3	20.8	6.9	228.8	119.9	93.0	.0	.0	
23.8	14.6	4.7	80.0	232.0	23.0	.0	.0	
32.5	20.8	6.9	117.9	213.4	53.0	.0	.0	
42.5	27.0	6.6	201.7	210.0	53.0	.0	.0	
43.9	30.7	6.0	242.1	149.3	77.0	.0	.0	
35.6	27.2	4.6	85.8	204.6	28.0	.0	.0	
47.7	37.5	14.3	140.4	83.1	97.0	.0	.0	
38.9	34.5	12.2	267.1	104.0	92.0	2.0	.0	
29.1	21.1	7.3	250.4	187.6	49.0	.0	.0	
26.2	17.8	7.6	254.2	191.3	33.0	.0	.0	
33.8	18.0	11.4	243.8	174.3	44.0	.0	.0	
31.8	16.5	12.7	235.0	177.3	33.0	.0	.0	
22.0	10.7	7.3	100.4	189.1	26.0	.0	.0	
30.6	20.4	5.1	125.4	155.2	69.0	.0	.0	
35.4	26.8	8.9	267.1	114.4	95.0	.0	.0	
30.7	16.3	6.7	185.8	167.8	40.0	.0	.0	
28.1	23.3	7.1	117.5	126.8	71.0	.0	.0	
32.2	30.7	7.2	125.0	79.3	98.0	.0	.0	
34.7	31.6	6.4	181.7	87.8	98.0	.0	.0	
34.2	30.1	6.9	145.8	91.2	98.0	.0	.0	
28.7	23.1	4.3	172.1	119.9	65.0	.0	.0	
29.2	25.7	8.5	292.1	139.6	53.0	.0	.0	
23.5	22.0	4.1	200.4	101.2	53.0	.0	.0	
  12    31    1987
22.1	20.2	5.3	88.3	127.0	67.0	.0	.0	
28.9	26.5	8.0	140.4	91.0	84.0	.0	.0	
29.8	24.9	8.5	224.6	115.6	53.0	.0	.0	
28.9	25.1	7.1	130.8	137.1	75.0	.0	.0	
29.4	26.0	7.8	75.0	79.3	97.0	.0	.0	
30.5	28.8	6.9	152.1	77.1	98.0	.0	.0	
31.9	30.8	9.7	154.6	86.9	96.0	.0	10.2	
32.1	26.1	7.0	261.3	140.7	68.0	.0	.0	
27.0	21.5	4.4	166.3	148.7	29.0	.0	.0	
38.8	24.1	11.4	207.5	94.9	55.0	.0	.0	
35.6	24.6	22.1	291.3	80.7	66.0	4.0	.0	
29.5	21.8	15.8	300.4	77.7	97.0	.0	.0	
23.6	16.0	11.7	301.3	75.9	98.0	.0	.0	
20.2	14.4	4.8	196.3	74.1	98.0	.0	.0	
20.0	14.5	4.4	224.2	75.6	96.0	.0	.0	
15.7	7.8	5.3	131.7	147.0	31.0	.0	.0	
24.6	13.4	8.9	182.5	113.0	69.0	.0	.0	
21.3	15.0	7.6	205.4	113.6	58.0	.0	.0	
26.7	15.7	9.2	252.5	121.1	36.0	.0	.0	
28.5	13.4	15.7	256.3	126.6	36.0	.0	.0	
26.4	16.4	5.9	187.1	84.7	72.0	.0	.0	
27.3	15.5	7.8	250.0	128.8	56.0	.0	.0	
19.5	11.2	7.2	244.6	111.8	77.0	.0	.0	
14.4	8.4	7.9	262.5	103.7	71.0	.0	2.5	
9.9	2.4	3.6	122.9	148.1	16.0	.0	.0	
20.2	11.6	2.7	126.7	149.1	2.0	.0	.0	
19.6	14.9	5.0	78.3	144.4	21.0	.0	.0	
19.0	16.5	3.8	135.4	137.4	45.0	.0	.0	
22.4	16.0	7.9	117.5	89.8	62.0	.0	.0	
16.8	11.9	16.6	307.5	74.9	90.0	.0	10.2	
-.2	-9.2	14.8	287.4	144.7	87.0	.0	.0	
