   1    31    1988
-.8	-6.9	11.0	219.2	155.2	18.0	.0	.0	
14.8	7.8	13.4	231.7	129.3	62.0	.0	.0	
4.5	-4.1	17.8	290.8	129.8	31.0	.0	.0	
-12.7	-21.1	18.2	301.3	114.4	62.0	.0	.0	
-14.3	-22.5	8.4	262.5	150.4	2.0	.0	.0	
-11.0	-18.1	9.3	171.3	161.6	5.0	.0	.0	
-3.5	-9.1	8.7	200.8	121.9	35.0	.0	.0	
-8.0	-14.4	10.1	284.6	160.7	8.0	.0	.0	
-6.4	-12.9	12.9	179.6	151.8	2.0	.0	.0	
4.7	-1.0	11.8	186.7	126.2	39.0	.0	.0	
5.3	2.0	13.0	132.5	107.4	71.0	.0	96.5	
-3.0	-7.3	21.0	282.9	132.0	62.0	.0	119.4	
-5.6	-11.3	6.1	110.0	170.6	55.0	.0	.0	
8.9	4.0	17.2	157.5	159.7	43.0	.0	.0	
22.0	18.1	14.0	151.7	120.3	66.0	.0	.0	
31.6	28.1	12.1	240.8	131.9	57.0	.0	20.3	
19.8	16.4	6.6	191.7	177.2	9.0	.0	.0	
20.7	18.4	8.2	180.4	141.8	85.0	.0	.0	
20.2	17.4	16.4	297.1	113.6	98.0	.0	.0	
9.4	6.5	17.4	305.0	166.8	43.0	.0	.0	
11.7	7.9	11.5	176.7	177.5	59.0	.0	5.1	
9.1	3.5	17.2	278.3	172.3	84.0	.0	2.5	
3.8	-.6	12.1	177.1	157.2	94.0	.0	68.6	
7.7	5.6	22.3	278.3	119.1	91.0	.0	35.6	
-11.5	-15.9	9.5	286.3	205.5	33.0	.0	.0	
-4.0	-9.6	8.4	163.3	198.2	47.0	.0	.0	
8.8	4.5	5.3	157.9	175.4	55.0	.0	.0	
16.6	13.0	18.7	148.8	145.4	65.0	.0	.0	
26.2	23.1	12.6	222.5	159.0	88.0	.0	.0	
18.8	17.4	16.3	339.6	73.2	98.0	.0	40.6	
-2.8	-8.2	18.0	305.4	218.8	45.0	.0	22.9	
   2    29    1988
-15.5	-22.4	7.0	253.8	226.0	26.0	.0	.0	
-7.3	-13.4	12.6	164.2	232.7	23.0	.0	.0	
-9.0	-15.5	8.4	264.6	240.1	31.0	.0	.0	
-7.3	-13.3	12.5	290.8	231.6	88.0	.0	.0	
-9.3	-16.1	19.8	289.6	203.8	38.0	.0	.0	
-2.2	-8.8	13.4	199.6	200.5	58.0	.0	5.1	
-1.0	-7.0	13.1	267.9	260.4	18.0	.0	.0	
3.4	-1.9	8.3	190.4	222.4	83.0	.0	10.2	
-8.3	-14.7	15.5	318.8	241.4	68.0	.0	.0	
-13.7	-20.8	4.9	237.1	264.3	19.0	.0	.0	
-10.4	-16.5	10.5	162.5	267.7	20.0	.0	.0	
2.4	-2.3	12.8	154.2	178.9	89.0	.0	17.8	
16.5	13.3	17.5	147.1	259.0	92.0	.0	.0	
11.1	8.9	23.1	305.8	168.5	81.0	.0	15.2	
3.3	-2.1	14.6	184.2	218.8	29.0	.0	.0	
23.8	18.8	8.4	246.7	164.0	91.0	.0	.0	
27.8	23.5	12.4	190.4	222.3	59.0	.0	.0	
29.5	26.0	8.5	226.7	267.2	52.0	.0	.0	
24.7	20.2	20.0	277.1	203.3	60.0	.0	2.5	
.1	-10.2	10.4	268.3	314.2	14.0	.0	.0	
29.5	23.7	17.9	198.3	269.3	70.0	.0	.0	
22.3	14.8	22.1	289.2	285.3	52.0	.0	.0	
13.9	5.8	16.3	285.0	259.1	45.0	.0	.0	
11.8	3.6	13.2	290.0	320.0	13.0	.0	.0	
22.1	14.3	10.0	167.1	337.9	15.0	.0	.0	
32.5	27.6	7.6	269.2	270.0	25.0	.0	.0	
33.2	28.8	11.5	149.6	317.4	7.0	.0	.0	
37.2	31.5	15.2	284.6	342.5	20.0	2.0	.0	
31.3	24.8	11.1	216.7	322.3	41.0	.0	.0	
   3    31    1988
31.8	24.8	20.8	264.2	245.6	74.0	.0	.0	
18.1	10.3	11.6	259.2	330.9	28.0	.0	.0	
22.1	14.5	6.7	135.0	356.3	5.0	.0	.0	
27.6	18.7	8.4	169.6	364.3	6.0	.0	.0	
37.3	27.4	15.6	181.3	336.3	26.0	.0	.0	
36.7	30.6	10.9	187.5	163.1	75.0	.0	.0	
40.5	34.4	12.3	107.5	176.1	98.0	2.0	.0	
32.9	30.7	16.9	276.3	202.9	68.0	19.0	.0	
34.2	31.4	10.8	162.9	329.0	68.0	.0	.0	
41.2	35.6	11.1	118.8	178.3	97.0	10.0	.0	
33.1	30.3	18.4	44.6	166.1	96.0	23.0	.0	
15.6	12.9	26.8	275.4	347.8	83.0	.0	83.8	
10.2	4.5	19.0	323.8	363.8	52.0	.0	.0	
12.8	4.3	14.3	322.5	414.9	18.0	.0	.0	
19.9	12.6	13.2	322.9	344.5	65.0	.0	.0	
23.8	15.0	5.8	280.8	434.1	13.0	.0	.0	
30.2	24.3	9.1	256.7	378.2	52.0	.0	.0	
25.9	19.1	6.7	235.4	416.1	36.0	.0	.0	
26.2	19.9	12.5	242.9	335.6	83.0	.0	7.6	
23.2	12.1	7.1	68.3	261.7	82.0	.0	.0	
33.0	23.2	19.6	143.8	294.0	65.0	.0	.0	
37.2	31.3	11.1	168.8	292.6	91.0	.0	.0	
41.2	34.5	11.2	178.3	373.0	73.0	3.0	.0	
42.6	36.2	17.9	191.7	183.4	93.0	.0	.0	
32.8	25.2	26.6	285.0	194.5	98.0	.0	.0	
24.8	19.6	17.0	227.5	366.0	53.0	.0	2.5	
34.8	23.8	16.3	103.3	451.7	43.0	.0	.0	
36.6	26.2	10.7	250.8	213.2	78.0	8.0	.0	
29.3	17.6	15.3	258.3	311.1	39.0	.0	.0	
30.4	22.1	8.2	146.3	351.7	54.0	.0	.0	
30.8	20.1	5.9	156.7	460.6	41.0	.0	.0	
   4    30    1988
39.7	20.5	12.2	157.1	468.4	25.0	.0	.0	
45.7	31.1	9.7	134.2	358.0	78.0	.0	.0	
45.8	42.5	8.5	164.6	247.1	93.0	.0	.0	
49.3	39.7	11.2	205.0	322.4	69.0	.0	.0	
45.6	30.0	12.1	275.8	387.7	63.0	.0	.0	
51.0	27.3	9.4	203.8	482.7	35.0	.0	.0	
60.9	38.1	12.3	110.0	472.4	60.0	.0	.0	
58.0	40.0	23.0	195.8	284.4	90.0	.0	.0	
37.6	23.0	16.4	285.8	288.1	75.0	.0	.0	
41.0	21.6	9.6	216.7	535.7	13.0	.0	.0	
50.7	18.7	14.0	178.8	542.8	28.0	.0	.0	
53.9	25.2	11.6	231.3	535.3	39.0	.0	.0	
42.7	20.5	17.3	296.3	501.3	35.0	.0	.0	
34.8	14.7	16.4	317.5	577.1	3.0	.0	.0	
38.3	18.0	7.6	236.3	580.1	4.0	.0	.0	
56.5	24.5	17.7	220.8	540.7	45.0	.0	.0	
35.3	14.2	24.4	335.8	521.2	40.0	.0	.0	
31.4	6.5	10.7	303.3	609.2	2.0	.0	.0	
40.2	6.2	11.0	197.9	567.6	18.0	.0	.0	
34.0	8.3	13.4	294.2	569.5	31.0	.0	.0	
36.8	15.0	9.2	254.2	513.0	47.0	.0	.0	
40.2	19.8	12.4	179.6	453.5	58.0	.0	.0	
41.1	19.4	10.2	282.1	544.9	30.0	.0	.0	
48.3	20.8	14.9	217.9	523.2	23.0	.0	.0	
39.7	25.0	15.1	314.2	452.9	59.0	.0	.0	
38.6	22.0	13.2	309.6	282.0	98.0	.0	.0	
46.6	16.6	6.2	230.0	628.6	38.0	.0	.0	
54.8	14.0	8.1	181.7	653.0	3.0	.0	.0	
64.1	25.6	14.3	143.8	623.4	10.0	.0	.0	
65.5	46.0	20.9	145.0	501.3	75.0	1.0	.0	
   5    31    1988
70.4	43.0	25.4	146.3	482.6	87.0	.0	.0	
69.1	39.4	20.7	189.6	464.2	97.0	.0	.0	
60.4	38.4	11.7	299.2	591.5	61.0	.0	.0	
51.6	32.3	17.6	313.8	626.4	55.0	.0	.0	
57.2	33.3	10.3	238.8	603.3	29.0	.0	.0	
67.5	43.1	21.0	130.8	415.3	66.0	.0	.0	
61.1	50.5	16.6	125.0	259.1	83.0	28.0	.0	
57.5	46.1	15.2	180.4	571.9	75.0	.0	.0	
57.3	36.9	21.5	307.5	609.3	39.0	7.0	.0	
58.8	30.7	13.7	302.9	623.7	41.0	.0	.0	
65.2	40.0	13.3	216.7	624.0	35.0	.0	.0	
57.8	44.2	17.8	225.8	551.0	55.0	35.0	.0	
48.1	19.7	9.5	181.3	698.2	10.0	.0	.0	
63.9	36.8	18.8	196.3	584.6	44.0	4.0	.0	
50.0	39.2	19.3	288.8	303.7	87.0	5.0	.0	
51.6	33.5	7.9	220.4	648.3	25.0	.0	.0	
62.6	32.0	19.0	142.1	670.0	11.0	.0	.0	
76.0	51.1	21.5	155.4	580.3	65.0	.0	.0	
60.7	57.6	10.8	272.5	309.1	90.0	19.0	.0	
61.5	52.9	10.9	216.7	445.5	88.0	26.0	.0	
54.5	53.1	13.5	291.7	211.9	98.0	41.0	.0	
59.5	48.6	12.0	119.6	554.9	80.0	10.0	.0	
66.3	44.6	8.1	179.2	687.8	3.0	.0	.0	
65.2	35.5	9.9	92.5	667.7	7.0	.0	.0	
71.0	45.6	18.9	174.6	637.7	40.0	.0	.0	
71.0	53.2	11.6	116.3	646.6	53.0	4.0	.0	
71.9	58.8	7.1	143.3	648.2	53.0	.0	.0	
77.2	63.1	13.1	147.5	410.6	85.0	.0	.0	
79.1	61.0	16.7	132.9	638.4	50.0	.0	.0	
78.6	61.8	19.6	149.2	565.1	74.0	.0	.0	
80.5	62.6	17.8	154.6	592.9	45.0	3.0	.0	
   6    30    1988
76.7	61.2	12.8	175.4	501.3	53.0	.0	.0	
76.6	60.5	7.2	184.2	598.2	43.0	.0	.0	
79.0	58.5	8.6	154.6	663.0	13.0	.0	.0	
81.2	59.8	9.8	139.6	652.2	17.0	.0	.0	
82.0	59.7	14.4	153.3	667.1	11.0	.0	.0	
80.1	52.2	14.0	164.6	718.8	2.0	.0	.0	
82.8	56.0	11.0	147.5	709.0	3.0	.0	.0	
70.0	51.6	14.0	90.0	624.7	48.0	.0	.0	
65.5	30.7	10.5	117.9	730.5	21.0	.0	.0	
73.6	36.1	15.0	158.8	638.3	43.0	.0	.0	
80.9	48.5	18.3	160.8	662.7	59.0	.0	.0	
70.4	53.9	13.1	182.1	398.7	90.0	18.0	.0	
70.0	60.2	9.9	164.2	567.0	62.0	3.0	.0	
61.4	58.4	12.9	247.9	260.3	96.0	69.0	.0	
63.7	52.2	12.2	277.1	592.9	40.0	.0	.0	
65.7	50.1	7.4	112.9	638.9	38.0	.0	.0	
75.6	58.5	16.3	149.6	649.6	53.0	.0	.0	
79.2	65.5	13.8	158.8	446.5	72.0	.0	.0	
81.6	55.8	10.0	265.0	711.5	6.0	.0	.0	
81.0	51.3	10.7	129.6	708.0	20.0	.0	.0	
80.5	66.4	13.2	181.7	495.3	67.0	6.0	.0	
72.7	50.0	10.2	131.3	626.9	39.0	.0	.0	
71.7	58.5	15.6	137.1	499.9	71.0	28.0	.0	
80.9	64.0	11.0	165.4	603.8	56.0	.0	.0	
71.3	55.4	12.7	255.0	644.2	7.0	.0	.0	
72.2	53.2	7.2	115.8	671.3	43.0	.0	.0	
79.9	55.7	16.0	151.7	720.2	22.0	.0	.0	
76.4	60.3	15.9	112.9	691.1	20.0	.0	.0	
67.9	44.9	15.2	87.5	594.2	52.0	.0	.0	
69.5	42.4	11.7	97.1	683.5	68.0	.0	.0	
   7    31    1988
66.4	46.3	9.4	161.7	382.7	70.0	.0	.0	
71.3	50.5	8.6	160.4	709.3	14.0	.0	.0	
77.7	56.3	14.3	156.3	557.9	62.0	.0	.0	
82.4	67.2	12.4	117.1	562.4	64.0	.0	.0	
92.3	66.9	18.6	156.3	640.0	52.0	.0	.0	
88.7	69.6	17.2	147.1	534.1	44.0	9.0	.0	
72.8	60.5	10.3	266.3	389.4	73.0	20.0	.0	
75.6	54.2	7.2	157.5	608.9	40.0	.0	.0	
73.0	61.1	9.4	205.8	526.3	56.0	.0	.0	
64.1	51.7	10.4	270.4	559.1	34.0	.0	.0	
64.4	48.6	6.6	124.2	609.8	18.0	.0	.0	
73.1	57.4	15.5	134.2	444.0	69.0	15.0	.0	
75.6	56.8	13.0	257.9	650.3	22.0	.0	.0	
77.6	56.0	11.4	138.3	617.9	55.0	.0	.0	
78.2	58.6	14.6	275.0	663.4	48.0	.0	.0	
73.8	50.0	7.3	195.8	653.1	24.0	.0	.0	
74.5	48.3	8.9	228.3	593.4	55.0	.0	.0	
74.2	49.4	9.9	239.2	623.1	47.0	.0	.0	
69.9	49.3	8.9	269.2	541.6	55.0	1.0	.0	
68.1	53.5	9.6	276.7	560.8	40.0	.0	.0	
73.8	52.4	4.3	113.8	629.9	18.0	.0	.0	
78.7	50.4	10.3	163.3	621.5	17.0	.0	.0	
79.5	56.0	13.5	202.1	540.9	55.0	.0	.0	
71.7	47.3	7.2	232.5	642.4	49.0	.0	.0	
75.3	50.4	7.6	142.9	595.3	32.0	.0	.0	
82.1	53.8	8.5	166.7	593.7	44.0	.0	.0	
88.0	58.3	12.2	191.7	654.5	16.0	.0	.0	
83.4	64.5	13.3	165.4	418.3	66.0	1.0	.0	
81.3	59.4	13.8	270.8	619.9	27.0	.0	.0	
77.7	48.8	7.3	192.9	654.1	12.0	.0	.0	
85.4	55.7	15.6	203.8	611.5	58.0	.0	.0	
   8    31    1988
73.8	61.1	16.2	100.0	395.9	93.0	43.0	.0	
75.9	67.4	7.8	109.6	502.7	65.0	2.0	.0	
71.8	64.2	9.5	267.9	372.6	77.0	.0	.0	
67.5	56.9	8.4	290.8	407.9	65.0	1.0	.0	
74.5	55.8	9.6	206.7	612.3	17.0	.0	.0	
81.3	62.8	14.2	161.3	562.9	33.0	.0	.0	
77.1	59.6	14.5	245.0	372.9	58.0	9.0	.0	
64.5	48.5	9.7	254.2	524.2	31.0	.0	.0	
73.1	52.8	11.0	179.2	587.3	9.0	.0	.0	
83.6	63.0	17.1	172.5	536.9	48.0	.0	.0	
81.0	68.6	11.9	75.8	553.1	40.0	2.0	.0	
79.7	67.8	11.9	114.6	510.5	82.0	2.0	.0	
71.2	67.5	12.0	229.6	293.1	85.0	136.0	.0	
74.6	64.2	7.8	231.7	552.0	8.0	.0	.0	
82.3	70.9	12.0	123.3	549.7	26.0	.0	.0	
86.5	71.9	10.9	172.1	539.4	44.0	.0	.0	
71.1	67.8	11.3	211.7	229.9	85.0	.0	.0	
71.9	59.1	10.4	66.7	490.3	49.0	.0	.0	
70.1	57.6	9.0	131.3	488.6	43.0	.0	.0	
75.1	62.0	12.4	147.1	479.2	63.0	3.0	.0	
76.2	65.2	19.8	145.0	370.9	82.0	.0	.0	
71.3	56.7	8.9	250.8	463.4	51.0	16.0	.0	
67.2	49.5	18.4	282.9	489.7	18.0	.0	.0	
71.2	46.9	15.6	296.3	550.8	20.0	.0	.0	
64.7	43.2	13.7	301.3	511.5	15.0	.0	.0	
64.4	44.2	9.2	193.8	354.9	56.0	.0	.0	
58.9	39.7	15.1	296.7	518.2	18.0	.0	.0	
56.5	40.2	9.4	280.4	405.6	36.0	.0	.0	
58.2	44.0	7.5	182.1	473.0	14.0	.0	.0	
66.4	47.9	12.2	130.4	547.6	24.0	.0	.0	
73.4	55.5	12.1	158.8	452.1	86.0	.0	.0	
   9    30    1988
69.6	48.3	10.1	263.8	535.5	23.0	.0	.0	
66.6	46.1	13.9	295.4	427.0	55.0	.0	.0	
65.5	50.6	15.1	282.1	460.4	35.0	.0	.0	
62.2	42.7	15.2	299.2	519.4	6.0	.0	.0	
56.9	38.4	7.5	209.2	469.5	18.0	.0	.0	
62.1	39.4	8.5	143.8	531.1	2.0	.0	.0	
68.2	45.6	15.6	191.7	436.6	40.0	.0	.0	
62.4	35.6	16.6	265.8	499.4	19.0	.0	.0	
61.4	30.7	12.7	257.1	445.4	37.0	.0	.0	
61.9	38.3	14.2	80.4	374.4	88.0	.0	.0	
68.8	56.4	15.8	202.5	285.4	98.0	2.0	.0	
51.3	44.7	14.7	294.2	232.6	70.0	.0	.0	
60.2	40.8	9.9	211.3	473.7	3.0	.0	.0	
59.4	37.5	6.1	89.6	384.5	62.0	.0	.0	
59.6	50.5	10.3	118.3	171.3	98.0	17.0	.0	
59.8	58.5	9.3	168.3	171.1	77.0	49.0	.0	
67.7	57.9	7.5	108.3	412.9	30.0	.0	.0	
62.2	58.7	17.0	173.8	242.1	88.0	167.0	.0	
48.4	46.0	26.0	328.3	170.3	98.0	64.0	.0	
44.8	40.2	14.0	251.7	222.3	98.0	.0	.0	
48.7	45.6	7.5	123.8	184.0	98.0	.0	.0	
53.7	43.7	10.8	277.9	306.0	57.0	.0	.0	
55.8	38.1	10.3	223.8	436.4	10.0	.0	.0	
62.6	43.7	14.0	221.3	397.7	37.0	.0	.0	
50.6	41.9	10.3	125.4	285.8	60.0	.0	.0	
56.9	44.3	9.3	228.3	369.1	24.0	.0	.0	
49.9	41.1	10.5	173.8	283.8	77.0	.0	.0	
48.5	44.6	13.3	69.2	130.0	98.0	23.0	.0	
50.1	46.3	8.2	246.3	184.1	94.0	.0	.0	
55.2	49.8	14.0	180.8	313.8	71.0	.0	.0	
  10    31    1988
53.5	40.0	12.7	312.5	356.0	28.0	.0	.0	
46.7	33.6	7.1	255.0	361.5	10.0	.0	.0	
42.3	27.9	18.2	328.3	290.0	53.0	.0	.0	
35.6	21.7	7.4	253.3	344.1	21.0	.0	.0	
41.8	24.0	6.3	128.8	357.2	35.0	.0	.0	
47.2	29.2	9.8	182.9	370.4	9.0	.0	.0	
53.7	39.7	11.9	215.4	349.2	10.0	.0	.0	
53.1	40.1	3.9	133.8	347.8	13.0	.0	.0	
55.7	38.6	9.9	229.6	319.1	53.0	.0	.0	
48.9	30.0	16.6	327.1	320.4	4.0	.0	.0	
40.0	24.4	7.9	242.5	308.2	27.0	.0	.0	
46.4	25.2	11.3	132.1	324.3	38.0	.0	.0	
54.0	35.0	15.0	157.5	334.5	2.0	.0	.0	
60.6	43.6	9.6	164.2	310.6	5.0	.0	.0	
60.0	46.4	8.9	222.9	215.8	76.0	.0	.0	
50.9	36.7	11.5	256.7	298.0	47.0	.0	.0	
44.3	35.6	11.2	221.7	204.8	75.0	21.0	.0	
41.2	34.3	12.4	270.8	158.5	53.0	.0	.0	
40.3	28.3	8.1	187.9	265.6	39.0	.0	.0	
44.1	39.3	10.3	190.4	130.6	85.0	14.0	.0	
42.2	32.0	11.5	255.4	255.5	51.0	.0	.0	
43.3	33.8	18.5	189.2	177.4	66.0	7.0	.0	
31.3	23.5	15.9	304.6	126.2	60.0	.0	5.1	
29.8	21.9	7.9	312.1	180.5	49.0	.0	.0	
28.1	17.9	10.4	267.5	270.3	2.0	.0	.0	
32.2	18.3	7.7	113.8	175.4	60.0	.0	.0	
33.8	25.0	19.9	275.8	132.5	97.0	5.0	.0	
22.2	11.0	11.9	287.1	262.1	16.0	.0	.0	
24.5	11.1	5.1	163.3	257.7	32.0	.0	.0	
37.1	19.9	14.5	158.3	230.9	35.0	.0	.0	
41.6	28.5	12.9	273.8	220.7	26.0	.0	.0	
  11    30    1988
34.9	25.7	7.5	177.1	236.0	51.0	.0	.0	
42.1	29.0	16.4	151.7	175.1	75.0	.0	.0	
40.7	33.2	5.2	217.5	175.1	49.0	.0	.0	
40.8	37.4	8.5	206.7	71.5	98.0	5.0	.0	
33.4	24.5	18.9	339.6	172.0	68.0	.0	.0	
30.6	21.7	8.4	246.3	158.7	68.0	.0	.0	
34.0	30.4	7.3	201.7	120.1	81.0	23.0	.0	
37.1	30.7	7.6	181.7	180.9	65.0	1.0	.0	
38.9	32.5	10.5	237.1	171.6	71.0	.0	.0	
29.9	21.0	10.4	275.8	95.8	92.0	.0	.0	
32.6	24.7	17.5	150.0	128.9	64.0	.0	.0	
32.6	30.7	8.4	158.3	101.5	77.0	26.0	.0	
35.2	28.4	12.0	235.4	183.9	37.0	.0	.0	
28.3	22.5	7.3	122.9	138.9	78.0	.0	.0	
32.0	29.4	13.0	243.3	82.6	98.0	16.0	.0	
23.0	20.5	22.8	305.0	129.1	98.0	.0	17.8	
15.8	12.0	7.2	223.8	124.6	82.0	.0	.0	
20.5	18.4	9.8	92.9	106.9	98.0	.0	68.6	
15.9	12.0	8.5	295.4	194.5	71.0	.0	10.2	
17.3	14.5	9.2	232.9	111.3	98.0	.0	.0	
18.0	14.1	14.0	158.8	189.2	43.0	.0	.0	
24.5	22.4	9.7	155.0	164.3	76.0	.0	.0	
32.7	30.7	10.7	133.3	136.1	85.0	.0	.0	
30.3	28.7	6.2	198.3	106.4	97.0	.0	.0	
28.9	23.8	7.9	180.0	163.1	45.0	.0	.0	
25.9	23.1	11.3	303.8	108.4	98.0	.0	5.1	
14.7	11.8	22.6	323.3	108.8	65.0	.0	15.2	
8.6	3.5	9.9	145.0	123.6	45.0	.0	.0	
20.4	15.8	9.6	275.4	109.6	57.0	.0	2.5	
15.7	11.9	5.1	221.3	151.4	39.0	.0	.0	
  12    31    1988
23.7	19.3	10.3	165.4	157.0	27.0	.0	.0	
31.6	23.7	9.5	190.4	155.8	24.0	.0	.0	
26.4	22.0	10.4	262.1	121.8	32.0	.0	.0	
26.4	23.2	9.7	170.4	142.7	69.0	.0	.0	
30.9	26.1	8.3	172.5	159.7	2.0	.0	.0	
32.7	25.6	13.0	280.4	95.5	31.0	.0	.0	
20.2	13.4	9.8	289.2	139.0	17.0	.0	.0	
9.5	3.3	8.4	275.4	99.8	38.0	.0	.0	
4.3	-1.9	7.5	144.6	131.6	38.0	.0	.0	
-3.4	-10.4	7.0	223.3	144.9	23.0	.0	.0	
4.5	-4.5	12.8	143.8	141.9	58.0	.0	.0	
26.7	21.1	16.2	230.0	83.7	77.0	.0	12.7	
31.0	27.0	11.7	163.3	74.8	70.0	.0	33.0	
9.0	4.1	19.9	319.2	94.7	75.0	.0	5.1	
-1.1	-9.6	10.8	225.4	153.0	22.0	.0	.0	
21.2	16.9	16.0	287.9	93.8	98.0	.0	.0	
15.0	10.0	11.0	245.8	111.2	65.0	.0	.0	
26.1	20.8	9.7	200.4	107.0	73.0	.0	.0	
22.3	17.8	10.2	237.1	144.4	19.0	.0	.0	
21.2	17.3	13.8	282.1	104.4	88.0	.0	7.6	
25.2	19.5	18.0	144.6	83.0	73.0	.0	.0	
31.9	27.1	15.0	182.9	80.9	98.0	.0	71.1	
21.6	17.1	13.3	276.7	88.6	76.0	.0	.0	
5.2	.1	11.7	290.8	138.0	43.0	.0	.0	
-4.4	-9.8	6.4	175.4	128.9	50.0	.0	.0	
13.2	10.3	12.3	85.0	76.5	98.0	.0	134.6	
5.5	1.0	14.6	299.6	117.0	69.0	.0	15.2	
-10.5	-16.5	8.6	265.0	152.1	31.0	.0	.0	
1.9	-2.5	11.8	157.9	115.9	73.0	.0	.0	
-.4	-4.5	7.2	265.8	150.7	57.0	.0	.0	
7.7	2.8	6.7	174.8	94.9	98.0	.0	2.5	
