   1    31    1966
-1.1	-11.8	10.7	305.0	101.4	63.0	0.0	0.0	
-7.3	-18.3	8.2	166.3	126.8	42.0	0.0	114.3	
0.3	-11.9	15.4	250.0	120.8	89.0	0.0	0.0	
-7.3	-19.5	10.3	163.8	83.2	98.0	0.0	0.0	
-7.0	-20.4	14.1	305.0	66.5	82.0	0.0	2.5	
-14.3	-26.8	11.8	207.5	84.3	80.0	0.0	5.1	
-14.0	-24.9	10.7	197.5	126.7	68.0	0.0	0.0	
9.6	-0.1	9.3	101.3	86.9	84.0	0.0	0.0	
4.1	-7.0	23.5	282.5	99.4	62.0	0.0	2.5	
2.1	-8.3	7.9	132.5	132.0	56.0	0.0	0.0	
12.4	4.0	14.4	157.5	73.7	53.0	0.0	0.0	
16.2	9.7	12.2	268.8	96.2	90.0	0.0	35.6	
11.5	4.9	10.8	136.3	103.2	98.0	0.0	2.5	
5.1	0.6	17.0	103.8	104.6	96.0	0.0	0.0	
-0.3	-8.4	14.7	128.8	95.4	92.0	0.0	0.0	
-11.2	-21.8	8.2	223.8	159.3	10.0	0.0	0.0	
0.1	-10.7	9.1	193.8	164.6	5.0	0.0	7.6	
12.5	4.5	12.6	181.3	153.5	66.0	0.0	0.0	
0.5	-7.0	20.8	298.8	97.1	97.0	0.0	0.0	
-16.2	-29.1	11.1	272.5	167.1	75.0	0.0	2.5	
-15.2	-25.4	8.8	160.0	167.5	56.0	0.0	0.0	
-19.8	-31.2	13.1	308.8	177.9	4.0	0.0	0.0	
-25.4	-34.5	7.1	177.5	181.8	15.0	0.0	0.0	
-20.3	-25.5	7.4	125.0	180.9	41.0	0.0	0.0	
-5.5	-14.8	12.3	210.0	194.7	36.0	0.0	0.0	
-14.0	-25.0	22.2	296.3	162.6	77.0	0.0	12.7	
-23.6	-35.0	13.4	307.5	181.3	54.0	0.0	0.0	
-27.5	-36.0	6.5	273.8	205.3	13.0	0.0	0.0	
-23.1	-27.4	5.6	170.0	195.7	51.0	0.0	0.0	
-5.4	-13.4	10.5	121.3	110.9	86.0	0.0	2.5	
2.5	-5.9	7.5	127.5	163.3	64.0	0.0	0.0	
   2    28    1966
3.0	-4.9	9.6	165.0	197.1	38.0	0.0	0.0	
4.9	-1.0	13.4	271.3	183.2	53.0	0.0	0.0	
3.9	-1.1	6.8	240.0	141.4	63.0	0.0	0.0	
12.5	10.1	12.0	190.0	158.0	87.0	0.0	0.0	
18.2	14.1	7.4	191.3	222.9	75.0	0.0	0.0	
27.7	22.9	14.8	237.5	164.2	77.0	0.0	0.0	
15.6	13.8	14.3	100.0	142.8	98.0	0.0	0.0	
25.8	23.4	10.4	273.8	189.6	94.0	0.0	73.7	
16.9	14.4	11.1	275.0	147.2	94.0	0.0	86.4	
9.0	4.5	10.8	281.3	138.4	80.0	0.0	10.2	
15.4	11.9	14.1	213.8	225.5	80.0	0.0	0.0	
13.1	5.5	19.4	281.3	194.8	53.0	0.0	0.0	
8.0	2.0	8.5	253.8	191.2	70.0	0.0	0.0	
-1.7	-8.3	12.4	272.5	255.3	53.0	0.0	10.2	
-5.3	-14.5	13.5	235.0	250.5	32.0	0.0	0.0	
-10.2	-21.1	12.9	291.3	263.8	9.0	0.0	0.0	
-17.3	-26.7	10.1	116.3	147.9	53.0	0.0	0.0	
-18.5	-28.0	7.5	121.3	233.5	66.0	0.0	0.0	
-12.6	-22.5	11.5	115.0	292.4	65.0	0.0	0.0	
-3.8	-13.1	13.4	118.8	189.2	68.0	0.0	0.0	
1.9	-6.7	11.0	135.0	199.3	72.0	0.0	0.0	
6.0	-1.3	11.5	161.3	292.8	20.0	0.0	0.0	
20.3	16.1	19.0	207.5	229.3	92.0	0.0	0.0	
20.9	16.4	8.4	262.5	302.8	53.0	0.0	0.0	
16.7	14.7	11.2	158.8	261.8	89.0	0.0	0.0	
21.6	20.3	14.8	187.5	228.6	88.0	0.0	0.0	
29.7	24.0	16.6	230.0	323.9	13.0	0.0	0.0	
25.1	18.6	19.7	268.8	221.7	34.0	0.0	7.6	
   3    31    1966
24.2	16.3	8.1	156.3	253.7	71.0	0.0	2.5	
22.0	12.8	18.5	45.0	157.7	98.0	0.0	0.0	
9.3	2.2	31.8	268.8	167.9	98.0	0.0	203.2	
9.0	1.5	28.5	331.3	208.2	98.0	0.0	327.7	
9.7	-0.5	16.3	332.5	348.6	34.0	0.0	7.6	
10.7	2.9	6.9	165.0	365.0	19.0	0.0	0.0	
16.6	11.9	15.0	170.0	200.2	78.0	0.0	0.0	
30.6	22.0	14.7	226.3	364.0	8.0	0.0	2.5	
30.9	27.9	7.8	110.0	172.9	84.0	0.0	0.0	
32.2	30.1	8.5	135.0	218.4	90.0	5.0	0.0	
36.2	28.0	14.1	260.0	382.3	15.0	0.0	0.0	
34.4	24.4	8.2	191.3	359.6	7.0	0.0	0.0	
38.6	31.9	8.5	112.5	358.8	40.0	0.0	0.0	
37.0	34.5	9.4	107.5	265.2	80.0	0.0	0.0	
41.8	30.9	7.5	173.8	268.4	47.0	0.0	0.0	
44.6	35.1	11.0	142.5	237.4	73.0	0.0	0.0	
36.9	30.1	18.5	288.8	190.2	94.0	1.0	0.0	
30.0	24.4	20.0	307.5	208.4	98.0	0.0	81.3	
31.3	26.1	11.0	175.0	258.7	98.0	0.0	5.1	
42.5	20.5	17.0	237.5	425.9	29.0	0.0	0.0	
39.4	16.6	14.3	275.0	391.0	63.0	0.0	0.0	
20.9	7.4	19.5	328.8	310.0	82.0	0.0	0.0	
12.0	-1.3	13.5	295.0	421.3	22.0	0.0	0.0	
24.5	8.9	15.0	186.3	383.6	68.0	0.0	0.0	
28.9	20.2	14.0	196.3	222.3	72.0	0.0	0.0	
29.2	19.1	6.2	102.5	296.3	68.0	0.0	0.0	
32.3	19.0	8.2	175.0	392.2	58.0	0.0	0.0	
45.3	25.5	15.0	290.0	424.1	58.0	0.0	0.0	
48.8	29.1	7.8	278.8	460.7	63.0	0.0	0.0	
57.8	32.5	9.5	275.0	407.1	60.0	0.0	0.0	
48.5	30.8	23.5	301.3	409.2	59.0	53.0	0.0	
   4    30    1966
44.2	23.5	14.6	241.3	438.4	46.0	0.0	0.0	
43.4	25.5	7.8	61.3	212.7	98.0	0.0	0.0	
35.4	23.6	13.4	333.8	292.3	94.0	0.0	0.0	
32.8	21.2	14.3	325.0	262.3	98.0	0.0	0.0	
35.8	20.7	13.8	316.3	278.4	75.0	0.0	0.0	
36.8	17.5	12.4	326.3	464.8	47.0	4.0	0.0	
35.0	24.9	14.3	311.3	255.1	94.0	0.0	0.0	
31.7	19.1	11.7	270.0	312.7	74.0	0.0	2.5	
35.4	18.5	14.1	131.3	448.2	80.0	0.0	0.0	
32.2	28.5	18.6	116.3	247.9	98.0	0.0	0.0	
33.8	32.1	15.4	115.0	294.5	98.0	0.0	0.0	
37.5	31.9	15.7	131.3	247.1	98.0	0.0	0.0	
39.7	30.9	14.7	208.8	293.5	77.0	0.0	0.0	
39.2	28.7	11.4	208.8	368.8	93.0	0.0	0.0	
46.3	30.9	10.5	193.8	421.8	78.0	0.0	0.0	
44.2	31.0	12.4	251.3	477.7	58.0	0.0	0.0	
26.7	13.8	17.6	293.8	328.2	58.0	0.0	86.4	
24.9	10.1	9.2	303.8	309.4	82.0	0.0	0.0	
26.8	9.3	12.1	315.0	312.9	87.0	0.0	99.1	
28.4	9.0	7.2	181.3	453.1	38.0	0.0	5.1	
36.2	26.1	10.5	151.3	313.2	67.0	0.0	0.0	
49.5	26.8	11.3	200.0	495.1	34.0	0.0	0.0	
51.0	30.2	15.8	247.5	450.3	44.0	3.0	0.0	
49.6	27.0	13.3	257.5	479.4	55.0	1.0	0.0	
34.4	30.1	15.1	117.5	251.7	93.0	0.0	0.0	
27.4	22.5	22.5	75.0	356.0	98.0	0.0	10.2	
26.1	21.4	20.5	242.5	389.9	96.0	0.0	76.2	
24.4	15.2	21.6	266.3	575.2	46.0	0.0	30.5	
24.5	11.8	15.7	267.5	667.0	10.0	0.0	0.0	
24.5	16.3	10.3	116.3	494.8	37.0	0.0	0.0	
   5    31    1966
36.7	28.9	12.9	212.5	597.6	64.0	6.0	0.0	
41.7	30.3	7.4	183.8	549.4	58.0	9.0	0.0	
49.5	30.9	14.3	157.5	633.5	47.0	0.0	0.0	
63.2	34.7	16.4	260.0	632.0	51.0	0.0	0.0	
59.4	32.1	13.6	237.5	624.5	29.0	0.0	0.0	
57.0	35.0	9.5	126.3	654.3	16.0	0.0	0.0	
46.6	32.5	16.6	83.8	366.7	73.0	0.0	0.0	
39.6	15.9	14.0	46.3	641.4	30.0	0.0	0.0	
37.5	19.5	8.1	105.0	686.3	2.0	0.0	0.0	
40.4	28.3	18.7	85.0	376.2	75.0	0.0	0.0	
37.5	31.6	12.1	55.0	312.5	98.0	0.0	0.0	
39.6	30.6	8.5	145.0	326.2	68.0	0.0	0.0	
40.3	29.6	12.7	132.5	346.2	76.0	0.0	0.0	
45.4	39.1	15.6	112.5	311.7	98.0	0.0	0.0	
44.2	38.4	17.4	272.5	336.3	80.0	37.0	0.0	
54.3	35.6	12.2	240.0	489.9	53.0	5.0	0.0	
51.7	36.5	19.5	262.5	530.0	58.0	5.0	0.0	
48.1	36.6	23.2	288.8	432.6	60.0	8.0	0.0	
44.8	36.0	17.3	293.8	357.4	74.0	22.0	0.0	
55.8	36.7	6.2	188.8	645.0	25.0	2.0	0.0	
70.3	42.9	13.4	210.0	603.3	70.0	0.0	0.0	
64.7	48.1	15.4	253.8	567.9	78.0	0.0	0.0	
52.4	35.4	18.5	272.5	445.8	86.0	26.0	0.0	
58.1	28.5	17.9	271.3	646.0	19.0	0.0	0.0	
65.4	35.9	6.5	198.8	492.5	71.0	0.0	0.0	
69.5	41.7	9.7	157.5	662.0	59.0	0.0	0.0	
51.3	31.8	12.0	90.0	717.9	25.0	0.0	0.0	
54.3	33.8	10.4	91.3	701.9	2.0	0.0	0.0	
55.1	32.0	13.3	112.5	575.6	68.0	0.0	0.0	
57.9	32.1	17.4	123.8	669.1	46.0	0.0	0.0	
65.7	37.6	19.5	133.8	525.5	80.0	0.0	0.0	
   6    30    1966
67.8	52.8	11.8	197.5	402.1	87.0	0.0	0.0	
59.0	46.4	15.0	302.5	649.0	52.0	0.0	0.0	
48.6	37.5	13.8	76.3	571.7	70.0	0.0	0.0	
55.1	45.3	6.7	95.0	536.5	90.0	0.0	0.0	
56.8	41.4	13.7	257.5	600.0	58.0	23.0	0.0	
53.4	35.4	14.8	270.0	490.9	56.0	0.0	0.0	
53.7	36.6	12.3	250.0	514.7	52.0	0.0	0.0	
51.8	39.5	9.4	101.3	511.3	77.0	0.0	0.0	
61.8	41.6	15.0	157.5	666.3	43.0	0.0	0.0	
63.2	49.9	13.4	171.3	369.3	68.0	0.0	0.0	
55.1	43.9	14.1	261.3	305.8	84.0	3.0	0.0	
58.1	42.0	19.3	253.8	413.6	98.0	0.0	0.0	
54.1	45.6	14.4	287.5	362.2	77.0	42.0	0.0	
57.0	47.9	7.5	187.5	463.5	69.0	0.0	0.0	
58.0	46.2	13.6	321.3	593.7	81.0	0.0	0.0	
59.4	44.1	7.2	262.5	567.7	47.0	0.0	0.0	
65.1	42.5	6.5	215.0	661.8	18.0	0.0	0.0	
72.6	46.6	13.4	215.0	596.6	59.0	1.0	0.0	
73.9	47.5	7.8	280.0	605.4	51.0	16.0	0.0	
74.4	54.8	10.8	141.3	559.7	87.0	0.0	0.0	
72.4	57.1	11.5	145.0	592.0	75.0	0.0	0.0	
72.2	61.8	14.7	163.8	530.9	74.0	5.0	0.0	
63.7	54.7	9.2	250.0	495.2	68.0	4.0	0.0	
58.9	54.5	9.5	112.5	296.5	56.0	0.0	0.0	
58.3	49.0	17.9	242.5	388.4	73.0	69.0	0.0	
62.5	50.6	10.2	172.5	679.1	10.0	0.0	0.0	
73.5	58.3	10.4	173.8	647.3	39.0	0.0	0.0	
78.7	63.6	9.8	166.3	725.8	5.0	0.0	0.0	
80.7	64.6	9.2	121.3	472.9	62.0	0.0	0.0	
77.1	61.9	9.1	123.8	657.1	39.0	0.0	0.0	
   7    31    1966
72.6	64.4	12.2	123.8	500.4	88.0	0.0	0.0	
67.4	63.4	12.1	71.3	309.8	98.0	420.0	0.0	
68.2	61.1	11.0	112.5	471.0	73.0	67.0	0.0	
69.7	59.7	9.8	158.8	486.5	51.0	58.0	0.0	
66.6	51.0	15.2	275.0	668.9	19.0	6.0	0.0	
67.7	49.9	9.1	267.5	653.1	23.0	0.0	0.0	
72.4	54.9	7.9	183.8	668.3	43.0	0.0	0.0	
72.9	59.1	10.6	201.3	505.9	83.0	0.0	0.0	
78.2	57.5	13.0	225.0	670.0	29.0	18.0	0.0	
81.0	61.1	11.0	190.0	608.7	42.0	0.0	0.0	
75.7	59.1	7.5	223.8	416.1	59.0	0.0	0.0	
71.9	54.4	9.5	217.5	617.8	52.0	0.0	0.0	
67.8	56.9	11.4	66.3	440.3	87.0	0.0	0.0	
71.0	58.3	10.8	110.0	589.5	51.0	0.0	0.0	
74.9	61.2	16.3	165.0	574.5	49.0	0.0	0.0	
81.6	67.1	12.2	166.3	618.6	31.0	0.0	0.0	
80.3	60.0	13.0	266.3	583.8	36.0	0.0	0.0	
73.6	54.0	8.1	247.5	528.7	41.0	23.0	0.0	
67.0	58.2	13.1	105.0	501.6	43.0	0.0	0.0	
75.8	59.7	17.3	157.5	597.5	40.0	0.0	0.0	
72.1	54.4	11.7	298.8	505.2	79.0	17.0	0.0	
66.7	48.7	7.3	266.3	627.6	33.0	0.0	0.0	
69.2	54.1	9.2	230.0	593.5	38.0	0.0	0.0	
70.3	61.4	10.5	96.3	345.4	58.0	0.0	0.0	
63.9	54.3	16.5	55.0	304.5	98.0	43.0	0.0	
67.3	54.9	8.2	241.3	522.0	65.0	0.0	0.0	
65.9	48.6	10.4	298.8	551.6	25.0	0.0	0.0	
66.9	47.5	6.7	203.8	380.2	43.0	0.0	0.0	
75.6	49.4	16.0	202.5	658.5	4.0	0.0	0.0	
78.4	53.8	11.5	221.3	643.7	6.0	7.0	0.0	
65.4	55.5	11.7	168.8	284.2	83.0	293.0	0.0	
   8    31    1966
67.1	52.7	9.5	263.8	442.5	61.0	4.0	0.0	
73.2	48.2	11.0	183.8	661.1	3.0	0.0	0.0	
78.5	51.0	8.5	116.3	612.5	28.0	0.0	0.0	
74.4	56.1	11.0	142.5	537.4	63.0	0.0	0.0	
71.8	61.1	12.1	155.0	473.0	59.0	25.0	0.0	
66.0	57.3	11.0	290.0	450.6	93.0	0.0	0.0	
58.0	52.1	14.0	202.5	271.6	95.0	37.0	0.0	
56.6	44.8	9.3	318.8	411.2	68.0	2.0	0.0	
57.9	46.1	5.5	196.3	402.6	64.0	2.0	0.0	
59.5	46.5	7.6	80.0	520.3	35.0	0.0	0.0	
63.0	49.0	14.1	131.3	414.2	72.0	0.0	0.0	
60.8	47.9	12.8	325.0	277.2	85.0	24.0	0.0	
58.9	42.8	7.5	125.0	568.2	60.0	78.0	0.0	
63.3	51.4	11.2	145.0	359.4	82.0	0.0	0.0	
70.4	47.9	13.5	235.0	513.3	21.0	0.0	0.0	
70.9	51.4	11.0	170.0	585.5	16.0	1.0	0.0	
66.1	43.7	20.2	275.0	574.5	5.0	16.0	0.0	
59.3	42.0	6.8	133.8	447.1	66.0	0.0	0.0	
59.8	47.1	11.5	125.0	336.5	90.0	0.0	0.0	
59.9	43.9	14.6	76.3	433.3	85.0	0.0	0.0	
51.9	48.3	14.8	101.3	240.0	98.0	20.0	0.0	
52.5	45.0	12.5	302.5	336.5	87.0	76.0	0.0	
56.1	45.5	8.9	270.0	490.7	27.0	0.0	0.0	
63.6	44.0	13.7	240.0	514.8	39.0	0.0	0.0	
70.2	44.9	9.3	246.3	575.6	2.0	0.0	0.0	
70.9	45.9	7.0	193.8	509.3	29.0	0.0	0.0	
68.5	53.3	11.1	160.0	449.2	31.0	0.0	0.0	
68.0	46.9	16.0	245.0	535.9	15.0	0.0	0.0	
66.9	52.9	10.8	145.0	543.2	2.0	0.0	0.0	
73.1	56.8	15.3	162.5	306.1	76.0	0.0	0.0	
62.3	52.3	11.7	263.8	260.8	64.0	0.0	0.0	
   9    30    1966
62.8	42.4	6.9	185.0	541.2	13.0	16.0	0.0	
64.7	47.8	13.3	201.3	384.1	80.0	0.0	0.0	
60.7	42.8	15.4	268.8	377.4	65.0	23.0	0.0	
58.6	37.0	15.3	288.8	324.9	68.0	18.0	0.0	
57.5	36.0	9.1	261.3	497.7	13.0	3.0	0.0	
62.2	40.0	13.0	163.8	511.4	2.0	0.0	0.0	
69.7	51.0	12.5	177.5	483.5	2.0	0.0	0.0	
75.0	55.0	9.9	165.0	475.1	28.0	0.0	0.0	
66.4	54.4	12.4	237.5	429.9	33.0	0.0	0.0	
62.2	51.7	13.1	91.3	438.4	38.0	0.0	0.0	
71.8	52.6	14.7	106.3	404.7	48.0	0.0	0.0	
74.7	53.6	15.0	230.0	327.9	78.0	0.0	0.0	
55.0	35.6	14.8	267.5	417.9	50.0	10.0	0.0	
51.4	23.7	6.7	153.8	483.3	2.0	0.0	0.0	
54.7	29.6	9.1	182.5	347.3	50.0	0.0	0.0	
54.6	39.6	8.9	172.5	317.0	78.0	0.0	0.0	
57.9	39.8	10.7	188.8	425.4	9.0	0.0	0.0	
59.5	43.1	12.7	160.0	439.4	11.0	0.0	0.0	
60.9	43.4	13.9	158.8	452.3	2.0	0.0	0.0	
66.9	48.8	13.1	216.3	344.6	69.0	0.0	0.0	
60.4	31.4	14.4	283.8	443.2	10.0	0.0	0.0	
62.2	34.4	15.2	293.8	365.8	28.0	0.0	0.0	
56.0	30.2	6.3	155.0	367.7	42.0	0.0	0.0	
49.1	39.0	8.2	125.0	165.7	84.0	2.0	0.0	
48.0	30.8	8.2	136.3	391.2	38.0	0.0	0.0	
54.6	37.2	10.3	232.5	250.4	90.0	2.0	0.0	
50.6	35.7	7.2	252.5	182.5	98.0	0.0	0.0	
54.2	43.4	13.4	260.0	265.2	67.0	47.0	0.0	
44.5	37.8	8.9	265.0	179.9	94.0	0.0	0.0	
41.4	32.4	12.5	278.8	200.4	94.0	1.0	0.0	
  10    31    1966
50.7	35.5	10.7	216.3	297.9	95.0	0.0	0.0	
49.6	43.3	9.7	262.5	160.0	98.0	14.0	0.0	
43.3	33.9	18.0	287.5	144.4	87.0	16.0	0.0	
43.9	31.8	12.1	271.3	224.5	59.0	3.0	0.0	
53.9	34.3	10.8	198.8	358.0	2.0	0.0	0.0	
63.7	38.0	10.6	231.3	354.6	3.0	0.0	0.0	
62.5	37.1	10.1	232.5	341.9	18.0	0.0	0.0	
57.5	35.5	16.7	245.0	256.7	59.0	0.0	0.0	
47.8	21.0	21.2	258.8	322.7	11.0	0.0	0.0	
45.2	26.3	17.9	272.5	307.8	56.0	0.0	0.0	
48.7	27.5	10.3	138.8	306.3	55.0	0.0	0.0	
50.4	30.0	11.2	106.3	190.9	89.0	0.0	0.0	
42.1	34.4	15.4	203.8	142.8	98.0	8.0	0.0	
35.9	22.0	15.7	328.8	251.2	54.0	89.0	0.0	
32.8	17.0	5.6	146.3	309.8	28.0	0.0	0.0	
42.0	19.5	12.2	241.3	293.4	46.0	0.0	0.0	
46.4	24.4	16.9	250.0	253.2	58.0	0.0	0.0	
39.0	17.4	14.8	260.0	267.5	8.0	0.0	0.0	
44.5	18.9	11.7	202.5	205.8	90.0	0.0	0.0	
54.9	23.4	11.3	212.5	175.0	69.0	0.0	0.0	
40.8	25.6	17.3	302.5	139.6	71.0	0.0	0.0	
33.7	22.6	18.3	265.0	288.5	17.0	12.0	0.0	
32.5	18.7	12.1	255.0	277.0	5.0	0.0	0.0	
41.3	29.1	9.7	160.0	194.6	68.0	0.0	0.0	
48.4	34.2	11.2	246.3	246.3	29.0	0.0	0.0	
50.9	32.8	10.8	193.8	229.7	60.0	0.0	0.0	
43.0	31.3	11.4	305.0	108.4	82.0	10.0	0.0	
33.3	18.1	11.7	305.0	165.7	57.0	0.0	0.0	
35.6	23.1	13.7	176.3	200.9	65.0	0.0	0.0	
51.3	26.9	24.9	268.8	221.2	63.0	5.0	0.0	
33.3	18.6	21.3	311.3	99.4	98.0	0.0	0.0	
  11    30    1966
19.4	3.6	11.2	232.5	158.5	68.0	0.0	0.0	
24.2	9.9	13.8	180.0	159.5	59.0	0.0	0.0	
32.9	14.6	15.9	282.5	204.5	44.0	0.0	0.0	
26.2	15.6	13.6	275.0	105.5	90.0	0.0	2.5	
28.7	17.4	15.1	201.3	87.4	74.0	0.0	0.0	
23.8	13.9	13.3	301.3	111.9	98.0	0.0	0.0	
13.6	5.4	7.9	227.5	121.2	98.0	0.0	124.5	
10.4	1.8	4.6	118.8	123.0	87.0	0.0	0.0	
13.5	6.3	11.7	196.3	179.6	60.0	0.0	2.5	
19.6	10.2	14.8	286.3	120.6	75.0	0.0	0.0	
7.1	-2.4	10.4	215.0	182.8	14.0	0.0	0.0	
15.0	7.5	12.5	175.0	159.1	53.0	0.0	0.0	
20.8	10.4	14.1	237.5	197.8	21.0	0.0	0.0	
20.2	12.4	11.7	113.8	149.6	74.0	0.0	0.0	
20.6	14.7	5.1	190.0	109.9	77.0	0.0	0.0	
22.2	17.9	9.8	68.8	92.5	97.0	0.0	0.0	
16.1	6.8	16.3	232.5	148.6	63.0	0.0	50.8	
13.4	4.4	11.7	186.3	127.4	48.0	0.0	0.0	
26.5	18.0	9.6	260.0	121.9	59.0	0.0	17.8	
28.0	20.3	13.1	151.3	133.4	69.0	0.0	0.0	
34.5	25.9	10.1	270.0	97.5	56.0	1.0	0.0	
25.6	16.1	14.6	271.3	139.8	27.0	0.0	2.5	
16.5	9.5	6.3	185.0	73.5	95.0	0.0	0.0	
28.9	21.7	14.5	222.5	145.6	39.0	0.0	0.0	
38.1	25.6	15.6	226.3	76.1	71.0	0.0	0.0	
32.6	24.0	11.2	278.8	146.2	43.0	0.0	0.0	
27.2	17.4	8.1	202.5	141.3	2.0	0.0	0.0	
30.9	19.4	13.4	153.8	107.6	57.0	0.0	0.0	
16.6	4.2	21.6	281.3	71.6	72.0	0.0	0.0	
0.4	-14.7	21.5	290.0	88.7	76.0	0.0	0.0	
  12    31    1966
-2.8	-16.3	17.4	281.3	148.1	5.0	0.0	2.5	
3.8	-13.1	8.2	217.5	142.9	18.0	0.0	0.0	
13.3	3.5	15.7	132.5	62.0	68.0	0.0	0.0	
17.6	6.3	12.8	235.0	121.4	56.0	0.0	35.6	
25.0	17.8	14.9	138.8	64.0	69.0	0.0	0.0	
12.6	0.8	15.6	292.5	132.3	27.0	0.0	43.2	
9.3	2.6	11.9	185.0	58.9	83.0	0.0	0.0	
2.3	-3.7	7.5	330.0	107.8	98.0	0.0	25.4	
-6.2	-17.1	10.7	257.5	137.8	44.0	0.0	0.0	
-5.8	-14.7	7.0	150.0	138.3	10.0	0.0	0.0	
13.3	4.1	9.1	240.0	141.2	2.0	0.0	0.0	
22.3	14.4	12.2	188.8	89.9	49.0	0.0	0.0	
26.7	20.9	9.1	157.5	60.4	87.0	0.0	0.0	
30.5	24.8	13.7	188.8	80.2	98.0	0.0	0.0	
32.2	23.5	16.7	235.0	124.2	28.0	4.0	0.0	
36.4	26.2	15.0	245.0	95.4	53.0	0.0	0.0	
32.7	25.3	11.7	215.0	107.9	48.0	15.0	0.0	
27.4	24.2	10.2	145.0	75.7	73.0	0.0	0.0	
34.6	25.8	13.1	258.8	113.7	46.0	10.0	0.0	
28.1	22.2	11.4	215.0	64.5	98.0	0.0	0.0	
7.9	-0.1	9.3	192.5	111.3	78.0	0.0	0.0	
6.8	-1.6	8.9	185.0	89.8	34.0	0.0	0.0	
19.7	14.0	10.3	258.8	62.5	71.0	0.0	0.0	
14.8	7.4	9.1	112.5	84.8	65.0	0.0	0.0	
3.4	-2.6	3.4	132.5	112.3	23.0	0.0	0.0	
-3.6	-12.6	2.0	48.8	93.5	68.0	0.0	0.0	
5.5	-2.4	2.6	112.5	128.9	15.0	0.0	0.0	
17.9	11.9	8.8	245.0	59.9	96.0	0.0	0.0	
16.6	9.9	5.3	152.5	72.7	54.0	0.0	0.0	
15.7	11.2	2.5	111.3	59.0	86.0	0.0	15.2	
18.4	12.4	4.2	170.0	72.0	98.0	0.0	38.1	
