01	31	2010
27.3	16.1	9.6	329.1	206.4	75.6	0	0.0
20.2	8.9	9.2	336.6	183.0	57.3	0	0.0
18.4	6.1	7.5	253.5	192.8	70.8	0	0.0
20.1	8.8	8.5	314.8	187.0	78.7	0	0.0
19.7	5.5	7.2	306.7	210.6	93.9	0	0.0
23.0	11.0	2.3	132.7	210.8	77.1	0	0.0
25.9	16.9	7.5	226.6	97.5	23.4	2	5.3
16.1	7.6	8.6	306.6	121.2	20.1	0	0.0
17.7	11.3	7.7	333.1	110.1	25.4	0	0.0
17.4	8.9	4.2	227.9	214.8	96.3	0	0.0
28.9	16.5	7.1	215.8	150.5	41.7	0	0.0
25.2	17.0	7.1	201.9	134.2	40.3	0	0.0
27.4	17.0	2.2	76.9	223.0	100.0	0	0.0
35.4	19.4	3.2	94.8	170.4	56.2	0	0.0
41.7	23.7	2.7	66.7	210.5	67.2	0	0.0
41.8	33.0	4.3	44.1	114.9	21.2	35	0.0
46.5	43.5	8.5	191.5	138.7	36.8	88	0.0
42.0	36.6	3.9	131.5	209.8	63.6	0	0.0
51.1	45.1	6.5	173.7	170.2	33.9	0	0.0
52.7	49.7	7.3	162.2	130.8	16.1	29	0.0
54.7	51.1	7.0	148.2	139.8	16.7	19	0.0
47.2	43.9	4.6	195.6	120.5	13.7	0	0.0
49.0	43.0	11.7	135.4	150.3	30.6	0	0.0
52.0	48.6	10.1	190.0	137.9	20.5	34	0.0
37.6	27.7	10.0	253.7	155.6	45.3	4	0.0
32.6	19.7	7.7	239.8	121.7	43.8	0	0.0
34.2	22.6	3.4	108.8	196.5	49.0	0	0.0
39.1	22.9	9.2	240.0	186.0	29.7	0	0.0
26.9	19.8	10.7	35.2	121.7	15.4	37	149.5
24.1	18.8	10.2	193.9	130.5	25.5	7	27.1
24.8	17.1	0.9	46.2	265.2	91.7	0	0.0
02	28	2010
30.7	24.8	1.2	38.2	180.3	35.1	3	5.1
39.0	33.1	3.8	183.4	187.1	25.6	5	5.1
38.0	26.6	5.4	132.0	249.9	45.7	0	0.0
38.4	32.8	6.1	75.9	139.6	20.1	26	0.0
42.1	40.5	7.1	148.9	133.0	10.8	64	0.0
32.7	27.6	11.9	312.1	146.7	16.0	1	0.0
28.9	22.3	4.9	105.7	177.5	41.1	0	0.0
29.9	24.9	3.3	66.7	151.6	25.1	20	51.6
30.5	25.4	9.2	227.8	151.1	21.5	28	71.5
27.7	17.6	10.1	300.6	217.8	50.7	0	0.0
27.9	16.4	4.7	204.6	218.2	50.0	0	0.0
29.0	17.3	5.5	183.3	179.8	25.5	0	0.0
32.1	20.7	5.4	222.6	173.4	17.5	0	0.0
34.9	30.4	5.1	174.8	152.2	13.2	4	0.0
25.0	18.0	9.7	273.4	170.0	25.4	3	4.6
26.0	17.7	6.8	260.6	183.2	18.5	0	0.0
31.6	19.7	6.7	274.6	255.5	34.7	0	0.0
35.9	20.5	3.4	158.3	292.8	89.6	0	0.0
37.7	20.8	1.7	86.5	289.7	79.2	0	0.0
44.3	23.6	3.2	107.9	306.1	53.6	0	0.0
51.1	29.8	6.8	109.2	253.0	31.8	25	0.0
45.6	41.8	8.3	275.7	180.1	16.8	0	0.0
35.2	28.3	7.6	324.8	179.1	12.8	0	0.0
29.4	20.2	6.5	256.5	211.4	44.1	0	0.0
28.2	16.6	6.0	245.2	318.9	79.2	0	0.0
32.6	17.3	5.6	229.2	323.8	75.0	0	0.0
37.6	15.5	7.1	266.0	321.8	59.4	0	0.0
37.9	25.4	6.6	193.5	231.5	30.7	0	0.0
03	31	2010
38.1	28.7	6.0	56.2	226.8	23.4	0	0.0
37.2	29.7	11.2	188.1	212.4	24.2	6	7.6
33.5	26.6	7.7	308.8	192.1	20.8	0	0.0
39.4	20.4	6.8	307.3	350.1	64.1	0	0.0
38.8	17.6	5.5	69.8	392.8	100.0	0	0.0
39.9	18.9	3.9	115.2	397.3	100.0	0	0.0
44.9	23.3	3.5	113.3	325.8	69.8	0	0.0
58.6	37.2	3.9	170.2	391.1	59.9	0	0.0
54.1	40.6	8.2	144.0	243.1	27.9	3	0.0
59.5	50.8	11.9	172.5	294.5	38.2	0	0.0
58.3	50.8	8.4	157.2	285.8	52.3	24	0.0
50.7	44.7	5.9	171.5	267.4	47.1	35	0.0
45.3	39.5	6.0	223.4	207.0	16.5	16	0.0
45.4	40.9	8.2	294.4	211.1	12.5	2	0.0
45.8	38.0	8.0	339.3	220.8	15.3	0	0.0
47.6	38.9	6.6	281.6	221.5	16.0	0	0.0
49.1	41.3	1.9	33.1	228.2	14.6	0	0.0
52.6	36.1	3.5	213.3	366.0	60.4	0	0.0
52.9	34.6	4.5	155.2	446.3	86.5	0	0.0
55.6	38.0	4.3	114.4	286.9	41.1	0	0.0
47.9	43.3	6.9	107.9	215.6	18.5	59	0.0
40.3	33.1	5.2	192.2	260.8	18.8	1	0.0
52.6	40.4	4.0	175.8	437.9	60.9	0	0.0
58.3	42.5	4.8	114.0	339.4	55.7	0	0.0
53.0	48.6	11.6	193.0	233.5	14.7	32	0.0
45.5	33.7	9.7	181.3	449.9	58.3	0	0.0
53.5	38.9	11.4	126.5	477.7	77.1	0	0.0
52.6	45.5	10.9	235.6	287.1	16.0	47	0.0
51.2	35.6	9.7	297.3	467.0	64.1	0	0.0
52.8	36.5	2.4	91.5	483.9	87.5	0	0.0
61.1	40.0	6.1	144.8	446.2	76.0	0	0.0
04	30	2010
67.7	43.9	7.4	160.4	504.0	92.7	10	0.0
69.2	38.2	7.5	136.5	362.5	44.8	0	0.0
63.9	42.8	7.9	164.4	434.4	34.4	7	0.0
64.9	45.0	5.4	135.8	409.1	55.7	0	0.0
75.1	56.2	9.3	201.5	486.3	68.2	1	0.0
75.5	47.2	13.2	203.1	428.0	69.3	0	0.0
71.1	53.7	14.5	199.2	352.1	46.4	3	0.0
55.1	46.3	8.6	240.4	359.1	35.8	15	0.0
52.8	33.8	5.2	152.1	538.6	97.4	0	0.0
56.4	34.5	2.9	77.3	535.6	92.7	0	0.0
61.1	37.1	2.4	53.8	550.4	99.0	0	0.0
64.3	41.3	3.3	62.3	540.6	90.6	0	0.0
67.7	44.2	1.9	45.6	498.8	80.2	0	0.0
69.2	47.9	1.5	45.4	534.7	84.4	0	0.0
70.0	49.5	5.4	172.1	548.3	85.9	0	0.0
71.1	49.8	5.5	193.8	505.0	70.3	0	0.0
61.5	41.1	9.4	240.4	466.3	45.3	0	0.0
55.5	30.6	7.7	132.3	523.6	67.7	0	0.0
58.0	36.8	5.0	104.8	309.9	24.5	0	0.0
59.1	42.0	4.7	178.8	363.9	36.5	0	0.0
58.6	39.8	3.9	153.3	521.0	75.5	0	0.0
62.1	49.7	4.6	130.4	400.8	35.4	2	0.0
70.2	53.6	7.6	165.4	464.3	49.0	0	0.0
64.5	61.7	11.3	168.7	301.0	31.5	183	0.0
64.7	52.1	10.0	234.9	461.3	52.4	2	0.0
56.5	50.2	9.4	281.3	320.1	16.1	0	0.0
51.9	45.0	8.3	276.9	423.4	46.8	8	0.0
55.9	41.9	3.2	130.6	541.9	62.5	0	0.0
63.1	47.0	10.8	153.1	508.9	62.0	0	0.0
72.4	50.5	14.7	175.8	541.0	69.8	0	0.0
05	31	2010
65.7	62.7	11.2	141.4	267.5	10.8	325	0.0
70.0	67.4	8.0	166.8	266.0	14.2	381	0.0
69.1	54.9	3.3	154.7	594.6	80.6	0	0.0
68.5	53.8	2.8	52.9	615.5	93.2	0	0.0
72.6	54.9	6.7	165.4	615.0	93.2	0	0.0
73.5	58.5	4.5	85.0	620.7	90.1	0	0.0
77.1	61.0	11.5	211.5	612.5	69.3	0	0.0
59.7	39.2	11.3	282.1	625.5	79.0	0	0.0
54.3	37.5	7.3	67.9	568.1	75.5	0	0.0
51.7	45.7	5.8	107.7	337.3	33.0	9	0.0
67.9	59.2	12.9	186.1	401.3	29.0	0	0.0
74.2	64.5	10.0	177.1	467.5	52.8	0	0.0
75.5	65.4	8.2	193.2	447.3	38.5	0	0.0
71.6	65.5	4.6	174.0	379.8	29.4	14	0.0
70.5	66.4	2.9	75.1	447.3	38.6	13	0.0
68.2	65.2	4.6	161.5	364.6	20.4	32	0.0
67.9	61.1	5.4	211.9	522.9	44.8	13	0.0
60.0	54.2	5.4	267.4	346.8	26.0	0	0.0
62.8	52.4	5.4	172.3	528.0	59.4	0	0.0
63.2	58.1	7.0	95.5	383.9	30.6	23	0.0
71.4	63.4	9.7	191.8	486.1	38.5	2	0.0
74.0	63.9	2.2	82.8	523.8	57.4	0	0.0
77.9	66.2	1.9	47.3	582.6	80.2	0	0.0
78.5	64.1	4.9	29.2	600.0	66.7	0	0.0
74.1	63.7	4.0	100.4	564.3	69.3	0	0.0
74.8	63.7	3.6	133.4	555.4	70.7	2	0.0
76.8	63.5	3.9	101.2	582.9	63.0	0	0.0
72.6	64.4	3.8	147.1	487.8	34.6	4	0.0
73.7	65.2	3.8	89.0	516.9	51.9	0	0.0
72.3	66.1	5.2	122.5	474.1	41.1	7	0.0
73.5	65.8	4.7	144.4	508.4	43.6	0	0.0
06	30	2010
77.5	67.0	4.8	154.8	590.3	52.1	0	0.0
76.3	64.8	5.3	152.7	547.2	45.8	0	0.0
77.1	66.5	4.9	133.9	564.4	42.2	2	0.0
77.5	68.1	5.2	162.7	497.0	46.9	0	0.0
79.8	67.9	6.7	189.4	526.6	59.4	0	0.0
76.4	64.9	8.1	265.8	489.8	51.2	0	0.0
74.2	56.6	3.1	129.0	552.2	66.7	0	0.0
77.9	61.7	5.8	130.0	499.7	41.1	0	0.0
76.1	68.6	7.9	196.6	419.5	23.6	54	0.0
79.1	69.5	3.5	167.3	525.9	42.7	0	0.0
82.2	70.2	7.1	170.8	471.5	35.9	0	0.0
84.8	72.0	6.2	214.0	537.5	52.6	0	0.0
84.7	71.8	4.2	169.9	573.2	57.3	0	0.0
82.4	71.1	5.3	204.8	541.7	63.5	3	0.0
82.4	70.2	5.9	175.3	576.9	57.3	14	0.0
81.4	69.4	5.1	200.0	570.7	51.0	0	0.0
74.5	68.9	3.0	68.8	538.1	59.2	46	0.0
79.6	70.3	1.6	57.5	608.8	71.3	0	0.0
82.4	71.0	4.9	210.7	611.5	72.9	8	0.0
82.9	67.2	2.7	47.9	661.4	82.3	0	0.0
84.0	68.8	3.9	82.9	661.0	84.4	0	0.0
85.1	70.2	1.6	101.2	613.1	72.4	0	0.0
85.3	69.6	5.2	156.2	626.4	80.7	0	0.0
82.9	71.6	6.1	217.0	492.7	43.4	0	0.0
80.2	71.6	2.9	87.7	517.9	36.0	3	0.0
77.9	71.0	3.9	141.4	532.5	51.5	66	0.0
82.2	70.0	6.0	182.1	606.3	67.7	0	0.0
81.2	71.5	5.9	181.2	539.6	52.9	13	0.0
80.1	65.0	5.2	176.5	525.0	43.2	0	0.0
77.8	62.6	7.7	105.2	606.0	64.6	0	0.0
07	31	2010
75.0	54.8	10.0	35.0	690.2	98.4	0	0.0
76.3	53.9	5.8	52.5	685.2	96.9	0	0.0
79.4	67.7	5.9	167.9	524.2	57.3	0	0.0
80.5	63.1	4.2	154.0	637.0	74.5	0	0.0
80.2	60.8	5.1	155.0	649.6	81.2	0	0.0
82.5	62.6	3.4	67.1	648.3	78.7	0	0.0
84.5	66.1	2.8	129.8	635.9	70.3	0	0.0
84.6	69.8	3.2	122.7	588.5	56.2	0	0.0
81.2	71.1	6.2	264.0	507.5	40.6	0	0.0
77.8	69.8	4.0	141.2	478.5	57.5	62	0.0
77.5	69.2	3.9	99.6	530.3	52.7	71	0.0
77.7	70.5	5.3	192.8	485.9	24.5	3	0.0
77.0	70.5	4.7	155.4	516.4	37.9	78	0.0
83.5	70.9	2.4	73.3	608.0	67.2	0	0.0
84.8	70.6	2.5	66.0	506.3	54.7	0	0.0
82.8	72.3	4.3	133.0	471.6	39.8	7	0.0
79.5	71.1	5.6	176.7	469.2	42.7	0	0.0
81.3	71.6	6.4	215.3	463.7	45.8	0	0.0
83.5	71.6	5.6	189.4	562.9	47.4	0	0.0
83.2	69.2	5.6	175.2	527.1	59.9	0	0.0
81.5	71.6	5.2	155.5	474.9	47.4	6	0.0
85.1	72.3	3.2	122.9	520.0	57.8	0	0.0
85.9	70.1	3.8	146.2	632.5	83.8	0	0.0
85.5	69.8	2.9	111.2	608.9	64.6	0	0.0
86.4	71.8	4.5	166.0	582.5	51.0	0	0.0
83.0	72.6	4.1	106.3	501.7	34.0	6	0.0
81.0	70.7	3.8	158.2	531.0	44.0	1	0.0
84.6	71.7	4.5	196.1	552.6	60.9	0	0.0
83.9	72.8	4.1	236.3	532.0	59.2	26	0.0
83.5	68.2	4.6	120.4	584.4	59.4	0	0.0
80.2	73.4	4.6	120.2	462.4	33.9	43	0.0
08	31	2010
82.2	70.6	4.0	194.5	574.5	71.0	0	0.0
83.1	68.0	2.2	102.6	554.7	70.3	0	0.0
85.7	69.9	2.5	103.8	494.4	57.8	0	0.0
89.2	72.1	3.5	171.5	576.3	72.9	0	0.0
81.6	73.5	3.9	125.2	455.4	58.7	38	0.0
80.2	68.5	5.6	155.5	523.8	56.6	17	0.0
79.9	63.0	3.3	91.7	639.4	100.0	0	0.0
83.2	66.7	3.4	69.0	615.7	80.2	0	0.0
84.4	73.2	3.7	155.0	474.1	46.9	0	0.0
84.6	74.5	2.2	89.8	508.3	60.9	0	0.0
86.2	73.8	3.9	169.0	551.7	71.9	0	0.0
82.0	73.5	3.6	136.5	485.7	56.8	27	0.0
85.2	72.0	2.0	70.8	567.5	69.3	0	0.0
84.5	72.7	5.7	161.0	547.2	58.2	0	0.0
82.6	72.6	2.9	133.5	467.7	51.6	0	0.0
81.1	68.0	7.5	182.2	444.6	60.9	21	0.0
77.5	68.5	4.9	59.6	458.5	50.5	39	0.0
74.5	71.8	4.0	69.8	325.6	14.8	186	0.0
78.5	69.8	3.8	150.1	472.9	49.4	29	0.0
79.1	65.9	2.0	57.7	527.9	66.2	0	0.0
79.1	71.9	5.3	173.9	419.5	38.5	43	0.0
80.7	70.7	4.8	72.3	537.9	64.2	0	0.0
78.6	64.2	6.7	125.4	550.7	88.0	0	0.0
76.7	63.5	7.5	82.9	525.8	79.2	0	0.0
75.8	63.1	5.1	181.5	459.0	64.1	0	0.0
75.1	60.0	6.6	119.0	549.9	89.1	0	0.0
75.2	60.3	5.7	61.0	580.8	97.4	0	0.0
80.0	66.5	5.5	106.2	526.9	87.0	0	0.0
77.3	67.1	5.6	117.7	363.1	36.5	2	0.0
77.6	67.1	5.2	131.7	427.3	39.1	0	0.0
77.4	64.0	3.2	85.6	497.4	65.6	0	0.0
09	30	2010
78.2	64.6	4.4	144.4	487.6	70.8	0	0.0
79.3	61.9	3.1	121.7	501.3	70.3	0	0.0
74.8	58.5	6.0	232.9	389.8	52.8	1	0.0
67.2	46.2	4.7	236.0	549.3	98.4	0	0.0
66.2	48.1	2.9	57.7	546.2	96.9	0	0.0
72.6	49.6	4.5	119.2	544.2	99.5	0	0.0
78.8	62.6	5.5	194.4	434.6	57.3	0	0.0
75.5	66.2	2.3	101.8	352.1	24.0	16	0.0
71.8	59.0	2.8	60.8	287.1	22.4	0	0.0
70.4	65.6	5.1	125.5	323.9	25.2	30	0.0
78.3	68.5	6.1	226.9	410.6	56.5	5	0.0
71.7	54.8	6.1	132.1	512.7	94.8	0	0.0
69.4	54.0	2.3	39.6	483.6	81.8	0	0.0
73.5	57.8	2.1	22.7	380.9	49.0	0	0.0
79.0	59.6	4.1	111.7	390.3	44.8	0	0.0
79.1	66.4	7.0	200.3	391.0	47.7	2	0.0
73.8	59.8	4.6	119.8	466.6	72.4	0	0.0
72.0	56.1	2.6	30.6	493.5	96.3	0	0.0
76.0	60.4	2.2	24.4	444.5	68.2	0	0.0
77.7	61.1	3.0	37.5	475.3	88.5	0	0.0
80.2	61.3	2.4	110.8	431.6	76.6	0	0.0
80.7	61.5	3.0	135.6	431.6	80.2	0	0.0
80.0	61.8	4.4	141.2	417.8	80.2	0	0.0
79.7	63.4	6.7	205.5	408.4	62.5	14	0.0
71.3	56.1	4.7	177.3	346.9	42.2	0	0.0
66.0	52.2	9.4	139.6	348.0	38.5	0	0.0
60.9	51.4	6.2	214.4	267.6	50.5	0	0.0
61.3	45.0	2.9	136.9	383.3	75.5	0	0.0
63.6	49.0	4.6	123.3	419.3	85.4	0	0.0
69.8	48.3	9.3	305.4	431.3	79.7	0	0.0
10	31	2010
64.7	42.2	7.3	153.8	427.2	93.2	0	0.0
59.2	42.4	6.7	167.9	427.1	82.8	0	0.0
52.7	40.4	9.5	200.3	267.5	44.4	0	0.0
52.2	36.0	6.9	176.7	319.2	73.4	0	0.0
54.4	34.6	4.0	131.5	411.2	93.8	0	0.0
56.2	35.6	3.9	184.4	419.6	100.0	0	0.0
65.2	46.4	3.2	147.3	415.2	100.0	0	0.0
66.2	47.2	1.5	35.2	410.9	100.0	0	0.0
66.5	45.0	1.3	13.5	406.6	100.0	0	0.0
66.8	42.8	1.5	75.0	401.2	97.9	0	0.0
68.9	46.5	1.6	72.1	356.4	65.6	0	0.0
64.6	56.1	2.6	76.2	210.2	28.6	10	0.0
64.5	58.1	3.3	104.4	317.4	32.5	6	0.0
58.6	39.1	6.3	188.8	380.6	85.9	0	0.0
60.6	33.7	8.3	279.8	380.9	95.8	0	0.0
55.9	38.8	2.9	154.4	376.6	100.0	0	0.0
60.9	41.1	2.2	125.2	320.3	66.2	0	0.0
65.7	42.4	3.2	115.2	319.0	59.9	0	0.0
59.4	46.6	3.9	175.8	215.6	45.3	5	0.0
58.7	40.3	4.5	226.2	354.4	79.5	0	0.0
62.1	33.8	5.2	239.4	351.5	92.2	0	0.0
56.5	33.6	1.9	69.0	350.6	96.3	0	0.0
63.4	36.2	7.2	124.2	258.7	61.5	0	0.0
69.2	50.6	11.6	178.9	223.9	33.9	68	0.0
66.8	59.6	9.3	175.6	220.2	28.2	28	0.0
66.2	58.7	13.5	189.4	181.9	26.6	32	0.0
65.5	47.2	5.8	197.7	312.2	64.1	0	0.0
58.2	34.1	8.1	303.5	319.6	75.5	0	0.0
46.6	30.9	5.3	210.2	317.0	95.3	0	0.0
51.2	30.1	5.5	157.5	293.4	77.1	0	0.0
57.2	36.6	4.8	110.2	290.1	83.8	0	0.0
11	30	2010
56.3	39.7	6.3	42.5	206.9	39.6	0	0.0
59.3	40.4	5.3	56.5	224.2	27.6	0	0.0
54.6	49.8	2.8	122.3	150.3	14.0	22	0.0
50.4	34.8	10.5	312.5	227.6	39.1	0	0.0
43.7	31.9	9.6	317.8	176.5	33.5	1	0.0
38.1	23.1	4.0	84.6	284.3	87.0	0	0.0
41.7	25.4	2.1	57.7	289.5	99.5	0	0.0
50.2	29.2	3.3	161.9	260.7	85.4	0	0.0
54.0	36.4	2.4	105.2	269.6	89.6	0	0.0
54.2	38.3	1.4	39.4	225.0	75.5	0	0.0
55.4	38.6	1.6	37.5	275.5	99.0	0	0.0
57.0	38.4	3.0	121.7	270.5	94.8	0	0.0
60.2	45.5	8.1	177.2	203.5	47.9	0	0.0
48.1	37.2	4.8	225.7	249.4	59.2	11	0.0
42.8	39.9	3.0	59.4	134.5	46.5	0	0.0
46.8	43.6	7.7	178.2	115.3	11.2	59	0.0
44.8	40.1	3.6	115.2	185.4	45.7	0	0.0
47.8	41.7	4.7	123.8	168.2	26.0	0	0.0
50.1	40.5	4.1	126.0	237.4	60.4	0	0.0
54.8	43.6	4.9	137.9	226.9	67.7	0	0.0
60.0	48.6	7.5	134.6	215.0	55.7	0	0.0
64.7	52.3	12.1	183.3	198.9	60.9	0	0.0
57.3	48.8	8.7	199.0	150.7	39.9	81	0.0
53.7	48.8	7.0	104.8	146.3	42.4	13	0.0
61.7	54.0	18.5	231.2	136.8	19.7	24	0.0
34.3	22.2	6.6	294.4	204.0	61.6	7	5.9
39.5	24.8	4.9	209.4	232.7	100.0	0	0.0
40.9	28.2	3.9	93.1	209.2	84.4	0	0.0
51.1	42.4	12.2	153.6	146.6	36.8	38	0.0
46.7	42.0	9.3	239.4	119.2	14.2	100	0.0
12	31	2010
34.8	18.4	7.1	230.0	218.6	69.3	0	0.0
35.2	21.6	2.5	92.1	151.1	52.6	0	0.0
40.3	26.0	3.6	125.6	161.4	52.6	0	0.0
44.5	34.2	9.7	221.8	140.7	21.2	0	0.0
31.9	23.0	10.9	333.0	98.6	12.7	0	0.0
27.1	14.9	6.8	249.4	166.8	58.2	0	0.0
24.5	12.7	6.7	226.2	170.6	59.0	0	0.0
24.1	10.7	3.0	228.5	180.9	67.7	0	0.0
30.1	13.1	2.9	90.0	145.3	46.5	0	0.0
41.1	21.9	7.5	175.1	126.4	30.0	0	0.0
45.9	33.3	10.4	170.0	112.1	20.7	96	0.0
25.9	17.9	13.7	280.6	102.2	12.4	4	17.2
16.3	6.5	12.0	318.2	186.3	58.9	0	0.0
19.1	8.3	2.6	124.4	195.9	53.3	0	0.0
29.3	19.8	6.3	122.8	109.0	16.3	11	27.9
40.6	37.0	10.5	267.9	98.5	13.2	9	0.0
31.2	23.5	6.9	180.8	106.9	16.1	0	0.0
31.4	21.8	6.9	88.1	169.7	37.5	0	0.0
30.3	18.7	2.6	124.0	197.4	76.6	0	0.0
37.5	23.5	5.0	100.4	132.4	38.5	0	0.0
48.9	39.7	3.8	128.7	106.1	15.3	2	0.0
39.2	31.2	11.1	304.4	166.1	24.8	0	0.0
33.3	21.2	8.6	41.7	189.4	57.8	0	0.0
32.8	23.4	6.0	40.2	115.5	32.8	5	10.8
30.2	26.7	8.8	321.0	102.1	11.6	5	11.6
27.6	19.4	11.5	335.3	123.5	18.2	0	0.0
28.0	18.3	6.2	230.4	157.5	52.1	0	0.0
28.7	18.1	1.8	86.9	150.7	49.0	0	0.0
39.1	32.0	6.3	133.5	102.0	15.3	9	0.0
49.6	35.6	13.8	168.5	132.1	25.9	1	0.0
59.5	46.2	15.2	173.6	164.5	29.2	1	0.0
