   1    31    1978
2.6	-8.9	3.6	137.5	196.6	20.0	.0	.0	
14.8	-1.7	4.5	252.5	195.5	2.0	.0	.0	
19.3	3.1	8.8	261.3	143.8	46.0	.0	.0	
10.3	3.4	8.5	156.3	132.3	69.0	.0	.0	
17.0	10.1	6.0	111.3	124.4	62.0	.0	.0	
31.6	21.4	8.8	203.8	109.5	83.0	.0	.0	
14.4	8.0	22.0	313.8	120.8	52.0	.0	7.6	
1.5	-9.8	11.1	186.3	110.0	88.0	.0	5.1	
-.6	-10.3	11.0	132.5	114.3	85.0	.0	15.2	
1.6	-5.5	10.1	132.5	115.4	73.0	.0	.0	
10.7	4.6	2.0	37.5	143.7	79.0	.0	.0	
25.3	18.9	17.6	300.0	169.8	49.0	.0	.0	
15.2	10.0	15.0	197.5	149.7	65.0	.0	2.5	
11.9	8.1	5.6	106.3	147.8	88.0	.0	.0	
8.0	1.9	8.1	115.0	123.0	98.0	.0	2.5	
-1.0	-10.3	14.3	136.3	201.2	74.0	.0	.0	
9.9	1.9	14.3	248.8	180.1	70.0	.0	.0	
3.1	-4.4	21.5	233.8	162.3	79.0	.0	7.6	
-1.5	-11.2	14.4	151.3	223.7	10.0	.0	.0	
4.6	-5.3	6.3	141.3	219.2	13.0	.0	.0	
18.4	9.7	2.0	53.8	216.5	6.0	.0	.0	
26.2	17.1	4.3	132.5	212.2	54.0	.0	.0	
28.6	21.9	16.6	336.3	108.9	83.0	.0	.0	
24.4	15.4	12.5	271.3	155.5	77.0	.0	2.5	
5.0	-8.8	29.6	338.8	244.5	31.0	.0	2.5	
2.7	-8.3	5.6	113.8	185.0	68.0	.0	.0	
12.0	4.0	4.8	178.8	158.1	79.0	.0	.0	
10.2	3.1	10.1	223.8	164.0	65.0	.0	.0	
11.8	6.5	13.1	145.0	129.5	97.0	.0	.0	
9.0	.4	10.1	220.0	263.4	21.0	.0	.0	
5.1	-3.0	13.4	212.5	149.9	78.0	.0	2.5	
   2    28    1978
-2.2	-13.2	8.4	162.5	250.7	46.0	.0	20.3	
-1.2	-11.2	9.7	183.8	197.3	57.0	.0	.0	
19.3	9.4	4.4	176.3	202.8	61.0	.0	.0	
21.4	16.5	13.0	192.5	132.4	88.0	.0	.0	
15.0	11.0	14.8	143.8	145.5	98.0	.0	2.5	
18.3	12.2	24.3	158.8	174.4	98.0	.0	.0	
15.0	9.4	21.2	147.5	157.4	98.0	.0	.0	
14.6	10.0	20.1	141.3	169.9	98.0	.0	2.5	
16.4	11.9	13.0	138.8	169.8	98.0	.0	5.1	
15.8	11.7	10.0	201.3	189.1	95.0	.0	25.4	
14.6	9.8	14.4	271.3	179.9	98.0	.0	35.6	
9.5	3.0	14.3	225.0	198.9	98.0	.0	61.0	
11.4	4.8	20.4	345.0	186.6	98.0	.0	7.6	
8.2	.6	12.7	300.0	191.2	54.0	.0	2.5	
6.0	-2.2	3.5	128.8	312.0	69.0	.0	.0	
3.4	-5.9	12.2	342.5	286.3	50.0	.0	.0	
8.3	-2.4	2.0	22.5	336.3	20.0	.0	.0	
20.8	13.6	8.5	217.5	241.0	55.0	.0	.0	
27.9	21.5	23.6	336.3	208.1	83.0	.0	12.7	
15.5	9.2	13.6	210.0	344.5	29.0	.0	.0	
32.8	22.6	8.7	217.5	346.1	40.0	.0	.0	
35.3	26.9	23.8	290.0	335.5	26.0	.0	.0	
33.1	23.2	2.0	70.0	316.2	75.0	.0	.0	
29.0	22.6	22.6	343.8	214.5	68.0	.0	.0	
18.8	10.8	12.9	222.5	331.5	60.0	.0	.0	
20.7	15.0	8.9	157.5	374.2	28.0	.0	.0	
18.1	14.4	9.9	76.3	187.4	98.0	.0	.0	
6.2	-2.2	8.9	96.3	377.6	62.0	.0	38.1	
   3    31    1978
8.6	1.7	15.3	231.3	218.1	95.0	.0	.0	
7.4	-3.1	26.6	341.3	408.3	36.0	.0	.0	
3.1	-8.5	9.1	273.8	389.7	21.0	.0	.0	
10.7	2.0	8.5	100.0	398.1	22.0	.0	.0	
19.1	14.6	5.8	43.8	225.2	98.0	.0	25.4	
17.7	14.3	2.7	71.3	232.8	98.0	.0	.0	
26.6	22.2	3.7	121.3	260.9	69.0	.0	.0	
30.1	23.6	3.6	122.5	398.3	72.0	.0	.0	
39.0	29.9	7.0	235.0	394.3	82.0	.0	.0	
35.8	30.6	17.3	168.8	326.8	55.0	.0	.0	
35.3	24.8	4.9	135.0	432.7	8.0	.0	.0	
33.6	27.9	10.1	127.5	307.5	78.0	1.0	.0	
32.6	27.0	17.3	213.8	335.3	90.0	.0	.0	
31.7	24.8	10.7	233.8	355.0	48.0	.0	.0	
31.8	19.1	15.7	327.5	324.1	67.0	.0	5.1	
29.7	19.9	13.5	211.3	403.0	39.0	.0	.0	
41.4	27.9	6.7	163.8	398.3	81.0	.0	.0	
45.8	30.4	13.4	246.3	375.0	79.0	.0	.0	
42.9	31.0	13.2	150.0	381.8	88.0	.0	.0	
46.2	29.6	18.9	252.5	465.7	23.0	.0	.0	
48.9	29.6	11.7	262.5	456.6	38.0	.0	.0	
39.2	26.5	12.8	172.5	297.2	88.0	1.0	.0	
31.9	28.0	12.1	135.0	264.4	98.0	.0	55.9	
36.8	27.7	15.3	155.0	305.6	78.0	3.0	.0	
44.6	30.9	9.5	242.5	389.3	64.0	1.0	.0	
50.6	28.6	9.7	230.0	437.8	58.0	.0	.0	
55.3	30.6	11.2	206.3	434.6	48.0	.0	.0	
48.7	36.7	9.1	78.8	460.3	30.0	.0	.0	
54.8	34.4	10.5	141.3	501.9	8.0	.0	.0	
62.6	31.6	5.5	170.0	533.5	18.0	.0	.0	
55.3	34.6	21.5	323.8	464.4	42.0	.0	.0	
   4    30    1978
43.6	29.0	17.3	156.3	308.0	92.0	.0	.0	
48.3	37.5	9.2	81.3	431.1	60.0	.0	.0	
45.6	31.8	14.4	233.8	432.2	62.0	.0	.0	
51.6	30.4	13.9	177.5	451.4	58.0	.0	.0	
52.9	35.0	15.7	256.3	425.2	55.0	.0	.0	
51.4	26.9	10.0	166.3	505.4	54.0	.0	.0	
42.0	33.3	11.2	66.3	256.7	96.0	.0	.0	
41.9	37.4	7.2	110.0	315.5	95.0	2.0	.0	
42.9	26.4	26.8	327.5	325.4	75.0	.0	.0	
38.6	17.1	18.7	320.0	422.6	38.0	.0	.0	
46.8	26.8	13.8	272.5	368.2	78.0	6.0	.0	
41.6	17.5	22.3	311.3	489.2	21.0	.0	.0	
42.7	21.0	10.5	130.0	518.1	68.0	.0	.0	
41.4	34.9	12.5	108.8	262.9	91.0	1.0	.0	
39.8	37.1	18.9	133.8	252.7	98.0	20.0	.0	
40.2	37.2	20.9	146.3	269.8	98.0	2.0	.0	
44.7	36.0	21.4	292.5	269.8	98.0	3.0	.0	
35.4	32.9	27.5	342.5	259.6	98.0	62.0	.0	
37.1	29.5	17.8	265.0	454.1	70.0	2.0	.0	
37.3	26.1	9.3	145.0	621.8	30.0	.0	.0	
43.9	32.4	16.1	142.5	329.9	90.0	.0	.0	
42.9	30.7	22.8	318.8	273.2	90.0	.0	.0	
47.4	25.3	20.7	322.5	577.7	29.0	.0	.0	
44.0	31.2	14.6	218.8	530.5	25.0	.0	.0	
51.7	33.0	14.3	170.0	555.3	73.0	.0	.0	
56.5	36.9	16.4	151.3	559.8	85.0	.0	.0	
54.9	42.8	12.1	170.0	449.2	94.0	2.0	.0	
51.1	47.7	12.8	167.5	274.0	98.0	48.0	.0	
47.9	46.5	13.3	192.5	262.4	98.0	64.0	.0	
47.0	45.2	12.1	136.3	277.1	98.0	7.0	.0	
   5    31    1978
48.5	40.3	9.0	93.8	372.2	98.0	3.0	.0	
48.2	35.6	12.6	171.3	594.2	63.0	.0	.0	
48.9	40.5	12.3	216.3	483.0	63.0	9.0	.0	
46.0	38.6	11.8	201.3	309.1	98.0	35.0	.0	
45.3	38.6	10.3	112.5	312.1	88.0	25.0	.0	
42.0	34.0	10.1	146.3	272.8	95.0	29.0	.0	
37.0	33.5	19.6	291.3	275.9	98.0	40.0	.0	
42.1	35.4	24.8	317.5	375.6	79.0	9.0	.0	
54.5	34.3	6.1	253.8	659.4	15.0	.0	.0	
61.6	38.8	13.9	251.3	529.7	68.0	.0	.0	
56.1	40.8	11.5	221.3	455.7	85.0	.0	.0	
50.2	36.0	21.7	316.3	569.6	44.0	4.0	.0	
54.2	36.0	8.5	177.5	605.9	49.0	.0	.0	
62.8	47.0	12.1	145.0	528.6	83.0	.0	.0	
70.2	53.1	13.3	137.5	685.1	55.0	.0	.0	
63.7	51.1	16.7	253.8	464.5	65.0	.0	.0	
57.4	49.9	11.4	145.0	297.8	98.0	17.0	.0	
55.1	45.4	19.8	168.8	524.4	81.0	56.0	.0	
52.9	43.9	14.8	306.3	481.7	72.0	.0	.0	
54.1	40.0	7.6	180.0	709.6	2.0	.0	.0	
61.6	49.9	12.2	178.8	500.4	76.0	10.0	.0	
62.5	50.7	11.4	166.3	521.4	96.0	.0	.0	
68.0	51.7	9.1	215.0	618.1	51.0	.0	.0	
67.0	51.3	10.4	170.0	592.5	49.0	1.0	.0	
63.4	51.5	11.8	250.0	572.5	65.0	.0	.0	
61.4	44.1	14.4	188.8	682.9	49.0	.0	.0	
56.6	52.1	10.8	222.5	323.5	92.0	14.0	.0	
57.5	48.3	11.1	213.8	352.4	98.0	1.0	.0	
61.1	47.9	9.5	166.3	594.6	71.0	22.0	.0	
52.2	45.5	9.9	256.3	596.0	63.0	34.0	.0	
50.6	38.0	14.0	286.3	509.5	63.0	3.0	.0	
   6    30    1978
48.1	38.4	13.5	325.0	557.2	64.0	.0	.0	
53.0	40.8	4.8	208.8	663.5	32.0	.0	.0	
57.9	47.0	7.2	208.8	562.6	54.0	.0	.0	
61.2	48.7	8.3	141.3	637.5	60.0	.0	.0	
62.0	49.8	7.8	218.8	664.6	48.0	.0	.0	
64.7	48.9	8.8	217.5	640.9	41.0	20.0	.0	
55.2	46.7	10.0	145.0	588.4	65.0	1.0	.0	
63.0	46.7	12.0	246.3	673.6	29.0	.0	.0	
69.0	51.1	10.2	193.8	605.3	57.0	.0	.0	
64.5	45.5	11.2	221.3	531.2	87.0	.0	.0	
56.7	43.7	15.7	297.5	556.7	49.0	2.0	.0	
60.4	43.8	9.3	180.0	682.0	39.0	.0	.0	
72.8	52.4	7.7	107.5	698.2	44.0	.0	.0	
75.2	57.2	13.0	185.0	692.6	40.0	14.0	.0	
71.0	58.4	12.7	207.5	683.3	20.0	.0	.0	
63.5	52.0	10.4	206.3	412.9	72.0	100.0	.0	
57.6	49.5	11.4	270.0	668.2	46.0	32.0	.0	
67.7	49.4	11.1	165.0	700.5	23.0	.0	.0	
65.6	44.7	16.0	270.0	716.2	46.0	.0	.0	
57.9	44.4	4.8	248.8	681.9	28.0	.0	.0	
64.0	48.3	5.1	92.5	661.9	31.0	.0	.0	
69.5	56.1	9.4	187.5	675.5	34.0	1.0	.0	
72.0	57.0	9.7	161.3	623.8	39.0	9.0	.0	
74.4	56.4	9.3	248.8	596.1	76.0	3.0	.0	
68.4	55.1	14.6	265.0	642.1	33.0	.0	.0	
64.1	47.2	12.4	316.3	673.1	18.0	.0	.0	
71.3	51.9	13.6	201.3	658.0	26.0	.0	.0	
73.1	58.1	7.0	173.8	664.0	48.0	.0	.0	
76.1	63.7	10.2	222.5	473.1	94.0	19.0	.0	
72.8	64.7	5.9	161.3	393.5	84.0	.0	.0	
   7    31    1978
68.6	57.5	8.6	267.5	500.5	40.0	1.0	.0	
72.7	56.6	11.0	208.8	641.8	48.0	121.0	.0	
74.5	59.3	9.3	130.0	714.4	6.0	.0	.0	
78.0	54.1	11.9	188.8	718.0	11.0	.0	.0	
72.2	52.4	10.1	190.0	657.5	45.0	.0	.0	
62.7	55.4	10.8	251.3	287.1	90.0	8.0	.0	
66.7	53.0	7.6	161.3	588.9	37.0	.0	.0	
69.6	57.1	15.6	220.0	611.3	48.0	26.0	.0	
60.0	50.1	7.5	91.3	326.6	81.0	1.0	.0	
66.3	52.9	13.0	160.0	663.7	32.0	.0	.0	
74.5	54.1	10.8	171.3	602.6	49.0	7.0	.0	
69.2	50.4	17.2	347.5	693.6	25.0	.0	.0	
73.4	50.0	12.5	237.5	672.0	39.0	.0	.0	
77.6	48.5	7.5	276.3	684.5	20.0	.0	.0	
79.7	47.5	6.9	161.3	690.8	17.0	.0	.0	
80.2	55.4	10.0	200.0	592.7	58.0	1.0	.0	
74.3	56.1	12.4	263.8	608.3	46.0	2.0	.0	
70.0	50.5	15.7	231.3	587.8	55.0	14.0	.0	
64.3	51.6	12.7	186.3	487.4	60.0	.0	.0	
63.5	56.1	9.8	132.5	328.6	98.0	74.0	.0	
56.9	54.5	11.7	218.8	310.1	98.0	121.0	.0	
62.3	50.9	6.9	228.8	521.2	56.0	.0	.0	
70.7	52.0	10.0	168.8	695.1	3.0	.0	.0	
80.0	53.1	6.7	146.3	657.2	46.0	.0	.0	
78.3	50.7	13.3	327.5	613.2	38.0	.0	.0	
75.4	51.5	10.8	306.3	697.9	2.0	.0	.0	
75.0	55.1	9.5	111.3	668.0	8.0	.0	.0	
76.6	54.7	15.4	348.8	604.5	73.0	16.0	.0	
66.6	57.1	8.5	183.8	519.7	81.0	16.0	.0	
68.2	53.8	13.1	290.0	648.4	15.0	.0	.0	
67.6	53.5	7.0	236.3	583.8	36.0	.0	.0	
   8    31    1978
67.4	53.4	10.2	225.0	521.1	53.0	8.0	.0	
55.3	44.8	14.0	337.5	311.6	75.0	1.0	.0	
58.4	39.5	6.0	232.5	604.9	26.0	.0	.0	
64.7	44.5	6.1	116.3	696.1	2.0	.0	.0	
72.9	45.9	5.6	176.3	688.4	2.0	.0	.0	
76.4	48.7	4.8	155.0	574.6	39.0	.0	.0	
78.7	48.5	10.1	326.3	568.2	50.0	.0	.0	
74.5	47.4	9.8	181.3	618.5	25.0	.0	.0	
73.8	49.6	5.9	201.3	597.7	26.0	.0	.0	
72.5	53.0	7.2	146.3	559.5	33.0	.0	.0	
79.1	48.7	6.2	182.5	616.4	18.0	.0	.0	
83.9	46.9	7.9	227.5	621.9	44.0	.0	.0	
81.0	51.0	9.2	212.5	560.2	78.0	3.0	.0	
65.7	53.1	14.6	292.5	400.8	83.0	31.0	.0	
64.6	49.4	12.8	191.3	543.0	43.0	69.0	.0	
73.6	46.0	9.7	222.5	620.3	24.0	.0	.0	
66.9	45.3	16.1	306.3	548.8	49.0	.0	.0	
56.3	43.8	12.9	293.8	349.5	73.0	2.0	.0	
64.2	37.5	8.3	151.3	642.5	2.0	.0	.0	
72.6	37.0	5.9	110.0	641.8	2.0	.0	.0	
76.7	42.2	10.8	105.0	615.7	3.0	.0	.0	
68.0	53.6	7.4	123.8	257.0	73.0	.0	.0	
71.0	55.4	11.7	240.0	561.4	28.0	.0	.0	
76.8	58.5	11.5	140.0	572.9	15.0	.0	.0	
72.9	54.8	14.7	177.5	422.8	76.0	1.0	.0	
71.8	51.8	8.9	205.0	546.8	39.0	1.0	.0	
64.5	52.1	10.7	280.0	338.8	60.0	26.0	.0	
61.7	45.8	14.1	257.5	546.3	17.0	.0	.0	
62.4	45.4	6.8	201.3	416.1	48.0	.0	.0	
64.0	46.5	6.2	152.5	524.2	19.0	.0	.0	
74.0	50.7	13.8	176.3	421.4	61.0	.0	.0	
   9    30    1978
73.5	46.6	4.5	106.3	577.2	4.0	.0	.0	
77.5	47.1	7.4	216.3	548.1	6.0	.0	.0	
80.9	47.9	10.5	157.5	529.1	15.0	.0	.0	
82.2	42.3	6.3	148.8	525.5	10.0	.0	.0	
81.5	42.2	9.8	147.5	513.4	33.0	.0	.0	
83.1	45.3	11.5	175.0	533.8	5.0	.0	.0	
80.5	41.7	12.5	135.0	549.3	2.0	.0	.0	
76.8	47.9	14.0	261.3	497.7	15.0	.0	.0	
72.8	49.8	11.8	183.8	533.8	18.0	.0	.0	
73.8	52.6	8.4	170.0	391.6	72.0	3.0	.0	
61.3	50.5	7.7	277.5	257.6	70.0	7.0	.0	
53.4	39.1	11.4	183.8	388.9	42.0	.0	.0	
55.1	36.0	8.8	206.3	460.8	35.0	.0	.0	
59.1	36.5	6.5	211.3	475.2	24.0	.0	.0	
67.8	38.4	10.8	247.5	507.3	2.0	.0	.0	
60.6	33.0	14.4	230.0	422.5	41.0	.0	.0	
50.0	40.6	12.2	150.0	200.7	98.0	3.0	.0	
53.9	40.0	15.7	195.0	304.8	79.0	5.0	.0	
48.2	27.5	14.2	282.5	380.8	83.0	.0	.0	
47.9	27.9	3.8	171.3	351.1	72.0	.0	.0	
52.5	22.3	9.2	228.8	476.2	29.0	.0	.0	
63.5	25.4	10.2	195.0	462.2	29.0	.0	.0	
66.4	29.4	10.8	247.5	466.8	2.0	.0	.0	
67.6	34.5	9.7	195.0	457.9	11.0	.0	.0	
70.7	42.2	13.3	236.3	434.2	9.0	.0	.0	
66.2	38.7	10.8	166.3	376.2	30.0	.0	.0	
65.2	39.0	6.6	128.8	433.0	24.0	.0	.0	
65.3	38.1	16.0	295.0	318.4	83.0	.0	.0	
55.9	33.9	15.1	323.8	299.3	45.0	.0	.0	
58.7	31.0	6.5	112.5	448.5	8.0	.0	.0	
  10    31    1978
60.8	31.8	14.1	323.8	270.8	66.0	.0	.0	
53.8	30.0	18.7	325.0	331.3	61.0	.0	.0	
51.9	22.9	7.2	188.8	411.2	36.0	.0	.0	
52.5	26.9	21.9	285.0	374.0	39.0	.0	.0	
45.0	25.5	18.0	340.0	380.5	16.0	.0	.0	
44.7	21.4	4.5	165.0	416.4	2.0	.0	.0	
51.2	23.5	7.1	102.5	406.9	2.0	.0	.0	
59.3	28.1	9.5	188.8	373.2	28.0	.0	.0	
55.1	30.8	10.1	290.0	400.4	2.0	.0	.0	
61.2	27.9	5.3	132.5	388.6	38.0	.0	.0	
58.4	30.6	14.9	331.3	260.3	84.0	.0	.0	
44.8	31.4	17.1	341.3	283.2	60.0	3.0	.0	
43.9	18.6	12.0	283.8	299.1	42.0	.0	.0	
46.1	20.1	6.9	246.3	328.6	46.0	.0	.0	
50.3	26.9	11.7	208.8	361.3	2.0	.0	.0	
50.0	26.1	13.4	180.0	329.9	55.0	.0	.0	
53.5	33.3	15.7	265.0	265.0	83.0	9.0	.0	
46.3	36.9	6.5	231.3	268.2	61.0	.0	.0	
53.4	31.6	4.3	191.3	333.5	18.0	.0	.0	
62.4	30.5	10.2	270.0	274.2	53.0	.0	.0	
56.1	32.4	15.0	295.0	273.0	66.0	3.0	.0	
38.7	26.5	8.8	226.3	248.9	76.0	11.0	.0	
47.6	30.0	9.2	160.0	333.2	23.0	.0	.0	
55.4	30.4	19.7	282.5	296.6	43.0	.0	.0	
43.1	29.0	15.9	327.5	205.1	68.0	.0	.0	
45.4	21.5	8.1	260.0	316.8	15.0	.0	.0	
44.4	21.5	7.1	197.5	269.6	48.0	.0	.0	
42.5	23.5	8.4	206.3	216.0	40.0	.0	.0	
56.6	27.0	14.1	232.5	268.3	40.0	.0	.0	
41.1	25.0	10.1	201.3	187.9	75.0	.0	.0	
43.2	23.7	7.4	186.3	296.7	11.0	.0	.0	
  11    30    1978
52.5	24.8	6.3	160.0	295.8	4.0	.0	.0	
55.8	25.4	9.7	225.0	286.5	2.0	.0	.0	
53.7	25.3	11.4	243.8	245.2	28.0	.0	.0	
54.8	23.7	16.6	238.8	130.3	68.0	.0	.0	
37.1	16.9	6.8	291.3	143.4	45.0	.0	.0	
38.6	17.1	6.5	150.0	236.4	38.0	.0	.0	
52.1	25.5	6.2	256.3	205.6	61.0	.0	.0	
56.4	26.5	7.1	191.3	183.2	65.0	.0	.0	
37.5	33.7	13.6	192.5	119.5	91.0	7.0	.0	
22.2	19.0	19.7	348.8	151.0	98.0	.0	25.4	
16.2	12.2	7.8	116.3	168.4	98.0	.0	12.7	
20.6	18.4	13.3	203.8	134.1	98.0	.0	35.6	
18.9	10.4	13.9	318.8	237.6	70.0	.0	.0	
12.6	6.3	4.1	132.5	256.9	6.0	.0	.0	
19.5	11.0	3.5	203.8	245.1	2.0	.0	.0	
18.8	10.1	8.2	233.8	244.1	2.0	.0	.0	
29.6	21.5	5.3	225.0	212.3	46.0	.0	.0	
14.9	7.2	20.0	185.0	119.3	90.0	.0	.0	
4.5	-3.5	8.9	62.5	143.8	98.0	.0	.0	
7.2	.4	9.5	131.3	137.6	98.0	.0	.0	
16.3	12.8	12.4	152.5	129.3	98.0	.0	.0	
21.8	18.0	13.8	231.3	171.2	89.0	.0	.0	
26.3	20.7	2.0	118.8	220.5	23.0	.0	.0	
29.9	20.5	4.8	197.5	217.5	2.0	.0	.0	
25.9	20.4	4.2	147.5	113.8	76.0	.0	25.4	
24.6	20.9	6.5	243.8	128.3	98.0	.0	43.2	
20.0	16.3	14.1	183.8	142.0	90.0	.0	.0	
31.3	23.5	10.7	245.0	130.7	65.0	.0	.0	
30.4	23.0	6.0	166.3	157.3	66.0	.0	.0	
24.9	18.9	2.0	40.0	176.9	74.0	.0	.0	
  12    31    1978
15.1	10.2	10.2	110.0	105.3	98.0	.0	33.0	
9.5	-.3	9.3	267.5	124.5	98.0	.0	5.1	
9.7	1.6	4.1	136.3	206.1	27.0	.0	.0	
29.0	22.8	16.0	320.0	137.1	89.0	.0	7.6	
18.9	10.5	21.6	255.0	176.1	61.0	.0	2.5	
4.4	-4.8	7.2	232.5	141.0	70.0	.0	.0	
1.4	-8.7	4.4	172.5	187.1	50.0	.0	.0	
7.9	-7.6	5.2	201.3	178.6	28.0	.0	.0	
14.9	4.3	3.4	107.5	118.5	58.0	.0	.0	
29.3	20.1	11.3	263.8	116.0	75.0	.0	.0	
27.3	13.8	2.5	127.5	156.4	65.0	.0	.0	
31.0	22.5	18.5	285.0	133.8	47.0	.0	.0	
18.4	7.4	4.1	108.8	167.8	22.0	.0	.0	
31.7	12.1	5.5	163.8	145.0	65.0	.0	.0	
29.4	15.6	13.5	291.3	133.6	40.0	.0	.0	
21.4	8.5	11.0	201.3	186.6	8.0	.0	.0	
24.2	14.1	5.6	161.3	103.2	52.0	.0	.0	
26.3	21.5	5.9	116.3	107.6	96.0	.0	.0	
26.1	20.5	18.6	310.0	102.2	77.0	.0	5.1	
25.3	13.9	10.5	236.3	169.6	46.0	.0	.0	
25.4	14.6	13.3	218.8	106.4	61.0	.0	.0	
26.0	15.5	7.2	217.5	117.1	80.0	.0	.0	
17.8	12.9	15.7	236.3	141.0	64.0	.0	5.1	
28.0	22.9	6.8	216.3	114.4	90.0	.0	5.1	
24.3	15.6	19.9	318.8	162.3	21.0	.0	.0	
13.8	8.3	7.8	225.0	179.0	25.0	.0	.0	
12.2	6.7	6.1	128.8	159.4	90.0	.0	.0	
10.0	2.0	18.6	315.0	106.0	76.0	.0	.0	
-1.7	-12.5	8.7	237.5	145.7	75.0	.0	.0	
-8.7	-17.0	5.1	130.0	192.3	30.0	.0	.0	
-11.3	-20.6	8.4	291.3	184.9	2.0	.0	.0	
