   1    31    1986
29.5	19.5	5.4	154.6	125.2	93.0	.0	.0	
32.0	21.7	22.1	298.3	186.1	54.0	2.0	.0	
18.4	15.1	17.7	189.6	118.7	80.0	.0	27.9	
15.9	9.2	10.1	200.8	187.8	14.0	.0	2.5	
19.2	2.2	5.1	204.6	190.0	51.0	.0	.0	
10.2	7.1	9.8	122.5	121.6	97.0	.0	5.1	
23.0	17.6	4.4	193.3	140.1	57.0	.0	.0	
27.9	18.2	3.5	100.8	168.3	68.0	.0	.0	
37.3	26.1	7.8	243.3	170.2	71.0	1.0	.0	
35.3	26.6	5.5	204.6	164.8	63.0	.0	.0	
40.0	24.1	14.5	288.3	177.0	23.0	.0	.0	
29.3	18.1	6.2	210.8	201.4	3.0	.0	.0	
35.0	19.4	7.9	262.9	151.2	23.0	.0	.0	
33.1	18.4	6.3	259.6	207.0	13.0	.0	.0	
30.2	20.2	6.8	232.9	185.2	79.0	.0	.0	
35.9	24.2	6.8	216.3	209.0	25.0	.0	.0	
38.0	27.0	10.8	273.3	117.9	65.0	.0	.0	
34.0	25.0	12.9	234.2	161.0	54.0	.0	.0	
41.6	26.1	4.6	117.1	147.0	98.0	.0	.0	
37.1	29.0	19.6	297.9	200.7	75.0	1.0	.0	
22.4	16.1	19.4	252.1	181.2	56.0	.0	71.1	
23.5	15.8	6.2	196.7	217.5	63.0	.0	.0	
27.7	22.6	12.2	169.6	143.4	82.0	.0	7.6	
37.4	24.5	23.6	324.2	184.2	70.0	.0	.0	
31.8	18.1	26.8	325.8	218.1	22.0	.0	.0	
17.2	14.4	10.3	112.5	116.5	79.0	.0	.0	
33.6	22.2	5.2	221.3	205.5	71.0	.0	.0	
41.0	27.5	21.6	314.6	197.6	59.0	.0	.0	
29.6	25.9	14.0	203.8	117.8	78.0	.0	.0	
26.3	24.9	10.0	141.3	130.3	98.0	.0	.0	
25.8	25.1	5.5	122.5	124.6	82.0	.0	.0	
   2    28    1986
37.8	29.5	4.2	187.5	243.7	40.0	.0	.0	
34.6	30.5	5.9	151.7	256.7	31.0	.0	.0	
28.0	27.3	6.7	164.2	140.7	91.0	.0	.0	
27.5	26.5	20.7	285.0	125.7	98.0	.0	30.5	
29.0	26.7	10.6	213.8	164.0	98.0	.0	5.1	
23.6	21.5	19.0	251.7	144.0	98.0	.0	50.8	
9.4	4.5	16.3	226.7	180.0	94.0	.0	.0	
6.4	1.5	4.1	104.2	243.4	74.0	.0	.0	
2.3	-1.9	5.4	199.6	270.3	42.0	.0	.0	
-1.3	-5.7	10.4	242.5	248.8	57.0	.0	.0	
-1.0	-7.7	3.1	182.9	278.1	45.0	.0	.0	
7.3	-.1	11.8	158.3	312.5	50.0	.0	.0	
11.9	7.5	23.6	302.5	146.6	88.0	.0	7.6	
11.3	5.3	4.9	116.7	247.8	63.0	.0	.0	
15.4	13.1	13.5	128.3	165.2	98.0	.0	7.6	
22.7	19.2	6.4	168.8	236.2	92.0	.0	.0	
29.4	21.4	14.7	161.7	161.6	98.0	.0	.0	
12.5	10.2	11.7	86.3	198.7	98.0	.0	.0	
8.1	5.4	19.1	153.3	168.1	98.0	.0	91.4	
11.5	6.3	13.5	147.5	202.1	91.0	.0	.0	
27.4	19.3	10.2	200.8	326.6	38.0	.0	2.5	
25.5	21.2	11.8	165.4	185.9	89.0	.0	.0	
26.0	22.8	6.1	114.6	262.4	90.0	.0	35.6	
41.4	31.9	8.5	205.4	306.0	77.0	.0	.0	
47.3	34.1	11.7	320.8	315.6	61.0	.0	.0	
45.0	34.8	25.5	324.2	300.6	29.0	1.0	.0	
36.8	28.3	21.0	248.8	306.9	13.0	.0	.0	
34.4	26.1	5.6	148.8	342.7	44.0	.0	.0	
   3    31    1986
49.6	30.3	13.5	312.9	327.2	41.0	.0	.0	
41.7	32.6	8.9	235.0	243.8	60.0	.0	.0	
42.8	29.0	16.1	336.3	317.6	62.0	.0	.0	
46.8	27.5	13.1	222.9	286.1	85.0	4.0	.0	
43.6	27.7	18.1	328.8	338.3	46.0	.0	.0	
29.0	24.5	12.3	96.3	161.6	81.0	.0	.0	
33.4	26.3	16.6	149.2	253.4	93.0	1.0	.0	
49.1	35.7	9.0	103.3	303.6	91.0	.0	.0	
38.2	35.6	7.9	109.6	127.2	98.0	14.0	.0	
40.0	35.6	8.7	132.5	240.2	92.0	.0	.0	
40.0	37.1	10.2	121.3	112.6	98.0	8.0	.0	
35.9	32.0	7.1	77.5	214.1	98.0	.0	.0	
35.7	27.8	6.8	85.8	339.5	89.0	.0	.0	
29.4	25.2	6.3	130.4	200.6	63.0	.0	.0	
29.6	28.0	8.4	157.5	174.6	83.0	.0	30.5	
33.6	30.2	8.9	166.7	340.4	93.0	.0	.0	
30.5	29.2	13.2	162.1	185.5	98.0	.0	91.4	
30.2	27.1	26.4	341.7	291.5	82.0	.0	30.5	
26.9	21.3	9.1	177.1	369.3	87.0	.0	.0	
33.6	26.1	8.9	216.3	377.5	63.0	1.0	.0	
49.9	29.2	10.2	175.0	466.7	81.0	.0	.0	
47.3	25.2	16.9	287.5	382.6	68.0	.0	.0	
41.8	28.0	11.6	158.8	445.5	64.0	.0	.0	
59.3	31.5	14.3	208.8	382.4	88.0	.0	.0	
47.1	19.9	20.4	324.2	323.6	70.0	.0	.0	
45.8	21.6	6.9	177.5	440.7	55.0	.0	.0	
58.7	28.1	8.7	222.1	473.6	65.0	.0	.0	
63.4	28.2	9.5	196.7	447.6	76.0	.0	.0	
62.2	29.6	15.3	270.8	473.7	61.0	.0	.0	
58.2	30.4	12.7	214.2	489.7	66.0	.0	.0	
46.0	27.4	22.4	303.3	241.5	56.0	.0	.0	
   4    30    1986
47.7	23.6	19.6	179.2	397.8	70.0	.0	.0	
48.3	34.0	20.7	250.8	346.2	95.0	24.0	.0	
35.2	33.9	24.5	325.8	194.5	98.0	55.0	.0	
32.0	31.1	13.7	324.2	354.7	98.0	.0	111.8	
35.9	32.7	7.5	214.6	547.8	45.0	7.0	.0	
48.0	34.4	5.1	181.3	572.8	2.0	.0	.0	
52.2	32.9	9.9	196.7	539.7	13.0	.0	.0	
46.2	29.8	9.8	164.6	562.2	10.0	.0	.0	
43.3	35.2	15.2	172.9	427.5	43.0	.0	.0	
46.3	40.7	9.5	202.9	386.0	58.0	11.0	.0	
41.4	34.1	18.0	304.2	329.6	56.0	1.0	.0	
35.8	21.2	14.1	177.1	505.4	51.0	.0	.0	
26.1	22.1	24.4	216.7	227.8	98.0	.0	61.0	
22.4	13.6	33.4	338.8	589.3	50.0	.0	.0	
30.3	18.1	12.4	194.6	637.7	2.0	.0	.0	
46.6	33.1	17.8	170.4	400.5	71.0	.0	.0	
40.5	37.4	21.7	318.3	174.1	94.0	85.0	.0	
43.3	31.6	29.1	327.5	480.2	73.0	58.0	.0	
45.6	28.1	12.6	300.4	349.0	77.0	.0	.0	
48.1	36.6	18.2	328.8	320.9	88.0	.0	.0	
47.1	37.0	8.6	178.8	325.8	75.0	.0	.0	
62.4	42.8	9.7	153.8	612.3	17.0	.0	.0	
60.0	42.9	17.6	290.4	449.2	85.0	13.0	.0	
48.5	41.2	11.9	194.2	282.5	98.0	24.0	.0	
49.4	44.3	13.3	207.9	319.8	95.0	.0	.0	
36.6	35.6	15.9	209.6	168.2	98.0	128.0	.0	
39.8	33.3	17.3	337.9	377.1	67.0	.0	.0	
51.5	36.0	7.4	236.7	568.4	22.0	.0	.0	
54.4	40.2	13.2	235.4	394.0	66.0	.0	.0	
46.4	26.1	14.2	317.1	630.5	10.0	.0	.0	
   5    31    1986
48.3	28.2	12.5	188.3	665.2	22.0	.0	.0	
51.7	42.0	10.5	103.8	549.3	65.0	.0	.0	
65.1	48.0	13.1	159.6	610.5	7.0	.0	.0	
71.2	42.5	14.4	195.0	638.5	23.0	.0	.0	
53.5	31.8	21.8	287.1	485.3	45.0	.0	.0	
48.0	34.7	11.2	183.8	561.0	60.0	.0	.0	
39.4	38.4	12.1	47.9	240.6	98.0	46.0	.0	
42.0	40.8	20.1	347.9	208.7	98.0	52.0	.0	
46.2	35.2	13.3	262.9	514.2	73.0	41.0	.0	
52.6	39.1	10.8	135.8	681.3	24.0	.0	.0	
60.2	41.5	15.8	222.1	618.7	36.0	.0	.0	
51.9	31.3	11.4	217.1	613.3	55.0	.0	.0	
56.5	38.5	11.1	200.8	659.3	49.0	.0	.0	
51.7	36.2	15.1	184.2	532.6	75.0	.0	.0	
50.4	38.6	11.5	193.8	557.8	69.0	.0	.0	
47.2	29.4	15.4	321.7	415.5	76.0	.0	.0	
51.3	33.4	7.3	173.3	718.3	31.0	.0	.0	
57.4	40.6	8.2	177.9	552.3	66.0	.0	.0	
58.3	48.6	7.3	132.1	482.9	69.0	.0	.0	
62.2	52.3	11.6	124.6	686.2	15.0	.0	.0	
65.4	54.0	16.7	152.9	658.0	52.0	.0	.0	
57.8	48.5	16.6	246.3	472.4	90.0	.0	.0	
51.0	34.5	12.2	299.6	488.6	79.0	.0	.0	
52.1	43.2	13.0	301.3	414.5	78.0	.0	.0	
54.7	44.3	9.6	172.5	577.7	55.0	2.0	.0	
56.2	46.7	9.3	159.6	441.4	68.0	2.0	.0	
61.1	48.4	7.3	171.3	630.7	14.0	.0	.0	
62.3	49.0	8.4	141.7	649.5	21.0	.0	.0	
62.0	49.4	6.1	99.6	685.4	5.0	.0	.0	
65.8	48.6	4.7	94.6	730.2	2.0	.0	.0	
68.7	50.2	6.3	133.3	744.0	15.0	.0	.0	
   6    30    1986
65.3	52.2	10.2	181.7	654.7	31.0	.0	.0	
71.2	52.4	14.5	177.9	740.3	2.0	.0	.0	
72.8	55.9	11.8	173.8	693.9	37.0	4.0	.0	
56.4	52.7	11.0	207.9	299.4	95.0	12.0	.0	
60.3	55.3	12.2	152.1	381.1	98.0	.0	.0	
66.6	56.8	11.4	246.7	625.5	35.0	.0	.0	
64.5	50.5	8.5	151.3	725.8	27.0	.0	.0	
66.5	54.8	10.5	157.5	426.4	93.0	39.0	.0	
58.5	56.9	13.3	279.6	230.7	98.0	218.0	.0	
60.9	51.9	17.8	345.4	385.9	84.0	11.0	.0	
65.8	50.1	7.3	207.9	759.4	2.0	.0	.0	
62.2	47.0	11.6	229.6	584.6	60.0	2.0	.0	
63.4	54.7	9.5	157.9	563.9	68.0	22.0	.0	
65.9	58.0	8.7	173.3	614.8	29.0	20.0	.0	
70.6	56.6	9.2	187.5	661.9	42.0	.0	.0	
68.5	58.5	9.4	129.2	703.1	25.0	.0	.0	
77.6	61.6	12.2	161.3	638.2	78.0	.0	.0	
76.7	60.1	11.9	170.4	707.7	36.0	.0	.0	
71.0	59.2	14.3	289.2	531.2	65.0	.0	.0	
67.0	55.1	10.2	223.3	570.8	63.0	6.0	.0	
62.2	50.8	16.0	290.8	629.5	46.0	42.0	.0	
64.8	44.7	7.7	209.6	751.4	5.0	.0	.0	
69.6	49.7	8.9	186.3	738.7	2.0	.0	.0	
74.2	58.1	13.4	171.3	683.9	43.0	.0	.0	
77.2	62.0	5.3	209.2	657.6	65.0	.0	.0	
75.6	55.1	12.0	289.2	585.3	59.0	.0	.0	
72.2	56.6	9.9	240.8	656.6	45.0	2.0	.0	
73.2	62.0	9.7	211.7	614.1	67.0	3.0	.0	
71.3	63.4	10.9	117.1	565.8	78.0	20.0	.0	
64.4	60.1	8.2	164.6	485.9	66.0	55.0	.0	
   7    31    1986
69.1	54.2	8.7	208.8	695.2	8.0	.0	.0	
71.9	59.5	9.6	161.7	723.3	3.0	.0	.0	
79.3	61.2	12.3	207.1	662.0	31.0	.0	.0	
74.7	55.6	11.4	224.2	666.7	38.0	.0	.0	
64.2	45.5	14.2	205.4	613.9	55.0	.0	.0	
66.8	49.6	11.8	265.0	594.2	31.0	.0	.0	
67.7	57.8	7.4	195.4	552.9	58.0	4.0	.0	
67.8	57.6	9.7	223.8	673.6	22.0	.0	.0	
65.6	58.8	10.4	170.4	468.3	60.0	19.0	.0	
64.2	55.8	7.5	270.8	416.3	63.0	30.0	.0	
62.3	55.4	6.9	208.3	384.5	90.0	22.0	.0	
65.7	46.3	10.5	307.1	645.5	22.0	.0	.0	
70.8	52.4	8.4	182.9	638.0	33.0	.0	.0	
74.1	60.2	8.9	205.0	670.3	46.0	.0	.0	
73.4	60.7	6.2	195.0	429.9	88.0	.0	.0	
77.9	60.7	7.3	187.1	622.5	55.0	.0	.0	
76.3	58.1	10.6	251.3	670.9	40.0	.0	.0	
73.8	60.2	12.3	219.2	570.5	70.0	8.0	.0	
69.8	49.8	10.0	213.3	711.7	13.0	1.0	.0	
66.4	54.0	7.5	172.9	510.3	87.0	3.0	.0	
67.5	55.3	6.2	188.3	581.0	57.0	.0	.0	
73.7	55.5	11.1	193.3	598.7	40.0	.0	.0	
79.3	56.1	9.4	210.8	552.2	59.0	.0	.0	
70.9	56.1	10.1	261.7	471.3	70.0	.0	.0	
70.6	56.4	10.4	195.0	502.4	67.0	1.0	.0	
68.3	55.5	11.3	278.3	568.0	31.0	3.0	.0	
71.8	54.6	7.8	227.1	628.1	34.0	.0	.0	
75.4	52.4	9.4	193.3	674.9	8.0	.0	.0	
79.5	48.3	10.0	210.8	627.2	41.0	.0	.0	
69.6	45.8	11.9	216.3	617.1	23.0	.0	.0	
69.6	43.4	8.0	172.1	598.3	58.0	.0	.0	
   8    31    1986
69.9	46.3	9.3	141.7	669.5	23.0	.0	.0	
66.8	46.1	7.4	140.8	659.8	10.0	.0	.0	
70.4	53.8	8.8	174.6	584.7	41.0	.0	.0	
66.9	56.2	8.4	171.3	403.2	68.0	.0	.0	
71.3	51.0	8.8	218.8	659.0	11.0	.0	.0	
72.5	50.3	14.7	280.8	566.1	28.0	.0	.0	
68.8	45.1	9.1	224.2	658.7	4.0	.0	.0	
71.0	48.3	6.1	184.6	490.6	68.0	.0	.0	
66.0	49.6	15.1	285.4	556.8	45.0	1.0	.0	
66.6	45.3	7.5	154.6	561.4	43.0	.0	.0	
71.4	52.0	6.5	192.5	601.7	45.0	10.0	.0	
73.3	56.4	9.4	162.1	523.6	49.0	50.0	.0	
67.5	53.5	11.1	313.3	396.3	68.0	56.0	.0	
70.4	53.3	6.9	214.2	581.5	8.0	.0	.0	
77.7	49.9	5.9	127.9	637.9	2.0	.0	.0	
70.8	49.3	12.4	152.5	559.9	18.0	.0	.0	
68.1	52.4	10.1	144.2	534.9	64.0	.0	.0	
77.9	58.4	6.8	161.3	588.1	14.0	.0	.0	
82.7	56.5	12.1	204.6	525.1	48.0	.0	.0	
64.5	42.1	13.7	223.8	453.9	46.0	.0	.0	
58.9	45.5	12.7	176.3	344.3	75.0	4.0	.0	
66.2	44.6	13.3	267.9	564.2	23.0	.0	.0	
70.7	46.7	14.5	162.5	543.7	49.0	8.0	.0	
74.4	50.0	7.4	197.9	556.4	71.0	.0	.0	
70.2	53.2	9.2	193.8	260.9	96.0	2.0	.0	
61.4	53.6	8.6	182.9	350.8	64.0	.0	.0	
61.6	50.4	8.8	77.9	492.1	45.0	.0	.0	
64.4	50.5	12.0	150.0	524.7	46.0	.0	.0	
69.9	50.0	6.9	110.0	571.3	2.0	.0	.0	
72.1	52.0	9.3	243.8	462.9	39.0	1.0	.0	
71.9	54.0	10.2	291.3	380.5	87.0	.0	.0	
   9    30    1986
61.5	56.7	9.5	167.9	259.5	98.0	25.0	.0	
59.2	53.5	5.3	175.0	358.5	54.0	75.0	.0	
63.7	50.6	11.9	302.5	445.0	44.0	.0	.0	
60.6	46.9	6.8	165.0	453.5	55.0	.0	.0	
53.8	46.4	10.2	134.2	334.5	74.0	61.0	.0	
46.2	38.9	9.8	262.9	255.1	97.0	9.0	.0	
50.7	37.3	9.4	218.8	526.8	17.0	.0	.0	
55.9	47.4	7.8	144.2	487.7	40.0	.0	.0	
55.6	51.7	8.0	195.8	307.7	92.0	2.0	.0	
51.6	49.1	9.6	250.4	165.5	81.0	29.0	.0	
58.9	43.6	8.8	227.9	505.0	10.0	.0	.0	
55.4	39.7	13.4	227.5	436.4	62.0	.0	.0	
48.3	40.4	10.6	140.4	251.7	96.0	.0	.0	
48.0	45.2	8.2	115.8	152.5	98.0	.0	.0	
46.2	45.3	8.5	112.1	151.5	98.0	6.0	.0	
54.6	53.8	9.6	222.5	142.1	98.0	2.0	.0	
56.5	52.4	9.3	150.4	260.8	98.0	.0	.0	
51.1	49.8	9.1	90.4	180.7	98.0	51.0	.0	
53.9	49.6	7.9	143.8	295.2	90.0	.0	.0	
53.3	52.5	7.8	121.7	154.4	98.0	5.0	.0	
54.0	50.2	10.8	329.6	218.7	98.0	.0	.0	
55.3	49.3	7.5	257.5	300.8	70.0	.0	.0	
60.6	49.3	8.2	177.5	412.4	53.0	.0	.0	
59.7	51.7	13.3	148.3	176.3	90.0	43.0	.0	
61.1	37.4	20.3	217.9	464.1	43.0	.0	.0	
53.0	33.2	8.4	217.5	380.4	36.0	.0	.0	
54.4	36.8	10.6	231.3	396.5	51.0	3.0	.0	
52.1	40.0	11.7	240.8	368.6	43.0	3.0	.0	
48.8	33.1	8.2	202.1	358.5	28.0	.0	.0	
51.5	35.7	8.9	191.7	365.9	62.0	.0	.0	
  10    31    1986
51.3	41.6	10.7	258.3	364.9	46.0	1.0	.0	
45.2	43.0	11.4	260.0	121.4	98.0	107.0	.0	
42.0	39.2	8.9	99.2	150.6	87.0	34.0	.0	
50.0	35.8	7.3	254.2	370.0	53.0	.0	.0	
48.5	41.5	12.3	225.4	193.5	62.0	.0	.0	
55.9	41.6	5.6	197.5	408.1	2.0	.0	.0	
57.8	42.3	12.6	260.8	406.6	2.0	.0	.0	
44.8	42.5	9.7	156.7	158.5	78.0	1.0	.0	
48.6	41.5	15.2	170.0	384.8	27.0	.0	.0	
41.4	37.3	18.2	302.5	117.6	73.0	7.0	.0	
31.3	21.4	18.3	322.5	166.5	98.0	.0	.0	
29.5	17.5	6.1	217.9	366.2	7.0	.0	.0	
37.1	21.0	10.1	237.1	324.6	43.0	.0	.0	
47.4	29.1	17.8	332.5	275.1	32.0	.0	.0	
47.7	29.1	7.1	267.9	336.5	32.0	.0	.0	
54.8	29.1	6.8	226.3	362.5	13.0	.0	.0	
54.8	32.8	6.9	132.1	344.7	15.0	.0	.0	
54.6	35.7	9.1	162.1	284.1	58.0	.0	.0	
53.6	41.3	8.8	209.6	303.9	57.0	.0	.0	
54.1	45.2	7.0	193.3	227.4	81.0	.0	.0	
51.0	47.3	7.0	142.9	175.9	91.0	.0	.0	
51.0	50.1	10.2	213.3	94.7	98.0	14.0	.0	
50.2	46.9	6.8	161.3	212.1	61.0	.0	.0	
45.8	43.6	6.5	105.8	217.9	75.0	.0	.0	
47.7	41.8	6.2	194.2	253.6	45.0	.0	.0	
54.6	36.2	9.6	294.2	313.1	33.0	.0	.0	
54.9	39.0	7.4	215.0	246.5	74.0	.0	.0	
50.6	36.7	15.7	329.2	289.8	11.0	.0	.0	
47.0	33.9	5.8	182.9	216.0	54.0	.0	.0	
48.9	30.7	10.6	208.8	138.0	83.0	.0	.0	
36.6	27.6	17.9	216.7	175.8	93.0	.0	.0	
  11    30    1986
35.9	27.5	6.8	164.6	224.4	65.0	.0	.0	
40.3	24.5	6.3	163.8	274.1	33.0	.0	.0	
42.9	29.6	12.2	278.8	123.6	73.0	.0	.0	
43.3	30.2	6.3	135.4	256.7	17.0	.0	.0	
49.0	31.4	9.8	233.3	262.2	53.0	.0	.0	
35.0	33.0	15.4	118.8	116.6	98.0	50.0	.0	
23.7	21.7	16.1	231.7	165.6	90.0	.0	104.1	
19.7	14.4	18.5	323.8	270.6	51.0	.0	.0	
8.3	3.1	19.2	300.0	154.5	98.0	.0	43.2	
-.4	-6.5	8.7	186.7	281.8	17.0	.0	2.5	
15.3	8.7	14.6	286.7	217.2	80.0	.0	10.2	
-.6	-7.3	12.0	241.7	260.9	11.0	.0	15.2	
13.7	6.8	9.4	167.1	179.9	69.0	.0	.0	
25.7	19.1	7.1	106.3	228.1	86.0	.0	.0	
24.6	22.8	9.3	190.4	130.2	95.0	.0	.0	
34.6	25.0	6.8	257.9	179.2	95.0	.0	.0	
30.4	25.9	11.6	196.3	130.4	81.0	.0	.0	
23.7	16.6	20.4	182.5	222.6	45.0	.0	.0	
37.3	29.6	12.7	287.5	110.7	67.0	12.0	.0	
36.1	26.9	6.5	172.5	184.7	39.0	.0	.0	
44.7	31.8	12.5	210.4	139.5	84.0	3.0	.0	
37.0	26.3	12.9	336.3	218.1	24.0	.0	.0	
32.5	23.6	8.5	182.5	213.5	27.0	.0	.0	
45.0	30.1	7.3	158.8	178.0	38.0	.0	.0	
35.4	22.8	20.3	306.3	162.1	30.0	.0	.0	
34.2	16.4	8.4	202.5	195.3	38.0	.0	.0	
42.6	23.1	8.9	218.8	140.1	62.0	.0	.0	
39.5	26.4	7.4	252.9	108.5	75.0	.0	.0	
31.3	30.1	8.9	85.4	90.4	98.0	.0	.0	
25.8	24.6	18.5	216.3	105.9	98.0	.0	15.2	
  12    31    1986
27.0	24.7	7.2	187.1	175.0	73.0	.0	.0	
31.3	17.5	20.9	332.5	182.4	19.0	.0	.0	
22.8	12.5	12.9	325.8	156.2	14.0	.0	.0	
22.2	15.3	10.0	175.0	184.0	3.0	.0	.0	
31.1	21.3	9.9	200.4	105.0	85.0	.0	.0	
23.6	17.9	9.3	142.1	86.7	98.0	.0	.0	
25.9	23.0	10.4	234.6	108.5	58.0	.0	.0	
28.3	16.5	21.7	337.5	88.2	65.0	.0	.0	
9.7	2.4	19.2	280.8	176.1	30.0	.0	2.5	
22.9	9.8	8.6	185.4	110.6	49.0	.0	.0	
33.6	25.3	15.8	266.7	105.6	82.0	.0	.0	
24.8	23.8	13.2	207.5	65.6	75.0	.0	.0	
33.7	21.9	8.0	217.9	184.7	31.0	.0	.0	
34.6	18.6	9.0	244.2	177.7	10.0	.0	.0	
36.6	19.6	6.8	235.8	180.3	2.0	.0	.0	
35.0	18.4	11.9	300.0	182.5	2.0	.0	.0	
29.8	14.9	11.7	285.4	183.6	2.0	.0	.0	
30.5	10.5	6.5	224.6	182.4	17.0	.0	.0	
23.9	16.0	6.2	180.4	112.5	68.0	.0	.0	
29.5	13.5	5.5	245.4	171.2	19.0	.0	.0	
32.5	17.2	8.1	246.3	179.7	3.0	.0	.0	
36.9	14.0	6.7	191.7	182.8	4.0	.0	.0	
36.1	18.4	13.4	280.4	132.1	69.0	.0	.0	
35.0	18.3	10.1	299.6	169.0	5.0	.0	.0	
31.7	16.7	7.5	237.5	173.8	29.0	.0	.0	
30.4	16.9	4.2	165.0	174.2	21.0	.0	.0	
36.6	17.1	6.0	211.3	148.9	72.0	.0	.0	
36.9	14.2	14.1	325.0	174.7	19.0	.0	.0	
31.2	17.6	6.8	167.9	159.5	45.0	.0	.0	
40.6	14.2	13.6	294.2	175.6	56.0	.0	.0	
28.7	17.9	16.6	292.9	169.3	55.0	.0	.0	
