   1    31    1971
29.8	23.1	14.7	282.5	184.8	45.0	.0	2.5	
25.0	21.2	7.9	193.8	95.6	98.0	.0	.0	
15.6	8.5	22.2	227.5	110.0	98.0	.0	.0	
-1.2	-11.5	18.7	311.3	197.3	23.0	.0	.0	
-10.4	-19.4	10.5	287.5	199.6	2.0	.0	.0	
-10.8	-19.1	8.0	253.8	187.6	2.0	.0	.0	
-3.0	-10.0	10.8	142.5	198.4	13.0	.0	.0	
17.3	11.8	17.6	180.0	100.9	95.0	.0	5.1	
20.4	15.1	15.0	286.3	106.6	86.0	.0	.0	
8.3	.6	12.0	131.3	104.2	98.0	.0	.0	
-.8	-10.1	14.7	217.5	167.4	81.0	.0	2.5	
1.1	-6.1	14.4	63.8	118.4	98.0	.0	.0	
10.2	5.9	13.2	223.8	132.8	84.0	.0	5.1	
-.9	-10.5	9.2	258.8	169.7	47.0	.0	.0	
-7.0	-16.4	8.3	168.8	189.1	64.0	.0	.0	
10.6	5.9	8.5	91.3	99.4	88.0	.0	.0	
11.3	7.3	10.0	161.3	122.5	97.0	.0	.0	
5.3	-2.6	12.4	297.5	142.0	59.0	.0	.0	
-1.8	-9.3	12.3	207.5	201.8	35.0	.0	.0	
23.0	20.0	15.1	223.8	163.3	98.0	.0	.0	
27.4	22.0	15.5	242.5	216.6	45.0	.0	7.6	
20.4	12.0	17.3	255.0	228.3	20.0	.0	10.2	
21.9	15.0	11.7	207.5	236.0	13.0	.0	.0	
20.0	16.1	9.5	127.5	206.4	50.0	.0	.0	
15.8	9.9	15.9	257.5	126.6	68.0	.0	.0	
-1.2	-12.3	11.2	303.8	169.0	38.0	.0	.0	
3.0	-3.4	11.7	215.0	129.4	81.0	.0	.0	
8.4	2.6	9.1	226.3	121.8	86.0	.0	.0	
21.4	13.5	18.7	292.5	122.3	98.0	.0	.0	
2.6	-9.0	18.0	310.0	136.9	92.0	.0	.0	
-.4	-12.2	17.4	297.5	228.1	24.0	.0	.0	
   2    28    1971
1.3	-8.4	13.4	258.8	270.5	8.0	.0	.0	
23.1	15.6	15.7	177.5	166.5	89.0	.0	.0	
22.2	18.3	10.0	93.8	145.2	98.0	.0	20.3	
13.1	8.4	12.1	318.8	146.4	98.0	.0	.0	
5.0	-2.1	17.8	300.0	246.5	35.0	.0	.0	
-2.3	-11.3	10.4	288.8	288.3	11.0	.0	.0	
-12.8	-23.0	9.4	282.5	284.8	7.0	.0	.0	
-10.9	-19.3	9.7	301.3	288.1	6.0	.0	.0	
1.8	-3.9	11.8	251.3	197.8	39.0	.0	.0	
21.3	17.6	7.4	221.3	190.4	59.0	.0	.0	
26.1	21.6	13.7	310.0	176.5	90.0	.0	.0	
6.0	-2.5	11.0	220.0	313.9	6.0	.0	.0	
11.6	5.4	13.5	162.5	157.2	81.0	.0	20.3	
28.9	26.0	8.7	266.3	265.4	80.0	.0	.0	
30.5	27.8	14.6	127.5	180.6	71.0	.0	.0	
36.8	32.3	11.9	250.0	250.4	53.0	.0	.0	
38.1	30.4	8.5	200.0	278.1	51.0	.0	.0	
34.7	31.4	18.7	62.5	116.7	98.0	54.0	.0	
28.1	26.1	14.4	70.0	155.9	98.0	.0	38.1	
21.0	16.4	10.2	347.5	175.5	98.0	.0	.0	
17.6	13.0	12.0	101.3	153.1	98.0	.0	.0	
22.3	15.1	17.4	61.3	156.7	98.0	.0	.0	
25.3	17.6	9.5	296.3	342.7	20.0	.0	.0	
30.4	25.1	9.4	222.5	323.5	25.0	.0	.0	
38.1	29.9	12.3	198.8	333.2	11.0	.0	.0	
31.4	29.6	19.4	271.3	152.8	98.0	.0	12.7	
23.2	17.6	24.4	298.8	171.4	92.0	.0	.0	
21.2	13.9	8.9	172.5	354.2	52.0	.0	.0	
   3    31    1971
22.0	13.6	13.4	57.5	233.6	90.0	.0	.0	
17.1	9.9	11.1	138.8	384.2	6.0	.0	.0	
20.6	13.0	13.4	212.5	366.0	28.0	.0	.0	
29.9	24.0	15.0	228.8	302.3	56.0	.0	.0	
30.8	26.1	10.8	171.3	173.5	89.0	.0	.0	
25.6	17.8	18.1	328.8	192.1	89.0	.0	.0	
19.3	12.5	15.5	318.8	299.5	37.0	.0	.0	
21.5	11.1	10.1	156.3	306.8	66.0	.0	.0	
28.1	23.5	12.5	256.3	180.4	88.0	.0	.0	
31.2	23.3	7.9	210.0	343.1	46.0	.0	.0	
38.0	30.2	7.5	138.8	274.3	59.0	7.0	.0	
40.2	31.5	11.1	211.3	356.9	60.0	.0	.0	
49.9	42.1	17.3	186.3	377.1	30.0	6.0	.0	
37.1	32.2	20.0	313.8	197.0	88.0	.0	.0	
29.0	22.1	25.7	321.3	170.1	95.0	.0	.0	
28.0	19.5	8.1	288.8	404.0	33.0	.0	.0	
34.8	26.9	12.0	176.3	269.5	61.0	4.0	.0	
30.3	26.7	25.4	121.3	244.8	98.0	.0	172.7	
25.2	20.4	15.0	325.0	432.8	38.0	.0	.0	
26.4	22.3	11.1	216.3	472.5	23.0	.0	.0	
31.7	25.4	16.9	260.0	243.8	83.0	.0	.0	
19.9	10.9	15.4	323.8	408.7	34.0	.0	.0	
18.1	9.1	10.8	276.3	417.2	33.0	.0	.0	
21.6	16.0	12.6	142.5	299.0	68.0	.0	.0	
27.6	22.5	14.1	186.3	254.0	98.0	.0	.0	
31.7	28.0	17.6	190.0	251.1	98.0	.0	.0	
42.2	34.9	15.0	238.8	487.2	39.0	.0	.0	
36.1	26.2	15.4	321.3	346.8	61.0	.0	.0	
38.8	27.1	9.1	221.3	511.3	7.0	.0	.0	
47.7	35.5	8.9	162.5	487.7	57.0	.0	.0	
48.8	37.6	20.7	228.8	395.6	75.0	.0	.0	
   4    30    1971
30.6	18.4	32.5	323.8	352.2	67.0	.0	15.2	
29.1	12.9	23.9	323.8	510.1	8.0	.0	.0	
29.8	15.8	10.0	287.5	431.7	33.0	.0	.0	
29.3	15.3	8.2	191.3	549.1	6.0	.0	.0	
34.2	20.0	9.6	178.8	552.8	40.0	.0	.0	
44.1	22.1	12.0	228.8	532.6	10.0	.0	.0	
57.7	25.6	19.2	213.8	547.4	2.0	.0	.0	
55.1	31.8	18.0	290.0	302.6	60.0	.0	.0	
48.6	24.6	10.4	235.0	555.1	2.0	.0	.0	
59.7	26.4	24.7	190.0	541.1	47.0	.0	.0	
54.6	26.0	14.7	123.8	490.3	68.0	.0	.0	
47.0	24.5	14.4	63.8	492.2	78.0	.0	.0	
41.1	18.3	14.1	248.8	582.8	20.0	.0	.0	
47.0	24.8	13.4	142.5	579.2	9.0	.0	.0	
64.7	39.0	18.3	190.0	574.7	40.0	.0	.0	
58.9	43.2	15.0	262.5	354.2	70.0	15.0	.0	
57.9	39.6	15.0	116.3	553.6	35.0	.0	.0	
62.3	52.9	18.3	147.5	309.4	98.0	1.0	.0	
66.9	54.6	13.4	142.5	283.8	98.0	.0	.0	
62.3	53.6	13.9	173.8	284.1	95.0	68.0	.0	
52.2	46.4	15.5	98.8	380.5	88.0	11.0	.0	
49.1	35.9	14.7	81.3	601.1	23.0	.0	.0	
51.2	33.5	12.2	246.3	625.6	11.0	.0	.0	
47.3	27.1	8.6	115.0	498.7	36.0	.0	.0	
44.7	29.5	13.0	228.8	570.6	30.0	.0	.0	
43.8	36.9	11.3	85.0	236.2	87.0	48.0	.0	
41.6	38.6	20.7	237.5	277.4	98.0	10.0	.0	
40.2	34.4	12.7	276.3	283.5	92.0	.0	.0	
46.2	35.1	10.2	171.3	480.4	56.0	.0	.0	
52.0	39.5	14.6	292.5	580.3	42.0	.0	.0	
   5    31    1971
43.1	31.5	12.5	260.0	432.2	39.0	.0	.0	
42.9	28.6	8.5	173.8	627.4	18.0	.0	.0	
50.6	34.0	14.1	146.3	544.3	43.0	.0	.0	
62.9	41.3	10.8	177.5	619.2	32.0	1.0	.0	
57.7	34.4	15.4	61.3	506.0	68.0	.0	.0	
55.3	36.0	15.2	93.8	657.8	26.0	.0	.0	
54.8	37.3	9.1	108.8	565.4	49.0	.0	.0	
53.4	30.9	5.8	163.8	637.1	22.0	.0	.0	
59.8	42.9	9.4	171.3	350.8	75.0	.0	.0	
58.6	49.6	9.5	93.8	324.8	98.0	.0	.0	
51.0	30.6	18.1	186.3	621.3	42.0	.0	.0	
51.0	29.8	8.8	271.3	688.1	4.0	.0	.0	
63.5	39.6	8.9	197.5	694.4	2.0	.0	.0	
64.4	41.7	9.6	205.0	694.3	14.0	.0	.0	
60.9	41.7	7.7	205.0	581.1	37.0	.0	.0	
64.7	39.2	12.1	168.8	664.3	35.0	.0	.0	
61.6	50.1	10.5	288.8	412.3	77.0	14.0	.0	
51.0	42.9	12.8	96.3	293.2	97.0	1.0	.0	
48.1	31.0	14.4	297.5	466.4	93.0	1.0	.0	
54.7	34.3	9.1	225.0	687.1	32.0	.0	.0	
63.5	44.6	17.7	122.5	586.6	59.0	.0	.0	
64.3	50.4	19.0	141.3	515.9	76.0	.0	.0	
58.7	55.8	14.0	191.3	314.6	98.0	86.0	.0	
48.3	43.3	17.4	325.0	331.7	98.0	.0	.0	
47.3	39.1	13.5	325.0	411.0	70.0	.0	.0	
47.2	36.3	6.7	173.8	672.2	9.0	.0	.0	
53.9	35.6	7.2	133.8	734.0	2.0	.0	.0	
61.2	37.9	13.3	172.5	713.6	3.0	.0	.0	
65.6	51.1	13.0	191.3	328.4	80.0	.0	.0	
62.8	50.8	13.6	142.5	315.5	96.0	2.0	.0	
62.0	54.7	12.4	205.0	427.0	73.0	1.0	.0	
   6    30    1971
54.0	49.5	9.8	275.0	303.9	92.0	.0	.0	
60.2	51.1	7.2	132.5	540.0	55.0	.0	.0	
70.3	57.8	10.2	127.5	656.5	59.0	20.0	.0	
70.2	62.4	17.7	162.5	320.4	96.0	100.0	.0	
71.6	58.9	9.9	228.8	709.7	12.0	.0	.0	
66.1	58.6	8.6	161.3	344.3	84.0	118.0	.0	
64.4	59.0	6.8	251.3	436.3	83.0	23.0	.0	
64.5	59.6	8.7	141.3	423.0	75.0	60.0	.0	
64.6	59.7	13.7	122.5	297.2	91.0	87.0	.0	
72.6	65.8	11.5	190.0	547.0	73.0	42.0	.0	
72.8	63.6	9.5	173.8	626.2	55.0	.0	.0	
73.5	65.1	7.7	271.3	602.5	74.0	.0	.0	
72.1	60.8	4.9	173.8	512.4	63.0	.0	.0	
69.4	58.6	5.5	95.0	591.8	75.0	.0	.0	
71.0	55.9	5.1	100.0	655.5	31.0	.0	.0	
76.0	59.1	13.2	182.5	709.0	57.0	.0	.0	
78.4	64.5	11.9	212.5	683.5	53.0	9.0	.0	
76.1	64.8	9.8	136.3	649.7	40.0	37.0	.0	
77.6	68.9	11.9	218.8	582.9	60.0	30.0	.0	
70.0	59.5	9.8	268.8	652.0	20.0	.0	.0	
69.0	59.5	7.9	153.8	470.1	47.0	.0	.0	
70.8	59.9	6.9	248.8	656.0	45.0	.0	.0	
72.7	57.6	10.2	200.0	702.6	10.0	.0	.0	
75.3	63.6	13.1	72.5	533.8	49.0	.0	.0	
70.9	62.1	11.9	95.0	574.9	55.0	.0	.0	
81.7	64.7	14.7	163.8	716.2	25.0	.0	.0	
84.5	59.1	19.4	223.8	716.9	26.0	.0	.0	
71.5	66.2	11.0	195.0	327.8	91.0	11.0	.0	
74.3	67.0	10.0	246.3	341.9	98.0	73.0	.0	
69.4	56.8	7.7	268.8	709.9	33.0	.0	.0	
   7    31    1971
70.8	56.4	4.8	71.3	728.7	25.0	.0	.0	
74.8	58.1	10.7	168.8	701.1	13.0	.0	.0	
73.8	62.1	13.7	166.3	498.5	90.0	.0	.0	
73.6	59.2	6.6	178.8	575.6	64.0	.0	.0	
74.3	61.8	6.9	176.3	657.5	45.0	.0	.0	
72.9	63.0	9.4	192.5	458.0	65.0	31.0	.0	
75.8	65.0	12.5	253.8	421.2	67.0	.0	.0	
68.2	53.3	6.2	138.8	588.2	81.0	.0	.0	
69.1	59.9	8.8	80.0	499.8	78.0	95.0	.0	
68.8	62.9	10.4	53.8	377.9	94.0	128.0	.0	
69.6	64.0	10.2	95.0	343.7	88.0	.0	.0	
75.3	67.1	10.0	253.8	395.4	63.0	.0	.0	
65.9	54.0	6.6	240.0	701.2	22.0	.0	.0	
68.4	58.1	8.1	237.5	558.9	23.0	7.0	.0	
70.0	56.0	7.2	296.3	698.8	2.0	.0	.0	
74.2	60.7	6.1	156.3	715.0	2.0	.0	.0	
72.0	62.2	8.1	160.0	440.7	46.0	2.0	.0	
68.1	55.9	11.7	321.3	630.7	44.0	5.0	.0	
65.8	51.3	6.9	285.0	642.8	15.0	8.0	.0	
70.0	54.1	7.0	127.5	655.7	20.0	.0	.0	
77.7	57.2	8.4	200.0	694.1	20.0	.0	.0	
72.7	61.6	9.1	78.8	548.3	70.0	16.0	.0	
68.7	56.2	8.2	126.3	650.5	15.0	.0	.0	
72.0	57.2	10.4	161.3	696.9	21.0	.0	.0	
67.9	51.5	11.0	310.0	538.2	63.0	.0	.0	
61.6	44.4	7.5	268.8	632.6	28.0	.0	.0	
67.6	51.6	12.8	246.3	524.9	80.0	.0	.0	
59.2	46.0	10.2	273.8	553.6	44.0	.0	.0	
55.5	41.7	11.5	265.0	543.0	20.0	.0	.0	
58.9	42.5	7.2	228.8	642.7	23.0	.0	.0	
70.9	49.9	9.5	220.0	633.0	63.0	.0	.0	
   8    31    1971
68.0	50.0	7.9	178.8	627.6	65.0	.0	.0	
62.2	44.6	7.6	53.8	628.3	39.0	.0	.0	
62.9	46.0	8.6	83.8	625.9	6.0	.0	.0	
66.2	52.7	12.1	115.0	566.3	18.0	.0	.0	
65.2	50.0	10.8	107.5	598.2	24.0	.0	.0	
69.2	54.3	10.5	142.5	569.3	21.0	.0	.0	
72.9	56.8	13.3	167.5	548.6	55.0	.0	.0	
73.5	60.4	12.5	178.8	583.4	19.0	.0	.0	
80.0	62.4	12.6	201.3	618.3	4.0	.0	.0	
73.7	51.8	12.5	317.5	599.5	30.0	1.0	.0	
71.3	47.6	8.6	193.8	651.6	2.0	.0	.0	
79.1	58.8	10.7	205.0	599.8	24.0	.0	.0	
83.9	62.2	13.1	200.0	586.9	30.0	.0	.0	
70.6	56.0	12.3	70.0	614.5	38.0	.0	.0	
70.1	57.0	11.9	131.3	624.6	2.0	.0	.0	
77.5	62.0	10.8	166.3	613.6	2.0	.0	.0	
81.0	63.4	14.8	183.8	599.7	15.0	.0	.0	
76.9	61.6	11.6	226.3	492.3	73.0	28.0	.0	
74.0	62.6	6.9	280.0	529.3	24.0	.0	.0	
75.9	62.1	8.7	115.0	551.2	26.0	.0	.0	
79.1	65.9	8.4	152.5	557.0	38.0	.0	.0	
84.2	63.3	10.7	203.8	602.1	13.0	.0	.0	
83.0	62.1	12.8	163.8	593.0	20.0	.0	.0	
71.2	45.7	13.0	305.0	575.0	20.0	10.0	.0	
69.3	45.4	9.9	138.8	588.8	2.0	.0	.0	
62.4	48.5	7.9	68.8	497.4	20.0	.0	.0	
62.1	44.9	7.7	158.8	589.7	2.0	.0	.0	
70.8	49.6	11.3	155.0	586.0	2.0	.0	.0	
76.4	54.1	14.2	172.5	535.5	63.0	.0	.0	
70.7	58.0	13.3	137.5	247.4	98.0	32.0	.0	
76.1	60.7	14.1	181.3	430.6	88.0	.0	.0	
   9    30    1971
77.3	63.0	14.0	183.8	531.0	13.0	.0	.0	
82.0	61.7	16.6	182.5	562.4	2.0	.0	.0	
83.0	63.9	18.4	173.8	461.7	63.0	.0	.0	
69.3	61.6	13.0	193.8	268.1	77.0	160.0	.0	
63.5	52.4	20.8	230.0	290.6	65.0	6.0	.0	
67.7	53.8	9.5	228.8	547.8	3.0	.0	.0	
73.6	58.5	12.4	168.8	510.8	26.0	13.0	.0	
60.7	50.0	14.3	20.0	227.5	98.0	17.0	.0	
59.3	49.4	6.9	268.8	312.9	55.0	.0	.0	
64.2	50.6	8.7	303.8	522.1	2.0	.0	.0	
64.9	48.9	5.9	166.3	527.0	2.0	.0	.0	
64.4	48.7	8.8	248.8	504.7	2.0	.0	.0	
67.0	45.5	9.6	216.3	483.9	2.0	.0	.0	
59.3	35.2	13.0	273.8	473.1	13.0	.0	.0	
54.5	33.8	8.7	291.3	463.8	51.0	.0	.0	
50.0	33.1	8.1	285.0	392.7	65.0	.0	.0	
47.5	34.1	11.0	163.8	355.1	63.0	.0	.0	
46.3	31.1	8.2	83.8	416.5	62.0	.0	.0	
50.5	30.6	8.6	165.0	441.0	35.0	.0	.0	
58.1	33.6	9.8	185.0	447.4	35.0	.0	.0	
48.3	40.4	10.1	155.0	193.6	98.0	21.0	.0	
42.5	38.5	9.5	127.5	237.9	79.0	52.0	.0	
51.2	38.2	7.9	228.8	459.9	2.0	.0	.0	
57.1	36.2	14.0	170.0	427.5	46.0	.0	.0	
54.5	50.0	13.1	141.3	183.5	98.0	26.0	.0	
62.8	59.0	10.8	158.8	195.1	85.0	.0	.0	
63.3	60.5	12.1	93.8	199.7	98.0	.0	.0	
61.7	52.8	9.9	271.3	297.0	55.0	.0	.0	
59.7	52.2	12.8	106.3	291.1	78.0	.0	.0	
71.0	61.1	17.7	208.8	208.3	90.0	28.0	.0	
  10    31    1971
65.9	59.8	11.4	116.3	203.1	85.0	34.0	.0	
59.6	43.8	14.1	227.5	418.0	28.0	28.0	.0	
48.7	39.5	14.1	280.0	191.8	70.0	.0	.0	
55.4	44.5	10.5	251.3	379.1	39.0	.0	.0	
57.4	41.5	12.1	307.5	382.0	16.0	.0	.0	
53.1	41.5	7.8	130.0	374.9	14.0	.0	.0	
54.6	39.0	11.8	220.0	370.8	31.0	1.0	.0	
43.8	32.6	16.1	301.3	288.0	55.0	.0	.0	
44.1	36.9	10.7	317.5	233.0	53.0	3.0	.0	
54.1	36.7	8.9	261.3	387.9	9.0	.0	.0	
48.0	29.8	9.1	287.5	349.9	35.0	.0	.0	
52.3	39.6	12.9	220.0	275.9	79.0	.0	.0	
52.3	38.7	10.8	233.8	335.1	70.0	.0	.0	
54.6	36.9	10.7	176.3	361.7	22.0	.0	.0	
49.8	37.1	15.5	65.0	225.2	97.0	.0	.0	
60.6	49.7	14.1	103.8	178.4	96.0	.0	.0	
66.9	59.3	11.8	171.3	156.2	67.0	.0	.0	
66.4	51.5	17.6	177.5	209.2	56.0	19.0	.0	
47.8	35.0	8.1	242.5	327.8	2.0	.0	.0	
45.3	38.9	6.0	102.5	142.1	73.0	.0	.0	
49.4	43.6	5.4	156.3	198.1	85.0	.0	.0	
52.6	46.5	7.0	43.8	280.8	73.0	.0	.0	
51.6	46.0	7.3	98.8	152.0	98.0	.0	.0	
57.6	48.6	11.9	177.5	183.1	82.0	.0	.0	
56.4	49.4	8.8	176.3	147.1	63.0	.0	.0	
58.6	51.4	10.7	192.5	200.8	76.0	6.0	.0	
48.8	41.0	14.1	285.0	192.6	75.0	112.0	.0	
32.6	26.0	15.7	27.5	126.7	98.0	.0	.0	
32.2	29.2	13.7	28.8	136.4	98.0	13.0	.0	
32.7	28.9	14.4	233.8	133.9	79.0	90.0	.0	
34.9	26.2	10.7	185.0	281.9	10.0	.0	.0	
  11    30    1971
39.6	34.5	8.8	212.5	136.8	70.0	.0	.0	
36.2	27.7	15.4	268.8	226.0	30.0	.0	.0	
34.4	23.0	14.3	282.5	283.8	20.0	.0	.0	
37.5	26.9	12.7	178.8	180.1	59.0	.0	.0	
34.1	18.4	19.9	303.8	231.2	24.0	.0	.0	
18.8	1.5	18.2	292.5	239.8	9.0	.0	.0	
20.4	5.1	11.8	193.8	262.5	41.0	.0	.0	
36.3	22.9	13.3	242.5	262.7	15.0	.0	.0	
40.0	25.4	11.1	230.0	251.4	13.0	.0	.0	
41.5	25.9	5.9	257.5	228.3	52.0	.0	.0	
43.3	28.7	4.7	106.3	190.8	84.0	.0	.0	
41.8	30.4	5.5	182.5	211.9	67.0	.0	.0	
45.3	39.8	15.9	103.8	133.7	87.0	.0	.0	
43.0	37.9	14.1	270.0	111.9	75.0	.0	.0	
43.8	39.1	10.1	66.3	166.9	81.0	33.0	.0	
45.6	43.5	11.1	206.3	91.1	98.0	115.0	.0	
36.6	34.4	12.8	277.5	93.3	98.0	56.0	.0	
31.0	25.8	17.1	312.5	161.3	88.0	.0	2.5	
31.9	26.5	16.4	256.3	112.5	83.0	.0	.0	
39.0	31.7	16.7	310.0	100.3	61.0	.0	.0	
24.0	16.7	10.0	256.3	183.8	24.0	.0	.0	
28.0	21.0	18.9	168.8	99.0	98.0	.0	.0	
31.8	27.4	8.2	232.5	129.1	64.0	.0	7.6	
29.6	25.0	6.2	132.5	100.8	60.0	.0	.0	
32.3	32.2	11.9	93.8	97.9	85.0	.0	.0	
29.6	26.3	13.1	210.0	116.6	72.0	.0	45.7	
21.7	20.2	9.4	138.8	94.7	90.0	.0	15.2	
28.0	25.4	13.7	75.0	119.8	98.0	.0	33.0	
21.8	18.7	11.3	40.0	127.6	98.0	.0	.0	
17.4	14.3	6.2	82.5	127.3	75.0	.0	.0	
  12    31    1971
25.4	22.4	10.9	237.5	99.9	98.0	.0	17.8	
21.5	19.9	8.1	203.8	117.0	98.0	.0	.0	
27.1	24.6	14.4	150.0	120.1	98.0	.0	7.6	
28.6	26.0	12.1	165.0	113.3	92.0	.0	35.6	
18.7	16.5	11.2	136.3	186.2	47.0	.0	.0	
26.2	22.4	9.1	153.8	192.8	56.0	.0	.0	
23.1	20.8	9.5	76.3	90.7	98.0	.0	.0	
12.5	7.4	10.4	275.0	114.2	79.0	.0	.0	
16.9	12.4	14.4	163.8	183.7	42.0	.0	.0	
27.5	21.6	13.4	271.3	163.1	53.0	.0	.0	
9.3	2.0	8.8	260.0	193.2	4.0	.0	.0	
1.8	-5.9	7.0	208.8	148.7	37.0	.0	.0	
16.4	11.1	12.5	100.0	121.9	98.0	.0	.0	
26.6	23.9	8.0	148.8	89.7	98.0	.0	.0	
26.4	22.8	10.1	263.8	114.8	91.0	.0	.0	
5.0	-2.0	6.9	250.0	146.3	22.0	.0	.0	
3.2	-7.2	10.8	222.5	157.1	43.0	.0	.0	
19.7	13.5	7.1	188.8	184.4	19.0	.0	.0	
19.4	16.7	10.9	188.8	86.6	94.0	.0	.0	
24.5	21.9	8.8	220.0	133.3	95.0	.0	.0	
19.2	13.9	12.0	78.8	167.7	62.0	.0	.0	
29.4	28.0	17.8	178.8	92.8	98.0	.0	.0	
33.8	31.1	16.4	247.5	106.7	98.0	.0	.0	
19.7	13.7	11.5	240.0	81.0	98.0	.0	.0	
30.4	27.5	13.0	216.3	100.5	98.0	.0	.0	
3.5	-4.3	15.0	225.0	109.0	88.0	.0	.0	
3.2	-4.7	11.3	278.8	139.8	62.0	.0	45.7	
15.0	9.4	9.4	192.5	169.7	6.0	.0	.0	
15.1	11.1	9.7	80.0	87.4	73.0	.0	30.5	
14.0	9.6	12.1	280.0	156.9	52.0	.0	25.4	
14.3	9.4	9.5	245.0	154.9	51.0	.0	.0	
