   1    31    1963
19.4	6.1	4.7	194.7	189.8	41.0	.0	.0	
17.7	5.7	3.3	180.6	210.4	43.0	.0	.0	
24.0	16.2	4.4	130.0	128.1	98.0	.0	30.5	
26.5	21.1	5.5	142.4	202.7	63.0	.0	43.2	
11.7	6.7	3.6	92.4	272.7	23.0	.0	.0	
10.1	5.0	2.2	58.8	275.6	23.0	.0	.0	
10.7	3.8	3.3	71.8	280.4	21.0	.0	.0	
10.6	1.0	4.5	104.7	281.7	4.0	.0	.0	
10.4	1.7	3.7	87.1	266.5	22.0	.0	.0	
24.8	16.0	15.9	190.6	218.6	43.0	.0	20.3	
5.8	-5.8	11.5	161.2	269.8	35.0	.0	12.7	
-15.7	-26.2	2.7	84.7	299.5	2.0	.0	.0	
-16.5	-27.9	3.9	87.6	294.7	7.0	.0	.0	
-3.7	-16.1	3.1	70.0	272.6	20.0	.0	.0	
.0	-10.5	3.6	158.2	293.2	2.0	.0	.0	
2.7	-6.2	3.2	67.6	264.4	38.0	.0	.0	
4.2	-3.0	4.9	112.9	296.9	5.0	.0	.0	
12.9	3.5	9.8	122.9	239.9	49.0	.0	.0	
11.2	1.5	10.1	208.8	205.1	61.0	.0	.0	
9.6	-.4	4.1	154.7	281.4	34.0	.0	.0	
12.0	3.3	2.1	55.3	293.8	23.0	.0	.0	
19.4	10.4	7.2	153.5	285.7	20.0	.0	.0	
22.2	8.5	9.1	131.2	314.9	2.0	.0	.0	
16.9	6.3	3.5	74.1	318.7	11.0	.0	.0	
21.9	8.0	6.6	132.4	208.1	46.0	.0	.0	
17.5	.6	15.3	170.6	330.2	2.0	.0	.0	
11.2	-2.8	3.5	62.9	327.6	8.0	.0	.0	
18.9	2.2	8.7	160.6	316.4	12.0	.0	.0	
34.2	14.1	16.9	169.4	219.5	52.0	.0	.0	
41.9	24.7	16.5	190.6	222.3	71.0	.0	.0	
44.8	28.9	13.3	197.1	267.0	59.0	.0	.0	
   2    28    1963
45.9	30.5	18.4	190.0	277.4	55.0	10.0	.0	
37.2	23.2	7.1	168.2	277.5	28.0	.0	.0	
33.2	17.6	4.5	148.2	331.7	65.0	.0	.0	
38.8	20.8	5.9	130.6	329.4	25.0	.0	.0	
40.8	25.7	4.0	154.7	314.8	54.0	.0	.0	
38.8	23.4	3.4	100.0	342.7	10.0	.0	.0	
35.5	17.6	3.7	135.3	368.5	2.0	.0	.0	
32.6	12.8	2.9	90.6	204.4	74.0	.0	.0	
31.3	22.9	5.7	148.8	191.3	88.0	.0	71.1	
26.9	24.4	9.7	51.2	272.7	98.0	.0	223.5	
9.6	4.8	7.5	193.5	268.3	95.0	.0	17.8	
3.8	-3.0	2.9	120.0	402.6	16.0	.0	7.6	
-5.6	-10.5	2.0	100.0	391.0	21.0	.0	.0	
-3.1	-8.3	2.6	148.8	407.0	30.0	.0	.0	
11.7	3.5	2.5	64.1	304.4	98.0	.0	.0	
19.4	13.9	5.5	168.2	374.1	25.0	.0	15.2	
6.5	1.4	2.0	101.2	409.8	59.0	.0	.0	
11.5	5.8	4.6	97.1	407.3	56.0	.0	.0	
19.1	9.7	6.8	171.2	427.9	2.0	.0	.0	
22.8	12.4	4.1	157.6	287.0	69.0	.0	.0	
27.2	22.5	6.1	167.6	337.0	74.0	.0	.0	
23.9	19.9	2.6	72.4	263.7	81.0	.0	.0	
21.3	11.0	3.8	114.7	414.3	45.0	.0	.0	
25.8	15.5	6.5	157.6	387.6	66.0	.0	.0	
26.9	14.0	9.9	239.4	375.6	16.0	.0	.0	
28.0	15.7	5.6	152.4	411.8	49.0	.0	.0	
31.1	15.5	12.1	175.9	345.2	64.0	.0	.0	
26.2	12.0	6.6	189.4	457.3	7.0	.0	.0	
   3    31    1963
26.8	16.8	8.6	222.9	325.5	67.0	.0	10.2	
27.4	14.7	9.2	141.2	418.4	66.0	.0	.0	
34.9	22.7	18.3	191.8	330.9	73.0	1.0	.0	
17.4	11.4	15.9	138.2	316.8	93.0	.0	40.6	
15.3	5.1	5.6	148.2	487.8	9.0	.0	.0	
20.9	9.3	5.4	188.8	446.4	22.0	.0	.0	
22.9	11.0	7.1	157.6	494.8	2.0	.0	.0	
32.0	15.7	7.5	229.4	456.3	49.0	.0	.0	
30.5	14.8	7.1	151.8	480.9	53.0	.0	.0	
30.8	23.6	10.8	217.6	256.1	94.0	.0	2.5	
30.9	19.1	13.9	202.4	372.9	78.0	.0	5.1	
24.7	16.2	12.3	168.2	261.6	75.0	.0	2.5	
24.6	8.1	4.1	130.0	492.2	15.0	.0	.0	
28.0	14.7	10.1	124.1	529.6	2.0	.0	.0	
39.8	15.1	24.8	188.2	394.5	41.0	.0	.0	
29.3	7.6	15.9	206.5	493.6	19.0	.0	.0	
36.0	19.3	15.3	174.1	346.2	82.0	.0	.0	
33.6	12.6	20.1	252.4	389.7	75.0	.0	.0	
33.6	12.6	5.3	170.0	532.1	3.0	.0	.0	
37.0	14.1	6.6	160.6	559.9	2.0	.0	.0	
40.4	15.8	7.9	140.6	562.5	2.0	.0	.0	
40.9	20.5	8.8	154.7	546.8	29.0	.0	.0	
46.4	17.5	11.6	184.1	502.1	31.0	.0	.0	
44.7	9.2	14.9	237.1	553.5	18.0	.0	.0	
38.7	7.9	6.6	154.7	575.0	16.0	.0	.0	
45.2	17.4	8.4	183.5	544.6	32.0	.0	.0	
46.5	13.5	10.0	131.2	556.2	70.0	.0	.0	
54.0	25.4	15.3	181.8	327.2	94.0	.0	.0	
47.4	24.1	12.7	175.3	388.7	76.0	.0	.0	
48.8	24.5	9.1	138.8	536.4	28.0	.0	.0	
49.6	23.7	13.1	182.4	509.8	48.0	.0	.0	
   4    30    1963
50.2	17.9	18.0	171.8	322.5	83.0	.0	.0	
32.1	17.5	22.8	213.5	431.8	49.0	1.0	.0	
34.2	4.5	5.1	164.1	602.5	48.0	.0	.0	
47.1	18.5	13.5	197.6	430.0	71.0	.0	.0	
39.4	29.5	6.3	150.0	384.9	72.0	12.0	.0	
46.9	22.2	8.4	162.9	535.1	68.0	.0	.0	
53.7	27.0	10.8	178.8	562.3	65.0	.0	.0	
55.9	15.0	17.9	220.0	538.5	43.0	.0	.0	
51.8	23.5	17.6	180.0	399.7	81.0	.0	.0	
46.6	10.7	19.7	220.0	607.4	30.0	.0	.0	
43.3	11.4	7.6	134.7	660.1	2.0	.0	.0	
48.4	12.8	5.9	164.7	658.3	2.0	.0	.0	
50.6	14.1	5.5	105.9	490.2	81.0	.0	.0	
54.9	21.5	9.4	158.8	271.6	85.0	.0	.0	
51.6	4.9	22.9	218.8	489.6	54.0	.0	.0	
46.8	10.8	22.6	200.0	617.3	28.0	.0	.0	
49.3	10.5	22.3	184.1	537.9	41.0	.0	.0	
31.8	16.8	17.9	212.4	617.4	26.0	.0	.0	
36.0	11.0	13.2	206.5	602.5	16.0	.0	.0	
46.1	8.9	20.8	202.4	626.1	36.0	.0	.0	
51.5	7.3	27.2	185.3	644.1	18.0	.0	.0	
41.8	.9	13.2	148.8	683.2	11.0	.0	.0	
45.1	3.5	11.5	190.6	689.0	3.0	.0	.0	
48.6	4.9	16.1	210.6	683.5	18.0	.0	.0	
47.8	10.2	10.4	165.9	365.3	72.0	.0	.0	
52.1	33.2	17.7	172.9	542.5	75.0	.0	.0	
39.6	14.3	24.1	220.6	649.2	15.0	.0	.0	
46.3	19.4	13.7	271.8	522.3	61.0	.0	.0	
46.6	13.9	9.9	140.0	677.8	24.0	.0	.0	
51.0	22.4	9.5	146.5	551.2	79.0	.0	.0	
   5    31    1963
53.2	26.5	15.3	188.2	400.2	82.0	.0	.0	
54.1	19.7	11.0	200.0	638.1	26.0	.0	.0	
56.3	12.2	12.1	191.8	679.8	8.0	.0	.0	
57.7	15.1	9.1	154.7	598.9	24.0	.0	.0	
57.5	22.3	8.4	198.2	655.3	21.0	.0	.0	
59.4	23.0	7.7	171.2	684.9	19.0	.0	.0	
63.4	26.7	10.0	145.9	553.6	79.0	.0	.0	
64.8	28.2	10.8	203.5	557.2	86.0	.0	.0	
62.4	28.7	17.9	237.1	574.4	51.0	.0	.0	
60.5	24.8	13.1	186.5	610.9	55.0	.0	.0	
61.8	27.5	22.2	191.8	563.9	46.0	.0	.0	
55.1	3.2	16.3	201.8	761.4	2.0	.0	.0	
54.8	7.2	10.7	192.4	721.2	44.0	.0	.0	
60.1	17.5	10.8	178.8	646.3	76.0	.0	.0	
63.3	20.0	13.6	221.8	575.6	69.0	.0	.0	
61.3	24.0	9.0	181.8	700.1	29.0	.0	.0	
60.4	24.1	7.1	208.2	683.8	25.0	.0	.0	
61.5	23.1	8.7	157.6	588.8	52.0	.0	.0	
55.7	30.8	11.7	92.4	461.6	57.0	.0	.0	
55.3	32.3	10.4	148.2	625.0	48.0	.0	.0	
53.3	37.6	10.1	146.5	430.9	84.0	11.0	.0	
56.1	40.3	8.8	69.4	502.6	75.0	.0	.0	
59.3	33.8	13.0	206.5	403.4	95.0	.0	.0	
58.7	29.8	11.3	183.5	613.6	48.0	.0	.0	
57.8	25.8	11.7	177.6	600.9	44.0	.0	.0	
56.6	26.8	8.0	157.6	571.3	44.0	.0	.0	
57.4	29.2	8.1	207.6	575.0	51.0	.0	.0	
60.5	28.4	9.2	184.1	554.0	45.0	.0	.0	
63.2	33.4	11.1	174.7	601.6	56.0	2.0	.0	
62.7	31.5	11.9	155.3	583.0	37.0	.0	.0	
58.5	27.8	8.3	213.5	582.8	45.0	.0	.0	
   6    30    1963
59.5	27.7	12.1	130.0	538.3	68.0	.0	.0	
51.6	37.4	8.2	209.4	415.7	86.0	3.0	.0	
60.0	37.2	11.9	157.1	675.5	48.0	.0	.0	
63.2	25.2	16.6	176.5	583.5	49.0	.0	.0	
61.9	23.8	12.8	181.2	788.9	2.0	.0	.0	
64.3	26.7	16.6	184.7	759.7	9.0	.0	.0	
63.6	19.2	13.5	170.0	739.9	22.0	.0	.0	
58.9	30.5	13.3	158.2	493.6	54.0	.0	.0	
53.9	24.8	9.9	187.6	611.2	39.0	.0	.0	
59.3	22.9	9.4	151.2	728.6	32.0	.0	.0	
60.6	24.3	9.3	141.8	655.3	38.0	.0	.0	
64.8	33.0	5.9	120.6	745.1	8.0	.0	.0	
67.4	38.2	7.4	130.0	525.9	65.0	3.0	.0	
70.4	40.9	12.8	187.1	639.0	48.0	.0	.0	
66.5	28.1	11.2	157.1	744.5	5.0	.0	.0	
54.7	43.1	12.2	131.2	481.5	76.0	51.0	.0	
54.5	42.4	6.0	174.7	600.7	44.0	2.0	.0	
59.1	42.0	10.0	177.6	474.6	52.0	2.0	.0	
58.6	42.6	7.1	171.8	508.9	64.0	4.0	.0	
58.1	41.4	6.9	100.6	611.4	35.0	4.0	.0	
66.2	31.9	12.8	181.8	733.1	14.0	.0	.0	
67.8	23.4	14.1	158.8	786.6	2.0	.0	.0	
70.4	23.8	10.5	181.8	787.8	2.0	.0	.0	
70.9	23.9	14.3	172.4	791.4	2.0	.0	.0	
70.2	25.0	9.8	162.9	760.8	2.0	.0	.0	
71.0	28.9	8.9	227.1	753.9	6.0	.0	.0	
72.3	30.1	6.6	145.3	749.2	9.0	.0	.0	
73.3	30.5	11.6	210.6	735.0	21.0	.0	.0	
72.8	24.3	15.9	200.0	784.7	2.0	.0	.0	
72.5	30.1	7.5	186.5	783.6	2.0	.0	.0	
   7    31    1963
70.1	38.3	9.4	157.1	611.3	34.0	.0	.0	
71.3	42.9	8.1	121.2	667.8	28.0	.0	.0	
70.4	46.2	9.4	152.4	654.5	45.0	12.0	.0	
67.6	50.2	9.8	153.5	524.0	75.0	1.0	.0	
65.9	46.4	7.8	125.3	625.1	39.0	.0	.0	
68.5	44.1	9.2	110.0	650.3	39.0	.0	.0	
70.8	46.6	6.9	140.0	673.5	36.0	.0	.0	
69.6	48.2	7.1	145.9	630.4	39.0	.0	.0	
67.0	54.0	9.0	162.9	353.3	91.0	13.0	.0	
66.6	51.7	8.1	211.2	579.2	51.0	7.0	.0	
67.2	49.4	7.5	155.3	514.2	69.0	42.0	.0	
61.6	50.8	7.3	207.1	458.5	71.0	2.0	.0	
67.4	41.8	8.6	231.8	666.2	22.0	.0	.0	
67.0	42.5	7.2	151.8	576.9	31.0	2.0	.0	
67.4	41.3	7.3	148.8	595.2	32.0	1.0	.0	
69.3	43.0	8.6	184.1	638.7	28.0	.0	.0	
71.2	44.0	6.0	138.2	698.2	20.0	.0	.0	
73.4	47.3	7.2	155.9	618.7	47.0	4.0	.0	
75.3	40.7	4.9	130.6	711.6	18.0	.0	.0	
69.7	48.4	11.0	139.4	440.7	74.0	6.0	.0	
69.3	49.3	6.0	155.9	660.2	45.0	.0	.0	
72.1	47.4	8.3	138.2	637.6	28.0	.0	.0	
71.4	47.5	6.5	147.6	672.7	24.0	.0	.0	
73.9	45.2	6.7	182.9	661.0	25.0	.0	.0	
68.9	48.4	8.3	194.1	478.2	55.0	20.0	.0	
70.6	46.6	6.3	148.2	630.5	29.0	.0	.0	
71.2	39.8	7.8	164.1	675.6	11.0	.0	.0	
67.5	38.8	6.7	174.1	596.7	34.0	.0	.0	
71.6	38.8	4.9	152.9	680.3	24.0	.0	.0	
72.4	36.7	5.1	77.6	703.1	12.0	.0	.0	
71.3	40.4	8.8	138.2	633.6	34.0	.0	.0	
   8    31    1963
72.5	42.3	8.0	217.1	655.6	19.0	.0	.0	
72.4	46.2	7.9	150.0	634.1	38.0	.0	.0	
64.2	52.3	8.6	127.1	475.6	78.0	16.0	.0	
67.2	51.0	6.4	203.5	627.7	48.0	7.0	.0	
68.8	46.3	6.3	148.2	611.1	38.0	2.0	.0	
65.4	49.6	7.6	167.1	587.5	35.0	9.0	.0	
67.9	45.2	7.5	130.0	611.7	39.0	.0	.0	
68.9	45.7	7.5	109.4	584.0	45.0	.0	.0	
64.4	49.9	8.3	150.0	457.2	98.0	11.0	.0	
62.9	52.8	6.8	137.1	405.4	92.0	.0	.0	
66.5	50.4	7.8	231.8	533.5	76.0	3.0	.0	
62.8	54.1	7.3	160.6	441.8	73.0	34.0	.0	
65.0	49.1	7.4	191.8	622.2	20.0	1.0	.0	
65.6	47.0	7.6	71.2	630.1	21.0	.0	.0	
68.1	44.7	7.5	146.5	610.7	25.0	.0	.0	
67.1	45.4	5.3	174.7	603.1	38.0	10.0	.0	
60.3	50.5	6.6	157.6	429.2	87.0	4.0	.0	
66.6	46.3	6.8	97.6	546.5	41.0	.0	.0	
63.7	45.4	9.0	144.1	462.7	54.0	.0	.0	
60.8	48.9	4.6	88.2	352.9	87.0	37.0	.0	
63.6	50.3	4.6	98.2	532.0	69.0	16.0	.0	
65.3	52.1	7.2	148.2	477.1	75.0	.0	.0	
65.3	48.6	5.6	185.3	598.3	51.0	.0	.0	
64.9	49.3	7.1	152.9	504.1	39.0	4.0	.0	
64.5	50.5	6.9	175.3	464.6	96.0	10.0	.0	
62.7	51.9	7.0	174.1	289.5	92.0	.0	.0	
60.0	48.8	6.6	170.0	371.7	76.0	1.0	.0	
63.4	45.0	6.3	198.2	561.7	58.0	.0	.0	
62.7	46.1	8.3	150.0	544.9	75.0	1.0	.0	
58.5	48.8	5.6	190.0	317.2	91.0	16.0	.0	
60.3	49.7	6.7	167.1	388.0	80.0	5.0	.0	
   9    30    1963
62.1	40.5	5.6	137.6	583.5	24.0	.0	.0	
62.3	36.8	4.3	141.8	566.6	55.0	.0	.0	
64.9	40.5	3.8	140.6	583.6	15.0	.0	.0	
63.9	44.7	7.3	139.4	540.5	35.0	.0	.0	
65.4	48.3	8.4	129.4	545.3	29.0	.0	.0	
61.6	50.6	7.7	147.6	353.7	76.0	1.0	.0	
62.4	47.5	4.5	95.9	514.2	35.0	.0	.0	
64.1	41.9	4.1	114.7	555.3	12.0	.0	.0	
63.9	40.6	4.7	150.6	522.2	41.0	.0	.0	
61.3	43.5	7.8	223.5	399.8	73.0	.0	.0	
60.3	41.4	6.6	147.1	523.8	22.0	.0	.0	
60.2	39.1	7.7	157.1	536.8	14.0	.0	.0	
61.4	41.7	8.0	155.3	486.7	55.0	.0	.0	
57.2	43.2	6.7	142.9	282.1	82.0	.0	.0	
60.6	42.0	5.1	157.1	512.0	37.0	.0	.0	
61.2	39.2	9.7	191.2	470.8	21.0	.0	.0	
63.2	40.3	8.0	167.6	468.1	58.0	.0	.0	
66.3	44.9	9.0	171.8	518.1	17.0	.0	.0	
65.9	41.8	4.3	145.9	512.4	38.0	.0	.0	
56.5	50.5	7.0	235.9	199.2	94.0	7.0	.0	
57.3	47.3	7.7	142.4	370.0	65.0	7.0	.0	
58.0	39.5	6.2	150.0	508.7	5.0	.0	.0	
60.9	43.3	3.8	106.5	498.4	9.0	.0	.0	
61.3	38.2	7.9	84.1	502.4	4.0	.0	.0	
59.1	38.0	4.6	98.8	519.7	2.0	.0	.0	
60.8	36.4	4.7	127.1	524.2	2.0	.0	.0	
59.6	29.7	6.0	190.6	531.6	2.0	.0	.0	
57.7	29.6	9.2	87.6	518.9	2.0	.0	.0	
56.5	32.7	3.7	111.2	512.2	2.0	.0	.0	
59.1	30.8	3.6	149.4	501.8	4.0	.0	.0	
  10    31    1963
58.6	26.5	4.9	151.8	494.6	10.0	.0	.0	
59.2	29.2	7.5	130.0	441.9	35.0	.0	.0	
56.4	30.9	5.0	221.2	453.4	25.0	.0	.0	
56.3	29.1	4.6	186.5	470.1	6.0	.0	.0	
56.0	24.3	7.3	185.3	480.6	10.0	.0	.0	
55.7	27.6	3.6	131.8	476.7	28.0	.0	.0	
55.2	27.7	3.4	101.2	482.5	16.0	.0	.0	
56.7	30.0	3.8	111.8	444.7	27.0	.0	.0	
57.0	30.5	4.0	137.1	402.7	55.0	.0	.0	
54.9	27.9	2.5	45.9	385.1	45.0	.0	.0	
55.0	28.9	7.1	124.7	252.2	71.0	.0	.0	
59.2	30.2	12.2	146.5	436.9	22.0	.0	.0	
54.6	26.0	12.9	174.1	460.4	2.0	.0	.0	
48.2	19.7	3.3	80.0	452.2	2.0	.0	.0	
49.0	18.7	4.8	163.5	377.0	52.0	.0	.0	
49.6	22.0	5.1	105.3	398.2	13.0	.0	.0	
52.1	29.6	4.1	195.9	417.7	5.0	.0	.0	
51.6	29.8	3.5	124.1	374.7	72.0	.0	.0	
49.2	42.2	6.0	112.9	175.9	98.0	19.0	.0	
44.3	40.9	5.2	110.0	216.1	84.0	3.0	.0	
48.9	37.3	3.1	138.2	305.8	49.0	.0	.0	
47.2	33.5	4.6	136.5	405.2	4.0	.0	.0	
47.3	30.8	5.8	181.2	361.6	46.0	.0	.0	
49.9	32.4	5.1	207.6	292.6	64.0	.0	.0	
47.4	27.2	3.4	100.0	395.7	2.0	.0	.0	
49.3	27.5	4.6	123.5	326.0	26.0	.0	.0	
48.8	29.4	3.8	111.8	326.8	45.0	.0	.0	
46.4	28.8	7.5	132.9	345.0	48.0	.0	.0	
48.9	32.5	6.6	165.3	228.6	75.0	.0	.0	
46.8	26.1	12.1	193.5	263.3	66.0	.0	.0	
37.3	30.2	11.7	150.0	174.9	70.0	5.0	.0	
  11    30    1963
31.6	21.8	4.5	158.8	332.7	19.0	.0	.0	
34.9	22.8	3.9	156.5	356.4	22.0	.0	.0	
40.7	25.8	8.0	160.0	285.7	56.0	.0	.0	
43.6	23.3	7.3	212.9	274.7	48.0	.0	.0	
40.4	20.6	5.1	111.8	353.8	2.0	.0	.0	
42.5	20.3	6.6	159.4	351.2	16.0	.0	.0	
41.1	19.8	5.3	212.9	223.2	82.0	.0	.0	
36.9	21.2	4.4	132.4	200.2	63.0	.0	.0	
41.1	23.0	5.1	247.1	323.7	7.0	.0	.0	
41.2	22.2	4.5	160.6	340.4	14.0	.0	.0	
40.7	18.5	3.5	117.1	322.2	43.0	.0	.0	
37.4	15.7	3.8	142.4	329.8	35.0	.0	.0	
37.4	15.9	3.3	94.7	197.8	59.0	.0	.0	
42.3	19.6	2.5	74.7	306.4	18.0	.0	.0	
41.6	17.7	6.4	136.5	324.7	2.0	.0	.0	
40.4	27.2	11.8	200.6	198.3	41.0	3.0	.0	
24.5	9.9	5.0	105.9	321.8	2.0	.0	.0	
24.5	11.6	3.0	91.8	214.8	61.0	.0	.0	
27.0	7.9	4.7	168.2	309.2	2.0	.0	.0	
28.9	11.9	4.2	124.1	247.8	38.0	.0	.0	
29.4	20.9	7.5	190.6	131.5	96.0	.0	10.2	
26.6	18.2	6.4	176.5	268.0	25.0	.0	.0	
23.5	12.3	3.9	133.5	299.7	2.0	.0	.0	
25.8	13.8	4.6	168.2	244.1	58.0	.0	.0	
29.9	21.4	6.3	266.5	270.7	34.0	.0	2.5	
22.7	11.5	3.1	110.6	293.7	5.0	.0	.0	
27.4	12.0	3.2	139.4	293.6	2.0	.0	.0	
29.0	4.9	5.5	178.8	282.8	7.0	.0	.0	
24.1	4.1	4.4	156.5	288.5	11.0	.0	.0	
23.1	5.3	3.0	93.5	251.1	47.0	.0	.0	
  12    31    1963
21.8	6.4	2.7	95.3	178.8	78.0	.0	.0	
21.2	7.4	2.3	100.0	284.2	2.0	.0	.0	
20.8	6.2	2.9	110.6	279.5	2.0	.0	.0	
21.7	5.9	2.6	91.2	272.7	2.0	.0	.0	
21.7	4.4	3.1	161.8	267.0	2.0	.0	.0	
22.5	5.2	2.0	58.2	233.6	36.0	.0	.0	
22.1	5.2	14.8	297.6	266.5	2.0	.0	.0	
15.7	-1.4	3.3	160.0	257.3	18.0	.0	.0	
25.0	5.5	8.4	147.6	260.7	41.0	.0	.0	
25.4	15.8	13.2	150.6	114.7	56.0	.0	2.5	
13.3	2.0	3.5	121.8	227.4	17.0	.0	.0	
10.7	.0	3.5	98.8	257.7	19.0	.0	.0	
11.9	-1.0	5.0	122.9	261.6	25.0	.0	.0	
12.4	-4.1	2.4	77.1	237.5	29.0	.0	.0	
16.5	3.0	2.4	78.2	267.7	2.0	.0	.0	
19.4	5.5	2.0	67.1	250.7	35.0	.0	.0	
23.5	7.4	2.0	62.4	247.5	54.0	.0	.0	
24.9	9.3	2.0	70.0	265.2	3.0	.0	.0	
21.5	9.7	2.0	57.6	193.9	73.0	.0	.0	
25.1	9.5	4.4	108.2	193.5	65.0	.0	.0	
24.9	15.6	5.3	96.5	119.4	98.0	.0	.0	
19.0	8.2	4.1	135.9	261.7	2.0	.0	.0	
18.8	4.4	3.0	91.2	260.6	18.0	.0	.0	
23.2	7.1	2.6	160.6	219.9	24.0	.0	.0	
22.5	7.1	2.4	82.4	254.3	2.0	.0	.0	
23.6	5.7	2.0	27.1	257.6	21.0	.0	.0	
25.6	8.9	7.3	100.0	235.5	36.0	.0	.0	
22.7	7.7	3.6	146.5	254.1	13.0	.0	.0	
19.9	12.8	7.8	112.4	150.5	48.0	.0	7.6	
11.1	1.2	2.0	41.2	250.9	2.0	.0	.0	
17.8	7.0	2.6	107.1	186.1	44.0	.0	.0	
