1 31 1993
42.7	30.8	16.9	295.4	80.1	65.4	.0	.0	
31.2	19.6	7.3	248.6	164.9	22.9	.0	.0	
35.9	32.5	4.5	107.8	63.2	98.3	.0	.0	
54.7	49.2	11.9	189.8	130.2	75.4	.0	.0	
55.0	48.9	13.4	249.8	119.6	72.9	82.7	.0	
42.0	35.0	5.5	128.6	115.5	90.4	.0	.0	
42.7	36.7	5.7	111.0	64.7	100.0	.0	.0	
40.9	40.6	8.7	55.8	65.2	100.0	43.3	.0	
32.7	30.9	12.8	43.8	65.7	100.0	39.4	.0	
28.6	25.6	11.0	43.8	66.1	100.0	.0	20.0	
31.6	31.6	5.9	55.8	66.7	100.0	11.8	.0	
39.2	39.2	7.4	53.4	67.2	100.0	15.7	.0	
43.7	41.6	7.5	173.0	67.8	83.8	15.7	.0	
40.1	30.2	10.9	278.2	68.4	99.6	.0	.0	
36.9	31.9	4.6	180.6	69.0	91.7	.0	.0	
36.5	30.2	6.1	97.0	69.7	100.0	.0	.0	
40.1	31.6	10.5	251.4	113.9	79.6	.0	.0	
34.4	17.3	11.4	282.2	187.3	54.2	.0	.0	
31.3	15.0	7.3	224.2	205.3	20.0	.0	.0	
31.0	17.7	7.4	262.6	207.5	1.7	.0	.0	
32.5	29.6	5.3	92.6	73.4	78.8	35.4	.0	
43.9	41.6	8.5	258.6	85.5	95.8	15.7	.0	
41.6	33.8	9.3	253.0	137.4	61.2	.0	.0	
44.5	38.7	13.2	225.4	108.8	65.8	3.9	.0	
35.8	19.3	13.6	295.8	215.1	8.8	.0	.0	
29.8	17.8	7.7	153.0	78.2	58.8	.0	.0	
34.6	25.3	11.8	302.6	221.6	19.6	.0	.0	
32.8	26.9	7.0	195.8	101.4	42.5	.0	.0	
36.6	18.2	14.9	283.4	203.5	32.9	.0	.0	
34.4	2.1	11.6	232.2	174.9	30.4	.0	.0	
46.4	14.3	14.0	241.4	121.1	77.5	.0	.0	
2 28 1993
33.4	12.1	19.5	298.2	227.5	35.4	.0	.0	
21.4	-.9	13.6	270.6	242.6	.0	.0	.0	
37.0	5.1	10.0	256.2	226.9	29.2	.0	.0	
41.5	8.7	13.1	291.0	248.9	18.8	.0	.0	
42.7	14.3	10.2	225.8	121.8	61.7	.0	.0	
29.3	16.9	10.9	116.2	89.4	83.3	.0	20.0	
21.8	12.0	6.5	81.8	117.9	59.6	.0	.0	
34.1	21.9	9.2	216.6	255.9	25.8	.0	.0	
31.1	13.7	6.9	99.0	239.3	14.2	.0	.0	
36.5	28.4	4.6	173.8	207.6	34.2	.0	.0	
39.4	31.2	12.7	99.0	140.7	68.8	.0	.0	
33.1	31.5	13.2	117.8	96.8	100.0	114.2	.0	
36.0	30.1	13.4	267.0	98.1	92.5	.0	.0	
34.1	17.1	14.5	281.4	248.0	43.3	.0	.0	
34.3	21.7	8.1	205.0	127.8	84.6	.0	.0	
37.1	35.7	10.6	174.6	102.1	97.9	66.9	.0	
36.8	19.2	15.2	286.2	268.4	48.3	.0	.0	
25.2	2.8	15.5	297.0	298.6	30.8	.0	.0	
16.7	-1.6	11.5	268.6	302.7	13.3	.0	.0	
28.6	13.9	5.8	97.4	124.0	96.7	.0	.0	
30.9	27.8	8.3	96.6	109.2	100.0	74.8	.0	
39.5	30.6	9.7	254.2	195.8	64.6	.0	.0	
31.4	12.5	17.4	273.8	140.7	58.3	.0	.0	
24.6	4.3	15.4	288.6	275.4	30.4	.0	.0	
23.0	3.8	8.0	212.2	235.3	46.2	.0	.0	
25.8	20.7	9.1	77.8	116.7	100.0	.0	60.0	
28.7	10.2	10.7	143.0	284.1	48.3	.0	.0	
27.3	6.4	10.3	290.2	318.3	17.9	.0	.0	
3 31 1993
34.6	12.8	8.3	263.8	254.5	45.0	.0	.0	
43.7	28.7	8.8	268.6	242.2	55.4	.0	.0	
44.1	33.6	7.7	79.8	124.6	100.0	11.8	.0	
37.3	35.9	20.2	97.4	126.2	100.0	224.4	.0	
37.6	36.7	7.1	130.6	127.8	99.6	31.5	.0	
37.6	27.3	10.4	269.8	171.7	78.8	.0	.0	
40.9	25.4	8.0	199.0	309.8	41.2	.0	.0	
44.8	32.1	9.5	233.0	195.6	63.8	.0	.0	
42.6	24.5	12.8	273.4	361.3	37.1	.0	.0	
34.9	30.4	5.9	176.6	136.4	75.8	11.8	.0	
36.9	21.3	13.2	287.4	327.4	34.2	.0	.0	
34.9	18.7	6.5	181.8	202.8	68.3	.0	.0	
30.4	28.7	18.9	132.2	140.9	100.0	.0	300.0	
21.6	3.7	24.4	279.0	149.9	71.2	.0	10.0	
22.1	2.6	8.5	223.0	411.1	1.2	.0	.0	
35.2	20.5	9.7	175.4	308.2	66.7	.0	.0	
38.2	35.1	7.8	190.6	147.6	98.8	129.9	.0	
22.7	1.0	15.7	212.6	424.4	10.8	.0	.0	
24.8	8.1	6.9	68.6	404.5	30.4	.0	.0	
33.8	23.3	5.1	145.4	157.1	99.6	.0	.0	
40.6	30.4	6.0	221.4	253.4	75.0	11.8	.0	
42.9	33.1	5.4	115.4	163.7	93.3	.0	.0	
40.0	35.7	7.8	67.8	157.7	99.2	70.9	.0	
48.0	43.6	8.3	138.6	202.1	93.8	47.2	.0	
44.6	37.8	6.8	187.0	166.2	71.2	.0	.0	
46.6	37.2	4.9	143.8	354.1	58.8	.0	.0	
45.7	44.3	10.5	85.4	164.2	91.7	27.6	.0	
52.3	50.6	8.0	75.4	172.1	99.2	3.9	.0	
52.3	50.8	6.0	186.2	167.5	100.0	15.7	.0	
56.8	46.6	10.0	252.6	191.3	86.2	.0	.0	
52.7	45.8	7.9	139.4	264.4	73.8	15.7	.0	
4 30 1993
53.7	51.1	7.8	87.4	248.0	89.2	51.2	.0	
48.0	46.2	7.2	122.6	173.8	99.2	31.5	.0	
43.4	24.1	14.8	293.8	351.9	50.0	.0	.0	
41.6	23.8	7.8	221.8	295.0	59.2	.0	.0	
41.8	28.1	7.4	91.8	178.6	100.0	.0	.0	
45.3	25.8	11.2	61.0	214.1	81.7	.0	.0	
48.2	29.1	7.1	109.4	516.0	11.7	.0	.0	
50.0	26.1	5.7	140.6	493.0	38.3	.0	.0	
51.0	45.7	6.2	86.6	184.9	93.8	19.7	.0	
52.4	49.8	12.0	158.2	186.4	100.0	82.7	.0	
51.3	33.6	11.5	251.4	507.9	41.2	7.9	.0	
50.9	41.6	11.6	273.4	280.0	68.3	.0	.0	
52.1	37.2	9.5	193.0	288.2	66.7	.0	.0	
52.9	40.8	8.9	76.2	291.0	77.9	.0	.0	
62.7	53.9	12.2	114.6	339.6	74.2	.0	.0	
60.6	57.3	14.1	163.0	195.1	97.5	51.2	.0	
51.5	35.6	17.1	287.8	373.7	70.0	.0	.0	
51.2	31.1	9.5	254.2	560.9	16.2	.0	.0	
59.7	38.8	9.3	169.8	437.2	47.1	.0	.0	
64.7	47.0	12.8	181.0	362.5	80.0	.0	.0	
58.9	51.1	10.6	189.4	219.9	97.5	70.9	.0	
43.9	32.5	18.5	300.2	203.2	93.8	15.7	.0	
52.2	23.3	18.5	280.2	344.9	36.2	.0	.0	
53.1	33.2	8.4	167.0	230.4	60.0	.0	.0	
67.6	48.0	13.7	169.8	325.9	81.7	.0	.0	
58.3	50.6	14.1	245.8	208.2	98.3	51.2	.0	
50.0	27.2	13.5	213.0	598.3	21.7	.0	.0	
52.0	33.8	7.1	133.0	446.4	29.6	.0	.0	
55.9	36.7	5.2	149.8	603.5	8.8	.0	.0	
59.2	43.7	5.1	101.0	268.2	62.1	.0	.0	
5 31 1993
63.9	47.5	5.4	154.2	361.0	42.9	.0	.0	
65.6	51.9	8.1	82.6	541.8	42.9	.0	.0	
60.9	53.1	11.9	93.4	259.4	96.2	.0	.0	
62.7	57.8	9.7	105.0	231.8	91.7	.0	.0	
65.4	62.5	9.1	182.6	289.7	96.2	35.4	.0	
67.5	55.4	10.1	263.8	504.9	37.5	.0	.0	
66.1	48.6	8.5	184.2	571.8	20.4	.0	.0	
63.7	49.7	7.3	174.6	337.5	60.0	.0	.0	
66.1	56.0	6.6	196.2	574.2	32.9	.0	.0	
70.2	58.5	5.6	159.0	634.7	2.1	.0	.0	
74.3	59.4	8.1	223.4	638.3	20.4	.0	.0	
71.2	56.4	8.5	225.8	381.8	76.2	126.0	.0	
62.4	54.9	7.4	154.2	245.9	89.2	.0	.0	
60.3	46.4	6.0	162.6	525.4	39.2	.0	.0	
67.7	54.0	8.4	183.8	649.6	2.5	.0	.0	
66.8	59.5	5.9	211.0	456.1	50.8	118.1	.0	
62.9	48.7	6.9	197.4	640.7	37.1	.0	.0	
56.1	53.7	6.1	85.0	230.1	100.0	39.4	.0	
57.2	55.8	4.5	168.6	230.8	98.8	3.9	.0	
57.5	45.8	8.8	290.2	343.9	83.3	3.9	.0	
55.7	39.2	7.4	271.4	528.2	32.5	.0	.0	
57.4	42.5	9.5	293.8	572.5	27.1	.0	.0	
60.5	44.1	7.0	224.2	266.0	70.0	.0	.0	
70.3	55.7	7.1	165.8	455.5	72.9	.0	.0	
72.7	59.6	10.3	240.2	377.8	89.2	.0	.0	
65.5	47.6	9.6	296.6	537.2	49.2	.0	.0	
67.4	49.6	8.9	249.0	509.8	45.4	.0	.0	
74.5	59.2	10.2	224.6	583.1	40.8	.0	.0	
69.7	51.0	11.0	229.8	480.0	44.6	.0	.0	
62.4	42.0	5.9	174.6	555.1	33.3	.0	.0	
65.7	57.8	9.9	183.4	238.3	96.7	31.5	.0	
6 30 1993
62.5	44.5	12.1	293.8	650.4	29.2	3.9	.0	
60.0	46.0	5.8	182.2	386.8	72.1	3.9	.0	
63.5	54.7	5.0	199.0	501.0	74.2	15.7	.0	
63.8	57.9	6.5	114.6	301.1	97.1	7.9	.0	
63.9	58.0	7.6	136.2	294.1	72.9	11.8	.0	
63.8	46.6	11.8	284.2	582.7	46.7	.0	.0	
67.6	52.9	6.2	221.8	374.6	64.2	15.7	.0	
69.5	66.0	7.0	153.4	276.3	93.3	126.0	.0	
79.1	69.1	8.2	209.4	557.5	65.8	.0	.0	
79.6	65.4	10.8	260.6	659.6	33.8	.0	.0	
75.3	64.1	10.1	266.2	518.9	65.4	11.8	.0	
68.6	57.5	7.4	75.0	250.7	77.9	.0	.0	
66.2	54.8	6.7	127.4	477.6	45.0	.0	.0	
67.3	54.2	6.9	167.8	693.8	.0	.0	.0	
71.9	63.8	8.1	187.8	480.0	61.7	.0	.0	
73.9	56.6	6.8	224.2	659.7	21.7	.0	.0	
74.0	60.0	5.7	165.0	595.7	36.2	.0	.0	
80.3	65.1	6.3	196.2	672.7	30.0	.0	.0	
80.6	69.3	7.9	231.8	596.8	60.8	35.4	.0	
78.6	71.2	6.6	175.8	521.6	68.8	3.9	.0	
74.8	68.6	6.0	183.0	243.4	87.1	15.7	.0	
76.6	62.8	10.3	256.6	631.7	29.2	.0	.0	
72.7	48.1	9.5	218.6	659.5	11.2	.0	.0	
71.0	49.7	6.2	159.4	686.5	2.9	.0	.0	
73.4	58.4	7.7	163.0	694.9	.0	.0	.0	
76.4	65.0	10.0	193.0	671.6	34.6	3.9	.0	
77.3	61.4	7.3	160.2	606.2	49.2	11.8	.0	
80.0	61.2	7.4	219.0	626.9	61.7	.0	.0	
78.2	64.7	7.0	166.6	330.1	92.5	.0	.0	
79.4	64.0	6.5	158.2	577.6	67.5	.0	.0	
7 31 1993
72.9	64.2	7.7	93.4	242.2	96.7	.0	.0	
71.2	69.0	7.5	114.6	242.0	92.1	23.6	.0	
78.9	70.3	5.2	203.4	447.8	81.2	.0	.0	
82.7	68.6	6.3	206.2	667.6	15.0	.0	.0	
84.0	71.1	5.7	121.8	635.5	22.9	.0	.0	
82.9	72.8	8.0	143.4	491.1	55.4	.0	.0	
85.7	71.4	6.1	213.4	653.2	20.4	.0	.0	
87.9	69.1	6.9	277.0	653.4	23.3	.0	.0	
87.5	68.5	8.1	251.8	659.9	10.4	.0	.0	
88.8	69.5	9.5	271.4	656.7	13.8	.0	.0	
86.1	64.9	8.8	271.8	655.0	20.8	.0	.0	
83.3	64.9	9.7	268.2	547.5	71.2	.0	.0	
84.0	65.0	6.3	213.4	643.5	27.9	.0	.0	
80.9	71.2	7.8	184.6	461.0	69.6	102.4	.0	
79.7	65.6	8.6	275.4	470.4	80.8	.0	.0	
77.2	53.9	8.5	240.6	666.7	6.7	.0	.0	
75.5	53.0	8.8	242.2	647.5	9.6	.0	.0	
76.0	58.6	6.8	105.4	535.4	44.2	.0	.0	
77.5	68.7	9.2	193.0	234.3	97.5	47.2	.0	
80.6	67.1	9.0	279.0	621.4	33.3	.0	.0	
76.3	60.3	7.0	259.8	349.0	52.9	.0	.0	
75.8	51.5	9.5	303.4	645.3	41.7	.0	.0	
73.6	52.2	7.4	260.6	577.0	33.8	.0	.0	
75.9	61.2	6.0	157.8	410.0	53.3	.0	.0	
78.8	67.1	5.3	114.2	249.6	95.4	.0	.0	
76.6	66.8	9.6	138.6	229.4	99.6	.0	.0	
82.4	66.2	8.5	240.6	529.6	52.5	.0	.0	
84.0	65.0	6.9	217.4	615.2	14.6	.0	.0	
81.2	64.0	11.2	275.8	583.5	54.6	7.9	.0	
75.8	57.5	12.5	276.6	583.6	22.5	.0	.0	
73.2	60.5	8.0	271.8	260.8	61.7	.0	.0	
8 31 1993
77.3	63.8	6.2	197.8	460.7	55.8	.0	.0	
78.2	65.5	6.7	215.4	321.7	43.3	.0	.0	
79.8	66.0	7.3	202.2	354.7	81.2	.0	.0	
75.0	64.2	8.0	260.6	286.2	85.8	27.6	.0	
71.7	59.2	6.1	186.6	415.7	57.1	.0	.0	
65.7	63.5	7.5	66.2	219.4	100.0	153.5	.0	
69.7	62.9	6.2	244.2	345.1	92.5	23.6	.0	
72.4	61.2	4.9	138.2	508.1	59.6	.0	.0	
72.5	64.3	5.3	144.6	486.8	37.5	.0	.0	
72.5	63.0	5.5	152.6	384.8	72.1	.0	.0	
73.2	63.6	6.7	159.8	272.8	91.7	31.5	.0	
72.7	65.9	4.7	101.4	506.9	39.6	11.8	.0	
75.9	64.4	5.4	122.2	552.0	30.0	.0	.0	
78.2	64.0	7.5	259.8	512.5	42.5	.0	.0	
79.6	62.8	6.1	187.0	448.2	31.7	.0	.0	
79.3	68.4	6.6	152.2	346.5	79.6	.0	.0	
75.7	70.2	6.3	227.0	228.3	89.6	11.8	.0	
76.2	67.6	8.1	71.4	454.0	52.5	.0	.0	
74.7	65.7	5.7	117.8	364.0	45.4	.0	.0	
77.1	68.9	8.7	224.2	323.3	79.6	3.9	.0	
75.0	61.1	9.7	219.4	454.6	39.6	.0	.0	
70.0	54.5	6.3	151.8	416.5	28.3	.0	.0	
73.0	62.6	7.7	179.8	489.5	26.7	.0	.0	
76.5	65.4	9.1	174.6	493.2	45.4	.0	.0	
80.6	67.8	5.4	166.6	438.4	52.9	.0	.0	
82.3	67.4	5.5	127.4	525.6	15.0	.0	.0	
80.3	68.7	5.0	161.0	453.9	29.6	.0	.0	
84.4	69.9	6.8	224.6	502.6	60.4	.0	.0	
80.8	61.8	6.8	93.0	513.5	15.4	.0	.0	
80.2	64.5	5.9	162.6	466.7	27.5	.0	.0	
79.1	68.1	5.7	113.0	449.4	51.7	.0	.0	
9 30 1993
80.9	69.3	6.5	220.6	465.6	52.9	.0	.0	
82.4	71.4	7.9	137.0	439.8	68.8	.0	.0	
85.3	69.1	14.4	204.6	323.6	75.0	.0	.0	
77.0	68.1	7.1	207.8	191.7	90.4	11.8	.0	
75.3	59.9	6.5	215.4	401.6	55.0	.0	.0	
74.4	59.2	5.4	208.6	488.9	22.5	.0	.0	
75.9	63.9	4.4	189.8	277.1	80.4	.0	.0	
72.3	66.8	6.5	107.4	219.2	93.8	43.3	.0	
75.4	67.6	7.9	147.0	262.3	88.3	.0	.0	
73.7	56.2	12.2	267.4	378.0	48.8	11.8	.0	
61.3	41.7	10.0	272.2	470.5	7.9	.0	.0	
65.1	49.4	9.0	187.0	391.7	38.8	.0	.0	
71.5	57.1	8.4	180.2	386.7	35.8	.0	.0	
73.9	64.1	10.5	180.6	321.9	39.2	.0	.0	
78.4	67.2	10.4	204.2	466.6	28.3	23.6	.0	
66.8	64.3	9.0	65.4	162.3	100.0	39.4	.0	
62.1	61.0	7.9	40.2	160.6	100.0	43.3	.0	
65.8	62.6	6.1	144.6	182.6	72.1	15.7	.0	
63.9	49.3	8.6	227.8	445.3	10.8	.0	.0	
58.1	42.7	7.3	86.6	173.7	74.2	3.9	.0	
63.8	60.7	5.7	197.8	154.0	99.2	31.5	.0	
64.8	57.9	5.7	165.4	244.0	75.0	.0	.0	
65.5	61.0	7.0	213.0	154.7	90.4	3.9	.0	
63.5	48.3	9.5	282.6	375.6	53.8	.0	.0	
59.4	53.6	6.2	157.0	155.9	98.8	27.6	.0	
69.4	64.5	11.0	215.4	210.2	74.6	.0	.0	
66.3	62.0	8.5	187.4	166.3	75.4	161.4	.0	
56.5	43.6	10.1	237.8	407.4	2.1	.0	.0	
55.4	42.2	9.1	274.2	378.6	30.4	.0	.0	
50.8	41.0	10.6	295.4	318.7	42.1	3.9	.0	
10 31 1993
50.9	39.9	8.9	214.2	393.1	.4	.0	.0	
61.2	51.2	8.7	194.6	380.5	35.0	.0	.0	
58.0	42.9	10.3	269.0	374.9	32.1	.0	.0	
59.5	43.5	10.2	228.6	379.5	.0	.0	.0	
55.4	37.5	9.1	169.4	338.1	7.9	.0	.0	
53.8	40.5	6.9	194.6	363.5	28.3	.0	.0	
59.8	51.3	7.0	210.6	279.1	65.8	.0	.0	
62.1	56.2	3.1	116.6	134.2	71.7	.0	.0	
65.8	57.8	9.1	239.4	347.0	36.2	7.9	.0	
50.1	34.0	13.5	109.4	261.8	46.2	.0	.0	
48.2	34.0	11.0	68.6	306.7	55.4	.0	.0	
51.8	46.2	12.1	220.6	153.3	62.9	98.4	.0	
53.4	42.6	8.9	216.2	251.6	63.8	.0	.0	
54.4	46.9	7.3	111.0	116.9	93.8	.0	.0	
55.5	51.5	4.1	127.4	199.7	55.4	.0	.0	
55.8	50.8	4.9	106.6	154.2	76.7	.0	.0	
61.0	58.7	6.5	128.6	112.4	93.8	.0	.0	
62.0	49.7	8.1	266.6	298.4	45.4	.0	.0	
57.5	50.7	6.6	98.6	109.4	95.8	7.9	.0	
60.2	59.5	5.6	49.0	107.9	100.0	7.9	.0	
64.1	56.9	12.2	215.4	156.5	94.6	43.3	.0	
51.5	34.5	9.6	251.4	240.5	49.6	.0	.0	
48.8	34.9	6.9	276.6	295.9	.0	.0	.0	
50.5	37.7	8.6	225.0	201.3	38.8	.0	.0	
55.5	40.0	5.6	203.8	287.9	11.7	.0	.0	
55.5	52.1	10.8	69.8	99.4	100.0	11.8	.0	
56.6	50.3	8.7	219.8	212.4	75.8	11.8	.0	
48.8	34.3	10.1	267.4	220.9	59.2	.0	.0	
51.6	35.4	7.6	215.4	218.0	72.5	.0	.0	
48.2	45.4	8.9	111.4	94.1	100.0	78.7	.0	
43.5	41.5	10.4	155.0	92.8	100.0	23.6	.0	
11 30 1993
41.6	28.7	17.7	273.4	130.1	63.3	.0	.0	
40.3	27.7	6.5	249.8	153.1	53.3	.0	.0	
41.4	33.6	7.4	210.2	90.2	75.8	.0	.0	
45.0	37.8	7.0	176.2	175.0	50.8	.0	.0	
56.7	54.8	8.8	187.4	86.9	97.5	31.5	.0	
46.7	37.4	9.5	274.2	85.9	74.2	.0	.0	
38.2	25.1	9.4	275.8	190.6	29.2	.0	.0	
38.7	28.8	4.9	187.8	197.1	38.3	.0	.0	
39.3	30.2	4.9	221.0	111.3	70.8	.0	.0	
43.1	28.6	7.1	185.0	161.9	48.3	.0	.0	
45.0	30.5	8.9	215.8	132.3	63.3	.0	.0	
53.3	35.7	9.5	229.8	223.6	47.5	.0	.0	
50.2	46.2	6.2	89.0	78.7	94.2	11.8	.0	
65.4	57.0	11.3	211.0	107.6	74.2	.0	.0	
69.9	56.0	14.0	261.4	110.2	77.1	.0	.0	
54.1	40.1	7.3	201.4	177.5	58.8	.0	.0	
56.0	52.4	8.9	190.6	75.0	97.5	31.5	.0	
49.5	35.9	12.0	121.8	131.2	70.0	.0	.0	
48.9	44.0	7.3	147.4	73.3	100.0	.0	.0	
42.1	24.2	14.3	260.6	205.1	19.2	.0	.0	
37.5	21.8	8.3	215.0	205.3	1.2	.0	.0	
43.2	27.2	5.5	219.0	203.2	2.5	.0	.0	
44.8	30.8	5.4	167.8	151.7	35.0	.0	.0	
46.2	37.5	5.0	96.6	87.9	90.0	.0	.0	
39.5	29.6	12.4	53.4	69.1	84.6	.0	.0	
37.3	29.0	9.3	111.0	91.8	75.4	.0	.0	
51.2	47.2	13.5	85.4	67.9	100.0	145.7	.0	
52.9	43.2	13.8	249.0	86.5	76.2	98.4	.0	
38.1	20.8	6.8	245.8	187.1	16.7	.0	.0	
37.2	21.9	8.8	243.0	188.1	3.8	.0	.0	
12 31 1993
36.6	23.9	5.9	83.8	94.6	56.2	.0	.0	
43.4	35.3	5.5	119.4	101.3	74.2	.0	.0	
47.9	39.2	4.6	190.6	129.1	75.8	.0	.0	
47.9	47.2	7.5	115.4	64.4	100.0	118.1	.0	
49.2	44.1	17.9	225.8	64.7	73.3	153.5	.0	
41.1	32.3	6.9	214.2	179.7	30.4	.0	.0	
43.4	31.6	9.1	235.8	100.0	59.2	.0	.0	
40.6	30.2	5.4	197.4	154.4	28.3	.0	.0	
38.7	31.1	6.3	198.2	80.4	50.8	.0	.0	
46.4	38.5	10.0	186.2	62.4	92.9	11.8	.0	
37.5	22.0	18.9	297.0	135.4	52.9	.0	.0	
30.5	5.9	16.3	307.0	177.0	.0	.0	.0	
41.4	12.6	9.9	309.8	136.3	30.4	.0	.0	
42.0	28.4	6.0	176.6	74.4	83.3	.0	.0	
44.2	41.0	12.5	108.6	61.4	100.0	70.9	.0	
44.8	35.7	14.2	293.0	81.7	58.3	.0	.0	
34.4	23.6	5.9	160.2	165.3	35.0	.0	.0	
38.0	33.2	5.5	172.6	67.6	98.8	.0	.0	
41.7	32.2	11.7	272.2	173.1	31.7	7.9	.0	
38.9	34.0	6.4	154.2	61.0	96.7	7.9	.0	
38.7	29.4	19.0	244.2	67.6	65.0	66.9	.0	
34.9	19.3	12.2	235.0	103.2	70.4	.0	.0	
35.0	23.3	6.9	183.8	71.8	74.6	.0	.0	
29.8	23.9	5.5	157.8	64.0	78.3	.0	.0	
30.2	24.8	7.2	191.0	65.5	80.0	.0	.0	
24.4	5.3	15.2	245.4	157.2	50.4	.0	.0	
20.9	8.2	7.1	80.2	61.6	97.1	.0	.0	
22.5	15.6	7.4	69.8	61.7	100.0	.0	70.0	
21.6	15.1	7.8	106.2	61.9	90.4	.0	.0	
21.9	4.9	15.0	273.0	177.4	29.6	.0	.0	
22.3	8.8	6.1	223.8	118.3	52.1	.0	.0	
