   1    31    1973
5.4	2.4	3.8	167.1	182.4	86.0	.0	10.2	
-3.3	-5.2	5.1	222.9	228.2	61.0	.0	.0	
-5.3	-7.0	4.1	205.7	203.3	64.0	.0	2.5	
2.9	2.1	9.2	135.7	253.4	43.0	.0	.0	
.2	-4.4	5.3	125.7	274.2	51.0	.0	.0	
-2.0	-5.2	3.8	167.1	225.0	72.0	.0	.0	
-2.3	-6.6	3.6	188.6	271.9	22.0	.0	.0	
-7.9	-10.3	2.0	87.1	270.1	33.0	.0	.0	
2.4	-.3	3.3	132.9	140.9	86.0	.0	.0	
9.4	6.2	3.9	205.7	206.0	75.0	.0	.0	
-4.9	-9.4	4.1	121.4	291.8	23.0	.0	.0	
-1.9	-6.7	5.3	210.0	256.4	38.0	.0	.0	
6.2	.3	4.3	187.1	285.2	23.0	.0	.0	
7.2	3.7	4.8	208.6	270.8	41.0	.0	.0	
7.2	4.5	2.5	104.3	240.6	85.0	.0	.0	
6.7	4.0	5.4	245.7	249.7	63.0	.0	.0	
14.0	10.2	5.6	205.7	191.4	78.0	.0	.0	
10.5	4.2	6.6	214.3	300.4	13.0	.0	.0	
8.5	4.4	3.9	231.4	177.8	60.0	.0	.0	
10.6	8.7	5.4	141.4	277.5	68.0	.0	5.1	
6.0	.9	5.5	170.0	313.3	13.0	.0	.0	
.5	-5.3	3.6	145.7	307.0	15.0	.0	.0	
-3.7	-8.9	3.3	85.7	326.2	5.0	.0	.0	
2.3	-3.6	4.1	168.6	326.7	2.0	.0	.0	
1.5	-1.2	2.8	132.9	324.8	18.0	.0	.0	
7.0	4.7	4.6	110.0	297.7	62.0	.0	7.6	
17.4	8.9	10.1	301.4	276.9	59.0	.0	.0	
-1.1	-7.7	3.6	160.0	337.7	4.0	.0	.0	
-1.6	-5.0	2.8	157.1	249.9	76.0	.0	.0	
.3	-3.0	3.1	118.6	321.7	58.0	.0	.0	
16.6	13.8	3.9	85.7	207.3	96.0	.0	15.2	
   2    28    1973
9.1	1.3	5.3	177.1	343.8	10.0	.0	.0	
-.8	-7.1	3.5	168.6	359.0	2.0	.0	.0	
-2.6	-6.7	2.5	107.1	300.7	52.0	.0	.0	
8.4	2.0	4.0	115.7	335.8	36.0	.0	.0	
11.8	6.6	3.6	125.7	352.2	3.0	.0	.0	
14.9	13.3	2.7	151.4	208.2	80.0	.0	2.5	
26.8	24.4	2.5	75.7	200.8	95.0	.0	7.6	
22.7	17.3	7.8	148.6	180.7	98.0	.0	12.7	
18.9	13.1	3.5	112.9	253.0	60.0	.0	2.5	
9.1	4.7	4.1	192.9	375.6	21.0	.0	.0	
18.0	12.7	6.7	67.1	282.5	73.0	.0	.0	
24.1	18.9	7.4	181.4	338.1	40.0	.0	5.1	
18.0	13.0	4.3	187.1	364.0	48.0	.0	.0	
12.5	8.7	4.3	91.4	381.3	33.0	.0	.0	
9.4	1.9	3.5	165.7	404.1	9.0	.0	.0	
5.0	.1	3.6	102.9	399.9	23.0	.0	.0	
10.7	3.3	4.6	215.7	407.4	11.0	.0	.0	
9.1	2.7	5.3	224.3	420.3	5.0	.0	.0	
9.9	2.6	4.6	152.9	426.2	2.0	.0	.0	
8.4	.0	5.1	171.4	283.6	86.0	.0	.0	
18.3	10.3	7.4	214.3	238.9	80.0	.0	.0	
23.2	15.0	2.6	120.0	229.2	78.0	.0	.0	
16.2	12.3	4.1	234.3	341.3	68.0	.0	.0	
19.5	11.2	4.8	188.6	381.0	18.0	.0	.0	
23.8	15.4	4.3	142.9	439.9	8.0	.0	.0	
22.5	16.2	5.0	215.7	395.3	54.0	.0	.0	
25.6	19.1	3.5	178.6	416.3	58.0	.0	.0	
29.0	21.6	5.6	181.4	382.9	70.0	.0	.0	
   3    31    1973
31.0	21.6	5.0	194.3	448.0	40.0	.0	.0	
31.2	23.3	5.7	248.6	382.4	55.0	.0	.0	
28.8	22.1	6.3	117.1	343.7	30.0	.0	15.2	
26.9	24.5	8.6	214.3	287.3	89.0	.0	7.6	
29.0	18.7	13.2	150.0	381.0	44.0	.0	.0	
27.6	16.6	6.4	134.3	411.1	60.0	.0	.0	
30.1	18.4	5.8	155.7	453.4	42.0	.0	.0	
30.9	26.6	9.0	190.0	220.3	97.0	.0	15.2	
31.4	28.6	13.2	138.6	303.7	98.0	.0	33.0	
32.3	19.9	9.6	220.0	459.3	27.0	.0	.0	
32.1	21.0	7.9	105.7	502.4	2.0	.0	.0	
35.8	23.1	7.4	155.7	451.2	24.0	.0	.0	
31.3	23.8	13.4	222.9	236.1	93.0	.0	20.3	
28.9	18.0	7.1	194.3	389.7	56.0	.0	.0	
30.5	18.9	11.2	302.9	497.8	25.0	.0	.0	
31.6	15.1	5.8	154.3	535.3	3.0	.0	.0	
34.9	13.3	10.1	165.7	478.0	33.0	.0	.0	
38.9	18.0	13.2	202.9	487.3	43.0	.0	.0	
35.0	19.7	5.8	147.1	480.6	24.0	.0	.0	
37.5	21.3	11.5	142.9	513.6	31.0	.0	.0	
34.6	23.6	18.8	208.6	303.8	87.0	2.0	.0	
31.2	16.4	11.5	191.4	491.2	54.0	.0	.0	
27.6	25.0	7.3	215.7	258.9	98.0	.0	20.3	
30.6	18.0	14.8	187.1	416.1	61.0	.0	.0	
29.7	14.3	6.6	132.9	399.5	60.0	.0	.0	
33.7	16.3	10.4	182.9	581.7	18.0	.0	.0	
31.1	25.7	9.2	134.3	269.5	87.0	.0	205.7	
27.1	24.3	12.5	184.3	424.1	83.0	.0	.0	
28.4	21.6	11.1	95.7	325.3	95.0	.0	2.5	
29.1	22.7	9.2	234.3	359.8	96.0	.0	35.6	
31.6	17.0	8.9	262.9	555.6	23.0	.0	.0	
   4    30    1973
31.2	19.4	9.7	92.9	523.9	42.0	.0	.0	
30.1	21.3	13.2	91.4	351.4	80.0	.0	5.1	
28.3	14.9	12.2	221.4	393.5	63.0	.0	.0	
26.8	9.1	10.2	142.9	535.2	16.0	.0	.0	
32.2	15.9	5.2	180.0	627.1	2.0	.0	.0	
37.3	16.0	10.1	220.0	562.9	27.0	.0	.0	
25.7	17.9	15.4	152.9	393.4	79.0	.0	86.4	
17.5	6.9	12.7	252.9	614.7	13.0	.0	.0	
29.2	13.0	9.4	264.3	522.5	21.0	.0	.0	
37.4	19.4	6.4	191.4	408.5	64.0	.0	.0	
39.3	26.4	6.1	170.0	424.1	71.0	.0	.0	
39.5	29.7	7.4	222.9	459.4	73.0	1.0	.0	
42.6	23.2	11.6	215.7	523.3	58.0	.0	.0	
46.8	15.1	18.1	178.6	606.3	25.0	.0	.0	
34.9	18.9	10.2	200.0	478.1	38.0	1.0	.0	
34.4	13.8	6.1	144.3	562.5	46.0	.0	.0	
41.1	16.1	8.2	172.9	659.6	15.0	.0	.0	
38.9	24.2	18.8	181.4	344.9	78.0	.0	.0	
31.7	20.0	15.0	248.6	311.8	83.0	.0	.0	
31.0	11.1	13.4	161.4	666.4	27.0	.0	.0	
34.0	19.3	5.3	135.7	590.3	37.0	.0	.0	
37.9	17.9	6.8	137.1	661.6	3.0	.0	.0	
42.5	17.7	8.7	164.3	581.0	38.0	.0	.0	
44.7	21.1	10.0	184.3	559.6	77.0	.0	.0	
42.7	21.3	14.5	247.1	572.6	65.0	.0	.0	
40.9	19.0	9.5	237.1	571.2	42.0	.0	.0	
45.1	16.3	7.5	202.9	671.5	5.0	.0	.0	
49.4	17.3	13.0	180.0	478.4	33.0	.0	.0	
52.0	18.1	18.2	191.4	643.1	42.0	.0	.0	
43.5	24.0	15.9	207.1	407.3	74.0	3.0	.0	
   5    31    1973
39.1	28.6	9.5	111.4	458.4	91.0	13.0	.0	
39.5	22.3	5.6	167.1	681.8	31.0	9.0	.0	
45.9	14.8	11.1	212.9	728.3	2.0	.0	.0	
53.3	19.1	14.2	181.4	600.8	37.0	.0	.0	
47.6	20.9	12.0	157.1	313.2	82.0	.0	.0	
36.8	30.6	13.3	275.7	290.1	80.0	71.0	.0	
43.3	35.0	6.1	51.4	630.0	29.0	8.0	.0	
49.7	30.6	7.3	144.3	631.4	33.0	.0	.0	
54.2	29.0	12.8	221.4	554.8	44.0	.0	.0	
57.6	28.3	11.1	194.3	693.3	11.0	.0	.0	
56.1	30.7	8.6	167.1	557.8	44.0	.0	.0	
50.8	36.3	11.1	114.3	524.0	65.0	1.0	.0	
48.3	38.0	11.9	121.4	559.6	85.0	29.0	.0	
46.9	32.0	9.6	105.7	464.1	70.0	.0	.0	
48.2	34.4	9.4	215.7	629.5	28.0	6.0	.0	
51.8	29.7	6.3	164.3	686.8	29.0	.0	.0	
55.2	32.0	6.3	144.3	650.7	53.0	.0	.0	
57.7	33.8	8.3	180.0	633.2	65.0	.0	.0	
59.8	37.4	9.7	174.3	560.5	53.0	.0	.0	
57.5	36.4	11.5	218.6	533.1	66.0	.0	.0	
55.0	29.7	11.0	200.0	619.0	59.0	.0	.0	
47.5	36.3	6.9	145.7	491.8	54.0	11.0	.0	
49.9	32.6	9.6	171.7	553.6	37.0	1.0	.0	
53.4	33.3	11.8	95.7	609.5	42.0	.0	.0	
54.4	26.9	11.4	194.3	536.0	77.0	.0	.0	
44.0	31.0	15.8	275.7	552.4	56.0	36.0	.0	
43.3	12.8	21.0	314.3	730.1	10.0	.0	.0	
50.0	19.7	10.1	227.1	778.0	2.0	.0	.0	
53.0	31.7	10.9	87.1	706.7	17.0	.0	.0	
53.0	30.8	9.9	158.6	682.8	31.0	.0	.0	
54.0	30.7	8.3	134.3	743.9	19.0	.0	.0	
   6    30    1973
51.1	38.4	10.1	192.9	471.4	72.0	16.0	.0	
50.2	37.1	10.1	152.9	452.9	77.0	23.0	.0	
48.6	35.7	13.4	197.1	556.6	54.0	6.0	.0	
45.8	37.5	9.6	202.9	596.9	66.0	15.0	.0	
49.1	31.1	6.9	150.0	774.2	2.0	.0	.0	
57.0	32.2	7.0	164.3	751.3	19.0	.0	.0	
60.2	35.0	7.9	242.9	760.8	4.0	.0	.0	
64.0	36.8	6.8	128.6	706.5	42.0	.0	.0	
66.6	37.4	5.8	181.4	742.4	17.0	.0	.0	
65.9	37.6	11.0	150.0	690.4	47.0	.0	.0	
65.5	38.1	12.5	177.1	641.3	42.0	.0	.0	
61.9	39.1	8.2	187.1	630.7	75.0	.0	.0	
59.3	43.6	10.9	128.6	521.4	78.0	5.0	.0	
56.8	37.9	18.5	194.3	659.7	39.0	.0	.0	
57.7	24.3	16.3	205.7	758.6	3.0	.0	.0	
55.5	26.9	12.2	182.9	757.4	4.0	.0	.0	
58.5	20.4	13.6	176.7	793.7	2.0	.0	.0	
58.7	25.1	14.5	168.6	755.5	6.0	.0	.0	
50.1	18.9	8.2	225.7	765.2	4.0	.0	.0	
56.7	28.2	5.9	151.4	750.7	11.0	.0	.0	
59.9	31.0	10.6	191.4	752.5	16.0	.0	.0	
59.6	32.7	7.9	178.6	708.3	13.0	.0	.0	
62.2	36.3	9.2	167.1	716.0	9.0	.0	.0	
64.5	33.3	6.7	207.1	737.3	35.0	.0	.0	
68.3	37.4	4.8	157.1	713.5	41.0	.0	.0	
70.7	38.9	7.2	190.0	719.7	24.0	.0	.0	
70.8	42.3	6.8	231.4	674.9	25.0	.0	.0	
64.1	48.0	7.6	178.6	512.2	51.0	4.0	.0	
68.4	46.0	7.1	110.0	651.5	34.0	.0	.0	
68.5	36.1	10.9	124.3	768.4	5.0	.0	.0	
   7    31    1973
70.0	38.1	11.4	157.1	688.9	35.0	.0	.0	
70.1	37.3	7.4	112.9	735.5	26.0	.0	.0	
71.9	37.6	8.4	225.7	646.1	36.0	.0	.0	
70.5	41.4	5.8	152.9	672.5	14.0	.0	.0	
69.3	39.4	7.3	132.9	750.6	5.0	.0	.0	
71.5	36.6	5.1	144.3	721.8	15.0	.0	.0	
69.0	39.7	10.9	230.0	568.9	68.0	.0	.0	
65.3	45.4	8.7	204.3	549.2	71.0	1.0	.0	
61.9	48.7	8.4	148.6	582.9	44.0	26.0	.0	
65.2	47.1	11.9	158.6	616.7	37.0	.0	.0	
66.0	43.6	6.5	114.3	719.3	8.0	.0	.0	
63.0	47.3	12.0	154.3	615.8	50.0	10.0	.0	
61.4	47.3	10.9	115.7	668.5	46.0	2.0	.0	
57.6	49.3	10.9	107.1	483.6	90.0	8.0	.0	
61.8	49.1	6.6	85.7	596.4	77.0	.0	.0	
65.0	43.4	7.0	234.3	592.1	75.0	.0	.0	
61.1	49.3	6.6	161.4	375.0	90.0	1.0	.0	
61.2	53.3	7.8	171.4	349.4	97.0	42.0	.0	
63.5	48.0	11.1	150.0	612.7	63.0	3.0	.0	
60.3	44.5	7.9	115.7	560.7	24.0	4.0	.0	
57.4	41.6	8.4	177.1	521.9	39.0	3.0	.0	
56.1	41.0	9.7	145.7	566.3	35.0	.0	.0	
58.9	35.3	7.6	135.7	705.5	3.0	.0	.0	
63.1	35.3	6.9	91.4	705.6	11.0	.0	.0	
61.8	40.7	8.9	175.7	647.8	26.0	6.0	.0	
59.0	41.6	7.3	142.9	584.4	38.0	.0	.0	
59.0	40.7	7.1	174.3	629.8	34.0	.0	.0	
61.1	40.3	6.6	180.0	560.2	65.0	.0	.0	
62.5	42.0	6.9	142.9	657.8	39.0	.0	.0	
58.3	43.4	7.9	134.3	518.7	35.0	.0	.0	
57.8	44.1	8.8	145.7	618.2	29.0	3.0	.0	
   8    31    1973
58.4	40.6	8.9	154.3	662.0	23.0	.0	.0	
58.1	40.8	10.2	227.1	629.2	31.0	1.0	.0	
57.6	43.7	6.6	220.0	599.6	34.0	3.0	.0	
60.0	42.7	6.3	191.4	610.7	32.0	.0	.0	
61.3	45.9	9.4	164.3	612.7	37.0	1.0	.0	
57.5	47.2	8.4	140.0	588.6	28.0	23.0	.0	
58.9	45.0	10.3	150.0	580.4	43.0	.0	.0	
63.5	40.3	7.2	255.7	675.2	25.0	.0	.0	
64.1	41.6	9.0	138.6	599.7	43.0	.0	.0	
63.6	37.0	7.1	242.9	684.6	7.0	.0	.0	
64.4	44.0	10.2	165.7	522.9	48.0	.0	.0	
65.1	42.0	10.4	140.0	600.1	41.0	.0	.0	
65.3	40.0	6.5	141.4	644.3	18.0	1.0	.0	
60.5	44.4	7.1	138.6	515.7	50.0	2.0	.0	
61.3	42.2	4.4	144.3	600.5	50.0	.0	.0	
64.9	39.6	7.4	135.7	646.4	25.0	.0	.0	
67.2	40.5	9.7	210.0	636.9	20.0	.0	.0	
65.3	44.4	8.5	170.0	551.0	72.0	.0	.0	
67.5	42.0	10.7	128.6	614.5	49.0	.0	.0	
65.2	44.9	7.6	178.6	573.0	61.0	.0	.0	
62.1	49.7	5.6	172.9	375.9	77.0	5.0	.0	
62.9	44.9	5.9	124.3	568.0	27.0	.0	.0	
63.7	41.3	5.8	147.1	632.9	11.0	.0	.0	
65.0	45.3	12.8	204.3	529.2	70.0	.0	.0	
58.8	45.3	7.3	154.3	511.0	62.0	13.0	.0	
59.6	42.2	5.6	197.1	600.5	18.0	.0	.0	
62.5	38.1	8.3	207.1	609.6	15.0	.0	.0	
61.1	43.0	5.8	122.9	491.5	56.0	.0	.0	
57.2	44.4	9.4	131.4	408.7	55.0	.0	.0	
53.2	45.6	5.0	175.7	286.1	59.0	10.0	.0	
48.4	43.2	7.4	192.9	393.2	68.0	6.0	.0	
   9    30    1973
55.1	38.3	8.9	134.3	542.3	50.0	.0	.0	
57.0	29.0	14.3	160.0	597.2	5.0	.0	.0	
51.0	24.7	5.4	128.6	632.9	2.0	.0	.0	
55.5	30.5	7.3	230.0	635.7	2.0	.0	.0	
60.0	35.4	10.1	148.6	592.9	3.0	.0	.0	
59.9	35.2	9.9	148.6	585.4	10.0	.0	.0	
58.4	35.1	5.8	172.9	590.3	5.0	.0	.0	
59.3	32.7	10.9	184.3	593.7	2.0	.0	.0	
59.5	37.2	13.0	147.1	559.3	47.0	.0	.0	
53.0	46.7	8.4	220.0	327.4	94.0	71.0	.0	
53.9	44.0	7.1	160.0	432.4	72.0	7.0	.0	
53.3	38.6	7.3	262.9	490.5	37.0	.0	.0	
56.0	39.9	7.3	170.0	545.4	9.0	.0	.0	
57.0	36.1	9.8	185.7	554.6	10.0	.0	.0	
57.1	32.3	12.0	198.6	546.2	7.0	.0	.0	
57.2	32.7	13.0	181.4	489.7	32.0	.0	.0	
54.5	29.4	9.6	152.9	564.2	4.0	.0	.0	
55.5	30.4	9.4	135.7	518.8	20.0	.0	.0	
55.3	24.2	7.6	127.1	557.4	3.0	.0	.0	
55.3	25.1	11.0	161.4	562.7	2.0	.0	.0	
57.0	26.0	10.4	190.0	542.9	5.0	.0	.0	
55.5	32.2	8.7	158.6	548.7	2.0	.0	.0	
54.2	35.3	14.6	191.4	396.8	50.0	1.0	.0	
49.9	20.0	10.2	210.0	551.9	7.0	.0	.0	
43.3	31.3	14.6	148.6	347.9	53.0	9.0	.0	
39.5	32.8	8.8	204.3	302.6	71.0	18.0	.0	
40.3	24.9	6.3	108.6	473.7	35.0	.0	.0	
46.5	31.0	7.5	267.1	249.0	83.0	.0	.0	
50.7	32.1	8.2	267.1	384.3	75.0	.0	.0	
49.7	30.3	5.6	145.7	515.7	4.0	.0	.0	
  10    31    1973
51.4	24.6	8.6	131.4	518.0	2.0	.0	.0	
51.1	21.3	9.0	175.7	513.4	2.0	.0	.0	
49.7	25.6	8.1	105.7	444.3	36.0	.0	.0	
48.0	28.7	7.8	201.4	485.6	8.0	.0	.0	
45.1	31.5	7.1	124.3	416.4	29.0	.0	.0	
48.3	31.3	8.2	220.0	440.0	25.0	.0	.0	
53.7	26.6	12.5	142.9	462.1	17.0	.0	.0	
52.1	18.1	15.1	201.4	434.6	40.0	.0	.0	
41.7	26.9	13.6	178.6	314.5	60.0	1.0	.0	
31.1	29.9	7.8	141.4	199.7	97.0	.0	157.5	
32.4	25.3	6.9	151.4	453.1	61.0	1.0	.0	
39.6	24.0	7.6	207.1	445.9	23.0	.0	.0	
43.0	27.2	5.4	202.9	463.2	2.0	.0	.0	
44.6	27.7	4.5	197.1	450.7	2.0	.0	.0	
48.4	25.9	9.0	124.3	445.7	13.0	.0	.0	
47.8	31.3	5.8	138.6	373.2	38.0	.0	.0	
45.6	24.1	3.6	108.6	442.7	2.0	.0	.0	
46.9	25.9	5.6	131.4	417.0	13.0	.0	.0	
45.3	22.9	5.3	164.3	425.0	2.0	.0	.0	
45.4	20.4	6.1	117.1	361.3	20.0	.0	.0	
43.9	20.4	5.9	115.7	423.3	2.0	.0	.0	
44.8	19.1	4.4	124.3	386.7	23.0	.0	.0	
47.2	15.4	10.9	172.9	409.7	9.0	.0	.0	
42.9	8.9	8.7	57.1	418.5	2.0	.0	.0	
37.3	10.7	6.6	184.3	402.0	2.0	.0	.0	
36.1	14.8	7.5	185.0	282.4	53.0	.0	.0	
35.4	10.0	4.4	145.7	404.7	2.0	.0	.0	
39.1	17.6	5.9	117.1	395.2	2.0	.0	.0	
40.8	13.4	13.4	152.9	396.1	4.0	.0	.0	
40.8	13.0	14.2	278.6	378.5	26.0	.0	.0	
36.1	14.9	6.8	101.4	387.1	2.0	.0	.0	
  11    30    1973
46.6	14.1	17.0	232.9	347.7	8.0	.0	.0	
47.7	13.7	19.6	190.0	350.6	6.0	.0	.0	
45.2	18.0	15.1	212.9	347.1	8.0	.0	.0	
38.5	12.7	14.0	190.0	321.5	20.0	.0	.0	
40.6	19.8	15.1	161.4	306.3	51.0	.0	.0	
40.8	18.4	4.9	145.7	321.4	23.0	.0	.0	
41.5	20.9	7.7	161.4	340.3	21.0	.0	.0	
42.7	23.6	5.9	74.3	351.5	2.0	.0	.0	
38.1	18.0	5.9	237.1	323.9	15.0	.0	.0	
36.9	16.0	4.9	132.9	296.5	18.0	.0	.0	
37.4	16.8	4.4	125.7	307.1	51.0	.0	.0	
38.5	18.6	8.1	144.3	225.2	65.0	.0	.0	
47.2	16.1	13.3	175.7	309.2	32.0	.0	.0	
39.1	11.6	15.8	221.4	325.9	3.0	.0	.0	
27.7	9.4	7.1	175.7	289.8	45.0	.0	.0	
29.4	6.6	8.1	237.1	269.3	53.0	.0	.0	
33.8	8.3	8.4	145.7	315.2	10.0	.0	.0	
32.1	16.2	9.9	217.1	252.4	28.0	.0	.0	
29.4	21.1	7.4	140.0	142.6	89.0	.0	15.2	
23.9	18.7	6.5	177.1	283.2	39.0	.0	12.7	
23.5	16.9	14.0	217.1	255.4	19.0	.0	.0	
28.4	21.4	15.1	175.7	204.6	39.0	.0	.0	
27.0	16.4	11.1	185.7	259.6	21.0	.0	.0	
19.6	8.9	6.6	140.0	291.2	2.0	.0	.0	
24.6	16.0	15.1	191.4	260.4	30.0	.0	.0	
20.5	13.2	10.1	158.6	218.3	61.0	.0	.0	
19.6	1.7	12.7	330.0	300.5	5.0	.0	.0	
18.9	5.7	5.1	228.6	296.7	2.0	.0	.0	
22.6	9.1	3.0	124.3	272.7	23.0	.0	.0	
25.9	12.4	4.3	160.0	188.3	70.0	.0	.0	
  12    31    1973
31.0	17.0	6.8	111.4	240.0	18.0	.0	.0	
33.8	23.3	16.1	208.6	222.1	41.0	2.0	.0	
28.1	16.0	10.5	165.7	258.3	39.0	.0	.0	
18.6	6.0	12.7	254.3	270.4	12.0	.0	.0	
13.1	2.3	5.6	195.7	273.3	7.0	.0	.0	
13.8	-.9	4.1	225.7	286.0	2.0	.0	.0	
18.5	4.7	3.8	184.3	243.3	58.0	.0	.0	
22.6	10.3	7.1	240.0	273.4	9.0	.0	.0	
18.7	5.3	3.5	111.4	275.2	7.0	.0	.0	
19.0	6.0	3.5	157.1	230.9	74.0	.0	.0	
26.1	7.6	7.6	177.1	232.8	82.0	.0	.0	
32.2	10.6	11.5	218.6	266.7	12.0	.0	.0	
25.4	8.9	7.7	171.4	197.5	38.0	.0	.0	
28.4	15.9	11.5	220.0	189.2	58.0	.0	.0	
17.3	2.7	7.0	272.9	266.7	2.0	.0	.0	
19.5	8.4	5.8	211.4	199.7	50.0	.0	.0	
26.1	8.9	6.5	125.7	247.1	35.0	.0	.0	
21.7	8.8	10.2	218.6	122.1	50.0	.0	20.3	
9.2	2.6	5.8	110.0	232.9	10.0	.0	.0	
9.2	2.0	4.8	117.1	267.8	2.0	.0	.0	
16.4	5.6	2.3	50.0	268.7	19.0	.0	.0	
17.4	6.7	5.1	94.3	190.5	50.0	.0	.0	
18.8	10.7	14.7	265.7	125.1	75.0	.0	.0	
21.4	10.9	12.7	225.7	178.0	51.0	.0	.0	
12.2	6.9	6.9	177.1	170.6	50.0	.0	2.5	
10.1	1.0	5.0	65.7	271.5	7.0	.0	.0	
7.7	-1.4	6.6	180.0	210.9	27.0	.0	.0	
22.3	11.3	10.5	161.4	245.3	30.0	.0	.0	
29.6	15.3	14.3	214.3	221.5	40.0	.0	.0	
22.5	13.0	9.6	145.7	187.4	40.0	.0	20.3	
5.4	-1.6	5.5	155.7	184.4	61.0	.0	.0	
