   1    31    1976
7.1	-.9	3.9	101.3	151.5	84.0	.0	.0	
-3.0	-12.6	2.0	45.0	228.1	56.0	.0	.0	
13.5	3.2	3.5	68.8	216.0	64.0	.0	.0	
15.3	9.0	5.6	127.5	175.5	59.0	.0	.0	
16.7	10.5	3.0	93.8	127.0	84.0	.0	.0	
18.4	13.9	5.2	101.3	145.3	76.0	.0	.0	
6.7	-1.1	3.9	66.3	216.5	59.0	.0	.0	
19.2	11.9	6.9	53.8	138.9	82.0	.0	.0	
21.2	13.2	4.8	58.8	220.2	81.0	.0	.0	
25.8	19.7	7.2	163.8	188.6	65.0	.0	.0	
14.2	5.5	3.3	52.5	246.4	46.0	.0	.0	
27.0	20.6	7.9	145.0	130.9	93.0	.0	.0	
16.5	1.2	8.8	147.5	261.9	20.0	.0	.0	
8.0	-3.6	2.0	25.0	248.8	33.0	.0	.0	
28.9	16.5	10.2	97.5	185.9	88.0	.0	.0	
31.3	21.0	4.9	108.8	215.6	53.0	.0	.0	
22.9	15.9	2.0	57.5	245.8	11.0	.0	.0	
26.2	17.5	3.3	113.8	216.6	64.0	.0	.0	
25.8	12.8	3.3	88.8	268.4	22.0	.0	.0	
12.9	4.4	2.0	92.5	263.6	6.0	.0	.0	
14.7	4.1	2.2	53.8	282.9	2.0	.0	.0	
14.1	4.0	2.0	30.0	265.3	2.0	.0	.0	
18.5	8.4	3.6	48.8	254.4	23.0	.0	.0	
24.4	18.7	4.9	52.5	130.8	82.0	.0	2.5	
10.9	2.0	6.7	97.5	183.7	44.0	.0	.0	
9.8	-.4	6.1	132.5	185.9	61.0	.0	.0	
15.7	6.6	3.5	75.0	228.4	65.0	.0	.0	
23.1	13.1	2.9	61.3	249.9	46.0	.0	.0	
19.9	11.0	2.5	60.0	304.7	2.0	.0	.0	
24.1	15.0	9.4	97.5	228.5	35.0	.0	.0	
21.0	9.7	2.6	27.5	247.9	60.0	.0	.0	
   2    29    1976
21.0	6.5	2.6	30.0	270.1	33.0	.0	.0	
23.0	8.7	3.2	91.3	240.3	65.0	.0	.0	
27.7	11.0	6.9	133.8	270.8	41.0	.0	.0	
40.0	22.6	13.4	203.8	144.7	78.0	3.0	.0	
34.3	31.0	7.8	67.5	143.0	89.0	12.0	.0	
31.0	27.2	3.2	70.0	162.8	88.0	.0	76.2	
32.0	25.1	5.6	117.5	242.6	75.0	.0	.0	
37.1	27.5	3.6	31.3	219.2	89.0	.0	.0	
38.3	33.5	6.0	122.5	140.9	96.0	20.0	.0	
34.9	29.1	12.4	203.8	224.1	70.0	.0	.0	
28.1	18.9	3.9	95.0	348.6	2.0	.0	.0	
29.4	18.9	6.5	158.8	355.5	8.0	.0	.0	
33.5	21.4	2.0	22.5	358.9	38.0	.0	.0	
33.6	25.7	7.1	103.8	260.3	78.0	.0	.0	
28.7	26.4	3.8	100.0	241.9	86.0	.0	40.6	
27.8	22.3	5.2	141.3	332.7	68.0	.0	.0	
28.6	19.1	10.4	202.5	291.4	70.0	.0	17.8	
30.6	18.7	13.7	221.3	247.9	69.0	.0	.0	
33.1	18.4	9.4	150.0	295.1	75.0	2.0	.0	
23.2	16.4	10.1	161.3	191.3	93.0	.0	10.2	
11.4	-.4	4.2	82.5	360.9	18.0	.0	.0	
11.8	.5	2.0	41.3	415.7	10.0	.0	.0	
16.0	7.4	2.0	25.0	331.1	42.0	.0	.0	
25.5	13.1	5.5	70.0	199.4	60.0	.0	.0	
27.3	14.1	3.9	72.5	390.3	24.0	.0	.0	
31.4	17.8	4.3	93.8	341.0	57.0	.0	.0	
32.9	19.8	3.2	48.8	302.3	48.0	.0	.0	
34.4	21.2	5.6	111.3	210.7	50.0	.0	.0	
40.8	23.6	6.2	108.8	298.8	80.0	.0	.0	
   3    31    1976
43.6	30.5	16.3	228.8	285.5	89.0	.0	.0	
31.7	27.9	12.0	202.5	198.9	98.0	.0	50.8	
22.6	16.5	4.8	168.8	256.5	80.0	.0	61.0	
21.4	14.1	8.9	127.5	231.5	98.0	.0	43.2	
16.2	6.7	4.8	90.0	428.6	46.0	.0	5.1	
13.1	2.8	2.0	62.5	474.5	2.0	.0	.0	
21.6	11.6	4.6	113.8	439.8	14.0	.0	.0	
27.6	15.2	3.7	73.8	459.1	12.0	.0	.0	
29.0	15.2	3.2	43.8	482.2	2.0	.0	.0	
31.8	16.9	2.0	45.0	491.8	9.0	.0	.0	
33.1	22.1	12.1	152.5	207.7	86.0	1.0	.0	
24.7	13.3	8.5	195.0	285.5	63.0	.0	.0	
24.8	13.4	5.2	93.8	394.7	43.0	.0	.0	
34.3	21.1	7.2	120.0	322.9	87.0	.0	.0	
29.9	21.8	4.1	87.5	253.0	52.0	.0	.0	
32.8	13.7	10.1	122.5	440.3	47.0	.0	.0	
36.4	21.6	5.9	113.8	278.7	75.0	.0	.0	
42.6	23.4	4.9	100.0	473.7	41.0	.0	.0	
33.8	18.6	12.8	218.8	238.9	68.0	7.0	.0	
25.7	12.6	10.4	183.8	389.7	47.0	.0	.0	
32.2	12.4	10.8	160.0	411.5	47.0	.0	.0	
34.7	16.0	6.5	95.0	501.2	13.0	.0	.0	
40.0	16.6	12.9	131.3	407.6	44.0	.0	.0	
42.7	23.1	9.8	137.5	474.2	43.0	.0	.0	
40.5	22.0	12.9	197.5	263.7	65.0	6.0	.0	
27.1	14.6	6.9	110.0	496.4	42.0	.0	.0	
34.6	16.9	8.4	98.8	422.1	63.0	.0	.0	
34.1	21.4	11.5	213.8	338.0	95.0	.0	.0	
30.4	19.5	6.1	167.5	425.2	76.0	.0	.0	
29.3	12.8	4.3	93.8	434.2	45.0	.0	.0	
36.4	17.1	2.3	86.3	581.8	2.0	.0	.0	
   4    30    1976
43.4	15.5	8.4	143.8	461.5	37.0	.0	.0	
45.0	14.8	10.6	151.3	597.4	2.0	.0	.0	
40.9	15.0	3.7	87.5	591.8	2.0	.0	.0	
41.1	23.9	3.3	50.0	441.2	60.0	.0	.0	
40.4	28.7	12.4	116.3	360.7	69.0	.0	.0	
38.3	23.5	10.5	225.0	436.1	88.0	.0	.0	
39.9	29.6	6.7	125.0	273.2	87.0	.0	.0	
42.5	20.8	4.6	146.3	539.3	27.0	.0	.0	
43.6	20.8	11.4	123.8	567.9	10.0	.0	.0	
43.8	15.1	5.5	82.5	617.2	25.0	.0	.0	
46.3	15.0	5.9	97.5	588.6	15.0	.0	.0	
43.0	29.0	9.2	110.0	362.4	60.0	.0	.0	
41.3	35.9	5.1	171.3	298.9	98.0	.0	.0	
43.3	30.5	9.2	163.8	406.4	77.0	.0	.0	
40.5	29.0	7.8	110.0	471.0	60.0	.0	.0	
39.7	25.3	9.2	145.0	453.8	88.0	.0	.0	
41.3	29.1	4.9	168.8	276.8	96.0	.0	.0	
40.8	27.9	7.5	138.8	332.6	90.0	.0	.0	
39.0	29.9	6.8	110.0	370.1	88.0	.0	.0	
42.0	22.8	7.4	131.3	531.8	49.0	.0	.0	
45.9	20.0	7.4	120.0	476.9	50.0	10.0	.0	
46.4	22.5	8.8	142.5	410.7	76.0	.0	.0	
41.7	31.8	7.4	153.8	272.6	76.0	.0	.0	
41.0	19.4	6.4	148.8	588.6	28.0	.0	.0	
47.3	20.9	8.1	120.0	398.6	75.0	.0	.0	
44.9	18.3	14.1	193.8	462.8	80.0	.0	.0	
43.4	15.4	6.8	106.3	573.0	49.0	.0	.0	
49.4	18.4	7.7	141.3	617.9	42.0	.0	.0	
47.9	21.6	7.7	113.8	560.4	75.0	.0	.0	
45.0	23.4	6.6	108.8	500.8	51.0	.0	.0	
   5    31    1976
44.0	19.0	3.0	63.8	692.7	4.0	.0	.0	
47.7	21.2	5.8	86.3	624.3	48.0	.0	.0	
51.2	22.3	5.2	105.0	459.1	70.0	.0	.0	
53.6	35.9	6.8	167.5	472.9	79.0	.0	.0	
49.7	31.4	6.0	96.3	420.5	64.0	.0	.0	
47.7	35.9	3.9	107.5	383.2	90.0	.0	.0	
49.8	37.8	6.7	108.8	430.5	78.0	.0	.0	
48.2	34.6	7.9	148.8	498.3	92.0	.0	.0	
51.3	36.4	6.7	116.3	399.8	77.0	.0	.0	
53.2	31.8	5.9	96.3	553.3	53.0	.0	.0	
49.2	36.1	6.9	108.8	368.3	63.0	.0	.0	
44.2	25.0	6.9	173.8	503.9	40.0	.0	.0	
49.2	21.5	6.7	183.8	648.0	20.0	.0	.0	
56.8	27.1	2.7	98.8	688.4	5.0	.0	.0	
52.9	28.2	8.6	162.5	621.1	22.0	.0	.0	
50.4	23.1	6.5	177.5	744.9	2.0	.0	.0	
55.0	26.1	3.8	103.8	713.5	5.0	.0	.0	
59.0	30.4	6.1	101.3	588.9	75.0	.0	.0	
57.8	36.4	5.8	127.5	494.0	65.0	.0	.0	
55.4	42.9	7.2	157.5	486.6	81.0	.0	.0	
51.9	46.0	5.4	107.5	347.6	93.0	.0	.0	
48.4	40.1	8.1	163.8	438.9	84.0	.0	.0	
50.5	38.4	9.1	150.0	344.9	75.0	.0	.0	
52.0	37.0	8.2	155.0	585.7	77.0	.0	.0	
48.0	37.5	4.1	67.5	470.0	67.0	.0	.0	
53.0	34.2	2.6	65.0	644.8	36.0	.0	.0	
54.9	29.0	5.5	125.0	679.3	10.0	.0	.0	
56.3	29.4	7.9	160.0	541.8	36.0	.0	.0	
59.6	25.9	6.1	200.0	625.2	47.0	.0	.0	
53.9	33.6	7.5	133.8	500.7	74.0	.0	.0	
54.5	30.6	2.6	53.8	611.4	44.0	.0	.0	
   6    30    1976
60.1	27.9	4.6	97.5	625.9	27.0	.0	.0	
58.7	31.5	5.5	75.0	512.4	42.0	.0	.0	
61.3	29.0	6.1	83.8	598.1	50.0	.0	.0	
59.9	28.6	6.7	150.0	579.9	55.0	.0	.0	
61.5	30.0	7.1	121.3	662.1	27.0	.0	.0	
57.8	35.9	5.9	81.3	405.2	66.0	.0	.0	
61.0	34.1	8.9	158.8	664.9	35.0	.0	.0	
63.7	36.6	7.1	198.8	616.4	50.0	.0	.0	
65.4	29.9	9.4	140.0	661.7	22.0	.0	.0	
65.0	24.6	6.8	111.3	647.5	25.0	.0	.0	
56.7	25.5	18.6	188.8	672.6	37.0	.0	.0	
53.0	33.5	8.9	187.5	547.0	75.0	3.0	.0	
56.6	28.5	11.8	180.0	478.4	71.0	.0	.0	
43.6	27.1	9.2	177.5	513.6	80.0	9.0	.0	
54.6	29.5	7.5	145.0	683.5	48.0	.0	.0	
57.2	24.2	8.4	118.8	450.9	87.0	.0	.0	
51.3	40.1	3.9	130.0	315.7	93.0	5.0	.0	
49.7	34.9	7.7	142.5	535.2	48.0	.0	.0	
57.6	30.1	5.3	87.5	754.6	2.0	.0	.0	
65.2	29.8	6.9	138.8	639.3	50.0	.0	.0	
68.4	31.3	7.3	91.3	702.7	17.0	.0	.0	
59.4	43.1	8.9	172.5	420.1	72.0	22.0	.0	
56.0	38.1	7.2	76.3	575.0	82.0	8.0	.0	
53.3	28.6	8.5	130.0	685.7	20.0	.0	.0	
58.2	27.0	9.8	136.3	689.5	25.0	.0	.0	
61.9	28.6	9.4	172.5	609.9	35.0	.0	.0	
62.7	26.4	5.2	100.0	740.9	6.0	.0	.0	
66.5	26.4	6.6	123.8	681.2	16.0	.0	.0	
65.0	29.1	5.2	121.3	500.3	43.0	.0	.0	
62.0	39.2	6.5	112.5	621.1	30.0	.0	.0	
   7    31    1976
63.6	46.5	7.5	107.5	596.3	42.0	4.0	.0	
66.4	41.2	5.5	96.3	557.8	36.0	.0	.0	
64.5	31.5	4.1	90.0	712.3	9.0	.0	.0	
66.7	27.9	7.0	170.0	651.2	15.0	.0	.0	
67.5	28.9	4.9	130.0	608.7	37.0	.0	.0	
69.7	32.7	5.3	107.5	613.6	48.0	.0	.0	
69.5	38.3	6.4	165.0	504.4	69.0	.0	.0	
68.6	39.6	4.3	78.8	564.5	38.0	.0	.0	
69.4	42.2	8.1	118.8	554.3	43.0	.0	.0	
67.2	45.6	4.3	48.8	577.9	49.0	16.0	.0	
72.4	43.2	4.3	132.5	688.5	35.0	.0	.0	
70.3	47.1	6.5	128.8	614.8	42.0	.0	.0	
66.2	47.8	5.1	126.3	479.3	70.0	.0	.0	
66.9	36.9	4.2	63.8	644.2	30.0	.0	.0	
66.7	31.3	4.8	128.8	604.4	30.0	.0	.0	
68.7	34.2	4.2	65.0	582.0	23.0	.0	.0	
71.1	38.3	6.0	140.0	626.9	48.0	.0	.0	
69.4	49.5	7.5	118.8	495.8	86.0	97.0	.0	
61.4	54.6	2.0	23.8	300.2	90.0	5.0	.0	
63.9	48.8	4.5	95.0	586.3	47.0	.0	.0	
66.2	46.0	5.4	132.5	551.6	36.0	.0	.0	
66.5	39.1	3.8	105.0	637.0	13.0	.0	.0	
66.8	39.2	6.9	70.0	564.5	26.0	.0	.0	
67.0	41.0	2.9	82.5	576.2	40.0	.0	.0	
66.3	47.7	9.5	106.3	404.2	85.0	3.0	.0	
64.1	49.9	5.9	82.5	425.9	79.0	.0	.0	
66.4	41.5	4.2	100.0	594.2	35.0	.0	.0	
67.7	38.5	5.5	90.0	559.8	29.0	.0	.0	
70.2	39.6	5.8	143.8	576.1	38.0	.0	.0	
69.0	45.6	6.9	68.8	598.7	56.0	2.0	.0	
70.2	50.5	5.3	161.3	568.2	66.0	1.0	.0	
   8    31    1976
63.5	52.5	5.2	97.5	393.1	93.0	5.0	.0	
61.0	49.1	3.5	55.0	299.5	90.0	.0	.0	
60.7	45.3	2.9	73.8	568.7	42.0	2.0	.0	
64.8	35.4	7.4	132.5	637.9	27.0	.0	.0	
63.1	27.1	5.1	156.3	693.8	7.0	.0	.0	
63.4	23.1	6.2	118.8	716.3	2.0	.0	.0	
58.4	37.0	8.5	132.5	443.5	55.0	.0	.0	
59.3	46.6	4.5	92.5	567.8	79.0	.0	.0	
61.1	43.0	6.5	126.3	537.4	47.0	.0	.0	
59.6	37.0	5.7	72.5	482.1	45.0	.0	.0	
58.4	44.0	4.8	121.3	332.1	88.0	.0	.0	
60.8	38.5	5.4	130.0	638.2	19.0	.0	.0	
55.9	38.6	3.8	163.8	389.9	47.0	.0	.0	
60.3	32.2	3.8	123.8	640.3	14.0	.0	.0	
61.8	30.5	8.4	148.8	525.1	40.0	.0	.0	
65.0	34.2	10.1	142.5	563.9	44.0	.0	.0	
65.4	41.8	7.5	155.0	364.8	90.0	.0	.0	
64.3	49.1	5.1	90.0	514.5	70.0	.0	.0	
62.6	45.1	5.3	75.0	467.1	61.0	.0	.0	
61.9	45.0	3.2	26.3	414.0	40.0	.0	.0	
65.4	40.5	3.4	81.3	506.5	24.0	.0	.0	
66.6	40.4	5.9	136.3	536.5	33.0	.0	.0	
67.9	45.6	8.2	167.5	427.8	66.0	.0	.0	
66.3	38.1	5.6	118.8	562.9	10.0	.0	.0	
64.5	34.7	2.9	47.5	560.3	14.0	.0	.0	
62.1	40.2	8.6	125.0	412.1	45.0	15.0	.0	
60.2	42.6	4.2	85.0	568.7	33.0	.0	.0	
60.5	32.7	3.6	82.5	616.6	5.0	.0	.0	
63.0	36.5	4.6	61.3	514.6	37.0	.0	.0	
61.4	35.8	6.7	102.5	438.0	45.0	.0	.0	
59.6	33.5	6.9	107.5	493.8	21.0	.0	.0	
   9    30    1976
57.1	30.4	2.0	28.8	587.2	5.0	.0	.0	
60.1	30.3	5.6	81.3	613.6	2.0	.0	.0	
62.0	29.0	3.7	60.0	606.9	2.0	.0	.0	
62.1	23.0	5.4	165.0	534.2	14.0	.0	.0	
65.4	32.1	4.3	100.0	535.5	25.0	.0	.0	
59.9	40.9	5.2	100.0	308.8	80.0	.0	.0	
56.3	48.5	6.5	128.8	232.7	88.0	.0	.0	
56.8	39.4	6.2	183.8	447.6	45.0	.0	.0	
55.9	30.9	2.0	38.8	491.3	69.0	.0	.0	
58.4	40.8	5.3	96.3	347.5	92.0	.0	.0	
61.2	46.6	6.6	148.8	406.8	65.0	.0	.0	
55.1	48.0	5.6	117.5	246.2	81.0	.0	.0	
57.6	41.7	4.1	93.8	493.7	40.0	.0	.0	
55.0	44.6	2.5	57.5	339.4	55.0	.0	.0	
49.5	45.7	2.5	81.3	242.5	74.0	.0	.0	
55.1	42.9	4.1	85.0	415.5	54.0	.0	.0	
56.7	42.5	5.2	113.8	400.7	48.0	.0	.0	
55.9	36.9	4.6	76.3	499.3	15.0	.0	.0	
57.4	33.2	3.7	103.8	434.3	40.0	.0	.0	
55.6	35.0	2.2	50.0	451.8	15.0	.0	.0	
57.5	32.5	6.4	121.3	465.2	35.0	.0	.0	
51.5	44.8	7.0	115.0	232.3	78.0	.0	.0	
51.8	38.5	2.0	31.3	351.1	63.0	.0	.0	
47.4	44.4	2.0	16.3	190.6	90.0	.0	.0	
52.2	44.4	2.3	40.0	242.3	98.0	.0	.0	
47.9	43.6	2.0	7.1	194.1	97.0	.0	.0	
47.3	38.1	3.2	56.3	339.3	57.0	.0	.0	
44.6	29.4	2.6	48.8	477.4	7.0	.0	.0	
47.2	29.1	2.0	31.3	486.3	2.0	.0	.0	
49.9	27.4	3.2	82.5	485.1	2.0	.0	.0	
  10    31    1976
51.6	34.6	2.0	48.8	324.3	60.0	.0	.0	
56.3	37.4	9.4	168.8	294.6	85.0	10.0	.0	
48.7	40.0	8.8	178.8	256.0	91.0	.0	.0	
47.1	35.4	2.0	12.5	336.7	59.0	.0	.0	
47.4	28.0	7.2	112.5	350.0	62.0	.0	.0	
44.5	27.5	8.9	187.5	333.9	61.0	.0	.0	
36.1	16.4	4.0	76.3	460.6	2.0	.0	.0	
40.3	18.2	2.0	26.3	450.8	2.0	.0	.0	
44.7	22.4	2.0	37.5	440.6	2.0	.0	.0	
47.2	20.4	3.9	50.0	433.0	13.0	.0	.0	
43.5	20.0	3.2	73.8	249.0	55.0	.0	.0	
45.1	22.8	4.2	152.5	432.0	2.0	.0	.0	
45.8	20.5	3.7	46.3	430.1	2.0	.0	.0	
44.4	20.0	2.6	58.8	424.3	2.0	.0	.0	
43.1	16.0	3.5	76.3	402.8	13.0	.0	.0	
41.9	15.8	2.0	66.3	402.1	2.0	.0	.0	
43.7	15.6	7.1	88.8	291.4	64.0	.0	.0	
31.3	11.0	5.0	87.5	282.4	33.0	.0	.0	
29.6	11.2	2.7	41.3	362.1	14.0	.0	.0	
31.1	9.0	4.6	115.0	401.4	2.0	.0	.0	
34.5	9.5	2.9	47.5	353.5	54.0	.0	.0	
38.9	11.4	5.1	105.0	315.4	57.0	.0	.0	
38.6	20.0	4.6	80.0	302.3	17.0	.0	.0	
36.1	17.5	6.5	125.0	246.5	35.0	.0	.0	
34.2	17.5	7.9	88.8	301.3	53.0	.0	.0	
35.3	21.5	4.1	151.3	155.7	90.0	.0	.0	
29.8	13.8	2.0	70.0	367.6	2.0	.0	.0	
27.8	9.4	2.0	20.0	365.2	2.0	.0	.0	
29.0	11.5	2.0	26.3	343.1	2.0	.0	.0	
33.5	13.7	2.0	.0	303.6	41.0	.0	.0	
35.7	15.3	5.6	62.5	353.0	2.0	.0	.0	
  11    30    1976
34.8	17.6	2.0	11.3	345.4	6.0	.0	.0	
39.5	15.9	2.0	40.0	266.4	47.0	.0	.0	
39.9	24.6	2.0	11.3	230.1	60.0	.0	.0	
35.0	19.5	3.0	76.3	298.2	36.0	.0	.0	
36.3	16.2	2.0	40.0	317.7	20.0	.0	.0	
34.6	15.6	2.0	.0	226.0	48.0	.0	.0	
37.2	14.5	4.8	71.3	304.5	13.0	.0	.0	
36.2	15.1	5.1	86.3	268.8	14.0	.0	.0	
33.5	12.0	4.6	82.5	232.6	53.0	.0	.0	
34.6	13.6	4.1	101.3	190.4	60.0	.0	.0	
31.1	13.3	3.9	88.8	293.9	10.0	.0	.0	
26.9	10.9	2.9	50.0	229.7	67.0	.0	.0	
33.5	21.5	6.5	97.5	116.8	91.0	.0	.0	
31.8	26.8	5.5	132.5	142.0	78.0	.0	.0	
31.1	21.6	5.9	127.5	230.3	69.0	.0	.0	
28.9	21.4	2.6	62.5	196.0	50.0	.0	7.6	
26.8	16.2	2.0	50.0	285.5	2.0	.0	.0	
27.9	18.3	3.5	86.3	170.7	35.0	.0	.0	
31.0	18.0	2.5	72.5	276.2	2.0	.0	.0	
30.9	16.1	7.0	101.3	233.2	51.0	.0	.0	
26.2	9.9	2.6	55.0	279.5	2.0	.0	.0	
27.8	9.3	4.9	97.5	214.0	19.0	.0	.0	
27.3	10.0	3.0	61.3	247.8	14.0	.0	.0	
25.6	6.4	3.9	45.0	266.2	3.0	.0	.0	
29.2	10.4	9.1	165.0	179.0	63.0	.0	.0	
22.7	16.2	5.5	77.5	135.2	96.0	.0	22.9	
6.1	-4.5	3.3	50.0	189.1	56.0	.0	12.7	
.6	-9.8	2.2	36.3	243.1	42.0	.0	.0	
16.8	7.5	5.5	122.5	182.3	70.0	.0	.0	
26.9	15.2	5.1	142.5	157.4	81.0	.0	.0	
  12    31    1976
21.0	8.6	2.3	27.5	255.5	11.0	.0	.0	
16.1	7.4	3.0	61.3	241.9	15.0	.0	.0	
16.8	9.3	2.0	31.3	136.5	33.0	.0	.0	
20.5	11.4	2.0	35.0	156.2	69.0	.0	.0	
28.4	20.7	7.2	208.8	140.6	96.0	.0	17.8	
17.4	6.9	3.7	76.3	213.0	52.0	.0	.0	
26.7	16.9	5.2	96.3	131.6	98.0	.0	.0	
32.3	20.5	2.0	21.3	212.0	29.0	.0	.0	
28.1	13.0	4.2	72.5	209.1	43.0	.0	.0	
26.6	17.0	4.6	95.0	214.0	43.0	.0	.0	
15.9	7.5	3.0	32.5	235.3	2.0	.0	.0	
16.0	6.6	2.2	47.5	234.9	2.0	.0	.0	
15.7	4.6	2.3	30.0	229.6	2.0	.0	.0	
16.4	4.5	2.0	.0	235.2	4.0	.0	.0	
16.1	4.1	2.7	41.3	233.4	4.0	.0	.0	
13.1	2.6	3.2	71.3	162.4	51.0	.0	.0	
15.4	2.5	4.9	101.3	227.3	2.0	.0	.0	
13.7	2.6	2.0	11.3	223.4	5.0	.0	.0	
14.0	.9	3.9	80.0	239.6	2.0	.0	.0	
8.8	-8.0	2.2	50.0	226.7	2.0	.0	.0	
8.0	-6.1	2.0	23.8	242.2	2.0	.0	.0	
10.5	-3.8	2.2	31.3	203.1	26.0	.0	.0	
15.0	1.2	4.2	117.5	178.8	71.0	.0	.0	
24.1	14.9	7.8	116.3	97.6	85.0	.0	.0	
12.5	.6	5.3	72.5	173.8	20.0	.0	.0	
21.5	7.7	6.2	93.8	229.7	26.0	.0	.0	
25.8	12.0	11.4	193.8	178.7	46.0	.0	.0	
21.5	9.3	7.5	111.3	239.2	8.0	.0	.0	
16.6	3.5	6.2	95.0	217.2	24.0	.0	.0	
21.0	5.5	7.2	105.0	110.5	84.0	.0	.0	
18.4	9.9	3.5	80.0	113.4	75.0	.0	.0	
