   1    31    1968
15.1	9.3	3.0	93.8	172.5	89.0	.0	.0	
15.7	12.7	6.0	175.0	134.0	95.0	.0	12.7	
13.3	12.4	4.8	77.5	147.1	84.0	.0	.0	
8.7	4.1	5.3	151.3	253.6	16.0	.0	.0	
-1.4	-6.1	3.2	85.0	249.0	20.0	.0	.0	
-1.3	-6.4	4.1	205.0	252.8	4.0	.0	.0	
-2.8	-8.9	4.6	83.8	253.5	8.0	.0	.0	
-.3	-6.6	4.2	160.0	262.6	44.0	.0	.0	
8.2	1.4	5.9	190.0	221.9	53.0	.0	.0	
9.9	5.7	4.9	153.8	132.2	91.0	.0	.0	
14.9	11.3	7.1	141.3	185.0	60.0	.0	27.9	
6.4	-3.1	6.9	165.0	256.5	2.0	.0	.0	
3.0	-4.1	5.8	158.8	277.0	12.0	.0	.0	
3.1	-3.5	5.2	168.8	260.9	22.0	.0	.0	
6.4	1.4	2.9	95.0	239.2	63.0	.0	.0	
10.6	5.0	4.9	148.8	231.5	72.0	.0	.0	
13.6	9.5	5.5	203.8	271.1	26.0	.0	.0	
13.2	5.9	7.5	122.5	275.1	55.0	.0	.0	
14.0	6.1	7.0	170.0	257.5	48.0	.0	.0	
15.0	8.9	4.6	153.8	283.6	8.0	.0	.0	
18.3	11.6	5.8	160.0	290.4	2.0	.0	.0	
21.4	15.0	6.6	180.0	266.5	15.0	.0	.0	
22.5	16.5	5.7	157.5	273.3	56.0	.0	.0	
19.8	15.8	5.0	175.0	275.1	23.0	.0	.0	
16.7	12.7	4.1	180.0	281.4	15.0	.0	.0	
23.9	18.0	5.8	130.0	224.1	75.0	.0	.0	
38.2	28.5	13.1	143.8	135.3	93.0	.0	.0	
35.6	29.4	10.8	208.8	197.3	90.0	10.0	.0	
31.9	26.3	6.1	167.5	281.2	45.0	.0	.0	
31.8	22.4	8.2	215.0	258.4	70.0	.0	.0	
36.0	28.1	8.4	206.3	199.4	76.0	.0	.0	
   2    29    1968
27.9	14.7	6.5	155.0	316.5	2.0	.0	.0	
25.2	15.1	5.1	113.8	157.4	53.0	.0	.0	
28.6	21.1	3.2	92.5	283.5	60.0	.0	.0	
31.4	23.2	5.2	175.0	324.7	18.0	.0	.0	
32.0	21.5	7.1	183.8	305.3	41.0	.0	.0	
32.7	22.4	6.8	177.5	310.0	76.0	.0	.0	
33.0	22.5	6.5	227.5	301.9	60.0	.0	.0	
34.4	23.9	4.4	192.5	275.0	94.0	.0	.0	
36.6	26.3	5.2	142.5	312.5	79.0	.0	.0	
35.8	23.5	6.9	212.5	313.1	70.0	.0	.0	
32.8	23.5	5.3	221.3	183.5	74.0	3.0	.0	
34.4	30.9	4.2	148.8	223.5	98.0	3.0	.0	
38.2	31.0	8.4	150.0	189.0	98.0	.0	.0	
35.6	32.8	5.2	222.5	146.3	98.0	18.0	.0	
34.6	31.2	3.9	180.0	169.0	98.0	3.0	.0	
35.3	28.5	5.2	193.8	174.8	79.0	.0	.0	
36.9	28.6	5.8	138.8	190.2	98.0	9.0	.0	
36.4	33.2	5.3	187.5	208.8	75.0	11.0	.0	
38.6	32.5	5.2	210.0	303.6	73.0	.0	.0	
37.8	34.5	4.9	197.5	160.2	93.0	23.0	.0	
37.4	34.9	4.9	138.8	176.4	98.0	43.0	.0	
39.6	32.8	7.2	213.8	334.6	85.0	.0	.0	
41.3	33.2	4.8	196.3	174.1	85.0	.0	.0	
41.9	34.7	6.6	215.0	363.3	40.0	.0	.0	
42.6	29.8	5.0	173.8	393.4	28.0	.0	.0	
42.4	24.5	6.5	146.3	376.8	60.0	.0	.0	
40.3	28.5	7.3	215.0	205.2	70.0	.0	.0	
37.5	24.2	4.8	128.8	237.8	68.0	.0	.0	
42.3	28.5	5.6	236.3	418.3	34.0	.0	.0	
   3    31    1968
42.0	25.7	6.4	126.3	445.7	2.0	.0	.0	
44.0	23.3	8.1	171.3	452.7	2.0	.0	.0	
41.1	16.5	6.9	163.8	452.5	2.0	.0	.0	
41.7	18.5	7.9	146.3	453.0	11.0	.0	.0	
42.2	18.4	7.3	150.0	468.2	4.0	.0	.0	
46.5	19.9	8.3	165.0	441.0	50.0	.0	.0	
40.0	35.1	6.9	188.8	207.0	90.0	23.0	.0	
41.4	34.3	8.2	197.5	264.5	91.0	1.0	.0	
39.9	30.9	7.4	230.0	355.4	72.0	12.0	.0	
38.3	24.2	8.7	136.3	375.2	90.0	.0	.0	
36.5	18.4	7.1	212.5	423.8	38.0	.0	.0	
37.1	16.5	7.3	148.8	478.3	34.0	.0	.0	
43.6	24.2	10.7	206.3	306.4	90.0	.0	.0	
40.0	28.8	8.9	186.3	404.6	75.0	5.0	.0	
40.9	23.0	7.2	146.3	473.4	8.0	.0	.0	
45.1	22.4	12.1	138.8	283.4	81.0	.0	.0	
44.8	24.4	12.2	188.8	325.6	78.0	3.0	.0	
38.5	18.7	7.9	240.0	396.5	55.0	.0	.0	
38.4	17.3	10.7	72.5	418.3	41.0	.0	.0	
37.4	11.8	11.7	103.8	518.2	22.0	.0	.0	
34.7	11.0	5.5	196.3	505.0	12.0	.0	.0	
41.4	16.5	6.2	175.0	517.6	43.0	.0	.0	
46.3	16.4	8.2	157.5	439.9	57.0	.0	.0	
47.0	18.2	5.8	193.8	531.9	18.0	.0	.0	
52.0	20.1	7.4	145.0	495.2	42.0	.0	.0	
47.0	16.5	9.5	187.5	421.5	35.0	.0	.0	
42.9	10.6	6.5	152.5	557.8	2.0	.0	.0	
48.4	12.5	7.8	170.0	579.5	2.0	.0	.0	
54.0	20.6	7.9	206.3	579.6	2.0	.0	.0	
55.4	23.2	10.4	171.3	501.1	28.0	.0	.0	
55.3	23.5	7.4	140.0	576.4	40.0	.0	.0	
   4    30    1968
52.9	34.4	10.8	161.3	323.4	78.0	3.0	.0	
44.8	27.3	12.6	183.8	377.7	66.0	.0	.0	
34.8	19.6	10.8	225.0	393.0	87.0	6.0	.0	
37.7	17.4	6.3	153.8	517.8	55.0	.0	.0	
45.6	23.5	13.4	166.3	387.3	66.0	.0	.0	
39.5	33.2	9.5	256.3	237.7	97.0	25.0	.0	
35.4	22.5	8.5	127.5	353.7	68.0	.0	.0	
37.0	20.8	6.8	243.8	562.8	45.0	.0	.0	
40.6	16.8	8.8	173.8	630.0	2.0	.0	.0	
47.9	16.3	9.6	182.5	622.1	2.0	.0	.0	
53.7	18.2	11.0	162.5	604.4	6.0	.0	.0	
58.6	23.9	9.4	191.3	497.0	80.0	.0	.0	
51.2	18.9	14.4	170.0	569.8	50.0	1.0	.0	
45.3	8.4	8.2	175.0	657.3	2.0	.0	.0	
53.1	18.0	12.8	165.0	540.0	32.0	.0	.0	
54.6	27.5	13.4	241.3	386.0	92.0	10.0	.0	
47.9	36.3	12.4	211.3	440.6	75.0	4.0	.0	
42.3	35.2	8.6	86.3	411.2	74.0	6.0	.0	
39.5	31.8	8.6	168.8	287.0	78.0	2.0	.0	
45.4	30.2	10.5	222.5	306.2	90.0	.0	.0	
44.5	28.5	9.7	215.0	476.7	95.0	4.0	.0	
39.4	26.1	10.7	151.3	304.4	93.0	1.0	.0	
41.7	17.8	7.4	232.5	673.8	8.0	.0	.0	
46.9	19.8	9.5	155.0	409.3	75.0	.0	.0	
49.3	23.2	11.5	266.3	496.4	81.0	.0	.0	
45.8	27.3	9.0	137.5	408.0	88.0	1.0	.0	
41.9	31.3	10.4	166.3	369.6	77.0	4.0	.0	
47.6	25.0	8.2	186.3	672.9	2.0	.0	.0	
54.1	20.1	10.4	161.3	692.6	30.0	.0	.0	
59.0	19.0	10.8	180.0	715.7	2.0	.0	.0	
   5    31    1968
62.1	20.4	9.1	188.8	668.4	47.0	.0	.0	
65.3	25.0	10.0	123.8	607.1	53.0	.0	.0	
63.1	24.6	9.5	238.8	672.9	40.0	.0	.0	
61.0	29.3	12.1	188.8	624.1	55.0	1.0	.0	
54.4	41.4	10.5	155.0	319.8	95.0	29.0	.0	
42.3	34.2	13.6	185.0	378.0	78.0	1.0	.0	
44.0	23.2	6.9	136.3	731.0	13.0	.0	.0	
56.9	20.6	9.3	200.0	654.1	89.0	.0	.0	
58.1	31.0	12.5	151.3	450.8	90.0	.0	.0	
53.9	39.5	10.1	150.0	497.7	80.0	56.0	.0	
55.6	39.0	11.1	152.5	622.3	69.0	.0	.0	
51.9	43.0	11.5	200.0	318.7	98.0	17.0	.0	
47.4	37.8	9.0	106.3	334.4	81.0	6.0	.0	
54.5	29.3	14.9	251.3	559.0	58.0	.0	.0	
51.9	27.0	8.2	202.5	704.5	26.0	.0	.0	
50.8	29.0	9.5	93.8	527.2	49.0	.0	.0	
52.2	27.1	6.3	163.8	692.1	9.0	.0	.0	
57.4	27.0	8.1	111.3	611.1	25.0	.0	.0	
60.9	26.0	9.1	175.0	719.7	18.0	.0	.0	
70.3	30.0	11.5	173.8	595.5	90.0	.0	.0	
73.8	27.5	13.8	206.3	663.2	33.0	.0	.0	
66.3	29.3	11.4	267.5	562.8	95.0	.0	.0	
58.2	30.7	10.1	196.3	593.2	65.0	.0	.0	
54.1	34.8	10.4	130.0	461.5	77.0	4.0	.0	
57.6	33.4	8.5	203.8	561.7	81.0	.0	.0	
62.1	30.5	7.8	203.8	711.7	77.0	.0	.0	
64.9	31.8	8.8	208.8	721.5	16.0	.0	.0	
68.9	32.0	9.2	178.8	757.1	6.0	.0	.0	
72.9	31.4	10.2	152.5	688.1	54.0	.0	.0	
72.5	34.5	12.1	108.8	530.8	63.0	.0	.0	
69.3	35.5	7.9	261.3	716.5	19.0	.0	.0	
   6    30    1968
70.3	28.1	7.2	211.3	738.7	14.0	.0	.0	
73.3	34.1	9.0	196.3	732.4	16.0	.0	.0	
75.7	36.5	10.7	151.3	569.9	78.0	.0	.0	
76.3	33.6	10.7	168.8	568.6	59.0	.0	.0	
76.6	33.9	11.7	173.8	629.9	72.0	.0	.0	
73.0	30.5	11.9	208.8	558.9	85.0	.0	.0	
67.5	28.5	11.4	196.3	655.6	80.0	.0	.0	
57.3	37.1	10.2	198.8	359.3	83.0	2.0	.0	
56.8	35.8	9.7	155.0	497.7	67.0	.0	.0	
59.4	36.5	9.2	173.8	644.1	50.0	.0	.0	
65.8	33.7	7.6	230.0	763.9	2.0	.0	.0	
72.6	31.6	7.9	171.3	747.5	6.0	.0	.0	
74.4	24.1	8.9	190.0	700.0	30.0	.0	.0	
72.7	28.3	7.5	256.3	695.4	74.0	.0	.0	
75.9	29.9	7.8	215.0	695.2	25.0	.0	.0	
74.7	28.3	8.1	280.0	764.1	2.0	.0	.0	
76.1	30.0	8.6	172.5	726.4	31.0	.0	.0	
78.3	35.1	9.1	203.8	641.0	57.0	.0	.0	
82.0	37.6	7.6	142.5	700.0	53.0	.0	.0	
83.9	33.2	8.6	186.3	756.1	11.0	.0	.0	
82.7	28.1	7.2	162.5	780.0	2.0	.0	.0	
81.7	27.6	8.5	216.3	737.0	10.0	.0	.0	
81.6	26.3	7.1	160.0	739.8	21.0	.0	.0	
75.4	38.2	10.3	231.3	670.6	45.0	3.0	.0	
70.7	28.1	7.4	271.3	739.9	24.0	.0	.0	
73.0	32.4	6.5	171.3	731.3	43.0	.0	.0	
80.2	31.5	7.4	196.3	742.7	16.0	.0	.0	
83.8	28.1	7.7	196.3	727.0	19.0	.0	.0	
77.8	26.1	14.0	210.0	746.7	12.0	.0	.0	
59.3	14.5	7.4	218.8	768.9	2.0	.0	.0	
   7    31    1968
70.2	19.7	7.5	233.8	764.8	2.0	.0	.0	
75.2	22.0	6.5	231.3	741.7	2.0	.0	.0	
77.0	29.8	6.8	170.0	725.3	23.0	.0	.0	
75.4	37.7	8.2	130.0	594.3	56.0	.0	.0	
74.6	41.9	6.9	131.3	726.2	25.0	.0	.0	
76.8	39.3	6.8	221.3	690.5	26.0	.0	.0	
74.6	40.0	7.1	215.0	584.7	60.0	.0	.0	
74.4	44.6	9.0	126.3	644.8	63.0	.0	.0	
77.8	45.5	8.3	157.5	687.3	44.0	.0	.0	
79.1	47.0	7.1	192.5	632.0	28.0	.0	.0	
79.9	44.5	7.5	192.5	675.4	30.0	.0	.0	
78.4	46.8	6.7	141.3	561.0	30.0	.0	.0	
81.9	41.5	6.8	196.3	599.5	35.0	.0	.0	
81.7	35.9	6.8	222.5	723.3	13.0	.0	.0	
81.1	35.5	6.2	173.8	650.5	29.0	.0	.0	
80.1	33.0	7.1	186.3	706.3	10.0	.0	.0	
79.7	31.1	6.8	226.3	734.3	3.0	.0	.0	
82.7	34.0	6.0	223.8	719.6	6.0	.0	.0	
82.7	38.0	9.1	163.8	636.3	35.0	.0	.0	
83.0	38.2	8.1	168.8	667.3	29.0	.0	.0	
82.4	42.5	6.9	215.0	689.2	28.0	.0	.0	
79.3	47.8	8.9	205.0	411.9	86.0	1.0	.0	
78.3	51.7	11.1	135.0	618.8	63.0	.0	.0	
77.4	48.8	11.0	147.5	648.9	50.0	.0	.0	
76.9	50.9	8.2	163.8	607.4	73.0	3.0	.0	
73.1	57.9	7.9	165.0	416.9	96.0	.0	.0	
73.6	57.1	12.0	161.3	414.4	91.0	.0	.0	
75.5	54.3	13.0	126.3	509.5	85.0	.0	.0	
79.4	53.1	10.6	181.3	571.4	75.0	.0	.0	
71.9	57.7	12.1	183.8	437.7	89.0	43.0	.0	
67.5	59.5	9.1	177.5	331.2	85.0	2.0	.0	
   8    31    1968
66.0	58.1	10.8	126.3	375.6	80.0	4.0	.0	
65.6	59.1	8.4	313.8	444.2	74.0	13.0	.0	
71.4	53.1	7.9	195.0	632.6	16.0	.0	.0	
76.4	50.3	8.6	218.8	621.2	56.0	.0	.0	
74.4	51.4	11.1	215.0	520.4	76.0	.0	.0	
75.9	53.5	11.4	146.3	534.2	73.0	.0	.0	
74.1	55.6	9.5	198.8	611.7	73.0	41.0	.0	
70.6	59.9	7.4	136.3	507.2	78.0	1.0	.0	
73.1	56.9	11.1	187.5	503.0	78.0	61.0	.0	
71.1	58.6	7.7	170.0	529.6	83.0	2.0	.0	
72.4	55.5	8.1	157.5	536.6	81.0	1.0	.0	
72.5	50.6	6.7	152.5	625.7	60.0	.0	.0	
67.8	53.2	12.4	145.0	369.5	88.0	1.0	.0	
60.7	50.1	14.7	112.5	475.0	60.0	11.0	.0	
63.0	42.6	9.3	193.8	630.1	11.0	.0	.0	
70.4	36.1	14.1	163.8	638.8	33.0	.0	.0	
72.1	35.8	14.6	178.8	556.9	44.0	.0	.0	
67.5	38.6	7.8	166.3	498.6	45.0	.0	.0	
73.9	38.7	12.7	153.8	568.3	63.0	.0	.0	
71.3	42.1	17.0	161.3	378.7	77.0	2.0	.0	
71.4	45.5	15.1	161.3	594.8	26.0	.0	.0	
67.5	42.4	15.9	193.8	506.2	50.0	.0	.0	
58.8	33.0	6.6	156.3	649.4	2.0	.0	.0	
64.5	31.6	10.2	160.0	606.2	25.0	.0	.0	
72.6	36.0	10.4	195.0	583.0	29.0	.0	.0	
73.4	41.5	11.7	165.0	486.1	75.0	.0	.0	
70.5	47.6	8.8	146.3	506.7	63.0	.0	.0	
70.5	47.3	7.8	192.5	583.4	18.0	.0	.0	
70.1	39.5	10.5	292.5	631.5	2.0	.0	.0	
67.6	31.3	9.0	221.3	627.5	2.0	.0	.0	
69.9	32.5	9.6	177.5	623.7	2.0	.0	.0	
   9    30    1968
69.7	31.5	9.3	158.8	602.6	7.0	.0	.0	
69.1	35.5	12.1	141.3	373.5	78.0	.0	.0	
66.0	38.3	14.4	176.3	567.2	33.0	4.0	.0	
60.5	29.3	7.7	168.8	569.1	12.0	.0	.0	
63.6	30.1	8.4	180.0	608.6	3.0	.0	.0	
67.1	28.4	9.2	176.3	596.8	5.0	.0	.0	
70.9	30.2	10.1	210.0	488.3	55.0	.0	.0	
69.5	29.1	6.9	157.5	548.8	35.0	.0	.0	
70.2	28.5	10.1	180.0	575.4	4.0	.0	.0	
71.8	28.0	10.7	177.5	515.2	48.0	.0	.0	
74.0	33.4	10.3	228.8	523.8	59.0	.0	.0	
68.0	46.7	11.5	192.5	433.6	76.0	1.0	.0	
68.1	42.5	10.8	158.8	485.6	50.0	.0	.0	
67.0	44.0	13.0	123.8	385.8	61.0	2.0	.0	
64.1	34.6	13.0	222.5	508.6	20.0	.0	.0	
53.3	24.5	10.4	168.8	476.0	44.0	.0	.0	
54.0	28.5	8.2	198.8	501.8	28.0	.0	.0	
60.2	28.1	10.5	173.8	544.4	2.0	.0	.0	
66.1	28.5	10.3	162.5	520.4	11.0	.0	.0	
68.6	32.0	18.0	173.8	428.4	46.0	.0	.0	
55.4	25.6	11.0	292.5	511.6	30.0	.0	.0	
56.1	25.9	10.8	215.0	489.7	35.0	.0	.0	
55.8	20.6	7.1	228.8	525.9	2.0	.0	.0	
58.0	24.5	8.8	151.3	512.9	2.0	.0	.0	
60.5	21.4	8.9	147.5	523.1	2.0	.0	.0	
62.2	18.1	9.8	168.8	513.5	4.0	.0	.0	
62.7	20.1	8.4	145.0	472.1	33.0	.0	.0	
66.7	24.6	11.2	173.8	356.2	84.0	.0	.0	
61.7	38.8	11.7	191.3	322.2	89.0	.0	.0	
61.2	39.6	12.1	160.0	410.8	64.0	.0	.0	
  10    31    1968
59.8	31.5	10.2	186.3	366.5	59.0	.0	.0	
58.4	26.5	9.6	161.3	361.9	45.0	.0	.0	
63.3	27.9	10.7	193.8	442.7	37.0	.0	.0	
55.8	47.4	10.3	326.3	181.9	98.0	26.0	.0	
55.4	45.3	6.2	215.0	407.0	41.0	.0	.0	
58.1	39.9	10.2	161.3	428.4	50.0	.0	.0	
62.7	36.2	8.6	167.5	318.6	83.0	.0	.0	
48.5	38.9	7.6	145.0	225.3	76.0	28.0	.0	
48.0	37.4	7.2	155.0	419.2	43.0	.0	.0	
51.1	40.2	6.8	157.5	215.4	95.0	.0	.0	
60.3	42.4	8.9	150.0	368.6	79.0	.0	.0	
63.2	38.6	8.9	173.8	339.3	71.0	.0	.0	
63.9	33.3	10.2	167.5	328.4	63.0	.0	.0	
68.4	35.1	16.2	212.5	347.2	52.0	.0	.0	
50.7	38.6	9.8	138.8	229.0	80.0	19.0	.0	
40.3	27.5	8.2	162.5	358.7	35.0	.0	.0	
37.7	22.3	7.0	138.8	394.0	4.0	.0	.0	
40.8	19.8	7.2	168.8	414.9	10.0	.0	.0	
47.0	22.9	7.9	172.5	392.4	15.0	.0	.0	
50.2	24.0	8.9	162.5	343.2	23.0	.0	.0	
50.5	24.0	7.5	228.8	367.0	13.0	.0	.0	
47.7	20.6	7.6	138.8	344.8	38.0	.0	.0	
50.5	21.5	7.9	160.0	356.3	60.0	.0	.0	
53.3	27.3	6.6	206.3	354.8	48.0	.0	.0	
52.5	26.9	9.4	177.5	380.5	2.0	.0	.0	
54.0	25.9	7.0	203.8	306.2	21.0	.0	.0	
51.2	17.8	7.6	163.8	375.4	20.0	.0	.0	
49.9	12.2	7.9	168.8	373.2	36.0	.0	.0	
51.4	16.0	7.9	170.0	366.4	3.0	.0	.0	
58.2	23.7	14.9	168.8	250.8	87.0	.0	.0	
48.3	39.2	9.8	180.0	248.9	63.0	21.0	.0	
  11    30    1968
43.5	37.5	9.4	153.8	177.6	77.0	.0	.0	
43.8	33.1	7.2	137.5	306.3	35.0	.0	.0	
47.2	30.2	12.2	135.0	196.1	91.0	.0	.0	
50.6	31.1	9.9	188.8	285.1	67.0	3.0	.0	
43.8	25.7	7.1	182.5	259.3	67.0	.0	.0	
40.6	26.9	7.5	222.5	250.3	73.0	6.0	.0	
35.1	19.0	6.6	163.8	201.0	70.0	.0	.0	
34.8	17.9	6.5	127.5	216.8	57.0	.0	.0	
41.1	19.0	10.5	192.5	205.9	69.0	.0	.0	
38.4	14.7	10.1	231.3	290.0	34.0	.0	.0	
40.3	11.9	9.4	158.8	280.0	73.0	.0	.0	
42.8	16.3	7.5	180.0	200.8	98.0	.0	.0	
40.2	31.0	6.8	251.3	142.0	98.0	27.0	.0	
36.0	27.6	7.5	213.8	282.1	35.0	2.0	.0	
33.9	28.2	10.5	110.0	127.7	89.0	4.0	.0	
36.4	29.7	7.0	167.5	153.1	80.0	.0	.0	
35.0	21.1	8.3	206.3	225.8	65.0	.0	.0	
34.2	21.7	7.9	106.3	285.5	26.0	.0	.0	
38.5	28.9	6.7	168.8	216.0	45.0	.0	.0	
37.0	26.3	6.2	141.3	281.8	2.0	.0	.0	
36.3	22.8	7.2	193.8	255.4	9.0	.0	.0	
35.9	21.8	7.8	135.0	262.7	23.0	.0	.0	
40.5	24.6	6.2	155.0	263.7	36.0	.0	.0	
35.8	19.0	9.7	203.8	119.2	85.0	.0	.0	
34.8	16.7	11.2	297.5	236.7	33.0	.0	.0	
32.7	12.9	7.5	178.8	273.3	2.0	.0	.0	
28.5	14.4	11.6	237.5	192.2	71.0	.0	.0	
30.3	17.0	8.5	196.3	162.2	63.0	.0	.0	
24.4	9.5	8.4	145.0	264.5	14.0	.0	.0	
22.8	10.0	8.2	157.5	161.0	62.0	.0	.0	
  12    31    1968
23.9	17.2	8.1	253.8	136.9	90.0	.0	5.1	
23.9	16.3	7.3	291.3	225.3	57.0	.0	2.5	
22.4	10.6	7.5	161.3	234.6	69.0	.0	.0	
21.8	10.9	6.2	148.8	251.7	49.0	.0	.0	
21.4	10.4	6.1	151.3	207.0	47.0	.0	.0	
24.3	12.3	7.2	143.8	246.5	53.0	.0	.0	
27.0	11.8	5.5	135.0	224.0	75.0	.0	.0	
26.7	12.5	6.2	176.3	176.3	85.0	.0	.0	
29.1	14.4	5.7	112.5	221.0	59.0	.0	.0	
30.8	15.5	6.4	173.8	205.4	98.0	.0	.0	
36.9	20.4	12.4	255.0	158.5	86.0	.0	.0	
27.3	8.8	8.7	203.8	220.2	35.0	.0	.0	
23.8	4.0	7.4	163.8	233.9	38.0	.0	.0	
24.2	5.7	4.6	128.8	211.5	69.0	.0	.0	
25.4	9.6	5.0	193.8	164.0	58.0	.0	.0	
27.1	14.2	5.6	202.5	140.0	66.0	.0	.0	
27.9	18.2	11.2	332.5	116.9	88.0	.0	2.5	
20.3	3.9	9.4	200.0	241.0	33.0	.0	.0	
22.0	7.9	12.9	165.0	108.2	91.0	.0	.0	
23.5	17.1	9.1	177.5	116.2	91.0	.0	30.5	
16.4	12.5	8.6	230.0	97.5	96.0	.0	33.0	
4.0	-2.5	6.1	121.3	230.5	23.0	.0	.0	
13.6	5.8	4.9	152.5	172.0	75.0	.0	.0	
13.3	7.9	5.3	147.5	113.1	75.0	.0	2.5	
21.7	19.1	8.3	197.5	124.1	97.0	.0	.0	
25.7	24.5	5.9	151.3	129.4	98.0	.0	43.2	
15.8	14.5	7.0	210.0	171.4	86.0	.0	.0	
16.4	13.2	4.0	120.0	142.5	90.0	.0	.0	
21.9	17.0	5.8	226.3	171.4	76.0	.0	.0	
16.7	12.9	5.5	150.0	214.9	57.0	.0	.0	
20.9	14.9	7.5	141.3	231.3	65.0	.0	.0	
