   1    31    1967
13.0	9.5	2.3	158.8	223.6	57.0	.0	.0	
13.6	9.7	3.9	131.3	224.5	48.0	.0	.0	
12.1	3.9	3.7	51.3	214.8	60.0	.0	.0	
16.4	10.1	2.7	88.8	230.6	66.0	.0	.0	
20.9	16.6	2.0	102.5	129.3	98.0	.0	20.3	
15.9	6.0	10.1	196.3	239.3	49.0	.0	.0	
10.7	2.2	5.0	140.0	213.6	36.0	.0	.0	
7.1	-3.1	6.3	131.3	222.0	62.0	.0	.0	
14.2	3.6	6.8	142.5	243.3	47.0	.0	.0	
16.7	8.5	2.4	52.5	243.7	17.0	.0	.0	
18.6	14.2	2.8	133.8	213.5	54.0	.0	.0	
23.5	21.5	2.0	58.8	125.4	98.0	.0	17.8	
24.7	22.5	3.0	111.3	150.1	98.0	.0	.0	
26.6	23.7	2.0	82.5	157.9	98.0	.0	.0	
24.3	22.3	2.7	93.8	143.3	98.0	.0	.0	
17.7	16.2	2.7	63.8	178.2	65.0	.0	.0	
14.6	6.8	5.2	140.0	257.9	47.0	.0	.0	
16.6	8.6	3.7	113.8	271.5	47.0	.0	.0	
15.6	5.9	3.6	101.3	262.3	34.0	.0	.0	
21.2	10.5	2.9	131.3	222.5	56.0	.0	.0	
32.7	22.5	6.5	117.5	207.8	96.0	.0	.0	
41.4	27.3	7.9	147.5	129.5	98.0	.0	.0	
39.4	27.9	12.7	175.0	151.1	89.0	2.0	.0	
33.8	25.3	8.6	146.3	134.1	95.0	3.0	.0	
33.8	28.7	8.5	227.5	150.6	84.0	2.0	.0	
29.8	22.6	3.9	120.0	192.9	73.0	.0	.0	
35.0	27.0	2.6	132.5	252.4	85.0	.0	.0	
33.9	27.7	3.6	195.0	255.8	94.0	.0	.0	
35.1	29.6	2.4	153.8	251.4	86.0	.0	.0	
37.6	31.3	2.2	92.5	197.9	82.0	2.0	.0	
39.8	32.5	7.4	201.3	168.1	86.0	1.0	.0	
   2    28    1967
36.8	22.0	4.0	250.0	301.5	22.0	.0	.0	
35.1	19.4	6.0	145.0	310.9	12.0	.0	.0	
32.1	18.9	5.6	181.3	260.4	39.0	.0	.0	
34.1	20.3	5.0	158.8	314.1	25.0	.0	.0	
33.1	20.3	6.5	200.0	276.1	29.0	.0	.0	
30.0	12.4	4.4	121.3	320.8	38.0	.0	.0	
32.4	10.6	5.6	105.0	296.6	43.0	.0	.0	
27.4	4.1	4.7	133.8	352.1	10.0	.0	.0	
31.1	12.0	3.9	166.3	234.8	97.0	.0	.0	
32.3	17.7	9.1	176.3	304.2	42.0	.0	.0	
31.7	12.4	3.7	128.8	348.3	25.0	.0	.0	
36.9	13.6	6.9	111.3	354.1	32.0	.0	.0	
39.2	17.5	5.9	221.3	233.1	73.0	.0	.0	
50.5	15.7	16.9	201.3	190.7	86.0	.0	.0	
29.1	4.2	5.1	181.3	276.4	62.0	.0	.0	
29.6	6.6	5.0	181.3	318.0	45.0	.0	.0	
31.9	8.5	4.8	130.0	341.5	30.0	.0	.0	
41.4	15.4	8.2	173.8	332.6	48.0	.0	.0	
33.3	21.6	5.3	193.8	187.8	98.0	1.0	.0	
31.4	3.0	8.9	98.8	394.6	13.0	.0	.0	
29.8	5.5	7.5	203.8	379.7	13.0	.0	.0	
30.6	4.2	6.5	151.3	403.8	6.0	.0	.0	
37.8	9.7	5.3	132.5	372.8	29.0	.0	.0	
43.6	13.8	5.0	93.8	287.1	81.0	.0	.0	
49.0	20.6	10.4	141.3	194.1	96.0	2.0	.0	
40.3	32.1	5.8	237.5	255.1	78.0	19.0	.0	
40.1	24.7	4.8	111.3	419.3	2.0	.0	.0	
42.2	24.1	5.0	140.0	435.6	5.0	.0	.0	
   3    31    1967
46.1	23.8	4.0	163.8	400.2	87.0	.0	.0	
49.4	17.2	6.2	183.8	433.0	45.0	.0	.0	
52.0	15.2	5.5	141.3	303.0	85.0	.0	.0	
49.7	13.0	12.5	195.0	326.8	84.0	.0	.0	
32.3	14.6	11.6	130.0	309.4	63.0	11.0	.0	
29.6	8.9	5.6	153.8	455.4	6.0	.0	.0	
30.7	6.7	5.2	137.5	472.0	43.0	.0	.0	
33.1	5.1	6.2	170.0	456.8	25.0	.0	.0	
44.7	9.6	7.6	181.3	474.4	22.0	.0	.0	
52.4	14.0	9.6	168.8	337.1	63.0	.0	.0	
53.5	21.8	10.0	152.5	350.5	56.0	.0	.0	
54.1	11.6	13.0	158.8	400.5	34.0	.0	.0	
53.6	9.5	11.4	155.0	271.4	90.0	.0	.0	
46.3	15.6	12.5	190.0	369.4	40.0	.0	.0	
43.7	16.3	6.8	147.5	358.7	41.0	.0	.0	
52.9	18.2	8.9	125.0	427.3	65.0	.0	.0	
57.9	26.6	5.3	246.3	333.9	96.0	1.0	.0	
54.3	32.0	5.9	170.0	307.8	62.0	.0	.0	
52.3	25.6	10.4	195.0	443.9	59.0	.0	.0	
49.0	18.0	6.3	145.0	425.0	64.0	.0	.0	
51.0	17.1	5.9	178.8	513.2	36.0	.0	.0	
50.5	16.5	5.2	136.3	544.3	13.0	.0	.0	
56.7	14.6	10.1	140.0	400.0	89.0	.0	.0	
59.4	15.0	6.2	196.3	371.2	85.0	.0	.0	
46.5	29.7	8.2	252.5	429.6	57.0	.0	.0	
49.9	20.6	7.8	140.0	338.6	95.0	.0	.0	
51.3	27.4	5.8	222.5	270.7	88.0	.0	.0	
59.6	21.8	8.4	185.0	453.5	91.0	.0	.0	
58.5	18.5	18.4	192.5	334.1	96.0	6.0	.0	
36.3	7.9	9.6	242.5	523.0	53.0	.0	.0	
44.3	16.4	11.8	143.8	335.4	83.0	.0	.0	
   4    30    1967
52.7	15.9	11.2	220.0	465.8	43.0	.0	.0	
49.0	19.9	4.9	151.3	461.1	65.0	.0	.0	
56.3	17.0	6.8	191.3	498.9	90.0	.0	.0	
58.6	33.8	15.4	205.0	255.9	98.0	1.0	.0	
56.8	25.8	13.8	232.5	444.4	56.0	.0	.0	
50.3	14.4	4.4	138.8	613.0	2.0	.0	.0	
57.4	8.7	13.3	158.8	628.3	3.0	.0	.0	
55.3	10.2	14.7	211.3	574.8	15.0	.0	.0	
46.6	19.5	5.5	146.3	451.5	50.0	.0	.0	
52.9	18.0	10.5	136.3	493.6	68.0	.0	.0	
62.0	8.9	11.9	187.5	549.1	66.0	.0	.0	
48.6	15.9	11.5	235.0	351.1	81.0	.0	.0	
45.1	24.1	9.2	185.0	331.8	70.0	2.0	.0	
53.4	20.5	10.5	157.5	600.2	55.0	.0	.0	
58.2	20.6	15.4	172.5	386.4	72.0	.0	.0	
46.7	13.1	11.3	206.3	620.4	33.0	3.0	.0	
53.3	10.4	10.4	148.8	592.6	15.0	.0	.0	
63.4	8.2	13.4	171.3	651.7	3.0	.0	.0	
55.2	8.8	16.7	218.8	533.8	31.0	.0	.0	
39.7	9.1	4.6	170.0	460.9	42.0	.0	.0	
41.5	7.2	6.5	186.3	619.5	27.0	.0	.0	
46.1	9.9	11.8	188.8	477.4	76.0	.0	.0	
44.8	14.5	7.9	261.3	521.5	67.0	.0	.0	
50.2	12.0	6.0	181.3	505.1	79.0	.0	.0	
46.8	26.2	10.7	226.3	452.0	71.0	2.0	.0	
51.6	23.1	5.3	191.3	659.0	26.0	.0	.0	
60.5	4.0	12.7	191.3	636.6	33.0	.0	.0	
65.4	9.3	17.8	172.5	638.7	31.0	.0	.0	
55.4	13.4	16.0	230.0	456.6	55.0	.0	.0	
41.4	7.1	11.8	276.3	469.8	83.0	.0	.0	
   5    31    1967
42.1	9.9	7.0	257.5	540.5	95.0	.0	.0	
45.5	12.9	5.1	187.5	553.8	76.0	.0	.0	
48.5	12.1	7.4	238.8	651.1	21.0	.0	.0	
53.7	12.0	6.9	138.8	508.5	87.0	.0	.0	
47.3	36.0	6.3	131.3	414.4	83.0	22.0	.0	
52.1	34.9	3.4	158.8	526.5	59.0	.0	.0	
58.8	30.1	4.5	126.3	698.8	19.0	.0	.0	
64.0	27.0	7.7	178.8	657.7	63.0	.0	.0	
67.0	26.5	6.3	193.8	552.5	79.0	.0	.0	
65.7	22.4	10.1	228.8	600.0	25.0	.0	.0	
57.7	21.4	11.0	163.8	589.7	35.0	.0	.0	
53.6	20.4	10.5	237.5	589.8	48.0	.0	.0	
47.0	25.1	8.2	181.3	471.7	73.0	1.0	.0	
49.1	19.2	7.6	261.3	602.2	39.0	.0	.0	
55.8	21.0	6.7	182.5	737.4	7.0	.0	.0	
64.7	26.8	2.1	110.0	700.0	13.0	.0	.0	
67.8	23.9	7.4	172.5	675.3	11.0	.0	.0	
68.5	24.5	7.8	176.3	608.3	35.0	.0	.0	
67.4	30.8	11.4	181.3	625.5	50.0	.0	.0	
64.2	27.7	7.5	200.0	736.0	2.0	.0	.0	
69.0	27.6	6.5	191.3	729.3	15.0	.0	.0	
73.6	28.9	6.3	123.8	724.0	6.0	.0	.0	
75.6	27.3	7.0	171.3	677.3	28.0	.0	.0	
77.7	30.2	7.9	183.8	629.3	73.0	.0	.0	
63.9	50.2	7.2	152.5	318.1	96.0	12.0	.0	
57.6	50.0	5.6	185.0	333.7	98.0	52.0	.0	
63.1	48.7	4.9	180.0	618.5	72.0	.0	.0	
56.9	46.3	12.4	223.8	411.2	85.0	28.0	.0	
56.1	43.4	8.4	173.8	554.8	78.0	12.0	.0	
54.4	43.8	6.8	167.5	380.2	82.0	20.0	.0	
58.8	43.5	6.3	118.8	555.7	65.0	5.0	.0	
   6    30    1967
66.5	37.6	5.5	163.8	594.6	50.0	.0	.0	
72.2	34.5	10.3	186.3	642.3	39.0	.0	.0	
69.3	39.1	10.5	168.8	522.7	56.0	.0	.0	
66.8	46.8	10.8	140.0	552.2	53.0	5.0	.0	
65.3	49.6	11.3	163.8	538.1	48.0	25.0	.0	
69.1	32.3	12.4	190.0	693.6	11.0	.0	.0	
65.1	28.9	7.6	262.5	615.0	50.0	.0	.0	
65.9	35.5	7.9	223.8	556.5	63.0	.0	.0	
66.6	33.9	4.6	183.8	691.8	24.0	.0	.0	
65.1	33.6	6.8	261.3	639.5	58.0	.0	.0	
63.0	39.5	7.4	241.3	694.0	51.0	4.0	.0	
57.2	45.0	5.7	86.3	368.3	88.0	28.0	.0	
58.4	44.0	12.7	171.3	341.3	96.0	7.0	.0	
58.9	44.0	7.3	137.5	664.9	70.0	12.0	.0	
60.2	44.5	3.9	246.3	533.2	79.0	.0	.0	
66.7	41.3	4.1	223.8	652.8	35.0	.0	.0	
71.7	42.5	10.2	228.8	619.6	38.0	.0	.0	
75.2	42.7	8.5	147.5	633.0	58.0	.0	.0	
69.1	48.0	8.8	190.0	356.7	84.0	.0	.0	
60.0	51.9	7.9	217.5	490.9	55.0	42.0	.0	
65.4	48.5	8.0	150.0	730.7	5.0	.0	.0	
71.5	48.0	7.7	130.0	621.1	40.0	11.0	.0	
74.1	39.1	17.3	148.8	722.6	11.0	.0	.0	
69.2	37.5	7.2	171.3	767.8	2.0	.0	.0	
76.8	36.9	8.4	136.3	712.9	28.0	.0	.0	
78.1	41.4	8.1	202.5	724.4	28.0	.0	.0	
77.2	43.4	6.6	182.5	722.0	10.0	.0	.0	
70.9	46.3	8.4	207.5	617.3	52.0	.0	.0	
73.6	49.6	5.9	217.5	750.9	2.0	.0	.0	
77.0	46.9	7.9	203.8	753.3	2.0	.0	.0	
   7    31    1967
79.1	45.9	6.3	153.8	723.8	4.0	.0	.0	
79.1	41.6	6.6	150.0	774.8	4.0	.0	.0	
77.3	41.4	7.9	115.0	648.6	53.0	.0	.0	
78.3	48.4	7.8	191.3	614.4	50.0	.0	.0	
79.0	46.2	6.2	143.8	701.6	40.0	.0	.0	
80.4	46.2	9.3	222.5	583.0	71.0	.0	.0	
74.3	59.6	10.7	185.0	405.1	98.0	14.0	.0	
73.1	54.2	5.1	157.5	701.2	30.0	1.0	.0	
77.8	42.9	5.9	185.0	752.5	6.0	.0	.0	
76.3	43.3	7.6	141.3	421.7	74.0	.0	.0	
75.9	48.5	11.7	170.0	529.3	76.0	1.0	.0	
77.6	47.8	7.0	143.8	700.0	9.0	.0	.0	
80.5	46.0	7.5	125.0	625.8	24.0	.0	.0	
76.3	51.0	11.1	147.5	564.8	78.0	9.0	.0	
72.0	57.4	5.2	161.3	387.2	91.0	.0	.0	
69.5	56.0	7.8	181.3	439.0	85.0	2.0	.0	
67.1	57.7	8.7	141.3	527.7	66.0	59.0	.0	
71.4	53.8	6.9	163.8	690.9	5.0	.0	.0	
74.7	47.5	7.1	187.5	723.9	3.0	.0	.0	
79.0	44.5	8.1	168.8	719.5	6.0	.0	.0	
81.1	43.5	8.1	166.3	688.0	5.0	.0	.0	
79.1	47.1	8.2	153.8	529.6	69.0	.0	.0	
79.5	52.0	9.3	183.8	509.8	89.0	1.0	.0	
79.2	53.3	10.7	195.0	657.7	55.0	1.0	.0	
78.8	51.8	7.0	232.5	692.1	28.0	.0	.0	
80.9	45.6	9.0	197.5	675.7	43.0	.0	.0	
81.0	44.8	9.0	181.3	650.7	70.0	.0	.0	
80.4	33.9	7.8	123.8	687.8	44.0	.0	.0	
78.7	31.5	8.7	137.5	732.8	2.0	.0	.0	
81.1	43.5	7.9	158.8	596.8	67.0	.0	.0	
79.0	52.2	8.4	140.0	447.4	80.0	15.0	.0	
   8    31    1967
78.4	50.7	8.5	190.0	641.6	38.0	.0	.0	
79.2	47.1	6.8	161.3	600.7	51.0	.0	.0	
80.1	46.6	11.4	141.3	622.8	48.0	.0	.0	
79.6	42.4	6.9	198.8	671.1	16.0	.0	.0	
82.1	45.5	9.1	157.5	628.3	42.0	.0	.0	
76.8	51.5	13.1	148.8	418.9	90.0	4.0	.0	
68.4	60.8	11.9	143.8	444.1	90.0	50.0	.0	
70.8	55.6	7.1	130.0	453.1	77.0	.0	.0	
71.7	54.4	10.0	165.0	566.2	83.0	1.0	.0	
73.8	53.7	7.9	116.3	605.8	65.0	.0	.0	
74.5	49.1	8.2	167.5	565.1	51.0	.0	.0	
76.3	49.2	7.6	223.8	636.2	29.0	.0	.0	
78.9	42.6	7.9	151.3	632.4	18.0	.0	.0	
77.8	39.4	9.1	158.8	610.6	35.0	.0	.0	
75.1	41.7	9.9	122.5	601.8	27.0	.0	.0	
74.4	39.5	8.7	178.8	643.8	5.0	.0	.0	
77.0	35.2	9.1	153.8	635.6	30.0	.0	.0	
78.1	37.3	9.2	167.5	612.7	42.0	.0	.0	
76.5	36.5	9.5	203.8	620.9	30.0	.0	.0	
74.5	35.8	9.8	176.3	596.8	46.0	.0	.0	
75.0	36.0	8.4	160.0	597.3	41.0	.0	.0	
75.3	36.7	8.8	195.0	558.9	41.0	.0	.0	
77.0	34.6	9.4	125.0	621.7	6.0	.0	.0	
78.2	35.5	7.4	167.5	610.0	10.0	.0	.0	
78.8	39.4	10.2	190.0	594.1	22.0	.0	.0	
79.3	41.7	11.7	173.8	577.0	32.0	.0	.0	
77.0	44.4	10.8	205.0	571.9	30.0	.0	.0	
76.2	46.4	11.4	153.8	508.1	64.0	.0	.0	
73.9	46.4	10.4	140.0	526.7	36.0	.0	.0	
73.4	45.3	7.3	160.0	584.6	53.0	.0	.0	
65.7	50.0	12.7	151.3	422.5	71.0	4.0	.0	
   9    30    1967
66.0	48.6	6.1	180.0	587.9	22.0	.0	.0	
70.7	43.0	8.2	203.8	581.1	10.0	.0	.0	
74.0	39.6	8.5	160.0	604.4	2.0	.0	.0	
75.7	34.2	9.5	152.5	611.1	2.0	.0	.0	
77.1	37.9	9.2	221.3	590.5	3.0	.0	.0	
76.4	45.2	8.7	250.0	504.3	40.0	.0	.0	
74.5	42.9	7.9	215.0	512.9	42.0	.0	.0	
66.3	53.0	8.2	171.3	386.4	94.0	9.0	.0	
67.2	49.3	7.7	138.8	534.1	40.0	.0	.0	
67.5	48.5	9.5	133.8	479.0	54.0	8.0	.0	
65.5	51.1	11.2	147.5	392.8	87.0	16.0	.0	
63.3	38.1	8.8	172.5	553.2	18.0	.0	.0	
56.6	23.0	6.6	218.8	571.3	20.0	.0	.0	
60.6	28.6	9.2	202.5	552.4	3.0	.0	.0	
63.9	30.5	7.8	196.3	562.2	2.0	.0	.0	
65.7	30.6	8.1	203.8	520.4	37.0	.0	.0	
69.8	30.0	9.2	145.0	433.1	63.0	.0	.0	
66.3	36.1	11.1	161.3	334.2	98.0	1.0	.0	
58.7	42.9	10.2	125.0	432.0	70.0	2.0	.0	
61.4	35.4	7.8	128.8	534.5	8.0	.0	.0	
65.7	36.4	9.4	155.0	521.6	2.0	.0	.0	
68.3	38.5	9.8	176.3	479.0	15.0	.0	.0	
69.7	39.8	5.3	138.8	475.6	43.0	.0	.0	
73.9	42.1	11.0	190.0	481.3	47.0	.0	.0	
63.9	46.9	7.8	163.8	303.2	93.0	1.0	.0	
67.0	44.9	7.9	162.5	431.6	35.0	.0	.0	
64.3	31.6	6.8	201.3	507.7	2.0	.0	.0	
63.7	29.7	8.6	165.0	498.7	2.0	.0	.0	
65.6	31.5	9.3	188.8	500.7	2.0	.0	.0	
67.6	34.9	8.4	163.8	396.2	50.0	.0	.0	
  10    31    1967
68.2	38.2	8.2	185.0	370.7	27.0	.0	.0	
71.1	40.7	11.0	188.8	364.0	53.0	.0	.0	
72.0	44.5	10.3	192.5	398.6	28.0	.0	.0	
64.5	50.8	7.9	161.3	291.0	59.0	21.0	.0	
66.3	42.6	12.4	167.5	414.4	29.0	.0	.0	
53.3	38.8	9.8	162.5	349.6	65.0	12.0	.0	
51.7	27.1	4.9	180.0	427.4	58.0	.0	.0	
54.4	28.6	7.0	165.0	437.6	24.0	.0	.0	
59.7	31.9	7.9	171.3	411.2	48.0	.0	.0	
61.6	32.9	7.1	176.3	403.0	32.0	.0	.0	
59.8	29.1	8.4	171.3	396.6	26.0	.0	.0	
61.2	27.3	10.2	195.0	411.1	13.0	.0	.0	
58.8	22.4	7.9	162.5	438.8	2.0	.0	.0	
58.1	21.2	11.0	250.0	387.9	11.0	.0	.0	
48.9	16.7	8.2	197.5	405.5	4.0	.0	.0	
46.4	14.4	7.9	176.3	411.8	2.0	.0	.0	
51.0	13.5	7.8	166.3	419.6	2.0	.0	.0	
53.0	14.1	7.1	166.3	413.0	2.0	.0	.0	
52.8	13.3	5.9	148.8	392.8	13.0	.0	.0	
53.2	11.7	7.5	177.5	401.9	2.0	.0	.0	
53.4	13.4	6.9	171.3	401.9	23.0	.0	.0	
55.9	15.0	7.6	155.0	375.8	35.0	.0	.0	
54.6	16.1	11.0	177.5	380.6	7.0	.0	.0	
48.2	14.5	5.5	182.5	334.6	70.0	.0	.0	
51.8	14.9	5.9	258.8	275.1	88.0	.0	.0	
48.6	13.1	7.9	140.0	357.2	34.0	.0	.0	
46.3	9.5	6.8	172.5	355.5	41.0	.0	.0	
47.5	20.0	13.0	203.8	233.1	75.0	24.0	.0	
37.5	23.9	9.1	107.5	329.2	30.0	6.0	.0	
37.2	20.7	5.5	225.0	359.3	2.0	.0	.0	
43.3	25.4	7.8	185.0	325.2	46.0	.0	.0	
  11    30    1967
45.8	28.4	7.2	158.8	310.1	56.0	.0	.0	
39.6	19.3	9.6	103.8	284.8	40.0	.0	.0	
30.1	9.5	5.5	138.8	231.8	44.0	.0	.0	
33.8	11.8	5.8	152.5	278.1	67.0	.0	.0	
38.7	11.3	5.0	145.0	265.9	75.0	.0	.0	
37.2	6.5	7.5	165.0	332.0	2.0	.0	.0	
37.2	6.0	6.7	176.3	325.0	2.0	.0	.0	
41.1	15.8	5.6	145.0	316.7	10.0	.0	.0	
42.6	18.7	6.2	160.0	314.5	33.0	.0	.0	
44.2	17.5	6.7	202.5	266.5	87.0	.0	.0	
44.4	15.9	7.2	170.0	307.5	36.0	.0	.0	
43.1	19.4	4.5	101.3	183.5	88.0	.0	.0	
46.6	20.0	5.3	155.0	237.0	84.0	.0	.0	
47.8	20.2	5.9	128.8	217.0	68.0	.0	.0	
47.9	18.0	5.5	148.8	283.1	30.0	.0	.0	
48.0	23.2	5.5	138.8	273.6	35.0	.0	.0	
47.9	24.0	6.6	167.5	227.6	70.0	.0	.0	
44.1	20.8	6.4	163.8	292.2	18.0	.0	.0	
50.4	26.8	10.4	140.0	213.7	60.0	.0	.0	
44.7	27.7	6.2	182.5	145.3	89.0	.0	.0	
43.1	33.0	6.9	203.8	135.1	97.0	20.0	.0	
36.8	28.9	5.1	131.3	262.2	58.0	.0	.0	
34.2	28.8	7.9	123.8	173.1	65.0	.0	.0	
30.9	20.1	7.7	98.8	163.0	60.0	.0	.0	
34.0	17.9	7.3	143.8	276.5	3.0	.0	.0	
30.7	10.4	5.1	171.3	271.1	5.0	.0	.0	
27.0	6.7	5.3	180.0	263.4	3.0	.0	.0	
31.0	12.4	9.4	116.3	197.2	63.0	.0	7.6	
33.3	31.6	6.5	217.5	98.4	92.0	10.0	.0	
39.0	26.4	11.1	163.8	131.6	76.0	.0	.0	
  12    31    1967
31.5	22.9	7.2	183.8	126.0	75.0	.0	53.3	
16.8	9.6	7.4	135.0	259.2	2.0	.0	.0	
15.3	9.3	4.6	148.8	262.1	3.0	.0	.0	
16.5	11.0	5.4	136.3	233.2	19.0	.0	.0	
21.7	15.9	5.5	192.5	200.8	49.0	.0	.0	
23.3	13.0	5.3	208.8	252.4	23.0	.0	.0	
22.0	13.3	5.2	123.8	105.2	86.0	.0	.0	
25.7	19.5	9.6	328.8	123.5	94.0	.0	5.1	
21.4	9.8	8.5	85.0	252.5	28.0	.0	.0	
22.6	12.5	6.3	160.0	187.8	81.0	.0	.0	
22.1	15.1	3.4	45.0	211.3	70.0	.0	.0	
21.7	11.4	7.5	91.3	142.6	81.0	.0	.0	
14.5	7.6	5.0	228.8	148.9	89.0	.0	53.3	
16.0	11.6	7.7	148.8	141.9	95.0	.0	38.1	
23.4	18.9	6.0	162.5	128.9	98.0	.0	2.5	
25.2	21.9	7.2	227.5	149.9	98.0	.0	43.2	
17.3	12.8	5.6	176.3	184.7	92.0	.0	20.3	
18.9	14.0	8.3	230.0	114.4	98.0	.0	.0	
31.9	29.2	10.2	176.3	143.4	98.0	.0	25.4	
26.5	19.6	8.9	145.0	128.0	95.0	.0	7.6	
10.3	4.9	6.3	270.0	232.1	55.0	.0	17.8	
7.3	-1.4	7.8	136.3	206.4	39.0	.0	.0	
4.7	-2.9	4.3	133.8	223.6	37.0	.0	.0	
5.9	-.1	5.8	163.8	172.7	46.0	.0	.0	
10.3	5.2	4.1	160.0	215.9	50.0	.0	.0	
18.0	13.9	5.5	291.3	200.6	71.0	.0	5.1	
18.5	13.6	5.5	81.3	176.3	63.0	.0	.0	
23.5	19.9	3.9	52.5	181.4	67.0	.0	5.1	
17.9	17.3	5.4	302.5	126.0	98.0	.0	.0	
18.6	17.4	8.1	188.8	137.7	93.0	.0	12.7	
11.6	7.4	4.9	206.3	240.1	59.0	.0	.0	
