01	31	2003
30.4	16.4	5.1	87.6	150.1	100.0	2	3.8
29.2	26.8	3.6	114.2	150.9	100.0	0	0.0
35.0	27.2	8.8	201.2	151.7	100.0	0	0.0
39.8	32.2	12.9	294.4	152.6	100.0	1	0.0
31.4	27.5	12.0	325.6	153.6	100.0	0	0.0
27.5	23.6	8.8	236.9	154.7	100.0	0	0.0
45.1	27.6	10.0	279.6	155.8	100.0	0	0.0
45.1	22.2	10.2	279.6	157.0	100.0	0	0.0
32.4	14.4	20.4	329.4	158.3	100.0	0	0.0
18.8	2.6	14.4	294.4	159.7	100.0	0	0.0
13.3	1.9	6.6	205.6	161.1	100.0	0	0.0
25.9	9.8	10.3	238.3	133.5	100.0	0	0.0
20.8	3.1	7.5	135.9	154.5	100.0	0	0.0
16.7	2.9	9.6	318.1	165.9	100.0	0	0.0
14.8	7.6	7.8	183.7	137.9	100.0	23	168.3
13.9	6.0	14.8	327.6	169.5	100.0	1	4.1
9.7	4.9	9.2	257.3	171.4	100.0	0	0.0
17.6	10.6	13.7	300.4	156.1	100.0	0	0.0
26.9	20.2	7.2	233.9	173.2	100.0	0	0.0
21.4	16.8	8.2	72.0	177.6	100.0	0	0.0
13.8	4.9	7.9	120.4	179.9	100.0	0	0.0
4.7	2.7	13.3	334.4	182.2	100.0	0	0.0
1.4	1.9	7.0	218.4	184.6	100.0	0	0.0
15.8	9.2	11.6	208.7	187.1	100.0	3	31.3
12.9	7.7	11.5	186.3	189.7	100.0	0	0.0
6.2	0.3	10.9	259.8	192.3	100.0	0	0.0
24.3	17.1	11.4	176.5	195.0	100.0	0	0.0
32.6	29.4	7.6	128.5	197.8	100.0	0	0.0
29.5	26.5	6.5	167.9	200.6	100.0	0	0.0
35.5	30.9	11.2	227.3	203.5	100.0	1	0.0
38.0	30.2	13.4	282.5	206.5	100.0	0	0.0
02	28	2003
42.2	34.0	3.6	120.2	174.4	100.0	0	0.0
39.1	34.4	13.0	68.7	212.7	100.0	0	0.0
26.3	21.1	24.0	337.9	215.9	100.0	1	2.5
18.8	9.2	14.0	255.8	219.2	100.0	0	0.0
27.8	20.4	10.4	232.4	222.5	100.0	0	0.0
13.1	4.2	15.0	286.4	166.5	100.0	0	0.0
17.8	6.2	12.4	253.9	229.3	100.0	0	0.0
28.3	17.8	11.3	258.9	215.7	100.0	0	0.0
24.9	18.1	8.3	184.6	200.4	100.0	0	0.0
16.0	7.7	7.4	175.7	240.0	100.0	0	0.0
27.0	15.5	15.3	289.2	243.7	100.0	0	0.0
25.9	14.3	4.1	198.3	247.4	100.0	0	0.0
35.1	22.9	5.8	102.9	251.2	100.0	0	0.0
34.9	31.9	10.8	78.8	255.1	100.0	43	72.4
16.9	11.2	20.4	46.6	259.0	100.0	1	2.5
9.6	4.7	4.4	136.6	181.9	100.0	0	0.0
29.1	21.7	13.9	210.6	266.9	100.0	0	0.0
37.2	28.7	7.6	239.4	271.0	100.0	0	0.0
37.3	29.7	9.1	179.8	275.1	100.0	0	0.0
44.0	31.3	16.3	199.0	242.1	100.0	0	0.0
30.2	27.1	11.3	245.2	283.6	100.0	0	0.0
20.2	13.6	14.9	224.1	261.6	100.0	0	0.0
9.0	2.4	16.3	306.8	230.3	100.0	0	0.0
3.1	0.0	12.5	282.6	251.0	100.0	0	0.0
9.3	1.8	12.8	189.0	301.2	100.0	0	0.0
16.6	9.3	9.4	176.5	305.7	100.0	0	0.0
22.9	15.6	4.2	108.9	279.2	100.0	0	0.0
27.0	19.1	4.9	122.8	273.0	100.0	0	0.0
03	31	2003
30.5	22.4	12.4	232.3	288.1	100.0	0	0.0
17.6	5.8	12.0	215.7	323.9	100.0	0	0.0
36.3	25.2	10.7	209.0	328.6	100.0	0	0.0
9.7	2.9	16.1	309.1	333.2	100.0	2	16.0
9.9	2.7	8.1	167.2	293.4	100.0	0	0.0
30.0	21.2	15.1	202.7	342.5	100.0	0	0.0
23.2	14.0	10.7	182.5	347.2	100.0	0	0.0
15.7	8.8	16.0	278.1	275.5	100.0	0	0.0
12.5	1.3	9.1	282.6	275.9	100.0	0	0.0
24.1	12.8	9.8	144.8	324.8	100.0	5	38.7
43.5	27.2	8.6	142.5	366.4	100.0	0	0.0
30.9	28.4	7.3	144.8	329.5	100.0	0	0.0
37.8	31.3	10.5	163.5	376.2	100.0	0	0.0
54.5	39.5	12.3	167.1	381.2	100.0	0	0.0
58.8	40.2	10.2	181.2	386.1	100.0	0	0.0
56.5	41.9	6.2	128.8	391.1	100.0	0	0.0
55.9	49.9	8.5	104.6	396.0	100.0	0	0.0
55.8	48.0	13.2	82.4	396.4	100.0	0	0.0
46.7	42.2	19.3	181.6	326.2	100.0	1	0.0
41.7	34.6	17.1	338.5	378.5	100.0	3	0.0
41.9	24.1	11.9	262.5	396.2	100.0	0	0.0
47.2	26.1	6.1	196.7	420.6	100.0	0	0.0
60.4	34.2	17.6	220.2	425.5	100.0	0	0.0
50.0	31.2	10.3	312.9	430.4	100.0	0	0.0
46.2	24.9	6.5	201.7	435.2	100.0	0	0.0
49.9	33.9	7.3	122.9	440.1	100.0	8	0.0
39.7	36.8	20.8	245.7	387.4	100.0	47	0.0
35.4	22.6	23.9	325.6	449.7	100.0	0	0.0
31.4	17.7	14.0	273.3	407.9	100.0	0	0.0
39.0	15.9	5.3	168.5	459.2	100.0	0	0.0
57.8	30.7	9.5	184.6	400.5	100.0	0	0.0
04	30	2003
67.1	34.1	9.9	214.8	420.5	100.0	0	0.0
62.2	42.6	10.7	249.1	473.3	100.0	0	0.0
43.8	37.3	14.2	225.6	478.0	100.0	0	0.0
32.3	27.1	14.9	294.6	417.3	100.0	4	10.2
34.0	22.2	7.6	174.0	487.1	100.0	0	0.0
30.8	28.0	15.0	73.9	455.0	100.0	32	80.0
29.5	25.7	13.3	103.8	496.2	100.0	0	0.0
31.8	25.1	5.7	204.1	439.0	100.0	0	0.0
42.6	28.9	12.8	177.7	505.1	100.0	0	0.0
54.0	34.1	12.1	162.2	500.0	100.0	0	0.0
57.7	37.8	6.2	80.6	513.8	100.0	0	0.0
60.7	35.6	7.8	102.2	477.9	100.0	0	0.0
68.5	43.5	18.0	165.2	512.3	100.0	0	0.0
75.2	53.5	15.8	184.3	502.2	100.0	0	0.0
72.4	56.2	18.8	171.6	489.9	100.0	0	0.0
52.9	47.4	16.7	230.8	535.7	100.0	12	0.0
43.7	34.0	12.2	231.1	433.1	100.0	0	0.0
47.0	44.6	13.9	135.8	544.3	100.0	33	0.0
44.6	39.4	13.9	313.3	548.6	100.0	0	0.0
45.1	39.6	14.8	306.4	541.1	100.0	0	0.0
53.4	34.6	10.9	273.9	556.9	100.0	0	0.0
55.4	34.1	7.0	105.4	561.0	100.0	0	0.0
55.7	42.2	15.5	132.7	435.7	100.0	11	0.0
49.2	47.1	11.8	73.8	569.1	100.0	9	0.0
56.0	37.3	7.6	85.2	573.0	100.0	0	0.0
57.5	41.2	11.5	132.4	563.9	100.0	0	0.0
60.6	42.4	9.7	295.9	580.8	100.0	0	0.0
62.1	37.8	8.2	87.5	584.6	100.0	0	0.0
54.1	44.3	12.8	100.0	542.1	100.0	40	0.0
50.3	49.0	12.5	70.0	562.6	100.0	74	0.0
05	31	2003
51.4	43.8	9.2	227.1	592.3	100.0	1	0.0
55.8	42.3	5.8	242.8	599.1	100.0	0	0.0
59.6	45.6	12.5	131.3	588.0	100.0	0	0.0
54.4	50.8	13.6	139.1	530.9	100.0	183	0.0
53.9	49.9	7.9	268.8	609.4	100.0	47	0.0
52.0	44.6	5.0	230.2	612.7	100.0	0	0.0
57.8	46.0	7.3	126.2	616.0	100.0	0	0.0
53.3	49.9	15.4	118.5	619.1	100.0	56	0.0
54.6	46.4	12.0	245.8	622.3	100.0	0	0.0
47.0	43.8	12.5	225.8	625.3	100.0	74	0.0
49.9	39.8	19.2	300.6	628.3	100.0	0	0.0
55.1	42.2	6.1	184.0	631.2	100.0	0	0.0
61.0	52.0	9.8	133.6	580.1	100.0	38	0.0
59.9	48.8	13.3	267.8	631.2	100.0	0	0.0
55.5	48.9	7.1	126.7	639.6	100.0	0	0.0
57.5	47.3	6.5	100.2	578.2	100.0	0	0.0
62.4	47.7	7.9	105.7	493.0	100.0	0	0.0
68.8	56.4	11.8	153.7	574.8	100.0	1	0.0
58.4	49.1	17.5	304.4	649.9	100.0	22	0.0
49.4	32.1	8.7	186.1	616.4	100.0	0	0.0
53.5	38.1	5.0	94.8	654.6	100.0	0	0.0
58.1	52.5	5.1	135.9	656.8	100.0	13	0.0
60.2	46.9	7.2	87.7	659.0	100.0	3	0.0
57.6	51.1	7.0	99.5	495.1	100.0	16	0.0
58.4	48.2	4.0	92.1	663.2	100.0	1	0.0
63.7	45.4	4.2	101.3	665.1	100.0	0	0.0
68.7	50.5	8.9	166.2	667.0	100.0	0	0.0
70.3	53.3	10.6	305.4	668.9	100.0	0	0.0
72.3	50.3	8.8	128.1	670.7	100.0	0	0.0
71.2	50.2	15.9	308.7	672.4	100.0	0	0.0
61.9	45.9	7.9	143.0	653.8	100.0	0	0.0
06	30	2003
65.2	49.5	9.0	143.5	675.6	100.0	22	0.0
53.1	50.7	10.7	99.2	616.8	100.0	41	0.0
54.8	48.4	5.2	88.1	678.5	100.0	0	0.0
59.1	53.1	7.0	158.3	604.6	100.0	3	0.0
61.5	48.1	3.5	108.3	681.1	100.0	3	0.0
61.4	49.6	9.6	278.8	682.3	100.0	3	0.0
56.4	49.7	8.4	239.4	683.5	100.0	30	0.0
61.6	51.6	9.9	249.6	684.6	100.0	0	0.0
69.2	56.6	12.3	125.8	685.6	100.0	1	0.0
64.3	55.9	11.8	243.0	633.2	100.0	0	0.0
67.8	57.1	7.9	122.1	687.4	100.0	1	0.0
69.8	58.4	5.0	153.4	628.2	100.0	5	0.0
70.2	57.6	3.9	119.0	688.9	100.0	0	0.0
73.0	57.3	3.9	92.5	689.6	100.0	0	0.0
74.8	56.7	2.5	65.6	690.3	100.0	0	0.0
74.8	61.7	6.3	152.8	615.1	100.0	0	0.0
73.7	62.3	6.4	186.9	691.3	100.0	0	0.0
74.6	58.9	7.8	138.8	691.7	100.0	0	0.0
72.2	49.3	8.8	93.1	692.1	100.0	0	0.0
72.0	54.1	16.6	141.5	692.3	100.0	0	0.0
73.0	62.2	16.0	148.3	692.5	100.0	5	0.0
75.6	68.9	15.9	157.2	639.1	100.0	1	0.0
77.2	64.4	12.2	162.3	562.3	100.0	2	0.0
81.5	70.5	18.3	152.4	625.4	100.0	0	0.0
61.9	56.5	14.0	286.5	692.6	100.0	130	0.0
64.4	48.0	9.8	249.6	692.4	100.0	0	0.0
71.9	54.0	8.9	206.3	616.1	100.0	11	0.0
70.0	56.9	7.0	266.9	691.9	100.0	2	0.0
69.0	53.8	5.2	157.1	691.5	100.0	0	0.0
71.5	56.1	5.6	93.8	691.0	100.0	0	0.0
07	31	2003
76.5	63.6	11.1	150.4	690.5	100.0	0	0.0
82.7	68.2	15.1	166.7	613.9	100.0	0	0.0
84.6	68.8	8.0	153.3	689.2	100.0	0	0.0
74.0	63.7	11.5	111.7	688.5	100.0	5	0.0
73.2	66.2	8.8	130.6	687.7	100.0	165	0.0
78.0	68.8	8.7	127.3	686.8	100.0	0	0.0
78.0	66.4	11.3	137.9	685.8	100.0	0	0.0
74.9	66.8	11.3	115.4	684.8	100.0	0	0.0
74.9	65.3	9.9	218.8	683.7	100.0	40	0.0
72.9	61.0	9.5	270.4	617.3	100.0	0	0.0
72.0	57.0	7.5	249.8	681.2	100.0	0	0.0
69.7	57.3	4.5	175.7	604.2	100.0	0	0.0
76.0	61.9	11.1	148.3	678.5	100.0	0	0.0
80.8	70.3	14.2	226.5	677.1	100.0	0	0.0
76.2	61.1	5.5	159.4	675.5	100.0	0	0.0
78.3	64.8	9.7	134.1	674.0	100.0	0	0.0
82.3	69.6	7.8	119.0	672.4	100.0	0	0.0
77.5	72.4	9.0	57.4	670.7	100.0	0	0.0
76.7	70.1	6.7	142.3	668.9	100.0	0	0.0
81.7	71.8	7.3	159.6	667.1	100.0	0	0.0
72.0	60.4	7.8	201.5	665.2	100.0	0	0.0
68.2	56.6	8.0	201.0	663.2	100.0	0	0.0
67.2	54.2	5.9	116.2	661.2	100.0	0	0.0
76.2	57.5	14.9	154.4	659.1	100.0	0	0.0
83.7	66.5	16.8	172.4	607.4	100.0	0	0.0
85.7	70.4	14.0	168.5	654.7	100.0	0	0.0
70.7	64.5	7.7	116.6	652.4	100.0	45	0.0
72.3	61.8	5.2	116.0	650.0	100.0	1	0.0
72.5	61.1	7.3	129.2	647.6	100.0	0	0.0
74.6	58.7	4.5	183.5	645.1	100.0	0	0.0
74.8	61.5	8.8	171.2	642.5	100.0	17	0.0
08	31	2003
74.2	62.8	5.2	139.5	639.9	100.0	0	0.0
72.1	58.8	4.7	197.1	637.2	100.0	0	0.0
72.3	56.9	4.1	141.5	634.4	100.0	0	0.0
73.3	63.3	8.1	128.2	631.6	100.0	9	0.0
78.0	68.1	6.2	182.0	628.7	100.0	25	0.0
73.3	64.4	8.4	155.1	625.8	100.0	0	0.0
73.2	62.9	4.5	88.1	622.8	100.0	0	0.0
74.2	65.2	6.3	105.9	619.7	100.0	3	0.0
75.4	65.0	7.5	133.4	616.5	100.0	20	0.0
74.6	66.6	4.9	117.8	580.0	100.0	1	0.0
71.8	63.1	6.2	91.6	610.1	100.0	0	0.0
72.9	60.7	5.3	77.1	606.8	100.0	0	0.0
70.0	60.7	7.0	110.6	603.4	100.0	0	0.0
75.3	63.5	9.3	148.0	599.9	100.0	0	0.0
78.8	64.8	8.8	167.3	596.4	100.0	0	0.0
80.8	64.1	6.6	123.5	592.9	100.0	0	0.0
85.3	63.5	11.1	168.1	589.2	100.0	0	0.0
79.0	65.6	11.2	163.9	585.6	100.0	15	0.0
78.7	67.8	12.7	170.0	581.9	100.0	0	0.0
81.3	68.8	12.0	168.8	578.1	100.0	13	0.0
74.7	61.0	8.4	186.9	574.2	100.0	0	0.0
72.1	60.4	7.7	93.1	570.4	100.0	0	0.0
81.1	66.0	11.7	152.3	566.4	100.0	0	0.0
85.9	65.4	12.7	181.5	562.4	100.0	0	0.0
83.9	62.6	9.8	179.0	558.4	100.0	0	0.0
82.7	63.9	7.5	209.1	528.0	100.0	0	0.0
81.6	64.3	9.1	143.5	550.2	100.0	0	0.0
77.6	62.6	8.2	181.2	546.0	100.0	3	0.0
69.5	55.6	11.7	171.2	541.8	100.0	0	0.0
64.0	51.1	9.6	68.5	537.5	100.0	0	0.0
63.9	54.8	4.9	78.8	533.2	100.0	0	0.0
09	30	2003
66.7	51.5	5.3	99.2	528.8	100.0	0	0.0
71.9	55.2	8.2	175.8	524.4	100.0	0	0.0
65.8	48.9	8.5	274.2	520.0	100.0	0	0.0
65.1	46.6	4.5	138.5	515.8	100.0	0	0.0
75.5	55.6	12.9	186.2	511.6	100.0	0	0.0
76.0	56.2	11.8	183.3	507.3	100.0	0	0.0
71.6	49.4	9.0	148.5	502.9	100.0	0	0.0
69.9	49.5	11.4	135.0	498.6	100.0	0	0.0
67.8	62.9	14.1	134.8	433.1	100.0	49	0.0
71.0	65.0	15.4	160.8	489.7	100.0	97	0.0
55.3	53.2	8.0	251.3	485.2	100.0	127	0.0
61.9	50.2	8.4	150.0	385.2	100.0	0	0.0
59.4	47.3	11.6	307.7	476.2	100.0	0	0.0
56.0	41.4	7.7	221.7	471.6	100.0	0	0.0
63.8	48.2	10.0	129.2	467.0	100.0	0	0.0
71.1	59.6	12.7	166.2	462.3	100.0	0	0.0
74.0	61.5	17.6	188.3	457.6	100.0	0	0.0
50.1	42.8	15.4	285.3	453.0	100.0	28	0.0
53.5	38.9	6.2	127.7	448.2	100.0	0	0.0
60.8	42.9	13.3	167.1	397.9	100.0	0	0.0
60.0	50.0	5.6	197.8	422.4	100.0	4	0.0
54.8	42.2	10.7	249.4	433.9	100.0	0	0.0
63.9	52.9	10.0	149.6	429.1	100.0	0	0.0
57.3	36.0	14.7	296.9	424.3	100.0	0	0.0
54.8	35.8	10.0	147.7	419.5	100.0	0	0.0
58.6	42.0	12.9	255.6	414.7	100.0	0	0.0
52.1	36.3	13.5	282.5	409.8	100.0	0	0.0
46.0	33.5	9.3	250.8	405.0	100.0	0	0.0
44.5	32.9	5.3	158.7	355.8	100.0	0	0.0
44.0	29.7	4.4	133.3	342.1	100.0	0	0.0
10	31	2003
45.4	27.5	5.2	111.7	390.4	100.0	0	0.0
51.8	34.3	10.8	167.1	385.5	100.0	0	0.0
56.4	39.8	10.8	277.3	380.6	100.0	0	0.0
58.3	39.2	5.1	171.7	333.5	100.0	0	0.0
63.4	40.6	6.0	159.2	370.9	100.0	0	0.0
66.9	44.8	8.7	162.7	366.1	100.0	0	0.0
67.0	54.4	13.3	182.1	361.2	100.0	0	0.0
68.5	59.8	14.3	172.6	356.5	100.0	0	0.0
67.2	57.8	12.7	173.8	351.9	100.0	0	0.0
63.2	57.2	17.4	158.9	333.3	100.0	0	0.0
55.6	44.3	14.0	263.6	342.6	100.0	56	0.0
55.8	36.2	10.5	159.6	338.0	100.0	0	0.0
50.4	42.7	6.5	172.1	333.4	100.0	20	0.0
50.0	38.8	8.6	267.7	328.8	100.0	0	0.0
44.4	36.8	3.9	41.7	324.3	100.0	0	0.0
41.5	34.1	4.0	119.0	319.7	100.0	0	0.0
50.6	40.0	10.3	141.5	315.2	100.0	1	2.5
61.7	45.1	3.7	158.1	310.7	100.0	0	0.0
66.2	47.3	7.4	130.2	306.3	100.0	0	0.0
63.9	40.8	10.1	246.0	301.9	100.0	0	0.0
64.1	42.5	8.2	194.8	297.4	100.0	0	0.0
65.5	48.8	6.8	260.9	264.1	100.0	0	0.0
54.9	35.4	6.1	115.9	288.8	100.0	0	0.0
51.0	32.4	11.7	270.0	284.4	100.0	0	0.0
40.0	25.4	13.7	299.6	280.2	100.0	0	0.0
39.0	29.5	11.6	265.6	276.0	100.0	1	0.0
45.0	38.8	9.0	179.4	271.8	100.0	1	0.0
46.8	28.1	16.4	264.8	267.7	100.0	0	0.0
48.5	34.2	13.0	156.5	249.8	100.0	1	0.0
39.8	33.0	18.4	334.6	259.8	100.0	0	0.0
35.8	26.5	13.9	310.4	256.0	100.0	0	0.0
11	30	2003
31.5	26.6	5.9	108.0	252.2	100.0	0	0.0
37.5	31.7	6.6	117.3	248.4	100.0	6	0.0
33.2	31.4	2.3	8.1	244.7	100.0	66	85.4
30.0	27.4	7.5	176.5	241.0	100.0	0	0.8
25.2	19.6	10.6	295.9	237.4	100.0	0	0.0
27.3	21.4	5.2	173.5	233.8	100.0	0	0.0
27.4	19.7	5.8	137.1	230.3	100.0	0	0.0
25.1	15.4	9.3	114.3	199.6	100.0	0	0.0
36.7	26.9	12.4	157.9	188.9	100.0	0	0.0
46.2	31.8	11.3	192.3	220.2	100.0	0	0.0
46.7	32.4	7.0	173.5	217.0	100.0	0	0.0
39.5	22.6	17.8	283.8	213.8	100.0	0	0.0
35.4	23.6	10.2	188.8	210.7	100.0	0	0.0
45.0	32.6	15.9	178.1	207.6	100.0	0	0.0
41.5	36.0	7.5	269.7	204.6	100.0	0	0.0
40.4	34.6	6.4	147.0	201.7	100.0	0	0.0
50.5	40.7	9.6	156.5	198.8	100.0	0	0.0
44.5	27.5	11.6	293.5	196.1	100.0	0	0.0
52.3	29.9	11.1	232.3	193.3	100.0	0	0.0
51.1	26.3	15.0	288.5	190.7	100.0	0	0.0
33.1	20.0	14.0	63.5	188.1	100.0	0	0.0
29.4	23.6	11.3	131.0	185.6	100.0	0	0.0
19.0	14.8	21.3	307.1	161.2	100.0	0	0.0
20.3	11.1	12.5	214.4	180.9	100.0	0	0.0
30.5	19.8	7.4	222.9	178.7	100.0	0	0.0
31.4	22.5	7.4	194.8	159.4	100.0	0	0.0
30.6	19.7	13.1	290.8	174.5	100.0	0	0.0
24.0	9.5	13.2	259.6	172.5	100.0	0	0.0
37.1	18.9	10.1	191.5	170.6	100.0	0	0.0
39.0	24.7	11.3	281.0	168.7	100.0	0	0.0
12	31	2003
34.5	16.1	5.9	172.7	166.9	100.0	0	0.0
35.3	19.8	12.8	116.5	165.2	100.0	2	5.9
31.8	30.0	6.5	69.4	163.6	100.0	3	6.6
31.8	28.3	13.4	237.8	162.1	100.0	3	4.0
26.8	21.6	17.3	309.4	160.6	100.0	0	0.0
27.9	24.3	14.6	169.3	159.2	100.0	0	0.0
36.5	27.0	11.4	178.5	157.8	100.0	0	0.0
31.5	28.0	12.5	178.5	156.6	100.0	0	0.0
21.4	17.4	19.5	330.8	155.4	100.0	0	0.0
15.8	9.2	16.1	318.3	154.3	100.0	0	0.0
14.6	7.3	4.0	140.4	153.3	100.0	0	0.0
18.3	12.9	8.8	158.5	152.3	100.0	0	0.0
23.4	19.4	9.6	165.5	151.5	100.0	0	0.0
26.1	22.1	8.8	152.3	150.7	100.0	0	0.0
28.6	26.4	18.7	243.2	150.0	100.0	0	0.0
27.5	19.7	16.7	285.0	149.3	100.0	0	0.0
33.0	25.5	12.1	192.4	148.8	100.0	2	0.0
37.2	23.7	17.0	299.1	148.3	100.0	0	0.0
30.8	20.4	6.7	223.3	147.9	100.0	0	0.0
36.8	24.0	12.0	150.2	147.6	100.0	0	0.0
43.4	28.9	10.3	284.4	147.3	100.0	0	0.0
37.8	26.6	9.3	309.4	147.1	100.0	0	0.0
26.2	19.2	7.3	202.5	147.0	100.0	0	0.0
26.2	17.6	7.5	119.6	147.0	100.0	0	0.0
33.8	24.1	11.9	141.5	131.4	100.0	0	0.0
37.9	34.5	12.8	128.1	147.3	100.0	0	0.0
44.3	31.4	15.1	204.8	147.5	100.0	0	0.0
31.7	19.8	16.2	259.9	147.9	100.0	0	0.0
28.7	18.3	9.6	249.0	148.2	100.0	0	0.0
31.8	15.5	10.9	216.2	148.8	100.0	0	0.0
25.4	12.1	7.1	172.4	149.4	100.0	0	0.0
