   1    31    1974
-4.1	-14.1	8.7	240.0	212.6	40.0	.0	5.1	
4.5	-2.8	4.6	136.3	172.7	73.0	.0	30.5	
4.2	-2.9	5.1	156.3	231.7	21.0	.0	.0	
3.3	-3.8	7.1	156.3	220.0	23.0	.0	.0	
7.1	1.2	8.0	106.7	185.9	82.0	.0	25.4	
1.8	-5.3	8.0	197.9	223.9	23.0	.0	2.5	
-1.2	-9.7	5.0	87.1	206.4	24.0	.0	.0	
4.3	-3.7	12.6	229.6	92.9	70.0	.0	7.6	
-2.4	-10.0	6.1	167.9	121.3	76.0	.0	15.2	
5.7	.1	10.3	272.9	134.5	89.0	.0	35.6	
-7.0	-13.7	10.6	271.7	215.2	34.0	.0	5.1	
-6.8	-14.2	9.4	146.7	189.2	62.0	.0	.0	
16.2	11.0	13.7	177.5	144.1	98.0	.0	2.5	
28.0	22.1	8.6	168.3	232.4	50.0	.0	.0	
39.5	29.9	8.1	174.2	224.9	97.0	.0	.0	
38.5	30.7	5.9	155.0	192.3	77.0	.0	.0	
33.2	30.1	6.4	125.8	235.1	35.0	.0	.0	
32.2	30.2	14.1	316.3	92.5	98.0	.0	.0	
25.6	23.4	8.3	198.8	100.3	77.0	.0	.0	
34.7	32.4	9.4	151.3	193.9	93.0	.0	.0	
33.2	28.8	9.7	251.3	118.7	98.0	8.0	.0	
27.3	23.0	13.4	302.5	166.6	74.0	.0	2.5	
25.7	18.4	6.8	171.3	239.2	18.0	.0	.0	
30.1	23.9	6.2	145.4	253.9	13.0	.0	.0	
39.3	29.2	12.9	177.9	255.8	3.0	.0	.0	
37.2	28.8	13.0	245.0	134.2	69.0	.0	.0	
28.5	21.3	10.7	270.4	137.7	58.0	.0	.0	
31.3	24.4	7.1	201.3	259.1	9.0	.0	.0	
37.8	28.1	10.6	203.8	257.2	8.0	.0	.0	
45.2	30.5	15.1	231.3	220.6	67.0	.0	.0	
18.8	9.1	13.9	222.5	245.9	64.0	.0	.0	
   2    28    1974
23.1	15.9	10.6	80.4	139.0	98.0	.0	.0	
25.9	20.6	9.2	245.8	113.1	87.0	.0	.0	
13.2	6.9	11.7	290.0	152.7	58.0	.0	5.1	
19.2	10.7	12.8	162.1	276.1	59.0	.0	.0	
26.8	20.0	13.2	81.3	159.3	96.0	.0	.0	
22.5	13.3	17.2	200.0	241.2	87.0	.0	.0	
18.0	11.3	5.9	166.3	186.7	79.0	.0	5.1	
25.2	16.3	11.3	260.8	223.9	84.0	.0	.0	
26.4	17.8	16.6	254.2	245.9	55.0	.0	2.5	
32.8	20.1	13.3	271.3	290.4	14.0	.0	.0	
36.6	25.2	8.2	177.1	304.0	5.0	.0	.0	
38.3	28.0	4.6	150.8	324.5	2.0	.0	.0	
32.0	27.9	7.6	107.9	214.7	52.0	.0	.0	
31.3	26.8	9.1	76.3	126.5	98.0	.0	2.5	
30.8	26.3	9.1	171.3	165.9	80.0	.0	.0	
35.6	25.2	3.7	108.8	340.6	3.0	.0	.0	
44.8	33.3	10.0	180.4	319.8	14.0	.0	.0	
38.2	30.0	12.9	307.9	202.1	69.0	.0	.0	
37.9	24.1	9.9	217.1	341.8	18.0	.0	.0	
45.7	30.4	12.3	138.3	215.2	87.0	.0	.0	
34.5	30.0	23.8	340.8	150.6	98.0	13.0	.0	
28.8	22.6	15.1	279.2	389.5	41.0	.0	.0	
22.2	15.1	16.2	83.3	173.2	92.0	.0	2.5	
16.2	7.3	12.3	291.3	380.5	38.0	.0	.0	
26.0	18.1	9.0	145.0	393.3	13.0	.0	.0	
39.5	29.4	11.8	183.8	330.3	53.0	.0	.0	
40.9	30.5	9.2	182.5	218.6	86.0	.0	.0	
38.1	23.8	11.8	258.3	365.7	47.0	.0	.0	
   3    31    1974
43.8	34.6	12.3	173.8	259.2	76.0	.0	.0	
56.2	43.5	11.5	171.7	272.5	93.0	.0	.0	
52.5	35.0	13.7	248.8	377.7	63.0	.0	.0	
42.9	32.8	8.9	183.8	225.4	67.0	7.0	.0	
46.5	28.5	11.8	212.9	410.1	19.0	.0	.0	
53.1	33.2	8.7	155.0	425.0	15.0	.0	.0	
44.7	36.7	10.7	93.8	232.8	74.0	.0	.0	
52.0	44.7	6.3	240.8	294.4	90.0	.0	.0	
45.6	38.8	13.5	157.1	174.3	98.0	2.0	.0	
40.1	26.2	13.0	86.7	192.3	98.0	.0	.0	
42.2	38.6	11.0	175.0	136.2	98.0	24.0	.0	
40.8	33.8	8.4	100.0	285.8	69.0	.0	.0	
42.0	30.9	13.4	155.0	372.8	62.0	.0	.0	
44.3	34.5	9.5	202.9	216.6	98.0	.0	.0	
38.9	27.3	17.0	280.0	334.7	73.0	17.0	.0	
30.9	19.9	14.1	322.1	308.0	65.0	.0	.0	
36.6	25.0	10.6	158.8	383.9	71.0	.0	.0	
38.8	29.6	17.0	273.3	259.6	92.0	.0	.0	
33.2	20.5	10.7	232.9	422.9	46.0	.0	.0	
24.4	17.9	12.8	191.3	276.3	68.0	.0	48.3	
25.3	13.9	8.3	148.8	494.1	26.0	.0	.0	
27.5	17.3	19.1	284.2	229.2	84.0	.0	5.1	
18.1	4.3	11.7	204.6	420.2	58.0	.0	.0	
25.2	11.2	13.6	147.5	457.4	50.0	.0	.0	
41.5	23.8	14.8	194.2	483.3	28.0	.0	.0	
43.8	32.7	12.1	115.4	421.5	76.0	.0	.0	
53.7	41.2	10.4	160.0	437.0	58.0	.0	.0	
51.1	41.3	7.8	217.1	417.8	47.0	.0	.0	
54.6	39.4	17.0	296.3	207.4	67.0	.0	.0	
52.9	32.9	11.0	260.4	511.2	34.0	.0	.0	
61.4	39.0	18.2	150.4	457.9	69.0	.0	.0	
   4    30    1974
50.9	33.9	15.6	286.7	423.3	67.0	.0	.0	
59.8	36.1	14.1	169.2	453.2	65.0	7.0	.0	
39.6	36.2	22.1	296.7	182.1	98.0	25.0	.0	
36.8	26.2	24.0	330.8	405.9	81.0	19.0	.0	
39.6	22.6	11.2	302.5	578.4	5.0	.0	.0	
52.5	28.3	13.7	169.2	439.6	73.0	.0	.0	
45.0	33.5	16.3	131.3	346.1	74.0	.0	.0	
42.0	24.2	7.9	233.3	558.7	38.0	.0	.0	
55.4	32.7	10.2	193.3	555.8	56.0	.0	.0	
59.6	36.0	22.2	169.6	453.5	88.0	.0	.0	
56.7	46.2	16.9	156.3	282.3	81.0	52.0	.0	
49.2	39.2	16.2	252.9	289.0	97.0	.0	.0	
46.4	37.1	14.3	213.3	296.3	91.0	57.0	.0	
42.6	30.7	17.8	314.6	291.3	77.0	4.0	.0	
39.9	33.2	6.9	174.2	226.0	69.0	26.0	.0	
45.0	31.4	7.5	241.7	631.4	2.0	.0	.0	
54.2	38.0	13.3	192.1	607.5	15.0	.0	.0	
58.3	43.3	6.8	157.9	610.1	7.0	.0	.0	
63.1	50.8	16.0	144.6	565.1	48.0	.0	.0	
62.4	54.9	20.3	173.3	218.7	93.0	4.0	.0	
60.0	44.3	16.9	285.8	520.1	31.0	.0	.0	
53.7	34.5	13.5	274.2	626.3	14.0	.0	.0	
46.4	31.3	11.3	160.8	619.1	28.0	.0	.0	
52.7	36.4	15.2	164.6	498.3	56.0	.0	.0	
67.5	51.5	9.8	183.8	550.1	81.0	.0	.0	
68.6	56.7	15.0	170.4	354.3	98.0	.0	.0	
71.7	58.6	14.1	204.6	481.1	83.0	.0	.0	
66.2	59.2	8.7	144.2	452.0	86.0	45.0	.0	
58.5	44.8	14.1	315.4	521.3	62.0	.0	.0	
57.5	39.1	7.7	217.5	660.3	27.0	.0	.0	
   5    31    1974
60.2	44.4	11.8	154.2	553.1	66.0	.0	.0	
63.0	51.0	16.0	233.8	606.3	53.0	.0	.0	
53.2	35.7	11.4	204.6	686.0	45.0	.0	.0	
56.9	39.4	4.9	113.8	462.9	83.0	.0	.0	
59.5	36.9	10.2	254.2	633.0	20.0	.0	.0	
56.4	34.9	11.2	133.3	661.1	38.0	.0	.0	
58.8	48.1	11.8	197.5	438.8	82.0	10.0	.0	
51.8	44.6	12.2	243.8	461.5	89.0	.0	.0	
55.9	48.6	8.6	175.8	527.8	60.0	.0	.0	
58.5	54.0	14.9	159.2	282.0	98.0	82.0	.0	
57.8	45.8	13.2	251.3	630.6	35.0	.0	.0	
56.3	43.4	12.7	246.3	622.8	48.0	.0	.0	
61.9	52.6	15.5	201.3	407.2	93.0	4.0	.0	
55.0	39.5	15.1	274.2	651.4	52.0	.0	.0	
57.3	43.9	11.1	120.0	512.4	67.0	6.0	.0	
61.9	58.2	12.1	93.3	310.3	96.0	19.0	.0	
64.5	58.6	16.2	89.2	369.2	98.0	32.0	.0	
66.9	64.4	13.1	133.8	260.1	98.0	140.0	.0	
70.8	67.1	13.1	133.8	363.4	82.0	.0	.0	
77.5	67.2	17.3	172.5	633.9	27.0	.0	.0	
69.4	62.5	10.2	201.3	373.1	73.0	.0	.0	
64.2	50.2	7.6	213.3	702.3	18.0	.0	.0	
60.1	46.2	7.1	242.9	543.9	38.0	.0	.0	
60.9	46.6	6.9	159.6	644.1	48.0	.0	.0	
65.0	54.2	9.7	171.3	460.7	88.0	53.0	.0	
62.3	56.2	10.1	183.8	424.9	69.0	.0	.0	
64.0	59.4	13.0	170.4	407.8	59.0	27.0	.0	
75.7	66.8	7.9	152.5	545.9	86.0	.0	.0	
70.7	62.2	11.2	157.5	532.9	64.0	.0	.0	
67.9	61.0	11.8	228.8	496.3	58.0	.0	.0	
60.2	46.3	12.7	170.0	672.0	56.0	.0	.0	
   6    30    1974
63.7	49.5	5.9	112.1	643.4	33.0	.0	.0	
69.1	55.3	8.8	170.4	567.7	53.0	4.0	.0	
74.8	60.9	15.4	186.3	688.5	49.0	7.0	.0	
71.9	62.6	13.5	175.0	463.5	87.0	.0	.0	
73.0	63.1	13.5	173.8	614.7	88.0	67.0	.0	
67.0	61.7	9.5	217.1	371.8	89.0	10.0	.0	
62.9	57.1	7.2	194.2	397.5	86.0	224.0	.0	
59.7	56.3	15.1	105.0	244.0	93.0	160.0	.0	
62.7	57.7	17.9	215.4	370.3	92.0	.0	.0	
64.7	50.9	13.9	262.1	666.7	34.0	.0	.0	
63.1	51.6	10.8	217.9	654.2	49.0	8.0	.0	
63.6	50.1	7.0	143.8	632.9	38.0	.0	.0	
72.3	59.9	7.1	212.1	690.3	41.0	.0	.0	
76.0	60.7	10.2	246.7	697.6	35.0	.0	.0	
67.9	47.6	15.4	305.8	745.4	16.0	.0	.0	
60.1	43.9	11.7	300.8	706.3	10.0	.0	.0	
64.5	49.8	4.3	182.5	680.7	30.0	.0	.0	
77.5	63.9	9.4	159.6	665.8	15.0	.0	.0	
83.2	69.3	6.9	108.8	667.8	18.0	.0	.0	
87.5	69.6	11.6	175.8	653.4	24.0	.0	.0	
89.0	65.8	9.3	157.9	649.0	30.0	.0	.0	
69.6	57.7	15.8	143.3	576.3	49.0	.0	.0	
67.6	51.0	8.0	62.5	664.5	13.0	.0	.0	
65.4	50.7	5.1	99.6	692.5	20.0	.0	.0	
67.5	48.1	4.4	75.4	711.4	8.0	.0	.0	
70.2	49.3	9.4	145.0	732.4	6.0	.0	.0	
73.4	52.3	12.3	173.8	716.5	22.0	.0	.0	
75.9	55.3	13.1	172.5	656.3	18.0	.0	.0	
81.4	62.2	10.6	214.2	656.1	45.0	.0	.0	
74.8	51.6	7.4	241.3	639.1	35.0	.0	.0	
   7    31    1974
82.3	59.5	14.8	177.1	600.0	50.0	.0	.0	
90.3	63.3	18.8	197.9	611.2	42.0	.0	.0	
80.6	69.5	12.2	211.7	455.4	71.0	.0	.0	
74.2	61.4	9.0	165.8	652.1	22.0	.0	.0	
77.1	59.8	10.7	152.5	726.4	5.0	.0	.0	
80.5	63.1	13.3	167.5	703.4	14.0	.0	.0	
85.9	67.3	12.8	166.7	704.9	3.0	.0	.0	
87.6	63.5	13.4	178.8	698.3	26.0	.0	.0	
87.2	65.1	12.0	164.6	582.2	63.0	.0	.0	
78.5	67.9	10.3	150.8	384.6	83.0	.0	.0	
84.9	66.8	13.4	150.8	654.9	57.0	.0	.0	
87.9	63.8	11.9	172.9	661.2	20.0	.0	.0	
87.3	64.5	10.3	173.3	678.3	27.0	.0	.0	
82.9	67.1	9.2	135.8	608.3	65.0	.0	.0	
76.5	57.5	7.8	155.0	677.8	38.0	.0	.0	
78.8	57.9	12.3	168.3	703.1	11.0	.0	.0	
85.2	61.0	11.6	185.4	651.3	30.0	.0	.0	
88.5	62.6	11.1	182.5	682.6	2.0	.0	.0	
89.1	62.4	9.4	185.0	682.9	2.0	.0	.0	
87.7	62.6	5.5	127.9	668.8	33.0	.0	.0	
89.4	65.7	8.7	182.9	650.4	23.0	.0	.0	
82.5	65.4	9.1	159.6	664.0	43.0	.0	.0	
79.5	59.7	6.4	160.0	694.4	8.0	.0	.0	
82.0	61.2	11.0	174.6	658.3	57.0	.0	.0	
82.3	63.5	6.4	189.6	617.5	41.0	.0	.0	
83.7	64.7	9.2	173.8	675.1	8.0	.0	.0	
84.0	61.9	11.6	144.2	546.1	67.0	.0	.0	
80.3	62.3	11.2	327.5	659.8	28.0	.0	.0	
71.5	48.3	8.6	188.8	687.1	12.0	.0	.0	
71.7	50.0	4.1	98.8	669.4	38.0	.0	.0	
71.3	58.2	11.1	124.2	348.3	95.0	.0	.0	
   8    31    1974
66.9	61.4	7.4	51.7	339.1	72.0	.0	.0	
66.7	53.7	12.4	270.0	498.7	41.0	.0	.0	
62.8	47.1	12.8	267.1	563.3	33.0	.0	.0	
64.1	46.9	4.0	137.5	683.0	24.0	.0	.0	
66.6	51.1	4.2	91.3	400.0	64.0	.0	.0	
65.9	56.8	5.4	154.2	341.3	53.0	43.0	.0	
65.6	60.0	7.8	132.5	259.7	66.0	.0	.0	
73.1	65.3	9.7	144.6	324.4	88.0	24.0	.0	
72.0	69.1	6.6	126.7	265.6	97.0	101.0	.0	
72.7	65.6	7.2	257.5	471.8	87.0	7.0	.0	
71.5	58.4	9.2	231.7	595.9	16.0	.0	.0	
79.4	66.8	10.0	200.0	626.6	13.0	.0	.0	
69.3	62.8	10.8	186.3	291.7	81.0	105.0	.0	
72.3	66.0	10.0	151.7	420.6	80.0	24.0	.0	
74.8	69.3	9.5	169.6	369.8	69.0	67.0	.0	
76.0	67.3	6.3	184.2	564.8	48.0	74.0	.0	
67.4	64.3	5.7	142.5	243.3	55.0	38.0	.0	
73.1	64.4	6.4	132.5	617.3	13.0	.0	.0	
77.2	67.0	13.3	162.1	579.9	40.0	.0	.0	
82.5	69.1	14.8	172.9	589.8	47.0	.0	.0	
75.9	70.6	8.4	219.6	275.7	85.0	19.0	.0	
70.3	63.0	8.8	142.9	481.7	73.0	.0	.0	
67.5	57.7	6.3	106.3	537.8	57.0	.0	.0	
69.1	58.9	9.6	145.0	517.5	72.0	.0	.0	
78.3	67.3	11.6	185.4	511.7	62.0	.0	.0	
81.0	67.8	10.6	190.0	554.0	71.0	.0	.0	
65.9	57.1	9.9	100.8	490.7	89.0	10.0	.0	
61.9	53.8	6.7	196.3	482.2	49.0	.0	.0	
62.0	54.7	4.5	102.9	358.7	66.0	.0	.0	
65.7	57.2	8.1	190.8	398.9	69.0	.0	.0	
57.3	51.8	6.2	208.3	243.9	90.0	18.0	.0	
   9    30    1974
55.9	51.0	9.9	128.3	225.8	98.0	13.0	.0	
53.9	48.7	11.2	282.9	332.3	68.0	10.0	.0	
52.0	42.3	7.2	175.8	578.1	6.0	.0	.0	
56.8	46.1	8.9	164.2	561.2	3.0	.0	.0	
58.8	48.4	13.2	170.0	541.0	43.0	3.0	.0	
60.6	55.8	13.0	169.2	310.3	70.0	.0	.0	
67.6	60.6	8.3	173.3	519.3	28.0	7.0	.0	
70.7	62.2	11.0	168.3	521.1	9.0	.0	.0	
70.3	61.9	10.2	174.6	387.6	48.0	.0	.0	
75.0	67.4	16.3	185.4	493.3	44.0	.0	.0	
66.0	63.8	11.0	222.5	218.4	88.0	38.0	.0	
50.6	47.0	14.9	337.1	221.6	81.0	111.0	.0	
48.2	39.4	6.6	241.3	499.8	13.0	.0	.0	
58.2	44.1	11.3	207.5	532.6	13.0	.0	.0	
63.7	54.0	5.4	130.0	490.7	54.0	.0	.0	
64.0	55.4	5.2	155.8	492.5	7.0	.0	.0	
67.3	57.0	7.1	192.9	498.2	2.0	.0	.0	
68.5	56.4	4.8	124.6	484.9	2.0	.0	.0	
65.7	52.7	11.0	183.8	449.5	35.0	.0	.0	
58.6	49.5	7.0	290.8	222.1	87.0	5.0	.0	
51.8	40.1	9.1	260.4	495.2	11.0	.0	.0	
52.4	37.6	9.4	136.3	457.7	33.0	.0	.0	
60.6	45.1	17.1	185.0	357.9	44.0	.0	.0	
59.2	47.9	11.5	185.0	473.6	18.0	.0	.0	
61.2	46.3	5.0	130.0	469.5	2.0	.0	.0	
68.0	51.0	11.8	178.3	461.6	2.0	.0	.0	
65.5	55.8	14.3	239.2	224.8	68.0	.0	.0	
51.5	34.2	14.7	286.7	382.2	46.0	.0	.0	
55.3	34.1	9.8	220.0	447.5	2.0	.0	.0	
43.5	28.0	8.0	258.8	447.8	17.0	.0	.0	
  10    31    1974
42.6	27.6	6.7	158.8	293.7	56.0	.0	.0	
45.8	25.4	10.9	175.0	428.0	17.0	.0	.0	
61.5	45.0	15.8	173.3	393.4	37.0	.0	.0	
66.9	54.8	16.3	208.3	230.0	36.0	.0	.0	
48.7	46.6	10.7	192.1	154.0	72.0	180.0	.0	
44.7	36.6	13.8	300.0	344.6	82.0	2.0	.0	
44.2	32.3	8.9	151.7	420.0	15.0	.0	.0	
54.4	42.5	7.2	220.8	408.6	7.0	.0	.0	
52.6	42.5	5.5	175.8	400.4	2.0	.0	.0	
66.5	49.2	13.8	181.3	390.1	24.0	5.0	.0	
62.2	58.4	8.0	167.1	159.0	82.0	.0	.0	
50.3	46.5	12.9	229.2	148.1	92.0	.0	.0	
51.2	50.1	5.8	224.2	145.8	88.0	.0	.0	
48.0	34.3	14.4	282.5	274.4	43.0	.0	.0	
46.5	30.3	7.5	138.3	345.8	39.0	.0	.0	
55.0	37.3	5.4	157.9	367.9	15.0	.0	.0	
60.0	42.1	5.1	216.3	360.2	10.0	.0	.0	
54.6	37.0	9.5	207.9	310.6	55.0	.0	.0	
53.4	36.7	6.5	145.4	269.7	61.0	.0	.0	
51.1	32.6	13.0	140.4	344.3	20.0	.0	.0	
57.1	40.6	17.4	169.6	329.6	4.0	.0	.0	
60.3	51.0	10.4	219.6	258.0	46.0	.0	.0	
59.3	53.4	5.7	108.8	226.6	48.0	.0	.0	
63.4	58.3	5.9	137.1	196.2	84.0	.0	.0	
59.5	38.2	8.6	172.5	213.8	93.0	.0	.0	
58.3	44.0	5.5	169.6	292.6	36.0	.0	.0	
62.0	55.4	11.0	177.5	191.0	80.0	.0	.0	
62.9	57.6	12.7	162.5	194.5	98.0	34.0	.0	
61.2	57.5	7.7	172.5	225.2	71.0	2.0	.0	
58.7	57.9	9.7	119.2	85.5	97.0	.0	.0	
60.1	55.5	10.3	200.4	146.8	93.0	85.0	.0	
  11    30    1974
54.1	49.5	9.0	168.8	274.7	38.0	.0	.0	
48.2	40.2	11.3	195.8	227.0	92.0	.0	.0	
41.4	36.0	12.8	214.2	123.5	93.0	20.0	.0	
37.6	31.3	7.5	285.8	252.0	63.0	.0	.0	
37.2	29.1	10.3	190.0	122.2	98.0	.0	.0	
38.7	29.9	6.5	150.4	285.7	6.0	.0	.0	
47.1	38.8	11.4	179.2	266.9	10.0	.0	.0	
48.1	41.5	11.4	174.6	140.5	77.0	.0	.0	
48.1	44.7	9.1	162.5	81.9	98.0	45.0	.0	
47.3	43.9	10.1	305.4	137.4	83.0	.0	.0	
40.5	29.3	11.7	284.6	203.8	37.0	.0	.0	
37.9	26.3	13.1	272.9	208.1	43.0	.0	.0	
32.9	25.3	16.5	199.6	106.6	96.0	.0	.0	
31.2	22.2	12.5	275.8	172.6	71.0	.0	.0	
33.8	25.1	6.5	140.4	245.7	32.0	.0	.0	
40.5	29.4	5.8	165.4	234.6	35.0	.0	.0	
45.5	35.3	9.5	167.5	260.3	8.0	.0	.0	
47.3	42.6	13.0	187.9	109.7	98.0	.0	.0	
51.0	36.8	14.0	288.3	199.8	55.0	.0	.0	
41.3	27.7	8.5	243.3	220.6	27.0	.0	.0	
41.4	27.7	9.5	155.4	235.1	34.0	.0	.0	
51.2	41.5	10.0	170.8	225.2	30.0	.0	.0	
39.6	33.1	18.0	316.7	95.8	86.0	.0	.0	
32.9	22.9	11.2	296.3	235.3	2.0	.0	.0	
31.3	20.1	11.4	107.9	181.0	58.0	.0	.0	
40.1	25.3	15.2	251.3	153.0	49.0	.0	.0	
36.9	17.5	10.9	280.0	231.5	40.0	.0	.0	
27.5	15.9	13.3	297.1	156.3	93.0	.0	.0	
26.3	21.3	12.9	321.7	100.1	98.0	.0	.0	
28.8	25.4	19.7	355.0	104.6	98.0	.0	.0	
  12    31    1974
25.7	20.5	14.3	348.3	214.8	40.0	.0	.0	
16.0	13.5	6.4	266.3	213.0	58.0	.0	.0	
18.9	16.1	4.5	144.6	196.7	50.0	.0	2.5	
31.3	23.2	11.3	166.7	205.3	61.0	.0	.0	
37.8	30.9	8.4	152.9	200.0	39.0	.0	.0	
35.6	31.9	12.2	345.4	88.4	98.0	.0	.0	
30.9	24.0	19.9	345.4	176.0	51.0	.0	.0	
17.9	5.1	13.6	285.4	187.1	52.0	.0	.0	
30.0	18.0	7.2	155.4	202.9	3.0	.0	.0	
34.6	22.9	3.7	137.9	191.4	7.0	.0	.0	
32.2	24.9	3.3	151.7	144.1	53.0	.0	.0	
37.4	27.0	8.2	182.9	157.9	71.0	.0	.0	
34.9	27.8	7.7	251.3	106.4	80.0	.0	.0	
33.0	29.5	12.4	130.4	88.1	92.0	.0	.0	
33.7	28.8	20.9	330.0	115.6	98.0	40.0	.0	
25.1	17.0	16.2	327.9	163.7	88.0	.0	.0	
18.8	13.1	5.2	209.2	193.1	28.0	.0	.0	
27.6	21.1	8.7	237.9	120.2	60.0	.0	10.2	
28.1	19.5	5.8	145.8	178.7	82.0	.0	.0	
28.9	25.4	8.4	322.1	82.4	98.0	.0	2.5	
25.0	21.5	7.9	183.3	175.8	71.0	.0	.0	
37.7	29.2	11.8	190.0	186.7	45.0	.0	.0	
30.3	22.3	10.5	267.5	166.9	61.0	.0	.0	
21.4	12.4	13.0	333.8	138.0	80.0	.0	.0	
22.5	13.5	8.8	210.4	211.6	13.0	.0	.0	
31.0	22.6	11.5	185.0	126.7	94.0	.0	22.9	
33.8	30.4	7.8	181.7	108.2	84.0	5.0	.0	
33.3	29.1	9.3	163.8	212.1	4.0	.0	.0	
30.0	25.9	10.8	276.7	161.6	74.0	.0	.0	
29.6	22.6	2.9	70.8	169.3	60.0	.0	.0	
31.8	23.9	9.6	222.5	189.1	50.0	.0	.0	
