   1    31    1964
40.3	22.4	13.3	301.7	198.0	22.0	.0	.0	
42.1	23.2	18.6	305.4	146.5	70.0	.0	.0	
27.5	16.2	11.9	292.5	204.2	2.0	.0	.0	
32.6	12.2	11.5	287.5	110.7	63.0	.0	.0	
24.5	13.5	16.4	299.6	191.3	8.0	.0	.0	
30.9	13.8	16.0	275.8	139.5	58.0	.0	.0	
27.9	19.1	11.7	263.8	109.1	98.0	.0	7.6	
17.4	8.5	18.2	325.8	193.9	33.0	.0	.0	
18.0	5.5	10.2	258.3	216.4	44.0	.0	.0	
21.9	13.8	9.9	244.6	83.7	81.0	.0	.0	
11.7	5.1	10.5	236.7	97.4	72.0	.0	.0	
4.1	-1.1	7.8	281.3	199.8	10.0	.0	.0	
11.2	-.2	7.6	232.5	218.6	16.0	.0	.0	
17.1	5.0	10.0	309.2	231.6	2.0	.0	.0	
20.4	9.9	12.3	280.8	212.6	18.0	.0	.0	
31.4	14.2	12.1	259.2	109.1	71.0	.0	.0	
39.9	16.8	23.4	275.4	215.2	55.0	.0	.0	
36.8	15.1	16.2	249.2	149.6	71.0	.0	.0	
30.1	12.4	17.9	277.9	236.4	30.0	.0	.0	
44.5	17.3	16.0	265.4	171.8	50.0	.0	.0	
36.7	13.8	10.3	260.8	180.0	34.0	.0	.0	
32.9	18.8	10.6	154.6	196.5	78.0	1.0	.0	
25.7	13.1	20.6	236.3	132.4	78.0	.0	.0	
24.8	8.5	25.3	305.0	245.9	34.0	.0	.0	
37.2	17.3	23.7	294.2	173.8	55.0	.0	.0	
35.3	20.0	16.1	297.9	155.5	46.0	.0	.0	
28.2	14.6	10.5	243.8	245.0	36.0	.0	.0	
30.2	12.3	13.1	251.3	210.2	28.0	.0	.0	
31.7	7.3	8.6	180.0	271.6	5.0	.0	.0	
32.4	15.1	11.8	272.1	244.6	28.0	.0	.0	
28.9	13.7	12.4	313.8	229.4	17.0	.0	.0	
   2    29    1964
34.0	16.2	12.1	166.7	129.7	85.0	4.0	.0	
24.5	18.9	12.2	211.7	219.2	65.0	.0	10.2	
21.3	15.3	9.5	262.1	209.3	84.0	.0	.0	
25.3	15.1	9.5	309.2	288.4	15.0	.0	.0	
28.4	16.7	21.9	321.7	151.5	62.0	.0	.0	
20.3	7.4	23.8	317.1	286.1	69.0	.0	.0	
30.0	17.6	20.9	302.1	124.7	97.0	.0	.0	
29.3	15.7	20.6	306.3	251.6	36.0	.0	.0	
33.4	19.2	15.6	312.1	179.3	80.0	.0	.0	
35.4	28.7	14.4	162.5	257.4	62.0	.0	.0	
34.7	25.9	11.8	158.8	130.6	76.0	.0	.0	
28.6	19.3	13.6	307.1	202.6	59.0	.0	.0	
27.3	11.2	8.0	254.2	304.5	39.0	.0	.0	
24.5	17.1	17.5	172.9	135.1	82.0	.0	2.5	
21.5	9.8	13.2	217.1	338.8	25.0	.0	.0	
25.3	13.6	12.4	227.5	235.2	63.0	.0	.0	
30.4	16.2	18.5	294.6	240.2	63.0	.0	.0	
27.6	18.0	22.0	321.7	231.3	53.0	.0	.0	
25.7	19.8	17.7	267.5	152.4	93.0	.0	10.2	
21.1	13.0	16.4	324.6	149.7	68.0	.0	.0	
22.6	12.4	12.4	299.2	326.1	29.0	.0	.0	
26.7	17.4	23.4	326.3	276.3	75.0	.0	.0	
23.0	8.5	16.2	287.5	308.1	43.0	.0	.0	
31.4	15.5	16.2	195.8	290.4	54.0	.0	7.6	
11.0	4.4	13.6	280.0	313.9	53.0	.0	22.9	
15.8	5.8	11.7	296.7	393.4	33.0	.0	.0	
23.2	14.4	21.2	310.4	310.2	62.0	.0	.0	
29.1	12.6	10.7	260.8	409.9	18.0	.0	.0	
33.0	15.2	15.6	309.2	205.8	52.0	.0	.0	
   3    31    1964
36.2	17.0	13.6	275.8	301.8	60.0	.0	.0	
31.7	23.1	17.1	106.7	174.4	93.0	.0	22.9	
23.3	18.6	14.2	233.3	273.3	76.0	.0	7.6	
22.5	14.5	12.6	305.8	396.9	20.0	.0	.0	
30.8	20.1	17.1	261.7	181.5	66.0	.0	.0	
21.1	14.9	11.6	228.8	196.5	75.0	.0	2.5	
19.3	14.8	13.6	126.3	196.9	72.0	.0	7.6	
21.8	12.5	12.0	293.8	437.2	31.0	.0	.0	
28.3	15.5	11.8	267.5	389.1	48.0	.0	.0	
27.0	21.6	11.2	290.0	194.8	75.0	.0	5.1	
29.1	13.9	14.1	269.6	436.7	34.0	.0	.0	
40.3	20.1	9.5	220.4	258.5	86.0	.0	.0	
32.0	17.1	16.0	314.6	267.3	59.0	.0	.0	
32.0	15.4	16.8	291.7	469.3	39.0	.0	.0	
41.0	17.4	23.0	299.6	449.2	33.0	.0	.0	
36.6	18.8	14.4	297.5	461.3	18.0	.0	.0	
41.2	19.9	10.4	246.3	289.5	49.0	.0	.0	
44.2	22.8	15.9	213.8	444.0	63.0	.0	.0	
28.9	21.0	28.0	342.9	234.6	98.0	.0	7.6	
28.5	13.9	16.1	270.4	493.3	31.0	.0	.0	
38.1	16.5	16.1	140.4	457.2	47.0	.0	.0	
36.6	23.2	18.8	125.8	364.6	91.0	.0	.0	
16.0	4.9	26.0	326.7	450.7	79.0	.0	10.2	
12.1	4.4	11.4	130.4	237.3	98.0	.0	5.1	
15.3	7.8	6.1	102.9	452.5	65.0	.0	27.9	
27.1	14.2	8.4	199.2	391.6	69.0	.0	.0	
26.1	17.0	8.9	70.0	289.6	82.0	.0	.0	
28.9	12.9	12.8	280.0	408.5	72.0	.0	.0	
34.8	19.4	11.2	195.0	543.1	22.0	.0	.0	
43.7	20.4	11.1	287.9	556.3	13.0	.0	.0	
51.2	19.7	9.0	237.5	510.4	40.0	.0	.0	
   4    30    1964
52.5	28.6	10.9	200.8	317.1	74.0	1.0	.0	
40.4	37.3	18.9	253.3	142.6	98.0	80.0	.0	
29.7	27.3	16.9	60.8	279.8	98.0	.0	165.1	
30.9	27.3	6.1	120.8	335.5	98.0	.0	7.6	
33.1	27.2	7.1	231.7	332.8	92.0	.0	.0	
33.8	27.0	20.6	334.2	267.5	95.0	.0	.0	
31.0	21.6	16.9	307.5	313.4	64.0	.0	.0	
36.3	24.3	12.1	230.4	581.0	2.0	.0	.0	
43.2	27.9	13.1	275.4	602.5	3.0	.0	.0	
44.6	31.1	8.8	206.7	271.4	47.0	.0	.0	
47.6	28.6	13.2	259.6	507.8	45.0	.0	.0	
37.7	24.6	26.9	286.7	310.9	71.0	9.0	.0	
36.3	21.1	20.4	302.1	367.0	59.0	.0	.0	
48.6	25.0	13.8	290.4	568.8	34.0	.0	.0	
61.0	24.0	19.2	275.0	623.9	25.0	.0	.0	
63.5	20.3	19.8	248.8	474.2	69.0	.0	.0	
40.4	19.9	15.0	191.3	391.0	85.0	.0	.0	
47.2	27.8	17.4	138.3	344.3	66.0	.0	.0	
47.2	33.4	12.8	79.6	419.2	82.0	2.0	.0	
40.7	37.8	13.5	206.3	187.1	98.0	80.0	.0	
49.9	34.7	13.5	265.0	535.0	74.0	.0	.0	
49.3	31.7	13.6	201.3	584.9	34.0	.0	.0	
54.6	36.5	21.5	133.8	539.8	76.0	.0	.0	
61.7	50.2	24.7	135.4	485.5	72.0	.0	.0	
48.1	31.8	17.3	259.6	434.9	55.0	.0	.0	
46.3	28.0	19.7	298.3	461.5	95.0	.0	.0	
43.7	23.7	39.3	329.6	291.6	98.0	.0	.0	
48.8	27.1	14.5	255.0	608.1	16.0	.0	.0	
51.6	31.7	13.2	128.3	670.0	3.0	.0	.0	
51.9	31.7	11.4	121.3	671.8	2.0	.0	.0	
   5    31    1964
52.6	43.5	15.7	130.0	335.3	60.0	6.0	.0	
52.3	42.0	16.7	174.2	291.1	89.0	6.0	.0	
47.4	15.4	22.2	272.9	569.4	38.0	.0	.0	
55.6	19.7	20.5	232.1	552.9	48.0	.0	.0	
52.6	32.1	15.2	241.3	508.7	43.0	.0	.0	
51.2	33.2	22.1	272.1	531.6	66.0	21.0	.0	
52.7	36.7	12.4	193.3	552.9	63.0	14.0	.0	
48.4	38.4	21.2	267.5	383.4	83.0	68.0	.0	
52.6	38.0	9.7	235.8	531.1	68.0	.0	.0	
58.3	36.4	6.9	237.9	667.1	28.0	.0	.0	
46.5	38.9	18.3	301.7	362.8	66.0	3.0	.0	
49.0	33.3	9.5	236.3	667.5	21.0	.0	.0	
62.9	38.2	13.6	133.8	634.4	33.0	.0	.0	
66.0	45.0	13.5	151.7	638.9	14.0	.0	.0	
67.2	43.2	11.0	224.2	616.3	48.0	.0	.0	
71.1	47.5	15.9	145.4	601.3	46.0	.0	.0	
75.6	39.8	9.6	223.3	575.7	38.0	.0	.0	
65.5	41.6	9.4	152.5	632.5	50.0	.0	.0	
67.6	47.8	9.2	129.2	687.4	5.0	.0	.0	
72.8	50.6	12.6	142.5	715.2	2.0	.0	.0	
75.9	42.8	7.4	165.8	555.0	50.0	.0	.0	
68.8	46.9	10.4	116.3	500.9	52.0	.0	.0	
66.0	40.6	10.7	230.0	544.6	33.0	.0	.0	
66.2	35.9	15.9	165.0	691.5	22.0	.0	.0	
73.2	43.4	8.5	157.9	414.3	93.0	.0	.0	
53.4	42.0	9.2	84.2	270.8	98.0	3.0	.0	
48.9	44.0	14.7	130.4	288.2	98.0	10.0	.0	
53.2	43.7	16.7	136.3	341.7	95.0	2.0	.0	
50.9	45.7	13.2	114.2	301.7	98.0	3.0	.0	
46.6	36.6	10.3	138.3	290.7	93.0	1.0	.0	
52.4	38.7	9.8	142.5	396.4	88.0	8.0	.0	
   6    30    1964
50.3	38.3	7.9	150.0	396.0	82.0	.0	.0	
55.2	35.2	7.4	175.0	744.2	30.0	.0	.0	
62.0	45.5	11.7	191.7	536.4	98.0	18.0	.0	
59.9	48.6	11.3	187.9	415.5	70.0	15.0	.0	
63.0	49.9	11.3	160.8	397.8	82.0	3.0	.0	
66.3	49.4	8.0	198.8	532.9	43.0	.0	.0	
72.9	52.5	16.0	148.3	486.6	78.0	.0	.0	
59.8	45.4	13.3	298.8	365.0	64.0	11.0	.0	
59.9	41.6	17.2	212.1	635.9	42.0	.0	.0	
58.9	46.7	12.2	136.7	475.6	50.0	3.0	.0	
66.0	41.9	13.7	256.3	645.0	41.0	.0	.0	
64.8	39.4	7.4	240.4	579.2	38.0	.0	.0	
62.8	49.4	8.5	108.8	403.2	68.0	14.0	.0	
60.5	52.1	6.1	186.3	366.6	73.0	.0	.0	
67.6	51.4	14.4	150.0	544.5	43.0	.0	.0	
76.7	56.2	11.7	137.5	503.4	73.0	.0	.0	
71.7	51.3	12.4	243.8	586.5	69.0	.0	.0	
66.0	37.0	18.1	276.7	671.0	32.0	.0	.0	
65.7	41.1	9.6	283.8	491.5	63.0	3.0	.0	
61.4	44.0	8.5	223.3	485.3	88.0	7.0	.0	
61.1	51.3	10.2	164.2	408.4	79.0	62.0	.0	
54.5	46.5	16.3	286.3	373.4	59.0	5.0	.0	
63.4	45.7	10.1	268.3	745.6	2.0	.0	.0	
71.8	45.8	7.1	131.7	722.1	2.0	.0	.0	
75.6	46.8	7.6	142.1	710.3	4.0	.0	.0	
77.5	45.8	9.7	118.3	648.2	16.0	.0	.0	
78.2	44.7	11.2	137.9	627.9	43.0	.0	.0	
75.6	50.3	8.2	180.4	505.0	57.0	.0	.0	
74.7	50.5	8.5	204.2	533.1	75.0	2.0	.0	
73.8	55.5	7.5	173.3	626.5	52.0	4.0	.0	
   7    31    1964
74.9	52.1	8.9	212.9	686.9	14.0	.0	.0	
79.0	50.4	10.8	157.1	582.0	38.0	.0	.0	
75.4	56.5	9.2	153.8	726.6	2.0	.0	.0	
79.6	58.3	9.6	144.6	630.0	42.0	.0	.0	
80.5	49.2	8.8	197.5	602.5	30.0	.0	.0	
76.6	58.5	9.1	109.6	633.7	20.0	.0	.0	
74.7	56.0	9.7	122.1	513.2	46.0	2.0	.0	
71.9	56.2	9.1	120.4	683.7	34.0	44.0	.0	
74.1	59.2	9.2	170.8	576.0	50.0	.0	.0	
76.3	55.9	10.5	252.9	440.9	63.0	.0	.0	
69.8	54.0	9.6	170.8	541.3	35.0	6.0	.0	
67.9	49.8	7.1	195.0	723.5	2.0	.0	.0	
74.9	47.6	8.9	145.0	684.4	37.0	.0	.0	
81.0	52.8	10.2	297.5	663.4	51.0	.0	.0	
80.2	54.5	8.1	263.8	615.3	61.0	.0	.0	
82.6	54.4	8.1	189.6	661.2	41.0	.0	.0	
80.5	58.6	9.3	108.8	633.4	33.0	.0	.0	
77.1	60.6	11.0	120.8	712.9	5.0	.0	.0	
79.2	57.1	10.1	162.1	694.8	7.0	.0	.0	
78.9	58.3	11.9	103.3	687.8	14.0	.0	.0	
83.7	55.9	9.1	154.2	586.7	45.0	11.0	.0	
82.9	53.9	7.7	192.9	645.3	38.0	.0	.0	
82.1	54.9	10.4	166.7	518.5	62.0	.0	.0	
74.1	56.8	10.5	116.3	585.1	44.0	.0	.0	
73.8	57.8	10.3	113.3	632.0	33.0	.0	.0	
79.2	55.8	11.1	151.3	679.9	19.0	3.0	.0	
76.6	58.3	10.9	120.0	660.6	27.0	.0	.0	
74.9	53.8	10.3	130.8	698.0	13.0	.0	.0	
75.1	57.2	12.6	139.6	554.4	31.0	3.0	.0	
80.2	54.2	7.5	182.1	611.1	50.0	.0	.0	
81.4	57.6	8.7	239.2	500.3	83.0	.0	.0	
   8    31    1964
80.4	59.6	5.7	234.6	543.7	54.0	.0	.0	
78.6	55.0	9.3	160.8	505.0	70.0	.0	.0	
77.0	59.1	7.8	133.3	301.9	95.0	.0	.0	
78.0	59.9	9.2	134.6	620.4	27.0	.0	.0	
79.2	58.9	11.5	173.3	570.6	79.0	10.0	.0	
72.7	52.2	8.2	165.0	347.0	62.0	.0	.0	
69.5	51.7	9.5	117.1	555.3	35.0	.0	.0	
76.5	59.7	11.2	147.5	553.7	35.0	.0	.0	
78.9	53.3	8.6	228.8	636.8	20.0	.0	.0	
73.6	47.5	11.0	212.1	648.6	5.0	.0	.0	
64.3	42.4	13.2	250.0	610.2	28.0	.0	.0	
65.1	42.0	13.9	114.6	634.7	18.0	.0	.0	
63.8	49.4	13.2	120.8	552.1	52.0	3.0	.0	
69.9	50.3	12.4	144.6	519.7	56.0	.0	.0	
69.4	57.4	10.3	145.0	600.1	26.0	.0	.0	
69.0	58.1	10.4	137.5	319.5	83.0	.0	.0	
71.5	55.4	7.8	164.2	620.6	20.0	.0	.0	
75.9	50.5	12.4	125.4	608.6	11.0	.0	.0	
73.1	49.8	14.0	217.9	367.6	61.0	.0	.0	
60.8	37.2	13.4	281.3	571.6	63.0	.0	.0	
59.0	39.8	24.3	286.3	277.1	95.0	.0	.0	
60.3	36.6	16.4	244.2	585.4	23.0	.0	.0	
63.6	40.5	9.5	110.8	559.4	35.0	.0	.0	
55.1	43.1	11.0	238.3	461.6	48.0	.0	.0	
62.2	44.5	11.0	90.4	572.3	25.0	.0	.0	
70.3	42.0	9.2	177.9	463.9	78.0	.0	.0	
56.5	45.6	10.5	230.0	289.6	64.0	6.0	.0	
63.3	39.8	10.0	117.5	534.7	33.0	.0	.0	
59.5	35.2	21.9	258.8	585.5	17.0	.0	.0	
63.2	38.4	9.1	145.8	593.2	6.0	.0	.0	
72.6	56.1	15.4	127.9	454.1	36.0	.0	.0	
   9    30    1964
74.2	50.1	9.0	142.1	513.9	18.0	.0	.0	
65.9	41.4	11.6	276.7	549.2	18.0	.0	.0	
60.8	27.8	11.4	265.4	588.3	2.0	.0	.0	
60.6	38.8	12.3	111.7	567.6	2.0	.0	.0	
66.8	42.3	9.1	124.2	560.3	5.0	.0	.0	
65.2	48.6	8.8	175.8	355.1	51.0	.0	.0	
63.0	51.6	8.8	107.9	518.3	15.0	.0	.0	
68.9	51.1	7.5	118.3	431.6	53.0	.0	.0	
69.0	50.8	9.6	178.3	320.5	50.0	2.0	.0	
59.7	43.0	11.5	88.8	479.3	38.0	.0	.0	
52.9	39.6	13.3	120.0	375.9	43.0	.0	.0	
56.1	43.8	8.8	118.3	533.1	2.0	.0	.0	
63.3	37.6	8.6	197.9	525.4	4.0	.0	.0	
59.9	35.5	8.3	169.2	398.7	48.0	.0	.0	
55.2	51.8	8.1	125.0	156.7	88.0	2.0	.0	
56.2	48.5	6.6	167.1	421.4	30.0	.0	.0	
61.7	45.0	6.9	117.1	497.5	10.0	.0	.0	
61.3	39.0	8.8	124.2	312.6	64.0	1.0	.0	
49.7	40.1	6.7	205.0	207.7	83.0	4.0	.0	
53.9	37.7	8.2	139.2	493.9	2.0	.0	.0	
54.9	40.7	5.9	185.8	471.8	45.0	.0	.0	
55.9	37.8	9.7	222.9	473.6	2.0	.0	.0	
49.4	32.0	8.0	272.9	291.8	45.0	.0	.0	
55.3	35.4	7.0	247.5	470.4	17.0	.0	.0	
66.8	34.3	11.0	205.4	478.0	25.0	.0	.0	
45.2	26.5	22.1	308.3	391.8	22.0	.0	.0	
46.8	25.3	9.4	125.0	474.2	2.0	.0	.0	
55.8	27.5	9.3	125.8	469.2	12.0	.0	.0	
58.2	33.4	9.9	108.3	341.3	38.0	.0	.0	
65.8	32.4	10.0	171.3	269.5	60.0	.0	.0	
  10    31    1964
60.4	29.3	17.8	289.2	403.3	29.0	.0	.0	
53.6	25.9	12.0	210.0	452.0	2.0	.0	.0	
53.3	22.4	14.9	267.9	395.9	18.0	.0	.0	
45.2	19.5	9.0	234.6	445.7	3.0	.0	.0	
43.2	18.9	7.3	218.8	434.0	2.0	.0	.0	
49.9	22.2	9.1	252.5	432.8	6.0	.0	.0	
53.0	25.4	15.1	301.7	216.2	43.0	.0	.0	
46.0	26.3	9.4	213.3	370.4	22.0	.0	.0	
48.9	30.5	13.1	120.0	394.0	41.0	.0	.0	
55.0	32.1	12.1	192.5	228.0	68.0	.0	.0	
49.5	33.9	11.1	270.0	266.5	41.0	.0	.0	
48.2	25.0	10.2	230.4	385.4	22.0	.0	.0	
48.8	20.4	10.1	202.9	382.9	2.0	.0	.0	
54.1	24.6	6.6	166.7	390.0	2.0	.0	.0	
57.3	23.9	9.2	250.8	384.5	2.0	.0	.0	
56.5	30.2	9.2	146.3	308.9	58.0	.0	.0	
45.9	21.0	11.8	232.5	330.0	67.0	.0	.0	
38.8	14.6	12.6	306.7	263.5	46.0	.0	.0	
39.9	15.5	12.4	304.6	337.6	14.0	.0	.0	
52.7	21.8	10.0	302.5	339.9	2.0	.0	.0	
53.0	19.2	7.2	252.9	324.6	3.0	.0	.0	
43.9	24.3	11.8	173.8	212.1	50.0	.0	.0	
40.6	24.8	9.6	122.9	320.2	33.0	.0	.0	
44.8	26.2	7.5	269.6	340.2	10.0	.0	.0	
45.4	20.8	9.5	220.8	335.9	2.0	.0	.0	
41.8	19.2	8.0	205.0	212.6	50.0	.0	.0	
45.9	20.5	8.8	161.3	322.1	40.0	.0	.0	
48.3	24.6	8.4	134.6	207.7	75.0	.0	.0	
52.1	25.2	7.3	149.2	281.4	20.0	.0	.0	
54.8	31.6	12.0	247.5	258.8	55.0	.0	.0	
46.8	40.7	14.0	288.8	113.9	80.0	8.0	.0	
  11    30    1964
49.7	36.4	7.7	213.8	286.4	57.0	.0	.0	
50.6	31.8	13.2	300.8	160.4	89.0	.0	.0	
43.2	28.2	14.5	291.7	250.3	27.0	.0	.0	
36.4	19.0	8.2	185.0	303.0	2.0	.0	.0	
41.0	21.4	9.3	163.8	299.1	2.0	.0	.0	
42.0	24.1	9.7	235.4	264.7	2.0	.0	.0	
41.5	20.6	8.2	236.7	292.2	2.0	.0	.0	
44.3	19.0	7.8	232.1	220.5	24.0	.0	.0	
49.2	18.4	11.5	213.3	241.6	73.0	.0	.0	
48.5	19.6	12.1	218.3	234.5	73.0	.0	.0	
41.9	22.4	15.1	249.6	113.8	92.0	.0	.0	
39.6	15.7	13.3	257.1	196.8	37.0	.0	.0	
40.4	21.4	14.1	171.7	269.5	16.0	.0	.0	
32.3	22.9	19.0	304.2	100.9	75.0	.0	.0	
26.5	19.1	8.9	163.8	129.2	91.0	.0	.0	
32.1	21.0	9.2	207.5	164.1	91.0	.0	.0	
30.5	20.6	10.7	225.4	112.5	83.0	.0	.0	
29.8	17.9	7.3	162.1	126.7	98.0	.0	.0	
30.0	18.7	15.4	295.4	133.8	87.0	.0	.0	
21.6	7.5	20.3	311.3	102.1	89.0	.0	2.5	
24.9	14.7	7.1	263.3	227.0	17.0	.0	.0	
35.4	19.0	5.2	282.9	239.6	4.0	.0	.0	
33.4	20.7	11.4	306.3	166.2	48.0	.0	.0	
39.5	21.0	15.9	214.6	148.9	63.0	.0	.0	
36.1	24.6	12.0	181.7	107.7	75.0	.0	.0	
25.0	19.3	15.3	139.2	101.0	84.0	.0	.0	
33.2	9.8	16.2	267.9	195.2	43.0	.0	.0	
22.7	11.3	10.1	109.2	186.0	44.0	.0	.0	
20.3	8.8	10.5	175.0	153.2	66.0	.0	.0	
37.6	19.2	9.2	155.0	158.1	78.0	.0	.0	
  12    31    1964
37.1	25.4	10.1	103.8	70.5	95.0	5.0	.0	
13.3	10.2	10.7	99.6	141.7	98.0	.0	68.6	
14.7	13.3	8.5	122.9	124.8	98.0	.0	.0	
17.2	15.7	5.4	203.3	157.8	83.0	.0	.0	
18.0	15.2	8.3	310.8	198.5	19.0	.0	.0	
16.0	12.2	7.9	309.6	202.8	6.0	.0	.0	
21.3	14.7	13.4	300.4	197.2	38.0	.0	.0	
25.4	15.1	7.9	280.0	192.9	50.0	.0	.0	
30.0	23.5	5.1	232.9	119.3	93.0	.0	.0	
27.3	19.4	7.1	231.7	198.4	23.0	.0	.0	
35.4	23.4	12.1	241.3	112.4	61.0	.0	.0	
17.1	12.5	8.4	249.2	175.3	32.0	.0	7.6	
24.4	10.1	21.7	287.5	200.1	4.0	.0	.0	
24.8	10.5	8.1	166.3	166.1	72.0	.0	.0	
37.4	21.0	18.4	222.1	189.2	56.0	6.0	.0	
-4.5	-10.9	16.6	300.8	113.1	98.0	.0	45.7	
-16.2	-26.2	10.3	220.4	207.3	6.0	.0	.0	
-2.8	-8.8	5.6	214.2	143.1	67.0	.0	.0	
20.7	13.1	7.3	200.0	175.4	68.0	.0	.0	
32.5	20.4	8.4	189.2	167.1	65.0	.0	.0	
41.5	26.4	8.9	216.3	154.2	92.0	.0	.0	
54.1	34.5	18.0	284.2	96.0	98.0	.0	.0	
55.3	35.6	25.3	281.3	94.0	94.0	.0	.0	
35.5	32.1	14.1	192.9	81.3	71.0	6.0	.0	
28.1	21.1	11.3	218.3	115.5	50.0	.0	.0	
24.1	18.8	6.3	108.3	125.9	24.0	.0	.0	
26.5	21.1	14.0	116.7	78.4	83.0	.0	.0	
30.4	23.5	5.8	192.5	187.7	50.0	.0	.0	
24.6	14.2	12.7	225.8	152.3	28.0	.0	.0	
23.2	4.8	8.6	161.3	192.9	5.0	.0	.0	
23.2	8.6	5.7	198.7	144.0	78.0	.0	.0	
