1 31 1992
50.1	44.8	7.6	48.2	262.6	15.4	.0	.0	
51.9	46.5	6.7	230.6	169.4	39.6	.0	.0	
50.7	41.5	6.2	212.6	272.3	15.0	.0	.0	
51.5	44.6	4.4	143.8	102.0	75.4	.0	.0	
55.0	51.3	4.1	159.8	96.4	100.0	.0	.0	
59.8	54.9	5.3	108.2	155.6	92.5	.0	.0	
61.8	56.6	12.1	103.8	180.2	75.4	19.7	.0	
63.2	63.1	7.1	183.0	97.7	97.1	448.8	.0	
56.3	44.6	10.4	298.2	114.8	98.3	.0	.0	
51.6	33.5	9.2	245.0	103.3	72.1	.0	.0	
45.2	38.6	9.1	71.4	99.3	91.7	15.7	.0	
52.3	51.2	9.9	96.6	99.8	100.0	98.4	.0	
56.7	48.6	16.5	215.4	231.1	59.2	3.9	.0	
42.1	27.2	11.6	244.2	284.2	6.7	.0	.0	
43.5	28.2	8.0	166.6	259.0	28.8	.0	.0	
36.6	23.1	8.8	214.6	158.8	64.6	.0	.0	
43.4	36.9	5.5	89.4	103.0	100.0	66.9	.0	
41.5	40.4	17.5	38.6	103.7	100.0	259.8	.0	
40.1	29.7	13.4	83.0	272.8	40.4	.0	.0	
40.5	28.8	4.1	193.0	299.2	5.4	.0	.0	
46.2	38.4	6.4	97.0	137.9	84.2	.0	.0	
56.8	55.1	8.1	147.4	112.2	97.9	23.6	.0	
51.4	37.2	13.4	295.0	208.3	22.1	.0	.0	
47.9	36.7	7.2	209.0	300.0	20.0	.0	.0	
51.8	44.7	6.1	143.8	145.0	75.0	.0	.0	
55.2	51.3	7.4	78.6	110.2	99.2	15.7	.0	
55.0	54.4	13.8	66.6	111.1	100.0	161.4	.0	
53.5	51.9	11.5	56.2	112.0	100.0	.0	.0	
54.0	53.6	7.7	127.8	112.9	100.0	15.7	.0	
54.5	52.5	7.6	289.4	113.9	90.0	.0	.0	
58.3	47.6	6.5	248.2	316.2	8.8	.0	.0	
2 29 1992
56.5	43.7	5.3	101.0	207.7	55.8	.0	.0	
56.7	47.2	8.0	65.0	117.0	92.9	.0	.0	
55.4	52.1	9.8	58.2	118.0	94.6	39.4	.0	
51.6	50.8	17.5	80.2	119.1	100.0	153.5	.0	
46.0	44.3	17.3	302.6	120.1	89.6	15.7	.0	
48.5	36.9	9.7	279.8	346.3	3.3	.0	.0	
51.4	34.8	8.2	283.8	349.5	5.4	.0	.0	
48.1	35.8	6.1	73.0	321.3	10.8	.0	.0	
45.7	34.8	8.4	61.0	177.1	34.6	.0	.0	
51.2	44.0	9.2	93.8	169.2	75.4	.0	.0	
57.3	50.6	7.4	111.8	140.4	91.2	.0	.0	
63.2	59.4	10.7	143.4	194.5	95.4	3.9	.0	
65.9	64.7	7.9	171.8	160.4	96.7	3.9	.0	
67.9	66.7	13.6	162.6	130.5	99.6	3.9	.0	
68.6	65.7	11.1	218.2	327.5	70.8	.0	.0	
63.8	61.1	8.5	84.6	198.9	94.6	59.1	.0	
63.5	61.5	8.0	183.4	186.1	86.7	11.8	.0	
64.2	45.5	7.7	233.4	370.7	68.8	.0	.0	
59.2	35.8	10.9	269.4	390.6	12.1	.0	.0	
54.9	40.4	8.4	86.2	209.9	81.7	.0	.0	
57.1	53.3	8.4	84.6	214.0	64.6	.0	.0	
62.2	61.3	12.4	151.8	148.6	88.3	90.6	.0	
64.6	61.3	6.7	179.4	247.2	61.7	.0	.0	
63.1	62.1	9.3	63.8	143.5	98.8	7.9	.0	
59.7	57.2	13.8	207.4	172.5	98.3	.0	.0	
49.9	38.7	11.8	307.8	210.3	94.6	.0	.0	
56.0	45.2	10.0	219.8	351.0	48.3	.0	.0	
59.5	47.4	9.6	247.8	425.6	.4	.0	.0	
63.7	53.7	8.7	197.0	429.7	.0	.0	.0	
3 31 1992
62.2	56.8	8.8	176.6	300.5	48.3	.0	.0	
63.5	58.9	7.6	159.4	319.9	67.1	.0	.0	
66.0	63.3	9.2	138.2	178.1	82.9	.0	.0	
69.1	66.2	15.8	143.0	156.0	99.2	66.9	.0	
67.5	66.1	12.5	163.4	187.3	98.3	35.4	.0	
67.8	65.3	8.4	173.4	294.7	76.7	.0	.0	
66.1	63.0	7.2	209.4	264.3	91.7	.0	.0	
67.9	65.0	10.7	132.6	206.1	93.8	.0	.0	
72.3	69.9	17.3	171.4	163.0	97.5	3.9	.0	
53.0	36.3	18.1	323.8	165.4	92.9	.0	.0	
45.1	28.0	7.3	119.4	165.8	100.0	.0	.0	
52.7	38.2	9.3	241.4	175.6	99.6	.0	.0	
54.7	38.9	8.9	101.4	480.4	21.2	.0	.0	
61.6	54.6	11.7	205.4	475.6	3.8	.0	.0	
66.2	59.9	12.1	213.4	441.2	12.1	.0	.0	
65.5	60.2	9.2	130.2	353.0	72.1	.0	.0	
68.3	65.8	14.0	145.4	174.8	93.8	.0	.0	
69.2	64.9	18.2	192.2	209.1	87.5	15.7	.0	
66.4	52.6	11.3	283.8	503.5	18.8	.0	.0	
57.3	44.1	6.8	103.0	328.4	71.2	.0	.0	
58.8	53.9	9.6	107.0	179.5	98.8	3.9	.0	
67.3	61.2	11.0	209.4	273.3	85.0	3.9	.0	
52.5	40.0	11.9	138.6	498.0	34.2	.0	.0	
54.9	46.3	9.6	107.0	478.7	35.4	.0	.0	
65.0	57.0	7.8	241.4	389.3	45.0	.0	.0	
63.2	54.8	6.4	162.6	449.3	39.2	.0	.0	
67.2	60.3	6.1	161.0	230.4	93.3	.0	.0	
64.4	62.5	10.5	119.4	188.6	99.2	271.7	.0	
67.9	65.3	7.2	160.2	233.2	72.5	.0	.0	
62.7	54.3	10.5	201.4	545.4	8.8	.0	.0	
59.2	51.8	5.8	111.4	545.3	21.2	.0	.0	
4 30 1992
64.2	53.8	8.1	173.0	503.7	36.7	.0	.0	
52.3	41.8	9.2	145.8	194.6	82.1	3.9	.0	
55.4	37.9	7.3	102.6	506.6	38.3	.0	.0	
58.0	50.2	7.8	218.2	220.9	61.2	.0	.0	
57.1	52.8	11.7	68.6	198.1	88.8	153.5	.0	
64.8	62.1	11.4	151.0	308.5	62.9	.0	.0	
65.7	58.5	6.0	166.2	572.1	6.2	.0	.0	
64.7	59.7	6.4	125.8	371.1	57.1	.0	.0	
67.1	62.3	6.5	133.0	307.4	70.0	.0	.0	
69.2	65.8	6.6	126.2	280.0	64.6	.0	.0	
69.5	64.1	4.8	106.6	497.0	46.2	.0	.0	
71.4	66.1	4.1	115.0	286.7	65.0	.0	.0	
73.8	65.0	6.3	101.4	576.4	32.1	.0	.0	
71.2	66.7	6.9	125.8	396.6	29.6	39.4	.0	
71.5	66.9	7.8	130.2	358.0	66.2	.0	.0	
73.2	68.7	9.5	149.8	220.3	77.9	23.6	.0	
73.0	68.0	10.0	121.8	313.2	80.4	7.9	.0	
69.8	65.3	8.8	128.2	212.1	82.5	31.5	.0	
72.9	69.2	8.8	143.8	369.7	62.5	7.9	.0	
68.8	59.0	10.4	281.8	398.5	63.8	55.1	.0	
65.8	52.6	5.2	173.8	614.2	.0	.0	.0	
68.9	59.3	6.4	120.2	616.8	.0	.0	.0	
73.0	69.7	7.3	133.0	308.8	82.1	.0	.0	
77.0	74.1	8.4	205.8	263.3	97.5	7.9	.0	
70.6	55.3	11.4	193.0	312.3	86.2	98.4	.0	
66.9	46.6	9.8	130.6	626.7	10.8	.0	.0	
63.0	48.6	6.9	133.4	593.7	11.2	.0	.0	
65.1	54.8	6.8	131.0	600.7	26.7	.0	.0	
65.8	64.3	13.7	121.8	221.8	99.6	307.1	.0	
70.3	67.3	11.7	106.2	270.5	92.1	.0	.0	
5 31 1992
73.4	67.6	10.0	169.8	513.4	52.1	.0	.0	
73.1	67.9	10.0	175.8	548.7	35.8	.0	.0	
74.6	68.4	5.2	160.2	569.8	44.2	.0	.0	
72.6	68.8	5.7	115.8	277.7	94.6	11.8	.0	
73.5	63.6	4.9	143.8	608.5	30.4	.0	.0	
65.5	48.8	12.2	68.2	646.4	12.1	.0	.0	
61.1	42.8	7.9	57.4	650.1	.0	.0	.0	
63.5	49.6	5.7	152.2	651.9	.0	.0	.0	
66.2	56.7	7.1	128.6	365.9	47.9	.0	.0	
71.6	64.8	9.9	133.8	499.2	41.7	.0	.0	
72.7	70.4	9.7	140.6	286.8	87.1	.0	.0	
76.8	73.4	10.6	177.0	354.5	90.8	.0	.0	
79.8	74.0	5.2	187.4	452.1	80.0	.0	.0	
78.3	72.6	6.2	191.4	373.2	72.9	.0	.0	
77.1	70.7	5.3	113.0	336.5	79.6	.0	.0	
76.5	69.6	9.3	125.4	348.2	78.3	.0	.0	
77.2	69.8	9.0	132.2	338.4	57.5	.0	.0	
76.4	71.5	5.7	87.8	327.4	75.4	.0	.0	
76.6	68.7	6.9	75.4	539.4	55.4	.0	.0	
76.5	68.3	7.9	94.6	384.0	58.8	.0	.0	
75.9	68.0	7.9	89.4	630.2	18.8	.0	.0	
76.6	69.3	6.9	111.0	592.6	33.8	.0	.0	
77.5	68.9	5.2	127.4	561.4	57.1	51.2	.0	
77.3	70.1	5.2	212.6	572.9	34.2	15.7	.0	
78.2	70.8	6.9	152.6	466.8	44.6	.0	.0	
74.1	70.8	6.3	145.4	324.2	93.3	15.7	.0	
73.9	70.2	5.0	111.0	246.4	82.5	.0	.0	
75.8	69.2	6.7	185.0	587.5	69.2	165.4	.0	
67.2	63.5	9.0	262.2	237.8	100.0	.0	.0	
69.5	61.1	6.9	84.6	638.5	38.8	.0	.0	
71.5	66.8	6.4	73.8	238.4	95.8	15.7	.0	
6 30 1992
72.3	70.9	7.3	92.2	266.9	98.3	259.8	.0	
72.8	71.4	6.5	98.6	269.6	83.8	90.6	.0	
78.2	71.3	9.6	219.0	669.1	21.2	.0	.0	
80.1	68.4	6.5	225.0	642.8	21.7	.0	.0	
79.2	71.5	7.0	135.8	617.9	30.0	.0	.0	
77.3	74.5	6.5	169.8	313.7	76.7	15.7	.0	
78.7	74.0	5.3	95.8	389.9	85.8	106.3	.0	
81.0	75.7	7.4	193.4	406.4	72.1	.0	.0	
82.5	76.8	5.5	145.8	569.8	42.1	.0	.0	
82.3	78.2	7.5	164.6	284.6	83.3	.0	.0	
80.0	76.0	7.6	172.2	409.1	71.7	39.4	.0	
81.1	75.7	8.0	218.6	480.0	50.0	.0	.0	
80.7	75.7	7.7	194.6	584.8	33.3	11.8	.0	
82.2	76.7	8.4	147.4	646.8	18.3	.0	.0	
83.3	77.6	8.8	177.4	643.9	18.8	.0	.0	
83.6	77.3	8.5	179.8	654.4	20.4	.0	.0	
83.2	76.4	7.6	171.0	671.2	8.3	.0	.0	
83.9	77.6	7.0	166.6	669.5	10.4	.0	.0	
85.4	78.1	7.9	241.8	673.2	20.8	.0	.0	
84.0	76.2	8.3	242.2	541.4	45.4	.0	.0	
83.5	74.2	6.2	177.8	547.2	40.0	.0	.0	
79.0	69.8	6.7	73.8	452.3	79.6	3.9	.0	
81.5	72.0	5.5	130.2	616.7	59.6	.0	.0	
83.1	77.7	7.3	187.0	590.3	34.2	11.8	.0	
84.2	77.4	7.2	170.6	582.8	23.3	.0	.0	
79.7	76.2	6.5	155.0	387.3	74.6	200.8	.0	
79.0	74.9	4.2	80.2	269.7	68.3	.0	.0	
81.7	75.9	4.6	117.8	460.3	43.3	7.9	.0	
84.1	78.5	12.3	188.6	279.4	84.6	.0	.0	
80.8	76.4	13.3	207.8	316.3	80.8	78.7	.0	
7 31 1992
84.5	80.2	12.4	173.4	402.2	62.1	.0	.0	
86.0	79.7	13.6	183.0	613.6	32.5	.0	.0	
80.1	77.1	4.8	123.0	289.6	71.7	31.5	.0	
83.5	78.4	7.3	175.4	639.6	25.4	.0	.0	
84.0	78.2	9.3	207.8	680.2	2.5	.0	.0	
83.6	76.9	8.7	182.2	684.2	1.7	.0	.0	
83.0	76.5	6.6	150.2	673.2	5.4	.0	.0	
84.0	77.3	6.4	150.2	616.5	17.5	.0	.0	
83.9	76.7	8.5	176.2	666.7	7.5	.0	.0	
84.0	76.7	6.9	135.8	674.0	6.2	.0	.0	
84.0	76.8	8.3	148.6	670.9	6.2	.0	.0	
84.2	76.1	7.9	161.4	670.6	4.6	.0	.0	
83.7	76.2	7.6	141.4	551.6	36.2	.0	.0	
84.6	76.9	10.7	187.4	537.5	42.1	.0	.0	
79.8	75.9	9.1	172.2	378.5	75.8	110.2	.0	
82.8	77.0	9.9	161.8	601.7	35.0	.0	.0	
80.9	76.7	6.7	123.8	447.4	59.2	11.8	.0	
79.9	75.4	6.3	115.0	542.0	57.5	43.3	.0	
79.9	74.7	4.9	104.2	416.3	62.9	.0	.0	
77.1	74.9	4.8	118.6	248.1	81.7	39.4	.0	
79.4	75.1	5.2	94.2	323.2	70.4	.0	.0	
80.2	76.6	5.8	99.0	402.9	56.2	.0	.0	
81.1	76.8	5.9	110.6	327.7	74.2	3.9	.0	
80.1	77.0	5.8	85.8	392.2	71.2	90.6	.0	
80.5	77.6	4.0	107.0	319.2	78.3	126.0	.0	
83.8	77.4	5.2	140.6	554.8	32.1	.0	.0	
82.1	77.2	7.5	209.8	474.6	40.8	114.2	.0	
82.8	76.2	7.6	213.8	452.0	32.9	.0	.0	
82.5	76.0	6.4	158.2	631.0	11.7	.0	.0	
83.8	77.0	7.5	171.8	620.8	17.5	27.6	.0	
80.3	76.1	5.3	178.6	331.0	64.6	11.8	.0	
8 31 1992
78.8	74.7	5.3	189.0	468.6	63.8	157.5	.0	
79.1	73.9	5.1	152.6	352.9	86.2	.0	.0	
77.0	73.7	5.5	144.2	229.9	84.2	74.8	.0	
79.5	74.3	4.5	147.8	472.8	36.2	.0	.0	
80.8	75.1	5.4	130.6	488.5	27.1	.0	.0	
82.9	76.8	6.1	134.2	478.1	42.5	.0	.0	
83.6	77.2	5.0	119.4	610.2	22.5	.0	.0	
84.1	75.6	5.0	130.2	535.9	46.7	.0	.0	
83.6	77.4	6.1	119.4	497.2	45.4	.0	.0	
82.8	76.0	6.7	124.2	524.2	47.1	.0	.0	
79.6	73.5	6.4	155.4	318.9	89.6	.0	.0	
79.8	74.9	6.9	95.8	310.4	94.2	7.9	.0	
80.1	75.0	5.6	48.2	344.8	86.7	.0	.0	
81.3	71.9	7.0	37.8	416.4	72.9	.0	.0	
76.2	66.7	8.2	40.2	530.5	45.0	.0	.0	
72.0	58.8	8.4	36.2	611.6	15.8	.0	.0	
73.3	61.1	7.5	47.8	590.6	17.1	.0	.0	
76.6	66.8	7.5	43.0	455.3	42.9	.0	.0	
77.1	67.6	7.3	84.6	216.8	87.9	.0	.0	
76.5	67.1	4.5	46.6	330.6	59.6	.0	.0	
77.5	67.9	6.1	71.8	606.2	2.1	.0	.0	
77.7	71.0	5.9	82.6	536.3	14.2	.0	.0	
79.6	74.4	6.9	121.4	330.7	65.0	3.9	.0	
78.7	75.3	5.8	73.8	274.5	72.5	3.9	.0	
81.9	73.0	10.7	38.6	398.4	56.7	.0	.0	
82.2	73.0	15.8	294.2	271.3	70.8	3.9	.0	
82.5	72.7	10.5	277.0	528.3	25.4	.0	.0	
74.9	65.3	8.0	131.4	472.6	17.9	.0	.0	
72.0	61.3	5.6	57.0	585.3	.0	.0	.0	
74.5	65.4	4.7	119.0	519.6	29.2	.0	.0	
77.6	70.7	5.1	85.8	426.7	54.2	.0	.0	
9 30 1992
77.1	75.0	6.6	115.8	272.0	63.8	98.4	.0	
81.5	76.8	9.7	156.6	425.2	43.3	7.9	.0	
74.6	73.4	6.0	125.4	201.2	75.8	27.6	.0	
74.8	72.5	5.2	87.8	309.7	65.0	43.3	.0	
78.9	73.5	5.8	129.0	515.8	26.7	.0	.0	
79.5	73.4	4.9	84.6	463.3	36.2	.0	.0	
80.3	75.2	5.8	107.4	462.9	36.7	.0	.0	
80.5	75.2	5.0	109.4	486.8	18.8	.0	.0	
80.4	75.4	7.0	135.4	482.7	22.5	.0	.0	
77.9	73.8	5.1	108.6	409.3	42.9	.0	.0	
78.5	72.9	7.5	72.2	510.3	46.2	.0	.0	
78.1	69.9	7.2	71.4	506.0	44.6	.0	.0	
78.5	72.6	6.6	81.4	406.1	61.2	35.4	.0	
77.3	72.9	8.1	95.4	436.5	35.8	11.8	.0	
76.6	70.4	8.4	58.6	415.0	39.2	11.8	.0	
77.2	73.8	8.2	71.0	229.2	82.5	.0	.0	
78.6	74.4	5.4	116.2	362.1	49.2	.0	.0	
80.1	75.9	6.6	175.0	344.7	47.5	7.9	.0	
81.2	75.8	6.6	165.0	448.6	27.5	.0	.0	
80.7	75.3	8.5	170.6	392.6	37.1	.0	.0	
82.6	77.3	11.9	178.6	258.6	62.9	47.2	.0	
77.7	74.4	7.2	117.4	175.2	83.3	63.0	.0	
72.3	63.3	9.5	36.2	234.9	58.8	.0	.0	
69.8	61.4	7.9	43.0	172.6	89.2	.0	.0	
71.3	69.9	7.3	59.4	171.1	100.0	15.7	.0	
75.5	71.9	7.3	135.0	228.9	70.8	.0	.0	
76.3	69.6	10.8	31.0	312.8	57.9	.0	.0	
74.0	60.3	12.6	25.8	305.1	75.8	.0	.0	
71.0	53.3	13.7	27.0	472.9	16.7	.0	.0	
67.0	48.0	11.1	64.6	457.6	8.8	.0	.0	
10 31 1992
67.5	53.1	10.6	34.6	465.6	.0	.0	.0	
67.7	55.2	10.3	33.4	461.7	.0	.0	.0	
69.6	55.7	8.5	75.4	457.8	.0	.0	.0	
68.6	56.4	5.1	185.4	453.9	.0	.0	.0	
69.4	58.9	3.7	105.0	450.0	2.1	.0	.0	
69.1	59.4	4.0	86.6	428.6	12.9	.0	.0	
69.7	62.8	7.4	117.4	256.3	72.5	.0	.0	
66.0	53.3	10.0	231.8	247.0	85.0	27.6	.0	
65.6	53.2	7.1	106.2	238.6	79.6	.0	.0	
73.4	71.3	5.4	97.8	150.7	89.6	.0	.0	
68.0	54.6	9.0	38.2	426.6	10.8	43.3	.0	
64.4	50.2	4.9	138.2	399.8	6.2	.0	.0	
68.1	59.4	6.3	125.4	418.9	.0	.0	.0	
71.6	65.4	9.7	134.6	389.4	12.1	.0	.0	
74.3	69.2	9.3	139.0	332.7	26.2	.0	.0	
67.3	66.3	4.6	96.6	148.8	97.1	133.9	.0	
64.9	61.7	8.0	71.4	141.2	75.8	.0	.0	
63.9	54.0	7.4	40.6	386.0	15.8	.0	.0	
60.5	46.9	7.0	71.0	396.0	.4	.0	.0	
65.8	59.1	7.1	103.0	380.0	10.4	.0	.0	
70.3	62.8	8.0	90.6	371.8	32.5	.0	.0	
69.9	64.0	7.9	71.8	165.4	67.1	.0	.0	
69.3	59.5	5.2	74.2	319.8	37.1	.0	.0	
69.2	59.8	3.7	146.6	288.2	30.0	.0	.0	
70.6	63.5	4.9	189.0	372.1	10.0	.0	.0	
70.8	65.3	6.5	145.4	366.0	22.9	.0	.0	
72.2	68.8	8.2	173.8	233.1	62.9	.0	.0	
68.4	63.8	4.1	145.4	308.0	27.9	.0	.0	
72.1	68.1	7.7	136.6	252.8	39.6	.0	.0	
73.4	69.9	8.1	145.0	252.8	55.4	23.6	.0	
76.1	72.5	12.1	154.6	268.7	58.8	.0	.0	
11 30 1992
67.7	66.3	9.4	202.6	122.9	88.8	318.9	.0	
63.4	49.8	7.5	199.0	345.3	3.3	.0	.0	
70.6	66.0	12.0	166.2	202.5	55.8	15.7	.0	
51.2	41.3	15.4	225.8	119.2	86.2	.0	.0	
46.8	34.8	10.2	251.8	335.8	7.9	.0	.0	
45.4	36.7	6.6	45.8	178.0	53.3	.0	.0	
47.7	37.0	7.9	57.0	331.4	.0	.0	.0	
54.0	46.9	9.3	94.6	159.9	54.2	.0	.0	
62.4	54.8	9.8	98.6	201.5	56.7	.0	.0	
65.2	64.1	10.3	91.4	113.0	100.0	27.6	.0	
69.9	69.3	7.8	117.0	112.0	100.0	7.9	.0	
62.7	54.9	14.4	296.2	239.9	50.8	82.7	.0	
50.9	40.6	6.8	90.6	304.0	24.6	.0	.0	
50.8	40.9	3.4	68.2	154.4	67.5	.0	.0	
52.2	43.9	2.9	53.8	110.2	83.8	.0	.0	
55.7	46.3	5.2	68.6	147.5	81.2	.0	.0	
60.7	55.7	7.0	95.4	218.6	25.4	.0	.0	
63.9	60.2	6.8	96.6	236.5	45.8	.0	.0	
68.1	64.8	11.3	111.8	113.9	68.8	.0	.0	
64.9	63.4	7.2	144.2	121.7	88.8	192.9	.0	
64.8	62.1	10.6	139.0	132.9	82.5	7.9	.0	
51.9	44.7	9.2	227.4	214.1	33.3	.0	.0	
51.2	48.7	7.0	69.0	102.4	85.8	82.7	.0	
56.5	55.3	7.4	113.8	101.4	97.5	7.9	.0	
49.4	37.8	8.1	283.8	160.5	43.3	.0	.0	
43.6	36.4	9.7	248.2	214.3	54.6	.0	.0	
37.4	32.3	6.6	245.8	99.5	62.5	.0	.0	
38.7	32.5	2.3	56.6	282.7	.8	.0	.0	
43.3	37.8	4.6	73.4	281.1	.8	.0	.0	
52.5	45.1	4.2	182.6	165.3	60.4	.0	.0	
12 31 1992
53.0	44.7	4.8	85.0	134.4	93.3	.0	.0	
52.4	37.8	8.1	186.2	276.8	40.4	.0	.0	
53.6	44.7	7.7	103.0	176.0	64.6	.0	.0	
67.2	65.6	10.2	137.0	96.1	100.0	63.0	.0	
47.7	38.1	14.0	56.2	95.7	100.0	.0	.0	
48.1	43.5	7.1	65.4	100.6	99.6	3.9	.0	
49.6	45.7	6.5	81.8	143.8	80.0	7.9	.0	
45.4	40.6	8.9	61.0	94.7	96.2	.0	.0	
55.2	52.0	10.2	184.6	175.8	50.4	141.7	.0	
56.9	43.7	7.2	268.6	269.0	3.3	.0	.0	
50.5	36.7	5.3	135.4	176.4	50.4	.0	.0	
51.9	44.7	8.4	93.0	152.4	66.2	.0	.0	
60.6	55.6	12.9	95.0	93.5	99.6	.0	.0	
65.0	61.6	14.4	109.4	93.4	100.0	.0	.0	
55.2	53.8	10.6	185.4	97.8	87.5	74.8	.0	
49.9	48.1	6.7	77.0	98.6	82.5	.0	.0	
49.5	44.1	8.4	159.0	260.7	21.2	.0	.0	
46.8	45.9	8.2	78.2	93.0	87.5	.0	.0	
64.7	64.1	10.7	133.0	93.0	100.0	.0	.0	
62.4	62.3	10.4	81.8	93.0	100.0	15.7	.0	
59.7	59.6	2.5	43.0	93.0	100.0	.0	.0	
65.8	65.2	3.5	76.6	93.2	99.2	.0	.0	
67.6	66.3	8.1	141.0	94.9	97.5	55.1	.0	
53.2	43.0	12.7	44.2	209.6	48.3	.0	.0	
55.0	51.4	9.3	78.6	119.8	82.5	35.4	.0	
48.6	46.2	11.1	33.8	93.5	100.0	.0	.0	
55.0	52.3	6.3	76.2	109.0	98.8	.0	.0	
62.7	62.0	6.7	101.8	93.9	100.0	.0	.0	
63.7	63.1	9.1	112.6	94.2	100.0	.0	.0	
64.3	62.2	7.0	113.8	94.4	95.0	.0	.0	
63.6	60.3	3.5	79.4	124.3	74.6	.0	.0	
