01	31	2003
29.4	19.3	6.7	113.7	146.6	100.0	3	9.7
22.2	15.5	4.9	189.2	147.4	100.0	2	6.8
27.9	22.2	7.6	115.7	139.8	100.0	0	0.0
37.8	31.8	11.5	267.0	149.1	100.0	0	0.0
31.9	27.0	11.2	293.1	150.1	100.0	0	0.0
26.3	21.1	8.5	221.8	151.1	100.0	0	0.0
39.7	24.5	8.3	195.4	152.3	100.0	0	0.0
42.5	21.6	10.8	232.6	153.5	100.0	0	0.0
31.7	13.9	24.7	315.0	154.8	100.0	0	0.0
17.2	2.2	17.3	306.0	156.1	100.0	0	0.0
10.0	1.3	5.1	148.1	157.6	100.0	0	0.0
22.4	8.4	12.6	194.0	159.1	100.0	0	0.0
18.5	0.1	8.0	106.5	160.7	100.0	0	0.0
13.9	1.2	11.2	314.0	162.3	100.0	0	0.0
11.8	3.7	4.4	106.6	164.1	100.0	4	30.2
13.1	5.1	14.5	313.8	165.9	100.0	2	11.9
6.8	2.8	7.5	219.0	167.8	100.0	0	0.0
15.4	8.2	16.1	278.3	169.8	100.0	1	4.4
21.6	17.2	7.2	184.8	171.8	100.0	0	0.0
19.7	10.9	8.6	73.7	173.9	100.0	0	0.0
11.6	2.2	8.8	181.5	176.1	100.0	0	0.0
6.2	3.5	13.4	331.1	166.1	100.0	0	0.0
1.5	3.0	8.1	250.9	149.5	100.0	0	0.0
14.4	8.2	11.0	172.0	183.1	100.0	0	0.0
12.3	6.8	8.9	228.9	185.6	100.0	0	0.0
5.8	0.2	10.6	263.3	188.1	100.0	0	0.0
23.0	14.9	13.7	164.2	190.8	100.0	0	0.0
30.8	26.4	7.9	154.2	193.6	100.0	5	11.4
21.4	17.1	7.8	97.6	196.4	100.0	1	5.0
33.3	29.2	9.9	172.1	199.3	100.0	0	0.0
34.3	29.9	13.6	245.5	202.3	100.0	0	0.0
02	28	2003
37.5	31.9	7.3	106.0	205.3	100.0	0	0.0
38.8	34.5	12.5	58.9	208.4	100.0	0	0.0
27.8	22.0	23.3	329.0	211.6	100.0	0	0.0
16.5	5.8	11.2	300.4	214.9	100.0	0	0.0
26.8	18.7	10.3	227.8	218.2	100.0	0	0.0
10.8	2.4	16.9	318.5	221.6	100.0	0	0.0
15.5	4.7	9.7	204.8	225.0	100.0	0	0.0
25.7	14.9	12.0	254.7	228.5	100.0	0	0.0
26.3	13.7	10.5	186.7	232.1	100.0	0	0.0
21.3	6.3	9.0	181.7	235.7	100.0	0	0.0
24.3	11.6	16.1	282.1	239.4	100.0	0	0.0
18.5	6.2	4.5	142.7	243.1	100.0	0	0.0
29.4	16.6	5.3	105.2	246.9	100.0	0	0.0
32.8	29.0	11.9	76.5	250.8	100.0	62	156.2
17.3	10.9	13.8	24.7	254.6	100.0	1	5.7
7.0	3.2	8.8	69.1	210.7	100.0	0	0.0
21.8	16.6	10.7	167.9	262.7	100.0	0	0.0
27.6	23.0	8.6	219.1	253.1	100.0	0	0.0
28.0	24.3	6.1	114.2	271.1	100.0	0	0.0
41.2	32.4	13.8	184.3	275.4	100.0	0	0.0
30.8	27.0	11.7	256.9	279.7	100.0	0	0.0
19.5	12.4	14.4	279.6	268.8	100.0	0	0.0
9.8	2.9	15.4	322.5	272.8	100.0	0	0.0
3.1	0.0	13.9	293.3	247.9	100.0	0	0.0
8.2	1.5	9.8	156.9	297.4	100.0	0	0.0
17.1	9.6	9.3	173.0	296.7	100.0	0	0.0
22.2	15.7	5.1	121.5	306.4	100.0	0	0.0
26.8	21.3	4.1	103.9	270.2	100.0	0	0.0
03	31	2003
29.9	23.5	10.5	216.1	302.9	100.0	0	0.0
13.4	5.0	11.4	249.8	320.2	100.0	0	0.0
30.9	22.5	10.9	196.7	324.8	100.0	0	0.0
11.3	4.2	14.4	282.3	329.5	100.0	3	22.6
6.7	0.5	6.6	156.1	290.8	100.0	0	0.0
22.1	16.9	15.2	168.8	338.9	100.0	0	0.0
19.2	10.9	11.9	225.9	343.6	100.0	0	0.0
14.2	7.4	16.0	219.4	348.3	100.0	0	0.0
9.8	1.0	12.8	308.3	353.1	100.0	0	0.0
18.6	10.2	8.5	154.1	357.8	100.0	0	0.0
37.8	26.9	7.7	181.9	362.6	100.0	0	0.0
31.3	26.9	8.4	90.2	367.4	100.0	0	0.0
35.8	29.8	8.8	126.5	372.3	100.0	0	0.0
48.6	38.9	14.9	144.7	372.9	100.0	0	0.0
54.0	42.6	11.2	138.8	382.2	100.0	0	0.0
54.5	42.6	3.9	125.6	387.2	100.0	0	0.0
54.3	47.2	7.3	77.2	392.2	100.0	1	0.0
53.8	47.4	12.8	74.8	391.9	100.0	0	0.0
46.5	41.1	17.5	62.0	351.2	100.0	15	0.0
41.1	35.5	14.2	335.4	407.0	100.0	24	0.0
41.2	27.8	12.3	286.3	398.8	100.0	0	0.0
44.2	28.1	4.9	194.4	416.9	100.0	0	0.0
57.3	36.2	16.1	183.8	421.9	100.0	0	0.0
48.7	32.9	9.4	304.2	426.8	100.0	1	0.0
45.1	23.0	6.0	237.9	431.7	100.0	0	0.0
47.4	33.3	10.2	90.8	436.5	100.0	5	0.0
41.0	38.8	17.4	203.3	441.4	100.0	90	0.0
37.0	27.2	24.5	319.4	446.2	100.0	0	0.0
33.2	20.4	15.2	297.1	451.1	100.0	0	0.0
37.7	18.5	4.9	193.0	397.0	100.0	0	0.0
54.0	30.5	10.6	185.0	460.6	100.0	0	0.0
04	30	2003
63.0	35.5	7.2	163.5	465.4	100.0	0	0.0
63.5	43.1	11.3	163.3	470.1	100.0	0	0.0
44.8	37.0	14.7	205.8	474.8	100.0	0	0.0
32.4	25.1	15.8	288.8	479.4	100.0	0	0.0
31.4	19.4	8.6	212.4	484.0	100.0	0	0.0
31.6	26.4	16.1	83.7	488.6	100.0	0	1.0
29.6	26.7	11.3	41.5	493.1	100.0	23	59.0
30.2	24.6	5.9	222.2	497.7	100.0	0	0.0
34.9	27.3	10.8	132.5	502.3	100.0	0	0.0
50.8	35.1	10.8	143.1	506.8	100.0	0	0.0
56.2	34.0	8.0	68.1	511.3	100.0	0	0.0
56.2	30.5	6.5	155.4	515.8	100.0	0	0.0
66.6	39.6	16.7	147.9	520.2	100.0	0	0.0
74.8	51.7	15.0	168.5	501.1	100.0	0	0.0
72.0	55.6	16.7	151.7	528.9	100.0	0	0.0
58.8	49.6	14.8	202.8	533.2	100.0	5	0.0
43.4	36.7	13.5	240.1	467.9	100.0	0	0.0
47.0	43.3	16.0	113.5	541.9	100.0	26	0.0
46.8	43.0	13.4	300.6	546.2	100.0	0	0.0
44.6	40.4	13.9	304.7	550.5	100.0	0	0.0
53.8	36.0	12.9	286.7	554.7	100.0	0	0.0
52.7	31.1	6.0	160.4	558.8	100.0	0	0.0
57.8	38.4	15.3	133.3	562.9	100.0	2	0.0
49.1	47.1	13.4	81.8	567.0	100.0	31	0.0
58.0	37.2	7.8	73.3	571.0	100.0	0	0.0
60.0	38.4	12.0	150.4	574.9	100.0	0	0.0
62.0	42.1	11.8	247.7	578.8	100.0	0	0.0
60.9	36.9	7.3	71.5	582.6	100.0	0	0.0
56.3	40.7	13.5	104.0	586.4	100.0	14	0.0
51.0	48.1	11.6	74.3	590.1	100.0	84	0.0
05	31	2003
54.4	41.7	9.0	187.6	593.8	100.0	0	0.0
56.3	41.7	5.7	146.5	597.4	100.0	0	0.0
61.0	46.0	13.3	135.5	600.9	100.0	0	0.0
53.4	49.0	15.4	126.5	604.4	100.0	166	0.0
54.0	47.7	9.4	288.2	607.8	100.0	2	0.0
53.5	44.8	5.6	201.3	611.1	100.0	0	0.0
57.2	44.8	4.6	90.2	614.4	100.0	0	0.0
53.0	49.5	14.8	111.3	617.7	100.0	27	0.0
57.1	47.7	11.5	252.5	620.8	100.0	0	0.0
48.4	44.8	13.0	265.9	619.5	100.0	52	0.0
50.6	39.8	21.2	302.7	627.0	100.0	2	0.0
54.2	41.5	5.6	176.5	629.9	100.0	1	0.0
61.0	53.5	11.7	134.0	632.8	100.0	35	0.0
58.3	49.4	12.2	244.0	635.6	100.0	0	0.0
55.7	49.3	7.0	118.4	633.1	100.0	0	0.0
57.6	46.3	6.5	85.1	578.1	100.0	0	0.0
62.7	48.6	8.3	104.5	493.0	100.0	0	0.0
67.7	54.9	12.8	135.4	510.0	100.0	0	0.0
59.4	50.6	17.9	277.4	648.8	100.0	16	0.0
50.3	33.7	9.4	210.4	651.2	100.0	0	0.0
54.9	35.4	5.2	113.8	653.5	100.0	0	0.0
57.3	50.3	7.4	167.5	655.8	100.0	8	0.0
60.7	45.7	7.0	71.5	658.0	100.0	0	0.0
57.6	50.2	5.9	91.7	595.9	100.0	16	0.0
60.5	42.9	3.2	130.6	662.3	100.0	0	0.0
64.9	43.5	4.2	197.5	664.3	100.0	0	0.0
69.0	47.8	8.0	182.8	666.2	100.0	5	0.0
69.8	52.7	10.6	295.6	668.1	100.0	0	0.0
67.7	49.7	9.0	146.6	669.9	100.0	0	0.0
70.1	49.8	18.6	249.8	671.6	100.0	0	0.0
63.8	41.9	9.6	138.8	673.2	100.0	0	0.0
06	30	2003
62.8	47.5	8.5	120.0	600.5	100.0	4	0.0
54.5	50.7	11.0	113.3	676.3	100.0	19	0.0
56.5	48.5	5.7	83.1	677.8	100.0	0	0.0
61.0	49.9	4.8	101.7	679.1	100.0	0	0.0
65.2	53.2	5.1	99.1	680.5	100.0	8	0.0
62.6	52.2	9.1	245.1	681.8	100.0	3	0.0
55.5	51.2	8.5	250.2	683.0	100.0	39	0.0
61.4	53.6	9.6	255.3	684.2	100.0	5	0.0
66.5	55.7	11.6	103.3	685.2	100.0	85	0.0
63.8	57.9	10.4	285.1	686.2	100.0	0	0.0
66.5	55.8	6.3	97.4	634.6	100.0	0	0.0
71.8	58.5	8.8	247.9	688.0	100.0	0	0.0
71.9	56.7	5.8	271.1	688.8	100.0	0	0.0
74.9	53.5	5.3	141.5	689.5	100.0	0	0.0
75.8	57.0	3.9	77.3	690.2	100.0	0	0.0
76.1	62.0	7.3	156.9	690.7	100.0	0	0.0
75.2	62.2	5.9	169.8	691.2	100.0	0	0.0
75.7	59.1	8.2	94.4	691.6	100.0	0	0.0
72.0	50.5	10.5	87.5	692.0	100.0	0	0.0
70.7	49.2	14.6	144.4	692.3	100.0	0	0.0
73.0	59.3	14.3	152.9	655.6	100.0	1	0.0
73.5	67.9	12.3	135.6	692.6	100.0	13	0.0
77.7	68.6	9.2	158.3	652.6	100.0	80	0.0
79.1	71.5	15.2	142.4	692.6	100.0	53	0.0
64.1	59.5	14.2	234.8	692.5	100.0	25	0.0
63.6	50.4	8.6	235.2	692.4	100.0	0	0.0
71.0	55.5	6.2	136.2	692.1	100.0	7	0.0
69.4	58.9	5.8	257.5	691.8	100.0	1	0.0
69.0	55.3	5.3	254.8	691.4	100.0	0	0.0
70.7	55.1	6.0	117.3	690.9	100.0	0	0.0
07	31	2003
75.6	63.4	10.0	141.5	690.4	100.0	0	0.0
81.4	68.7	13.3	152.1	689.8	100.0	0	0.0
83.8	71.5	7.4	160.3	637.5	100.0	4	0.0
72.9	64.8	11.7	146.5	688.4	100.0	141	0.0
73.4	66.6	7.3	156.7	687.5	100.0	45	0.0
76.5	70.4	8.0	121.0	686.6	100.0	68	0.0
78.0	67.8	11.2	164.3	685.6	100.0	0	0.0
70.8	64.6	12.6	81.0	684.6	100.0	22	0.0
73.8	67.5	9.7	233.5	683.5	100.0	13	0.0
69.3	60.2	12.3	281.9	682.2	100.0	0	0.0
71.0	58.7	8.4	270.6	681.0	100.0	0	0.0
69.2	59.9	4.7	221.7	679.6	100.0	0	0.0
73.2	64.5	9.4	131.2	678.2	100.0	0	0.0
78.4	71.2	10.1	200.6	676.7	100.0	0	0.0
74.8	63.4	6.1	245.6	675.2	100.0	0	0.0
75.2	66.2	9.9	127.0	600.3	100.0	0	0.0
81.3	72.2	9.2	99.8	671.8	100.0	0	0.0
77.3	71.9	10.8	64.0	670.0	100.0	0	0.0
74.7	70.0	5.7	127.9	668.2	100.0	0	0.0
77.9	71.8	9.2	152.2	666.3	100.0	0	0.0
69.9	60.9	7.8	304.2	664.3	100.0	0	0.0
66.4	59.2	7.2	229.8	662.2	100.0	2	0.0
65.6	56.4	5.0	121.1	660.1	100.0	0	0.0
72.2	59.1	12.6	143.8	658.0	100.0	0	0.0
81.7	66.9	14.8	158.7	607.4	100.0	0	0.0
85.4	71.7	11.1	167.5	653.5	100.0	0	0.0
73.7	65.5	8.0	178.3	651.2	100.0	2	0.0
72.9	62.1	5.7	190.6	648.8	100.0	0	0.0
71.4	62.0	5.1	124.4	646.3	100.0	0	0.0
74.2	60.6	4.4	231.2	643.8	100.0	0	0.0
74.3	64.1	6.5	169.6	641.2	100.0	0	0.0
08	31	2003
73.3	62.0	5.2	181.7	638.5	100.0	0	0.0
71.4	59.2	6.5	283.8	635.8	100.0	0	0.0
71.4	58.8	5.4	229.2	633.0	100.0	0	0.0
70.9	63.2	6.7	103.5	630.1	100.0	0	0.0
74.2	67.8	5.6	165.3	627.2	100.0	23	0.0
72.6	64.7	6.0	97.9	624.2	100.0	1	0.0
73.5	64.5	5.1	110.4	621.2	100.0	0	0.0
73.4	64.0	4.6	71.9	618.1	100.0	0	0.0
73.3	63.4	6.0	95.2	614.9	100.0	2	0.0
74.1	66.4	3.9	109.2	611.6	100.0	8	0.0
73.7	63.7	5.7	114.0	608.3	100.0	1	0.0
71.0	60.5	6.0	85.6	605.0	100.0	0	0.0
70.3	63.0	7.3	107.5	601.6	100.0	0	0.0
74.1	66.0	8.6	133.7	598.1	100.0	0	0.0
77.7	66.5	6.9	167.0	594.5	100.0	0	0.0
79.8	67.4	5.3	142.2	533.4	100.0	0	0.0
80.8	69.6	9.3	126.2	587.3	100.0	0	0.0
78.2	69.0	9.1	133.3	583.6	100.0	67	0.0
76.0	70.2	8.0	134.8	512.8	100.0	0	0.0
79.6	70.0	10.0	167.5	576.0	100.0	3	0.0
75.0	54.4	7.7	208.8	572.1	100.0	0	0.0
69.8	61.0	7.0	97.3	568.2	100.0	0	0.0
76.4	66.7	11.0	142.3	564.2	100.0	0	0.0
81.3	68.9	7.9	138.3	560.2	100.0	0	0.0
80.5	68.2	7.1	164.0	556.1	100.0	6	0.0
79.8	66.8	5.0	124.8	552.0	100.0	0	0.0
77.7	65.3	8.1	107.4	547.8	100.0	0	0.0
76.2	66.1	7.7	220.0	543.6	100.0	0	0.0
69.6	57.1	9.8	101.6	539.3	100.0	0	0.0
64.9	50.9	8.8	110.4	535.0	100.0	0	0.0
65.3	54.5	7.0	73.1	530.8	100.0	0	0.0
09	30	2003
65.4	53.7	4.5	112.7	526.5	100.0	0	0.0
69.2	56.6	7.7	145.6	522.1	100.0	0	0.0
65.6	51.4	8.3	302.7	517.8	100.0	0	0.0
62.7	48.9	4.4	138.8	513.3	100.0	0	0.0
71.3	55.5	10.0	152.7	508.9	100.0	0	0.0
73.4	56.0	9.1	150.7	504.4	100.0	0	0.0
69.1	52.2	8.7	126.7	500.1	100.0	0	0.0
68.1	51.6	10.3	132.1	495.6	100.0	0	0.0
64.6	61.4	11.9	135.1	408.5	100.0	36	0.0
69.7	66.3	12.9	155.3	449.2	100.0	130	0.0
56.9	56.4	8.4	296.4	417.1	100.0	36	0.0
61.3	51.5	6.8	128.9	477.7	100.0	0	0.0
59.8	50.4	10.5	304.6	473.1	100.0	0	0.0
55.7	45.2	7.2	231.0	468.5	100.0	0	0.0
62.6	49.4	8.9	137.5	463.8	100.0	0	0.0
69.4	59.1	12.7	147.7	459.1	100.0	0	0.0
75.4	63.5	15.3	163.1	454.4	100.0	0	0.0
51.5	46.0	13.3	295.2	449.7	100.0	37	0.0
50.7	39.4	5.2	182.3	445.0	100.0	0	0.0
57.8	42.6	11.6	141.4	407.7	100.0	0	0.0
58.5	51.1	6.5	189.1	430.8	100.0	21	0.0
54.9	44.3	9.5	252.7	430.6	100.0	0	0.0
61.1	52.0	10.0	145.2	425.8	100.0	0	0.0
57.2	38.7	14.3	288.5	420.9	100.0	0	0.0
52.8	37.0	8.0	163.8	416.1	100.0	0	0.0
57.2	44.7	10.7	241.6	411.2	100.0	0	0.0
51.2	38.2	11.7	305.0	406.3	100.0	1	0.0
46.7	34.8	10.5	273.1	401.4	100.0	0	0.0
45.4	32.5	6.3	188.3	396.5	100.0	0	0.0
43.2	28.2	6.2	156.7	339.5	100.0	0	0.0
10	31	2003
43.4	27.4	5.3	96.7	386.8	100.0	0	0.0
48.9	32.9	9.6	156.5	381.9	100.0	0	0.0
56.9	40.2	10.7	262.7	377.0	100.0	0	0.0
58.7	40.3	5.4	146.0	372.1	100.0	0	0.0
59.6	42.8	3.4	63.1	367.2	100.0	0	0.0
65.8	44.6	6.9	157.1	362.3	100.0	0	0.0
65.5	52.3	10.9	150.7	317.6	100.0	0	0.0
69.6	59.5	14.5	164.5	352.6	100.0	0	0.0
68.5	56.9	11.5	167.0	321.2	100.0	0	0.0
64.3	56.0	15.0	153.5	343.0	100.0	0	0.0
57.0	48.4	12.4	240.9	338.4	100.0	40	0.0
53.7	37.0	9.8	132.7	333.8	100.0	0	0.0
50.9	43.8	4.9	168.3	329.2	100.0	3	0.0
51.3	39.1	8.3	278.0	324.6	100.0	0	0.0
45.1	37.3	3.1	75.8	320.0	100.0	0	0.0
41.0	33.2	4.1	116.7	315.5	100.0	0	0.0
47.2	38.6	10.2	136.2	311.0	100.0	0	0.0
58.8	45.3	5.0	153.5	306.5	100.0	0	0.0
62.3	47.1	6.5	119.8	302.0	100.0	0	0.0
61.3	44.5	9.5	239.9	297.6	100.0	0	0.0
59.1	43.0	7.2	192.6	293.2	100.0	0	0.0
59.6	45.3	5.5	149.6	271.6	100.0	0	0.0
51.2	36.1	5.2	155.6	284.5	100.0	0	0.0
50.9	34.9	11.0	269.8	280.2	100.0	0	0.0
40.5	27.5	14.2	305.8	276.1	100.0	0	0.0
37.0	26.9	8.2	194.1	272.0	100.0	0	0.0
40.8	32.3	7.3	215.6	267.9	100.0	3	0.0
44.3	29.3	19.0	291.9	263.9	100.0	0	0.0
44.1	31.2	11.6	101.5	245.4	100.0	0	0.0
41.1	34.4	15.6	342.5	256.0	100.0	0	0.0
37.8	27.8	13.8	318.8	252.1	100.0	0	0.0
11	30	2003
32.6	26.3	6.9	86.6	248.3	100.0	0	0.0
37.3	31.7	5.7	68.7	244.5	100.0	1	0.0
34.6	31.4	11.3	42.2	240.8	100.0	75	154.9
32.6	29.6	14.2	296.4	201.3	100.0	13	0.0
26.8	19.5	12.4	319.7	233.5	100.0	0	0.0
26.2	20.6	5.0	186.7	229.9	100.0	0	0.0
25.7	18.0	7.0	80.8	226.4	100.0	0	0.0
22.7	13.1	8.2	113.3	223.0	100.0	0	0.0
33.7	25.1	10.3	141.9	219.6	100.0	0	0.0
46.4	41.4	12.1	181.2	216.3	100.0	0	0.0
43.9	35.4	7.2	182.3	213.1	100.0	0	0.0
40.4	24.7	20.6	290.3	209.9	100.0	0	0.0
34.8	23.1	9.4	175.6	206.7	100.0	0	0.0
43.9	32.4	14.0	159.4	203.7	100.0	0	0.0
41.2	36.2	6.3	198.5	200.7	100.0	0	0.0
43.3	36.7	5.4	113.5	197.8	100.0	0	0.0
50.7	48.2	10.6	131.0	194.9	100.0	5	0.0
44.1	31.2	12.9	304.4	192.1	100.0	0	0.0
49.6	30.8	7.8	207.3	189.4	100.0	0	0.0
53.0	27.5	17.4	287.5	186.8	100.0	0	0.0
33.9	20.7	13.7	55.6	184.2	100.0	0	0.0
31.9	25.9	10.2	64.4	181.7	100.0	0	0.0
21.8	18.0	21.6	307.1	150.9	100.0	0	0.0
18.7	10.2	13.0	214.0	176.9	100.0	0	0.0
30.1	21.3	7.7	162.1	174.7	100.0	0	0.0
30.4	23.6	8.0	154.1	164.6	100.0	0	0.0
29.6	20.7	16.2	298.7	170.4	100.0	0	0.0
19.7	11.6	16.5	261.2	168.3	100.0	0	0.0
33.2	19.3	8.2	146.0	166.4	100.0	0	0.0
36.1	24.0	11.4	243.3	164.6	100.0	0	0.0
12	31	2003
34.6	15.4	6.1	162.4	162.8	100.0	0	0.0
36.2	21.2	12.2	120.2	161.1	100.0	3	0.0
30.2	27.7	8.0	98.9	159.4	100.0	7	18.4
26.8	25.2	10.5	250.8	157.9	100.0	4	8.9
27.3	23.5	17.0	310.4	156.4	100.0	0	0.0
27.4	25.4	12.5	146.7	155.0	100.0	0	0.0
33.9	29.8	11.9	146.0	153.7	100.0	0	0.0
31.5	29.4	10.2	182.9	152.5	100.0	0	0.0
23.7	20.1	19.1	338.6	151.3	100.0	0	0.0
14.3	7.8	19.5	317.4	149.8	100.0	0	0.0
11.3	3.6	6.4	191.7	149.2	100.0	0	0.0
16.4	9.9	8.0	143.0	148.2	100.0	0	0.0
22.7	18.8	10.0	145.6	147.4	100.0	0	0.0
27.3	25.8	13.5	162.7	123.2	100.0	0	0.0
30.6	29.4	15.6	213.7	145.9	100.0	1	2.5
23.4	19.1	18.2	275.2	145.3	100.0	0	0.0
26.1	22.5	8.1	160.2	144.8	100.0	5	8.9
36.2	27.0	19.8	308.3	144.4	100.0	0	0.0
27.5	21.7	9.1	230.8	144.0	100.0	0	0.0
33.4	26.0	12.5	150.4	143.8	100.0	0	0.0
38.3	30.5	6.9	216.7	143.5	100.0	0	0.0
35.1	29.1	9.9	309.6	143.4	100.0	0	0.0
26.8	21.5	7.5	245.0	143.3	100.0	0	0.0
23.2	18.8	7.0	112.8	143.4	100.0	0	0.0
30.9	23.9	12.0	132.7	136.2	100.0	0	0.0
38.6	34.6	14.5	139.4	128.7	100.0	0	0.0
46.5	35.2	15.3	178.5	144.0	100.0	0	0.0
32.6	21.4	13.4	243.3	144.3	100.0	0	0.0
25.6	17.1	12.9	234.5	144.8	100.0	0	0.0
30.1	18.5	12.7	190.2	145.3	100.0	0	0.0
23.1	13.0	8.1	202.7	145.9	100.0	0	0.0
