   1    31    1983
26.7	18.3	12.4	298.3	94.3	54.0	.0	.0	
23.1	12.9	9.9	315.8	172.5	55.0	.0	.0	
23.3	14.4	10.8	192.5	154.5	39.0	.0	.0	
30.1	23.0	13.3	215.4	76.4	89.0	.0	.0	
29.6	25.0	11.5	196.7	95.1	98.0	.0	.0	
34.4	27.7	18.5	234.6	73.7	94.0	.0	.0	
23.5	16.1	12.2	272.5	87.8	98.0	.0	.0	
26.7	18.4	12.4	141.7	119.5	74.0	.0	.0	
35.1	27.7	17.9	145.8	92.3	92.0	11.0	.0	
32.7	27.6	13.0	255.8	78.7	93.0	16.0	.0	
19.9	12.1	19.9	314.6	112.9	43.0	.0	2.5	
19.7	10.5	10.8	228.3	179.9	29.0	.0	.0	
29.8	21.9	8.4	141.3	180.5	48.0	.0	.0	
29.2	21.5	23.4	321.3	84.3	68.0	.0	.0	
16.0	8.3	11.6	287.1	197.4	15.0	.0	.0	
18.0	10.8	10.6	247.5	100.1	63.0	.0	.0	
16.9	7.3	13.3	307.5	213.3	26.0	.0	.0	
11.2	1.2	7.3	118.8	190.4	33.0	.0	.0	
20.7	7.3	15.9	136.7	120.3	90.0	.0	.0	
26.9	7.8	16.1	123.8	102.7	98.0	.0	.0	
30.0	15.3	11.6	74.2	184.6	72.0	.0	.0	
31.9	24.6	10.6	73.3	85.3	98.0	.0	30.5	
31.5	26.6	7.4	317.1	126.0	97.0	.0	.0	
27.6	21.1	11.7	295.8	111.6	89.0	.0	.0	
20.6	13.6	9.0	240.8	104.6	95.0	.0	10.2	
10.8	3.0	8.7	282.1	173.9	55.0	.0	5.1	
12.3	5.7	11.0	144.6	178.5	66.0	.0	.0	
33.9	29.3	16.7	172.9	96.9	98.0	.0	.0	
32.5	29.8	11.6	213.8	105.9	98.0	38.0	.0	
20.5	14.4	13.9	302.9	197.5	64.0	.0	.0	
13.4	8.1	7.1	306.7	229.7	33.0	.0	.0	
   2    28    1983
22.2	17.6	13.7	97.5	112.3	98.0	.0	53.3	
24.6	19.9	22.5	255.4	163.7	98.0	.0	114.3	
10.7	4.7	20.1	321.3	205.5	89.0	.0	12.7	
6.7	-.3	8.2	231.7	266.9	47.0	.0	.0	
19.8	14.4	9.0	146.7	129.0	98.0	.0	25.4	
10.8	5.1	13.3	313.8	244.8	44.0	.0	22.9	
1.5	-7.0	7.5	130.8	284.2	16.0	.0	.0	
20.8	17.8	8.2	119.6	161.5	90.0	.0	.0	
28.7	25.9	7.3	84.6	193.0	98.0	.0	.0	
31.1	27.4	12.9	122.1	185.2	98.0	.0	5.1	
28.9	22.4	8.1	111.7	179.4	98.0	.0	.0	
32.2	26.5	10.2	187.5	177.5	98.0	.0	.0	
36.0	29.3	15.7	177.5	274.3	62.0	.0	.0	
35.6	30.4	6.7	224.6	202.7	75.0	.0	.0	
34.7	30.7	5.9	139.6	103.9	98.0	30.0	.0	
34.2	29.9	10.9	280.4	165.9	98.0	12.0	.0	
34.6	27.7	8.9	267.1	228.1	98.0	.0	.0	
36.3	31.5	12.0	158.3	207.6	98.0	.0	.0	
42.2	36.5	9.8	143.3	264.0	83.0	.0	.0	
38.4	34.6	8.0	163.3	252.3	85.0	.0	.0	
36.5	35.6	7.2	83.8	174.4	98.0	.0	.0	
34.3	32.2	10.4	286.3	155.9	98.0	1.0	.0	
32.6	29.2	6.0	179.2	165.4	98.0	6.0	.0	
27.7	22.0	14.3	255.8	148.1	83.0	.0	7.6	
23.8	16.3	9.6	143.3	325.3	9.0	.0	.0	
29.9	21.6	17.5	164.6	142.9	72.0	.0	.0	
38.5	24.8	15.8	173.8	160.6	98.0	.0	.0	
38.8	27.7	7.0	151.3	317.1	47.0	.0	.0	
   3    31    1983
41.7	30.9	7.9	186.7	284.8	50.0	1.0	.0	
44.0	35.9	7.5	159.6	286.1	58.0	.0	.0	
53.4	42.8	8.1	152.5	269.2	77.0	.0	.0	
56.6	47.3	11.5	133.3	169.8	98.0	.0	.0	
53.6	48.7	13.7	120.4	177.7	98.0	39.0	.0	
50.4	47.8	16.6	171.7	175.1	98.0	94.0	.0	
35.8	30.4	13.6	256.3	161.4	98.0	.0	.0	
23.5	15.7	17.8	307.1	191.0	98.0	.0	2.5	
24.4	16.1	20.0	340.0	190.9	98.0	.0	.0	
27.0	18.2	15.6	227.5	170.5	98.0	.0	.0	
29.6	25.5	7.4	254.6	197.4	98.0	.0	.0	
30.7	27.2	10.3	188.8	219.0	73.0	.0	.0	
38.7	33.5	11.2	232.1	348.6	87.0	.0	.0	
38.0	32.2	10.7	255.8	244.7	95.0	4.0	.0	
35.5	34.4	14.3	68.3	166.3	98.0	23.0	.0	
38.6	35.2	11.6	37.5	211.1	98.0	109.0	.0	
42.3	36.7	10.3	38.3	209.8	98.0	.0	.0	
40.0	36.1	13.8	160.8	185.6	98.0	5.0	.0	
36.0	27.9	14.8	227.9	220.2	98.0	.0	.0	
28.3	23.6	14.9	47.9	247.9	98.0	.0	48.3	
24.8	16.8	15.8	279.6	310.2	69.0	.0	7.6	
22.9	11.0	10.0	307.9	485.6	2.0	.0	.0	
26.3	14.7	3.9	82.9	464.6	14.0	.0	.0	
30.0	18.8	9.6	119.2	396.1	71.0	.0	.0	
31.2	22.3	15.1	133.8	364.0	61.0	.0	17.8	
32.4	30.3	20.6	97.9	239.5	98.0	45.0	.0	
32.8	29.9	19.7	168.3	286.1	97.0	7.0	.0	
32.8	26.4	8.7	162.9	365.0	67.0	.0	.0	
32.5	27.8	8.5	110.4	275.1	83.0	.0	.0	
37.7	37.1	11.6	159.6	225.9	98.0	4.0	.0	
42.1	41.8	12.5	155.8	171.0	98.0	19.0	.0	
   4    30    1983
44.2	41.9	13.4	82.5	237.8	98.0	13.0	.0	
37.4	35.6	23.8	133.8	156.4	98.0	52.0	.0	
37.7	33.7	14.0	334.6	211.9	98.0	.0	.0	
37.4	31.8	9.1	139.6	214.0	98.0	.0	.0	
37.0	33.2	12.5	67.1	176.6	98.0	24.0	.0	
37.7	33.5	9.7	219.2	234.4	98.0	2.0	.0	
38.5	29.9	12.0	287.5	234.3	98.0	.0	.0	
40.7	28.9	11.3	128.3	379.2	66.0	.0	.0	
34.3	33.3	11.8	27.5	225.4	98.0	48.0	.0	
36.3	34.0	12.1	286.7	262.7	93.0	1.0	.0	
41.5	33.3	10.0	192.1	413.9	50.0	.0	.0	
42.5	38.6	17.9	121.7	176.9	88.0	37.0	.0	
45.6	42.8	11.6	144.2	269.6	97.0	29.0	.0	
34.9	31.1	20.2	299.2	275.1	98.0	31.0	.0	
32.6	23.7	13.1	268.3	554.1	9.0	.0	.0	
32.7	25.5	11.5	282.1	320.8	46.0	2.0	.0	
31.8	19.6	7.8	67.1	415.2	71.0	.0	.0	
33.3	18.1	6.9	87.1	571.9	10.0	.0	.0	
37.7	20.8	5.0	85.8	617.3	2.0	.0	.0	
42.4	27.5	6.2	148.3	561.9	43.0	.0	.0	
50.0	36.1	4.7	151.7	447.6	85.0	.0	.0	
54.5	40.4	5.2	195.4	483.3	65.0	.0	.0	
52.0	35.3	14.6	89.2	510.3	50.0	.0	.0	
49.5	29.4	8.0	216.7	583.0	2.0	.0	.0	
56.9	32.2	11.5	142.1	611.1	14.0	.0	.0	
66.7	45.1	16.4	228.3	537.5	47.0	.0	.0	
57.3	35.3	9.5	231.7	369.8	64.0	.0	.0	
59.9	41.8	5.5	135.0	418.3	92.0	4.0	.0	
53.3	39.9	10.0	115.4	321.0	98.0	.0	.0	
53.4	37.2	11.4	53.3	513.9	50.0	.0	.0	
   5    31    1983
49.9	43.2	23.2	81.7	221.6	95.0	60.0	.0	
48.3	47.4	9.4	131.7	271.4	98.0	49.0	.0	
53.2	43.8	9.8	217.5	473.7	66.0	24.0	.0	
51.3	35.3	14.0	290.0	599.7	29.0	.0	.0	
52.8	44.0	11.9	159.6	285.9	68.0	22.0	.0	
64.4	53.1	12.9	136.7	389.8	88.0	38.0	.0	
53.2	45.8	18.2	272.9	282.1	77.0	1.0	.0	
46.8	30.5	7.8	178.3	662.1	2.0	.0	.0	
51.8	32.0	13.1	140.0	597.2	22.0	.0	.0	
58.8	41.5	12.5	136.7	608.2	53.0	.0	.0	
64.0	51.1	12.2	136.7	471.5	84.0	50.0	.0	
67.4	59.8	14.8	172.1	350.7	97.0	15.0	.0	
58.3	50.4	8.5	213.8	338.0	79.0	18.0	.0	
48.5	38.7	13.8	333.8	303.6	85.0	13.0	.0	
49.3	34.4	4.2	147.5	692.1	23.0	.0	.0	
56.2	40.5	6.9	173.3	634.3	39.0	.0	.0	
51.4	45.6	10.4	127.5	241.6	83.0	9.0	.0	
53.7	50.3	18.2	112.5	219.7	98.0	124.0	.0	
56.7	52.0	12.1	252.5	314.3	98.0	1.0	.0	
58.8	50.5	7.4	256.3	477.9	76.0	39.0	.0	
61.2	54.7	7.0	113.3	366.4	83.0	18.0	.0	
61.9	51.5	13.7	304.6	460.3	59.0	4.0	.0	
58.4	40.1	10.5	277.9	702.0	7.0	.0	.0	
66.3	49.0	14.0	228.3	547.7	48.0	3.0	.0	
55.4	37.6	11.6	196.7	684.1	11.0	.0	.0	
57.2	36.3	4.6	127.9	595.3	51.0	.0	.0	
62.8	53.8	13.3	139.2	467.0	85.0	20.0	.0	
59.5	57.2	7.9	167.1	299.0	83.0	13.0	.0	
52.0	46.3	16.2	309.6	456.0	48.0	2.0	.0	
52.1	46.3	15.9	325.4	354.4	80.0	5.0	.0	
56.1	46.0	12.7	297.1	462.1	59.0	.0	.0	
   6    30    1983
60.2	46.3	5.4	129.6	498.1	55.0	.0	.0	
61.8	54.2	10.8	133.8	357.9	95.0	4.0	.0	
63.8	56.0	9.3	250.4	444.1	63.0	.0	.0	
63.3	48.2	10.3	250.0	540.3	38.0	.0	.0	
56.8	49.5	9.7	317.5	293.5	77.0	.0	.0	
58.8	40.2	10.3	278.3	692.1	2.0	.0	.0	
65.3	45.6	6.8	237.5	714.8	10.0	.0	.0	
67.5	51.7	9.4	186.7	574.9	50.0	8.0	.0	
71.9	57.4	5.1	124.2	629.5	41.0	.0	.0	
74.6	59.6	10.0	153.8	601.7	48.0	.0	.0	
75.6	59.9	13.2	162.9	557.1	75.0	.0	.0	
75.9	65.3	16.1	168.8	488.4	79.0	100.0	.0	
76.9	63.8	18.7	177.1	553.3	87.0	.0	.0	
66.2	59.2	12.5	212.9	455.4	68.0	.0	.0	
67.1	55.0	10.4	240.0	655.3	34.0	.0	.0	
64.2	54.4	3.7	140.4	585.2	56.0	.0	.0	
68.2	55.1	7.5	107.1	449.2	81.0	.0	.0	
64.2	57.7	11.0	100.8	258.5	98.0	75.0	.0	
69.6	59.0	10.0	114.2	617.2	44.0	.0	.0	
71.7	64.7	11.0	133.8	309.9	78.0	17.0	.0	
81.1	67.6	12.0	169.2	618.7	13.0	.0	.0	
80.5	66.0	10.1	170.4	713.0	2.0	.0	.0	
79.8	64.4	6.4	51.7	680.8	24.0	.0	.0	
79.3	64.2	6.4	119.6	514.2	68.0	.0	.0	
80.3	64.3	6.8	153.3	664.2	13.0	.0	.0	
77.5	65.3	8.9	164.2	474.5	71.0	52.0	.0	
72.8	65.6	10.1	122.1	278.1	98.0	.0	.0	
65.9	60.7	14.1	94.6	331.2	98.0	101.0	.0	
68.2	63.5	11.3	135.8	313.1	87.0	174.0	.0	
77.1	66.9	10.8	192.9	684.0	25.0	.0	.0	
   7    31    1983
75.2	66.2	9.5	133.3	520.8	93.0	88.0	.0	
75.7	67.1	13.7	154.2	372.5	94.0	39.0	.0	
76.9	68.7	14.7	201.3	383.7	78.0	75.0	.0	
69.0	55.7	12.7	267.5	637.6	48.0	.0	.0	
64.8	53.9	8.2	246.3	653.3	14.0	.0	.0	
67.1	54.7	8.1	140.0	618.5	27.0	.0	.0	
71.5	55.7	11.9	180.0	667.1	18.0	.0	.0	
76.6	62.2	11.3	204.6	677.5	3.0	.0	.0	
78.3	63.1	6.6	188.3	692.5	4.0	.0	.0	
77.9	63.3	7.6	142.5	680.4	2.0	.0	.0	
77.9	63.1	9.6	254.2	695.8	2.0	.0	.0	
74.7	57.3	4.2	170.0	717.9	7.0	.0	.0	
79.7	66.0	9.3	163.3	671.0	16.0	1.0	.0	
80.2	67.7	8.8	175.4	557.5	60.0	.0	.0	
79.8	67.2	8.2	172.5	537.5	60.0	.0	.0	
79.6	68.2	10.0	195.4	530.3	55.0	.0	.0	
80.5	67.7	7.3	186.3	614.1	42.0	.0	.0	
77.0	68.8	5.5	115.4	432.3	54.0	17.0	.0	
82.9	67.9	10.3	166.7	586.6	48.0	.0	.0	
85.5	72.4	8.0	200.8	611.3	14.0	.0	.0	
86.8	71.6	11.5	214.6	668.8	2.0	.0	.0	
84.3	73.6	7.5	254.6	603.5	36.0	6.0	.0	
76.3	68.6	6.1	267.9	360.0	85.0	.0	.0	
70.6	63.8	4.6	235.4	320.9	70.0	1.0	.0	
73.0	63.3	4.6	102.5	609.2	20.0	.0	.0	
74.3	62.1	7.1	139.2	550.6	32.0	.0	.0	
79.1	67.8	11.6	158.3	390.6	68.0	.0	.0	
82.1	72.5	6.9	194.6	441.6	80.0	148.0	.0	
77.9	72.7	4.4	200.0	478.9	80.0	14.0	.0	
78.4	68.1	3.3	142.9	617.1	33.0	.0	.0	
75.4	63.8	9.7	300.0	650.4	2.0	.0	.0	
   8    31    1983
71.8	61.2	4.8	228.8	644.8	3.0	.0	.0	
77.5	65.1	11.3	139.2	517.2	33.0	.0	.0	
79.4	71.0	9.6	225.8	361.5	55.0	.0	.0	
78.9	72.5	6.7	127.5	531.2	33.0	.0	.0	
75.4	70.1	5.0	77.9	368.3	50.0	.0	.0	
76.0	68.9	5.1	146.7	563.3	37.0	.0	.0	
77.1	66.6	3.7	182.5	607.4	2.0	.0	.0	
77.6	65.1	8.9	187.9	630.8	4.0	.0	.0	
75.2	61.3	7.3	145.0	566.3	46.0	.0	.0	
80.2	66.8	13.4	215.4	481.8	48.0	.0	.0	
66.9	59.6	10.1	196.3	394.6	43.0	.0	.0	
68.7	56.7	5.7	99.6	581.9	46.0	.0	.0	
73.4	61.4	8.0	164.6	490.9	68.0	.0	.0	
78.9	68.0	6.5	159.2	508.0	43.0	.0	.0	
79.8	65.8	8.8	167.1	559.0	25.0	.0	.0	
86.0	69.1	11.3	166.7	527.2	33.0	.0	.0	
83.4	71.2	10.2	276.7	571.0	25.0	.0	.0	
82.5	72.3	8.8	152.9	478.7	49.0	.0	.0	
86.6	68.7	11.5	242.1	585.0	8.0	.0	.0	
81.7	67.3	7.7	109.2	554.7	36.0	10.0	.0	
79.1	72.0	11.3	180.0	314.5	75.0	2.0	.0	
72.9	68.1	7.5	71.7	261.4	95.0	.0	.0	
73.2	63.4	8.4	108.8	291.9	96.0	.0	.0	
77.2	66.8	11.0	133.3	357.4	83.0	.0	.0	
77.6	73.2	9.3	117.5	311.7	53.0	13.0	.0	
79.5	72.5	11.2	162.9	341.9	87.0	1.0	.0	
73.7	69.4	5.2	87.5	350.5	73.0	59.0	.0	
76.3	68.3	2.8	95.8	549.6	4.0	.0	.0	
79.6	69.1	8.4	170.8	502.9	48.0	.0	.0	
73.9	68.9	9.1	202.5	392.8	64.0	45.0	.0	
70.7	64.2	5.5	117.1	447.7	21.0	.0	.0	
   9    30    1983
71.7	62.8	5.9	132.1	520.6	2.0	.0	.0	
76.7	64.6	8.8	177.1	524.6	5.0	.0	.0	
79.0	63.7	11.2	173.8	516.5	38.0	.0	.0	
80.6	63.1	13.4	174.6	428.1	88.0	.0	.0	
73.8	66.0	9.8	198.8	257.3	88.0	61.0	.0	
65.2	52.5	11.3	278.8	470.7	29.0	.0	.0	
65.1	51.7	4.9	190.4	513.3	14.0	.0	.0	
76.9	63.4	13.2	160.0	490.4	11.0	.0	.0	
82.6	67.3	14.3	200.0	451.1	15.0	.0	.0	
70.2	61.6	11.0	265.4	247.8	47.0	.0	.0	
61.4	48.8	4.0	145.0	522.3	23.0	.0	.0	
57.8	50.3	12.0	201.7	256.7	58.0	.0	.0	
54.9	43.8	4.9	115.8	485.4	7.0	.0	.0	
58.6	45.3	6.3	122.9	391.1	71.0	7.0	.0	
54.9	52.7	11.9	163.8	141.6	98.0	60.0	.0	
56.4	51.8	8.5	235.8	322.7	63.0	.0	.0	
58.9	54.3	13.1	122.5	274.9	54.0	1.0	.0	
66.2	54.0	11.1	256.3	330.4	54.0	.0	.0	
66.2	59.5	14.8	177.1	233.3	97.0	130.0	.0	
46.8	40.6	15.6	315.8	182.6	89.0	60.0	.0	
42.5	33.0	12.2	275.4	277.2	49.0	.0	.0	
41.8	32.5	9.4	279.6	225.2	65.0	.0	.0	
44.6	33.1	5.4	134.6	457.1	8.0	.0	.0	
55.2	42.6	12.4	160.8	381.4	40.0	.0	.0	
63.9	54.4	9.1	191.3	398.5	52.0	.0	.0	
62.4	57.0	9.2	156.3	379.1	33.0	.0	.0	
67.1	56.7	9.5	166.3	413.2	2.0	.0	.0	
70.2	59.1	10.6	161.7	357.2	66.0	.0	.0	
68.5	57.9	8.7	163.8	270.1	96.0	.0	.0	
66.2	55.0	8.2	150.4	375.6	42.0	.0	.0	
  10    31    1983
68.2	54.7	10.5	175.0	383.9	17.0	.0	.0	
74.4	59.3	13.9	174.2	340.1	68.0	.0	.0	
59.7	56.6	10.7	300.0	161.5	98.0	52.0	.0	
54.3	48.5	6.5	282.1	183.1	84.0	.0	.0	
55.3	44.9	9.3	260.0	385.3	2.0	.0	.0	
50.8	40.5	6.8	211.7	323.7	45.0	.0	.0	
58.6	51.9	12.1	231.3	230.9	64.0	.0	.0	
48.7	41.2	10.3	64.6	335.9	40.0	.0	.0	
46.7	37.8	9.3	103.8	328.9	54.0	.0	.0	
53.5	45.2	14.1	149.6	146.9	98.0	18.0	.0	
52.3	49.9	15.7	262.9	99.7	98.0	200.0	.0	
40.8	32.5	12.7	310.0	188.7	77.0	3.0	.0	
32.7	29.2	6.2	245.4	217.4	54.0	3.0	.0	
44.4	34.1	9.7	205.4	365.8	25.0	.0	.0	
52.6	49.8	12.2	158.8	140.9	97.0	40.0	.0	
47.0	41.8	9.3	267.9	317.1	20.0	.0	.0	
43.6	34.0	3.0	81.7	330.7	8.0	.0	.0	
46.9	36.4	7.7	100.0	283.0	84.0	.0	.0	
48.1	43.8	16.9	125.8	95.6	98.0	15.0	.0	
45.4	42.8	14.5	81.3	163.7	98.0	31.0	.0	
46.3	44.6	13.9	60.8	130.8	98.0	42.0	.0	
48.5	45.8	10.9	117.1	163.4	98.0	2.0	.0	
47.4	42.9	9.1	152.1	272.3	52.0	.0	.0	
46.6	43.7	6.1	177.5	140.5	88.0	.0	.0	
43.6	33.8	10.8	273.3	262.2	19.0	.0	.0	
46.3	36.6	9.6	233.3	317.1	3.0	.0	.0	
56.0	40.9	15.1	195.8	295.7	8.0	.0	.0	
52.8	39.4	15.3	303.3	272.0	13.0	.0	.0	
38.9	29.2	5.1	140.8	217.8	72.0	.0	.0	
45.6	36.7	9.4	137.9	143.8	98.0	1.0	.0	
48.4	43.5	11.0	142.9	135.2	98.0	28.0	.0	
  11    30    1983
57.0	54.2	11.5	165.8	134.9	98.0	.0	.0	
57.5	56.1	3.7	88.8	138.1	98.0	1.0	.0	
45.8	39.4	15.9	80.4	138.2	98.0	.0	.0	
35.2	28.0	6.6	71.3	250.3	20.0	.0	.0	
39.4	28.9	8.3	150.8	242.8	49.0	.0	.0	
48.0	44.5	6.1	196.7	107.7	98.0	.0	.0	
51.3	46.5	9.8	166.7	124.0	82.0	.0	.0	
52.6	51.0	8.4	175.0	107.6	94.0	.0	.0	
45.1	43.2	13.4	168.3	75.4	98.0	65.0	.0	
35.3	27.2	21.7	301.7	132.8	97.0	.0	.0	
31.8	22.7	12.2	157.9	192.3	63.0	.0	.0	
29.2	23.4	12.5	132.9	91.3	98.0	.0	10.2	
34.0	31.7	14.4	163.3	106.4	98.0	2.0	.0	
41.1	38.0	14.9	249.6	117.9	98.0	5.0	.0	
36.1	29.8	17.6	332.9	110.7	83.0	.0	.0	
31.9	27.5	10.2	310.4	120.9	63.0	.0	.0	
31.4	27.2	10.5	110.0	152.4	57.0	.0	.0	
40.0	36.9	7.7	100.8	96.7	92.0	5.0	.0	
53.6	50.5	14.6	144.2	106.4	98.0	77.0	.0	
40.0	33.7	18.3	270.8	92.3	98.0	.0	.0	
34.8	29.1	8.8	198.8	163.5	54.0	.0	.0	
35.6	31.8	12.8	134.6	97.5	98.0	14.0	.0	
28.4	25.5	17.5	306.3	84.8	98.0	.0	254.0	
23.5	17.3	11.6	241.7	139.5	58.0	.0	.0	
27.8	22.3	7.2	133.8	200.2	42.0	.0	.0	
31.4	24.3	14.2	40.8	144.5	96.0	.0	10.2	
31.0	28.8	18.0	67.1	55.7	98.0	.0	200.7	
31.4	28.5	13.4	182.9	85.0	98.0	.0	22.9	
19.9	13.6	19.0	280.0	111.9	90.0	.0	5.1	
14.5	8.7	15.5	282.5	123.0	40.0	.0	.0	
  12    31    1983
14.4	8.6	8.8	228.3	138.3	58.0	.0	.0	
17.7	12.3	8.1	251.3	165.4	38.0	.0	.0	
17.7	12.7	6.6	136.7	113.7	68.0	.0	.0	
29.1	23.8	4.5	127.9	112.5	93.0	.0	2.5	
26.7	22.7	11.6	193.3	86.7	98.0	.0	10.2	
15.4	9.4	11.8	277.5	160.4	48.0	.0	12.7	
7.3	4.4	4.9	155.4	105.0	45.0	.0	.0	
10.9	6.4	6.7	112.9	102.3	68.0	.0	10.2	
14.5	10.0	6.9	200.8	175.5	43.0	.0	.0	
20.7	18.1	15.8	122.1	103.1	93.0	.0	12.7	
31.3	28.6	15.3	234.6	88.0	98.0	.0	58.4	
18.5	14.1	9.6	210.8	95.8	98.0	.0	.0	
27.8	26.1	11.3	128.3	92.3	98.0	.0	2.5	
30.0	27.7	12.1	176.7	96.4	98.0	.0	76.2	
16.0	11.3	19.4	323.8	101.1	73.0	.0	15.2	
-3.0	-12.6	10.0	302.1	160.6	37.0	.0	2.5	
-7.9	-18.5	11.6	312.1	135.4	91.0	.0	.0	
-15.2	-27.4	8.8	306.7	193.5	11.0	.0	.0	
-15.7	-27.8	6.0	160.8	98.1	70.0	.0	.0	
-4.9	-15.2	7.3	110.8	142.0	60.0	.0	12.7	
6.4	-1.1	12.0	232.1	99.7	93.0	.0	38.1	
-16.0	-29.0	13.8	282.9	197.1	10.0	.0	.0	
-14.9	-31.5	16.3	304.6	162.6	45.0	.0	.0	
-19.7	-27.5	24.7	303.8	121.8	58.0	.0	.0	
-11.8	-20.2	16.1	281.7	185.4	13.0	.0	.0	
2.8	-5.7	12.2	235.0	94.8	79.0	.0	.0	
12.8	10.8	8.7	241.3	116.9	98.0	.0	5.1	
2.0	-3.8	17.5	310.0	152.8	43.0	.0	2.5	
-4.7	-14.4	14.0	284.2	196.7	2.0	.0	.0	
7.5	-4.7	14.4	195.8	183.1	2.0	.0	.0	
20.3	13.4	10.1	170.4	151.8	73.0	.0	.0	
