   1    31    1989
24.1	21.4	4.0	107.9	144.0	78.0	.0	.0	
28.1	23.5	6.1	195.8	109.5	98.0	.0	.0	
29.7	25.2	4.6	102.5	176.0	46.0	.0	.0	
24.8	22.3	4.3	160.0	131.9	84.0	.0	.0	
27.8	25.3	6.0	189.2	57.7	98.0	.0	83.8	
22.9	16.0	9.4	274.2	152.0	71.0	.0	2.5	
17.8	14.0	5.0	135.0	137.7	89.0	.0	2.5	
21.9	17.6	12.1	116.3	129.2	98.0	.0	35.6	
34.3	29.6	11.1	110.4	63.4	98.0	17.0	.0	
34.3	27.5	10.7	242.1	175.6	78.0	31.0	.0	
28.6	23.9	4.4	133.8	152.4	87.0	.0	.0	
27.8	21.0	8.4	117.1	190.9	96.0	.0	.0	
27.8	19.9	17.0	142.1	113.1	80.0	.0	.0	
22.9	14.4	6.2	125.8	204.3	72.0	.0	.0	
29.1	20.0	15.1	117.1	134.7	96.0	.0	.0	
34.6	27.4	12.4	119.2	169.4	96.0	.0	.0	
36.1	27.0	7.6	177.9	188.1	80.0	.0	.0	
34.8	28.2	6.3	154.6	199.9	59.0	.0	.0	
26.9	22.9	6.1	127.9	220.5	4.0	.0	.0	
23.6	19.7	5.3	142.5	220.9	44.0	.0	.0	
25.3	22.6	5.1	221.3	150.9	98.0	.0	.0	
29.6	26.9	5.8	183.3	93.1	98.0	.0	43.2	
16.4	10.5	6.3	205.0	248.6	13.0	.0	.0	
12.3	5.6	5.7	125.0	253.3	18.0	.0	.0	
9.4	4.0	4.9	128.8	248.7	13.0	.0	.0	
12.9	5.9	6.1	123.8	257.3	2.0	.0	.0	
9.8	4.2	6.3	212.9	259.4	8.0	.0	.0	
13.3	7.6	6.0	161.3	211.2	61.0	.0	.0	
19.3	13.5	3.0	121.3	167.9	89.0	.0	.0	
27.1	21.6	5.1	184.6	164.0	87.0	.0	.0	
28.2	23.4	4.5	171.3	234.4	89.0	.0	.0	
   2    28    1989
25.5	20.1	5.3	202.1	159.3	81.0	.0	.0	
20.7	12.3	7.2	201.7	158.6	98.0	.0	.0	
9.2	4.5	5.0	223.8	234.6	90.0	.0	12.7	
-1.8	-7.9	7.1	240.4	252.0	46.0	.0	2.5	
-3.5	-11.6	8.1	130.8	270.4	19.0	.0	.0	
-2.7	-10.8	5.4	137.5	300.8	2.0	.0	.0	
-2.8	-9.7	2.9	112.5	302.4	10.0	.0	.0	
.6	-7.3	2.1	70.4	292.7	16.0	.0	.0	
7.8	-.5	3.3	150.8	231.0	60.0	.0	.0	
18.5	9.4	3.2	157.5	218.6	82.0	.0	.0	
20.7	14.3	3.8	135.4	141.5	77.0	.0	.0	
23.1	19.1	5.0	227.1	229.1	80.0	.0	.0	
22.4	17.9	5.4	150.4	242.5	64.0	.0	.0	
20.4	12.1	6.5	169.2	304.0	37.0	.0	.0	
22.9	12.7	8.6	132.1	324.1	50.0	.0	.0	
28.0	20.3	5.5	142.1	186.3	98.0	.0	10.2	
35.9	31.4	7.0	106.3	117.4	98.0	51.0	.0	
37.1	34.5	7.9	121.3	95.9	98.0	9.0	.0	
34.3	33.2	5.4	242.5	70.8	94.0	27.0	.0	
33.4	28.6	3.9	173.3	264.0	43.0	.0	.0	
34.0	29.0	4.6	152.9	225.5	74.0	.0	.0	
39.0	34.6	10.3	149.6	103.9	98.0	18.0	.0	
39.7	32.1	9.0	123.8	360.0	3.0	.0	.0	
38.8	32.2	5.9	197.1	352.8	32.0	.0	.0	
37.7	32.6	4.7	200.8	337.7	46.0	.0	.0	
34.2	28.0	7.2	231.7	340.1	42.0	.0	.0	
32.3	22.4	8.4	236.7	294.4	56.0	.0	.0	
35.9	25.0	4.2	142.5	215.6	80.0	.0	.0	
   3    31    1989
38.5	29.7	6.1	142.9	256.6	67.0	10.0	.0	
36.9	31.9	10.2	165.0	108.8	89.0	46.0	.0	
22.7	12.0	15.1	293.3	401.9	2.0	.0	.0	
29.3	16.2	13.8	137.5	273.8	72.0	.0	.0	
36.3	28.0	11.4	127.9	75.7	98.0	34.0	.0	
46.5	39.8	10.4	129.2	299.6	97.0	.0	.0	
45.7	38.3	5.4	132.9	299.8	85.0	.0	.0	
50.6	41.6	13.0	142.1	169.8	98.0	3.0	.0	
54.6	40.5	14.0	132.1	152.3	77.0	.0	.0	
52.9	39.6	8.0	115.8	318.6	62.0	.0	.0	
53.3	36.2	7.6	128.3	363.7	50.0	.0	.0	
50.1	33.2	7.1	197.5	429.0	42.0	.0	.0	
42.1	32.6	11.7	264.6	136.6	97.0	17.0	.0	
36.1	23.2	6.1	198.8	313.9	75.0	.0	.0	
43.1	27.4	10.4	113.3	325.7	86.0	.0	.0	
42.7	34.6	9.0	193.8	106.9	98.0	5.0	.0	
39.9	30.3	7.7	105.8	225.4	88.0	1.0	.0	
46.9	33.3	11.4	127.1	198.9	94.0	26.0	.0	
40.5	33.4	13.3	288.8	195.4	70.0	44.0	.0	
39.4	27.1	5.2	144.6	482.1	36.0	.0	.0	
42.7	36.0	12.8	115.4	103.1	98.0	24.0	.0	
42.9	33.8	7.1	237.9	362.0	86.0	.0	.0	
44.8	30.1	4.8	175.0	457.9	59.0	.0	.0	
47.5	37.6	13.5	128.3	179.8	98.0	8.0	.0	
46.9	41.5	9.2	150.0	200.8	98.0	49.0	.0	
46.0	35.4	8.4	235.8	421.9	81.0	.0	.0	
48.3	34.1	6.0	175.8	278.1	98.0	4.0	.0	
45.8	39.4	8.6	150.0	117.5	89.0	25.0	.0	
40.1	32.7	8.1	241.7	363.3	64.0	4.0	.0	
42.2	25.7	8.4	130.8	475.7	73.0	.0	.0	
44.7	36.3	7.4	179.2	254.4	88.0	46.0	.0	
   4    30    1989
43.0	35.6	8.7	130.8	231.8	89.0	6.0	.0	
44.8	31.4	9.7	234.2	465.1	90.0	1.0	.0	
42.5	27.9	9.4	260.4	457.8	74.0	.0	.0	
43.4	29.6	6.6	119.2	340.8	63.0	.0	.0	
55.9	38.2	5.4	121.3	526.4	46.0	.0	.0	
59.7	38.8	7.0	126.3	534.8	60.0	.0	.0	
58.8	40.4	11.2	245.0	546.8	26.0	.0	.0	
53.0	28.7	9.5	268.3	555.1	49.0	.0	.0	
48.2	24.6	9.5	156.7	587.1	82.0	.0	.0	
49.8	22.4	14.5	197.5	521.0	20.0	.0	.0	
50.4	30.0	7.8	244.6	579.6	7.0	.0	.0	
53.2	32.5	5.6	170.0	586.1	27.0	.0	.0	
57.9	34.1	6.2	148.3	508.9	74.0	.0	.0	
61.5	36.9	5.6	142.9	433.8	89.0	.0	.0	
59.5	45.7	6.1	234.2	388.1	89.0	13.0	.0	
56.1	44.4	6.5	192.9	445.8	60.0	.0	.0	
58.9	40.6	7.6	184.2	382.6	64.0	.0	.0	
66.2	42.6	10.0	115.8	603.3	34.0	.0	.0	
67.7	37.2	8.0	180.8	565.7	40.0	.0	.0	
66.0	36.7	6.9	170.4	562.0	88.0	.0	.0	
62.8	38.2	9.7	280.8	534.9	58.0	.0	.0	
49.1	33.0	7.4	216.7	458.7	60.0	.0	.0	
47.4	30.4	5.4	178.8	545.3	61.0	.0	.0	
49.7	36.4	5.7	213.3	329.4	75.0	25.0	.0	
47.2	31.0	15.0	139.2	496.8	80.0	1.0	.0	
46.7	33.7	10.4	250.8	594.5	43.0	.0	.0	
47.6	35.8	10.6	269.6	530.9	43.0	.0	.0	
47.6	34.3	6.7	222.5	636.2	20.0	.0	.0	
52.9	33.5	8.1	185.4	659.3	6.0	.0	.0	
57.2	29.9	11.0	136.3	644.5	35.0	.0	.0	
   5    31    1989
59.8	35.1	9.1	255.0	556.6	67.0	.0	.0	
54.3	36.8	6.5	235.0	549.9	74.0	.0	.0	
57.2	38.2	7.1	218.3	580.3	82.0	.0	.0	
58.7	37.3	8.0	261.7	671.8	37.0	.0	.0	
63.1	34.2	7.4	151.7	601.1	57.0	.0	.0	
70.9	39.7	9.4	154.2	542.4	85.0	1.0	.0	
69.6	48.3	8.8	275.0	546.8	65.0	.0	.0	
64.5	45.8	9.6	260.8	671.3	50.0	.0	.0	
65.7	43.6	8.2	165.8	413.3	93.0	3.0	.0	
56.2	44.7	11.1	262.1	312.9	83.0	.0	.0	
50.2	30.6	14.2	303.3	698.8	20.0	.0	.0	
51.3	27.1	15.1	306.3	681.1	33.0	.0	.0	
50.6	35.6	5.9	137.1	406.7	76.0	.0	.0	
55.9	36.6	7.7	244.6	674.3	35.0	.0	.0	
58.1	38.6	7.1	183.3	682.9	45.0	.0	.0	
58.2	36.5	9.1	245.0	643.3	52.0	.0	.0	
62.5	36.9	7.7	136.7	693.6	18.0	.0	.0	
47.6	33.2	12.9	288.8	425.2	66.0	17.0	.0	
47.2	25.2	7.2	210.8	735.2	2.0	.0	.0	
58.9	24.7	8.6	170.0	730.1	36.0	.0	.0	
62.1	32.8	6.5	178.8	709.6	18.0	.0	.0	
65.8	31.5	6.1	212.9	701.1	43.0	.0	.0	
55.6	27.8	11.7	259.6	423.9	66.0	.0	.0	
49.2	29.7	7.8	236.3	579.3	63.0	.0	.0	
50.6	29.3	8.3	221.3	734.0	9.0	.0	.0	
56.7	27.8	7.6	138.8	492.4	65.0	.0	.0	
59.2	34.9	11.2	238.3	627.3	87.0	.0	.0	
50.4	36.7	10.4	302.1	581.5	71.0	.0	.0	
51.9	36.0	10.5	272.5	667.9	70.0	.0	.0	
56.1	36.1	14.0	292.1	737.2	2.0	.0	.0	
60.8	36.1	6.6	206.3	675.9	13.0	.0	.0	
   6    30    1989
67.7	41.4	7.3	211.7	725.7	5.0	.0	.0	
68.2	44.0	8.5	231.3	694.8	42.0	.0	.0	
60.8	47.7	6.8	144.6	279.3	88.0	4.0	.0	
65.0	46.4	5.8	179.2	647.9	48.0	.0	.0	
71.6	47.7	5.5	177.9	552.9	39.0	.0	.0	
72.7	44.1	8.8	244.6	700.2	21.0	2.0	.0	
72.2	35.7	7.8	216.3	749.9	2.0	.0	.0	
73.5	35.2	7.7	220.0	734.9	2.0	.0	.0	
71.8	40.2	7.2	233.3	604.8	50.0	.0	.0	
65.6	34.2	9.2	274.6	749.8	5.0	.0	.0	
68.3	35.7	5.6	167.9	702.6	43.0	.0	.0	
72.9	39.4	7.8	195.4	695.0	51.0	.0	.0	
77.1	41.6	9.8	117.5	476.5	95.0	.0	.0	
79.2	48.7	10.2	266.7	611.2	76.0	.0	.0	
73.0	53.6	9.1	252.1	535.4	81.0	.0	.0	
62.5	39.5	9.7	292.1	738.6	49.0	1.0	.0	
69.9	34.7	6.8	173.8	751.1	15.0	.0	.0	
73.2	41.1	6.4	237.5	751.2	11.0	.0	.0	
68.6	37.0	10.9	260.8	591.9	53.0	.0	.0	
57.2	31.1	15.4	289.2	540.6	53.0	.0	.0	
59.8	30.5	7.7	215.8	756.5	31.0	.0	.0	
63.0	37.1	8.1	175.0	362.4	85.0	.0	.0	
65.3	39.9	8.2	213.3	714.9	27.0	.0	.0	
67.7	40.0	8.5	184.2	734.4	16.0	.0	.0	
71.2	38.2	9.0	175.8	730.6	35.0	.0	.0	
76.3	38.4	10.8	152.5	641.0	56.0	.0	.0	
69.3	36.2	7.3	219.2	425.5	67.0	1.0	.0	
75.3	45.5	9.4	162.9	516.4	71.0	.0	.0	
79.5	35.6	9.8	160.8	746.0	28.0	.0	.0	
71.8	39.5	8.7	245.0	684.5	33.0	.0	.0	
   7    31    1989
69.2	38.4	5.2	211.3	682.4	48.0	.0	.0	
70.1	40.3	4.5	197.9	754.3	2.0	.0	.0	
78.0	36.1	8.0	229.2	756.6	3.0	.0	.0	
74.9	41.7	7.8	247.5	749.3	2.0	.0	.0	
72.2	40.6	6.4	250.0	745.2	2.0	.0	.0	
79.2	36.8	4.8	154.6	751.5	2.0	.0	.0	
86.6	38.5	11.2	179.6	664.5	27.0	.0	.0	
72.3	37.4	9.5	287.5	694.4	8.0	.0	.0	
70.5	36.8	10.1	290.8	727.1	15.0	.0	.0	
70.3	38.3	7.1	237.1	722.0	10.0	.0	.0	
78.0	38.4	6.9	177.1	722.4	20.0	.0	.0	
76.2	47.3	7.9	101.3	279.3	71.0	.0	.0	
79.0	47.7	6.1	201.3	700.4	2.0	.0	.0	
84.4	42.1	9.5	150.0	570.0	26.0	.0	.0	
79.9	44.1	9.6	248.8	526.7	59.0	.0	.0	
70.1	44.7	8.4	310.0	415.9	68.0	.0	.0	
71.1	49.4	8.0	259.6	703.1	24.0	1.0	.0	
81.3	45.2	7.3	171.7	697.1	9.0	.0	.0	
87.0	47.9	7.3	174.2	682.6	23.0	.0	.0	
83.4	52.1	8.8	250.4	575.6	42.0	.0	.0	
76.0	44.5	9.4	291.7	604.0	74.0	2.0	.0	
75.1	46.7	6.6	263.8	643.2	62.0	.0	.0	
83.1	42.4	7.0	224.6	692.9	27.0	.0	.0	
83.0	36.8	8.6	188.3	681.2	29.0	.0	.0	
79.1	42.2	6.4	221.7	681.3	15.0	.0	.0	
86.1	43.0	9.2	214.6	620.9	32.0	.0	.0	
81.7	47.1	9.0	261.7	664.5	28.0	.0	.0	
77.7	45.8	6.6	225.4	665.9	2.0	.0	.0	
82.4	39.5	7.0	212.5	652.7	21.0	.0	.0	
80.9	34.7	8.0	218.8	693.9	8.0	.0	.0	
80.9	34.7	8.6	245.8	684.3	5.0	.0	.0	
   8    31    1989
70.6	35.6	9.6	295.8	681.7	2.0	.0	.0	
68.2	39.5	7.3	240.4	680.0	6.0	.0	.0	
68.0	41.5	6.3	235.4	678.0	2.0	.0	.0	
71.1	41.5	6.5	225.4	671.2	2.0	.0	.0	
76.4	39.8	6.8	203.8	663.5	2.0	.0	.0	
79.6	42.2	6.8	209.2	594.5	15.0	.0	.0	
82.0	42.7	6.8	210.0	454.3	73.0	.0	.0	
79.3	51.2	10.3	145.8	305.9	90.0	.0	.0	
76.5	51.6	7.0	174.2	533.9	43.0	.0	.0	
81.4	46.8	8.3	142.5	650.5	22.0	.0	.0	
81.5	45.6	7.4	187.5	632.5	29.0	.0	.0	
78.1	47.2	9.3	127.9	398.3	33.0	4.0	.0	
76.2	46.0	8.1	248.3	636.8	11.0	.0	.0	
77.4	42.9	8.9	198.8	602.4	77.0	.0	.0	
69.0	36.4	10.8	316.7	612.3	40.0	.0	.0	
65.4	35.6	6.8	247.9	573.6	26.0	.0	.0	
70.1	36.9	8.9	233.8	602.4	23.0	.0	.0	
71.5	41.9	8.5	259.2	554.5	37.0	.0	.0	
71.3	43.3	8.5	207.5	562.4	47.0	4.0	.0	
68.1	45.8	7.0	226.3	612.7	13.0	.0	.0	
71.5	41.0	7.5	192.1	381.2	90.0	.0	.0	
69.3	46.8	10.3	201.3	401.1	75.0	1.0	.0	
58.3	48.0	8.5	248.8	361.4	77.0	18.0	.0	
53.3	48.3	7.0	247.9	262.8	90.0	49.0	.0	
56.6	47.7	5.3	176.7	445.0	53.0	2.0	.0	
64.0	43.0	6.1	167.5	594.6	6.0	.0	.0	
64.0	45.6	9.9	229.2	590.9	11.0	.0	.0	
67.7	41.1	6.2	180.8	555.4	57.0	.0	.0	
73.6	38.1	6.6	157.9	534.5	69.0	.0	.0	
65.9	41.6	9.6	255.4	482.9	32.0	.0	.0	
62.4	40.8	4.9	190.8	572.8	2.0	.0	.0	
   9    30    1989
72.5	36.1	9.7	152.9	541.2	31.0	.0	.0	
61.7	38.6	11.3	297.5	554.8	45.0	.0	.0	
58.3	37.5	6.4	217.5	572.5	2.0	.0	.0	
66.5	32.3	6.8	162.5	562.7	2.0	.0	.0	
63.8	36.6	11.7	261.3	472.4	55.0	.0	.0	
58.3	36.3	4.2	165.8	303.1	91.0	.0	.0	
62.5	38.5	4.4	180.8	489.1	50.0	.0	.0	
63.9	39.5	6.7	209.6	531.0	9.0	.0	.0	
63.2	40.7	8.0	231.3	514.8	23.0	.0	.0	
56.5	30.1	6.6	212.5	545.5	18.0	.0	.0	
59.3	26.9	9.1	219.6	512.5	19.0	.0	.0	
58.9	29.5	7.2	199.6	527.0	2.0	.0	.0	
62.7	29.4	7.1	147.9	523.6	2.0	.0	.0	
66.5	30.1	7.0	157.5	516.1	2.0	.0	.0	
69.2	26.2	6.4	143.3	499.3	35.0	.0	.0	
70.9	33.8	7.7	171.7	427.1	90.0	.0	.0	
57.9	50.6	7.0	225.0	75.8	98.0	65.0	.0	
53.5	44.3	6.3	232.5	480.0	43.0	.0	.0	
54.1	42.9	6.3	205.8	483.5	2.0	.0	.0	
57.8	41.1	8.4	235.8	485.3	2.0	.0	.0	
59.8	43.2	7.2	189.2	474.1	2.0	.0	.0	
65.2	44.0	7.2	166.7	460.6	4.0	.0	.0	
67.3	42.1	6.6	163.8	460.9	20.0	.0	.0	
68.5	40.9	5.6	179.6	457.2	20.0	.0	.0	
72.0	41.9	8.5	148.8	341.6	73.0	1.0	.0	
67.5	42.7	8.3	200.8	444.6	43.0	.0	.0	
63.7	43.8	5.4	184.2	327.2	78.0	.0	.0	
67.8	49.7	4.8	170.0	418.0	18.0	.0	.0	
73.4	41.7	12.0	212.1	424.1	28.0	.0	.0	
58.0	50.4	7.4	182.9	227.4	98.0	54.0	.0	
  10    31    1989
55.0	45.1	6.8	253.8	304.0	96.0	.0	.0	
47.7	45.9	7.4	272.9	67.0	98.0	24.0	.0	
49.0	41.7	5.8	255.4	295.7	90.0	.0	.0	
49.0	35.1	5.7	212.5	410.0	10.0	.0	.0	
51.5	35.8	7.5	145.8	340.9	57.0	.0	.0	
52.8	38.3	6.4	189.2	394.0	8.0	.0	.0	
55.1	39.2	6.9	165.8	389.1	41.0	.0	.0	
57.0	38.8	5.3	160.4	383.5	38.0	.0	.0	
58.3	40.0	5.3	164.6	379.9	2.0	.0	.0	
63.9	39.4	7.1	165.4	374.2	8.0	.0	.0	
56.9	41.0	4.8	125.8	362.0	67.0	.0	.0	
62.0	35.5	7.3	152.1	364.7	58.0	.0	.0	
58.0	35.5	4.8	138.3	278.8	60.0	.0	.0	
51.8	36.3	7.9	241.7	291.1	69.0	.0	.0	
43.7	27.4	7.8	255.8	360.2	71.0	.0	.0	
44.1	26.1	6.3	171.3	359.8	8.0	.0	.0	
47.5	23.9	7.1	133.3	351.1	2.0	.0	.0	
53.2	26.8	8.4	185.4	343.1	12.0	.0	.0	
53.7	27.2	4.9	146.3	278.5	88.0	.0	.0	
59.0	28.1	7.8	130.8	178.8	96.0	.0	.0	
55.2	44.7	9.0	119.6	67.0	98.0	29.0	.0	
56.6	43.0	8.5	147.5	185.0	97.0	12.0	.0	
59.5	40.7	13.9	161.7	168.6	98.0	5.0	.0	
48.7	40.2	13.9	133.3	200.5	90.0	.0	.0	
44.8	40.8	8.9	242.9	88.0	89.0	19.0	.0	
44.8	30.7	7.7	123.8	298.3	59.0	1.0	.0	
41.6	36.6	10.1	217.1	93.6	91.0	34.0	.0	
37.5	27.5	10.8	297.1	279.3	30.0	.0	.0	
32.3	23.2	5.1	187.5	306.0	23.0	.0	.0	
37.6	25.3	5.0	107.5	282.4	63.0	.0	.0	
37.9	25.7	7.3	231.3	295.6	20.0	.0	.0	
  11    30    1989
36.5	21.1	5.6	107.9	288.5	20.0	.0	.0	
36.7	23.6	4.9	131.3	268.9	35.0	.0	.0	
40.5	29.3	2.6	126.3	175.0	83.0	.0	.0	
47.1	35.4	7.7	202.5	193.4	54.0	3.0	.0	
38.4	30.6	5.8	160.0	213.5	61.0	.0	.0	
39.1	30.7	5.9	127.1	134.6	75.0	1.0	.0	
42.7	31.9	7.1	182.5	146.4	58.0	.0	.0	
41.8	29.3	6.0	142.5	200.8	64.0	.0	.0	
48.6	39.1	4.1	115.4	152.9	78.0	1.0	.0	
51.3	40.1	5.0	116.7	239.3	23.0	.0	.0	
49.0	37.6	5.3	122.5	234.0	6.0	.0	.0	
45.5	35.5	8.9	114.6	67.7	70.0	1.0	.0	
44.8	34.2	7.5	203.3	139.1	83.0	.0	.0	
37.0	24.9	7.3	237.9	213.8	42.0	.0	.0	
35.1	23.4	3.8	112.5	199.8	69.0	.0	.0	
35.6	24.8	3.6	174.2	148.7	75.0	.0	.0	
39.8	37.3	3.9	163.8	69.6	98.0	17.0	.0	
43.4	37.7	4.9	132.9	185.9	94.0	.0	.0	
39.0	34.0	4.5	165.8	220.4	4.0	.0	.0	
37.7	32.7	5.7	156.3	216.8	7.0	.0	.0	
33.4	31.9	3.8	165.4	145.0	58.0	.0	.0	
38.0	30.3	6.3	135.4	217.6	10.0	.0	.0	
36.2	32.2	6.1	125.0	59.2	78.0	14.0	.0	
39.3	34.3	4.4	143.8	160.7	85.0	7.0	.0	
37.0	30.6	11.6	127.9	97.2	79.0	1.0	.0	
38.0	32.5	10.7	289.6	113.6	95.0	14.0	.0	
32.3	23.8	6.8	213.3	207.3	33.0	.0	.0	
30.0	20.0	9.2	127.5	208.3	16.0	.0	.0	
29.3	18.8	6.5	107.5	203.7	2.0	.0	.0	
27.4	19.6	5.2	169.6	196.5	29.0	.0	.0	
  12    31    1989
28.3	21.2	5.8	115.0	180.2	18.0	.0	.0	
29.9	23.2	4.1	122.1	152.1	60.0	.0	.0	
31.8	25.1	2.7	95.8	156.7	82.0	.0	.0	
36.4	29.8	4.1	175.4	77.8	98.0	.0	.0	
38.3	35.6	5.1	185.8	138.7	95.0	2.0	.0	
37.3	32.6	3.7	140.4	122.1	63.0	.0	.0	
36.5	28.8	8.8	141.3	150.2	70.0	.0	.0	
36.8	32.2	5.5	158.3	45.2	97.0	8.0	.0	
34.3	28.7	5.9	196.3	110.2	55.0	.0	.0	
27.9	20.8	6.5	201.3	178.4	8.0	.0	.0	
23.1	15.3	4.5	152.9	165.9	31.0	.0	.0	
24.4	15.2	4.8	182.5	170.8	59.0	.0	.0	
28.2	19.6	3.4	154.2	170.7	87.0	.0	.0	
34.5	24.2	5.2	153.8	176.0	69.0	.0	.0	
32.3	25.1	5.8	162.5	156.3	48.0	.0	.0	
30.0	23.6	5.5	174.6	176.5	57.0	.0	.0	
29.5	23.0	5.6	183.3	148.9	73.0	.0	.0	
24.3	15.8	5.6	110.0	182.1	37.0	.0	.0	
27.5	17.1	5.6	160.0	152.0	35.0	.0	.0	
26.3	19.3	3.5	170.8	111.9	76.0	.0	.0	
29.7	21.8	3.9	147.9	180.0	19.0	.0	.0	
33.7	25.1	4.3	113.8	167.5	35.0	.0	.0	
29.6	23.6	4.4	167.9	181.1	25.0	.0	.0	
30.5	24.1	5.5	103.8	161.3	41.0	.0	.0	
26.0	20.8	4.3	118.8	195.1	4.0	.0	.0	
23.3	20.1	3.9	154.2	195.1	46.0	.0	.0	
22.4	21.4	2.8	174.2	59.2	98.0	.0	.0	
23.2	21.8	6.0	286.7	73.3	78.0	.0	.0	
22.9	19.3	5.5	155.4	115.8	53.0	.0	.0	
25.9	19.3	5.9	187.9	191.3	7.0	.0	.0	
29.9	23.4	6.8	195.7	124.5	62.0	.0	.0	
