   1    31    1966
13.6	6.6	13.4	213.8	146.5	40.0	.0	.0	
19.3	6.9	25.9	178.8	98.7	89.0	.0	.0	
27.6	14.5	29.7	180.0	152.1	90.0	.0	.0	
33.0	19.1	26.6	176.3	92.9	98.0	.0	.0	
36.8	23.0	21.0	178.8	109.5	90.0	.0	.0	
39.9	28.2	19.2	196.3	83.7	95.0	.0	.0	
37.6	30.6	8.8	167.5	131.2	82.0	.0	.0	
36.4	24.4	16.1	207.5	93.9	85.0	.0	.0	
29.0	17.8	8.9	187.5	162.5	56.0	.0	.0	
30.9	21.2	3.9	28.8	139.9	91.0	.0	.0	
31.4	24.4	14.7	233.8	94.9	75.0	.0	5.1	
30.5	21.6	10.1	218.8	107.5	96.0	.0	.0	
35.3	22.0	13.4	200.0	104.6	98.0	.0	.0	
33.9	25.5	17.3	217.5	125.4	80.0	2.0	.0	
29.6	18.5	9.4	121.3	178.9	45.0	.0	.0	
23.2	12.2	4.3	113.8	202.8	2.0	.0	.0	
19.9	10.1	3.6	126.3	223.4	2.0	.0	.0	
20.9	10.2	5.6	113.8	216.3	21.0	.0	.0	
20.5	14.0	10.4	217.5	166.9	77.0	.0	2.5	
11.2	3.1	5.3	188.8	196.5	32.0	.0	.0	
11.6	.5	8.4	223.8	162.4	59.0	.0	.0	
18.8	10.8	8.4	142.5	122.4	92.0	.0	2.5	
23.4	17.0	9.4	232.5	133.2	98.0	.0	7.6	
21.7	13.4	12.4	233.8	152.3	63.0	.0	5.1	
13.8	7.0	5.8	71.3	110.6	73.0	.0	.0	
20.6	11.8	4.8	152.5	185.5	65.0	.0	.0	
19.9	10.4	4.8	106.3	197.1	55.0	.0	.0	
25.2	16.4	5.7	191.3	142.4	58.0	.0	.0	
23.1	16.0	7.1	31.3	171.3	71.0	.0	.0	
26.0	17.4	6.9	106.3	119.3	98.0	.0	2.5	
28.2	25.4	6.6	206.3	142.0	93.0	.0	38.1	
   2    28    1966
24.9	20.3	6.6	213.8	184.3	87.0	.0	.0	
17.7	14.1	3.8	155.0	179.4	50.0	.0	.0	
18.0	12.4	4.9	187.5	132.6	80.0	.0	.0	
26.1	18.3	4.5	103.8	226.2	96.0	.0	.0	
33.6	26.9	11.8	165.0	128.3	87.0	.0	.0	
32.3	28.3	9.8	148.8	127.7	91.0	4.0	.0	
27.3	22.2	11.4	170.0	158.9	96.0	.0	12.7	
21.2	16.4	7.4	242.5	129.5	93.0	.0	.0	
24.7	20.0	13.3	232.5	156.1	97.0	.0	12.7	
17.6	10.1	7.8	120.0	295.0	28.0	.0	.0	
23.4	12.4	16.3	197.5	213.1	91.0	.0	.0	
21.1	16.5	13.7	181.3	180.5	68.0	.0	40.6	
18.2	11.7	17.2	223.8	227.7	59.0	.0	.0	
22.7	17.9	16.0	225.0	152.4	98.0	.0	25.4	
17.2	9.7	12.8	226.3	311.8	40.0	.0	7.6	
22.9	12.0	16.3	188.8	178.4	94.0	.0	.0	
32.4	21.0	15.6	195.0	203.3	92.0	.0	.0	
36.2	22.4	13.3	186.3	308.0	72.0	.0	.0	
30.2	22.3	8.1	232.5	179.3	63.0	.0	.0	
34.3	28.3	9.1	223.8	196.0	63.0	.0	.0	
29.8	23.9	4.5	103.8	317.4	13.0	.0	.0	
26.9	20.7	7.0	123.8	346.1	28.0	.0	.0	
29.5	18.1	5.5	100.0	274.1	76.0	.0	.0	
29.1	18.5	7.5	231.3	202.2	91.0	.0	.0	
32.2	26.9	5.6	145.0	170.8	98.0	8.0	.0	
31.6	28.2	9.8	230.0	247.1	81.0	.0	.0	
32.5	23.0	15.7	220.0	206.0	60.0	.0	.0	
36.7	23.6	13.3	192.5	162.3	98.0	.0	.0	
   3    31    1966
30.8	25.4	10.0	226.3	183.6	98.0	.0	7.6	
23.8	12.8	16.6	195.0	248.0	94.0	.0	2.5	
16.6	3.4	7.0	152.5	367.4	25.0	.0	.0	
18.4	7.8	5.5	165.0	355.0	16.0	.0	.0	
24.0	12.9	7.4	216.3	194.6	72.0	.0	.0	
31.5	13.9	7.7	151.3	347.3	72.0	.0	.0	
38.5	27.5	15.3	193.8	186.4	98.0	6.0	.0	
38.9	33.3	10.9	193.8	247.5	98.0	4.0	.0	
43.9	29.2	11.0	217.5	292.2	78.0	.0	.0	
39.3	27.2	16.0	216.3	290.4	58.0	4.0	.0	
35.4	20.5	6.5	116.3	442.0	3.0	.0	.0	
39.3	25.0	7.2	97.5	371.9	53.0	.0	.0	
39.1	31.4	7.8	228.8	257.3	70.0	.0	.0	
41.4	30.0	8.5	180.0	216.3	67.0	.0	.0	
40.2	26.1	7.2	211.3	265.9	83.0	.0	.0	
32.4	26.6	17.4	222.5	263.0	70.0	20.0	.0	
28.1	16.1	16.3	228.8	306.2	55.0	.0	.0	
33.9	16.1	7.5	196.3	333.6	50.0	.0	.0	
36.1	21.8	12.1	181.3	225.4	64.0	.0	.0	
32.7	14.0	8.6	210.0	370.5	43.0	.0	.0	
31.1	19.2	17.6	245.0	352.6	81.0	.0	10.2	
28.1	13.8	7.2	213.8	472.6	13.0	.0	.0	
32.4	13.5	2.9	87.5	505.6	6.0	.0	.0	
37.0	18.0	4.2	50.0	505.6	6.0	.0	.0	
41.7	21.0	3.9	151.3	510.5	2.0	.0	.0	
45.4	23.1	6.6	227.5	512.3	2.0	.0	.0	
47.5	25.0	6.9	223.8	532.1	2.0	.0	.0	
48.2	24.9	6.0	165.0	510.4	3.0	.0	.0	
49.4	22.7	6.1	193.8	403.8	57.0	.0	.0	
51.7	22.6	7.8	181.3	538.2	13.0	.0	.0	
54.5	28.1	13.7	223.8	475.8	82.0	.0	.0	
   4    30    1966
56.0	23.9	13.0	231.3	488.8	91.0	.0	.0	
47.1	23.4	18.2	186.3	404.6	58.0	.0	.0	
36.2	13.3	11.2	71.3	474.5	39.0	.0	.0	
36.4	12.7	7.4	127.5	526.3	3.0	.0	.0	
45.0	14.9	8.4	197.5	578.2	8.0	.0	.0	
51.6	15.6	7.9	218.8	512.4	38.0	.0	.0	
52.5	18.5	6.4	202.5	499.5	68.0	.0	.0	
52.4	20.6	8.2	207.5	533.7	63.0	.0	.0	
51.8	25.9	13.9	241.3	275.5	88.0	.0	.0	
43.7	33.3	14.4	216.3	240.1	93.0	8.0	.0	
42.8	29.5	15.1	231.3	353.5	68.0	.0	.0	
42.3	26.1	11.9	265.0	434.0	48.0	.0	.0	
42.6	19.5	8.7	217.5	567.3	19.0	.0	.0	
46.9	17.9	7.2	191.3	545.5	46.0	.0	.0	
53.7	25.5	10.2	241.3	533.5	69.0	.0	.0	
53.6	26.4	17.4	231.3	486.8	36.0	.0	.0	
40.8	23.5	10.7	213.8	282.0	76.0	13.0	.0	
29.5	20.9	11.2	40.0	278.1	83.0	.0	20.3	
27.9	13.8	12.0	172.5	354.2	71.0	.0	.0	
33.4	12.5	12.2	208.8	281.7	75.0	.0	.0	
41.0	24.9	11.3	225.0	316.1	91.0	.0	.0	
42.1	22.3	9.8	218.8	543.8	20.0	.0	.0	
45.6	26.4	10.1	226.3	330.0	56.0	.0	.0	
49.7	24.5	7.6	207.5	656.5	2.0	.0	.0	
58.9	26.8	13.2	220.0	268.3	82.0	.0	.0	
39.6	20.6	21.9	226.3	295.0	76.0	2.0	.0	
37.9	15.4	13.2	221.3	603.4	26.0	.0	.0	
44.4	14.4	7.9	190.0	569.4	53.0	.0	.0	
44.6	20.0	10.1	175.0	583.0	30.0	.0	.0	
46.5	17.3	7.6	206.3	577.4	56.0	.0	.0	
   5    31    1966
52.9	15.0	6.1	197.5	659.9	53.0	.0	.0	
59.5	17.5	5.5	201.3	685.0	28.0	.0	.0	
64.7	22.9	8.0	160.0	621.0	30.0	.0	.0	
65.7	22.1	7.9	166.3	623.9	13.0	.0	.0	
65.8	24.9	7.5	195.0	578.0	27.0	.0	.0	
66.5	33.3	8.3	137.5	536.7	30.0	.0	.0	
62.9	24.2	10.8	221.3	700.0	12.0	.0	.0	
64.4	28.6	8.1	30.0	594.3	59.0	.0	.0	
58.7	46.6	7.2	152.5	272.7	98.0	31.0	.0	
52.2	39.6	17.3	218.8	345.0	82.0	44.0	.0	
43.9	32.0	8.8	198.8	324.7	75.0	5.0	.0	
46.1	31.4	11.4	233.8	480.1	71.0	2.0	.0	
52.7	27.9	17.0	220.0	570.2	75.0	.0	.0	
43.0	28.4	18.5	203.8	426.8	58.0	2.0	.0	
51.0	26.1	7.6	173.8	614.7	49.0	.0	.0	
55.1	30.7	17.2	228.8	488.1	69.0	.0	.0	
50.7	22.1	12.6	231.3	696.8	2.0	.0	.0	
52.9	20.6	8.1	197.5	738.6	2.0	.0	.0	
57.7	23.2	10.8	206.3	662.6	19.0	.0	.0	
62.2	28.4	10.0	228.8	667.0	53.0	.0	.0	
63.5	37.2	15.6	160.0	388.9	67.0	7.0	.0	
45.3	27.9	20.4	241.3	504.5	65.0	2.0	.0	
44.8	19.5	7.9	193.8	708.8	17.0	.0	.0	
56.9	23.7	6.5	172.5	636.5	34.0	.0	.0	
62.6	24.6	3.8	115.0	722.8	4.0	.0	.0	
65.5	28.0	6.1	127.5	707.4	4.0	.0	.0	
67.2	34.7	4.2	130.0	685.6	29.0	.0	.0	
67.7	39.4	7.7	137.5	547.9	61.0	.0	.0	
68.9	33.4	12.1	128.8	506.1	75.0	.0	.0	
69.5	26.4	15.0	148.8	718.7	5.0	.0	.0	
60.8	29.8	15.0	220.0	753.4	2.0	.0	.0	
   6    30    1966
59.4	29.1	9.8	177.5	645.5	30.0	.0	.0	
59.5	31.4	11.9	232.5	709.3	8.0	.0	.0	
52.2	24.5	14.7	233.8	689.5	31.0	.0	.0	
49.4	23.4	15.3	225.0	571.3	53.0	.0	.0	
55.8	24.6	10.8	236.3	726.4	4.0	.0	.0	
61.1	27.1	6.3	187.5	344.9	75.0	.0	.0	
61.0	42.5	9.1	115.0	409.8	98.0	8.0	.0	
61.6	45.0	6.9	266.3	514.2	74.0	1.0	.0	
60.9	46.4	8.5	147.5	371.9	73.0	2.0	.0	
59.6	44.1	14.0	210.0	411.5	62.0	7.0	.0	
53.7	30.9	19.2	241.3	678.4	18.0	.0	.0	
54.1	26.0	12.1	231.3	714.6	16.0	.0	.0	
60.4	28.6	10.5	223.8	636.7	50.0	.0	.0	
68.3	35.8	12.4	230.0	619.7	38.0	.0	.0	
66.3	38.6	6.7	152.5	603.3	33.0	.0	.0	
65.9	41.7	7.5	268.8	603.8	44.0	.0	.0	
69.8	41.4	10.1	196.3	632.6	37.0	.0	.0	
70.4	39.2	11.2	222.5	621.3	55.0	.0	.0	
74.0	38.2	12.2	208.8	639.3	50.0	.0	.0	
69.8	40.4	11.4	221.3	506.7	90.0	.0	.0	
69.3	43.0	12.9	215.0	498.6	85.0	2.0	.0	
59.0	36.1	12.6	213.8	386.1	81.0	1.0	.0	
58.6	36.3	5.6	155.0	414.1	74.0	.0	.0	
55.1	29.1	20.4	218.8	721.5	33.0	.0	.0	
55.5	27.7	6.8	178.8	760.1	2.0	.0	.0	
65.2	27.4	7.1	201.3	654.3	23.0	.0	.0	
71.8	28.1	7.6	192.5	751.7	2.0	.0	.0	
75.9	33.6	4.6	112.5	637.6	40.0	.0	.0	
77.6	40.5	12.1	188.8	689.5	40.0	.0	.0	
71.7	39.9	12.8	251.3	673.7	36.0	.0	.0	
   7    31    1966
73.3	43.6	15.7	150.0	481.1	83.0	.0	.0	
65.7	40.8	16.4	210.0	626.2	43.0	.0	.0	
62.5	27.1	9.1	190.0	741.6	11.0	.0	.0	
66.5	27.6	8.7	223.8	768.1	2.0	.0	.0	
70.5	28.0	8.2	178.8	754.4	2.0	.0	.0	
74.9	28.7	6.6	128.8	721.1	29.0	.0	.0	
74.2	31.3	7.5	160.0	591.9	48.0	.0	.0	
74.9	24.1	12.7	226.3	739.4	18.0	.0	.0	
72.3	35.0	13.8	187.5	526.5	73.0	.0	.0	
73.0	46.4	9.5	151.3	600.2	35.0	1.0	.0	
73.9	45.5	8.2	202.5	601.9	40.0	4.0	.0	
77.9	34.3	13.7	196.3	582.4	19.0	.0	.0	
72.3	30.5	12.8	221.3	726.9	2.0	.0	.0	
78.3	20.2	13.5	192.5	748.8	3.0	.0	.0	
77.0	19.2	13.4	202.5	735.8	2.0	.0	.0	
79.4	34.6	12.7	193.8	523.4	57.0	.0	.0	
78.3	39.1	10.8	255.0	693.0	30.0	.0	.0	
77.5	42.1	7.3	195.0	618.2	23.0	.0	.0	
76.1	39.8	9.5	186.3	582.8	24.0	.0	.0	
72.7	41.4	13.7	235.0	619.1	40.0	.0	.0	
73.6	35.7	10.5	222.5	671.7	37.0	.0	.0	
75.9	32.2	10.7	222.5	679.7	5.0	.0	.0	
76.4	42.5	10.4	165.0	572.3	23.0	.0	.0	
79.4	42.5	10.2	203.8	516.0	39.0	.0	.0	
74.5	37.4	16.3	225.0	665.3	25.0	.0	.0	
71.3	30.4	8.4	202.5	672.0	11.0	.0	.0	
73.3	31.1	6.6	196.3	624.9	25.0	.0	.0	
72.7	32.3	9.3	183.8	714.1	3.0	.0	.0	
73.4	29.3	8.6	236.3	717.7	3.0	.0	.0	
75.0	39.0	9.5	121.3	561.0	61.0	.0	.0	
68.9	60.1	7.0	206.3	304.8	95.0	5.0	.0	
   8    31    1966
73.9	53.1	6.0	262.5	638.7	21.0	.0	.0	
76.4	47.9	6.2	155.0	592.7	35.0	.0	.0	
70.6	52.3	9.6	132.5	301.1	73.0	1.0	.0	
65.8	49.2	8.7	135.0	567.2	32.0	.0	.0	
68.4	45.0	9.2	181.3	643.1	10.0	.0	.0	
69.2	33.5	8.4	216.3	652.2	2.0	.0	.0	
70.9	34.9	7.9	240.0	571.1	23.0	.0	.0	
69.3	38.1	8.6	216.3	435.1	53.0	.0	.0	
69.4	38.9	11.6	225.0	632.0	11.0	.0	.0	
72.0	37.2	12.7	221.3	664.4	2.0	.0	.0	
68.9	37.1	13.9	222.5	488.8	45.0	.0	.0	
63.4	27.2	12.1	226.3	632.9	9.0	.0	.0	
68.7	22.2	10.1	220.0	617.9	48.0	.0	.0	
68.7	30.9	12.0	220.0	629.5	28.0	.0	.0	
70.3	27.9	8.4	166.3	584.1	21.0	.0	.0	
74.8	31.4	7.5	157.5	543.5	35.0	.0	.0	
75.5	37.3	9.4	192.5	535.7	29.0	.0	.0	
74.9	38.5	11.5	227.5	440.5	69.0	.0	.0	
72.6	37.4	12.7	201.3	454.1	60.0	.0	.0	
60.0	32.1	10.1	178.8	597.5	6.0	.0	.0	
57.0	26.6	6.8	85.0	641.7	2.0	.0	.0	
61.6	23.9	5.3	115.0	610.2	10.0	.0	.0	
65.0	23.8	6.3	247.5	544.7	40.0	.0	.0	
70.3	26.0	4.4	132.5	635.0	2.0	.0	.0	
73.8	30.3	6.5	153.8	583.5	18.0	.0	.0	
69.0	31.4	10.5	230.0	403.8	56.0	1.0	.0	
62.1	33.6	10.5	211.3	563.8	3.0	.0	.0	
70.0	27.1	7.5	245.0	596.2	13.0	.0	.0	
72.6	31.0	17.7	213.8	504.4	53.0	.0	.0	
60.9	33.9	8.5	237.5	438.6	81.0	.0	.0	
60.8	32.6	11.3	213.8	387.8	90.0	.0	.0	
   9    30    1966
53.9	43.1	5.9	181.3	236.3	98.0	39.0	.0	
59.6	45.1	8.4	192.5	464.3	50.0	1.0	.0	
63.5	42.0	3.9	120.0	496.2	16.0	.0	.0	
66.0	38.6	6.1	133.8	562.6	9.0	.0	.0	
67.8	33.9	4.5	168.8	534.1	28.0	.0	.0	
70.3	34.4	9.1	155.0	441.2	35.0	.0	.0	
72.3	33.2	8.6	145.0	435.7	24.0	.0	.0	
75.0	29.0	11.0	202.5	499.1	41.0	.0	.0	
67.6	27.8	5.9	158.8	493.6	63.0	.0	.0	
69.0	33.9	9.6	191.3	428.2	73.0	.0	.0	
70.3	40.3	15.3	180.0	393.8	63.0	.0	.0	
60.9	36.0	8.7	242.5	506.1	5.0	.0	.0	
58.0	32.0	9.4	120.0	392.8	50.0	.0	.0	
45.4	37.6	12.1	190.0	204.5	67.0	20.0	.0	
46.5	41.3	11.1	193.8	223.1	85.0	18.0	.0	
53.7	42.5	4.9	166.3	414.6	69.0	.0	.0	
60.1	40.2	3.6	73.8	475.6	20.0	.0	.0	
65.4	40.1	7.5	166.3	432.4	35.0	.0	.0	
64.4	44.4	5.2	176.3	414.7	34.0	.0	.0	
66.4	46.5	3.3	107.5	439.4	14.0	.0	.0	
67.6	45.5	5.2	195.0	490.9	2.0	.0	.0	
71.0	42.6	6.5	171.3	452.4	3.0	.0	.0	
69.1	42.5	7.9	192.5	438.3	18.0	.0	.0	
67.0	40.3	8.6	151.3	389.5	56.0	.0	.0	
62.3	35.9	14.7	222.5	388.7	40.0	.0	.0	
52.5	42.3	7.4	233.8	170.2	96.0	4.0	.0	
52.5	42.4	7.1	210.0	349.6	55.0	.0	.0	
57.8	38.0	10.0	227.5	444.0	6.0	.0	.0	
60.5	38.2	10.8	198.8	427.6	29.0	.0	.0	
49.0	19.9	10.8	88.8	437.0	6.0	.0	.0	
  10    31    1966
53.9	19.8	7.4	121.3	381.4	51.0	.0	.0	
51.3	33.8	14.1	176.3	195.6	98.0	30.0	.0	
41.4	29.1	4.8	151.3	363.7	20.0	.0	.0	
44.7	30.2	4.3	135.0	439.8	2.0	.0	.0	
50.4	31.2	3.3	76.3	415.5	2.0	.0	.0	
53.5	30.0	4.5	121.3	418.0	2.0	.0	.0	
54.3	32.9	9.6	185.0	365.1	20.0	.0	.0	
55.1	34.2	14.1	241.3	342.0	23.0	.0	.0	
47.4	19.1	11.5	218.8	379.3	8.0	.0	.0	
46.5	14.8	2.5	28.8	402.6	2.0	.0	.0	
49.3	19.4	7.4	165.0	346.8	24.0	.0	.0	
45.3	29.9	11.2	221.3	174.4	58.0	.0	.0	
32.7	25.2	14.1	190.0	197.3	80.0	7.0	.0	
31.5	20.0	7.8	196.3	363.6	8.0	.0	.0	
32.0	17.9	3.3	122.5	318.1	40.0	.0	.0	
36.2	19.5	7.2	183.8	357.7	13.0	.0	.0	
42.7	15.7	17.9	231.3	294.4	53.0	.0	.0	
37.7	14.5	4.2	138.8	333.3	44.0	.0	.0	
47.9	14.0	10.1	178.8	314.2	55.0	.0	.0	
56.0	19.5	16.6	212.5	166.5	88.0	1.0	.0	
36.4	16.4	22.5	240.0	314.3	61.0	2.0	.0	
38.2	20.5	10.5	216.3	130.9	88.0	.0	.0	
42.4	32.0	7.1	168.8	203.1	72.0	.0	.0	
43.3	31.5	3.0	61.3	310.8	15.0	.0	.0	
45.2	29.1	2.9	21.3	327.5	3.0	.0	.0	
48.4	25.0	10.0	172.5	262.9	53.0	.0	.0	
49.8	24.6	8.2	203.8	304.9	27.0	.0	.0	
43.7	22.5	3.7	147.5	255.3	57.0	.0	.0	
41.6	22.8	4.8	202.5	283.5	27.0	.0	.0	
48.1	28.5	10.6	202.5	191.4	69.0	.0	.0	
44.8	31.7	8.5	176.3	302.9	9.0	.0	.0	
  11    30    1966
36.3	17.4	4.8	170.0	310.0	13.0	.0	.0	
39.4	19.7	6.0	105.0	223.5	81.0	.0	.0	
36.9	20.5	7.4	221.3	270.3	19.0	.0	.0	
34.5	18.6	5.2	180.0	265.4	43.0	.0	.0	
45.4	20.0	14.6	195.0	128.1	97.0	.0	.0	
43.7	35.4	9.9	220.0	146.6	98.0	7.0	.0	
38.4	33.0	12.4	213.8	125.8	98.0	8.0	.0	
29.6	23.6	10.1	206.3	188.0	65.0	.0	20.3	
29.2	19.6	16.3	200.0	122.6	77.0	.0	.0	
35.9	30.4	19.0	196.3	156.9	75.0	3.0	.0	
39.5	33.5	13.3	197.5	102.4	91.0	4.0	.0	
42.7	35.7	11.7	191.3	119.0	89.0	.0	.0	
47.3	32.1	11.8	216.3	177.4	74.0	.0	.0	
51.2	28.6	14.8	186.3	186.7	96.0	.0	.0	
44.9	33.2	6.2	131.3	107.1	96.0	.0	.0	
44.5	29.0	11.7	200.0	129.9	93.0	.0	.0	
36.0	27.6	4.9	121.3	173.5	92.0	.0	.0	
36.1	27.7	4.5	100.0	187.9	73.0	.0	.0	
38.7	27.4	4.9	120.0	194.1	45.0	.0	.0	
50.5	28.5	19.3	201.3	171.2	52.0	2.0	.0	
39.1	28.9	10.1	207.5	198.5	56.0	24.0	.0	
33.1	26.8	7.6	186.3	120.6	58.0	1.0	.0	
28.8	23.0	5.6	216.3	94.3	89.0	.0	.0	
27.4	20.5	4.9	186.3	149.1	50.0	.0	.0	
28.5	18.4	8.4	145.0	192.3	73.0	.0	.0	
30.4	22.6	14.5	226.3	120.9	65.0	.0	2.5	
32.8	18.4	6.5	113.8	206.7	65.0	.0	.0	
34.4	24.1	6.2	125.0	88.8	98.0	2.0	.0	
41.6	36.0	10.8	196.3	98.8	92.0	3.0	.0	
39.9	34.7	6.5	147.5	109.1	97.0	.0	.0	
  12    31    1966
37.3	33.4	8.2	197.5	86.8	92.0	9.0	.0	
38.0	33.5	5.9	172.5	87.5	96.0	4.0	.0	
39.3	29.6	18.5	217.5	106.8	85.0	6.0	.0	
36.0	24.6	18.5	187.5	153.7	52.0	.0	.0	
34.6	26.2	25.4	208.8	101.3	90.0	11.0	.0	
29.2	23.7	7.9	173.8	81.9	98.0	.0	30.5	
30.3	23.2	14.5	195.0	101.7	98.0	.0	12.7	
23.8	18.1	16.9	245.0	142.3	45.0	.0	2.5	
17.4	8.6	9.6	208.8	167.9	68.0	.0	.0	
24.6	19.9	7.2	180.0	102.2	98.0	.0	15.2	
25.8	22.4	5.6	105.0	99.5	88.0	.0	2.5	
23.1	19.0	4.8	161.3	152.2	48.0	.0	.0	
28.4	22.5	9.6	305.0	131.3	73.0	.0	.0	
32.7	29.5	14.3	217.5	99.7	83.0	4.0	.0	
23.5	20.1	4.1	191.3	125.2	53.0	.0	.0	
20.7	16.7	5.9	102.5	170.3	60.0	.0	.0	
22.2	16.9	4.2	106.3	143.1	33.0	.0	.0	
21.2	16.3	6.4	153.8	165.2	43.0	.0	.0	
23.3	17.6	4.1	101.3	145.0	60.0	.0	.0	
20.8	16.7	6.5	115.0	103.3	74.0	.0	.0	
24.7	20.0	12.1	218.8	141.3	52.0	.0	.0	
13.0	10.3	5.3	140.0	145.0	35.0	.0	.0	
13.2	7.3	6.5	40.0	126.2	67.0	.0	.0	
12.6	6.8	2.4	38.8	172.6	16.0	.0	.0	
15.6	13.1	5.8	58.8	90.4	93.0	.0	2.5	
12.3	10.1	5.0	158.8	179.1	59.0	.0	.0	
15.7	12.4	11.5	235.0	149.2	70.0	.0	.0	
17.1	13.0	8.1	168.8	88.6	98.0	.0	2.5	
21.0	16.0	15.0	160.0	99.7	98.0	.0	27.9	
18.5	15.1	8.2	177.5	110.3	98.0	.0	.0	
28.1	23.5	14.6	228.8	111.2	98.0	.0	.0	
