01	31	2016
9.4	2.8	1.5	61.2	143.2	100.0	0	0.0
8.4	0.8	1.9	106.2	143.9	97.9	0	0.0
14.4	3.9	1.9	117.5	144.7	99.0	0	0.0
16.6	7.2	1.7	87.1	145.6	100.0	0	0.0
19.1	10.6	1.8	88.8	139.9	76.0	0	0.0
21.1	13.2	1.5	76.7	101.9	52.1	0	0.0
25.6	20.1	2.4	112.5	52.0	0.0	13	48.3
17.9	14.5	3.3	88.1	52.5	3.1	11	56.9
9.6	6.3	3.4	171.0	150.1	77.7	0	0.0
3.9	0.6	3.6	79.1	152.4	96.3	0	0.0
3.4	0.1	3.0	116.2	154.0	100.0	0	0.0
16.6	7.0	4.5	162.9	155.5	100.0	0	0.0
19.2	9.4	5.9	147.1	157.1	95.8	0	0.0
30.8	12.7	8.9	169.4	157.6	78.7	0	0.0
21.4	7.9	3.6	117.9	160.1	89.6	0	0.0
15.8	3.9	2.6	104.2	162.2	89.6	0	0.0
22.8	11.1	4.1	185.8	164.1	99.0	0	0.0
31.6	19.2	3.2	142.5	146.7	67.7	0	0.0
24.7	17.1	3.2	151.7	168.1	85.4	0	0.0
26.7	16.1	4.0	141.4	115.1	65.6	0	0.0
25.1	13.0	3.0	104.6	161.0	96.9	0	0.0
23.0	15.7	2.4	135.4	174.7	100.0	0	0.0
23.5	16.8	3.3	110.8	126.2	68.8	0	0.0
29.5	22.3	5.2	157.7	104.5	32.3	0	0.0
26.0	15.8	4.5	155.2	178.1	66.2	0	2.2
18.7	9.2	2.5	105.8	184.4	100.0	0	0.0
21.8	13.2	4.7	159.2	187.0	100.0	0	0.0
26.7	17.8	4.5	181.2	189.7	100.0	0	0.0
36.9	20.6	6.0	150.8	191.8	88.5	0	0.0
31.1	20.6	5.9	203.1	136.3	40.6	3	7.5
20.1	3.9	3.8	142.1	198.1	92.7	0	0.0
02	29	2016
19.7	14.5	9.6	316.0	110.7	21.8	24	115.2
16.8	10.1	5.4	205.3	129.7	42.7	4	30.2
12.3	0.7	4.1	117.9	207.1	99.0	0	0.0
16.8	4.8	5.0	165.0	140.3	74.0	0	0.0
22.6	7.4	3.4	107.5	213.4	99.0	0	0.0
28.7	14.6	4.7	132.9	216.7	100.0	0	0.0
25.2	12.7	4.7	114.6	220.0	100.0	0	0.0
24.9	15.5	2.8	116.2	223.4	100.0	0	0.0
28.5	17.4	2.0	78.3	227.0	100.0	0	0.0
34.5	17.8	4.1	147.1	230.8	100.0	0	0.0
40.1	20.9	5.2	184.6	233.7	92.7	0	0.0
36.4	26.1	3.6	137.9	238.4	92.7	0	0.0
38.2	18.6	10.7	196.2	242.3	100.0	0	0.0
35.2	17.4	9.4	209.2	243.8	95.8	0	0.0
42.3	23.0	10.2	237.1	226.2	75.0	0	0.0
41.3	25.3	6.5	132.9	254.4	100.0	0	0.0
40.4	23.4	4.6	141.2	258.5	100.0	0	0.0
45.0	25.0	20.4	236.1	137.5	70.9	7	0.0
43.7	14.8	11.7	202.1	267.0	97.9	0	0.0
38.3	14.2	9.0	219.6	246.3	90.6	0	0.0
29.6	11.8	3.6	110.8	275.6	100.0	0	0.0
34.4	16.1	7.5	156.0	150.7	27.1	0	0.0
31.2	13.7	4.7	167.5	284.4	71.9	0	0.0
30.6	8.3	4.8	114.6	288.8	100.0	0	0.0
34.3	15.1	3.7	129.6	293.3	100.0	0	0.0
40.2	15.2	4.3	148.3	260.2	100.0	0	0.0
41.0	19.6	8.8	220.0	265.7	89.1	0	0.0
41.8	17.5	5.0	139.6	307.0	100.0	0	0.0
39.1	13.2	13.3	262.9	290.6	87.5	0	0.0
03	31	2016
37.7	12.3	3.6	132.1	315.1	99.0	0	0.0
44.9	15.5	14.4	265.8	320.6	97.0	0	0.0
43.3	15.3	6.2	180.2	319.8	92.7	0	0.0
45.8	14.7	7.4	170.0	330.4	100.0	0	0.0
45.2	18.4	5.6	144.4	327.5	95.8	0	0.0
45.2	25.7	9.4	179.2	272.6	86.5	0	0.0
33.5	28.0	6.6	215.3	190.9	35.1	30	68.0
32.5	21.8	3.9	144.6	349.4	100.0	0	0.0
36.7	20.2	4.2	117.1	281.5	71.9	0	0.0
44.4	21.9	7.1	177.9	359.0	100.0	0	0.0
49.7	23.6	7.8	157.5	363.8	100.0	0	0.0
49.0	24.5	7.2	197.9	357.6	96.9	0	0.0
44.8	22.0	7.6	184.8	310.4	78.0	0	0.0
41.6	15.6	15.9	231.0	370.6	86.8	0	0.0
33.1	5.2	13.7	250.0	374.4	87.5	0	0.0
31.8	6.0	6.5	204.2	207.3	50.0	0	0.0
28.6	15.3	6.6	184.2	158.3	6.9	3	12.2
24.5	17.2	5.3	187.4	202.3	5.6	2	9.7
28.8	10.3	6.4	147.5	402.7	92.7	0	0.0
40.0	13.9	3.9	132.1	407.6	100.0	0	0.0
50.9	19.2	8.5	210.0	407.6	95.3	0	0.0
37.9	30.2	9.3	221.6	164.9	34.3	36	76.5
31.3	26.7	7.1	191.3	337.9	53.1	11	27.8
36.0	21.1	5.5	150.2	421.7	89.1	0	0.0
33.3	21.4	8.8	222.3	216.9	13.0	0	1.0
33.6	21.6	7.1	145.8	347.3	50.2	0	0.0
39.0	15.6	4.5	144.6	441.7	95.8	0	0.0
42.0	27.4	10.1	203.5	326.2	48.4	26	57.8
31.4	30.2	4.8	162.7	450.8	88.7	131	333.0
33.2	26.4	7.8	244.3	371.6	68.8	70	176.9
32.1	26.5	6.4	165.9	230.7	11.5	4	9.0
04	30	2016
32.8	21.8	4.8	156.8	432.8	78.7	0	0.0
40.9	23.8	3.5	107.1	471.5	100.0	0	0.0
44.7	25.5	6.7	208.3	474.5	94.8	0	0.0
47.2	30.2	8.0	183.3	432.9	82.8	0	0.0
42.7	14.4	14.3	300.8	463.0	96.9	0	0.0
50.8	21.5	10.9	187.9	490.5	100.0	0	0.0
49.4	26.2	5.8	123.8	495.2	100.0	0	0.0
51.0	26.2	5.9	142.5	499.9	100.0	0	0.0
56.5	25.4	7.3	142.7	501.8	96.9	0	0.0
47.3	31.0	6.8	170.4	191.7	25.0	0	0.0
50.7	30.4	5.7	152.9	493.1	86.5	0	0.0
55.6	30.0	6.3	150.0	395.5	80.2	0	0.0
53.1	31.7	7.4	245.8	488.8	84.9	0	0.0
49.3	27.1	10.6	242.3	370.6	55.7	0	0.0
41.7	15.0	8.0	190.6	480.2	64.1	0	0.0
36.9	23.2	9.5	133.8	187.4	11.5	3	7.4
36.2	21.9	8.0	180.7	231.8	39.2	3	7.8
35.7	31.3	3.9	111.2	193.4	0.7	11	19.4
38.9	34.7	3.3	145.1	196.4	4.9	35	57.5
48.9	38.0	4.6	103.4	505.0	73.1	0	0.0
55.3	32.1	6.4	142.1	556.3	100.0	0	0.0
59.9	29.0	8.8	136.2	549.4	97.9	0	0.0
55.2	28.7	9.5	165.0	549.7	75.0	1	0.0
46.0	40.6	8.8	125.9	199.0	0.9	43	0.0
42.2	38.4	7.1	183.0	238.3	2.2	80	0.0
33.0	31.6	4.8	117.8	285.5	25.4	92	175.9
34.6	30.5	3.8	128.1	203.1	0.0	2	5.5
34.1	29.1	5.4	94.1	204.5	0.0	2	6.3
34.7	30.6	4.4	181.2	220.2	0.7	19	18.3
35.6	33.1	6.2	225.1	207.1	0.0	37	29.8
05	31	2016
39.9	28.2	5.2	230.4	301.7	32.3	0	0.0
46.4	24.6	4.4	113.3	598.9	100.0	0	0.0
54.5	31.2	3.8	122.1	602.4	100.0	0	0.0
60.6	29.7	6.5	127.9	605.8	100.0	0	0.0
64.6	33.9	6.4	138.3	607.0	97.9	0	0.0
53.5	40.7	7.7	206.2	272.5	25.0	33	0.0
44.1	41.3	8.4	290.7	215.5	0.0	200	0.0
44.4	41.4	5.7	143.6	216.7	9.4	27	0.0
50.7	36.1	7.4	201.7	503.9	66.7	1	0.0
39.0	32.1	6.7	93.2	312.2	16.8	0	0.0
42.5	26.8	4.5	102.1	614.7	96.9	0	0.0
53.7	26.8	5.0	123.3	631.1	100.0	0	0.0
47.1	34.4	6.5	137.8	225.7	24.3	0	0.0
44.3	34.6	5.3	162.6	222.9	0.0	0	0.0
44.7	38.0	4.0	188.7	246.6	6.8	8	0.0
42.1	39.0	6.5	137.1	224.8	0.0	21	0.0
44.5	37.0	6.8	271.3	322.5	38.5	7	0.0
54.8	38.0	5.6	108.8	542.0	65.6	0	0.0
59.7	37.4	6.2	135.6	576.0	75.5	0	0.0
59.9	40.9	11.9	180.8	564.5	74.5	1	0.0
56.4	34.7	18.2	199.2	647.5	68.2	0	0.0
50.1	26.8	8.7	214.6	535.0	82.8	0	0.0
51.4	24.2	7.6	175.0	647.6	86.5	0	0.0
49.3	33.8	6.2	186.5	438.4	71.6	1	0.0
52.2	34.3	6.5	155.2	589.8	68.8	0	0.0
53.1	34.7	6.4	116.2	647.0	78.1	0	0.0
54.5	36.4	5.5	149.8	599.0	64.6	1	0.0
56.6	31.1	6.9	189.2	626.3	89.6	0	0.0
58.3	33.4	8.2	159.8	622.3	80.7	0	0.0
60.8	36.1	7.3	167.9	542.3	53.1	0	0.0
54.2	35.9	5.6	119.6	569.2	58.3	0	0.0
06	30	2016
58.8	34.7	5.2	157.5	676.2	100.0	0	0.0
65.3	32.9	9.2	230.2	675.7	99.0	0	0.0
65.6	37.9	7.1	175.4	679.2	100.0	0	0.0
65.8	41.8	6.4	149.2	680.6	97.9	0	0.0
70.0	41.9	6.2	174.2	677.9	89.2	0	0.0
68.6	44.8	9.8	202.6	677.1	88.2	0	0.0
69.3	44.3	6.7	147.1	674.4	90.3	13	0.0
71.2	46.4	7.8	172.1	671.1	96.9	0	0.0
72.6	40.8	9.7	205.4	684.7	99.0	0	0.0
74.0	35.4	6.2	159.2	687.3	100.0	0	0.0
71.4	38.8	8.2	167.1	686.3	95.3	0	0.0
64.5	45.3	6.8	133.9	536.5	63.5	0	0.0
57.3	45.6	6.3	203.3	428.9	66.9	12	0.0
61.5	40.8	6.8	155.8	579.5	75.0	0	0.0
68.3	34.8	10.1	141.2	690.9	99.0	0	0.0
72.3	28.0	13.2	212.1	690.4	99.0	0	0.0
68.2	39.6	5.7	147.5	691.9	100.0	0	0.0
73.4	33.4	8.8	206.7	692.2	100.0	0	0.0
72.1	34.0	5.8	148.3	692.5	100.0	0	0.0
71.2	44.5	5.9	196.2	692.7	100.0	0	0.0
77.1	35.8	10.5	236.2	692.8	100.0	0	0.0
70.2	38.8	6.2	176.2	692.8	100.0	0	0.0
75.5	36.9	9.1	237.9	683.5	96.9	0	0.0
75.3	30.0	10.1	158.1	692.7	100.0	0	0.0
66.2	20.5	8.0	187.7	692.5	100.0	0	0.0
68.9	27.0	5.8	202.9	692.3	100.0	0	0.0
71.6	35.3	5.4	139.6	691.9	100.0	0	0.0
73.4	40.2	5.9	165.4	683.8	97.4	0	0.0
72.9	42.6	8.2	226.0	637.7	84.7	0	0.0
65.5	51.0	8.6	197.4	526.2	68.1	7	0.0
07	31	2016
65.4	49.8	4.7	172.1	622.5	87.5	0	0.0
71.1	43.4	7.4	199.7	684.6	97.9	0	0.0
74.4	37.3	9.5	222.1	667.6	91.7	0	0.0
73.7	41.2	10.1	225.8	671.5	94.8	0	0.0
72.7	38.8	5.6	178.1	626.4	70.8	0	0.0
70.0	35.9	8.8	230.2	521.5	66.7	0	0.0
68.1	34.7	6.0	170.4	684.5	96.9	0	0.0
73.2	34.9	7.7	186.2	683.4	100.0	0	0.0
77.9	33.8	7.1	155.2	682.1	100.0	0	0.0
71.4	35.5	11.5	230.8	680.3	97.9	0	0.0
60.5	29.5	11.0	227.5	676.3	99.0	0	0.0
65.6	29.2	9.0	202.1	678.0	100.0	0	0.0
67.0	32.4	6.5	191.2	676.5	100.0	0	0.0
69.6	32.0	6.2	232.1	674.9	100.0	0	0.0
73.4	32.0	8.6	172.5	673.2	100.0	0	0.0
74.0	33.1	8.5	206.7	671.5	100.0	0	0.0
69.5	43.1	9.9	222.3	666.6	99.0	0	0.0
73.9	40.9	10.0	153.8	667.1	99.5	0	0.0
78.7	41.7	8.7	171.0	665.8	100.0	0	0.0
81.5	35.7	8.8	210.0	663.8	100.0	0	0.0
79.3	35.5	7.1	143.5	661.7	100.0	0	0.0
77.8	41.3	6.7	164.9	648.0	95.3	0	0.0
76.2	29.7	8.7	206.7	657.3	100.0	0	0.0
72.7	35.3	4.6	160.0	655.0	100.0	0	0.0
77.4	30.8	4.2	131.5	652.6	100.0	0	0.0
76.7	37.1	5.2	117.5	650.1	100.0	0	0.0
75.6	42.1	7.0	163.8	647.6	100.0	0	0.0
72.1	46.3	6.8	147.9	644.5	92.7	0	0.0
72.9	45.5	6.5	163.8	642.3	99.0	0	0.0
75.3	41.8	9.2	246.5	636.9	99.0	0	0.0
77.5	40.5	9.3	202.9	581.3	93.2	0	0.0
08	31	2016
78.6	35.9	5.8	157.9	634.0	100.0	0	0.0
77.3	40.4	9.5	231.6	631.0	100.0	0	0.0
77.5	28.0	12.6	217.9	628.1	97.9	0	0.0
68.2	27.8	5.0	150.4	625.1	100.0	0	0.0
72.6	33.8	5.5	142.1	622.1	100.0	0	0.0
72.8	42.9	6.2	241.7	564.6	90.1	0	0.0
70.2	42.4	10.3	150.8	561.5	82.3	1	0.0
72.8	36.6	9.2	217.1	612.0	95.8	0	0.0
76.9	31.0	11.4	188.8	609.4	97.9	0	0.0
73.7	28.8	9.3	182.5	603.5	99.0	0	0.0
65.6	41.3	7.5	176.2	534.8	72.9	3	0.0
66.2	38.2	5.1	126.7	599.2	95.8	0	0.0
69.5	37.5	7.3	162.5	595.8	100.0	0	0.0
73.5	32.5	7.5	207.9	590.7	99.0	0	0.0
73.0	36.8	10.6	227.0	513.2	83.7	0	0.0
71.0	35.7	5.6	157.5	582.0	99.0	0	0.0
70.6	39.4	7.9	158.7	423.3	73.7	1	0.0
63.6	47.2	7.7	174.3	405.3	68.2	17	0.0
50.4	45.7	5.5	190.8	200.7	21.7	8	0.0
57.8	38.5	4.1	102.9	569.7	100.0	0	0.0
69.6	34.1	6.7	149.2	565.7	99.5	0	0.0
75.3	25.6	9.5	191.0	561.9	100.0	0	0.0
70.7	17.2	8.1	217.9	558.0	100.0	0	0.0
58.8	34.1	6.1	97.9	515.7	65.6	0	0.0
55.1	44.0	5.7	126.2	315.4	25.4	1	0.0
57.4	41.5	6.3	187.7	492.2	85.9	0	0.0
65.1	33.0	5.4	136.7	541.6	100.0	0	0.0
71.7	30.4	6.1	114.6	537.4	100.0	0	0.0
72.0	33.2	5.5	127.5	533.1	100.0	0	0.0
73.2	33.2	5.0	121.2	528.8	100.0	0	0.0
74.0	33.4	5.1	112.5	524.5	100.0	0	0.0
09	30	2016
73.2	36.6	6.5	175.4	516.3	92.7	0	0.0
76.2	35.0	10.4	227.1	502.4	94.8	0	0.0
70.8	41.2	10.5	224.1	482.3	78.1	1	0.0
58.8	47.9	7.4	209.3	468.9	65.1	10	0.0
59.6	31.7	9.9	149.9	502.1	92.0	0	0.0
60.8	33.4	7.1	172.5	479.8	64.6	0	0.0
64.1	27.0	8.5	207.5	492.9	95.8	0	0.0
64.2	26.9	7.3	156.7	487.7	99.5	0	0.0
53.2	31.3	7.2	163.8	453.1	86.5	0	0.0
58.9	24.4	4.8	167.1	478.8	100.0	0	0.0
66.5	18.8	10.8	223.3	474.1	100.0	0	0.0
43.5	38.1	7.1	159.3	164.3	10.4	21	0.0
43.0	38.7	2.1	94.5	159.6	2.7	1	0.0
52.4	40.5	5.2	123.8	426.6	65.2	14	0.0
53.5	37.0	4.6	163.8	316.0	55.2	0	0.0
55.2	34.9	5.3	175.8	447.9	92.7	0	0.0
61.2	30.5	5.1	142.5	446.0	99.0	0	0.0
68.3	35.6	10.9	192.5	331.1	76.0	0	0.0
68.1	35.7	8.6	207.5	402.8	88.5	0	0.0
68.2	30.0	6.3	169.2	431.7	100.0	0	0.0
61.5	39.1	7.5	225.8	423.2	84.4	0	0.0
52.6	49.0	5.2	199.3	157.0	27.1	17	0.0
50.9	45.5	9.8	218.0	213.6	41.0	7	0.0
43.6	40.0	7.2	171.8	179.6	25.5	52	0.0
49.9	37.8	2.5	93.8	407.4	95.8	0	0.0
55.4	40.5	4.0	149.2	402.5	100.0	0	0.0
59.9	38.1	4.3	87.1	397.6	100.0	0	0.0
61.2	38.4	5.7	135.4	392.7	100.0	0	0.0
60.7	43.3	6.1	109.0	386.9	80.9	0	0.0
60.2	43.3	5.0	161.7	334.3	83.3	0	0.0
10	31	2016
60.3	40.3	5.8	158.8	374.2	94.8	0	0.0
56.3	45.8	7.3	184.6	287.1	67.2	2	0.0
46.4	39.5	7.7	166.2	142.9	24.1	21	0.0
43.5	32.8	3.8	158.3	201.4	59.4	0	0.0
42.2	29.5	5.7	158.8	276.7	81.2	0	0.0
41.0	25.4	6.2	201.2	279.4	85.4	0	0.0
44.5	26.7	4.1	125.8	348.6	100.0	0	0.0
50.4	31.0	4.7	128.8	343.8	100.0	0	0.0
55.1	29.6	5.7	163.3	338.9	100.0	0	0.0
60.4	23.3	10.8	196.2	331.6	97.9	0	0.0
44.9	30.5	7.3	151.7	324.7	68.2	0	0.0
40.4	25.1	4.3	220.4	324.5	81.8	0	0.0
52.4	23.0	6.0	187.5	319.8	100.0	0	0.0
63.7	27.7	9.9	218.3	314.8	98.4	0	0.0
56.1	34.0	8.9	210.0	280.6	85.4	0	0.0
51.8	29.8	18.3	220.1	268.1	43.2	17	0.0
44.8	26.2	17.0	239.4	296.5	74.0	38	0.0
41.5	20.1	4.8	179.2	295.0	97.9	0	0.0
39.3	22.7	6.8	185.8	216.4	75.0	0	0.0
40.0	20.5	3.5	110.4	288.9	100.0	0	0.0
48.0	25.1	4.3	148.3	284.6	100.0	0	0.0
50.1	26.7	5.8	154.2	280.4	100.0	0	0.0
48.8	31.2	3.6	148.3	276.3	100.0	0	0.0
52.3	34.9	8.1	207.7	260.7	87.0	0	0.0
53.8	34.1	5.0	213.3	255.9	78.1	0	0.0
53.6	33.1	5.1	167.1	263.9	100.0	0	0.0
55.2	31.8	6.1	151.7	259.9	100.0	0	0.0
53.8	36.2	5.5	217.1	168.9	58.9	1	0.0
48.2	41.8	3.9	157.8	215.1	60.8	0	0.0
50.0	40.3	10.3	157.1	224.9	55.2	0	0.0
47.6	22.4	12.0	232.8	215.2	83.3	1	0.0
11	30	2016
40.7	22.8	5.0	172.5	177.1	85.4	0	0.0
41.7	23.8	3.6	112.1	236.8	100.0	0	0.0
43.1	22.1	2.8	125.0	233.1	100.0	0	0.0
43.5	22.8	1.7	91.7	229.5	100.0	0	0.0
45.5	18.7	1.9	57.9	225.9	100.0	0	0.0
48.0	20.5	2.8	90.8	222.4	100.0	0	0.0
46.1	25.9	3.1	101.2	219.0	100.0	0	0.0
43.5	27.2	2.7	117.5	215.6	100.0	0	0.0
47.9	29.1	2.4	84.2	212.2	100.0	0	0.0
48.4	29.7	3.2	106.7	209.0	100.0	0	0.0
44.1	29.3	2.8	82.5	205.8	100.0	0	0.0
44.5	26.2	2.9	108.3	202.7	94.8	0	0.0
48.1	25.4	4.4	140.8	199.6	100.0	0	0.0
49.3	26.3	5.9	152.5	196.6	97.9	0	0.0
57.8	18.9	7.7	170.8	193.7	100.0	0	0.0
45.6	20.9	7.9	226.9	190.7	73.1	6	15.8
26.6	24.6	7.7	209.4	87.0	35.9	74	233.8
17.2	12.5	3.3	139.6	185.3	92.7	0	0.0
17.8	12.6	3.8	112.3	182.7	100.0	0	0.0
25.6	19.2	3.0	124.6	180.1	99.0	0	0.0
32.6	27.1	3.7	115.0	108.9	39.6	8	7.6
32.4	27.9	4.4	154.3	75.0	40.8	18	46.4
27.9	20.6	2.8	144.6	172.8	95.8	0	0.0
30.2	15.0	5.6	184.2	170.6	83.3	0	0.0
25.2	14.6	4.7	229.2	168.4	100.0	0	0.0
27.4	15.8	3.8	147.9	166.3	100.0	0	0.0
30.6	21.0	5.6	190.8	75.8	66.7	0	0.0
29.1	17.6	5.6	160.1	88.5	40.6	1	2.5
24.6	13.4	5.8	184.2	158.7	65.6	0	0.0
21.4	6.2	4.1	162.5	158.6	90.6	0	0.0
12	31	2016
22.1	12.7	3.6	157.1	99.4	37.5	0	0.0
22.5	13.5	4.5	157.4	136.2	59.4	0	1.3
23.0	8.3	4.2	167.9	153.8	94.8	0	0.0
29.5	15.6	10.2	192.1	152.4	97.9	0	0.0
21.7	14.4	10.9	206.2	143.5	74.1	0	0.0
8.2	8.9	4.6	206.9	149.8	81.2	0	0.0
5.3	0.7	3.1	112.4	132.5	29.2	3	29.1
3.4	0.0	2.4	104.2	147.5	98.4	0	0.0
9.5	3.0	2.4	87.5	139.1	80.2	0	0.0
26.7	15.1	5.8	199.6	145.5	94.8	0	0.0
25.4	12.5	7.3	192.0	144.6	89.8	0	0.0
25.8	7.6	11.5	253.3	143.7	93.8	0	0.0
21.9	3.0	5.2	117.5	143.1	100.0	0	0.0
15.4	5.8	2.9	138.3	139.4	72.8	0	0.0
28.8	17.5	6.9	108.1	117.0	70.3	0	0.0
10.4	8.2	6.3	146.6	130.6	31.9	34	322.8
0.0	1.0	1.4	58.3	140.9	81.0	1	7.2
2.8	1.0	4.4	206.2	140.6	100.0	0	0.0
12.3	5.4	6.1	162.9	140.3	100.0	0	0.0
32.5	19.4	9.9	241.9	129.2	89.6	0	0.0
28.2	11.5	6.0	152.9	132.1	92.7	0	0.0
12.8	3.2	1.6	121.7	140.0	100.0	0	0.0
12.5	4.3	4.1	170.8	140.0	92.7	0	0.0
23.8	14.5	5.7	222.1	98.5	64.6	0	0.0
16.6	13.3	6.0	155.3	104.8	35.8	22	125.7
12.2	5.0	3.7	152.1	140.6	97.9	0	0.0
16.3	6.0	5.9	227.9	141.0	93.8	0	0.0
22.9	7.7	7.2	179.8	134.3	67.2	0	0.0
13.0	1.8	4.1	170.0	141.9	100.0	0	0.0
18.0	6.6	4.5	111.7	141.8	90.6	0	0.0
16.6	12.8	3.4	140.0	143.1	86.6	0	0.0
