   1    31    1963
25.5	9.7	13.0	241.3	201.5	24.0	0.0	0.0	
25.5	9.7	13.0	241.3	201.5	24.0	0.0	0.0	
29.8	6.1	10.4	203.3	203.9	15.0	0.0	63.5	
22.3	5.6	3.9	130.8	127.3	83.0	0.0	142.2	
24.4	19.0	10.6	86.7	138.4	92.0	0.0	0.0	
20.1	16.1	10.2	206.3	216.2	2.0	0.0	0.0	
22.4	15.7	9.6	193.8	204.8	3.0	0.0	0.0	
25.7	12.2	13.8	242.1	219.6	21.0	0.0	0.0	
31.1	8.5	19.2	229.2	187.4	29.0	0.0	20.3	
30.2	12.5	20.0	262.5	147.9	85.0	0.0	12.7	
-5.5	-11.5	19.7	108.3	178.5	75.0	0.0	0.0	
-24.3	-32.3	10.0	71.3	200.5	40.0	0.0	0.0	
-2.2	-7.1	25.4	246.7	154.1	62.0	0.0	0.0	
10.0	2.5	22.1	250.8	164.2	73.0	0.0	0.0	
19.7	12.2	22.9	252.5	147.3	84.0	0.0	0.0	
19.0	15.2	12.5	247.1	151.8	61.0	0.0	0.0	
19.2	14.5	19.3	245.0	144.3	75.0	0.0	0.0	
-3.7	-8.7	21.8	95.0	110.8	85.0	0.0	10.2	
-9.6	-18.1	17.0	215.0	234.0	38.0	0.0	0.0	
11.7	3.4	24.5	248.3	229.1	34.0	0.0	0.0	
23.7	16.6	22.1	254.6	201.9	24.0	0.0	0.0	
18.7	7.8	22.1	229.2	200.4	33.0	0.0	5.1	
4.6	-7.9	13.5	139.2	246.8	38.0	0.0	0.0	
25.5	8.0	19.1	252.1	168.3	62.0	0.0	0.0	
20.2	11.7	18.9	260.4	151.0	73.0	0.0	5.1	
2.1	-10.1	12.0	163.3	273.2	30.0	0.0	10.2	
15.1	-6.9	12.3	210.4	263.3	56.0	0.0	0.0	
22.2	-1.0	7.9	188.3	176.3	75.0	0.0	0.0	
19.9	13.6	9.9	183.8	130.6	98.0	0.0	17.8	
31.4	27.9	11.3	218.8	194.3	95.0	0.0	0.0	
40.3	32.1	19.9	222.5	157.9	90.0	0.0	0.0	
   2    28    1963
38.0	32.3	24.7	247.5	160.4	91.0	10.0	0.0	
32.7	29.2	14.8	240.8	196.7	58.0	0.0	0.0	
38.9	29.8	13.2	230.4	151.9	76.0	0.0	0.0	
43.0	30.7	6.6	163.8	264.0	57.0	0.0	0.0	
41.6	29.1	8.9	215.4	234.7	60.0	0.0	0.0	
38.0	27.2	4.4	192.9	284.1	18.0	0.0	0.0	
37.6	24.2	8.9	251.7	274.5	56.0	0.0	0.0	
35.5	23.3	7.6	157.5	311.3	8.0	0.0	0.0	
28.0	19.1	7.5	71.7	216.3	32.0	0.0	20.3	
16.8	9.2	12.6	35.0	177.5	56.0	0.0	33.0	
7.2	-11.1	14.2	49.2	322.6	15.0	0.0	0.0	
12.8	-9.7	9.4	209.2	331.8	3.0	0.0	0.0	
22.4	-7.0	15.9	240.8	324.4	32.0	0.0	0.0	
28.1	6.0	11.8	239.6	282.9	63.0	0.0	0.0	
24.7	11.3	9.0	257.5	266.6	76.0	0.0	0.0	
22.7	11.8	10.5	243.3	273.1	46.0	0.0	0.0	
24.3	18.0	10.2	194.2	227.9	60.0	0.0	0.0	
23.8	18.6	19.8	253.3	221.6	48.0	0.0	0.0	
30.7	23.9	20.0	247.5	267.1	63.0	0.0	0.0	
34.9	26.9	16.9	259.2	202.1	85.0	0.0	0.0	
29.7	17.6	9.1	250.4	374.9	2.0	0.0	0.0	
29.4	16.6	12.5	246.7	360.6	16.0	0.0	0.0	
31.8	19.8	19.8	257.5	312.7	66.0	0.0	0.0	
35.2	18.1	22.2	267.9	322.7	26.0	0.0	0.0	
31.9	12.3	11.5	222.1	369.6	13.0	0.0	0.0	
35.0	17.8	18.4	252.5	195.4	68.0	0.0	0.0	
25.8	13.2	17.0	275.8	284.3	53.0	0.0	0.0	
27.4	13.8	19.9	257.5	268.5	67.0	0.0	0.0	
   3    31    1963
27.3	18.2	20.9	251.7	205.6	70.0	0.0	50.8	
23.0	15.4	8.5	164.2	218.3	93.0	0.0	17.8	
16.4	12.4	25.5	48.8	180.7	80.0	0.0	106.7	
13.6	6.1	16.1	74.6	326.6	58.0	0.0	5.1	
18.4	6.3	18.2	248.3	262.6	54.0	0.0	0.0	
21.4	10.2	11.1	243.8	410.5	10.0	0.0	2.5	
23.7	8.2	7.1	175.8	452.3	2.0	0.0	0.0	
26.5	10.3	11.3	250.8	449.3	2.0	0.0	0.0	
29.7	4.9	11.5	238.3	465.2	2.0	0.0	0.0	
28.9	6.6	11.4	207.5	433.4	14.0	0.0	0.0	
21.1	17.7	14.3	238.8	204.0	88.0	0.0	33.0	
13.9	9.9	14.4	73.8	343.7	77.0	0.0	210.8	
17.1	7.4	7.6	179.6	448.7	23.0	0.0	0.0	
25.6	9.4	9.3	132.9	447.2	29.0	0.0	0.0	
28.2	17.5	15.9	207.5	198.1	84.0	0.0	0.0	
21.5	7.5	17.0	229.2	455.9	44.0	0.0	0.0	
30.1	18.9	14.5	166.7	312.3	81.0	0.0	0.0	
30.1	22.5	10.1	135.4	254.9	80.0	0.0	0.0	
28.7	15.4	18.1	255.0	440.2	27.0	0.0	0.0	
34.7	19.5	7.3	166.7	502.2	2.0	0.0	0.0	
40.0	19.7	5.4	117.5	505.0	3.0	0.0	0.0	
44.3	20.4	12.2	150.4	460.1	40.0	0.0	0.0	
44.6	19.2	12.2	216.7	466.3	52.0	0.0	0.0	
34.2	15.7	14.8	258.8	381.8	48.0	0.0	0.0	
34.1	8.4	8.7	194.6	508.7	18.0	0.0	0.0	
41.5	7.5	12.4	232.1	480.7	64.0	0.0	0.0	
46.0	12.9	14.2	216.3	466.7	73.0	0.0	0.0	
41.4	25.2	24.4	208.8	208.3	85.0	1.0	0.0	
35.5	16.7	10.2	215.0	503.6	23.0	0.0	0.0	
42.4	15.8	7.2	176.3	528.5	3.0	0.0	0.0	
44.2	17.5	11.2	155.8	345.4	67.0	0.0	0.0	
   4    30    1963
45.5	14.8	22.4	201.3	347.8	86.0	0.0	0.0	
25.7	22.8	18.7	241.7	249.7	98.0	0.0	40.6	
28.6	14.2	13.4	245.0	537.9	20.0	0.0	0.0	
32.7	18.2	8.5	235.8	327.4	80.0	0.0	0.0	
38.0	18.9	9.8	246.7	536.3	50.0	0.0	0.0	
41.9	30.4	13.0	227.1	264.5	97.0	0.0	0.0	
38.8	36.1	10.5	180.4	291.2	98.0	0.0	0.0	
36.6	31.7	7.6	236.3	341.9	93.0	0.0	0.0	
33.8	32.1	7.4	136.7	280.8	95.0	0.0	0.0	
32.5	22.0	14.2	255.8	487.9	63.0	10.0	0.0	
35.8	21.2	9.9	208.8	465.2	57.0	0.0	0.0	
43.7	20.5	4.0	133.5	594.3	39.0	0.0	0.0	
50.9	18.8	3.0	85.4	591.5	37.0	0.0	0.0	
53.4	18.6	11.9	157.1	313.7	84.0	0.0	0.0	
34.3	28.5	16.4	244.6	302.6	95.0	0.0	0.0	
27.0	15.1	12.9	228.3	309.8	83.0	0.0	0.0	
31.8	21.5	11.1	186.7	348.5	88.0	0.0	61.0	
25.2	16.6	22.6	255.0	427.8	76.0	0.0	0.0	
30.1	21.7	13.7	207.1	384.2	63.0	0.0	0.0	
32.1	29.5	9.0	137.5	304.2	91.0	94.0	0.0	
25.4	23.8	15.1	92.1	295.6	88.0	0.0	210.8	
25.7	19.4	16.7	250.0	555.5	50.0	0.0	15.2	
29.8	16.4	11.0	246.3	549.1	20.0	0.0	0.0	
35.2	17.6	10.3	220.4	559.1	16.0	0.0	0.0	
44.2	20.1	8.7	147.5	618.9	35.0	0.0	0.0	
45.9	27.8	14.7	167.5	468.5	78.0	29.0	0.0	
31.4	27.1	15.2	237.1	350.5	88.0	0.0	121.9	
36.7	31.7	11.8	136.3	355.4	96.0	28.0	0.0	
42.4	31.0	4.0	92.9	463.3	66.0	0.0	0.0	
48.4	27.6	6.1	158.3	616.1	18.0	0.0	0.0	
   5    31    1963
44.6	29.0	14.0	224.2	382.4	51.0	0.0	0.0	
46.5	28.4	15.8	247.1	531.3	59.0	0.0	0.0	
50.8	28.8	9.9	198.8	503.9	57.0	0.0	0.0	
51.9	28.4	5.3	116.3	577.0	26.0	0.0	0.0	
56.3	24.6	5.2	146.7	654.7	36.0	0.0	0.0	
58.8	25.4	5.9	173.3	475.8	71.0	0.0	0.0	
61.5	21.5	13.5	213.3	523.3	79.0	0.0	0.0	
54.7	31.5	14.9	215.0	301.4	97.0	0.0	0.0	
54.2	25.9	15.9	217.1	571.7	33.0	0.0	0.0	
54.5	22.9	12.6	156.3	675.6	12.0	0.0	0.0	
49.6	18.7	18.1	232.5	531.9	46.0	0.0	0.0	
40.6	22.3	13.5	238.3	494.7	58.0	0.0	0.0	
49.6	20.1	6.0	178.8	667.8	33.0	0.0	0.0	
55.5	21.3	9.4	190.0	551.6	93.0	0.0	0.0	
54.8	29.7	11.8	241.3	573.6	71.0	0.0	0.0	
51.5	27.8	10.6	290.0	564.9	51.0	0.0	0.0	
53.6	20.8	5.7	200.4	739.3	2.0	0.0	0.0	
54.0	26.4	11.5	142.9	661.2	22.0	0.0	0.0	
46.1	27.9	14.6	70.0	578.6	35.0	22.0	0.0	
51.2	22.5	10.8	74.6	722.1	2.0	0.0	0.0	
49.2	24.7	10.3	78.3	730.5	10.0	0.0	0.0	
51.9	32.5	10.5	100.4	602.5	77.0	4.0	0.0	
53.3	39.5	8.9	129.6	523.9	75.0	12.0	0.0	
51.6	39.8	9.6	198.3	497.3	76.0	0.0	0.0	
48.2	40.0	11.5	188.3	476.2	65.0	3.0	0.0	
52.9	30.0	11.9	205.0	699.6	10.0	0.0	0.0	
55.2	28.7	7.4	173.8	641.8	42.0	0.0	0.0	
57.7	30.8	5.5	113.3	665.4	30.0	0.0	0.0	
57.9	32.6	9.1	148.3	571.2	53.0	18.0	0.0	
57.7	33.3	7.1	188.8	549.5	46.0	0.0	0.0	
57.4	33.8	9.6	242.9	551.8	74.0	0.0	0.0	
   6    30    1963
55.6	38.7	7.5	165.4	592.5	47.0	11.0	0.0	
52.9	41.9	6.6	168.3	488.5	81.0	14.0	0.0	
55.4	38.2	12.3	195.0	518.0	68.0	22.0	0.0	
55.3	34.7	14.0	187.5	536.3	62.0	4.0	0.0	
52.2	32.3	6.8	217.9	574.3	62.0	0.0	0.0	
51.8	33.8	9.0	185.0	608.6	64.0	0.0	0.0	
53.6	26.1	11.5	162.1	619.7	35.0	0.0	0.0	
54.2	27.8	10.0	217.1	608.0	68.0	0.0	0.0	
51.9	31.8	12.6	224.6	512.2	73.0	0.0	0.0	
54.9	32.9	13.5	205.8	399.7	88.0	6.0	0.0	
57.4	30.1	7.2	157.9	670.3	60.0	0.0	0.0	
62.1	28.7	6.0	165.4	722.4	8.0	0.0	0.0	
66.6	31.7	7.8	66.7	582.6	41.0	0.0	0.0	
61.3	44.1	8.1	160.0	561.0	63.0	180.0	0.0	
49.0	45.8	8.4	72.9	300.5	98.0	122.0	0.0	
52.2	46.4	14.3	49.6	414.1	83.0	19.0	0.0	
56.4	45.3	4.7	130.8	585.0	68.0	6.0	0.0	
59.9	40.9	5.2	112.1	646.8	73.0	0.0	0.0	
63.8	36.3	4.9	193.8	699.5	23.0	0.0	0.0	
63.0	41.0	9.8	177.9	483.5	82.0	0.0	0.0	
59.7	37.8	11.8	193.3	617.7	33.0	0.0	0.0	
59.6	33.6	9.2	207.9	724.6	10.0	0.0	0.0	
66.6	26.3	17.0	143.3	753.4	2.0	0.0	0.0	
60.2	24.7	14.2	240.8	735.7	20.0	0.0	0.0	
57.2	26.6	7.0	229.6	782.8	2.0	0.0	0.0	
63.9	28.6	7.1	246.3	744.2	3.0	0.0	0.0	
70.0	27.1	8.1	173.3	748.5	2.0	0.0	0.0	
68.8	21.1	14.2	152.1	778.5	2.0	0.0	0.0	
56.7	19.5	15.1	269.2	768.9	2.0	0.0	0.0	
61.3	19.8	5.8	135.8	731.7	28.0	0.0	0.0	
   7    31    1963
69.3	30.7	12.6	135.8	668.0	27.0	0.0	0.0	
72.5	38.1	12.0	164.6	513.5	73.0	0.0	0.0	
66.4	46.3	8.1	116.3	423.5	79.0	0.0	0.0	
64.8	45.1	6.6	183.8	548.1	48.0	0.0	0.0	
69.7	41.8	6.5	111.7	580.0	61.0	0.0	0.0	
69.5	37.9	6.9	120.4	500.3	65.0	0.0	0.0	
70.4	42.2	10.0	99.2	540.2	63.0	5.0	0.0	
64.2	50.9	10.3	144.2	459.7	82.0	0.0	0.0	
62.6	50.5	7.6	162.9	486.6	70.0	0.0	0.0	
67.9	42.1	9.5	179.2	620.4	36.0	0.0	0.0	
65.6	35.6	12.1	262.1	659.3	18.0	0.0	0.0	
65.8	32.5	11.0	181.7	667.1	16.0	0.0	0.0	
67.1	32.6	9.0	183.3	746.1	5.0	0.0	0.0	
65.9	36.0	6.7	100.4	581.1	38.0	0.0	0.0	
67.1	33.5	8.7	156.3	566.8	31.0	0.0	0.0	
67.0	27.2	7.9	164.6	538.0	50.0	0.0	0.0	
68.9	31.4	8.8	165.0	550.9	38.0	0.0	0.0	
68.0	29.7	12.9	250.4	755.0	2.0	0.0	0.0	
70.2	28.7	4.0	105.0	751.3	2.0	0.0	0.0	
73.7	26.7	7.2	200.8	641.1	32.0	0.0	0.0	
70.5	35.7	9.4	185.8	409.8	78.0	0.0	0.0	
65.3	51.9	7.3	152.5	500.3	64.0	0.0	0.0	
68.7	48.5	6.2	102.1	464.2	60.0	0.0	0.0	
73.2	43.2	9.2	169.2	549.1	33.0	0.0	0.0	
75.3	32.5	8.7	168.3	693.2	17.0	0.0	0.0	
67.6	40.6	14.5	141.7	605.3	34.0	0.0	0.0	
61.3	31.6	6.1	137.5	734.1	2.0	0.0	0.0	
66.3	25.3	6.8	205.4	671.0	16.0	0.0	0.0	
70.5	23.5	9.5	217.5	634.8	18.0	0.0	0.0	
68.8	22.6	11.4	235.8	726.3	2.0	0.0	0.0	
71.6	23.6	9.5	163.3	564.9	44.0	0.0	0.0	
   8    31    1963
73.4	28.9	11.3	213.8	479.9	78.0	0.0	0.0	
69.1	32.5	10.8	207.9	593.4	53.0	0.0	0.0	
69.5	43.5	8.6	103.8	545.8	68.0	0.0	0.0	
67.3	46.2	6.2	125.4	461.2	93.0	0.0	0.0	
69.2	42.0	8.2	166.7	620.2	43.0	0.0	0.0	
68.9	46.4	11.1	106.3	435.1	68.0	0.0	0.0	
66.9	49.4	7.1	156.3	496.4	63.0	4.0	0.0	
64.8	53.5	4.8	107.5	464.8	82.0	23.0	0.0	
64.0	54.9	5.2	85.8	408.8	90.0	1.0	0.0	
63.7	52.7	5.5	117.1	441.4	74.0	2.0	0.0	
66.0	46.4	8.6	192.5	474.2	75.0	0.0	0.0	
62.5	50.6	10.8	85.0	504.8	58.0	2.0	0.0	
64.7	47.5	3.1	89.6	620.7	11.0	0.0	0.0	
70.5	41.0	7.0	137.9	590.9	31.0	0.0	0.0	
70.2	40.6	6.9	165.8	501.6	34.0	0.0	0.0	
68.4	33.8	6.6	145.4	539.6	34.0	0.0	0.0	
62.6	44.6	8.4	142.9	428.9	65.0	3.0	0.0	
62.3	45.5	4.8	85.0	592.7	18.0	0.0	0.0	
64.5	42.0	8.3	125.0	416.8	56.0	0.0	0.0	
66.7	45.2	13.6	180.4	531.2	73.0	0.0	0.0	
65.1	47.7	7.7	158.3	485.4	60.0	0.0	0.0	
58.4	49.0	12.9	162.1	331.5	67.0	6.0	0.0	
61.1	46.0	7.7	104.6	435.1	56.0	0.0	0.0	
62.5	45.7	9.9	135.4	480.4	47.0	0.0	0.0	
64.6	43.1	6.5	130.0	498.4	43.0	0.0	0.0	
65.9	37.5	5.2	120.8	485.2	45.0	0.0	0.0	
65.2	34.0	10.3	228.3	498.3	48.0	0.0	0.0	
63.1	37.0	8.5	170.4	455.7	31.0	0.0	0.0	
63.1	33.9	8.9	63.3	555.7	25.0	0.0	0.0	
61.1	42.1	11.5	108.3	318.8	84.0	4.0	0.0	
54.6	48.8	11.0	138.8	198.7	96.0	9.0	0.0	
   9    30    1963
53.8	44.8	9.9	213.8	437.4	64.0	8.0	0.0	
61.0	40.6	7.4	183.8	511.3	30.0	0.0	0.0	
64.4	36.4	8.9	210.0	585.0	2.0	0.0	0.0	
64.5	34.9	7.2	96.7	586.6	27.0	0.0	0.0	
66.3	36.5	6.5	159.6	431.5	82.0	0.0	0.0	
61.8	52.2	4.7	97.9	209.3	98.0	0.0	0.0	
57.9	53.9	4.2	110.8	355.5	84.0	0.0	0.0	
59.8	47.0	6.4	162.9	510.2	23.0	1.0	0.0	
61.4	43.7	3.9	97.5	494.1	30.0	5.0	0.0	
61.0	40.8	4.6	151.7	488.8	21.0	0.0	0.0	
63.2	37.9	4.6	175.0	505.6	19.0	0.0	0.0	
66.6	34.7	4.4	115.4	483.0	17.0	0.0	0.0	
57.6	41.9	12.3	215.4	206.1	92.0	0.0	0.0	
53.0	37.3	13.4	244.6	415.8	31.0	0.0	0.0	
57.4	35.6	13.1	183.3	457.8	29.0	0.0	0.0	
55.0	44.1	13.7	180.8	375.2	74.0	1.0	0.0	
59.2	39.8	12.1	170.0	332.9	73.0	0.0	0.0	
56.8	49.7	8.1	114.6	254.2	75.0	2.0	0.0	
58.1	46.4	4.4	93.3	444.2	58.0	1.0	0.0	
54.7	45.0	12.5	97.9	299.6	68.0	0.0	0.0	
52.1	45.5	4.3	115.0	339.9	77.0	1.0	0.0	
55.7	41.5	6.3	145.4	490.9	3.0	0.0	0.0	
58.5	36.2	9.3	215.4	361.5	39.0	0.0	0.0	
53.7	33.5	3.3	137.1	461.6	4.0	0.0	0.0	
58.0	32.3	2.0	51.7	486.2	2.0	0.0	0.0	
62.1	29.6	2.7	98.3	490.0	2.0	0.0	0.0	
61.1	26.0	4.1	165.8	428.0	4.0	0.0	0.0	
59.5	27.8	7.0	87.1	485.2	2.0	0.0	0.0	
58.9	26.0	5.0	124.2	472.8	2.0	0.0	0.0	
60.8	24.5	5.3	180.0	462.7	2.0	0.0	0.0	
  10    31    1963
60.6	27.4	8.1	220.8	413.6	13.0	0.0	0.0	
58.9	23.6	6.2	218.3	441.5	8.0	0.0	0.0	
59.0	24.9	6.6	141.3	428.9	7.0	0.0	0.0	
62.2	24.1	11.4	152.1	381.1	71.0	0.0	0.0	
58.7	27.6	11.1	182.5	305.0	68.0	0.0	0.0	
57.7	31.1	3.8	129.2	431.4	23.0	0.0	0.0	
57.6	26.5	4.2	140.4	393.4	33.0	0.0	0.0	
56.6	25.4	4.2	102.9	369.5	39.0	0.0	0.0	
57.5	29.4	5.1	132.1	233.3	73.0	0.0	0.0	
55.0	29.8	5.5	116.7	424.2	2.0	0.0	0.0	
56.4	25.9	10.7	142.1	384.9	18.0	0.0	0.0	
56.3	29.4	12.9	160.0	247.3	85.0	0.0	0.0	
41.9	34.4	11.6	202.1	244.4	55.0	0.0	0.0	
47.6	31.6	6.8	211.7	369.1	36.0	0.0	0.0	
51.1	25.8	2.5	63.8	384.7	8.0	0.0	0.0	
51.9	23.1	4.8	54.6	393.4	2.0	0.0	0.0	
50.3	19.2	3.5	113.8	372.0	2.0	0.0	0.0	
53.3	25.2	3.8	94.2	330.2	38.0	0.0	0.0	
49.4	36.2	2.5	63.3	149.3	95.0	0.0	0.0	
45.7	41.8	5.0	108.3	203.5	80.0	6.0	0.0	
44.3	30.6	12.2	238.8	340.7	9.0	0.0	0.0	
48.3	32.9	8.5	187.1	351.5	12.0	0.0	0.0	
44.3	36.1	10.9	194.2	199.7	63.0	0.0	0.0	
39.1	25.1	13.5	246.3	341.2	26.0	0.0	0.0	
48.1	29.5	11.2	210.8	297.5	29.0	0.0	0.0	
43.4	33.4	11.2	220.0	166.5	49.0	0.0	0.0	
36.5	18.2	4.9	111.3	346.2	2.0	0.0	0.0	
39.6	19.0	4.4	112.1	234.2	61.0	0.0	0.0	
49.8	31.3	7.3	209.2	231.5	67.0	0.0	0.0	
36.4	32.2	11.1	216.3	116.2	80.0	30.0	0.0	
30.6	24.3	6.4	101.7	200.2	70.0	0.0	0.0	
  11    30    1963
32.9	17.9	7.9	187.9	289.1	37.0	0.0	0.0	
34.4	17.7	4.5	136.7	318.4	7.0	0.0	0.0	
35.2	24.6	5.5	104.6	164.2	79.0	0.0	0.0	
37.0	30.9	11.2	218.3	183.0	76.0	0.0	0.0	
36.3	28.9	10.9	207.9	214.2	73.0	0.0	0.0	
41.6	30.5	13.5	206.7	143.9	87.0	1.0	0.0	
30.6	27.7	10.9	239.6	213.7	60.0	0.0	0.0	
33.2	26.0	13.2	202.1	174.7	83.0	0.0	0.0	
42.3	36.0	15.8	230.4	146.9	79.0	0.0	0.0	
42.7	32.9	10.7	235.8	187.4	44.0	0.0	0.0	
37.8	29.3	3.9	105.4	201.8	38.0	0.0	0.0	
35.7	25.8	2.2	57.1	154.6	45.0	0.0	0.0	
37.2	27.0	2.6	95.4	129.0	93.0	0.0	0.0	
43.3	26.4	4.0	120.0	202.5	75.0	0.0	0.0	
42.3	27.2	11.3	128.8	184.8	60.0	1.0	0.0	
24.3	20.6	16.5	249.2	168.8	59.0	0.0	5.1	
22.6	14.5	8.1	160.0	219.8	50.0	0.0	0.0	
23.8	14.1	5.2	139.6	226.3	22.0	0.0	0.0	
24.3	14.7	2.1	62.5	190.1	48.0	0.0	0.0	
32.4	19.1	11.1	141.3	213.0	45.0	0.0	0.0	
31.9	20.3	13.8	207.1	189.3	76.0	0.0	0.0	
20.9	10.7	15.8	240.4	235.1	25.0	0.0	0.0	
26.3	13.6	2.0	53.3	119.3	64.0	0.0	0.0	
30.9	25.5	8.1	176.3	142.1	91.0	0.0	22.9	
26.7	21.4	11.9	207.1	212.5	40.0	0.0	0.0	
32.5	24.3	15.4	230.0	190.7	31.0	0.0	0.0	
34.1	24.5	12.0	245.0	228.6	2.0	0.0	0.0	
28.6	14.1	10.7	230.0	225.0	2.0	0.0	0.0	
29.1	6.2	9.3	210.4	229.5	22.0	0.0	0.0	
27.0	8.6	3.0	101.3	222.3	40.0	0.0	0.0	
  12    31    1963
28.6	6.5	7.5	103.3	226.6	25.0	0.0	0.0	
23.2	6.4	2.7	80.0	226.6	2.0	0.0	0.0	
27.0	6.1	4.8	146.7	229.8	2.0	0.0	0.0	
27.5	5.8	2.0	17.1	206.1	21.0	0.0	0.0	
26.7	7.9	6.9	167.9	215.3	2.0	0.0	0.0	
28.4	11.5	17.5	250.0	104.0	56.0	0.0	0.0	
17.1	4.7	15.2	264.6	213.0	3.0	0.0	0.0	
18.3	3.9	5.5	132.1	131.5	61.0	0.0	0.0	
18.2	3.5	11.9	75.8	112.1	98.0	0.0	68.6	
2.9	-6.2	20.8	55.0	142.8	81.0	0.0	15.2	
3.1	-5.3	11.7	171.7	196.6	44.0	0.0	0.0	
9.2	3.2	21.6	247.5	180.6	27.0	0.0	7.6	
14.4	9.5	19.6	257.5	172.1	20.0	0.0	0.0	
24.2	20.6	19.1	243.8	72.2	87.0	0.0	0.0	
28.6	23.0	14.9	247.1	96.8	91.0	0.0	0.0	
30.1	20.1	13.4	230.0	97.0	81.0	0.0	0.0	
31.7	22.3	15.8	240.4	152.5	75.0	0.0	0.0	
31.8	22.5	9.8	176.7	190.4	53.0	0.0	0.0	
29.8	20.1	10.4	223.3	139.7	59.0	0.0	0.0	
26.0	22.3	7.5	213.3	89.9	94.0	0.0	0.0	
23.7	21.8	4.7	108.8	107.0	95.0	0.0	63.5	
17.8	13.0	15.0	225.8	174.1	46.0	0.0	0.0	
24.2	7.9	14.6	227.1	146.3	82.0	0.0	0.0	
30.6	14.8	2.1	65.8	195.5	30.0	0.0	0.0	
26.1	15.5	8.4	150.4	132.5	26.0	0.0	0.0	
22.4	12.5	10.5	225.8	162.5	53.0	0.0	0.0	
25.9	19.6	14.8	252.1	168.3	68.0	0.0	0.0	
25.2	20.6	15.8	247.9	95.6	67.0	0.0	0.0	
20.3	10.8	12.5	227.9	204.2	15.0	0.0	0.0	
25.2	6.4	14.8	232.1	184.5	54.0	0.0	0.0	
32.2	12.9	14.1	247.8	119.3	70.0	0.0	0.0	
