01	31	2003
39.6	37.1	10.9	93.0	158.8	100.0	76	0.0
32.6	24.6	14.2	43.7	159.5	100.0	22	0.0
29.5	26.3	15.8	53.2	160.3	100.0	23	58.8
32.3	27.3	9.9	250.2	161.2	100.0	4	10.2
31.1	25.4	3.4	160.9	162.2	100.0	7	18.0
29.9	26.7	7.1	35.7	163.2	100.0	5	12.7
27.2	16.7	12.3	302.9	164.3	100.0	0	0.0
34.9	28.3	12.2	267.8	165.5	100.0	1	1.3
42.4	32.6	10.8	249.5	166.7	100.0	0	0.0
36.0	22.3	9.8	272.3	168.1	100.0	0	0.0
27.9	9.2	15.2	287.9	169.5	100.0	0	0.0
29.3	12.3	11.7	296.2	171.0	100.0	0	0.0
30.5	13.1	15.9	279.6	172.6	100.0	0	0.0
22.8	5.2	9.0	299.4	174.2	100.0	0	0.0
23.9	7.4	11.4	306.7	175.9	100.0	0	0.0
24.3	7.7	10.6	268.3	177.7	100.0	0	0.0
23.2	11.8	11.2	270.8	179.6	100.0	0	0.0
13.2	2.0	8.7	281.5	181.5	100.0	0	0.0
21.3	7.2	9.2	296.7	183.6	100.0	0	0.0
26.0	6.3	18.0	290.9	185.8	100.0	0	0.0
17.8	0.5	13.6	309.4	188.1	100.0	0	0.0
13.7	0.0	15.5	299.0	190.4	100.0	0	0.0
10.6	0.0	13.3	312.0	192.4	100.0	0	0.0
15.8	0.0	13.6	341.7	195.4	100.0	0	0.0
24.2	8.1	9.8	271.7	198.0	100.0	0	0.0
29.3	19.2	6.9	251.0	200.6	100.0	1	2.8
14.2	4.3	16.0	333.3	203.3	100.0	2	6.8
15.1	4.0	8.0	292.0	206.2	100.0	0	0.0
26.1	20.2	2.2	96.9	209.0	100.0	2	5.1
26.9	17.8	6.5	56.2	212.0	100.0	0	0.0
34.1	27.8	9.6	47.1	215.0	100.0	0	0.0
02	28	2003
34.5	32.1	9.2	53.0	218.1	100.0	0	0.8
40.7	29.3	15.5	327.9	221.2	100.0	0	0.0
38.6	26.2	8.3	235.8	224.4	100.0	0	0.0
37.6	32.3	12.0	166.9	227.7	100.0	17	0.0
31.0	10.3	16.7	307.2	231.0	100.0	0	0.0
25.5	9.2	8.2	262.5	234.4	100.0	0	0.0
27.4	24.1	6.8	190.2	237.9	100.0	27	96.8
22.3	9.6	10.8	273.7	238.4	100.0	0	0.0
28.0	15.5	11.6	264.8	245.0	100.0	0	0.0
31.8	27.6	3.8	173.4	248.6	100.0	15	39.1
21.2	7.0	9.4	226.1	252.3	100.0	0	0.0
23.0	9.2	13.9	221.0	256.1	100.0	0	0.8
17.4	2.2	12.8	304.4	259.9	100.0	0	0.0
19.6	2.5	10.6	274.2	263.7	100.0	0	0.0
17.7	2.8	11.5	134.8	267.6	100.0	0	0.0
11.8	1.1	10.9	57.3	229.1	100.0	0	0.0
18.6	16.1	18.9	48.5	275.5	100.0	45	218.8
27.0	22.6	7.5	84.6	279.5	100.0	3	11.3
29.3	25.4	5.7	197.7	283.6	100.0	0	0.0
34.7	27.8	6.7	257.1	287.7	100.0	0	0.0
33.2	26.2	4.5	194.8	291.8	100.0	0	0.0
35.8	35.0	9.8	72.5	290.0	100.0	115	36.8
35.0	30.1	14.1	171.5	278.1	100.0	83	20.3
27.5	15.8	7.3	220.2	256.8	100.0	0	0.0
25.3	7.8	12.3	251.2	309.2	100.0	0	0.0
16.5	1.4	6.0	59.4	313.7	100.0	0	0.0
23.9	13.3	9.2	72.6	318.2	100.0	0	0.0
28.3	20.2	7.7	81.7	277.0	100.0	0	0.0
03	31	2003
31.9	27.3	3.5	101.5	319.5	100.0	7	16.5
36.9	34.9	8.1	163.8	331.8	100.0	72	37.5
19.8	2.9	14.2	296.2	336.4	100.0	0	0.0
23.9	13.5	5.5	123.8	341.1	100.0	0	0.0
37.2	35.9	4.8	126.7	345.7	100.0	26	30.3
28.4	21.6	11.6	122.0	350.4	100.0	19	63.6
20.6	10.9	5.8	180.1	314.7	100.0	0	0.0
33.1	26.1	7.3	239.6	359.7	100.0	0	0.0
36.8	22.4	14.3	300.2	364.5	100.0	0	0.0
22.2	2.2	13.7	311.9	369.3	100.0	0	0.0
27.9	14.8	9.5	225.4	374.1	100.0	0	0.0
36.8	31.6	8.7	238.3	379.0	100.0	0	0.0
35.3	28.8	8.3	43.5	383.8	100.0	6	14.3
27.1	7.6	9.8	184.4	388.7	100.0	0	0.0
36.0	26.2	8.3	204.4	393.6	100.0	0	0.0
42.2	29.6	4.3	125.8	398.4	100.0	0	0.0
47.2	41.9	4.2	123.4	377.0	100.0	0	0.0
45.2	39.5	6.7	80.2	406.9	100.0	0	0.0
35.2	24.0	10.0	110.2	323.5	100.0	0	0.0
36.0	31.6	12.3	100.0	417.8	100.0	49	0.0
46.9	46.4	6.1	153.0	422.6	100.0	22	0.0
52.8	41.7	7.2	281.0	427.4	100.0	1	0.0
47.9	31.8	9.0	228.5	432.2	100.0	0	0.0
43.6	34.0	4.7	107.3	437.0	100.0	0	0.0
40.9	37.2	5.7	108.1	441.7	100.0	0	0.0
48.0	41.8	6.9	160.0	446.4	100.0	21	0.0
47.1	33.6	9.0	263.1	451.2	100.0	0	0.0
45.2	37.6	8.8	77.7	455.9	100.0	2	0.0
53.1	50.4	10.8	155.8	460.5	100.0	45	0.0
41.9	36.0	13.8	116.9	465.1	100.0	20	0.0
35.8	16.4	15.8	326.5	469.8	100.0	0	0.0
04	30	2003
33.5	22.2	9.2	189.8	474.5	100.0	5	2.5
40.9	36.2	6.8	133.3	475.7	100.0	0	0.0
42.5	37.5	9.3	93.5	483.9	100.0	0	0.0
37.2	34.1	14.7	84.6	488.6	100.0	0	0.0
35.2	33.3	10.2	112.3	493.2	100.0	7	11.4
38.3	18.2	13.8	245.8	497.9	100.0	0	0.0
32.0	22.9	14.2	68.0	502.4	100.0	15	37.8
33.4	29.9	10.8	54.6	507.0	100.0	1	1.3
36.0	32.4	11.4	49.9	511.5	100.0	28	0.0
40.5	30.9	10.5	78.1	515.9	100.0	0	0.0
41.4	35.1	17.0	53.9	520.3	100.0	70	0.0
53.1	38.6	13.4	185.7	524.7	100.0	51	0.0
51.0	25.4	11.0	259.1	529.0	100.0	0	0.0
45.8	26.9	7.9	139.6	502.4	100.0	0	0.0
53.5	41.8	10.1	250.4	537.6	100.0	0	0.0
58.5	45.3	12.4	192.8	541.8	100.0	0	0.0
39.3	22.5	16.5	95.2	477.5	100.0	0	0.0
39.2	31.3	15.8	92.7	550.0	100.0	0	0.0
46.8	35.0	8.4	75.6	554.1	100.0	0	0.0
49.1	33.0	7.5	86.2	558.1	100.0	0	0.0
46.4	38.1	8.0	95.2	562.1	100.0	1	0.0
44.9	44.3	9.9	110.4	566.0	100.0	32	0.0
45.3	31.1	13.5	316.1	569.8	100.0	0	0.0
49.1	21.6	13.6	312.3	573.6	100.0	0	0.0
48.8	31.1	5.7	119.2	577.3	100.0	0	0.0
49.1	47.8	14.4	68.7	581.0	100.0	82	0.0
56.3	44.5	8.9	158.3	584.6	100.0	0	0.0
57.4	41.0	8.8	204.7	588.2	100.0	0	0.0
59.1	46.3	8.9	272.9	591.7	100.0	3	0.0
55.2	35.0	8.1	148.3	595.2	100.0	0	0.0
05	31	2003
54.3	50.8	7.3	129.8	598.6	100.0	13	0.0
60.1	54.4	9.0	186.5	601.9	100.0	5	0.0
54.5	40.5	9.6	135.7	605.2	100.0	0	0.0
51.4	37.9	4.7	105.0	608.4	100.0	0	0.0
49.8	35.8	5.3	109.6	611.6	100.0	0	0.0
49.8	47.3	6.7	129.3	614.8	100.0	1	0.0
57.9	52.1	4.4	130.3	617.9	100.0	37	0.0
54.3	51.1	9.5	81.1	621.0	100.0	83	0.0
56.2	51.1	7.8	230.3	624.0	100.0	0	0.0
54.0	49.3	7.6	189.7	627.0	100.0	0	0.0
51.6	49.2	14.0	100.7	629.9	100.0	4	0.0
54.4	47.5	8.2	193.7	632.7	100.0	0	0.0
54.4	42.0	12.2	291.5	635.6	100.0	0	0.0
56.6	44.6	8.0	276.9	638.4	100.0	0	0.0
56.3	43.6	10.1	75.4	640.8	100.0	0	0.0
52.3	44.0	17.9	103.9	575.4	100.0	0	0.0
50.4	41.6	9.8	84.6	570.5	100.0	0	0.0
51.8	34.4	7.2	72.0	579.0	100.0	0	0.0
60.6	40.4	4.4	137.2	651.4	100.0	0	0.0
62.7	43.5	6.0	145.4	653.8	100.0	0	0.0
56.7	53.0	5.9	174.5	656.2	100.0	10	0.0
52.8	50.3	11.2	61.8	658.4	100.0	23	0.0
52.9	50.8	9.5	70.1	660.6	100.0	17	0.0
53.3	51.1	11.8	49.0	593.1	100.0	4	0.0
55.4	51.0	5.7	133.0	664.8	100.0	0	0.0
52.8	50.6	12.7	74.2	666.8	100.0	181	0.0
57.0	50.6	6.1	144.9	668.8	100.0	0	0.0
58.4	53.9	7.7	240.1	670.6	100.0	5	0.0
62.5	53.1	9.8	244.4	672.4	100.0	0	0.0
65.7	55.2	5.8	215.0	674.1	100.0	2	0.0
59.5	55.6	10.6	89.0	675.8	100.0	49	0.0
06	30	2003
60.0	54.1	16.0	182.2	607.0	100.0	89	0.0
63.7	41.2	10.3	299.8	666.5	100.0	0	0.0
59.9	49.6	5.5	171.5	680.3	100.0	7	0.0
55.9	54.4	9.2	85.7	681.7	100.0	159	0.0
60.1	56.6	5.8	174.1	683.0	100.0	3	0.0
64.8	54.7	8.7	246.0	684.2	100.0	0	0.0
58.7	56.6	5.8	60.6	685.4	100.0	37	0.0
62.2	57.1	6.4	87.9	686.5	100.0	2	0.0
61.1	56.4	7.6	190.0	687.5	100.0	0	0.0
68.7	55.1	9.1	258.1	688.4	100.0	0	0.0
66.0	62.4	4.2	114.5	689.3	100.0	0	0.0
67.5	64.8	5.8	104.4	690.1	100.0	80	0.0
59.1	57.6	13.6	100.7	690.9	100.0	79	0.0
65.2	61.2	5.8	150.4	691.5	100.0	24	0.0
69.2	56.9	7.5	154.8	692.1	100.0	0	0.0
60.9	50.3	10.1	111.9	692.6	100.0	0	0.0
59.3	50.4	5.1	127.2	693.1	100.0	0	0.0
61.5	59.7	4.5	136.0	693.5	100.0	86	0.0
66.3	63.2	5.4	210.4	693.8	100.0	0	0.0
66.4	60.1	8.5	71.6	694.0	100.0	0	0.0
62.1	55.7	10.2	98.6	694.2	100.0	59	0.0
60.6	56.2	6.8	155.1	694.3	100.0	24	0.0
67.6	59.5	5.8	180.8	645.6	100.0	1	0.0
74.2	64.4	4.8	143.8	694.3	100.0	0	0.0
79.7	63.3	5.7	177.4	694.2	100.0	0	0.0
81.8	69.3	5.9	269.2	694.0	100.0	0	0.0
80.0	66.9	8.0	191.8	693.7	100.0	0	0.0
73.7	55.2	7.6	167.1	693.4	100.0	0	0.0
72.3	62.7	4.8	133.1	693.0	100.0	0	0.0
76.0	64.4	7.5	259.6	692.6	100.0	1	0.0
07	31	2003
72.7	54.9	6.0	176.0	692.0	100.0	0	0.0
73.9	59.9	5.4	139.6	691.4	100.0	0	0.0
69.0	65.1	7.9	109.3	690.8	100.0	1	0.0
75.4	66.8	7.5	233.3	690.0	100.0	0	0.0
78.8	68.2	9.0	253.5	689.2	100.0	0	0.0
80.5	67.1	6.8	254.4	688.3	100.0	0	0.0
73.7	67.3	4.5	64.0	687.4	100.0	24	0.0
78.0	69.3	7.3	234.8	686.3	100.0	0	0.0
71.0	64.9	4.0	61.9	685.2	100.0	13	0.0
67.3	60.6	11.4	80.2	684.1	100.0	0	0.0
68.9	65.5	8.2	91.7	682.8	100.0	50	0.0
73.7	63.1	8.7	198.7	681.5	100.0	1	0.0
74.3	59.6	7.2	225.2	680.2	100.0	0	0.0
70.0	63.9	5.9	94.2	678.7	100.0	0	0.0
70.3	63.0	6.7	170.1	677.2	100.0	0	0.0
72.9	69.0	7.3	193.8	675.6	100.0	5	0.0
73.7	60.9	7.3	270.6	674.0	100.0	0	0.0
73.0	64.4	4.3	182.1	672.3	100.0	1	0.0
73.4	57.0	6.8	226.5	670.5	100.0	0	0.0
72.7	57.9	5.2	174.8	668.7	100.0	0	0.0
73.3	68.4	10.2	217.2	666.8	100.0	14	0.0
74.2	70.0	5.7	164.9	664.8	100.0	21	0.0
73.5	69.8	7.5	178.8	662.7	100.0	21	0.0
74.3	68.7	10.6	218.5	660.6	100.0	0	0.0
75.3	64.0	7.6	212.6	603.1	100.0	0	0.0
75.9	64.7	7.8	177.5	656.2	100.0	0	0.0
77.9	68.1	9.8	259.6	654.0	100.0	3	0.0
77.3	61.8	8.1	243.4	651.7	100.0	2	0.0
71.5	61.3	7.3	145.4	649.4	100.0	2	0.0
71.8	63.5	3.5	109.2	646.9	100.0	0	0.0
70.0	62.0	12.7	82.2	644.4	100.0	0	0.0
08	31	2003
72.5	70.4	8.2	151.9	641.9	100.0	20	0.0
76.3	72.3	5.9	199.9	639.3	100.0	6	0.0
77.2	72.6	7.8	196.2	636.6	100.0	0	0.0
76.8	72.7	8.2	200.0	633.8	100.0	83	0.0
74.9	72.2	5.8	190.8	631.0	100.0	36	0.0
75.7	69.7	7.4	184.2	628.1	100.0	0	0.0
74.9	71.5	4.5	120.5	625.2	100.0	52	0.0
74.7	71.7	6.1	101.3	622.2	100.0	29	0.0
75.1	72.4	5.1	139.1	619.2	100.0	36	0.0
76.4	72.0	10.5	218.8	616.0	100.0	52	0.0
76.6	71.1	7.2	216.6	612.9	100.0	6	0.0
77.0	72.1	6.3	170.1	609.6	100.0	0	0.0
78.3	73.6	7.0	240.4	606.3	100.0	0	0.0
82.5	68.0	8.9	302.9	577.0	100.0	0	0.0
78.7	64.4	9.0	330.0	599.6	100.0	0	0.0
77.4	68.2	9.6	282.5	528.6	100.0	0	0.0
71.6	65.8	13.3	66.7	517.5	100.0	84	0.0
71.7	62.9	9.2	120.4	589.0	100.0	0	0.0
75.5	65.8	7.8	182.7	585.4	100.0	0	0.0
77.7	67.0	6.8	236.2	581.9	100.0	0	0.0
78.7	69.1	6.7	191.5	578.3	100.0	0	0.0
80.8	72.9	8.0	241.9	574.6	100.0	5	0.0
74.3	53.1	8.9	312.0	566.5	100.0	0	0.0
67.5	44.9	6.8	209.6	567.1	100.0	0	0.0
73.4	60.1	6.4	168.1	563.3	100.0	0	0.0
74.4	63.9	6.5	197.3	559.5	100.0	0	0.0
76.8	65.5	8.0	239.8	555.5	100.0	0	0.0
72.2	55.1	4.2	184.4	551.6	100.0	0	0.0
72.4	66.2	7.1	153.8	547.5	100.0	2	0.0
75.1	67.6	7.5	165.6	543.5	100.0	4	0.0
65.9	53.2	8.7	132.1	539.4	100.0	0	0.0
09	30	2003
64.8	60.2	6.7	126.8	535.2	100.0	28	0.0
62.0	58.5	11.1	57.7	531.0	100.0	60	0.0
64.8	62.1	12.1	93.5	526.8	100.0	7	0.0
72.2	70.4	6.8	185.4	522.5	100.0	8	0.0
70.2	56.6	8.7	204.3	518.2	100.0	0	0.0
66.6	55.1	7.0	158.3	513.8	100.0	0	0.0
68.2	57.2	5.1	191.7	509.4	100.0	0	0.0
68.5	60.1	7.6	84.8	504.9	100.0	0	0.0
64.8	54.5	11.6	76.5	441.9	100.0	0	0.0
62.6	50.8	6.2	149.6	495.9	100.0	0	0.0
67.9	57.6	9.8	103.5	427.3	100.0	0	0.0
65.3	56.5	14.2	85.9	429.6	100.0	0	0.0
67.1	63.8	15.7	82.9	482.2	100.0	6	0.0
73.2	70.5	8.5	119.4	477.6	100.0	17	0.0
71.3	69.6	9.4	92.2	472.9	100.0	10	0.0
71.8	59.4	7.6	212.8	468.2	100.0	0	0.0
66.9	54.0	8.6	87.3	463.5	100.0	0	0.0
68.7	55.9	18.5	74.2	458.8	100.0	0	0.0
74.8	70.3	17.2	168.2	454.0	100.0	54	0.0
73.6	65.9	7.1	215.9	408.0	100.0	0	0.0
66.7	52.9	6.7	155.4	433.1	100.0	0	0.0
65.8	58.2	10.1	107.7	439.6	100.0	0	0.0
70.0	63.7	13.0	241.2	434.8	100.0	54	0.0
65.1	52.1	7.8	177.5	429.9	100.0	0	0.0
70.2	61.9	10.9	197.7	425.2	100.0	0	0.0
64.5	58.7	8.5	38.7	362.5	100.0	0	0.0
71.4	67.9	10.8	121.5	416.1	100.0	0	0.0
67.0	63.7	7.3	210.6	411.4	100.0	42	0.0
58.4	50.3	6.2	253.1	406.8	100.0	8	0.0
55.6	43.3	5.9	252.2	345.8	100.0	0	0.0
10	31	2003
56.1	44.8	4.1	231.7	397.6	100.0	0	0.0
51.8	38.8	8.6	256.5	392.9	100.0	0	0.0
49.5	34.2	9.8	242.5	388.2	100.0	0	0.0
58.4	44.4	15.9	253.1	383.6	100.0	0	0.0
51.2	36.9	7.7	303.8	378.9	100.0	0	0.0
50.1	35.4	5.7	243.3	374.3	100.0	0	0.0
54.1	41.8	7.3	156.9	369.6	100.0	0	0.0
61.1	56.3	5.6	163.3	365.0	100.0	0	0.0
63.1	56.5	3.4	109.4	360.4	100.0	0	0.0
58.4	54.1	10.1	45.0	355.7	100.0	0	0.0
62.9	48.9	10.8	53.5	351.1	100.0	0	0.0
59.5	52.6	11.3	78.1	346.5	100.0	19	0.0
60.6	46.7	7.0	240.8	341.9	100.0	0	0.0
58.6	52.1	10.5	108.3	337.3	100.0	8	0.0
59.9	43.0	20.9	269.3	332.8	100.0	42	0.0
56.3	38.2	11.1	266.7	328.2	100.0	0	0.0
51.1	38.7	4.5	175.0	323.7	100.0	18	0.0
47.5	37.9	4.7	146.9	319.2	100.0	5	0.0
44.2	38.7	6.0	149.8	314.8	100.0	15	0.0
49.0	29.6	10.2	187.7	310.4	100.0	0	0.0
62.2	51.9	12.9	246.7	306.0	100.0	7	0.0
45.7	36.3	10.3	256.1	276.5	100.0	0	0.0
41.1	24.1	11.9	322.3	297.3	100.0	0	0.0
41.6	26.0	9.3	249.8	265.4	100.0	0	0.0
49.2	38.1	9.9	146.7	288.7	100.0	0	0.0
61.9	48.7	12.9	215.6	284.5	100.0	2	0.0
61.5	55.5	11.6	219.8	280.4	100.0	88	0.0
52.8	43.6	6.6	155.0	276.2	100.0	6	0.0
55.4	50.2	12.8	217.3	262.1	100.0	92	0.0
51.3	38.6	7.4	235.8	268.1	100.0	0	0.0
54.9	47.5	6.2	153.3	264.1	100.0	0	0.0
11	30	2003
61.3	54.0	6.0	202.7	260.2	100.0	0	0.0
60.1	49.0	4.8	105.8	256.3	100.0	0	0.0
63.3	56.9	5.0	192.1	252.6	100.0	0	0.0
53.8	51.4	13.2	104.6	249.0	100.0	3	0.0
51.7	50.2	7.4	71.2	245.4	100.0	12	0.0
55.0	50.4	4.2	95.0	241.8	100.0	18	0.0
51.9	38.4	7.1	257.4	238.4	100.0	3	0.0
39.9	14.1	10.1	320.2	224.3	100.0	0	0.0
34.3	12.2	6.3	176.7	231.5	100.0	0	0.0
37.3	19.6	5.1	198.5	228.2	100.0	0	0.0
44.3	28.9	5.2	142.8	225.0	100.0	3	0.0
52.8	42.0	5.8	216.5	221.8	100.0	13	0.0
49.4	33.0	22.6	277.6	218.6	100.0	2	0.0
38.9	18.7	20.9	306.9	215.6	100.0	0	0.0
39.5	15.8	11.8	276.9	212.6	100.0	0	0.0
39.9	28.9	3.2	145.0	209.6	100.0	0	0.0
44.5	40.2	7.7	43.5	206.8	100.0	1	0.0
48.3	43.3	9.2	88.7	204.1	100.0	0	0.0
57.5	54.6	12.8	146.7	201.5	100.0	53	0.0
49.2	39.4	14.9	310.7	198.9	100.0	41	0.0
49.4	36.9	7.8	318.8	196.5	100.0	0	0.0
48.7	39.4	4.0	95.0	194.1	100.0	0	0.0
43.1	35.6	3.9	49.4	165.5	100.0	0	0.0
47.0	43.0	8.5	94.2	189.4	100.0	4	0.0
40.8	29.2	8.5	270.5	187.2	100.0	8	0.0
38.7	28.4	4.7	171.5	170.8	100.0	0	0.0
45.1	36.9	4.2	83.5	183.0	100.0	0	0.0
54.9	53.8	9.2	149.8	181.0	100.0	17	0.0
44.5	27.3	21.0	278.6	179.1	100.0	1	0.0
43.5	26.3	13.2	268.5	177.3	100.0	0	0.0
12	31	2003
43.8	26.3	15.5	289.4	175.5	100.0	0	0.0
29.8	13.9	15.6	320.2	173.8	100.0	0	0.0
23.5	3.7	10.2	284.2	172.2	100.0	0	0.0
29.9	17.2	6.9	205.0	170.6	100.0	0	0.0
27.1	20.4	13.5	57.5	169.2	100.0	7	28.1
25.2	21.9	19.5	101.9	167.8	100.0	8	33.2
25.4	16.2	18.5	346.2	166.4	100.0	2	8.7
28.6	15.8	9.2	276.5	165.2	100.0	0	0.0
31.1	21.2	3.2	43.8	164.1	100.0	0	0.0
40.2	35.4	9.1	79.1	163.0	100.0	0	0.0
47.7	44.7	16.9	185.7	161.9	100.0	43	0.0
37.3	19.2	14.2	303.1	161.0	100.0	0	0.0
29.4	11.7	9.4	250.8	160.2	100.0	0	0.0
28.5	21.1	17.8	63.6	159.4	100.0	67	75.0
34.4	25.8	16.0	285.6	158.7	100.0	11	0.0
34.3	27.1	3.9	187.7	158.1	100.0	0	0.0
43.8	41.7	10.8	146.0	157.6	100.0	59	0.0
35.1	21.1	16.4	281.1	157.1	100.0	0	0.0
31.7	18.2	5.7	301.0	156.7	100.0	0	0.0
32.5	20.4	6.6	284.2	156.4	100.0	0	0.0
31.4	17.4	11.7	282.5	156.2	100.0	0	0.0
39.8	28.6	8.5	227.9	156.0	100.0	0	0.0
43.2	37.8	3.1	100.0	156.0	100.0	0	0.0
48.7	47.4	9.9	149.8	156.0	100.0	43	0.0
41.1	34.5	10.0	267.7	142.9	100.0	1	0.0
36.5	22.6	13.4	286.2	156.2	100.0	0	0.0
40.7	21.3	9.7	297.1	156.5	100.0	0	0.0
35.4	25.7	3.4	157.5	156.8	100.0	0	0.0
38.1	33.6	5.2	188.4	157.2	100.0	0	0.0
41.5	31.5	10.0	210.6	157.7	100.0	4	0.0
39.9	28.5	10.6	259.4	158.3	100.0	0	0.0
