01	31	2015
28.8	8.0	9.7	204.6	153.3	93.8	0	0.0
34.3	17.5	8.7	244.6	84.5	50.0	0	0.0
28.9	20.8	5.3	107.1	103.3	53.1	20	49.7
34.6	32.8	5.5	163.5	77.8	15.5	20	44.8
31.0	13.5	11.7	286.2	130.0	58.3	1	0.0
17.2	6.4	5.3	180.9	63.7	45.8	0	0.0
16.0	8.2	12.1	246.2	118.4	53.1	0	0.0
11.3	7.3	9.0	227.1	159.9	100.0	0	0.0
23.7	9.2	9.8	219.0	117.7	59.4	4	18.5
18.2	1.2	8.6	237.5	162.4	100.0	0	0.0
22.4	8.0	4.5	127.5	63.5	22.9	0	0.0
34.5	27.2	6.8	211.1	57.9	0.0	22	54.6
22.1	7.0	10.8	144.2	166.9	76.6	0	0.0
14.2	5.5	6.7	209.2	59.0	24.3	0	0.0
20.7	11.9	4.5	165.2	110.6	69.3	0	0.0
25.5	11.1	10.0	240.0	122.5	76.0	0	0.0
18.5	3.5	6.7	198.3	173.9	100.0	0	0.0
29.7	27.2	3.3	59.6	61.5	23.1	72	85.3
35.5	27.1	6.0	205.5	66.2	34.9	0	0.0
32.2	14.5	8.0	282.1	177.4	61.5	0	0.0
25.8	7.8	5.4	146.7	178.0	77.1	0	0.0
30.4	16.5	5.5	316.5	99.5	39.6	0	0.0
29.5	16.7	6.1	215.0	187.2	96.9	0	0.0
32.7	28.8	7.4	227.8	66.4	17.0	39	98.4
30.2	15.3	8.0	255.8	191.8	72.9	0	0.0
19.0	9.7	11.4	180.9	68.8	34.4	1	4.3
18.6	11.2	14.8	328.8	110.8	44.1	7	44.2
19.4	4.7	8.8	310.0	189.1	82.3	0	0.0
18.9	8.0	3.5	91.9	200.7	67.2	0	0.0
28.5	20.4	8.4	241.8	78.2	19.8	3	7.7
13.3	0.2	12.2	320.4	209.2	100.0	0	0.0
02	28	2015
23.3	10.0	5.7	169.2	183.7	44.3	0	0.0
17.0	11.2	10.7	228.8	113.3	50.6	46	274.9
11.2	1.7	3.9	133.2	213.2	96.9	0	0.0
26.1	19.0	5.2	142.8	77.7	4.8	2	2.5
24.6	15.0	11.0	281.7	169.1	46.9	4	9.3
12.4	3.5	6.8	212.9	147.0	80.2	0	0.0
23.1	16.5	3.9	123.7	82.6	11.5	1	5.9
26.3	22.1	6.7	120.7	82.5	0.0	8	42.1
18.3	13.3	13.0	134.3	115.4	9.7	9	65.3
26.0	17.3	10.8	171.0	96.0	31.2	0	0.0
21.7	8.1	7.5	211.9	245.1	97.4	0	0.0
23.5	14.7	5.6	178.7	102.1	25.8	0	1.3
9.2	2.0	11.1	273.8	254.1	100.0	0	0.0
11.5	8.3	3.7	103.4	132.6	37.0	8	48.0
12.3	4.8	15.2	330.0	205.6	66.7	0	0.0
8.5	0.0	9.0	254.6	265.8	99.0	0	0.0
13.0	3.1	4.9	153.2	122.7	32.3	0	0.0
16.1	7.5	3.3	104.4	273.6	70.5	0	0.0
16.4	6.7	10.9	235.9	161.8	53.1	0	0.0
9.4	3.0	9.2	256.7	282.0	96.9	0	0.0
17.9	14.0	6.3	130.0	200.7	55.8	30	82.8
32.2	27.1	3.1	111.8	234.5	44.8	3	7.5
16.8	3.9	10.5	321.7	286.9	75.0	0	0.0
9.8	2.8	6.0	159.8	298.9	76.2	0	0.0
22.6	7.4	7.0	226.3	303.3	88.3	0	0.0
20.1	7.9	7.5	224.0	112.7	31.6	0	0.0
19.5	1.8	7.0	298.8	312.3	93.8	0	0.0
18.2	1.3	4.7	242.5	316.9	100.0	0	0.0
03	31	2015
18.9	14.2	3.4	110.7	141.3	42.9	27	108.1
29.8	16.1	9.3	242.5	257.0	41.7	0	0.0
23.9	11.9	6.4	169.9	257.4	70.8	37	134.0
38.9	32.8	8.3	202.7	274.7	25.0	6	2.5
27.4	12.3	8.5	318.7	121.5	17.7	2	1.7
18.4	2.8	7.6	207.9	344.7	100.0	0	0.0
25.9	11.8	6.9	184.6	321.3	74.0	0	0.0
32.3	20.2	5.0	130.6	210.4	45.3	0	0.0
34.5	19.7	4.6	131.7	356.8	89.6	0	0.0
36.7	27.9	4.3	95.1	310.6	64.6	6	0.0
45.2	31.8	7.0	213.3	368.8	92.8	1	0.0
38.2	10.6	11.7	322.5	373.7	93.8	0	0.0
32.2	10.8	6.5	180.0	328.3	81.2	0	0.0
36.4	33.5	4.9	212.0	134.2	10.4	43	11.4
38.1	26.7	11.0	285.4	137.1	10.4	0	0.0
38.8	21.4	6.8	228.8	372.6	91.7	0	0.0
38.6	24.7	9.3	233.7	202.3	33.3	5	0.0
28.3	2.9	14.2	310.0	357.6	86.5	0	0.0
29.0	2.3	9.1	292.5	407.9	100.0	0	0.0
26.6	15.1	3.5	98.6	239.3	45.3	6	28.3
35.0	27.4	6.0	222.2	201.1	18.8	10	27.5
29.7	6.5	11.8	312.5	404.8	88.5	0	0.0
24.7	1.5	10.7	303.3	427.4	100.0	0	0.0
29.1	9.8	5.4	234.2	432.2	100.0	0	0.0
34.4	22.7	5.2	109.0	379.1	62.5	6	0.0
42.9	41.4	5.8	128.3	154.6	6.7	17	0.0
41.5	33.5	6.4	286.8	201.5	3.1	11	0.0
33.3	26.9	9.2	290.6	158.0	0.0	7	14.6
33.5	8.3	8.5	212.1	456.1	74.0	0	0.0
38.8	27.2	8.6	210.8	186.0	30.7	2	0.0
39.1	27.3	8.4	206.1	284.6	52.4	2	0.0
04	30	2015
38.4	10.7	7.3	209.2	470.1	99.7	0	0.0
45.7	25.0	9.4	149.6	470.7	76.0	0	0.0
52.5	46.2	6.9	158.8	192.0	32.3	7	0.0
45.8	27.4	9.8	250.7	408.2	70.1	17	0.0
38.5	27.1	7.9	218.1	215.2	34.4	8	0.0
45.6	34.7	5.5	133.6	469.4	81.2	0	0.0
43.5	37.2	7.3	183.1	175.1	4.2	12	0.0
39.1	31.9	7.9	68.2	176.0	0.0	5	5.6
37.4	33.5	7.9	90.8	177.6	0.0	1	0.0
44.6	42.8	5.3	135.7	179.2	11.1	25	0.0
47.8	31.4	8.5	242.6	448.2	82.3	0	0.0
50.1	28.9	5.2	140.0	520.9	100.0	0	0.0
54.1	35.6	10.0	157.9	525.3	100.0	0	0.0
57.9	35.5	7.3	251.1	436.9	65.6	1	0.0
55.6	24.3	8.1	196.7	534.0	100.0	0	0.0
51.0	24.0	8.6	169.2	538.2	100.0	0	0.0
57.0	48.8	8.8	206.5	204.5	33.9	6	0.0
61.2	37.4	8.3	204.2	513.8	88.0	0	0.0
51.2	32.0	8.4	150.4	550.7	100.0	0	0.0
49.5	45.4	7.9	131.9	194.2	16.7	74	0.0
54.9	42.4	7.8	223.3	311.3	37.5	10	0.0
52.6	37.0	11.3	167.1	499.1	67.7	9	0.0
42.7	26.7	10.0	261.9	215.5	13.2	0	0.0
40.7	20.3	10.9	302.1	217.1	19.8	0	0.0
47.0	24.0	7.8	262.9	547.6	83.3	0	0.0
49.2	30.4	6.3	190.4	202.3	17.7	0	0.0
53.1	34.2	10.1	310.8	207.2	9.4	0	0.0
55.2	33.3	9.4	249.8	502.5	72.9	0	0.0
55.8	37.0	8.9	209.6	473.6	78.1	0	0.0
53.1	39.2	6.8	140.8	435.4	51.0	0	0.0
05	31	2015
53.5	38.9	7.6	140.2	226.9	10.4	0	0.0
54.0	40.0	7.1	159.6	590.4	92.7	0	0.0
60.2	40.3	7.0	171.2	543.1	84.4	0	0.0
66.4	42.9	10.4	186.2	603.1	97.9	0	0.0
70.4	49.4	6.8	121.2	510.3	71.9	0	0.0
63.0	36.8	6.9	112.9	463.4	79.2	0	0.0
64.0	40.8	8.1	159.6	616.0	100.0	0	0.0
68.8	51.3	7.3	172.7	619.1	96.9	0	0.0
64.2	56.3	8.6	163.6	377.0	9.9	0	0.0
72.9	62.4	9.5	184.6	607.4	66.2	0	0.0
73.5	64.6	11.1	174.8	573.0	69.3	0	0.0
74.1	57.7	11.5	234.8	549.0	43.2	1	0.0
59.0	39.7	9.2	271.7	317.0	40.6	0	0.0
57.7	34.0	7.5	175.1	636.8	95.7	0	0.0
60.2	39.4	7.5	168.8	639.6	96.9	0	0.0
62.8	55.0	6.7	180.3	357.1	27.1	5	0.0
73.0	57.7	6.2	152.9	549.6	81.2	0	0.0
65.7	53.1	10.1	147.0	463.5	28.6	0	0.0
62.2	56.4	8.2	180.3	377.1	26.5	34	0.0
55.9	37.6	9.4	314.2	582.9	80.2	0	0.0
56.2	37.5	7.8	162.5	562.0	62.5	0	0.0
61.8	36.3	8.0	243.3	598.2	70.8	0	0.0
55.2	27.7	9.1	252.1	659.5	100.0	0	0.0
64.9	43.0	8.8	192.9	661.7	100.0	0	0.0
70.5	54.7	9.8	181.7	549.6	78.1	0	0.0
72.8	58.6	10.7	183.3	561.7	80.2	0	0.0
72.4	63.5	10.4	180.4	587.2	70.6	5	0.0
71.5	62.2	9.3	214.2	468.1	48.4	0	0.0
70.2	56.4	6.8	152.5	671.5	100.0	0	0.0
71.6	61.1	10.7	189.7	602.2	70.1	0	0.0
64.2	59.8	8.3	178.4	276.5	2.7	61	0.0
06	30	2015
50.8	48.2	8.0	89.3	236.8	0.0	131	0.0
50.9	46.3	8.3	130.8	246.1	16.7	25	0.0
56.4	46.5	7.6	133.5	670.1	83.6	0	0.0
59.2	48.4	8.0	153.8	558.8	56.1	0	0.0
62.9	51.6	7.2	149.6	640.6	70.8	0	0.0
65.5	48.5	8.8	120.8	579.5	66.7	0	0.0
61.8	45.2	8.6	164.6	684.7	100.0	0	0.0
66.5	54.9	11.2	187.5	545.3	41.1	0	0.0
69.1	62.5	9.1	182.3	409.3	41.1	1	0.0
70.8	58.2	8.0	191.7	617.8	87.5	0	0.0
77.5	61.5	9.7	220.0	662.7	79.2	0	0.0
76.4	61.0	6.6	163.8	689.6	86.5	0	0.0
75.6	59.4	8.2	216.6	649.4	79.7	0	0.0
72.7	58.3	7.4	139.6	690.3	89.6	0	0.0
63.9	60.5	8.1	135.8	242.1	0.0	95	0.0
69.5	62.4	6.6	171.3	346.4	28.5	0	0.0
67.8	53.8	7.9	151.7	670.2	94.8	0	0.0
65.9	55.4	7.7	166.2	316.7	22.9	0	0.0
73.8	59.2	7.2	287.4	513.9	35.2	0	0.0
64.8	53.9	7.0	103.7	272.7	14.6	4	0.0
72.3	66.5	7.5	252.9	428.4	37.4	43	0.0
76.3	62.0	7.2	231.7	639.6	89.6	0	0.0
76.1	67.4	8.7	202.4	588.8	72.5	13	0.0
73.2	55.7	7.6	261.7	614.7	87.5	0	0.0
72.3	55.9	8.5	166.0	638.3	69.3	0	0.0
70.1	57.1	7.1	264.2	553.7	55.2	0	0.0
63.1	54.7	7.0	136.7	521.9	55.2	36	0.0
59.2	56.7	8.4	146.2	242.5	0.0	47	0.0
66.5	57.6	8.3	186.8	277.8	19.8	1	0.0
71.6	59.8	8.3	149.4	609.1	64.1	0	0.0
07	31	2015
74.9	64.2	9.2	205.8	518.7	42.2	5	0.0
71.2	58.3	7.2	181.7	645.5	89.6	0	0.0
69.9	52.6	6.3	114.2	690.2	100.0	0	0.0
66.5	59.3	6.5	152.4	434.7	71.0	1	0.0
72.4	59.3	6.5	188.8	644.4	91.7	0	0.0
73.8	64.1	7.1	149.0	671.6	87.8	0	0.0
76.0	69.6	9.3	157.1	393.8	29.5	1	0.0
78.0	68.2	6.8	171.7	483.9	55.2	5	0.0
70.0	61.5	6.7	96.7	275.4	21.4	4	0.0
74.3	61.5	8.4	217.9	588.5	55.2	3	0.0
75.3	59.6	5.3	139.4	651.5	91.0	0	0.0
77.1	63.5	6.6	154.2	674.5	97.4	0	0.0
75.2	65.0	7.5	141.2	666.5	94.8	0	0.0
74.4	68.8	8.7	144.8	399.0	17.9	12	0.0
75.8	65.5	8.6	130.8	561.2	42.0	0	0.0
68.2	51.0	7.5	164.6	674.8	89.6	0	0.0
70.1	58.1	7.3	149.6	614.4	85.4	0	0.0
74.4	67.1	8.9	180.2	320.7	12.3	1	0.0
81.6	72.4	7.2	171.7	666.4	76.7	0	0.0
83.5	68.8	6.4	211.2	527.5	77.1	0	0.0
77.2	64.2	7.5	169.5	643.8	84.1	43	0.0
73.9	54.3	7.9	247.5	640.2	93.8	0	0.0
72.5	54.6	6.2	187.5	614.1	82.3	0	0.0
71.7	56.0	4.9	110.1	533.2	72.9	3	0.0
71.2	60.5	4.1	101.2	544.6	76.0	0	0.0
74.2	65.5	6.6	159.7	475.0	42.4	3	0.0
76.8	67.2	6.2	157.5	525.7	68.8	0	0.0
80.6	65.9	4.3	159.3	616.9	83.6	0	0.0
81.6	67.0	3.4	108.3	642.3	97.9	0	0.0
78.8	72.8	6.2	155.9	405.8	43.4	11	0.0
78.1	62.5	4.7	159.5	632.5	89.8	0	0.0
08	31	2015
77.1	61.5	5.4	190.0	589.2	78.1	0	0.0
75.7	59.9	5.8	145.0	540.3	84.4	0	0.0
79.5	65.5	9.8	188.3	621.2	95.8	0	0.0
78.8	65.2	6.7	156.7	543.9	56.2	3	0.0
74.8	58.0	5.5	214.6	566.3	88.5	0	0.0
71.3	55.0	4.1	164.2	551.0	86.5	0	0.0
71.6	57.4	4.3	89.2	514.6	76.0	0	0.0
71.8	57.7	4.9	112.5	607.8	93.8	0	0.0
71.6	58.4	6.4	165.4	500.9	79.2	0	0.0
72.7	60.4	6.9	172.3	531.8	55.7	0	0.0
71.4	68.6	6.6	165.5	213.8	8.3	54	0.0
74.9	60.9	5.4	225.0	500.8	77.1	0	0.0
72.6	57.0	4.3	179.6	543.0	85.4	0	0.0
73.9	59.3	4.3	112.1	600.7	100.0	0	0.0
78.0	64.8	4.7	151.9	579.9	83.5	35	0.0
77.6	67.8	3.5	121.8	525.4	74.7	0	0.0
79.9	69.9	3.6	92.5	493.0	81.8	0	0.0
79.9	69.0	5.9	147.8	570.1	93.1	0	0.0
78.4	69.8	6.8	157.9	455.7	62.2	0	0.0
77.3	68.9	6.8	117.4	503.0	70.8	0	0.0
72.8	69.0	2.8	130.8	254.6	30.7	17	0.0
73.6	61.0	5.0	140.0	565.5	92.7	0	0.0
73.3	66.5	5.9	108.1	253.3	22.6	0	0.0
76.2	67.8	4.7	114.6	483.6	57.1	0	0.0
77.0	69.8	6.5	139.4	434.5	49.3	1	0.0
73.0	56.7	5.5	260.8	524.4	90.6	0	0.0
69.4	56.0	5.0	167.5	396.2	71.9	0	0.0
69.3	56.0	2.6	107.5	439.2	66.7	0	0.0
70.8	57.6	3.8	134.2	527.2	92.7	0	0.0
75.8	64.3	3.2	103.6	412.7	67.8	0	0.0
79.5	66.4	4.9	206.7	533.0	93.8	0	0.0
09	30	2015
76.4	62.1	3.5	68.3	531.6	100.0	0	0.0
78.0	64.1	5.0	195.4	524.5	99.0	0	0.0
78.9	66.8	4.7	170.8	523.0	99.0	0	0.0
75.2	61.9	7.2	77.1	453.3	58.9	0	0.0
69.4	54.8	4.4	87.5	514.3	100.0	0	0.0
71.1	57.9	4.7	105.1	509.9	97.7	0	0.0
77.3	63.1	7.6	185.8	501.6	97.9	0	0.0
82.1	67.4	6.1	179.6	436.8	88.5	0	0.0
80.5	70.2	8.2	185.8	463.6	79.2	0	0.0
71.9	67.7	7.1	118.2	225.5	29.2	74	0.0
67.9	61.6	6.9	103.4	351.5	45.1	6	0.0
67.9	62.6	4.6	118.6	389.0	34.6	19	0.0
67.8	62.1	3.8	91.7	213.6	11.5	15	0.0
63.0	52.8	3.0	70.0	248.6	62.5	0	0.0
68.3	54.8	4.0	142.9	468.5	100.0	0	0.0
69.5	59.5	2.5	83.6	463.7	99.1	0	0.0
71.9	60.6	3.5	88.8	458.9	99.6	0	0.0
71.6	60.8	4.3	120.8	452.0	98.6	0	0.0
71.4	63.4	5.0	134.9	336.6	57.3	0	0.0
68.3	52.9	10.0	179.8	426.7	78.7	0	0.0
61.3	42.4	7.4	60.4	439.7	99.0	0	0.0
62.1	48.7	7.6	112.9	416.1	91.7	0	0.0
62.2	50.9	4.1	43.8	429.9	99.5	0	0.0
65.0	54.3	4.8	97.5	405.8	88.5	0	0.0
62.4	52.2	4.3	72.1	417.8	93.8	0	0.0
59.7	48.1	4.1	59.4	361.4	79.2	0	0.0
58.1	48.2	3.0	42.7	407.2	92.2	0	0.0
65.7	59.4	2.9	75.9	333.3	63.5	0	0.0
72.7	68.2	4.7	101.1	214.2	13.8	13	0.0
70.4	65.0	10.7	227.5	151.9	2.4	127	0.0
10	31	2015
57.2	47.9	13.0	107.1	189.2	35.9	10	0.0
50.7	42.8	12.5	62.1	185.9	18.8	23	0.0
50.3	43.5	12.6	33.1	134.1	0.0	10	0.0
53.6	41.0	11.6	29.6	365.5	61.8	0	0.0
52.7	43.5	6.3	85.4	279.5	77.1	0	0.0
55.9	47.4	1.9	28.1	355.6	94.4	0	0.0
58.1	50.2	2.9	127.7	347.0	87.2	0	0.0
56.8	49.0	3.2	78.3	298.9	64.8	0	0.0
62.5	57.5	6.6	156.0	174.3	21.5	7	0.0
54.0	42.2	5.1	169.6	350.2	86.5	0	0.0
55.6	45.2	5.9	160.8	345.6	99.0	0	0.0
59.5	50.3	3.5	99.7	340.9	97.8	0	0.0
62.5	56.8	4.5	126.7	217.3	46.4	3	0.0
58.5	46.3	5.7	230.0	232.9	80.2	0	0.0
52.0	40.1	4.5	159.2	321.6	96.9	0	0.0
53.9	40.4	7.0	235.4	227.7	60.4	0	0.0
45.7	30.6	7.2	238.1	201.1	55.6	0	0.0
37.4	23.7	5.7	178.3	196.5	67.2	0	0.0
39.5	23.9	4.7	113.8	309.1	77.7	0	0.0
56.6	37.9	6.8	172.1	301.6	70.8	0	0.0
61.6	48.1	1.6	54.2	298.8	70.8	0	0.0
62.3	50.4	6.7	163.5	290.3	78.2	0	0.0
48.5	30.7	10.5	177.5	291.5	100.0	0	0.0
43.7	34.1	2.1	68.3	284.3	85.4	0	0.0
54.9	46.5	6.3	227.8	125.3	28.8	5	0.0
44.6	34.9	1.7	28.1	278.7	96.7	0	0.0
43.8	35.7	0.9	15.8	274.5	100.0	0	0.0
53.4	49.7	7.8	102.0	94.6	27.1	49	0.0
66.5	49.2	11.0	222.9	230.4	58.9	41	0.0
51.5	31.9	8.9	287.1	234.8	90.6	0	0.0
45.4	33.8	4.0	123.8	258.3	97.9	0	0.0
11	30	2015
54.4	46.1	5.2	155.8	133.9	59.4	0	0.0
51.5	42.5	1.9	82.2	250.5	95.8	0	0.0
54.0	42.3	1.7	52.5	246.7	93.9	0	0.0
54.2	44.3	2.6	82.1	243.0	99.7	0	0.0
62.1	57.4	4.9	143.2	83.8	1.0	0	0.0
67.0	61.8	9.0	196.4	152.6	37.7	0	0.0
57.8	40.9	7.4	302.9	188.1	80.2	0	0.0
48.3	32.4	5.7	213.8	194.0	88.5	0	0.0
45.1	33.9	2.5	86.7	225.6	96.2	0	0.0
46.6	40.3	6.2	143.5	100.2	22.4	30	0.0
47.7	43.8	11.2	190.8	76.7	0.0	18	0.0
51.8	49.5	6.0	144.7	75.5	4.9	8	0.0
53.1	35.4	10.2	254.2	116.8	51.0	0	0.0
42.8	26.5	11.4	284.6	174.7	61.5	0	0.0
45.9	30.5	5.7	191.2	206.8	93.8	0	0.0
49.4	33.6	4.7	179.6	204.0	100.0	0	0.0
38.2	24.1	3.9	41.7	201.2	100.0	0	0.0
40.4	32.3	2.9	88.5	89.1	26.6	0	0.0
55.7	50.3	8.1	120.5	68.6	0.0	39	0.0
53.8	37.3	8.5	279.4	193.4	71.9	24	0.0
42.2	27.0	3.7	121.7	190.9	83.3	0	0.0
45.2	33.3	6.5	191.6	135.4	23.6	6	0.0
37.1	13.5	9.8	322.5	186.1	100.0	0	0.0
33.1	19.8	2.6	106.7	165.6	86.5	0	0.0
35.3	25.7	0.8	27.9	170.6	77.1	0	0.0
46.3	38.7	2.6	78.5	116.6	45.8	0	0.0
56.1	49.2	7.6	181.7	171.0	65.5	0	0.0
49.8	43.6	6.2	172.1	61.4	14.6	9	0.0
37.6	26.3	7.4	132.3	173.5	94.8	0	0.0
33.5	22.3	5.0	96.2	68.8	28.1	0	0.0
12	31	2015
36.3	31.4	5.7	123.1	59.5	14.6	21	0.0
42.2	41.1	2.2	63.9	58.9	7.3	17	0.0
46.0	33.7	10.1	258.7	78.7	36.5	0	0.0
44.5	30.2	7.1	277.9	129.1	35.4	0	0.0
39.8	32.0	1.6	55.8	163.6	99.0	0	0.0
39.4	31.8	2.9	84.2	162.2	94.3	0	0.0
40.9	30.9	2.4	130.2	156.4	90.9	0	0.0
40.9	31.0	6.7	100.8	145.0	51.0	0	0.0
42.1	34.9	1.7	50.0	55.5	11.6	0	0.0
50.0	44.7	1.4	67.6	146.1	58.2	1	0.0
49.2	44.9	4.7	129.7	136.4	75.6	0	0.0
52.4	41.5	2.6	91.7	138.2	67.7	0	0.0
52.6	41.4	3.9	66.1	54.1	2.1	0	0.0
54.4	50.6	3.4	96.5	54.4	0.5	17	0.0
56.2	43.8	10.3	291.0	64.5	27.1	7	0.0
45.1	33.4	5.9	193.8	142.0	62.5	0	0.0
46.3	44.4	3.0	155.9	53.2	0.0	35	0.0
44.6	34.6	7.4	258.9	55.4	14.6	0	0.0
36.9	16.9	9.8	272.5	129.0	46.9	0	0.0
37.0	19.5	6.9	237.9	144.2	62.5	0	0.0
45.0	30.5	8.2	191.7	148.1	71.9	0	0.0
53.8	49.4	5.7	150.2	52.7	25.0	10	0.0
48.2	47.0	2.8	105.2	67.5	31.8	65	0.0
57.7	56.1	4.6	137.6	81.5	41.5	4	0.0
52.5	47.3	1.1	22.8	150.5	62.6	0	0.0
49.9	34.6	5.1	104.2	114.2	49.0	0	0.0
50.4	45.2	6.0	169.8	52.8	5.7	15	0.0
35.5	17.8	11.0	179.9	147.5	56.6	0	0.0
32.2	29.0	8.3	183.1	53.1	0.0	51	129.5
33.0	30.6	4.4	69.4	53.2	4.2	4	11.2
38.8	31.8	4.2	184.4	85.2	11.3	2	4.4
