01	31	2004
63.4	58.2	7.0	95.2	264.5	100.0	0	0.0
67.6	65.0	8.1	144.8	242.5	100.0	0	0.0
68.5	63.7	7.9	124.9	266.2	100.0	0	0.0
70.5	65.6	10.5	147.2	267.1	100.0	1	0.0
52.2	48.8	9.5	290.9	268.2	100.0	35	0.0
39.3	26.2	9.9	269.0	269.3	100.0	0	0.0
40.5	17.8	5.7	40.0	270.5	100.0	0	0.0
45.9	39.9	8.0	86.7	271.6	100.0	64	0.0
47.3	42.3	7.7	290.9	273.2	100.0	8	0.0
41.1	29.3	6.2	244.3	228.4	100.0	0	0.0
40.1	29.0	2.7	35.8	276.2	100.0	0	0.0
47.5	40.1	2.7	67.4	241.3	100.0	0	0.0
54.9	46.8	2.0	59.8	232.7	100.0	0	0.0
58.5	51.0	5.0	129.3	245.6	100.0	0	0.0
57.5	50.4	3.6	102.7	283.1	100.0	0	0.0
57.3	45.2	9.6	75.7	285.0	100.0	0	0.0
59.8	57.2	9.4	107.9	287.0	100.0	6	0.0
58.6	51.5	9.9	210.7	289.1	100.0	0	0.0
42.2	28.7	8.7	302.7	291.3	100.0	0	0.0
37.6	23.4	3.6	125.6	293.5	100.0	0	0.0
42.5	26.0	2.6	66.1	256.7	100.0	0	0.0
45.2	32.1	3.0	107.8	298.1	100.0	0	0.0
51.0	40.3	4.4	115.4	300.6	100.0	0	0.0
59.8	56.8	7.8	133.3	303.1	100.0	6	0.0
64.7	57.2	12.1	193.6	305.7	100.0	44	0.0
58.5	48.6	6.8	153.8	308.3	100.0	0	0.0
38.9	22.6	9.8	301.2	311.0	100.0	0	0.0
37.3	20.4	2.4	17.1	313.8	100.0	0	0.0
43.4	37.6	5.8	78.5	316.6	100.0	19	0.0
52.8	51.6	7.3	55.8	319.5	100.0	112	0.0
50.0	39.0	8.3	58.5	322.4	100.0	0	0.0
02	29	2004
54.2	43.4	8.6	79.6	325.5	100.0	0	0.0
54.4	50.4	8.1	207.3	328.5	100.0	23	0.0
46.3	30.0	6.2	102.9	331.6	100.0	0	0.0
48.6	41.3	11.9	85.2	334.8	100.0	46	0.0
63.4	62.3	12.2	189.4	338.1	100.0	296	0.0
47.7	43.3	8.5	304.8	341.3	100.0	0	0.0
40.8	29.1	7.6	262.6	344.6	100.0	0	0.0
36.7	26.6	5.1	58.5	305.9	100.0	0	0.0
53.4	45.8	7.8	109.3	351.4	100.0	0	0.0
55.6	55.5	7.0	66.3	354.9	100.0	64	0.0
54.6	54.4	10.3	97.6	358.4	100.0	128	0.0
47.1	44.5	8.9	136.9	361.9	100.0	14	0.0
44.3	42.2	6.6	34.1	365.5	100.0	28	0.0
44.7	43.9	10.3	167.7	369.1	100.0	11	0.0
43.9	36.1	10.3	230.4	372.8	100.0	0	0.0
43.6	36.2	3.6	121.9	376.4	100.0	0	0.0
44.0	38.6	2.1	85.4	380.1	100.0	1	0.0
46.4	34.4	2.3	55.2	362.6	100.0	0	0.0
53.1	44.3	8.7	136.7	387.6	100.0	0	0.0
62.8	55.6	7.7	176.0	391.4	100.0	0	0.0
58.4	40.9	5.8	71.2	395.2	100.0	0	0.0
58.4	39.3	7.1	90.4	399.1	100.0	0	0.0
54.6	54.0	10.5	79.4	402.9	100.0	140	0.0
55.5	55.4	8.1	52.4	406.8	100.0	94	0.0
52.1	51.2	7.1	206.2	410.7	100.0	12	0.0
44.8	41.5	7.8	290.9	414.6	100.0	0	0.0
50.1	39.3	5.0	63.1	418.4	100.0	0	0.0
51.0	44.6	7.8	94.6	422.4	100.0	0	0.0
62.4	55.3	11.9	116.1	364.4	100.0	0	0.0
03	31	2004
69.0	64.3	12.3	160.8	430.2	100.0	0	0.0
72.4	65.4	9.1	153.3	434.1	100.0	0	0.0
70.8	65.7	9.0	121.5	438.1	100.0	0	0.0
72.4	66.7	13.3	137.2	442.0	100.0	0	0.0
73.6	70.4	15.2	177.8	445.9	100.0	12	0.0
69.1	57.2	6.2	184.7	449.8	100.0	23	0.0
65.2	49.7	3.8	123.1	453.7	100.0	0	0.0
59.0	33.9	5.4	98.9	457.6	100.0	0	0.0
60.0	37.8	8.2	187.9	461.5	100.0	0	0.0
53.1	34.9	6.0	82.5	465.4	100.0	0	0.0
54.6	40.2	2.8	110.8	469.3	100.0	0	0.0
60.2	46.9	3.5	93.3	473.1	100.0	0	0.0
62.3	47.2	8.5	87.5	477.0	100.0	0	0.0
63.4	61.7	5.3	83.4	480.8	100.0	83	0.0
64.0	63.0	4.0	72.2	484.6	100.0	1	0.0
64.9	54.4	4.4	197.0	488.4	100.0	0	0.0
62.2	47.0	7.1	126.1	423.9	100.0	0	0.0
69.0	61.1	7.9	185.7	495.9	100.0	0	0.0
67.4	61.7	2.8	65.0	499.7	100.0	0	0.0
67.8	57.8	3.3	93.1	503.5	100.0	0	0.0
63.9	45.9	6.7	85.4	507.2	100.0	0	0.0
52.9	31.5	7.5	30.8	510.9	100.0	0	0.0
56.4	42.2	7.9	93.3	514.6	100.0	0	0.0
61.9	55.4	9.0	100.2	518.3	100.0	0	0.0
67.7	61.4	10.3	109.8	522.1	100.0	0	0.0
66.0	60.3	8.4	99.5	525.8	100.0	0	0.0
67.4	61.3	7.1	98.7	529.5	100.0	1	0.0
70.1	63.0	8.0	141.7	533.2	100.0	0	0.0
64.4	62.1	4.9	166.0	536.9	100.0	53	0.0
61.5	48.1	4.0	123.3	540.5	100.0	0	0.0
57.8	40.2	6.8	153.8	544.0	100.0	0	0.0
04	30	2004
55.9	44.0	2.7	67.5	547.6	100.0	0	0.0
62.4	49.5	5.2	49.0	551.1	100.0	0	0.0
63.3	49.0	4.0	99.6	554.6	100.0	0	0.0
63.0	45.9	3.4	92.6	525.0	100.0	0	0.0
58.3	41.1	6.1	66.7	487.5	100.0	0	0.0
64.2	53.5	6.4	91.5	564.7	100.0	30	0.0
68.3	63.8	4.6	161.1	568.0	100.0	0	0.0
66.8	60.4	6.1	206.0	571.3	100.0	0	0.0
68.0	57.6	2.5	78.8	574.5	100.0	0	0.0
69.2	60.2	5.1	110.8	577.7	100.0	0	0.0
61.4	59.6	8.3	172.5	580.9	100.0	18	0.0
51.6	51.0	8.5	296.9	584.0	100.0	4	0.0
50.2	40.6	9.9	282.7	587.0	100.0	0	0.0
52.8	40.1	4.8	185.2	571.0	100.0	0	0.0
57.4	44.6	5.7	127.9	593.0	100.0	0	0.0
60.9	52.3	5.9	124.7	596.0	100.0	0	0.0
63.3	55.6	4.7	103.5	598.8	100.0	0	0.0
64.3	56.8	7.0	114.8	521.8	100.0	0	0.0
70.1	58.7	6.3	130.1	604.5	100.0	0	0.0
70.7	61.3	9.8	161.5	607.2	100.0	0	0.0
73.2	62.1	11.0	152.3	609.9	100.0	0	0.0
76.7	64.5	11.5	151.9	612.5	100.0	0	0.0
77.1	68.6	8.8	123.4	615.1	100.0	0	0.0
74.8	67.3	10.8	147.1	617.7	100.0	22	0.0
70.0	67.5	7.4	100.0	620.2	100.0	145	0.0
69.8	59.7	4.9	170.1	616.1	100.0	0	0.0
66.2	49.6	3.5	140.8	625.0	100.0	0	0.0
67.3	52.2	8.0	95.4	627.4	100.0	0	0.0
71.4	65.0	7.7	90.6	629.7	100.0	3	0.0
66.1	64.8	7.6	102.1	632.0	100.0	306	0.0
05	31	2004
67.7	64.9	6.7	182.1	634.2	100.0	89	0.0
61.0	54.2	5.5	246.0	636.4	100.0	0	0.0
61.3	45.5	5.7	148.5	638.5	100.0	0	0.0
64.7	52.5	3.6	87.5	640.5	100.0	0	0.0
70.3	56.9	3.1	99.2	642.6	100.0	0	0.0
72.4	58.2	4.6	80.8	644.5	100.0	0	0.0
72.1	61.7	3.7	64.2	646.5	100.0	0	0.0
74.9	62.7	4.1	101.7	648.4	100.0	0	0.0
75.9	62.6	5.2	93.3	650.2	100.0	0	0.0
74.4	65.6	6.0	72.2	594.9	100.0	0	0.0
73.3	68.4	7.5	92.2	653.7	100.0	6	0.0
67.8	65.9	6.3	79.9	655.4	100.0	289	0.0
74.9	68.2	8.8	115.5	657.1	100.0	5	0.0
72.7	68.3	7.2	141.7	658.7	100.0	171	0.0
72.2	68.5	4.0	96.8	660.2	100.0	36	0.0
73.8	70.1	5.2	76.2	651.9	100.0	6	0.0
73.2	69.0	5.6	108.6	663.2	100.0	33	0.0
72.4	69.0	5.0	83.4	664.7	100.0	19	0.0
75.0	68.8	4.3	95.7	585.5	100.0	23	0.0
76.8	67.3	3.6	87.5	667.4	100.0	0	0.0
76.5	69.2	3.6	73.1	668.7	100.0	47	0.0
77.7	67.8	7.0	135.8	669.9	100.0	0	0.0
79.5	69.2	9.3	158.8	671.1	100.0	0	0.0
80.3	70.2	8.3	143.3	672.3	100.0	0	0.0
79.8	68.4	8.5	171.7	673.4	100.0	0	0.0
78.8	68.5	8.8	143.8	674.5	100.0	0	0.0
79.8	69.5	11.1	185.0	675.6	100.0	0	0.0
80.3	70.3	8.8	150.7	669.0	100.0	0	0.0
81.3	72.4	10.2	144.8	677.6	100.0	0	0.0
83.9	75.2	13.9	159.6	678.5	100.0	0	0.0
78.5	71.1	9.7	136.5	679.5	100.0	2	0.0
06	30	2004
76.2	71.2	6.6	93.6	680.3	100.0	62	0.0
78.5	72.5	7.1	138.0	599.8	100.0	0	0.0
76.2	70.7	5.6	157.9	681.9	100.0	79	0.0
79.0	70.0	2.9	91.8	682.6	100.0	1	0.0
75.5	68.7	4.5	85.8	683.3	100.0	25	0.0
75.3	69.8	5.2	90.1	684.0	100.0	8	0.0
77.4	70.8	5.7	96.9	684.6	100.0	0	0.0
80.2	73.9	6.2	85.0	685.1	100.0	5	0.0
81.3	72.8	5.8	77.1	685.7	100.0	0	0.0
81.0	73.3	4.9	109.4	686.1	100.0	31	0.0
83.7	73.2	6.8	172.5	686.6	100.0	0	0.0
81.8	74.4	3.7	102.2	687.0	100.0	15	0.0
82.1	73.5	4.1	78.7	687.4	100.0	0	0.0
76.2	72.6	4.2	78.1	687.7	100.0	25	0.0
80.7	73.0	7.1	151.9	688.0	100.0	0	0.0
81.4	75.2	7.8	139.4	688.2	100.0	30	0.0
83.0	75.0	5.3	135.8	688.4	100.0	0	0.0
84.2	75.0	3.9	152.9	688.5	100.0	0	0.0
83.5	75.2	3.5	162.5	688.7	100.0	0	0.0
80.7	73.0	4.1	176.8	688.7	100.0	0	0.0
79.1	73.7	3.2	94.3	688.8	100.0	1	0.0
77.5	72.8	5.9	108.4	688.8	100.0	29	0.0
77.4	73.2	4.8	121.0	644.2	100.0	93	0.0
75.2	73.2	5.8	109.3	688.7	100.0	78	0.0
72.6	71.3	3.0	100.8	688.5	100.0	136	0.0
73.2	70.9	3.0	44.8	678.5	100.0	60	0.0
76.4	72.0	5.3	78.3	688.2	100.0	15	0.0
76.3	72.3	4.2	80.0	688.0	100.0	30	0.0
76.3	72.7	3.8	56.7	687.7	100.0	28	0.0
79.2	73.9	4.7	68.7	687.4	100.0	6	0.0
07	31	2004
77.6	73.6	3.5	63.4	687.1	100.0	1	0.0
79.5	73.9	3.9	111.0	686.7	100.0	4	0.0
82.2	74.2	4.4	108.8	686.3	100.0	0	0.0
83.0	73.4	5.0	153.1	685.9	100.0	1	0.0
80.4	74.5	2.3	61.9	685.4	100.0	2	0.0
80.9	73.8	3.9	125.4	684.9	100.0	0	0.0
80.5	74.3	4.3	132.0	684.4	100.0	0	0.0
76.7	72.4	3.9	81.6	683.8	100.0	53	0.0
77.5	71.8	4.6	95.3	683.1	100.0	0	0.0
76.3	71.9	3.0	54.6	682.5	100.0	0	0.0
81.0	73.8	1.6	38.3	681.8	100.0	1	0.0
83.0	74.3	3.9	174.0	681.0	100.0	0	0.0
84.0	73.5	4.4	159.1	680.3	100.0	0	0.0
85.8	75.2	2.9	132.1	679.4	100.0	0	0.0
87.7	75.3	3.4	103.0	678.6	100.0	0	0.0
86.0	76.7	7.8	229.6	677.7	100.0	0	0.0
81.7	75.3	8.1	236.6	676.7	100.0	52	0.0
81.1	73.4	3.1	90.1	675.7	100.0	9	0.0
79.1	68.1	2.7	33.3	674.7	100.0	0	0.0
79.9	69.9	2.5	42.9	673.6	100.0	0	0.0
81.6	74.0	3.7	75.6	672.5	100.0	16	0.0
84.6	74.0	3.9	145.6	671.4	100.0	0	0.0
82.3	73.8	4.9	150.6	670.2	100.0	3	0.0
84.3	74.3	2.9	28.8	669.0	100.0	0	0.0
84.3	74.6	4.3	88.5	667.7	100.0	11	0.0
79.3	71.8	4.8	131.7	666.3	100.0	0	0.0
78.0	69.5	4.3	143.4	665.0	100.0	1	0.0
79.4	69.5	3.1	89.6	663.6	100.0	0	0.0
82.3	73.2	2.4	74.6	662.1	100.0	6	0.0
81.7	75.5	3.4	81.8	660.6	100.0	4	0.0
83.8	75.2	3.4	72.6	659.1	100.0	0	0.0
08	31	2004
84.1	74.6	4.2	58.3	657.5	100.0	0	0.0
84.5	73.3	3.2	37.0	596.7	100.0	0	0.0
82.6	70.8	3.1	17.5	654.2	100.0	0	0.0
83.9	71.1	1.6	69.8	652.4	100.0	0	0.0
84.0	74.7	5.1	157.9	537.2	100.0	1	0.0
79.1	67.1	5.0	128.8	648.8	100.0	0	0.0
78.2	64.0	5.7	43.3	647.0	100.0	0	0.0
82.6	68.6	6.7	49.6	645.1	100.0	0	0.0
82.0	73.2	5.2	32.9	643.1	100.0	13	0.0
82.5	71.5	4.1	149.2	641.1	100.0	0	0.0
81.0	72.1	4.5	69.0	558.9	100.0	63	0.0
73.8	66.0	4.8	93.1	557.5	100.0	38	0.0
70.7	53.3	5.6	107.7	634.8	100.0	0	0.0
69.7	55.2	4.8	23.8	632.6	100.0	0	0.0
71.4	56.0	5.2	22.7	630.4	100.0	0	0.0
74.2	58.4	3.3	18.8	628.1	100.0	0	0.0
75.2	60.3	3.0	87.7	625.8	100.0	0	0.0
78.0	64.6	2.9	77.8	618.4	100.0	0	0.0
81.7	72.6	5.9	103.2	621.0	100.0	11	0.0
78.8	74.3	7.7	137.2	618.5	100.0	35	0.0
81.7	72.9	5.7	147.7	616.0	100.0	0	0.0
83.0	73.6	4.8	149.8	613.5	100.0	0	0.0
82.6	74.0	3.5	105.2	541.0	100.0	0	0.0
83.9	74.3	6.1	122.6	608.2	100.0	0	0.0
82.7	75.6	5.1	94.6	605.5	100.0	6	0.0
83.1	74.4	4.9	124.6	602.8	100.0	0	0.0
81.2	73.9	3.6	51.1	523.2	100.0	0	0.0
81.2	72.3	3.4	66.7	597.1	100.0	2	0.0
76.6	71.8	4.5	83.1	594.3	100.0	62	0.0
79.1	68.9	3.7	60.4	591.4	100.0	1	0.0
78.2	66.7	3.4	50.2	588.4	100.0	0	0.0
09	30	2004
80.2	68.8	5.1	51.2	585.4	100.0	0	0.0
79.3	70.5	4.7	116.7	582.3	100.0	1	0.0
76.3	71.9	4.5	63.0	542.4	100.0	46	0.0
79.4	72.6	4.9	48.2	506.5	100.0	0	0.0
81.5	70.8	4.3	28.8	572.9	100.0	0	0.0
82.1	69.7	5.3	184.6	569.7	100.0	0	0.0
81.7	70.2	5.7	281.5	566.5	100.0	0	0.0
78.0	65.3	3.1	117.9	563.2	100.0	0	0.0
80.8	68.8	3.7	40.0	559.9	100.0	0	0.0
82.0	70.0	3.8	54.6	556.5	100.0	0	0.0
81.3	67.5	3.7	29.2	553.1	100.0	0	0.0
77.6	71.9	5.9	52.4	549.6	100.0	63	0.0
79.1	71.2	7.0	62.8	546.2	100.0	0	0.0
77.4	71.8	7.8	65.2	542.7	100.0	0	0.0
79.2	70.0	12.9	92.5	539.3	100.0	0	0.0
80.5	70.0	8.4	247.2	535.9	100.0	0	0.0
81.3	69.8	2.6	70.0	532.4	100.0	0	0.0
81.0	62.4	4.9	42.4	528.9	100.0	0	0.0
73.2	55.6	5.6	50.8	525.4	100.0	0	0.0
75.6	63.1	7.4	76.0	488.2	100.0	0	0.0
72.8	63.4	7.3	79.3	454.6	100.0	0	0.0
75.9	64.2	8.4	71.2	514.6	100.0	0	0.0
74.9	70.2	11.8	66.6	440.3	100.0	11	0.0
76.9	70.2	5.8	67.5	507.2	100.0	0	0.0
77.7	65.8	4.9	27.1	503.5	100.0	0	0.0
76.5	63.0	3.8	12.1	499.8	100.0	0	0.0
74.3	57.7	5.1	194.2	496.0	100.0	0	0.0
72.1	54.2	3.6	98.3	492.2	100.0	0	0.0
71.6	57.5	3.5	95.7	419.8	100.0	0	0.0
74.0	61.3	4.5	56.7	484.6	100.0	0	0.0
10	31	2004
75.1	66.4	3.9	88.2	480.8	100.0	0	0.0
77.4	68.7	3.0	99.6	476.9	100.0	0	0.0
78.6	67.7	2.8	100.8	473.0	100.0	0	0.0
75.5	67.0	4.1	115.4	469.1	100.0	64	0.0
73.2	67.0	4.4	58.2	465.2	100.0	0	0.0
76.2	68.6	7.6	73.5	461.3	100.0	0	0.0
73.4	71.5	6.9	84.9	391.6	100.0	36	0.0
71.7	70.3	10.0	78.8	453.4	100.0	287	0.0
71.2	69.8	11.1	86.6	449.5	100.0	229	0.0
72.0	70.5	9.8	112.6	445.5	100.0	50	0.0
71.8	65.8	6.7	217.3	441.6	100.0	0	0.0
68.0	61.7	7.0	255.7	437.6	100.0	0	0.0
67.5	58.3	4.7	148.1	433.6	100.0	0	0.0
63.2	57.2	5.1	179.4	366.6	100.0	2	0.0
60.4	48.4	4.7	105.4	425.8	100.0	0	0.0
69.2	59.2	5.7	142.1	363.4	100.0	0	0.0
73.2	65.2	7.3	130.8	418.1	100.0	0	0.0
77.6	72.1	11.5	148.9	414.2	100.0	1	0.0
80.9	74.1	13.8	193.7	410.4	100.0	0	0.0
80.5	74.0	6.5	198.8	406.6	100.0	0	0.0
78.7	72.2	3.4	143.4	402.8	100.0	0	0.0
77.4	71.9	3.2	79.5	399.0	100.0	0	0.0
77.0	70.0	7.2	136.6	395.2	100.0	0	0.0
76.3	72.3	4.0	119.8	391.4	100.0	3	0.0
75.2	71.1	2.0	60.9	373.8	100.0	2	0.0
75.5	67.9	3.8	81.2	384.0	100.0	0	0.0
76.4	69.0	4.2	98.3	326.6	100.0	0	0.0
73.8	66.7	4.6	99.7	376.6	100.0	0	0.0
74.0	66.2	7.2	125.8	373.0	100.0	0	0.0
75.7	68.4	6.3	153.5	369.4	100.0	0	0.0
73.3	69.4	6.8	97.0	353.5	100.0	0	0.0
11	30	2004
76.3	70.8	10.6	131.3	362.3	100.0	10	0.0
70.5	68.1	7.7	93.0	358.8	100.0	128	0.0
67.9	63.6	8.3	212.7	355.3	100.0	43	0.0
56.5	47.2	7.8	216.2	351.9	100.0	0	0.0
55.0	46.0	3.7	153.3	348.5	100.0	0	0.0
55.6	46.9	1.4	45.0	345.2	100.0	0	0.0
59.7	52.2	2.9	83.3	341.9	100.0	0	0.0
61.2	49.5	3.3	9.6	318.2	100.0	0	0.0
57.7	43.7	5.1	38.8	335.6	100.0	0	0.0
65.4	60.0	10.5	75.9	332.5	100.0	0	0.0
66.5	62.9	4.7	144.1	305.2	100.0	19	0.0
54.9	49.7	6.3	270.8	326.5	100.0	0	0.0
53.3	48.5	6.0	99.0	323.6	100.0	0	0.0
60.6	55.7	7.2	41.5	320.7	100.0	0	0.0
61.9	56.2	9.6	63.7	271.3	100.0	0	0.0
63.8	56.7	7.9	72.3	315.1	100.0	0	0.0
64.6	57.5	9.3	73.3	312.4	100.0	0	0.0
66.8	63.6	8.9	99.6	309.8	100.0	26	0.0
66.6	60.6	2.2	107.6	307.1	100.0	0	0.0
63.2	61.3	8.2	66.6	304.6	100.0	89	0.0
69.7	67.1	4.2	78.7	302.1	100.0	65	0.0
70.5	67.7	2.9	58.0	299.7	100.0	0	0.0
74.6	69.1	10.7	155.5	297.4	100.0	0	0.0
61.4	52.6	13.7	243.7	295.1	100.0	35	0.0
48.1	36.9	4.9	196.9	292.9	100.0	0	0.0
52.2	43.5	7.2	78.8	290.8	100.0	0	0.0
61.4	53.6	9.0	160.5	288.7	100.0	65	0.0
51.8	42.3	3.9	46.5	286.7	100.0	0	0.0
62.9	56.0	8.6	85.0	284.8	100.0	0	0.0
63.3	59.6	10.7	222.2	261.9	100.0	42	0.0
12	31	2004
44.8	37.0	5.0	146.7	281.1	100.0	0	0.0
48.0	40.8	1.2	27.5	279.4	100.0	0	0.0
47.8	39.4	3.8	75.8	277.8	100.0	5	0.0
54.9	47.3	4.7	67.4	276.2	100.0	0	0.0
66.5	63.5	7.8	107.4	274.8	100.0	1	0.0
74.1	69.0	12.3	156.2	273.3	100.0	0	0.0
63.4	54.3	6.4	172.9	272.0	100.0	23	0.0
59.2	54.1	6.8	66.5	270.8	100.0	26	0.0
69.7	60.9	11.5	199.4	269.6	100.0	85	0.0
58.2	40.9	10.2	259.6	268.5	100.0	0	0.0
48.3	35.4	6.1	209.8	267.5	100.0	0	0.0
55.3	45.1	7.3	120.8	266.6	100.0	0	0.0
55.9	37.4	7.3	260.9	265.7	100.0	0	0.0
39.3	21.4	6.4	259.6	265.0	100.0	0	0.0
36.7	22.9	4.3	54.8	264.3	100.0	0	0.0
49.3	36.4	7.9	57.5	263.7	100.0	0	0.0
50.5	39.0	4.1	46.7	263.2	100.0	0	0.0
47.7	36.6	2.9	121.2	262.7	100.0	0	0.0
47.4	31.0	7.0	229.4	262.4	100.0	0	0.0
43.3	28.2	7.1	101.7	262.1	100.0	0	0.0
59.3	49.2	9.0	101.4	215.3	100.0	0	0.0
59.4	54.4	10.3	169.2	261.8	100.0	44	0.0
32.6	25.1	10.0	325.6	226.7	100.0	0	0.0
30.7	19.3	7.8	268.3	261.9	100.0	0	0.0
33.1	19.8	4.8	276.9	262.0	100.0	0	0.0
38.0	24.5	2.1	116.3	227.3	100.0	0	0.0
42.8	28.5	2.2	21.0	262.6	100.0	0	0.0
47.4	35.4	4.8	65.8	262.9	100.0	0	0.0
56.2	48.4	4.2	68.5	263.4	100.0	0	0.0
60.5	52.9	7.7	91.7	264.0	100.0	0	0.0
62.1	58.0	7.2	75.9	264.6	77.1	1	0.0
