01	31	2016
45.6	36.6	12.1	37.5	192.8	43.2	7	0.0
46.4	34.5	8.2	56.2	210.2	59.4	0	0.0
48.7	36.7	4.5	257.9	219.6	57.3	1	0.0
47.3	33.6	8.3	113.1	271.9	100.0	0	0.0
40.0	32.3	7.8	57.7	272.9	100.0	0	0.0
51.5	44.8	10.1	94.2	158.6	68.8	0	0.0
58.4	54.9	5.1	111.2	217.1	47.2	78	0.0
58.7	57.4	10.2	124.5	132.8	31.6	50	0.0
55.9	48.5	10.6	280.1	232.9	36.9	2	0.0
43.7	31.7	10.1	274.8	275.1	69.8	0	0.0
41.8	32.7	3.9	57.7	217.7	87.5	0	0.0
45.0	34.9	1.9	90.8	282.1	100.0	0	0.0
47.0	37.8	2.5	70.4	283.8	100.0	0	0.0
50.7	48.2	5.1	71.2	180.3	68.5	5	0.0
57.0	48.9	5.5	205.6	232.3	67.3	0	0.0
50.0	42.0	7.9	157.6	253.3	64.6	12	0.0
44.9	34.7	5.6	168.3	291.4	87.3	0	0.0
44.2	33.9	2.6	85.0	293.4	100.0	0	0.0
50.6	43.9	7.4	109.2	257.2	83.3	0	0.0
59.6	55.1	4.6	142.8	212.0	37.7	0	0.0
60.0	56.1	12.4	216.5	208.9	28.1	6	0.0
43.5	33.0	14.4	326.5	170.4	46.5	0	0.0
41.9	29.2	5.4	219.2	304.9	100.0	0	0.0
46.1	40.3	8.6	117.6	295.8	87.8	0	0.0
61.8	56.9	7.7	146.0	173.4	28.6	0	0.0
52.0	48.2	11.2	44.1	152.4	27.7	60	0.0
46.3	33.3	12.9	129.4	315.3	94.8	0	0.0
47.4	33.5	5.5	264.2	318.1	100.0	0	0.0
54.5	43.9	5.1	191.2	320.9	100.0	0	0.0
61.1	55.6	7.5	172.3	252.4	65.8	0	0.0
66.5	61.7	8.4	187.6	261.7	55.2	0	0.0
02	29	2016
68.3	65.4	8.8	161.1	234.1	48.3	0	0.0
66.7	60.1	7.3	212.7	194.0	30.5	0	0.0
53.6	34.6	8.5	196.0	223.2	65.1	0	0.0
45.9	25.5	10.8	256.9	339.1	100.0	0	0.0
42.4	26.6	3.4	67.5	342.3	100.0	0	0.0
43.6	36.8	5.5	99.8	218.4	55.7	1	0.0
44.6	35.2	4.4	145.0	348.1	95.4	0	0.0
51.0	23.8	11.2	281.2	352.2	100.0	0	0.0
50.6	21.0	10.0	310.8	355.6	100.0	0	0.0
48.6	31.7	4.9	170.0	359.1	100.0	0	0.0
61.1	54.5	8.7	215.0	362.6	98.6	0	0.0
60.8	54.6	4.2	136.5	328.6	82.2	0	0.0
57.1	43.4	8.2	99.6	299.4	51.6	0	0.0
60.2	54.8	10.6	144.6	195.1	47.0	1	0.0
62.2	56.9	9.0	177.3	237.5	55.0	3	0.0
57.8	48.2	5.9	196.5	380.5	100.0	0	0.0
56.5	38.7	7.8	60.8	384.2	100.0	0	0.0
57.4	48.8	7.0	109.1	387.9	94.9	0	0.0
65.1	58.6	8.3	167.4	291.9	56.2	0	0.0
66.1	60.0	6.7	149.2	375.7	69.9	0	0.0
68.3	64.0	5.1	139.2	321.9	61.8	0	0.0
66.4	62.6	4.2	163.6	285.3	44.8	0	0.0
61.6	56.6	10.1	184.1	251.7	35.2	54	0.0
52.7	34.1	13.2	299.5	408.2	74.8	0	0.0
55.8	33.9	7.1	230.6	414.5	100.0	0	0.0
49.3	31.4	5.9	86.5	418.4	100.0	0	0.0
50.9	39.6	3.1	81.5	422.2	100.0	0	0.0
58.1	50.5	7.8	153.8	410.2	77.6	0	0.0
62.9	56.5	4.9	140.3	219.9	51.3	0	0.0
03	31	2016
67.2	61.9	9.2	189.2	262.4	44.3	0	0.0
60.8	45.6	10.8	101.9	433.2	76.6	0	0.0
68.8	60.0	10.9	239.4	261.2	43.3	0	0.0
60.2	46.0	4.9	166.9	445.5	100.0	0	0.0
59.0	50.3	2.9	77.4	441.5	88.1	0	0.0
60.3	52.5	6.7	101.8	428.4	89.8	0	0.0
66.8	59.6	12.5	146.0	287.2	50.0	0	0.0
70.7	65.9	20.3	145.3	226.7	23.2	1	0.0
73.2	69.2	19.5	156.0	231.8	15.3	0	0.0
71.4	68.1	9.6	138.6	272.6	29.9	52	0.0
67.3	62.5	7.1	126.0	409.1	45.5	10	0.0
66.8	60.3	6.1	145.2	369.1	77.2	0	0.0
69.3	63.6	9.8	203.8	394.9	52.6	0	0.0
70.8	64.5	9.5	214.9	474.5	59.5	0	0.0
72.2	65.2	11.5	206.9	373.1	28.6	0	0.0
71.6	66.2	5.3	81.0	383.1	46.0	0	0.0
70.7	66.0	7.0	114.2	319.6	33.4	5	0.0
70.5	64.7	7.2	108.5	329.4	36.1	1	0.0
62.3	51.6	14.7	89.8	341.9	48.8	0	0.0
53.0	30.0	13.3	277.1	506.4	100.0	0	0.0
47.9	32.7	4.1	104.0	510.2	100.0	0	0.0
59.9	48.6	9.2	171.7	334.4	54.3	0	0.0
69.4	60.6	13.6	170.2	329.8	33.9	0	0.0
65.0	53.9	10.0	272.2	430.3	59.8	24	0.0
57.5	43.4	6.3	129.6	525.0	100.0	0	0.0
64.0	54.4	4.3	119.2	527.7	68.8	0	0.0
71.2	64.5	5.3	203.3	274.3	28.5	52	0.0
66.4	54.2	7.9	106.7	481.4	74.0	0	0.0
67.4	60.4	10.2	91.3	265.3	24.3	0	0.0
73.3	69.4	16.1	161.9	289.2	17.4	28	0.0
73.9	70.7	8.4	179.8	258.3	11.4	10	0.0
04	30	2016
63.0	53.5	13.4	94.2	295.4	34.5	7	0.0
59.4	40.8	9.4	315.2	553.1	100.0	0	0.0
58.0	39.8	2.8	121.0	556.5	100.0	0	0.0
63.1	51.7	3.8	110.2	559.9	100.0	0	0.0
65.4	54.1	4.1	149.8	563.2	99.3	0	0.0
66.7	59.4	8.3	216.8	421.6	79.7	0	0.0
66.1	46.4	4.2	211.5	569.8	100.0	0	0.0
67.0	43.1	7.3	81.7	573.0	100.0	0	0.0
63.4	48.1	6.5	99.0	568.2	94.8	0	0.0
67.0	59.9	11.2	135.5	354.5	52.6	0	0.0
72.9	67.7	9.3	176.7	383.3	26.4	3	0.0
72.3	67.1	8.1	54.2	353.4	23.5	2	0.0
69.1	64.4	7.8	94.5	486.9	37.1	78	0.0
69.5	64.4	6.8	83.9	414.9	33.6	12	0.0
70.8	64.5	6.6	125.5	420.3	34.5	0	0.0
71.7	64.8	14.0	91.4	291.9	20.0	0	0.0
72.8	65.5	16.9	109.2	297.4	13.2	0	0.0
70.6	67.5	14.7	118.2	263.3	14.7	77	0.0
72.0	67.5	10.6	136.0	284.0	22.0	2	0.0
69.2	66.9	6.9	143.5	334.6	25.0	66	0.0
66.7	63.6	4.8	135.7	388.3	58.7	45	0.0
70.3	57.8	5.5	205.1	569.0	80.2	0	0.0
68.9	55.5	3.6	44.2	561.1	89.6	0	0.0
69.3	58.7	5.0	98.1	578.9	80.2	0	0.0
73.3	68.0	8.0	142.8	409.4	45.2	0	0.0
76.6	70.6	10.9	163.2	401.1	26.4	0	0.0
74.8	68.6	8.8	159.2	577.1	54.4	70	0.0
77.8	71.7	7.5	89.2	471.9	48.4	0	0.0
78.5	71.9	14.8	160.0	463.3	28.9	0	0.0
76.8	71.7	9.6	159.3	538.8	41.0	214	0.0
05	31	2016
71.5	69.4	8.7	110.5	349.7	16.3	329	0.0
70.7	66.5	8.2	155.3	407.2	25.9	3	0.0
69.2	57.8	8.9	270.2	553.1	56.8	0	0.0
72.0	52.4	6.7	299.2	640.7	97.9	0	0.0
71.4	49.0	7.1	207.3	642.6	100.0	0	0.0
68.2	54.0	3.5	83.3	644.6	100.0	0	0.0
70.6	58.3	3.5	97.7	638.3	97.4	0	0.0
71.9	61.0	8.4	160.8	553.8	66.8	0	0.0
74.8	67.8	11.2	174.9	497.0	55.3	1	0.0
77.5	71.1	10.1	165.5	548.5	32.8	0	0.0
76.7	70.0	6.6	152.5	561.3	65.7	0	0.0
77.8	71.8	3.9	141.2	541.3	63.9	17	0.0
78.0	67.4	6.2	110.4	620.6	83.3	0	0.0
76.5	66.8	3.3	101.1	586.8	68.9	13	0.0
71.8	65.4	7.2	58.3	587.1	80.2	0	0.0
69.5	66.2	7.5	93.2	376.0	29.5	52	0.0
76.4	68.6	6.4	90.0	488.5	41.1	0	0.0
74.0	67.5	7.5	50.5	559.7	72.6	0	0.0
69.2	64.7	8.6	89.5	393.4	57.1	90	0.0
72.7	66.3	5.0	209.5	550.3	63.1	0	0.0
77.3	70.2	3.8	60.9	590.9	74.7	5	0.0
75.2	69.3	5.8	53.2	576.9	63.4	0	0.0
76.4	69.8	6.0	100.1	581.0	79.9	0	0.0
78.6	72.4	8.8	150.8	504.7	66.8	0	0.0
81.1	74.3	9.2	163.1	547.0	56.2	0	0.0
79.4	73.7	9.4	145.3	555.8	60.5	3	0.0
75.4	70.3	13.6	160.5	469.9	44.3	85	0.0
76.9	68.7	7.0	164.7	613.6	87.0	7	0.0
79.6	71.4	4.0	69.0	658.1	81.6	0	0.0
78.6	70.9	3.6	90.8	628.9	84.4	0	0.0
78.9	70.1	3.9	96.5	623.3	87.5	0	0.0
06	30	2016
75.8	72.3	5.1	96.0	517.2	57.1	93	0.0
74.5	72.0	6.3	126.9	473.4	45.4	76	0.0
74.4	71.3	5.9	92.5	442.3	37.2	17	0.0
72.8	70.6	6.8	118.7	457.3	36.3	55	0.0
77.2	70.4	6.6	71.0	559.0	55.4	0	0.0
79.1	71.2	5.0	124.8	565.9	74.6	2	0.0
81.2	68.5	5.2	100.3	627.1	74.1	0	0.0
80.8	69.6	3.7	64.2	680.4	92.2	0	0.0
82.3	71.8	5.0	78.7	669.6	93.3	0	0.0
79.5	74.0	5.1	110.7	494.8	59.6	123	0.0
82.8	75.6	6.3	165.1	618.2	74.0	0	0.0
80.9	77.1	4.0	147.0	590.3	65.5	23	0.0
80.2	76.2	4.3	104.8	531.5	65.7	8	0.0
83.3	76.4	7.1	166.3	593.7	73.6	0	0.0
84.8	76.3	6.3	192.4	587.6	79.9	0	0.0
84.5	76.8	5.2	181.6	655.0	91.0	0	0.0
84.3	75.8	4.0	140.8	647.3	90.4	0	0.0
80.9	73.9	5.7	168.1	570.5	77.9	43	0.0
80.1	73.3	4.4	107.1	564.7	80.2	8	0.0
79.7	73.9	5.3	108.5	515.4	67.1	0	0.0
79.3	74.5	4.2	101.0	492.9	64.2	8	0.0
81.8	72.7	5.4	158.1	660.5	84.9	0	0.0
82.2	73.1	4.6	120.2	576.3	79.7	0	0.0
80.2	73.8	4.0	110.0	434.3	75.6	32	0.0
83.3	75.6	3.2	93.0	615.0	74.3	2	0.0
83.5	75.8	3.0	138.9	563.5	83.7	19	0.0
84.3	75.2	2.9	126.9	623.7	87.5	0	0.0
83.7	74.6	4.9	130.1	648.7	80.9	0	0.0
81.6	72.8	8.2	66.7	577.0	74.2	0	0.0
82.7	72.9	6.4	89.0	663.4	89.1	0	0.0
07	31	2016
83.8	75.1	1.8	101.2	577.9	85.9	3	0.0
83.1	74.8	4.3	111.5	626.7	83.8	8	0.0
84.8	75.6	7.4	154.2	666.4	87.5	0	0.0
86.5	76.8	10.0	202.2	630.0	76.8	4	0.0
86.3	76.8	8.2	200.8	631.5	79.9	0	0.0
86.1	76.1	9.1	197.7	662.7	80.7	0	0.0
85.8	76.9	7.3	183.8	635.1	75.3	0	0.0
85.1	76.0	5.4	144.0	653.9	83.8	0	0.0
84.5	75.5	3.8	115.0	663.7	91.7	0	0.0
80.5	74.4	4.3	90.3	586.7	87.5	37	0.0
84.2	75.8	6.4	145.0	677.9	90.5	0	0.0
84.2	75.4	6.7	170.4	649.0	84.9	0	0.0
85.5	76.4	6.4	169.5	666.6	90.1	0	0.0
84.6	76.4	5.1	162.2	615.8	83.9	0	0.0
83.5	76.4	5.4	164.5	644.4	91.4	1	0.0
82.4	75.6	3.6	92.8	616.7	84.9	0	0.0
81.5	74.4	4.9	112.4	587.8	85.8	0	0.0
81.8	76.2	4.8	88.7	542.1	74.1	1	0.0
79.6	74.8	4.6	67.6	555.3	82.6	32	0.0
84.7	74.1	3.1	51.0	672.8	99.5	0	0.0
85.6	75.5	2.8	80.9	626.3	89.9	0	0.0
84.4	76.8	3.3	101.7	578.4	86.1	0	0.0
85.1	75.7	3.8	166.2	620.5	90.1	0	0.0
83.8	75.8	4.3	112.2	555.9	83.2	0	0.0
79.4	75.1	4.9	80.1	581.2	78.3	24	0.0
80.2	74.7	4.2	116.2	471.5	56.7	0	0.0
79.1	73.5	5.3	172.1	490.1	60.5	13	0.0
82.2	75.2	5.4	170.3	637.4	88.8	1	0.0
83.1	73.9	4.0	158.8	640.6	91.7	0	0.0
84.3	75.0	2.7	84.6	615.0	90.6	0	0.0
84.1	76.1	3.6	144.0	590.7	87.8	2	0.0
08	31	2016
84.8	75.7	3.3	113.2	548.8	82.5	0	0.0
86.1	76.0	3.4	110.1	572.8	81.2	0	0.0
86.0	76.6	4.0	147.7	615.7	92.2	0	0.0
85.6	76.2	2.5	74.9	611.5	89.8	0	0.0
85.9	76.4	3.5	133.7	571.6	75.7	0	0.0
86.3	75.7	4.8	174.0	603.8	91.5	0	0.0
85.4	75.7	4.2	167.1	573.1	78.8	0	0.0
83.1	74.5	5.0	145.3	594.9	73.2	63	0.0
84.0	75.5	3.0	114.1	593.8	86.7	4	0.0
83.1	76.8	4.5	144.1	538.9	76.8	148	0.0
83.9	79.3	4.9	180.6	581.8	82.5	0	0.0
82.8	78.2	7.2	223.9	456.6	56.1	75	0.0
77.7	75.8	9.9	226.5	293.0	10.8	214	0.0
76.9	73.8	5.0	131.1	350.9	28.6	20	0.0
78.6	75.5	7.2	125.3	449.1	41.6	71	0.0
77.6	74.8	7.0	115.7	463.6	60.3	70	0.0
77.7	75.2	5.7	104.1	497.0	85.8	26	0.0
78.5	75.2	4.9	78.1	461.6	75.8	1	0.0
81.2	76.0	4.3	130.7	598.4	79.8	26	0.0
83.0	77.2	5.2	151.0	610.6	94.8	0	0.0
81.2	76.0	4.1	90.1	566.0	88.0	0	0.0
80.8	75.5	3.5	89.2	550.9	87.3	0	0.0
82.5	76.7	3.6	112.6	493.6	85.1	18	0.0
83.3	76.2	2.6	66.7	594.6	94.3	0	0.0
82.2	76.0	5.8	57.4	576.7	87.1	0	0.0
81.3	74.5	5.8	83.8	571.9	61.6	3	0.0
78.6	75.0	8.6	53.0	433.0	51.2	63	0.0
76.6	75.3	7.6	81.7	385.8	64.5	76	0.0
79.3	73.5	7.7	78.9	515.8	73.4	0	0.0
83.5	72.7	6.9	40.2	588.7	88.5	0	0.0
85.0	73.9	6.5	68.5	570.1	93.2	0	0.0
09	30	2016
86.3	72.7	8.2	131.2	568.0	94.3	0	0.0
84.1	72.7	9.0	66.7	579.7	97.4	0	0.0
81.9	69.5	6.7	68.3	569.3	95.3	0	0.0
82.2	75.2	5.1	104.8	465.8	72.1	4	0.0
80.4	76.3	6.1	113.4	406.1	79.5	74	0.0
80.7	75.3	5.1	123.8	462.6	60.0	16	0.0
82.5	76.1	4.1	119.4	493.1	88.5	0	0.0
81.9	75.7	4.9	117.5	441.2	74.7	0	0.0
81.9	74.0	5.7	120.2	504.6	85.4	0	0.0
80.1	74.4	3.3	131.0	532.1	86.5	16	0.0
78.5	71.4	5.8	131.0	488.1	88.0	0	0.0
78.6	73.0	5.3	78.0	453.9	79.4	6	0.0
79.0	73.7	6.5	78.4	416.0	74.0	31	0.0
81.0	73.6	7.4	55.2	483.4	81.5	0	0.0
80.7	74.1	7.2	68.1	459.9	80.7	0	0.0
78.8	76.1	6.9	96.4	328.4	37.1	4	0.0
80.6	77.1	3.1	133.2	407.6	53.0	18	0.0
83.5	76.8	3.8	137.2	422.8	58.0	0	0.0
82.6	75.6	3.0	124.2	488.8	82.0	1	0.0
82.9	70.9	5.9	84.4	513.5	84.9	0	0.0
82.4	70.8	4.5	121.5	501.8	91.7	0	0.0
81.7	75.1	4.3	101.9	458.7	81.0	0	0.0
80.3	74.2	5.7	109.8	425.4	82.3	0	0.0
79.4	74.0	5.5	101.9	398.1	81.5	3	0.0
79.3	74.8	5.1	102.2	416.0	68.8	5	0.0
78.7	73.3	3.3	93.8	385.3	76.2	6	0.0
77.7	67.8	7.2	141.0	499.0	96.9	0	0.0
76.0	65.3	3.6	113.8	461.9	90.1	0	0.0
71.9	59.1	7.5	116.9	491.7	100.0	0	0.0
69.1	55.1	5.1	66.9	487.9	100.0	0	0.0
10	31	2016
70.9	58.4	3.0	53.8	484.1	100.0	0	0.0
71.9	62.5	4.5	42.5	444.8	91.2	2	0.0
72.3	61.5	4.0	49.8	469.9	96.3	0	0.0
76.3	69.9	6.6	104.8	411.9	79.2	1	0.0
80.0	73.6	6.3	112.4	371.8	67.9	7	0.0
78.2	69.7	5.2	69.8	422.6	92.7	0	0.0
79.7	68.0	7.1	102.1	423.3	93.2	0	0.0
77.0	60.7	12.1	62.9	456.9	100.0	0	0.0
66.8	45.6	9.4	31.0	453.0	100.0	0	0.0
69.9	57.4	4.3	76.2	449.1	96.9	0	0.0
74.5	66.0	8.3	118.3	292.5	70.8	0	0.0
75.1	68.9	5.9	116.2	364.9	75.7	0	0.0
74.8	67.1	3.3	86.4	425.9	92.9	0	0.0
74.7	66.3	3.2	74.8	420.6	94.8	0	0.0
75.7	69.2	5.5	117.8	390.2	88.4	0	0.0
76.1	71.6	5.1	121.4	318.1	74.0	0	0.0
75.5	69.7	5.0	126.0	357.2	83.3	0	0.0
77.4	71.7	5.8	145.6	359.1	81.2	0	0.0
76.3	72.0	5.1	123.3	287.3	59.8	10	0.0
74.7	70.0	7.0	133.6	303.2	52.3	0	0.0
64.1	48.9	11.0	45.4	406.0	100.0	0	0.0
59.5	43.5	3.6	34.4	402.2	100.0	0	0.0
61.9	51.1	3.6	89.8	398.4	100.0	0	0.0
64.5	54.9	4.1	64.6	394.5	100.0	0	0.0
64.2	53.3	1.9	46.5	388.9	96.5	0	0.0
67.9	59.4	3.4	90.8	368.1	95.3	0	0.0
70.5	63.8	3.3	56.5	314.0	76.6	1	0.0
71.7	62.7	4.2	49.4	373.0	94.9	0	0.0
70.0	62.4	3.4	85.6	376.2	94.0	0	0.0
69.6	60.8	2.7	49.2	364.2	91.7	0	0.0
69.2	60.6	3.6	85.9	362.8	89.5	0	0.0
11	30	2016
71.7	65.2	6.8	106.0	322.1	77.8	0	0.0
74.6	67.7	8.6	101.6	249.3	63.9	0	0.0
72.8	66.3	3.9	99.8	314.2	89.4	0	0.0
74.7	63.1	4.4	78.4	325.5	58.9	0	0.0
71.9	49.4	8.9	60.0	304.7	52.6	0	0.0
70.1	58.8	8.5	97.5	314.0	66.2	1	0.0
65.8	63.2	8.9	62.5	237.6	29.5	24	0.0
68.7	65.9	8.3	70.0	171.2	23.8	0	0.0
67.8	60.1	12.4	37.0	305.3	60.8	7	0.0
60.6	50.1	7.1	41.2	336.8	100.0	0	0.0
61.2	46.4	4.5	81.9	333.8	100.0	0	0.0
63.7	50.0	5.8	30.0	330.9	99.0	0	0.0
55.8	43.8	5.1	47.5	292.8	92.7	0	0.0
58.2	48.1	1.0	66.7	325.1	97.9	0	0.0
64.3	56.0	3.3	124.1	316.8	89.1	0	0.0
62.8	54.7	2.3	70.2	319.5	98.9	0	0.0
66.5	60.9	7.8	130.4	301.7	86.4	0	0.0
68.4	62.1	8.8	187.4	295.5	63.1	15	0.0
53.0	33.5	13.9	147.5	311.6	92.7	0	0.0
47.7	32.5	3.9	50.2	309.1	100.0	0	0.0
53.2	42.9	6.1	93.1	306.6	96.3	0	0.0
64.7	57.4	11.2	134.0	269.8	83.3	0	0.0
64.4	60.5	4.7	147.7	228.1	72.4	44	0.0
58.7	51.0	4.1	42.1	299.6	100.0	0	0.0
61.3	52.4	5.9	49.8	289.1	92.7	0	0.0
57.1	49.4	8.8	47.7	295.3	100.0	0	0.0
55.7	48.6	7.8	104.4	293.2	92.7	0	0.0
69.6	66.5	10.3	177.2	130.6	14.2	3	0.0
74.8	71.8	8.9	176.8	168.7	25.2	2	0.0
59.0	45.2	8.6	112.7	211.6	60.6	104	0.0
12	31	2016
50.5	36.6	5.2	67.5	284.7	93.2	0	0.0
55.7	44.9	9.4	71.5	189.8	28.1	1	0.0
54.7	52.4	14.3	89.2	132.9	11.0	365	0.0
53.2	52.9	10.7	127.5	136.2	12.6	53	0.0
52.1	51.3	10.0	113.1	133.1	13.1	59	0.0
56.7	51.9	6.3	160.9	254.9	49.6	0	0.0
56.5	53.2	7.3	53.4	136.7	15.3	0	0.0
48.5	41.2	16.7	29.4	141.4	26.0	4	0.0
42.2	25.8	12.5	31.5	274.2	72.4	0	0.0
43.6	30.2	8.0	81.9	272.2	81.2	0	0.0
61.1	53.1	10.8	146.6	153.7	18.6	0	0.0
69.7	67.5	6.0	199.0	126.0	21.9	7	0.0
70.8	68.5	7.8	187.8	168.3	34.0	8	0.0
57.5	52.5	9.6	61.4	141.2	20.8	0	0.0
47.3	36.7	10.9	47.6	265.5	70.0	0	0.0
58.8	53.4	10.5	126.8	128.0	16.2	1	0.0
73.7	70.4	12.7	181.2	141.6	16.8	1	0.0
44.8	34.8	18.0	134.3	170.1	47.2	3	0.0
39.2	20.1	14.9	38.8	246.0	69.0	0	0.0
43.1	28.4	5.3	57.1	265.1	99.0	0	0.0
56.6	48.1	3.6	98.4	197.4	35.2	0	0.0
62.9	59.2	4.0	58.3	142.8	28.6	0	0.0
63.6	60.7	9.1	117.9	127.3	13.0	0	0.0
67.6	64.5	7.7	139.2	214.9	65.7	0	0.0
71.6	68.4	14.1	143.5	204.3	42.0	0	0.0
73.5	70.1	11.4	157.8	165.2	33.8	0	0.0
70.6	69.1	3.0	134.2	181.6	75.3	0	0.0
68.9	67.8	5.5	176.9	143.3	50.2	0	0.0
63.0	45.0	12.0	152.8	255.8	70.1	0	0.0
48.9	32.6	5.9	80.0	243.4	70.3	0	0.0
60.0	57.6	6.5	134.3	112.6	14.6	174	0.0
