   1    31    1987
32.6	30.6	7.2	175.4	105.7	98.0	.0	.0	
33.0	30.0	8.7	254.6	85.3	98.0	.0	.0	
30.4	27.9	4.3	165.0	99.7	97.0	.0	.0	
26.6	25.1	9.5	205.0	100.3	85.0	.0	.0	
31.7	28.3	11.6	182.5	104.8	97.0	.0	.0	
31.3	28.7	7.6	207.5	82.4	88.0	.0	10.2	
30.9	24.0	10.5	292.1	86.2	98.0	.0	.0	
25.0	20.0	11.9	243.8	114.4	50.0	.0	.0	
23.7	21.5	8.0	158.3	154.8	60.0	.0	.0	
30.9	27.2	13.4	268.8	97.1	98.0	.0	33.0	
28.7	21.1	12.6	257.1	83.0	70.0	.0	.0	
30.1	23.5	8.3	245.8	194.6	8.0	.0	.0	
31.5	28.2	6.5	181.3	150.2	70.0	.0	.0	
31.4	28.0	7.4	154.6	173.1	43.0	.0	.0	
25.8	16.9	9.6	249.2	146.9	55.0	.0	.0	
12.3	4.8	5.1	245.8	207.8	9.0	.0	.0	
18.9	14.9	2.0	81.3	112.2	95.0	.0	12.7	
17.5	12.4	7.2	259.2	194.9	19.0	.0	.0	
19.9	16.1	8.1	133.8	99.4	78.0	.0	.0	
18.2	10.9	12.1	239.2	185.5	65.0	.0	.0	
22.6	18.7	9.5	185.8	109.4	92.0	.0	2.5	
16.4	9.4	13.5	297.1	137.4	85.0	.0	10.2	
-6.0	-17.6	13.8	279.6	224.2	19.0	.0	.0	
-4.8	-16.7	10.8	268.8	225.2	2.0	.0	.0	
.0	-8.5	4.4	202.9	219.9	2.0	.0	.0	
7.6	.3	7.8	203.3	215.5	25.0	.0	.0	
22.5	17.7	12.1	227.9	133.4	98.0	.0	.0	
23.5	15.8	7.2	252.5	199.0	51.0	.0	.0	
27.0	25.4	11.5	80.0	120.5	98.0	.0	45.7	
28.8	22.9	12.5	320.4	169.3	95.0	.0	5.1	
23.4	18.6	8.4	201.7	164.6	74.0	.0	.0	
   2    28    1987
32.5	28.2	10.1	240.4	211.8	63.0	.0	.0	
30.4	26.8	6.5	199.6	150.3	70.0	.0	.0	
30.5	22.4	11.0	283.3	208.4	60.0	.0	.0	
24.3	17.5	7.5	247.1	261.4	33.0	.0	.0	
24.7	19.5	7.7	173.8	230.1	23.0	.0	.0	
31.8	26.4	11.3	239.6	162.8	43.0	.0	.0	
35.5	27.4	11.0	220.8	193.4	58.0	.0	.0	
20.1	6.6	19.9	330.4	259.1	18.0	.0	.0	
21.2	10.9	10.7	195.4	121.1	57.0	.0	.0	
26.5	20.4	5.7	83.3	248.3	45.0	.0	.0	
31.6	28.5	4.9	103.8	159.8	84.0	.0	.0	
33.9	23.6	11.7	262.1	204.9	46.0	.0	.0	
27.2	21.7	7.4	121.3	113.3	98.0	.0	.0	
18.8	13.6	16.6	47.9	257.6	67.0	.0	.0	
13.7	7.1	14.2	37.5	234.5	78.0	.0	.0	
19.1	14.8	13.7	48.3	188.6	95.0	.0	.0	
25.7	21.5	12.1	53.3	225.4	50.0	.0	.0	
25.9	19.7	4.2	75.8	289.2	20.0	.0	.0	
27.4	18.2	2.4	98.8	247.4	54.0	.0	.0	
30.4	21.8	4.4	123.3	248.7	44.0	.0	.0	
34.5	27.0	7.1	151.7	199.2	93.0	.0	.0	
33.5	31.3	7.5	252.9	175.9	90.0	19.0	.0	
32.4	28.6	6.2	198.8	151.9	80.0	.0	.0	
29.5	26.6	4.5	71.3	288.7	57.0	.0	.0	
30.2	24.8	6.4	81.3	255.0	60.0	.0	.0	
30.2	22.6	6.8	101.3	295.5	55.0	.0	.0	
31.4	26.2	8.3	85.8	196.1	68.0	.0	.0	
32.0	30.0	14.1	35.8	147.7	92.0	.0	50.8	
   3    31    1987
31.8	29.8	15.0	195.8	197.4	98.0	.0	129.5	
31.5	22.7	11.6	269.2	328.8	27.0	.0	.0	
29.1	19.1	9.6	275.8	384.4	4.0	.0	.0	
32.5	26.4	7.4	132.1	224.1	83.0	.0	.0	
36.3	31.4	6.7	108.3	272.0	54.0	.0	.0	
39.3	36.6	8.4	202.1	280.2	56.0	.0	.0	
50.3	40.8	9.1	203.8	354.2	13.0	.0	.0	
40.5	31.9	13.3	124.2	346.8	39.0	.0	.0	
19.6	7.9	19.6	35.4	333.9	79.0	.0	.0	
20.1	11.9	9.6	56.3	251.6	84.0	.0	5.1	
24.9	17.8	5.1	171.3	215.4	75.0	.0	.0	
30.0	21.4	7.7	246.7	234.3	68.0	.0	.0	
29.6	26.0	10.6	89.2	192.8	98.0	.0	17.8	
31.4	25.9	14.1	50.0	396.0	77.0	.0	17.8	
30.8	22.4	13.0	56.7	402.0	13.0	.0	.0	
31.1	20.6	10.7	67.1	386.1	63.0	.0	.0	
32.1	19.5	10.4	70.0	437.6	41.0	.0	.0	
36.8	22.3	13.7	62.1	342.4	98.0	.0	.0	
38.4	22.4	10.3	69.6	421.7	32.0	.0	.0	
40.7	18.5	4.7	85.0	449.3	2.0	.0	.0	
38.5	23.6	7.5	80.8	399.4	39.0	.0	.0	
44.7	31.2	6.8	109.6	432.6	43.0	.0	.0	
45.4	34.1	9.3	87.5	395.3	59.0	.0	.0	
48.1	34.5	9.4	77.1	402.4	69.0	.0	.0	
44.5	42.9	8.2	130.0	185.3	98.0	31.0	.0	
43.4	35.7	5.5	224.6	228.2	98.0	.0	.0	
41.5	31.0	6.3	193.3	228.0	72.0	.0	.0	
38.8	29.6	9.5	138.3	283.6	83.0	.0	.0	
28.2	24.8	16.9	221.3	269.5	95.0	.0	134.6	
21.6	9.4	9.0	285.8	500.5	22.0	.0	.0	
23.3	12.6	9.4	245.8	541.9	21.0	.0	5.1	
   4    30    1987
33.4	30.1	16.8	261.3	241.7	98.0	20.0	.0	
29.4	16.0	16.2	334.2	491.3	74.0	.0	.0	
29.7	16.0	4.7	165.8	524.7	4.0	.0	.0	
36.8	20.1	6.9	164.6	550.4	2.0	.0	.0	
44.5	26.4	13.8	125.0	495.7	30.0	.0	.0	
46.0	23.8	9.5	135.8	538.8	13.0	.0	.0	
48.8	30.9	10.6	115.0	547.6	3.0	.0	.0	
43.3	31.0	5.6	204.6	563.9	2.0	.0	.0	
53.1	36.4	6.9	197.1	532.9	2.0	.0	.0	
53.3	39.1	8.9	231.7	459.7	66.0	.0	.0	
47.9	40.2	8.0	173.8	230.3	98.0	.0	.0	
49.3	40.5	8.1	101.7	578.1	25.0	.0	.0	
49.9	40.9	7.7	75.8	298.0	84.0	.0	.0	
45.8	44.8	14.4	42.9	208.9	98.0	99.0	.0	
47.7	46.0	7.7	47.9	300.2	98.0	.0	.0	
52.3	48.0	5.9	193.8	333.2	89.0	.0	.0	
58.0	49.5	7.5	194.2	495.7	86.0	.0	.0	
65.2	51.3	7.2	197.9	588.5	7.0	.0	.0	
65.0	52.1	8.9	122.9	543.4	16.0	.0	.0	
70.2	56.7	12.5	185.0	450.2	85.0	.0	.0	
46.2	40.0	15.8	87.5	182.0	98.0	24.0	.0	
40.7	39.0	11.8	73.3	170.2	98.0	70.0	.0	
48.5	39.0	9.7	130.8	437.7	56.0	17.0	.0	
49.0	24.7	8.5	71.7	612.7	38.0	.0	.0	
45.5	27.6	8.4	120.8	281.8	89.0	.0	.0	
53.1	32.0	6.8	197.1	472.2	48.0	.0	.0	
54.5	34.8	14.0	296.7	558.2	47.0	3.0	.0	
51.7	30.0	9.7	258.8	537.5	48.0	.0	.0	
57.1	32.1	11.5	216.3	588.2	19.0	.0	.0	
45.7	26.0	8.3	228.3	545.1	59.0	.0	.0	
   5    31    1987
50.7	36.7	7.0	218.3	287.7	94.0	.0	.0	
50.0	32.9	12.5	47.1	605.9	36.0	.0	.0	
48.5	26.8	14.6	45.4	648.0	16.0	.0	.0	
48.8	29.2	6.3	54.2	654.6	11.0	.0	.0	
52.8	32.7	3.7	131.7	594.4	54.0	.0	.0	
56.1	40.3	8.4	173.3	569.3	69.0	.0	.0	
54.7	36.1	5.1	163.8	542.6	52.0	.0	.0	
58.6	38.7	7.6	181.3	635.6	8.0	.0	.0	
69.5	48.3	14.0	199.6	502.9	41.0	.0	.0	
60.2	48.8	9.1	94.6	553.5	57.0	16.0	.0	
66.4	53.0	13.8	211.7	570.8	63.0	8.0	.0	
50.6	33.9	6.9	121.7	696.1	2.0	.0	.0	
57.4	39.6	10.1	174.6	607.2	50.0	.0	.0	
64.2	54.5	10.5	215.8	530.2	55.0	23.0	.0	
57.1	41.1	6.9	184.6	648.7	36.0	.0	.0	
66.3	45.6	12.7	207.1	603.9	41.0	.0	.0	
68.4	52.9	11.7	159.2	638.4	31.0	.0	.0	
49.3	47.7	16.0	48.3	210.0	98.0	12.0	.0	
50.4	49.6	7.5	75.0	262.6	98.0	45.0	.0	
54.8	53.3	6.5	126.3	345.2	98.0	5.0	.0	
70.5	64.7	10.4	153.8	504.1	79.0	17.0	.0	
53.4	49.4	9.7	268.3	219.4	96.0	6.0	.0	
46.5	39.0	6.9	260.0	352.5	98.0	.0	.0	
49.7	44.2	4.9	59.2	305.7	93.0	.0	.0	
52.5	48.2	9.1	72.5	311.0	98.0	14.0	.0	
66.7	62.7	7.0	159.2	456.4	85.0	37.0	.0	
71.4	66.9	8.4	163.8	519.1	71.0	33.0	.0	
71.3	65.5	8.0	159.6	599.8	45.0	31.0	.0	
73.0	66.2	8.4	160.8	576.4	55.0	.0	.0	
71.9	65.2	10.0	207.1	492.4	75.0	.0	.0	
70.0	63.1	6.7	195.8	493.6	68.0	11.0	.0	
   6    30    1987
71.7	63.1	9.7	164.6	594.4	56.0	.0	.0	
70.5	55.2	9.1	256.3	554.3	82.0	.0	.0	
62.4	45.3	12.0	281.7	651.3	39.0	.0	.0	
60.5	45.0	8.5	250.0	742.5	4.0	.0	.0	
61.0	48.7	8.6	130.0	644.2	36.0	.0	.0	
69.8	57.7	11.4	185.8	520.1	90.0	12.0	.0	
77.7	61.4	12.9	232.1	602.3	69.0	.0	.0	
66.8	57.6	8.8	165.4	585.1	67.0	.0	.0	
58.2	43.5	6.9	212.9	722.4	10.0	.0	.0	
57.9	40.8	5.5	115.4	428.7	74.0	.0	.0	
66.3	59.5	10.8	197.5	288.4	88.0	26.0	.0	
74.9	60.2	9.3	250.8	660.7	20.0	.0	.0	
76.6	58.9	6.0	221.3	698.8	9.0	.0	.0	
80.2	60.2	7.7	210.4	711.8	2.0	.0	.0	
72.2	51.9	6.7	142.5	738.1	3.0	.0	.0	
75.5	54.0	4.4	218.3	642.2	51.0	.0	.0	
76.3	57.8	6.0	139.6	604.4	75.0	.0	.0	
79.1	64.4	7.2	166.3	513.7	79.0	.0	.0	
76.3	68.0	9.6	80.8	461.5	97.0	.0	.0	
70.7	61.9	10.7	54.2	319.8	98.0	.0	.0	
66.4	64.5	10.0	61.7	238.4	98.0	30.0	.0	
70.3	56.8	7.7	164.6	638.8	53.0	.0	.0	
73.3	58.7	3.3	112.1	681.3	30.0	.0	.0	
76.4	65.6	5.9	189.6	625.6	53.0	1.0	.0	
68.4	61.4	8.0	277.1	309.6	70.0	.0	.0	
63.9	50.6	12.0	280.4	616.4	29.0	.0	.0	
61.4	46.9	9.1	231.7	537.1	52.0	.0	.0	
67.4	56.4	7.0	188.8	549.9	62.0	114.0	.0	
69.5	61.9	6.8	175.4	563.4	80.0	.0	.0	
65.9	54.1	5.8	152.1	621.7	30.0	.0	.0	
   7    31    1987
65.8	52.9	5.4	103.3	668.2	23.0	.0	.0	
66.6	57.9	8.0	175.8	417.4	53.0	43.0	.0	
68.6	59.2	7.0	200.8	522.0	56.0	.0	.0	
64.6	54.9	6.6	115.4	601.6	64.0	.0	.0	
67.1	60.6	6.1	105.4	298.1	94.0	.0	.0	
69.6	65.6	4.7	112.5	378.8	86.0	6.0	.0	
73.8	68.2	4.0	131.3	461.0	90.0	.0	.0	
78.3	68.9	3.8	141.7	589.7	54.0	.0	.0	
77.1	69.7	10.2	201.3	424.0	80.0	39.0	.0	
79.5	71.3	9.5	157.1	569.3	74.0	.0	.0	
78.4	70.9	8.6	161.7	590.1	55.0	.0	.0	
75.0	67.3	8.6	211.3	387.9	89.0	.0	.0	
65.0	55.0	9.3	306.3	403.4	66.0	.0	.0	
59.7	48.2	6.9	252.9	568.7	43.0	.0	.0	
60.7	51.0	7.2	109.6	543.5	54.0	19.0	.0	
64.2	53.4	8.7	129.6	629.0	12.0	.0	.0	
78.0	67.7	12.7	189.2	609.0	22.0	.0	.0	
80.7	68.6	11.4	185.0	467.3	82.0	.0	.0	
82.8	71.5	13.4	215.8	520.1	63.0	.0	.0	
73.5	69.4	8.9	180.0	338.3	69.0	107.0	.0	
77.7	67.9	7.0	207.9	591.7	40.0	.0	.0	
79.4	70.2	6.9	183.8	596.4	40.0	.0	.0	
81.2	69.7	11.1	214.6	597.2	64.0	.0	.0	
78.4	68.3	8.1	252.9	479.9	68.0	1.0	.0	
77.7	66.7	6.4	192.9	623.7	36.0	2.0	.0	
72.5	58.3	7.9	127.1	564.6	59.0	1.0	.0	
69.8	55.8	4.9	171.7	533.7	49.0	.0	.0	
71.2	64.8	6.2	176.3	474.2	59.0	.0	.0	
76.5	69.9	4.8	137.5	473.7	48.0	.0	.0	
78.2	68.1	6.0	91.3	605.2	50.0	.0	.0	
75.6	68.6	5.8	82.5	389.1	85.0	.0	.0	
   8    31    1987
79.9	73.7	9.8	153.8	544.4	77.0	50.0	.0	
81.8	72.0	8.1	287.5	607.9	35.0	.0	.0	
78.3	68.8	6.6	205.8	446.3	52.0	.0	.0	
67.8	57.4	11.5	143.8	476.0	60.0	.0	.0	
63.3	51.1	6.0	219.2	604.6	18.0	.0	.0	
71.1	61.5	10.1	156.3	454.3	73.0	2.0	.0	
72.9	61.4	5.8	234.2	554.7	68.0	.0	.0	
64.6	62.1	7.1	96.3	189.8	98.0	42.0	.0	
66.8	64.2	7.8	100.8	287.9	79.0	26.0	.0	
68.2	62.2	5.0	61.3	443.9	60.0	.0	.0	
69.6	60.7	5.1	90.0	498.3	27.0	.0	.0	
70.2	62.0	6.8	131.3	509.0	65.0	.0	.0	
70.9	64.5	4.0	101.3	275.2	98.0	8.0	.0	
71.9	70.3	5.7	64.2	288.6	95.0	69.0	.0	
76.5	73.2	5.9	165.0	332.5	54.0	59.0	.0	
75.0	70.8	8.7	179.6	323.6	74.0	85.0	.0	
69.3	59.1	8.9	254.6	490.3	23.0	.0	.0	
65.2	57.3	6.5	168.3	350.7	46.0	.0	.0	
64.4	51.8	7.7	258.8	570.5	9.0	.0	.0	
66.5	55.9	6.1	125.0	588.7	31.0	.0	.0	
72.1	66.2	6.6	132.9	378.9	78.0	.0	.0	
64.7	51.5	12.3	307.9	459.6	47.0	.0	.0	
57.4	44.9	8.7	316.7	482.9	25.0	.0	.0	
56.8	44.7	6.6	235.8	482.3	52.0	.0	.0	
62.1	52.2	5.8	197.1	432.0	92.0	.0	.0	
62.8	55.8	8.5	51.7	259.6	97.0	.0	.0	
62.9	56.2	8.1	121.7	348.9	91.0	.0	.0	
60.4	55.3	5.5	163.3	257.9	67.0	.0	.0	
62.7	54.7	7.7	146.7	498.9	43.0	.0	.0	
67.0	55.4	13.2	245.8	453.8	61.0	.0	.0	
57.9	43.8	10.5	280.8	512.5	45.0	.0	.0	
   9    30    1987
56.7	47.9	8.5	200.8	351.8	79.0	10.0	.0	
56.2	47.4	5.5	187.9	433.9	43.0	.0	.0	
58.2	48.8	6.8	132.1	497.6	35.0	.0	.0	
63.6	54.5	9.1	155.4	517.7	20.0	.0	.0	
71.0	59.6	9.3	180.0	474.3	36.0	.0	.0	
69.8	61.2	6.4	230.8	329.2	82.0	.0	.0	
64.6	59.1	7.3	118.8	392.4	55.0	.0	.0	
61.8	57.1	4.8	209.6	305.1	55.0	.0	.0	
63.1	51.8	5.5	251.7	421.0	51.0	.0	.0	
62.3	54.1	6.3	146.7	379.1	78.0	3.0	.0	
64.8	58.9	4.1	172.5	305.9	84.0	5.0	.0	
60.1	52.7	7.3	230.0	354.2	55.0	.0	.0	
55.9	48.4	7.2	250.4	283.9	66.0	.0	.0	
58.4	47.2	5.9	205.4	496.2	36.0	2.0	.0	
65.0	59.4	5.3	120.0	349.4	80.0	.0	.0	
64.9	64.4	6.6	73.8	185.5	98.0	21.0	.0	
64.1	62.8	10.8	95.4	148.3	98.0	28.0	.0	
57.0	54.5	8.5	267.1	171.9	98.0	28.0	.0	
55.3	50.0	6.4	191.7	305.7	81.0	4.0	.0	
54.0	51.1	4.1	195.4	197.4	95.0	11.0	.0	
57.2	54.0	11.6	275.8	179.2	95.0	45.0	.0	
58.8	50.7	8.7	243.3	242.1	53.0	.0	.0	
62.9	50.4	11.5	211.3	432.7	5.0	.0	.0	
55.6	45.2	7.3	175.0	397.9	20.0	.0	.0	
54.3	40.7	6.2	225.4	425.3	2.0	.0	.0	
63.7	53.5	6.6	186.3	408.7	40.0	.0	.0	
68.4	59.3	9.3	175.4	422.1	12.0	.0	.0	
65.4	56.7	9.5	202.5	334.5	65.0	.0	.0	
57.2	52.3	8.6	255.4	251.2	54.0	.0	.0	
51.7	36.1	11.2	312.5	380.7	29.0	.0	.0	
  10    31    1987
51.9	41.7	12.1	231.7	226.6	85.0	7.0	.0	
43.2	32.1	18.3	327.9	192.2	93.0	1.0	.0	
39.8	27.0	7.8	260.0	377.3	26.0	.0	.0	
53.2	38.3	11.9	192.1	372.2	5.0	.0	.0	
55.0	43.9	13.5	239.2	246.4	87.0	.0	.0	
43.2	37.7	14.8	303.8	174.1	94.0	9.0	.0	
39.0	29.0	14.0	334.6	231.3	75.0	1.0	.0	
39.7	28.9	8.9	192.9	304.0	71.0	.0	.0	
46.4	31.3	13.2	252.1	329.9	60.0	.0	.0	
37.3	24.9	8.5	307.9	191.9	86.0	.0	.0	
35.3	22.2	6.7	222.9	364.4	24.0	.0	.0	
43.3	30.0	4.9	148.3	362.1	15.0	.0	.0	
49.3	35.4	9.4	167.9	324.9	51.0	.0	.0	
55.3	40.6	9.3	226.3	150.9	98.0	.0	.0	
53.2	48.9	5.2	115.8	169.5	93.0	1.0	.0	
53.7	49.6	8.3	198.8	129.8	93.0	66.0	.0	
47.6	44.7	9.9	264.6	129.7	90.0	32.0	.0	
46.2	35.6	8.6	245.4	283.6	54.0	.0	.0	
43.3	31.7	5.1	196.3	295.0	52.0	.0	.0	
38.3	32.3	6.3	187.9	197.8	65.0	.0	.0	
38.6	34.9	9.3	282.9	145.8	88.0	5.0	.0	
36.0	34.7	8.4	210.0	99.8	97.0	12.0	.0	
37.7	34.0	5.6	247.5	156.1	98.0	1.0	.0	
37.6	32.8	6.7	236.3	213.1	62.0	1.0	.0	
36.0	31.4	7.6	191.7	261.6	22.0	.0	.0	
40.1	37.2	9.3	210.4	132.9	58.0	40.0	.0	
39.8	33.4	10.7	280.4	243.3	32.0	.0	.0	
34.5	27.3	7.6	264.6	152.4	52.0	.0	.0	
35.8	27.8	4.9	138.3	242.1	61.0	.0	.0	
45.0	32.1	10.0	187.9	261.8	53.0	.0	.0	
42.8	36.4	7.6	72.1	117.6	84.0	.0	.0	
  11    30    1987
48.2	47.7	8.8	62.9	109.8	98.0	16.0	.0	
55.8	55.2	5.7	153.8	114.8	98.0	1.0	.0	
61.1	57.4	10.0	209.6	184.3	85.0	1.0	.0	
53.1	43.0	13.6	275.0	161.7	58.0	.0	.0	
35.2	20.0	12.3	287.1	246.4	9.0	.0	.0	
33.3	22.9	9.0	242.9	152.7	28.0	.0	.0	
40.5	32.3	7.8	201.3	171.4	73.0	3.0	.0	
39.1	36.0	7.8	188.8	100.6	68.0	22.0	.0	
28.1	18.1	8.6	312.9	251.7	2.0	.0	.0	
27.8	20.1	5.9	202.5	174.8	23.0	.0	.0	
31.8	25.1	9.2	215.0	226.8	34.0	.0	.0	
38.0	29.6	8.1	202.9	193.5	35.0	.0	.0	
40.4	34.3	5.0	249.2	116.6	63.0	.0	.0	
37.5	32.1	7.7	134.6	192.9	46.0	.0	.0	
47.9	40.2	10.5	125.8	112.6	88.0	.0	.0	
50.6	47.5	9.2	145.0	64.8	98.0	57.0	.0	
49.6	47.2	15.1	215.0	131.1	95.0	69.0	.0	
32.3	28.6	11.5	268.3	111.5	62.0	2.0	.0	
34.7	24.2	16.1	267.5	144.3	75.0	.0	.0	
21.6	11.0	13.8	311.7	133.8	21.0	.0	.0	
21.1	12.6	6.8	188.3	100.5	56.0	.0	.0	
33.9	25.4	8.2	165.4	162.8	68.0	.0	.0	
40.1	38.5	9.3	240.0	67.6	98.0	38.0	.0	
33.6	29.0	9.1	129.2	90.8	97.0	.0	.0	
32.0	30.7	12.4	101.3	105.8	98.0	16.0	.0	
31.7	29.8	7.8	85.4	91.7	90.0	.0	.0	
35.0	32.7	8.4	47.9	76.0	98.0	.0	.0	
39.3	39.1	12.5	41.3	88.3	98.0	44.0	.0	
41.0	41.0	6.7	238.3	57.8	98.0	29.0	.0	
34.9	31.1	12.0	327.1	102.5	98.0	9.0	.0	
  12    31    1987
28.4	21.1	11.2	330.4	97.5	96.0	.0	.0	
25.6	19.1	7.2	258.3	87.0	98.0	.0	.0	
27.3	21.1	8.9	182.1	121.5	71.0	.0	.0	
26.3	19.0	11.3	315.4	141.9	53.0	.0	.0	
26.0	21.1	4.1	162.5	95.7	63.0	.0	.0	
30.0	27.4	4.8	46.7	70.5	98.0	.0	.0	
35.3	33.9	7.8	107.9	62.3	98.0	4.0	.0	
39.8	38.4	5.8	147.9	76.6	98.0	31.0	.0	
41.1	38.4	10.9	223.8	90.2	93.0	10.0	.0	
34.2	29.3	10.9	232.5	101.4	70.0	.0	.0	
38.2	34.2	10.1	219.6	106.1	71.0	7.0	.0	
31.2	26.2	15.0	264.6	82.6	96.0	.0	5.1	
29.4	22.7	12.0	264.6	77.2	98.0	.0	.0	
26.8	21.1	5.1	171.7	124.5	75.0	.0	.0	
31.1	29.3	18.9	208.3	82.2	98.0	.0	165.1	
28.1	20.7	13.2	315.4	102.5	91.0	.0	.0	
19.0	14.2	6.8	266.7	144.0	57.0	.0	.0	
22.1	19.1	14.5	191.7	105.2	90.0	.0	17.8	
29.4	27.9	6.8	121.7	94.4	95.0	.0	81.3	
29.5	26.7	10.4	215.8	155.4	49.0	.0	76.2	
26.0	21.1	12.5	215.4	165.5	58.0	.0	.0	
27.1	24.5	4.8	185.8	140.5	70.0	.0	.0	
27.3	25.8	6.1	159.2	105.6	85.0	.0	.0	
33.8	33.4	10.5	144.6	68.4	98.0	16.0	.0	
25.9	22.3	8.4	278.3	100.9	63.0	.0	.0	
14.3	9.4	8.8	234.6	161.3	31.0	.0	.0	
24.5	18.4	9.0	134.6	170.3	44.0	.0	.0	
28.1	23.7	12.9	124.6	98.4	86.0	.0	.0	
21.0	14.4	8.8	182.9	150.4	50.0	.0	.0	
27.2	24.0	16.4	176.3	101.8	97.0	.0	.0	
20.3	14.7	18.4	247.4	148.9	91.0	.0	.0	
