1 31 1994
29.4	22.3	10.9	291.0	51.4	97.5	.0	.0	
18.7	12.3	7.1	119.4	47.3	100.0	.0	30.0	
19.0	13.3	4.4	195.0	48.1	99.6	.0	.0	
15.7	8.8	9.0	258.6	48.1	72.9	.0	.0	
6.8	-.3	7.9	115.0	48.3	82.5	.0	90.0	
16.8	11.5	8.6	244.2	48.7	100.0	.0	.0	
-6.5	-15.9	8.5	261.8	125.1	48.3	.0	30.0	
-4.2	-11.3	1.9	87.4	65.5	56.2	.0	.0	
1.5	-6.5	4.1	75.8	127.8	35.0	.0	.0	
25.7	20.0	11.0	191.4	50.5	97.9	.0	.0	
11.4	.4	8.5	269.8	73.9	73.8	.0	.0	
21.5	13.9	11.7	238.6	114.7	62.9	.0	.0	
3.1	-6.9	10.3	324.2	87.8	51.7	.0	.0	
-12.7	-23.1	9.9	269.4	138.1	24.8	.0	.0	
-18.1	-30.5	8.1	276.2	152.1	2.5	.0	.0	
-5.9	-13.1	8.2	202.2	53.9	89.6	.0	30.0	
-11.2	-21.0	13.5	283.4	152.7	35.8	.0	.0	
-22.2	-33.6	8.2	255.0	157.7	1.7	.0	.0	
-17.8	-25.3	5.7	164.2	76.4	38.8	.0	.0	
-13.8	-23.6	4.1	102.2	129.3	33.3	.0	.0	
14.4	5.5	8.4	179.4	134.7	62.9	.0	.0	
17.0	10.6	3.7	79.8	107.0	62.9	.0	.0	
25.5	20.4	7.1	170.2	131.5	53.3	.0	.0	
19.7	12.1	4.9	170.2	169.1	42.5	.0	.0	
20.2	14.1	12.0	78.2	60.6	100.0	.0	30.0	
16.1	7.0	13.0	76.2	83.5	96.7	.0	.0	
20.9	17.5	9.3	150.2	62.3	100.0	.0	110.0	
22.1	17.7	10.4	270.6	63.2	97.9	.0	.0	
14.2	7.0	7.0	136.2	120.1	65.4	.0	30.0	
-4.9	-11.1	4.3	193.4	150.1	25.0	.0	.0	
-11.4	-18.6	1.5	62.2	176.7	17.1	.0	.0	
2 28 1994
-.2	-8.3	7.4	152.6	107.7	80.0	.0	.0	
6.7	-.9	9.8	225.0	71.6	69.6	.0	.0	
3.0	-8.0	11.1	228.2	170.0	37.9	.0	.0	
5.4	-7.8	9.0	190.2	201.6	9.2	.0	.0	
10.6	-.1	9.9	225.0	164.8	36.2	.0	.0	
6.5	-3.5	9.3	263.8	206.5	25.4	.0	.0	
-6.6	-18.8	10.1	280.6	74.0	83.3	.0	.0	
.8	-7.1	8.6	157.0	75.2	99.6	.0	.0	
-3.8	-11.2	5.9	260.2	218.5	16.7	.0	.0	
7.5	-2.3	11.0	158.2	148.0	88.3	.0	.0	
20.0	11.0	7.1	155.4	99.0	97.9	.0	.0	
23.2	14.9	9.5	220.6	83.7	82.5	.0	.0	
17.6	7.4	6.0	166.2	232.8	11.7	.0	.0	
25.7	15.9	8.3	166.6	220.3	8.8	.0	.0	
27.1	18.3	9.6	251.0	232.4	36.7	.0	.0	
27.4	20.3	9.6	146.2	124.3	43.8	.0	.0	
31.9	25.4	4.8	187.4	235.3	25.4	.0	.0	
42.9	31.5	14.7	161.0	109.5	70.8	11.8	.0	
45.4	38.3	14.2	220.6	89.9	97.9	.0	.0	
27.5	17.1	11.5	302.6	210.5	50.0	.0	.0	
24.1	10.7	8.6	284.6	264.2	19.2	.0	.0	
18.3	8.1	11.7	44.6	94.2	91.7	.0	.0	
16.1	10.4	11.4	214.2	95.8	99.6	.0	30.0	
12.4	4.1	6.5	189.0	272.8	38.3	.0	30.0	
14.3	8.2	9.2	195.8	101.6	78.3	.0	90.0	
4.4	-3.9	5.8	239.0	267.5	11.2	.0	.0	
10.7	.3	8.2	140.6	102.1	87.1	.0	.0	
22.3	16.2	5.8	155.8	103.7	81.7	.0	.0	
3 31 1994
21.1	13.9	2.8	95.0	246.9	42.9	.0	.0	
26.4	19.3	6.9	162.6	220.8	62.9	.0	.0	
35.7	30.6	8.4	169.0	171.4	70.4	.0	.0	
39.6	32.0	9.1	269.4	315.3	.0	.0	.0	
38.4	34.4	8.0	163.4	153.3	81.2	11.8	.0	
35.7	31.2	5.1	190.6	122.6	61.7	.0	.0	
31.2	15.0	14.9	249.4	225.2	37.5	.0	.0	
23.6	7.4	12.4	285.4	321.0	15.8	.0	.0	
23.9	13.1	4.9	201.4	336.4	9.2	.0	.0	
28.0	19.2	8.0	219.4	137.8	71.2	.0	.0	
30.2	18.8	7.7	113.0	219.2	60.0	.0	.0	
37.8	27.0	5.8	173.4	267.9	60.0	.0	.0	
34.1	27.7	7.6	191.4	131.1	57.5	.0	.0	
43.3	31.3	13.0	225.0	186.1	52.9	.0	.0	
36.0	20.5	14.6	312.2	291.9	30.8	.0	.0	
28.7	9.8	7.0	223.8	342.5	29.2	.0	.0	
34.2	16.9	12.4	129.4	133.1	83.3	.0	.0	
35.2	26.0	10.0	244.2	144.7	75.8	.0	.0	
38.7	29.5	7.7	124.6	136.5	78.3	.0	.0	
49.2	33.9	10.2	166.2	239.5	72.5	.0	.0	
45.1	28.6	11.8	276.6	372.1	55.4	.0	.0	
51.6	29.4	9.1	197.0	382.8	23.8	.0	.0	
46.0	28.2	9.9	130.6	250.1	73.3	.0	.0	
33.2	22.0	16.3	295.0	145.5	97.1	.0	.0	
36.0	18.4	5.5	149.8	252.1	53.8	.0	.0	
39.3	32.9	9.2	186.6	149.1	97.1	23.6	.0	
36.3	28.8	7.5	209.8	173.7	80.0	.0	.0	
34.5	26.4	9.5	255.4	176.8	87.9	.0	.0	
32.4	22.9	8.0	254.6	249.3	59.6	.0	.0	
33.3	18.1	7.1	194.6	418.0	7.1	.0	.0	
45.3	25.4	10.2	178.6	438.5	15.8	.0	.0	
4 30 1994
48.7	31.6	5.5	136.6	454.8	8.8	.0	.0	
39.9	27.4	13.9	285.8	161.6	91.2	.0	.0	
39.0	19.0	8.7	242.6	457.0	22.1	.0	.0	
39.4	31.7	9.8	210.2	165.1	91.2	47.2	.0	
29.0	20.4	9.7	307.8	241.8	68.8	.0	.0	
31.2	14.0	7.9	216.6	339.6	39.6	.0	.0	
41.7	20.5	10.7	165.4	342.0	65.4	.0	.0	
44.7	31.6	14.8	160.2	185.1	79.1	.0	.0	
45.0	32.6	13.0	237.0	327.2	42.9	.0	.0	
46.2	25.2	6.6	187.0	403.2	57.1	.0	.0	
46.3	22.9	10.4	87.8	193.2	70.4	.0	.0	
42.7	35.7	10.4	87.8	172.5	99.1	102.4	.0	
44.5	40.2	6.1	167.0	199.7	75.8	.0	.0	
56.3	42.4	8.0	126.6	412.0	47.9	11.8	.0	
49.5	40.5	18.6	241.4	184.5	96.7	141.7	.0	
53.0	28.2	18.6	285.8	480.8	23.3	.0	.0	
54.7	29.4	9.7	251.8	526.4	16.7	.0	.0	
65.0	39.1	12.6	212.6	497.7	24.2	.0	.0	
54.1	25.1	13.4	273.0	542.7	2.1	.0	.0	
46.5	21.8	6.5	249.4	222.6	72.5	.0	.0	
50.7	23.3	7.1	224.2	508.2	48.3	.0	.0	
52.8	24.1	7.3	144.6	555.8	7.1	.0	.0	
62.8	35.0	15.7	181.8	489.0	42.9	.0	.0	
72.5	56.6	12.7	181.0	250.8	92.5	240.2	.0	
61.9	58.4	10.1	117.4	201.6	99.6	263.8	.0	
65.2	47.7	16.6	176.6	383.4	68.8	55.1	.0	
43.7	31.4	13.6	197.4	201.6	100.0	.0	.0	
36.4	30.5	10.8	76.2	203.0	100.0	35.4	.0	
40.3	29.1	12.6	260.2	319.2	90.4	.0	.0	
40.2	32.1	7.0	113.8	205.8	86.7	.0	.0	
5 31 1994
46.7	31.5	7.5	195.0	438.3	44.2	.0	.0	
50.8	33.0	6.0	139.4	451.9	37.5	.0	.0	
55.2	36.4	9.9	153.0	450.8	51.2	.0	.0	
56.4	43.4	8.8	192.2	238.6	86.2	11.8	.0	
46.9	35.8	8.1	219.0	325.3	53.3	.0	.0	
49.2	33.1	6.1	172.2	430.1	61.2	.0	.0	
54.6	38.6	6.9	254.2	517.3	46.7	11.8	.0	
59.5	42.9	13.2	220.6	376.2	44.2	.0	.0	
58.4	31.5	11.0	251.0	526.9	20.8	.0	.0	
60.9	37.5	9.7	129.0	591.6	34.2	.0	.0	
65.1	45.6	14.6	258.6	465.0	57.1	43.3	.0	
58.3	41.5	5.7	169.4	578.5	23.8	.0	.0	
64.8	43.6	12.5	156.6	410.5	51.7	.0	.0	
60.0	52.1	11.5	181.4	222.4	98.3	35.4	.0	
60.8	47.5	11.8	266.2	611.9	20.0	.0	.0	
57.2	42.6	6.3	146.6	558.3	26.7	.0	.0	
59.5	37.6	7.7	112.2	620.1	18.8	.0	.0	
63.2	40.0	6.3	121.4	465.8	39.2	.0	.0	
65.6	43.4	6.3	153.8	644.5	3.8	.0	.0	
69.3	48.5	7.6	155.4	651.9	.4	.0	.0	
72.2	50.4	8.4	157.4	640.9	22.9	.0	.0	
72.8	54.2	7.0	220.2	620.3	31.7	.0	.0	
64.9	57.4	6.8	99.8	339.8	71.2	31.5	.0	
66.6	58.6	7.8	192.2	265.2	79.2	.0	.0	
61.1	53.9	8.2	263.4	268.7	85.4	11.8	.0	
54.0	36.9	12.0	283.0	515.4	35.4	.0	.0	
57.1	38.6	5.4	152.2	608.4	13.3	.0	.0	
70.0	47.3	11.0	183.0	492.9	32.5	.0	.0	
71.4	58.5	11.3	176.6	300.6	75.8	.0	.0	
74.0	63.7	11.5	174.2	389.3	57.5	11.8	.0	
68.5	47.1	12.1	284.6	672.5	7.9	.0	.0	
6 30 1994
62.9	44.9	8.1	259.8	360.5	62.1	.0	.0	
60.7	35.2	6.0	72.2	546.1	57.1	.0	.0	
63.1	42.8	5.4	172.6	678.8	5.4	.0	.0	
68.6	47.9	8.0	144.2	635.6	32.5	.0	.0	
68.4	59.8	7.7	183.0	265.3	87.9	23.6	.0	
73.2	62.7	6.1	190.6	610.1	52.5	.0	.0	
62.6	58.3	7.7	80.6	239.5	97.9	35.4	.0	
58.8	42.6	10.4	71.0	491.9	61.2	11.8	.0	
61.1	44.8	6.6	138.2	450.4	71.7	.0	.0	
65.8	54.1	8.9	158.2	459.4	69.6	51.2	.0	
68.3	51.7	10.7	217.0	520.9	40.8	11.8	.0	
71.7	55.1	9.0	163.8	486.0	57.5	31.5	.0	
73.8	63.5	7.2	210.2	427.4	75.8	.0	.0	
82.6	69.6	18.4	164.2	432.0	60.4	.0	.0	
84.3	69.9	14.2	182.2	413.0	61.7	.0	.0	
84.5	68.0	13.8	181.4	537.4	32.5	.0	.0	
84.7	69.0	10.7	171.0	580.7	47.5	.0	.0	
79.6	68.8	5.7	154.2	476.7	75.4	.0	.0	
77.2	68.9	7.5	122.2	328.7	92.1	11.8	.0	
79.4	67.5	7.1	214.2	254.8	95.8	.0	.0	
76.0	58.3	7.7	270.2	668.2	36.7	.0	.0	
74.5	59.1	5.2	118.2	367.8	87.5	.0	.0	
65.4	61.6	8.2	130.6	246.1	96.7	70.9	.0	
70.8	58.6	8.0	259.4	479.9	58.8	.0	.0	
73.3	60.7	7.2	193.4	510.8	59.2	31.5	.0	
68.4	60.2	7.6	201.4	355.9	62.1	.0	.0	
71.1	61.7	10.7	154.6	315.3	70.4	39.4	.0	
70.4	60.1	13.6	228.6	365.9	61.7	11.8	.0	
70.4	61.9	13.9	298.6	363.0	63.8	.0	.0	
73.0	61.0	9.5	190.2	420.9	70.8	.0	.0	
7 31 1994
74.4	57.4	11.8	287.0	580.3	68.3	.0	.0	
66.5	48.7	9.2	65.0	652.7	34.6	.0	.0	
68.5	55.7	7.5	109.4	346.0	68.8	.0	.0	
71.1	68.6	7.1	147.4	268.6	71.2	102.4	.0	
79.3	70.8	8.0	158.2	491.5	67.5	11.8	.0	
75.8	67.5	8.6	147.4	341.0	88.8	129.9	.0	
74.3	68.7	7.6	145.0	375.7	89.2	122.0	.0	
65.8	60.1	10.4	195.4	238.2	100.0	63.0	.0	
66.1	57.9	10.4	244.2	245.5	81.2	.0	.0	
67.1	54.2	7.3	122.2	653.0	19.6	.0	.0	
76.5	65.8	11.8	200.6	386.8	77.1	11.8	.0	
72.1	62.2	5.2	186.2	347.8	57.5	.0	.0	
62.0	58.3	6.8	60.2	240.3	85.8	11.8	.0	
60.5	56.3	7.3	209.8	234.9	87.5	11.8	.0	
69.7	59.0	6.2	177.4	557.0	64.6	.0	.0	
68.8	63.7	6.2	141.8	257.7	95.4	.0	.0	
72.4	61.6	7.2	217.4	595.2	36.7	.0	.0	
74.6	64.2	8.1	167.8	331.6	68.3	.0	.0	
75.7	67.4	11.5	173.8	317.1	93.3	59.1	.0	
73.9	63.3	10.9	199.8	462.0	58.8	.0	.0	
71.5	62.2	10.6	207.4	373.8	64.6	.0	.0	
71.0	63.7	9.2	264.2	364.9	57.9	.0	.0	
73.0	62.7	8.9	223.0	492.3	24.6	.0	.0	
68.9	59.2	6.8	150.2	475.6	42.9	11.8	.0	
68.5	53.5	10.2	256.2	590.3	39.2	.0	.0	
65.0	54.5	10.0	305.8	259.9	82.9	.0	.0	
64.5	56.9	6.2	215.8	415.8	45.0	11.8	.0	
67.2	58.3	4.0	158.6	491.9	65.4	.0	.0	
70.8	62.3	5.5	153.8	332.9	89.2	.0	.0	
72.2	62.3	8.8	160.6	294.5	90.4	.0	.0	
74.8	65.6	11.4	162.2	236.8	80.4	31.5	.0	
8 31 1994
75.2	65.3	6.8	149.4	375.7	57.5	.0	.0	
71.2	62.2	6.8	120.6	513.0	34.6	.0	.0	
72.0	66.3	7.9	174.2	263.8	89.6	23.6	.0	
65.5	55.1	11.5	202.2	281.2	60.4	.0	.0	
59.7	46.2	4.9	186.6	559.6	32.1	.0	.0	
63.4	51.6	8.8	146.2	386.3	68.3	.0	.0	
70.2	59.3	10.0	153.0	241.8	73.3	.0	.0	
64.7	56.7	10.0	248.2	214.6	80.0	.0	.0	
58.1	50.9	6.4	144.6	221.5	76.7	.0	.0	
56.3	54.0	8.4	93.4	208.5	100.0	291.3	.0	
62.7	57.4	6.4	211.4	207.5	96.7	.0	.0	
67.1	61.9	8.4	151.0	205.8	99.2	.0	.0	
69.7	62.2	8.7	251.8	244.9	70.0	11.8	.0	
61.6	47.6	9.9	247.4	570.5	5.4	.0	.0	
65.0	52.8	4.8	131.0	574.7	2.1	.0	.0	
68.4	58.2	8.2	147.4	550.7	40.0	.0	.0	
71.3	62.9	8.6	137.8	285.6	82.1	11.8	.0	
69.6	63.9	6.4	182.6	296.5	77.5	43.3	.0	
68.1	63.0	8.1	201.4	240.3	87.1	51.2	.0	
65.2	57.2	11.1	316.2	219.1	80.0	.0	.0	
64.5	56.2	5.5	234.6	489.7	17.1	.0	.0	
66.7	56.8	7.4	135.8	454.7	52.1	.0	.0	
72.8	61.1	13.2	161.4	453.6	40.0	.0	.0	
77.7	64.4	9.1	193.0	538.4	7.9	11.8	.0	
74.8	65.8	9.7	160.6	356.1	70.8	11.8	.0	
72.7	65.5	4.3	173.4	372.8	62.5	.0	.0	
77.4	69.6	12.7	186.6	269.7	72.1	.0	.0	
65.8	50.5	11.9	283.0	466.4	27.9	.0	.0	
65.3	52.7	7.1	163.4	457.9	32.1	.0	.0	
62.4	57.5	8.4	208.6	178.8	98.8	51.2	.0	
59.3	50.1	10.2	243.8	265.9	70.4	.0	.0	
9 30 1994
57.9	49.3	5.3	202.6	284.5	81.7	.0	.0	
58.0	50.9	4.5	115.4	196.9	97.1	.0	.0	
61.9	54.4	8.4	122.2	199.9	90.0	11.8	.0	
59.2	53.1	13.5	141.0	170.4	98.3	11.8	.0	
64.0	56.7	7.9	197.0	217.8	67.5	.0	.0	
62.2	52.6	5.3	149.0	439.3	11.2	.0	.0	
65.9	55.3	7.2	173.4	457.0	37.5	11.8	.0	
69.4	59.5	6.2	182.6	399.2	37.1	.0	.0	
69.8	61.3	8.2	126.2	302.8	59.6	.0	.0	
72.1	62.9	6.9	142.2	296.2	42.1	.0	.0	
72.4	62.1	9.4	151.4	392.0	54.2	.0	.0	
73.4	63.6	10.0	162.2	156.2	92.9	.0	.0	
77.3	65.2	11.0	160.6	230.9	85.7	224.4	.0	
76.5	68.2	9.4	159.4	353.5	65.4	43.3	.0	
76.5	68.7	13.1	169.4	345.2	62.6	31.5	.0	
66.2	59.9	11.4	247.0	174.2	75.0	.0	.0	
64.8	53.9	8.7	245.8	420.0	25.0	.0	.0	
66.4	56.3	6.6	200.6	411.0	3.3	.0	.0	
67.2	57.7	6.1	143.4	373.3	35.4	.0	.0	
68.2	58.8	7.7	147.8	152.7	90.4	.0	.0	
69.6	59.6	10.0	145.0	345.1	77.9	126.0	.0	
63.4	59.3	6.3	121.0	151.9	99.2	47.2	.0	
62.0	58.6	5.0	65.4	140.7	99.6	23.6	.0	
65.4	59.6	5.9	226.6	134.6	99.2	.0	.0	
60.4	56.2	9.1	228.2	141.0	99.2	86.6	.0	
48.0	45.2	13.2	299.4	131.1	100.0	11.8	.0	
52.6	43.7	10.0	270.6	130.3	77.5	.0	.0	
54.6	45.4	9.7	233.4	236.1	30.8	.0	.0	
57.0	48.3	6.0	128.2	257.8	36.2	.0	.0	
60.0	53.2	8.3	93.8	142.2	90.4	43.3	.0	
10 31 1994
59.0	48.8	8.8	72.2	235.5	67.9	.0	.0	
51.8	44.3	6.6	101.4	120.6	99.6	23.6	.0	
54.1	46.6	6.4	128.6	126.9	92.5	11.8	.0	
54.1	48.1	3.9	183.4	117.2	100.0	.0	.0	
58.4	50.3	7.6	115.4	131.4	85.8	.0	.0	
66.2	54.4	14.3	156.2	156.0	84.6	.0	.0	
65.1	54.0	15.6	202.2	190.4	87.5	23.6	.0	
53.8	41.7	12.1	278.6	179.9	65.4	.0	.0	
48.2	35.5	11.4	250.2	294.2	25.4	.0	.0	
47.2	36.1	6.0	109.8	272.9	20.8	.0	.0	
51.7	38.1	9.0	143.8	301.3	.0	.0	.0	
53.3	38.9	6.0	107.0	296.7	.0	.0	.0	
51.2	41.9	3.5	129.8	214.6	26.7	.0	.0	
53.3	46.7	5.9	114.6	214.9	48.3	.0	.0	
61.2	51.6	9.8	115.4	99.0	100.0	.0	.0	
64.4	55.9	9.8	132.2	112.7	98.8	11.8	.0	
65.5	62.1	10.8	168.6	95.9	100.0	78.7	.0	
66.7	55.0	13.4	179.4	137.1	67.5	33.1	.0	
58.2	47.8	11.3	239.0	94.4	69.6	.0	.0	
54.9	44.5	8.7	241.4	222.7	27.1	.0	.0	
60.2	45.7	11.3	151.8	246.0	36.2	.0	.0	
54.7	48.0	11.9	183.4	98.3	50.4	11.8	.0	
49.0	35.7	15.6	263.4	93.9	73.3	.0	.0	
42.8	30.6	16.3	275.0	87.5	91.7	.0	.0	
42.2	29.8	13.3	312.6	84.1	99.2	.0	.0	
44.6	30.5	7.3	149.8	176.7	52.1	.0	.0	
53.9	31.8	15.6	172.2	232.5	5.0	.0	.0	
61.1	42.5	18.5	196.2	116.5	83.3	.0	.0	
54.1	36.3	10.2	237.0	209.0	41.2	.0	.0	
49.4	31.9	7.8	153.0	168.8	54.6	.0	.0	
44.9	30.2	5.5	208.2	76.3	78.3	.0	.0	
11 30 1994
43.6	25.6	7.3	185.8	167.0	51.2	.0	.0	
55.3	37.4	11.6	152.6	87.9	92.5	.0	.0	
52.5	44.2	9.1	277.4	76.8	99.6	.0	.0	
44.9	41.6	9.2	278.6	71.5	100.0	11.8	.0	
46.5	42.0	8.4	172.6	70.4	100.0	.0	.0	
44.0	33.3	10.7	259.4	101.3	64.2	.0	.0	
52.2	30.4	14.8	163.4	129.1	52.1	.0	.0	
50.4	29.6	8.4	261.4	67.2	85.4	.0	.0	
44.8	22.6	7.0	210.2	127.8	49.2	.0	.0	
39.2	26.8	5.8	110.6	147.1	47.9	.0	.0	
46.0	31.6	12.6	161.8	137.3	60.0	.0	.0	
48.6	41.7	11.3	159.0	63.3	98.8	.0	.0	
54.3	50.2	14.9	169.4	62.4	99.2	47.2	.0	
46.0	35.8	11.7	277.8	76.5	50.8	.0	.0	
36.5	28.5	2.1	82.6	172.2	16.2	.0	.0	
38.9	27.7	10.1	157.8	137.4	40.8	.0	.0	
48.6	33.1	16.4	161.4	84.4	85.0	11.8	.0	
41.1	27.9	21.5	237.4	58.2	80.0	.0	.0	
35.5	26.1	5.8	205.8	70.1	86.2	.0	.0	
43.0	31.6	7.3	125.0	56.6	100.0	70.9	.0	
38.1	31.1	19.6	271.4	56.3	86.2	35.4	.0	
32.1	16.1	14.0	250.2	157.8	.4	.0	.0	
35.9	20.0	10.2	217.4	148.2	12.1	.0	.0	
39.9	26.7	8.8	229.0	96.0	52.5	.0	.0	
33.0	20.2	4.9	157.4	151.4	12.1	.0	.0	
30.0	18.7	10.4	98.2	61.0	85.0	.0	.0	
35.5	29.6	13.0	124.6	52.1	100.0	78.7	.0	
31.7	26.3	18.3	259.8	51.5	100.0	11.8	.0	
27.0	19.4	10.3	259.4	101.4	75.8	.0	.0	
28.5	21.9	8.3	162.2	141.8	28.3	.0	.0	
12 31 1994
41.8	29.4	9.9	156.6	50.4	65.0	.0	.0	
41.4	31.2	7.3	151.0	141.7	.0	.0	.0	
41.5	32.7	9.5	183.4	72.0	87.9	.0	.0	
40.4	32.5	7.0	164.2	48.8	100.0	.0	.0	
28.3	12.2	12.8	317.4	51.4	98.3	.0	.0	
21.8	11.6	10.0	202.6	62.3	97.9	.0	.0	
24.5	16.4	7.2	223.4	108.6	68.3	.0	.0	
25.6	19.2	5.7	99.4	47.4	90.8	.0	.0	
25.7	20.6	9.2	252.2	80.4	72.1	.0	.0	
17.6	10.8	14.5	243.8	47.1	77.1	.0	.0	
9.6	-1.6	8.2	198.2	131.3	11.7	.0	.0	
16.9	9.8	9.7	169.8	82.4	52.1	.0	.0	
16.4	12.4	6.2	144.0	89.6	51.3	.0	.0	
20.3	16.8	8.1	100.6	46.0	100.0	.0	.0	
30.5	27.2	10.1	156.2	45.9	100.0	.0	30.0	
33.2	30.6	7.9	168.2	45.7	99.6	23.6	.0	
30.5	24.5	9.8	243.4	48.7	98.3	.0	.0	
23.2	17.5	9.9	229.8	51.6	79.6	.0	.0	
27.9	22.1	11.3	158.2	65.4	87.1	.0	.0	
35.3	28.4	6.4	116.2	81.0	62.5	.0	.0	
35.4	31.7	4.4	101.4	122.7	52.9	.0	.0	
33.3	31.0	8.5	231.0	45.5	77.1	.0	.0	
27.8	25.0	4.5	200.2	125.8	16.7	.0	.0	
28.1	26.3	8.5	162.6	81.3	42.5	.0	.0	
29.0	23.9	9.3	160.2	95.4	37.1	.0	.0	
33.9	27.6	10.4	160.2	130.6	28.3	.0	.0	
39.3	32.2	10.8	207.0	101.8	24.6	.0	.0	
33.2	24.3	11.2	287.0	85.4	51.2	.0	.0	
27.5	20.1	9.3	119.4	67.0	39.6	.0	.0	
29.2	23.2	6.1	154.6	49.0	81.7	.0	.0	
23.5	12.9	12.2	318.2	54.6	90.8	.0	.0	
