   1    31    1964
24.2	15.7	13.4	200.4	100.5	50.0	0.0	0.0	
34.0	26.9	9.7	190.4	122.4	81.0	0.0	0.0	
35.3	25.7	19.1	297.1	110.3	87.0	0.0	0.0	
32.8	22.5	9.3	205.0	173.4	2.0	0.0	0.0	
29.8	25.4	6.5	161.7	76.4	98.0	0.0	2.5	
26.6	21.0	7.9	212.1	164.4	61.0	0.0	0.0	
28.1	21.4	7.1	146.7	170.8	49.0	0.0	0.0	
31.7	28.6	5.4	102.5	76.0	98.0	0.0	38.1	
12.1	3.9	19.7	314.2	160.9	50.0	0.0	0.0	
4.2	-8.1	5.2	145.0	180.0	44.0	0.0	0.0	
12.4	1.2	13.0	62.9	106.8	98.0	0.0	0.0	
7.6	-3.9	15.0	94.6	164.7	48.0	0.0	0.0	
5.6	-4.3	6.7	180.4	201.6	9.0	0.0	0.0	
14.5	4.9	5.5	119.2	145.7	49.0	0.0	0.0	
18.2	10.7	11.7	224.6	186.1	21.0	0.0	0.0	
23.1	17.8	11.4	257.9	94.8	98.0	0.0	0.0	
33.2	23.7	17.1	210.4	122.6	59.0	0.0	0.0	
32.4	20.0	11.1	195.4	152.8	54.0	0.0	0.0	
33.3	28.5	9.2	213.8	98.5	98.0	13.0	0.0	
33.8	24.7	8.7	196.3	198.9	11.0	0.0	0.0	
37.7	26.3	8.1	164.2	197.0	20.0	0.0	0.0	
40.8	33.4	10.8	214.2	164.7	53.0	0.0	0.0	
31.8	24.5	11.2	172.1	152.6	92.0	0.0	5.1	
30.2	28.1	6.2	228.3	74.9	98.0	0.0	7.6	
14.5	6.0	19.9	287.9	125.8	86.0	0.0	7.6	
14.6	1.8	15.2	296.7	235.8	2.0	0.0	0.0	
6.0	-6.6	16.1	292.9	235.0	18.0	0.0	0.0	
9.9	-2.9	8.3	125.8	230.3	10.0	0.0	0.0	
28.1	18.4	12.9	259.6	218.0	54.0	0.0	0.0	
32.5	26.4	12.1	165.4	159.8	48.0	0.0	0.0	
35.4	28.7	8.5	247.5	227.6	17.0	0.0	0.0	
   2    29    1964
31.6	23.3	7.6	197.5	128.3	86.0	0.0	0.0	
26.3	16.9	9.7	89.2	220.9	33.0	0.0	0.0	
23.9	17.1	3.9	92.9	238.3	2.0	0.0	0.0	
37.7	26.5	11.4	197.5	230.0	44.0	0.0	0.0	
38.0	29.1	7.3	155.0	255.8	4.0	0.0	0.0	
30.5	22.9	17.6	276.3	108.9	98.0	0.0	0.0	
18.3	8.6	17.0	328.3	109.0	69.0	0.0	0.0	
16.5	5.3	5.6	133.3	250.9	8.0	0.0	0.0	
19.1	10.6	2.8	107.9	213.4	86.0	0.0	0.0	
22.2	15.0	5.3	187.1	229.6	40.0	0.0	0.0	
28.0	15.2	15.3	192.1	248.0	55.0	0.0	0.0	
33.9	23.0	13.5	225.0	111.9	98.0	0.0	0.0	
29.1	22.0	12.0	265.8	128.4	73.0	0.0	2.5	
28.8	18.2	9.4	187.9	241.3	59.0	0.0	0.0	
28.8	19.9	9.3	203.3	219.7	75.0	0.0	0.0	
26.1	14.9	10.4	139.2	297.3	23.0	0.0	0.0	
35.6	23.8	12.3	197.5	242.7	48.0	0.0	0.0	
33.8	26.5	8.6	232.9	179.3	68.0	0.0	0.0	
29.6	20.7	16.7	213.8	160.1	91.0	0.0	0.0	
21.2	12.1	14.3	291.7	166.5	70.0	0.0	0.0	
17.3	7.0	10.1	292.5	280.6	13.0	0.0	0.0	
27.3	15.9	13.6	199.6	198.2	63.0	0.0	5.1	
11.6	3.5	15.2	283.3	168.2	79.0	0.0	0.0	
20.9	7.1	14.7	176.7	177.6	82.0	0.0	0.0	
20.5	7.7	16.5	319.6	201.3	79.0	0.0	2.5	
13.4	-3.0	13.4	245.8	288.5	23.0	0.0	0.0	
22.2	6.4	14.3	217.1	327.0	51.0	0.0	0.0	
31.4	14.7	8.0	190.4	277.4	28.0	0.0	0.0	
45.4	14.0	19.9	206.7	358.2	31.0	0.0	0.0	
   3    31    1964
43.2	21.3	9.5	185.4	308.0	39.0	0.0	0.0	
45.5	26.4	11.9	245.4	236.4	77.0	0.0	0.0	
33.9	29.8	11.5	104.6	150.3	98.0	24.0	0.0	
32.9	28.0	19.0	141.7	198.1	98.0	3.0	0.0	
25.4	14.4	15.6	230.0	350.9	14.0	0.0	0.0	
35.1	25.1	12.9	222.5	163.8	94.0	24.0	0.0	
22.2	12.9	12.9	230.8	375.1	39.0	0.0	0.0	
25.9	21.0	10.4	103.8	167.6	98.0	0.0	5.1	
26.8	17.7	10.2	256.7	411.8	29.0	0.0	0.0	
27.7	17.3	4.0	112.9	383.5	41.0	0.0	0.0	
31.5	28.1	8.0	162.1	162.0	98.0	0.0	7.6	
37.6	28.9	11.7	163.8	336.4	66.0	0.0	0.0	
44.3	34.2	15.1	189.6	195.8	98.0	0.0	0.0	
38.0	23.1	16.8	285.0	278.8	44.0	0.0	0.0	
38.5	20.2	6.4	196.7	406.7	26.0	0.0	0.0	
36.7	17.1	18.2	263.8	354.3	39.0	0.0	0.0	
14.2	-0.7	18.1	323.8	413.5	30.0	0.0	0.0	
25.3	8.9	6.3	88.3	431.5	36.0	0.0	0.0	
34.2	18.6	17.2	129.6	189.3	98.0	3.0	0.0	
30.4	25.9	11.4	135.8	227.8	98.0	0.0	38.1	
31.2	22.0	13.5	281.7	329.0	58.0	0.0	2.5	
32.8	22.0	10.1	115.8	388.6	59.0	0.0	0.0	
41.7	29.3	17.9	175.8	311.8	88.0	0.0	0.0	
27.8	16.3	17.6	297.9	372.4	73.0	0.0	0.0	
20.9	14.5	16.4	104.6	191.5	98.0	0.0	35.6	
20.0	10.9	18.2	307.1	447.4	53.0	0.0	5.1	
20.3	14.2	6.8	182.9	300.7	89.0	0.0	0.0	
20.5	9.7	12.2	258.8	421.0	24.0	0.0	2.5	
19.1	12.2	16.4	263.8	263.4	75.0	0.0	5.1	
20.8	10.1	8.8	201.3	247.6	81.0	0.0	0.0	
27.1	14.8	8.1	182.5	500.7	40.0	0.0	0.0	
   4    30    1964
36.3	21.7	13.0	165.4	530.3	38.0	0.0	0.0	
41.2	32.1	13.2	101.3	218.9	98.0	10.0	0.0	
35.4	17.3	14.1	63.8	541.2	8.0	0.0	0.0	
33.6	17.3	11.3	130.4	372.2	66.0	0.0	0.0	
34.9	29.7	11.7	125.4	174.5	98.0	26.0	0.0	
43.3	38.7	9.8	205.4	253.2	98.0	0.0	0.0	
34.6	30.3	18.8	333.8	222.3	98.0	7.0	0.0	
33.5	19.5	17.5	284.2	554.1	19.0	0.0	0.0	
43.6	26.9	11.1	202.1	523.7	18.0	0.0	0.0	
48.8	26.9	8.0	111.7	574.4	3.0	0.0	0.0	
56.9	37.8	16.3	191.3	201.4	98.0	0.0	0.0	
57.3	44.7	14.3	168.8	288.7	83.0	10.0	0.0	
46.3	39.3	29.0	222.9	176.6	98.0	65.0	0.0	
46.3	25.7	25.5	277.5	257.4	81.0	0.0	0.0	
49.7	28.9	12.7	174.6	436.8	59.0	0.0	0.0	
67.4	40.0	15.1	179.6	514.1	64.0	0.0	0.0	
61.3	42.6	18.8	243.3	471.9	71.0	0.0	0.0	
46.2	23.2	11.6	91.7	383.6	78.0	0.0	0.0	
48.5	25.8	9.2	113.8	420.7	63.0	0.0	0.0	
49.4	38.2	13.1	124.2	252.5	98.0	15.0	0.0	
53.2	46.7	20.2	195.0	268.0	98.0	11.0	0.0	
49.2	37.7	13.8	276.3	514.8	43.0	0.0	0.0	
52.4	34.6	7.7	97.5	571.9	20.0	0.0	0.0	
52.0	33.2	10.7	128.3	622.9	4.0	0.0	0.0	
55.4	37.1	12.3	139.6	619.4	29.0	0.0	0.0	
59.9	44.1	18.0	123.3	521.1	83.0	0.0	0.0	
62.1	51.2	15.6	135.8	517.6	94.0	20.0	0.0	
57.6	46.8	8.4	171.7	298.4	91.0	29.0	0.0	
45.8	43.5	17.6	347.9	236.9	98.0	26.0	0.0	
50.3	48.0	10.1	157.1	274.5	98.0	42.0	0.0	
   5    31    1964
49.5	47.6	7.1	109.2	222.3	98.0	1.0	0.0	
60.4	50.5	8.8	112.5	428.4	73.0	0.0	0.0	
69.3	51.3	16.7	148.8	615.1	43.0	25.0	0.0	
72.1	59.8	15.1	182.5	498.3	53.0	0.0	0.0	
74.1	61.8	16.9	172.9	407.4	84.0	0.0	0.0	
72.7	50.9	21.0	210.8	438.3	57.0	6.0	0.0	
67.4	52.8	14.2	193.3	512.2	36.0	0.0	0.0	
65.1	57.1	17.0	203.3	247.1	97.0	15.0	0.0	
54.5	45.0	19.4	284.6	283.3	96.0	0.0	0.0	
59.9	45.2	6.7	183.8	564.7	15.0	0.0	0.0	
63.2	49.1	9.4	177.9	463.7	80.0	4.0	0.0	
56.4	53.5	9.4	105.0	185.6	98.0	69.0	0.0	
55.3	41.9	11.5	112.1	604.4	20.0	0.0	0.0	
59.5	46.5	11.7	165.8	651.1	31.0	0.0	0.0	
66.5	56.1	10.8	173.3	455.1	88.0	22.0	0.0	
64.6	53.9	7.7	232.1	581.0	36.0	0.0	0.0	
60.6	54.9	8.9	157.1	312.3	91.0	26.0	0.0	
74.3	59.6	14.1	179.6	569.7	73.0	0.0	0.0	
68.9	50.6	13.8	251.3	701.2	3.0	0.0	0.0	
59.5	45.7	8.4	111.3	674.3	13.0	0.0	0.0	
71.5	54.4	13.3	166.7	685.2	3.0	0.0	0.0	
79.5	60.0	15.5	182.5	649.6	24.0	0.0	0.0	
75.8	62.6	17.0	182.1	554.6	86.0	23.0	0.0	
65.6	53.1	15.6	241.3	591.6	43.0	0.0	0.0	
67.1	52.6	11.5	161.3	592.4	64.0	0.0	0.0	
66.9	48.7	14.0	267.9	528.8	49.0	0.0	0.0	
58.3	37.5	11.5	199.6	676.7	38.0	0.0	0.0	
55.9	39.4	8.1	155.0	630.5	58.0	0.0	0.0	
57.2	40.4	5.5	143.8	593.4	84.0	0.0	0.0	
59.0	47.1	6.0	128.8	420.6	93.0	0.0	0.0	
56.3	35.8	10.9	271.7	685.5	10.0	0.0	0.0	
   6    30    1964
54.5	40.0	7.6	240.8	591.3	56.0	8.0	0.0	
56.7	41.8	8.1	173.3	564.7	66.0	0.0	0.0	
61.0	39.4	9.6	194.2	711.9	3.0	0.0	0.0	
60.2	40.0	5.6	146.3	736.2	27.0	0.0	0.0	
65.9	48.7	11.3	160.0	649.0	11.0	0.0	0.0	
63.6	54.1	9.2	164.6	394.1	85.0	0.0	0.0	
67.8	57.7	7.7	131.3	640.0	66.0	0.0	0.0	
78.2	64.1	15.2	150.4	602.9	60.0	0.0	0.0	
75.7	60.5	19.8	223.3	359.5	91.0	2.0	0.0	
62.9	48.5	10.2	120.0	566.3	48.0	2.0	0.0	
58.2	52.5	9.1	114.6	264.6	98.0	22.0	0.0	
73.3	62.9	12.4	194.2	582.8	49.0	8.0	0.0	
71.3	59.9	6.3	191.7	493.7	73.0	0.0	0.0	
68.6	61.8	5.1	102.5	378.7	88.0	0.0	0.0	
64.8	54.4	11.4	145.8	460.9	69.0	0.0	0.0	
58.3	39.1	9.1	126.7	407.5	90.0	1.0	0.0	
65.4	57.3	10.0	137.5	294.2	98.0	0.0	0.0	
76.8	68.4	16.2	167.1	492.0	70.0	1.0	0.0	
78.0	55.7	11.8	181.7	733.9	6.0	0.0	0.0	
74.7	61.3	5.3	134.6	588.1	56.0	0.0	0.0	
73.2	62.8	8.3	141.7	504.9	82.0	0.0	0.0	
69.1	65.0	9.8	117.9	406.9	93.0	41.0	0.0	
68.9	55.4	19.1	254.2	520.8	53.0	22.0	0.0	
69.7	57.1	11.1	267.1	674.8	11.0	0.0	0.0	
79.0	62.5	11.9	182.5	685.6	2.0	0.0	0.0	
81.6	62.8	12.1	186.7	728.1	8.0	0.0	0.0	
79.5	63.3	6.8	170.8	713.6	18.0	0.0	0.0	
78.9	63.5	8.5	140.4	683.4	2.0	0.0	0.0	
80.6	65.0	9.9	168.3	705.4	5.0	0.0	0.0	
79.1	66.9	8.9	175.8	657.1	24.0	1.0	0.0	
   7    31    1964
74.8	67.7	5.9	127.1	357.3	88.0	0.0	0.0	
76.3	65.3	6.7	187.1	666.1	40.0	0.0	0.0	
72.2	54.0	10.8	292.9	645.0	64.0	0.0	0.0	
67.3	54.2	3.7	69.2	711.7	4.0	0.0	0.0	
68.4	55.4	10.9	135.8	560.1	83.0	0.0	0.0	
71.1	59.4	10.3	112.1	368.7	81.0	0.0	0.0	
76.1	64.8	7.9	199.2	598.9	79.0	0.0	0.0	
74.3	65.7	6.9	133.3	613.1	58.0	0.0	0.0	
72.0	63.6	7.2	103.3	524.8	62.0	0.0	0.0	
72.3	62.3	8.2	135.0	636.4	41.0	0.0	0.0	
68.7	61.9	5.7	83.8	334.1	85.0	31.0	0.0	
64.9	50.5	14.0	191.3	653.6	37.0	0.0	0.0	
67.0	51.5	12.3	264.2	593.8	37.0	0.0	0.0	
71.9	56.8	6.6	175.4	622.7	45.0	0.0	0.0	
76.8	64.8	9.8	144.2	694.2	3.0	0.0	0.0	
82.6	67.7	15.0	182.5	651.9	33.0	0.0	0.0	
86.2	71.0	15.8	187.9	657.4	36.0	0.0	0.0	
80.8	72.4	10.2	169.6	530.7	90.0	0.0	0.0	
83.6	72.6	9.1	170.4	664.5	2.0	0.0	0.0	
80.3	71.4	8.8	165.0	379.5	61.0	13.0	0.0	
83.2	70.8	3.3	112.1	592.3	36.0	0.0	0.0	
81.3	69.2	5.0	88.8	645.6	43.0	0.0	0.0	
83.5	71.6	9.9	145.8	633.5	22.0	0.0	0.0	
82.1	69.9	10.5	187.5	606.1	30.0	0.0	0.0	
76.2	58.9	5.6	140.8	639.8	35.0	0.0	0.0	
75.9	57.2	7.2	202.5	671.1	40.0	0.0	0.0	
76.2	65.8	11.8	174.2	458.9	85.0	23.0	0.0	
78.6	68.7	11.8	183.3	647.8	22.0	45.0	0.0	
71.3	56.3	10.0	203.8	622.7	17.0	0.0	0.0	
65.9	60.1	9.1	119.6	333.0	71.0	4.0	0.0	
72.6	62.5	12.1	152.5	608.6	46.0	2.0	0.0	
   8    31    1964
83.4	72.3	12.3	169.6	493.5	63.0	0.0	0.0	
88.9	71.9	11.9	166.3	636.5	4.0	0.0	0.0	
84.5	59.6	9.3	181.3	551.6	43.0	0.0	0.0	
80.8	60.5	4.8	109.6	589.0	42.0	0.0	0.0	
78.7	61.8	8.6	120.0	618.6	2.0	0.0	0.0	
74.5	63.2	11.1	167.1	316.7	59.0	0.0	0.0	
72.4	54.4	13.4	268.3	637.8	2.0	0.0	0.0	
65.4	47.1	8.3	183.8	628.9	2.0	0.0	0.0	
60.4	54.5	10.1	146.7	216.1	89.0	20.0	0.0	
70.7	59.0	10.4	170.0	621.1	48.0	16.0	0.0	
60.5	52.7	17.9	273.8	300.8	75.0	0.0	0.0	
57.0	45.4	15.3	314.6	301.0	98.0	0.0	0.0	
58.3	44.7	7.1	236.3	476.0	40.0	0.0	0.0	
60.0	46.5	7.0	140.4	630.9	3.0	0.0	0.0	
65.5	52.2	6.2	142.9	446.3	48.0	0.0	0.0	
72.7	56.7	7.0	174.6	532.6	53.0	0.0	0.0	
71.2	54.8	6.3	198.8	564.5	18.0	0.0	0.0	
69.1	59.9	4.9	116.7	488.9	40.0	0.0	0.0	
70.3	62.2	8.9	144.6	392.1	42.0	14.0	0.0	
68.7	63.9	12.2	107.9	319.3	92.0	85.0	0.0	
71.7	60.2	11.1	194.2	553.1	49.0	13.0	0.0	
63.4	60.1	10.4	213.3	227.7	84.0	10.0	0.0	
61.2	54.0	12.7	277.5	309.5	64.0	0.0	0.0	
62.4	57.6	11.4	195.8	289.5	58.0	1.0	0.0	
60.2	47.0	11.7	232.5	431.4	18.0	0.0	0.0	
62.9	50.4	10.9	150.0	525.6	51.0	0.0	0.0	
74.7	63.4	15.3	164.6	392.2	86.0	24.0	0.0	
72.0	59.4	13.8	212.5	537.8	38.0	2.0	0.0	
71.2	61.0	12.8	156.3	514.2	30.0	22.0	0.0	
67.0	57.0	14.0	228.8	452.2	33.0	0.0	0.0	
64.5	56.0	6.0	173.3	548.8	5.0	0.0	0.0	
   9    30    1964
65.5	59.6	10.7	137.9	299.6	65.0	14.0	0.0	
75.6	67.0	14.1	159.2	427.1	44.0	0.0	0.0	
72.9	70.1	10.4	169.6	261.4	81.0	103.0	0.0	
65.5	51.3	16.5	264.2	509.8	6.0	0.0	0.0	
63.5	52.2	6.4	145.0	523.9	16.0	0.0	0.0	
66.6	60.6	9.2	131.3	372.6	52.0	48.0	0.0	
73.7	66.8	9.9	175.0	378.1	73.0	239.0	0.0	
73.4	68.5	5.0	101.7	382.8	68.0	27.0	0.0	
76.0	70.6	11.2	149.6	396.3	35.0	34.0	0.0	
66.4	59.3	15.2	276.3	326.3	56.0	30.0	0.0	
52.0	39.6	12.1	262.9	447.0	21.0	0.0	0.0	
52.3	41.5	6.1	203.3	471.8	25.0	0.0	0.0	
57.4	48.4	10.6	165.4	490.3	24.0	0.0	0.0	
57.7	48.6	11.7	267.5	218.4	70.0	0.0	0.0	
50.5	40.4	8.4	115.8	391.4	64.0	0.0	0.0	
56.0	51.1	9.4	152.5	371.9	55.0	0.0	0.0	
64.2	60.3	7.1	147.5	340.7	70.0	0.0	0.0	
61.2	60.2	8.8	105.4	211.8	98.0	3.0	0.0	
63.5	61.6	4.1	90.4	221.7	87.0	1.0	0.0	
63.9	62.3	9.1	216.3	220.6	98.0	74.0	0.0	
60.6	57.8	5.2	201.7	227.2	98.0	0.0	0.0	
60.8	55.8	6.2	125.8	313.7	79.0	18.0	0.0	
52.7	46.7	22.7	261.3	175.7	70.0	8.0	0.0	
50.1	43.2	14.7	257.1	189.5	81.0	0.0	0.0	
54.7	49.3	10.2	147.1	306.1	80.0	0.0	0.0	
60.5	50.6	20.4	217.9	179.3	85.0	0.0	0.0	
45.0	33.7	14.4	248.3	290.6	45.0	0.0	0.0	
46.0	38.4	9.3	143.8	431.8	21.0	0.0	0.0	
51.7	44.5	7.2	160.0	424.9	3.0	0.0	0.0	
54.6	47.1	13.0	130.8	241.3	72.0	0.0	0.0	
  10    31    1964
64.8	50.5	19.2	186.3	349.7	64.0	37.0	0.0	
57.1	41.4	14.1	215.0	388.8	24.0	4.0	0.0	
59.0	36.8	18.7	224.6	401.8	3.0	0.0	0.0	
47.0	38.9	18.7	304.2	219.5	56.0	4.0	0.0	
43.2	31.2	13.8	252.1	214.9	48.0	0.0	0.0	
39.3	30.7	8.0	205.4	269.2	70.0	0.0	0.0	
50.8	37.2	17.6	200.4	172.0	98.0	0.0	0.0	
42.1	34.0	18.8	330.4	170.0	86.0	0.0	0.0	
36.2	22.5	10.4	235.4	380.7	2.0	0.0	0.0	
36.1	23.5	4.0	95.4	369.6	3.0	0.0	0.0	
41.6	32.0	9.3	165.4	161.6	78.0	6.0	0.0	
47.7	43.1	5.5	162.1	300.7	45.0	0.0	0.0	
46.5	44.3	4.6	115.8	241.4	43.0	0.0	0.0	
53.3	46.2	6.2	163.8	338.1	32.0	0.0	0.0	
58.5	47.4	6.3	139.6	332.9	2.0	0.0	0.0	
63.2	47.7	9.0	165.4	339.0	2.0	0.0	0.0	
57.2	47.9	5.4	187.5	223.4	68.0	0.0	0.0	
47.0	31.8	8.2	267.1	287.2	25.0	0.0	0.0	
39.9	24.4	8.9	308.3	197.2	77.0	0.0	0.0	
44.1	26.1	8.3	197.1	188.5	85.0	0.0	0.0	
45.1	30.8	15.9	280.8	136.5	57.0	0.0	0.0	
38.1	29.8	5.8	205.0	127.9	73.0	0.0	0.0	
40.2	28.9	6.1	174.2	292.1	25.0	0.0	0.0	
50.4	36.3	8.9	148.3	306.6	2.0	0.0	0.0	
62.9	43.3	12.9	196.3	302.2	4.0	0.0	0.0	
57.7	45.2	8.2	146.7	243.7	47.0	0.0	0.0	
56.1	48.1	8.8	159.6	163.0	69.0	0.0	0.0	
46.1	35.8	11.5	257.5	205.8	64.0	1.0	0.0	
38.9	31.1	7.5	221.7	252.5	33.0	0.0	0.0	
48.6	34.7	10.2	142.5	238.6	35.0	0.0	0.0	
55.1	32.6	11.1	162.1	111.3	79.0	0.0	0.0	
  11    30    1964
53.2	41.3	9.5	140.4	90.0	74.0	15.0	0.0	
57.7	52.5	8.2	146.3	225.1	74.0	0.0	0.0	
61.5	54.7	11.5	188.8	215.6	61.0	82.0	0.0	
52.3	50.7	10.6	289.2	87.2	80.0	47.0	0.0	
43.0	37.0	6.3	210.8	254.4	8.0	0.0	0.0	
48.6	47.4	5.5	144.2	85.2	96.0	0.0	0.0	
47.8	47.3	2.9	97.9	128.3	90.0	0.0	0.0	
50.2	48.7	8.2	154.6	155.1	69.0	0.0	0.0	
53.8	49.2	10.3	195.4	122.2	57.0	0.0	0.0	
49.5	46.0	9.9	114.6	151.8	83.0	0.0	0.0	
61.0	53.2	10.7	172.5	210.0	51.0	2.0	0.0	
53.8	47.2	19.8	224.6	94.1	95.0	4.0	0.0	
48.7	39.0	8.7	163.8	197.3	13.0	0.0	0.0	
56.3	39.8	12.4	160.0	196.7	32.0	0.0	0.0	
53.1	50.2	10.3	207.1	79.4	94.0	11.0	0.0	
36.3	30.5	14.7	287.9	140.0	54.0	0.0	0.0	
38.0	23.8	15.4	270.8	153.4	25.0	0.0	0.0	
30.0	17.4	9.6	278.8	183.1	41.0	0.0	0.0	
23.0	14.0	8.2	206.7	111.7	67.0	0.0	2.5	
15.3	8.4	16.9	221.3	104.1	77.0	0.0	162.6	
6.7	-4.3	11.3	245.8	216.9	14.0	0.0	0.0	
21.4	12.7	9.1	177.5	198.5	31.0	0.0	0.0	
29.9	25.7	6.0	147.9	199.3	2.0	0.0	0.0	
31.4	28.2	7.3	156.7	180.0	45.0	0.0	0.0	
34.9	30.0	9.3	192.5	180.7	58.0	0.0	0.0	
22.0	13.9	12.5	292.5	191.0	68.0	0.0	5.1	
28.5	25.2	8.7	143.3	58.8	98.0	0.0	20.3	
17.6	10.9	15.2	285.0	154.8	55.0	0.0	0.0	
5.4	-3.6	12.8	311.7	166.4	11.0	0.0	0.0	
5.4	-4.9	6.1	179.6	152.8	48.0	0.0	0.0	
  12    31    1964
17.9	11.9	7.3	139.0	78.5	98.0	0.0	5.1	
18.5	10.3	9.3	87.9	165.1	96.0	0.0	0.0	
19.1	9.5	7.0	60.4	142.0	95.0	0.0	0.0	
16.5	7.4	8.7	152.5	172.3	53.0	0.0	0.0	
9.5	3.0	4.7	209.2	188.0	2.0	0.0	0.0	
12.7	7.0	7.0	149.6	158.5	49.0	0.0	2.5	
24.8	21.4	2.3	107.9	79.8	98.0	0.0	15.2	
21.9	15.0	3.5	73.8	159.6	44.0	0.0	0.0	
25.8	22.6	12.4	170.0	74.5	95.0	0.0	2.5	
33.4	32.6	6.1	118.8	53.0	98.0	36.0	0.0	
35.0	33.5	9.5	186.7	77.6	98.0	4.0	0.0	
33.4	29.4	8.1	190.4	80.0	90.0	0.0	0.0	
26.7	16.3	12.9	246.7	146.3	53.0	0.0	0.0	
7.9	-2.3	14.9	292.9	142.6	20.0	0.0	0.0	
13.7	3.2	11.0	130.0	74.7	72.0	0.0	0.0	
16.0	5.6	15.5	271.3	117.5	80.0	0.0	0.0	
-3.7	-16.6	14.6	289.2	161.0	28.0	0.0	0.0	
4.7	-8.1	8.4	161.7	170.8	2.0	0.0	0.0	
15.9	9.0	7.8	117.1	81.5	95.0	0.0	15.2	
10.9	7.8	3.3	120.4	151.8	67.0	0.0	0.0	
21.7	15.5	11.2	228.8	99.8	78.0	0.0	0.0	
22.2	16.3	3.7	94.2	87.7	97.0	0.0	0.0	
30.1	29.8	5.2	123.8	83.1	98.0	0.0	0.0	
17.5	13.1	11.8	312.9	119.3	65.0	0.0	0.0	
10.7	6.0	6.0	253.3	65.7	98.0	0.0	25.4	
2.2	-5.2	3.1	135.4	173.7	2.0	0.0	0.0	
1.3	-6.8	2.4	57.9	162.6	25.0	0.0	0.0	
24.5	20.6	12.7	127.1	72.1	91.0	0.0	2.5	
31.6	31.1	3.2	118.3	59.8	98.0	0.0	33.0	
26.1	23.7	6.6	162.9	110.5	76.0	0.0	5.1	
23.2	19.7	7.7	147.1	123.0	67.0	0.0	5.1	
