   1    31    1971
21.5	13.8	13.9	280.4	91.0	54.0	0.0	0.0	
14.4	4.1	17.4	265.0	122.2	22.0	0.0	2.5	
2.4	-6.7	15.3	292.1	144.1	6.0	0.0	0.0	
-5.5	-16.2	15.4	290.8	126.2	37.0	0.0	5.1	
-4.3	-15.3	14.8	295.0	121.7	60.0	0.0	5.1	
1.3	-9.3	10.6	238.3	134.6	57.0	0.0	0.0	
5.2	-6.7	12.8	153.3	136.4	4.0	0.0	0.0	
10.3	1.2	11.1	121.7	67.8	98.0	0.0	0.0	
3.0	-7.1	15.6	308.3	124.8	53.0	0.0	12.7	
-8.3	-18.8	11.4	280.4	65.9	88.0	0.0	0.0	
-13.5	-24.5	10.8	327.9	107.4	71.0	0.0	17.8	
-13.8	-24.5	9.4	151.7	88.3	75.0	0.0	0.0	
-4.0	-14.6	10.8	173.8	109.9	72.0	0.0	61.0	
-14.0	-26.5	14.7	274.6	132.1	30.0	0.0	5.1	
-12.9	-24.5	12.9	167.5	100.3	67.0	0.0	0.0	
0.8	-9.2	14.3	88.8	87.3	97.0	0.0	0.0	
4.4	-5.6	8.9	212.1	114.6	98.0	0.0	0.0	
-0.8	-11.7	9.4	227.9	171.4	31.0	0.0	0.0	
13.2	2.5	21.5	172.9	130.0	72.0	0.0	0.0	
28.4	19.4	15.9	263.8	113.8	83.0	0.0	0.0	
26.2	13.6	21.6	255.8	170.1	54.0	0.0	2.5	
14.0	1.1	19.5	265.8	179.6	8.0	0.0	0.0	
4.7	-8.1	9.6	205.8	167.8	63.0	0.0	0.0	
1.5	-10.0	8.0	125.0	93.8	98.0	0.0	0.0	
-2.3	-13.3	13.8	180.8	144.9	75.0	0.0	0.0	
-3.8	-15.9	13.8	265.4	197.4	16.0	0.0	0.0	
3.4	-8.4	11.3	222.5	105.2	83.0	0.0	0.0	
13.9	4.4	7.6	153.8	110.6	98.0	0.0	2.5	
6.7	-3.0	19.2	305.4	134.0	98.0	0.0	17.8	
-8.9	-21.0	24.5	293.8	165.4	60.0	0.0	0.0	
-4.1	-18.3	24.9	289.6	201.4	13.0	0.0	0.0	
   2    28    1971
-1.1	-15.1	12.7	246.3	208.0	36.0	0.0	0.0	
1.0	-10.7	9.0	53.8	171.9	69.0	0.0	0.0	
1.9	-9.5	4.4	167.9	126.7	98.0	0.0	27.9	
7.0	-2.3	7.7	187.9	220.1	43.0	0.0	27.9	
5.8	-4.8	16.3	290.8	186.1	57.0	0.0	0.0	
-7.4	-19.3	20.3	287.1	191.7	60.0	0.0	0.0	
-10.3	-22.4	13.0	257.1	239.3	5.0	0.0	0.0	
-4.1	-15.9	12.2	275.4	238.5	10.0	0.0	0.0	
21.8	11.9	15.6	259.6	216.2	57.0	0.0	0.0	
24.6	14.8	10.2	242.9	179.4	57.0	0.0	0.0	
18.0	8.3	14.2	322.1	140.7	75.0	0.0	17.8	
6.1	-5.3	10.5	197.1	250.2	44.0	0.0	0.0	
29.4	19.7	18.9	239.6	234.0	70.0	0.0	15.2	
33.0	24.0	9.4	262.5	253.0	39.0	0.0	0.0	
34.0	25.7	12.7	183.3	135.5	89.0	0.0	0.0	
37.1	25.5	17.8	248.3	183.2	58.0	2.0	0.0	
30.8	19.3	18.1	267.1	216.4	46.0	0.0	0.0	
19.3	8.8	9.1	77.1	144.7	93.0	0.0	0.0	
18.8	8.7	9.8	197.5	180.2	87.0	0.0	0.0	
20.2	8.9	11.2	336.3	260.1	68.0	0.0	0.0	
20.5	9.2	7.6	248.8	281.7	26.0	0.0	0.0	
23.9	11.8	10.0	172.9	294.4	4.0	0.0	0.0	
26.5	15.7	9.5	264.6	256.0	20.0	0.0	0.0	
32.9	21.2	13.2	209.2	269.0	13.0	0.0	0.0	
37.6	25.6	16.6	241.7	206.2	75.0	0.0	0.0	
27.0	18.2	20.9	325.8	132.1	98.0	0.0	25.4	
20.6	7.0	18.8	305.0	277.2	78.0	0.0	175.3	
18.3	4.6	8.3	134.6	316.9	11.0	0.0	15.2	
   3    31    1971
16.9	2.1	4.5	60.4	309.0	23.0	0.0	0.0	
19.7	5.5	15.2	205.4	345.1	2.0	0.0	0.0	
29.3	14.0	15.6	217.1	240.1	52.0	0.0	0.0	
35.0	20.3	12.7	255.4	301.4	51.0	0.0	0.0	
26.9	15.0	15.6	313.8	166.5	91.0	0.0	5.1	
19.5	5.6	15.7	318.3	353.5	37.0	0.0	5.1	
17.1	3.4	8.9	233.8	362.8	2.0	0.0	0.0	
23.1	10.9	14.1	136.7	164.9	87.0	0.0	0.0	
27.3	16.6	9.0	259.6	193.5	77.0	0.0	0.0	
27.4	15.1	7.6	186.3	348.9	41.0	0.0	2.5	
34.7	24.7	12.9	192.5	149.8	76.0	0.0	0.0	
36.9	26.8	11.9	212.1	224.9	97.0	2.0	0.0	
36.6	28.6	11.3	116.3	155.3	98.0	0.0	0.0	
33.7	26.8	21.2	323.3	260.9	98.0	10.0	0.0	
25.7	14.4	13.9	317.1	388.3	73.0	0.0	20.3	
26.8	17.0	6.9	183.8	229.3	84.0	0.0	0.0	
31.9	21.0	12.1	297.5	397.3	41.0	0.0	0.0	
31.1	19.2	11.3	278.8	237.0	98.0	0.0	0.0	
29.8	17.7	14.2	287.9	332.3	79.0	0.0	0.0	
27.1	18.3	15.6	140.8	222.8	98.0	0.0	0.0	
18.7	7.8	15.2	314.6	368.4	69.0	0.0	0.0	
12.7	-0.1	13.7	294.6	416.4	35.0	0.0	0.0	
11.0	-0.9	9.8	212.1	452.3	2.0	0.0	0.0	
20.1	9.9	12.9	135.8	266.3	65.0	0.0	0.0	
32.9	23.5	13.0	229.6	273.2	90.0	3.0	0.0	
27.1	19.7	15.4	154.6	258.8	96.0	0.0	15.2	
34.2	26.5	14.2	219.6	318.3	89.0	15.0	0.0	
29.8	17.7	14.8	280.0	484.2	19.0	0.0	7.6	
38.7	26.8	11.0	205.8	448.7	38.0	0.0	0.0	
47.3	32.7	11.0	201.7	397.1	80.0	0.0	0.0	
30.9	21.6	23.4	319.2	227.9	86.0	0.0	0.0	
   4    30    1971
25.9	10.9	24.5	312.1	392.8	35.0	0.0	66.0	
24.8	7.1	14.8	264.2	481.2	25.0	0.0	12.7	
25.6	8.9	6.0	56.7	471.3	63.0	0.0	0.0	
31.8	20.3	6.4	201.7	215.3	83.0	0.0	0.0	
39.3	22.7	14.8	213.8	383.4	36.0	0.0	0.0	
48.7	25.2	10.9	182.9	532.9	5.0	0.0	0.0	
56.9	28.4	11.1	194.6	435.1	64.0	0.0	0.0	
46.7	26.6	20.2	296.7	437.0	46.0	0.0	0.0	
49.0	24.7	15.9	181.3	509.2	27.0	0.0	0.0	
61.1	28.2	20.1	218.8	515.2	64.0	0.0	0.0	
46.9	16.3	18.8	255.4	498.6	54.0	0.0	0.0	
37.2	15.4	11.8	276.3	544.7	24.0	0.0	0.0	
41.0	17.4	14.9	248.8	564.1	20.0	0.0	0.0	
51.7	20.6	14.8	174.2	549.7	30.0	0.0	0.0	
60.3	27.8	10.5	202.9	440.1	69.0	0.0	0.0	
48.6	30.6	18.5	275.8	402.0	68.0	38.0	0.0	
43.2	28.2	15.8	125.0	295.4	68.0	0.0	0.0	
49.2	41.4	9.7	143.3	281.7	98.0	4.0	0.0	
42.3	36.5	15.0	250.0	285.5	98.0	4.0	0.0	
42.0	39.4	15.4	48.3	203.5	96.0	0.0	0.0	
41.9	36.5	17.2	87.9	260.8	83.0	0.0	0.0	
46.1	33.3	7.2	74.6	583.9	25.0	0.0	0.0	
52.6	36.9	10.5	191.7	555.3	22.0	0.0	0.0	
44.2	29.6	14.0	90.0	460.4	62.0	0.0	0.0	
38.3	27.2	13.7	237.1	464.1	52.0	0.0	0.0	
33.6	27.5	10.8	103.8	253.6	77.0	0.0	0.0	
33.3	31.3	12.1	251.7	302.6	98.0	5.0	0.0	
37.8	31.7	7.4	254.2	290.5	98.0	1.0	0.0	
43.5	35.3	13.5	215.8	375.1	50.0	0.0	0.0	
42.8	32.3	13.1	305.0	445.3	63.0	23.0	0.0	
   5    31    1971
41.2	31.1	11.5	144.6	348.1	74.0	8.0	0.0	
44.5	31.8	11.9	148.3	533.2	62.0	0.0	0.0	
54.3	37.5	12.0	248.3	602.5	32.0	0.0	0.0	
57.6	34.1	7.2	230.0	642.4	6.0	6.0	0.0	
54.7	37.8	11.3	101.3	633.1	10.0	0.0	0.0	
57.3	39.9	10.6	210.0	591.0	50.0	0.0	0.0	
48.1	27.9	10.9	186.3	645.5	56.0	5.0	0.0	
58.1	32.3	16.8	165.0	660.9	37.0	0.0	0.0	
60.3	42.6	14.3	199.2	337.7	72.0	0.0	0.0	
49.4	32.9	17.2	335.8	547.9	66.0	0.0	0.0	
46.3	27.6	5.0	64.2	650.6	12.0	0.0	0.0	
61.3	35.4	13.4	268.3	667.5	9.0	0.0	0.0	
66.2	35.0	13.3	165.8	666.9	2.0	0.0	0.0	
60.1	31.3	16.8	260.8	471.1	63.0	0.0	0.0	
56.6	25.4	16.9	264.2	650.8	11.0	0.0	0.0	
63.8	36.3	15.9	191.3	607.4	54.0	0.0	0.0	
48.3	34.8	19.4	189.6	334.6	86.0	14.0	0.0	
42.4	26.1	11.0	321.3	549.9	65.0	0.0	0.0	
49.7	26.3	11.7	240.8	599.0	70.0	42.0	0.0	
54.4	27.5	8.1	94.2	671.6	40.0	10.0	0.0	
53.3	34.4	11.5	93.3	305.1	98.0	0.0	0.0	
47.1	39.9	15.4	40.0	275.4	98.0	51.0	0.0	
48.7	37.3	15.0	268.3	512.4	83.0	42.0	0.0	
51.3	34.1	14.1	243.8	446.2	41.0	50.0	0.0	
54.9	32.2	7.3	177.9	635.7	10.0	2.0	0.0	
59.1	30.8	10.0	142.5	695.1	2.0	0.0	0.0	
63.9	38.0	18.7	162.5	700.7	10.0	0.0	0.0	
67.3	41.3	19.3	221.3	577.8	63.0	0.0	0.0	
59.3	35.5	17.0	189.2	565.8	79.0	0.0	0.0	
48.0	34.5	16.3	63.8	291.6	94.0	0.0	0.0	
52.2	36.0	11.8	48.3	329.3	93.0	0.0	0.0	
   6    30    1971
58.4	32.9	6.9	105.0	584.1	52.0	0.0	0.0	
65.5	45.6	10.5	213.8	526.7	61.0	0.0	0.0	
72.2	47.3	9.5	175.4	648.7	55.0	0.0	0.0	
63.9	53.0	12.1	136.3	304.3	98.0	0.0	0.0	
63.9	51.4	17.3	263.8	442.6	68.0	16.0	0.0	
63.9	46.8	17.0	208.8	597.8	46.0	0.0	0.0	
51.9	42.7	13.5	28.3	309.1	94.0	0.0	0.0	
56.9	44.4	11.5	98.3	416.9	87.0	0.0	0.0	
64.5	51.9	15.1	134.6	400.6	97.0	0.0	0.0	
68.9	49.9	8.7	192.1	669.7	70.0	10.0	0.0	
67.1	56.1	6.7	149.2	370.6	85.0	53.0	0.0	
70.3	52.2	10.8	266.7	628.3	21.0	5.0	0.0	
71.4	49.1	7.5	122.5	680.4	21.0	0.0	0.0	
71.1	52.8	10.8	157.9	537.2	90.0	0.0	0.0	
65.0	48.4	8.5	181.3	337.0	85.0	2.0	0.0	
66.2	47.9	10.0	192.1	530.0	63.0	37.0	0.0	
67.7	48.0	13.4	235.0	589.3	56.0	18.0	0.0	
64.4	51.0	6.6	148.8	391.1	69.0	0.0	0.0	
63.8	56.8	9.9	270.8	466.9	77.0	57.0	0.0	
64.7	54.9	6.4	162.9	470.8	65.0	7.0	0.0	
73.0	55.9	13.0	245.8	572.3	44.0	0.0	0.0	
71.3	54.4	7.1	175.8	625.4	36.0	23.0	0.0	
64.0	54.7	13.9	97.9	446.3	86.0	2.0	0.0	
61.3	54.4	9.0	101.7	488.9	75.0	0.0	0.0	
66.5	58.0	12.8	103.3	477.9	75.0	0.0	0.0	
66.8	59.5	10.4	150.0	289.1	91.0	0.0	0.0	
59.4	52.2	9.3	244.6	286.1	74.0	0.0	0.0	
63.2	50.1	7.5	150.8	549.8	48.0	0.0	0.0	
59.8	54.1	8.0	77.9	351.5	89.0	0.0	0.0	
60.1	51.0	13.4	273.3	498.6	43.0	37.0	0.0	
   7    31    1971
61.5	51.5	7.0	135.0	559.3	30.0	0.0	0.0	
72.8	58.1	13.0	135.8	647.8	47.0	0.0	0.0	
66.7	56.9	10.3	242.9	530.2	66.0	40.0	0.0	
65.3	48.9	14.6	251.3	608.1	26.0	0.0	0.0	
70.0	47.1	10.0	201.7	675.6	26.0	0.0	0.0	
70.1	56.6	14.8	101.7	595.9	52.0	0.0	0.0	
64.1	45.9	17.1	251.7	674.3	35.0	24.0	0.0	
64.4	46.1	9.9	252.9	702.0	14.0	0.0	0.0	
69.0	54.1	10.7	92.5	680.8	38.0	0.0	0.0	
63.3	54.3	15.2	70.4	475.4	88.0	0.0	0.0	
68.1	61.1	10.2	136.3	339.4	81.0	0.0	0.0	
66.1	48.1	17.8	260.8	661.1	45.0	143.0	0.0	
63.2	48.1	11.7	262.5	642.0	22.0	3.0	0.0	
65.5	51.3	15.0	273.8	602.5	27.0	0.0	0.0	
71.2	53.7	12.7	265.4	720.2	2.0	29.0	0.0	
70.1	59.2	10.0	119.2	578.9	19.0	19.0	0.0	
70.4	56.6	14.9	192.9	611.8	48.0	0.0	0.0	
64.2	53.2	11.3	320.0	557.9	52.0	0.0	0.0	
68.3	54.3	9.9	283.3	554.7	25.0	0.0	0.0	
72.7	51.5	9.9	216.3	670.1	31.0	0.0	0.0	
70.5	54.9	10.2	256.3	609.9	45.0	0.0	0.0	
68.4	55.2	6.9	97.5	431.1	57.0	0.0	0.0	
74.1	55.7	9.6	202.9	612.9	48.0	0.0	0.0	
73.3	51.5	21.0	243.8	621.3	30.0	18.0	0.0	
59.9	42.1	17.9	298.3	505.6	58.0	9.0	0.0	
61.8	42.7	9.8	247.1	520.0	42.0	12.0	0.0	
60.4	48.5	15.7	284.2	464.6	65.0	38.0	0.0	
56.9	45.5	13.3	255.8	454.4	49.0	3.0	0.0	
56.6	42.0	11.2	296.3	423.1	54.0	0.0	0.0	
68.0	41.8	12.4	222.9	680.3	35.0	0.0	0.0	
67.9	44.5	14.9	286.7	483.9	62.0	2.0	0.0	
   8    31    1971
61.9	43.7	10.4	312.5	521.0	35.0	0.0	0.0	
60.7	44.5	5.9	68.8	626.0	18.0	0.0	0.0	
64.2	45.0	12.1	117.5	665.4	2.0	0.0	0.0	
68.3	48.6	11.0	119.2	626.3	27.0	0.0	0.0	
74.4	56.1	10.4	133.8	655.3	2.0	0.0	0.0	
76.2	53.0	11.5	136.3	655.1	2.0	0.0	0.0	
80.9	51.7	12.6	146.7	614.0	2.0	0.0	0.0	
82.3	53.4	12.4	234.2	606.3	8.0	0.0	0.0	
74.6	53.5	13.6	293.8	472.6	55.0	5.0	0.0	
67.0	49.0	12.8	291.3	535.2	50.0	12.0	0.0	
72.4	49.0	9.5	222.9	562.5	20.0	0.0	0.0	
72.2	52.1	10.5	176.3	554.3	67.0	2.0	0.0	
69.5	55.2	10.1	90.0	544.9	70.0	0.0	0.0	
71.0	54.7	17.6	120.8	555.5	28.0	0.0	0.0	
84.0	52.1	17.9	193.8	524.5	57.0	0.0	0.0	
75.4	61.5	11.5	112.1	449.4	63.0	24.0	0.0	
74.3	58.6	8.9	225.0	456.9	38.0	0.0	0.0	
64.8	52.4	9.8	205.0	378.6	53.0	21.0	0.0	
66.8	52.7	12.7	265.8	505.3	26.0	2.0	0.0	
74.1	52.1	12.1	150.4	585.4	3.0	0.0	0.0	
82.9	49.8	11.1	210.8	524.1	34.0	0.0	0.0	
75.6	56.6	9.7	169.2	570.6	2.0	0.0	0.0	
69.9	56.5	14.9	189.6	409.9	44.0	0.0	0.0	
66.9	41.9	17.2	269.2	586.6	2.0	14.0	0.0	
67.0	44.2	7.7	236.7	571.3	16.0	15.0	0.0	
71.4	48.5	10.7	155.0	557.2	14.0	0.0	0.0	
75.2	50.8	11.7	158.3	431.8	26.0	0.0	0.0	
80.4	52.9	9.9	159.2	468.9	53.0	0.0	0.0	
69.8	54.9	14.2	115.8	417.2	60.0	3.0	0.0	
63.2	47.7	15.2	107.9	395.4	83.0	0.0	0.0	
63.6	57.4	13.4	95.8	294.0	93.0	41.0	0.0	
   9    30    1971
67.5	48.8	11.7	187.9	438.7	60.0	5.0	0.0	
73.6	53.0	11.0	153.8	499.5	20.0	15.0	0.0	
68.5	53.6	16.5	326.7	249.0	70.0	57.0	0.0	
57.9	56.4	18.4	331.7	154.5	98.0	32.0	0.0	
55.7	55.2	18.0	320.8	181.2	98.0	34.0	0.0	
66.0	55.1	8.8	219.6	511.4	25.0	17.0	0.0	
62.2	49.5	12.1	205.0	284.7	45.0	0.0	0.0	
61.2	40.7	12.0	212.5	471.4	13.0	0.0	0.0	
64.1	45.3	13.2	197.9	496.3	8.0	0.0	0.0	
64.4	48.8	10.0	255.8	482.5	38.0	0.0	0.0	
68.1	49.7	15.3	160.4	483.8	10.0	0.0	0.0	
62.0	41.3	15.0	241.3	458.7	16.0	0.0	0.0	
61.2	38.3	14.8	247.1	358.2	39.0	2.0	0.0	
49.6	37.1	16.1	262.1	306.7	55.0	1.0	0.0	
44.9	38.1	16.3	271.3	300.2	79.0	8.0	0.0	
43.5	41.3	11.1	307.1	191.0	90.0	0.0	0.0	
44.1	39.4	10.1	314.2	222.0	98.0	2.0	0.0	
46.6	34.7	10.9	216.3	396.4	36.0	0.0	0.0	
51.3	39.3	9.8	273.8	292.5	82.0	0.0	0.0	
45.1	41.9	13.4	285.0	163.5	88.0	1.0	0.0	
41.8	33.1	7.3	225.0	197.2	81.0	2.0	0.0	
48.0	35.6	12.4	226.3	283.4	77.0	0.0	0.0	
51.0	37.9	8.6	182.9	316.7	84.0	0.0	0.0	
58.2	40.4	13.5	126.3	413.8	28.0	0.0	0.0	
57.6	50.1	15.4	130.8	278.1	60.0	0.0	0.0	
56.0	53.4	13.0	166.7	161.1	84.0	0.0	0.0	
52.4	46.3	5.5	150.4	179.4	75.0	13.0	0.0	
51.5	46.7	7.1	219.6	323.9	58.0	96.0	0.0	
50.3	44.2	12.5	113.3	205.1	65.0	0.0	0.0	
52.4	52.3	11.6	167.9	100.2	98.0	237.0	0.0	
  10    31    1971
48.5	48.2	14.3	261.7	184.1	98.0	8.0	0.0	
44.2	44.0	22.9	237.5	131.6	98.0	18.0	0.0	
43.7	42.5	18.0	293.3	167.4	67.0	3.0	0.0	
55.0	43.2	15.3	251.7	314.5	41.0	15.0	0.0	
53.7	39.8	14.7	278.8	332.9	30.0	26.0	0.0	
54.5	42.0	5.8	145.0	338.3	12.0	3.0	0.0	
52.0	34.4	22.1	261.7	304.8	44.0	9.0	0.0	
42.0	33.4	17.4	307.9	188.5	60.0	1.0	0.0	
50.3	31.8	12.0	245.0	351.0	4.0	0.0	0.0	
53.2	33.6	15.7	289.6	300.9	28.0	0.0	0.0	
43.1	30.5	8.1	211.7	317.4	24.0	0.0	0.0	
43.4	38.7	10.8	242.5	131.1	68.0	0.0	0.0	
54.8	34.9	15.2	220.0	240.1	85.0	1.0	0.0	
43.7	34.0	15.8	274.2	259.3	41.0	0.0	0.0	
37.4	33.5	10.9	159.6	142.7	81.0	0.0	0.0	
33.3	32.5	13.3	47.5	121.3	98.0	45.0	0.0	
36.9	36.5	7.3	224.6	133.3	98.0	107.0	0.0	
46.2	43.9	16.3	111.7	132.4	97.0	9.0	0.0	
43.7	31.6	17.9	222.9	301.0	26.0	0.0	0.0	
50.0	38.2	11.9	159.6	265.9	20.0	0.0	0.0	
43.0	38.0	9.7	238.3	193.0	48.0	0.0	0.0	
42.2	34.8	8.5	192.1	270.2	2.0	0.0	0.0	
46.9	38.8	13.8	142.9	266.8	11.0	0.0	0.0	
49.1	42.7	12.1	192.9	228.7	50.0	0.0	0.0	
47.8	37.3	10.7	229.2	189.9	51.0	2.0	0.0	
49.7	37.3	12.0	234.6	215.7	59.0	3.0	0.0	
31.9	22.5	21.2	290.4	136.9	73.0	0.0	358.1	
22.4	14.0	14.7	300.4	126.5	60.0	0.0	0.0	
21.7	11.3	6.6	224.2	216.8	69.0	0.0	17.8	
23.1	20.4	15.1	241.7	126.7	97.0	0.0	205.7	
28.0	22.6	14.3	236.7	258.3	38.0	0.0	12.7	
  11    30    1971
32.1	28.0	10.3	159.2	137.0	91.0	0.0	0.0	
33.6	24.2	20.3	278.8	233.3	47.0	3.0	0.0	
26.7	16.8	13.4	264.2	225.1	30.0	0.0	20.3	
33.7	25.2	15.4	182.1	140.1	93.0	6.0	0.0	
20.5	9.2	30.7	272.5	184.1	61.0	0.0	33.0	
10.3	-0.5	22.9	285.8	171.4	48.0	0.0	12.7	
15.7	3.5	12.9	156.7	167.1	64.0	0.0	0.0	
34.4	21.1	14.5	231.3	211.5	32.0	0.0	0.0	
39.9	23.8	11.7	214.2	186.6	50.0	0.0	0.0	
41.7	25.5	10.8	210.8	135.5	78.0	0.0	0.0	
40.4	30.2	8.6	182.9	107.6	81.0	0.0	0.0	
36.2	29.8	5.1	115.0	174.7	28.0	0.0	0.0	
32.8	31.3	8.0	83.8	111.3	94.0	0.0	0.0	
35.2	33.6	6.5	181.3	80.0	98.0	20.0	0.0	
35.0	30.4	10.4	287.5	101.5	98.0	0.0	0.0	
30.7	25.8	4.8	160.8	88.6	88.0	0.0	38.1	
30.0	26.2	10.1	239.2	88.9	85.0	0.0	33.0	
25.5	19.0	15.3	280.4	76.1	90.0	0.0	63.5	
35.0	28.1	16.9	242.5	110.2	78.0	2.0	0.0	
30.4	21.5	17.9	289.2	83.6	72.0	0.0	2.5	
24.0	14.3	11.5	138.3	157.3	33.0	0.0	0.0	
34.8	24.4	17.0	212.9	118.2	52.0	7.0	0.0	
30.9	20.5	17.1	282.5	74.5	95.0	0.0	5.1	
22.1	12.3	8.0	217.5	84.4	97.0	0.0	0.0	
27.0	18.1	10.8	102.5	145.1	86.0	0.0	0.0	
27.3	22.1	7.3	207.5	78.4	98.0	0.0	0.0	
24.3	20.0	11.2	72.1	73.3	98.0	0.0	2.5	
14.9	9.3	13.2	77.5	102.7	93.0	0.0	0.0	
9.4	4.3	8.5	85.0	142.6	68.0	0.0	0.0	
15.2	11.0	5.5	108.3	104.4	65.0	0.0	0.0	
  12    31    1971
26.6	20.2	12.2	213.8	139.0	39.0	0.0	0.0	
27.6	19.0	16.4	194.6	142.8	4.0	0.0	0.0	
27.0	22.7	13.7	140.8	80.5	71.0	0.0	0.0	
27.5	22.7	12.3	190.0	95.6	98.0	0.0	7.6	
18.2	12.8	7.0	185.0	101.3	68.0	0.0	12.7	
18.6	15.4	10.1	262.1	72.5	93.0	0.0	2.5	
7.0	-0.6	14.3	334.6	87.6	79.0	0.0	0.0	
5.1	-4.9	12.0	202.5	138.2	2.0	0.0	5.1	
20.2	10.4	16.0	180.0	70.6	79.0	0.0	0.0	
16.0	4.3	18.6	259.6	127.3	41.0	0.0	7.6	
1.5	-12.8	18.4	267.9	132.5	15.0	0.0	0.0	
-0.8	-13.5	7.7	225.8	143.8	2.0	0.0	0.0	
4.2	-4.1	8.7	57.1	91.3	83.0	0.0	0.0	
11.1	3.2	11.8	139.6	72.1	86.0	0.0	20.3	
11.6	3.4	14.7	242.9	92.4	53.0	0.0	33.0	
-5.2	-18.8	14.3	279.2	128.2	40.0	0.0	2.5	
6.1	-4.1	10.0	210.8	95.4	68.0	0.0	0.0	
23.0	17.5	6.5	163.3	74.4	84.0	0.0	0.0	
15.4	7.3	11.7	214.6	81.8	62.0	0.0	0.0	
17.3	8.0	15.0	277.5	105.3	29.0	0.0	2.5	
6.8	-3.1	14.0	174.6	64.3	96.0	0.0	0.0	
17.8	13.9	12.1	112.1	79.7	98.0	0.0	0.0	
12.7	6.6	12.0	274.2	82.3	89.0	0.0	5.1	
-4.3	-15.1	11.1	173.8	98.2	59.0	0.0	0.0	
-0.6	-11.4	15.8	296.3	119.9	62.0	0.0	0.0	
-8.6	-22.3	12.8	278.8	110.5	78.0	0.0	0.0	
5.5	-7.4	14.2	259.2	104.2	73.0	0.0	0.0	
14.4	2.9	15.5	235.8	135.6	2.0	0.0	0.0	
8.3	0.2	7.7	170.4	111.5	46.0	0.0	0.0	
10.5	0.3	13.2	242.9	129.1	3.0	0.0	0.0	
27.9	17.9	20.9	246.7	123.6	50.0	0.0	22.9	
