   1    31    1968
36.9	35.7	7.8	244.6	102.5	98.0	30.0	.0	
37.6	37.5	10.5	108.3	89.3	98.0	1.0	.0	
43.2	43.1	6.4	154.2	101.2	98.0	8.0	.0	
41.9	35.1	11.4	280.0	122.8	93.0	69.0	.0	
30.1	12.8	9.2	178.8	121.9	95.0	.0	.0	
33.1	30.2	8.9	125.8	99.9	98.0	50.0	.0	
30.6	20.3	15.0	352.5	265.5	55.0	.0	.0	
29.0	9.5	10.6	103.8	303.0	51.0	.0	.0	
30.0	25.3	12.1	107.1	96.4	98.0	.0	188.0	
33.6	33.0	13.3	98.8	96.8	98.0	110.0	.0	
30.8	27.9	12.8	95.0	142.3	98.0	.0	2.5	
26.3	22.7	13.8	96.3	124.2	98.0	.0	2.5	
28.7	26.8	8.0	195.8	155.5	98.0	.0	5.1	
21.6	16.1	10.6	261.7	147.0	98.0	.0	.0	
28.6	23.3	11.8	286.3	157.8	88.0	.0	.0	
32.9	22.9	9.7	313.8	332.8	12.0	.0	.0	
37.0	23.1	3.0	149.2	303.5	2.0	.0	.0	
42.4	23.5	3.2	64.2	335.9	2.0	.0	.0	
44.4	26.1	4.9	223.3	327.2	2.0	.0	.0	
48.5	34.7	8.7	317.9	315.2	2.0	.0	.0	
50.7	39.5	8.6	285.8	322.4	13.0	.0	.0	
55.0	40.6	4.8	262.5	266.2	72.0	.0	.0	
52.2	45.1	6.3	229.6	117.6	98.0	43.0	.0	
31.4	30.2	10.4	321.3	117.4	98.0	.0	45.7	
29.9	24.6	6.3	280.8	276.4	43.0	.0	.0	
36.1	24.1	4.5	177.1	350.4	2.0	.0	.0	
41.3	29.1	2.9	87.5	309.4	55.0	.0	.0	
46.9	31.7	2.5	103.8	300.2	63.0	.0	.0	
54.9	39.5	3.7	148.8	325.6	59.0	.0	.0	
56.8	47.5	6.4	236.7	221.4	80.0	.0	.0	
56.7	50.2	5.6	174.6	245.5	68.0	.0	.0	
   2    29    1968
47.4	44.8	12.4	97.5	163.4	98.0	4.0	.0	
49.3	41.0	10.5	247.9	193.3	68.0	26.0	.0	
42.4	22.8	8.7	328.3	369.8	13.0	.0	.0	
45.9	19.4	6.6	135.0	369.1	16.0	.0	.0	
44.1	18.2	7.7	85.8	283.6	33.0	.0	.0	
45.9	18.8	5.5	195.0	361.3	40.0	.0	.0	
36.0	23.1	11.8	303.8	220.4	66.0	9.0	.0	
32.0	25.1	15.0	327.1	343.9	67.0	1.0	.0	
38.5	21.8	13.1	304.6	365.2	53.0	.0	.0	
37.6	20.5	11.2	306.3	383.0	27.0	.0	.0	
29.2	9.3	10.7	321.7	381.9	26.0	.0	.0	
29.0	3.4	10.0	319.6	391.3	9.0	.0	.0	
32.0	6.6	12.5	324.2	410.4	45.0	.0	.0	
35.2	9.1	7.5	319.2	304.8	46.0	.0	.0	
35.9	23.6	10.8	303.3	277.4	73.0	2.0	.0	
37.5	23.4	9.1	312.1	404.6	2.0	.0	.0	
38.0	21.8	12.2	317.1	326.0	45.0	.0	.0	
31.2	-2.7	11.4	324.6	198.6	89.0	.0	.0	
35.0	.1	7.4	320.0	446.2	15.0	.0	.0	
45.3	25.6	12.2	276.7	406.9	26.0	.0	.0	
34.0	15.4	11.7	329.2	216.0	72.0	.0	.0	
30.3	5.4	9.2	253.8	408.0	55.0	.0	.0	
31.7	20.8	6.3	118.8	191.9	95.0	.0	7.6	
37.5	15.3	8.6	304.6	458.7	35.0	.0	.0	
37.9	9.9	10.5	314.6	404.6	44.0	.0	.0	
41.0	15.7	5.2	207.5	430.2	61.0	.0	.0	
40.5	26.7	10.1	305.4	391.5	58.0	.0	.0	
33.9	29.3	5.8	189.2	169.0	77.0	53.0	.0	
32.0	25.5	13.6	275.4	333.6	75.0	.0	106.7	
   3    31    1968
31.3	14.3	13.1	294.2	482.3	2.0	.0	.0	
46.1	24.3	11.3	262.1	379.5	56.0	.0	.0	
40.9	19.5	14.2	331.3	468.6	22.0	.0	.0	
39.8	11.1	11.8	315.8	499.0	22.0	.0	.0	
45.4	16.8	10.3	271.7	430.2	55.0	.0	.0	
49.5	25.7	12.1	305.8	398.5	62.0	.0	.0	
46.0	29.2	7.6	179.2	501.9	2.0	.0	.0	
51.0	36.0	6.7	181.7	475.3	3.0	.0	.0	
56.7	48.5	7.1	219.2	349.7	62.0	2.0	.0	
61.5	54.6	7.9	248.8	375.5	58.0	100.0	.0	
56.2	52.6	10.2	170.4	186.6	75.0	54.0	.0	
61.5	53.1	14.1	213.3	370.2	78.0	218.0	.0	
38.7	19.3	14.8	327.5	485.3	43.0	.0	.0	
40.2	17.8	9.5	158.3	418.8	68.0	.0	.0	
48.8	35.9	10.4	105.8	275.0	89.0	.0	.0	
51.8	50.8	7.3	190.8	187.7	95.0	22.0	.0	
53.2	37.6	9.7	282.1	550.5	17.0	.0	.0	
56.9	33.2	4.6	199.2	505.8	49.0	.0	.0	
63.1	32.8	5.5	196.7	546.4	49.0	.0	.0	
66.2	47.0	8.6	220.0	518.2	6.0	.0	.0	
64.7	52.9	8.8	214.6	377.5	74.0	.0	.0	
53.2	48.1	13.2	223.3	219.2	90.0	58.0	.0	
34.4	22.8	14.1	310.8	363.1	61.0	.0	.0	
38.4	20.7	11.5	319.2	557.7	8.0	.0	.0	
49.3	25.9	4.7	180.8	403.2	33.0	.0	.0	
56.9	32.2	4.3	132.9	578.8	9.0	.0	.0	
60.6	38.0	5.3	168.3	570.4	38.0	.0	.0	
62.0	45.2	6.0	212.1	408.1	71.0	.0	.0	
64.4	47.6	6.7	272.5	369.6	64.0	.0	.0	
65.6	51.4	6.3	228.3	484.3	38.0	.0	.0	
65.7	53.4	9.0	205.0	347.8	90.0	.0	.0	
   4    30    1968
60.8	44.9	10.7	303.3	540.0	55.0	.0	.0	
52.1	36.3	14.5	91.7	214.4	79.0	10.0	.0	
48.8	47.5	11.8	99.2	244.4	98.0	2.0	.0	
61.7	56.7	9.2	160.8	288.3	98.0	130.0	.0	
57.7	53.7	7.6	276.3	250.0	75.0	138.0	.0	
53.3	43.0	7.6	174.2	611.7	6.0	.0	.0	
55.2	51.1	8.7	115.8	271.3	85.0	.0	.0	
61.3	57.3	5.7	180.4	258.7	93.0	.0	.0	
66.7	54.4	5.5	256.3	441.1	89.0	.0	.0	
55.8	50.8	8.4	59.6	183.7	86.0	37.0	.0	
54.6	35.5	7.1	257.9	603.3	17.0	.0	.0	
57.0	36.7	4.8	167.9	582.1	39.0	.0	.0	
61.8	44.1	5.3	145.4	434.3	88.0	.0	.0	
61.0	56.9	3.8	153.3	184.4	98.0	63.0	.0	
59.7	42.8	11.9	323.3	633.6	27.0	4.0	.0	
57.3	36.6	7.2	170.0	666.5	2.0	.0	.0	
62.2	49.0	7.7	149.6	476.3	66.0	.0	.0	
69.2	55.6	6.5	198.3	513.0	69.0	.0	.0	
72.7	61.2	4.2	235.4	528.4	79.0	.0	.0	
71.2	60.8	8.1	270.4	608.4	45.0	.0	.0	
68.1	48.0	6.9	303.3	523.3	75.0	.0	.0	
67.8	53.0	6.3	243.3	297.3	98.0	5.0	.0	
68.6	60.6	6.2	159.2	508.9	88.0	5.0	.0	
57.7	46.3	9.5	280.4	405.7	60.0	61.0	.0	
57.4	35.5	8.9	280.0	672.5	2.0	.0	.0	
63.0	41.7	5.7	189.2	664.7	2.0	.0	.0	
64.7	53.0	5.8	244.2	596.6	54.0	.0	.0	
59.0	55.5	7.8	119.2	254.7	91.0	103.0	.0	
58.5	57.1	7.3	197.5	199.2	85.0	75.0	.0	
61.7	46.5	9.5	304.6	695.8	2.0	.0	.0	
   5    31    1968
65.9	45.5	9.1	287.5	702.5	2.0	.0	.0	
67.4	49.1	7.4	277.9	666.3	2.0	.0	.0	
68.9	54.5	7.4	267.1	607.5	35.0	.0	.0	
64.0	55.5	6.9	280.8	328.7	85.0	13.0	.0	
60.1	42.7	10.3	339.6	703.5	6.0	.0	.0	
56.7	38.1	6.8	169.2	689.3	2.0	.0	.0	
61.2	46.2	9.4	114.6	643.8	62.0	.0	.0	
64.0	54.2	8.8	118.8	515.8	78.0	.0	.0	
63.5	52.6	6.1	122.1	576.7	75.0	.0	.0	
66.4	55.8	7.1	138.3	576.2	70.0	.0	.0	
67.6	64.1	7.5	189.2	360.2	96.0	51.0	.0	
69.9	65.8	7.0	252.5	380.5	88.0	49.0	.0	
71.9	66.0	4.7	230.8	407.4	83.0	.0	.0	
70.4	65.0	5.4	188.8	272.4	98.0	17.0	.0	
69.0	66.2	4.7	124.2	292.5	81.0	58.0	.0	
70.4	65.4	7.2	259.6	502.7	78.0	88.0	.0	
69.4	66.3	6.2	250.0	400.2	93.0	74.0	.0	
68.7	63.3	7.4	247.9	455.6	92.0	60.0	.0	
67.1	54.4	9.9	283.8	681.6	31.0	.0	.0	
58.7	44.3	9.1	315.8	687.8	10.0	.0	.0	
59.4	47.2	7.5	303.3	546.7	28.0	.0	.0	
64.6	51.1	4.4	217.1	652.7	33.0	.0	.0	
70.0	58.4	6.5	182.1	682.8	2.0	.0	.0	
74.9	63.5	3.7	172.1	661.7	15.0	.0	.0	
76.3	65.5	4.8	106.3	595.8	77.0	97.0	.0	
67.9	66.6	8.2	154.6	205.8	98.0	51.0	.0	
69.4	60.2	8.4	305.0	558.3	83.0	.0	.0	
63.1	52.7	6.6	278.3	498.7	58.0	.0	.0	
61.7	54.8	5.2	188.3	482.8	53.0	84.0	.0	
64.6	54.8	6.8	275.4	632.8	30.0	.0	.0	
68.5	54.6	4.6	268.8	724.2	40.0	.0	.0	
   6    30    1968
73.0	61.3	3.1	135.0	577.0	34.0	.0	.0	
73.0	65.9	6.0	204.6	604.2	53.0	37.0	.0	
74.8	65.3	6.1	309.6	648.6	30.0	.0	.0	
75.9	64.6	7.6	112.1	625.0	13.0	.0	.0	
72.5	57.8	10.4	87.1	596.0	53.0	.0	.0	
70.8	55.7	10.7	67.1	529.7	75.0	.0	.0	
67.4	62.8	10.4	219.6	197.0	98.0	122.0	.0	
72.3	66.2	7.6	237.1	360.3	98.0	5.0	.0	
76.3	66.4	7.3	276.7	584.3	66.0	1.0	.0	
77.6	67.2	7.5	319.6	701.8	6.0	.0	.0	
79.7	68.5	5.5	235.0	591.5	25.0	.0	.0	
77.4	67.0	6.5	279.6	661.8	30.0	2.0	.0	
72.4	55.2	8.7	331.3	724.4	2.0	.0	.0	
71.4	53.5	4.3	123.8	723.7	2.0	.0	.0	
76.7	60.0	4.8	129.2	689.7	30.0	.0	.0	
78.3	66.6	5.3	212.9	614.3	43.0	.0	.0	
73.9	67.9	3.8	201.7	375.5	76.0	16.0	.0	
77.1	68.7	4.8	135.4	537.1	88.0	.0	.0	
76.3	69.6	5.8	96.7	348.4	98.0	.0	.0	
78.6	67.2	4.9	189.2	556.3	86.0	.0	.0	
77.2	66.9	6.0	125.8	610.6	84.0	.0	.0	
75.7	69.6	5.6	188.8	447.8	97.0	37.0	.0	
75.7	69.8	4.3	191.3	450.3	87.0	.0	.0	
78.9	70.7	5.9	266.3	552.9	74.0	.0	.0	
80.3	70.7	7.0	227.1	500.4	71.0	.0	.0	
77.6	69.7	9.3	248.8	509.8	54.0	45.0	.0	
70.5	56.8	9.0	287.1	713.6	17.0	.0	.0	
70.0	52.3	6.1	255.8	708.0	2.0	.0	.0	
76.1	57.3	4.4	142.5	715.8	2.0	.0	.0	
79.5	63.0	4.9	180.8	695.3	2.0	.0	.0	
   7    31    1968
81.9	66.1	5.2	159.2	672.7	23.0	.0	.0	
80.1	67.7	6.1	194.6	623.2	42.0	117.0	.0	
73.5	69.4	4.2	152.9	346.9	92.0	43.0	.0	
69.7	66.9	6.6	77.1	301.2	98.0	19.0	.0	
71.6	68.3	9.0	87.5	368.6	98.0	2.0	.0	
74.1	67.8	7.0	92.9	401.4	85.0	1.0	.0	
76.1	65.6	9.6	87.9	606.9	67.0	.0	.0	
74.3	67.2	12.4	95.0	391.9	98.0	11.0	.0	
70.8	66.6	11.3	59.6	335.3	98.0	6.0	.0	
73.7	69.1	6.8	88.3	348.0	98.0	34.0	.0	
74.9	69.6	5.8	162.9	501.3	93.0	1.0	.0	
73.6	68.8	3.7	105.4	493.5	81.0	.0	.0	
74.2	68.0	5.5	232.1	529.9	79.0	.0	.0	
72.3	68.2	5.4	228.8	427.0	72.0	6.0	.0	
78.0	68.8	3.4	150.0	579.6	58.0	.0	.0	
78.6	69.6	6.3	215.8	605.3	71.0	76.0	.0	
76.3	70.5	5.4	211.3	519.6	70.0	52.0	.0	
76.0	70.0	6.4	257.5	596.3	75.0	55.0	.0	
77.4	70.7	6.7	274.6	588.6	55.0	.0	.0	
77.3	70.2	5.0	266.3	538.8	74.0	27.0	.0	
78.3	71.3	4.4	180.8	619.4	39.0	.0	.0	
78.0	67.8	4.9	105.0	640.5	40.0	.0	.0	
76.9	68.1	4.2	93.8	602.7	25.0	.0	.0	
76.2	71.6	3.6	138.8	503.2	48.0	6.0	.0	
79.2	71.3	5.5	242.5	637.1	35.0	.0	.0	
81.0	71.3	6.1	287.5	594.3	23.0	.0	.0	
81.3	70.8	6.6	275.4	617.8	22.0	.0	.0	
79.3	71.0	7.4	279.2	580.2	60.0	.0	.0	
76.1	69.9	5.8	263.8	474.3	79.0	28.0	.0	
77.7	68.9	5.4	217.5	638.9	45.0	.0	.0	
77.2	70.4	4.0	152.5	519.1	53.0	50.0	.0	
   8    31    1968
79.0	70.7	4.5	215.8	571.0	60.0	.0	.0	
76.5	71.3	5.1	220.8	558.2	84.0	100.0	.0	
78.5	71.1	2.7	93.3	608.7	61.0	.0	.0	
78.3	71.7	3.0	90.4	538.0	53.0	6.0	.0	
78.5	70.4	2.8	96.7	512.4	44.0	.0	.0	
80.6	69.6	3.9	171.7	627.2	25.0	.0	.0	
81.6	71.7	5.5	288.8	595.9	18.0	.0	.0	
83.4	71.4	6.0	295.0	634.9	40.0	.0	.0	
81.9	71.2	5.8	276.3	560.3	83.0	.0	.0	
76.9	70.5	5.8	228.8	418.3	51.0	.0	.0	
78.6	70.5	7.0	287.1	571.6	46.0	.0	.0	
70.0	67.2	8.2	82.9	242.9	98.0	.0	.0	
71.8	68.8	5.6	123.8	349.8	92.0	20.0	.0	
74.1	70.6	5.3	182.5	411.2	59.0	.0	.0	
77.6	71.6	6.2	261.7	514.8	76.0	.0	.0	
79.7	71.0	5.5	284.2	545.5	41.0	1.0	.0	
81.6	70.5	6.6	312.9	584.5	19.0	.0	.0	
83.4	71.3	5.5	263.3	584.2	43.0	.0	.0	
80.6	72.3	4.6	111.3	487.8	90.0	148.0	.0	
81.4	71.9	4.4	195.8	603.8	36.0	.0	.0	
84.4	73.0	5.1	304.6	589.1	20.0	.0	.0	
85.5	72.1	4.4	123.8	539.4	18.0	.0	.0	
84.9	71.4	2.0	103.8	573.9	20.0	.0	.0	
82.9	69.1	5.8	220.0	557.2	57.0	71.0	.0	
78.5	69.8	5.5	248.3	543.4	74.0	.0	.0	
77.8	60.8	7.3	287.9	597.9	37.0	.0	.0	
73.0	57.4	9.4	139.6	602.2	32.0	.0	.0	
70.2	51.4	11.6	81.7	625.6	21.0	.0	.0	
67.6	48.9	10.6	75.8	577.0	29.0	.0	.0	
68.9	51.3	8.8	75.0	548.9	57.0	.0	.0	
62.6	58.7	8.5	60.8	233.1	97.0	67.0	.0	
   9    30    1968
65.4	63.0	5.8	57.1	334.3	66.0	24.0	.0	
69.6	62.8	3.7	198.3	438.4	78.0	.0	.0	
74.8	63.0	3.9	135.8	395.9	85.0	.0	.0	
74.8	64.4	5.1	106.3	359.5	78.0	.0	.0	
74.5	68.6	4.3	139.6	318.0	85.0	3.0	.0	
73.3	65.5	5.9	262.9	399.6	63.0	.0	.0	
71.1	57.1	5.7	106.7	581.1	8.0	.0	.0	
71.1	64.3	6.8	100.0	364.7	71.0	.0	.0	
71.9	65.4	4.8	135.0	365.2	66.0	.0	.0	
70.4	61.2	6.5	223.3	451.1	34.0	.0	.0	
65.0	54.5	7.2	330.8	565.1	37.0	.0	.0	
65.4	51.3	5.2	281.3	578.9	7.0	.0	.0	
67.6	53.0	5.1	93.8	572.5	2.0	.0	.0	
69.3	54.2	4.7	85.0	566.0	3.0	.0	.0	
69.3	55.9	5.8	105.0	449.2	68.0	.0	.0	
70.2	60.1	9.2	113.3	337.5	82.0	.0	.0	
69.2	66.8	8.8	112.5	217.9	98.0	30.0	.0	
66.1	65.7	7.2	182.1	205.3	97.0	67.0	.0	
71.8	70.0	8.9	113.8	279.8	97.0	5.0	.0	
72.3	67.3	9.3	97.1	323.2	73.0	.0	.0	
72.0	61.9	7.5	85.4	500.5	7.0	.0	.0	
70.8	58.5	7.0	79.6	522.8	2.0	.0	.0	
72.2	57.4	5.2	57.5	497.6	8.0	.0	.0	
73.7	60.7	3.8	101.7	482.6	13.0	.0	.0	
73.6	61.3	2.8	156.3	388.0	51.0	.0	.0	
69.0	62.1	6.0	279.2	351.6	47.0	.0	.0	
69.2	60.1	6.4	234.6	470.8	36.0	.0	.0	
70.5	61.4	6.3	83.8	384.8	35.0	.0	.0	
69.1	63.7	4.8	119.2	256.8	61.0	.0	.0	
71.5	58.6	4.8	213.3	501.0	2.0	.0	.0	
  10    31    1968
71.1	55.3	4.2	191.3	492.1	10.0	.0	.0	
71.5	59.4	5.3	174.2	474.0	38.0	.0	.0	
68.7	63.5	6.9	235.0	303.4	70.0	31.0	.0	
56.2	36.9	9.3	323.8	476.9	16.0	.0	.0	
55.3	35.7	9.3	107.9	427.8	53.0	.0	.0	
57.3	53.0	7.9	122.9	150.7	98.0	135.0	.0	
65.1	62.0	4.8	191.3	239.9	77.0	1.0	.0	
66.2	62.7	7.4	100.0	235.3	82.0	.0	.0	
62.1	59.5	8.3	87.5	202.1	84.0	.0	.0	
64.9	58.4	7.2	81.7	292.0	75.0	.0	.0	
65.9	60.3	7.3	80.8	248.1	51.0	.0	.0	
68.6	63.6	5.4	90.0	257.1	77.0	.0	.0	
68.7	63.3	3.6	94.6	338.2	60.0	.0	.0	
69.2	60.6	6.2	78.3	395.1	22.0	.0	.0	
68.1	58.8	11.8	83.3	362.9	25.0	.0	.0	
67.5	65.1	11.0	94.6	174.4	98.0	10.0	.0	
68.2	67.0	11.0	95.4	124.1	98.0	14.0	.0	
69.2	68.5	7.1	159.6	151.0	98.0	93.0	.0	
63.4	53.3	10.4	330.4	360.3	44.0	15.0	.0	
59.9	42.4	8.0	338.3	375.4	48.0	.0	.0	
61.2	45.4	3.8	196.3	377.5	36.0	.0	.0	
62.5	50.2	4.6	181.3	376.1	64.0	.0	.0	
62.3	50.8	4.9	249.2	403.5	11.0	.0	.0	
53.8	43.2	6.4	291.7	213.7	48.0	.0	.0	
45.9	33.8	9.5	314.6	356.2	24.0	.0	.0	
43.4	28.5	7.8	302.1	401.9	2.0	.0	.0	
53.0	37.7	6.5	214.2	405.1	2.0	.0	.0	
51.4	33.7	10.5	297.5	395.6	5.0	.0	.0	
44.3	31.1	7.7	303.8	407.1	2.0	.0	.0	
49.3	33.7	2.9	82.5	375.4	2.0	.0	.0	
58.5	48.0	2.8	133.8	331.9	19.0	.0	.0	
  11    30    1968
64.5	55.0	5.8	242.9	355.9	18.0	.0	.0	
63.9	53.7	5.2	248.8	334.0	26.0	.0	.0	
62.9	53.9	7.0	196.7	188.5	91.0	45.0	.0	
60.7	56.3	8.4	255.8	264.1	59.0	55.0	.0	
55.8	54.4	6.5	215.8	173.9	91.0	.0	.0	
57.2	52.7	5.6	161.3	170.8	98.0	1.0	.0	
55.1	47.3	11.1	282.5	304.4	61.0	.0	.0	
46.9	35.6	11.9	317.1	327.8	30.0	.0	.0	
39.5	36.1	10.9	140.4	98.7	98.0	83.0	.0	
39.7	32.9	8.9	308.3	243.2	58.0	.0	.0	
35.0	33.4	8.8	170.4	111.9	86.0	77.0	.0	
35.2	28.7	15.0	307.1	164.4	85.0	1.0	.0	
36.8	24.2	8.3	302.9	326.2	14.0	.0	.0	
46.6	27.1	5.7	254.2	298.0	21.0	.0	.0	
52.1	39.8	7.2	152.1	303.6	68.0	.0	.0	
59.9	57.7	8.8	217.9	125.3	71.0	17.0	.0	
60.5	59.7	7.8	186.7	100.3	98.0	106.0	.0	
53.1	44.2	12.6	273.3	275.4	50.0	74.0	.0	
36.6	23.0	11.7	300.8	233.2	31.0	.0	.0	
35.3	19.5	10.4	310.8	326.8	11.0	.0	.0	
38.7	20.4	7.3	282.1	325.2	2.0	.0	.0	
47.7	31.2	8.6	285.4	308.8	18.0	.0	.0	
53.3	41.8	5.7	256.7	244.1	68.0	.0	.0	
50.3	47.4	8.1	262.9	134.1	64.0	6.0	.0	
47.1	33.5	8.1	309.2	324.6	2.0	.0	.0	
47.1	31.4	5.5	126.7	322.0	2.0	.0	.0	
55.1	44.6	8.1	123.8	152.4	75.0	.0	.0	
60.0	55.7	11.5	184.2	131.5	63.0	16.0	.0	
47.2	37.9	9.4	315.8	282.1	53.0	.0	.0	
47.7	36.7	8.0	144.6	129.6	98.0	.0	.0	
  12    31    1968
40.4	37.3	11.1	88.8	91.7	98.0	46.0	.0	
45.5	44.5	5.1	201.7	128.0	96.0	1.0	.0	
47.1	46.7	7.4	173.3	105.3	98.0	78.0	.0	
38.0	28.5	11.2	295.0	193.1	60.0	.0	.0	
42.0	28.0	6.8	267.9	308.4	2.0	.0	.0	
43.1	26.8	5.9	250.0	303.5	13.0	.0	.0	
44.8	27.6	7.8	255.4	244.7	44.0	.0	.0	
30.2	13.8	7.7	335.0	300.3	2.0	.0	.0	
31.7	9.1	6.0	285.4	283.0	20.0	.0	.0	
33.5	13.9	5.0	163.8	222.5	45.0	.0	.0	
34.4	17.5	6.6	125.4	261.8	35.0	.0	.0	
37.2	20.1	6.1	115.8	188.0	65.0	.0	.0	
49.3	44.9	5.0	162.1	128.9	97.0	49.0	.0	
32.0	23.0	12.7	309.6	189.8	59.0	.0	.0	
23.9	10.4	13.0	321.7	274.1	31.0	.0	.0	
29.3	9.3	8.9	321.7	297.1	10.0	.0	.0	
35.8	12.4	4.3	233.3	214.4	43.0	.0	.0	
43.5	17.0	3.8	93.3	284.2	34.0	.0	.0	
49.3	42.5	4.9	177.9	126.5	75.0	1.0	.0	
45.3	27.0	8.0	298.8	202.7	78.0	.0	.0	
42.6	31.9	10.6	155.4	105.6	96.0	54.0	.0	
42.0	41.6	11.9	93.8	80.7	98.0	163.0	.0	
36.1	27.4	15.4	298.8	269.9	45.0	.0	.0	
30.8	17.9	12.9	318.3	275.8	2.0	.0	.0	
33.1	13.7	9.9	287.9	297.7	2.0	.0	.0	
38.3	22.5	7.1	101.3	263.4	46.0	.0	.0	
47.3	41.3	10.8	125.8	130.1	97.0	.0	.0	
48.3	41.1	15.0	246.7	249.2	41.0	55.0	.0	
38.1	27.8	10.7	309.6	284.1	24.0	.0	.0	
41.6	30.2	9.1	147.1	227.3	50.0	12.0	.0	
41.3	40.4	10.7	181.3	106.6	89.0	30.0	.0	
