   1    31    1988
54.8	51.3	6.6	156.3	90.8	98.0	86.0	.0	
45.4	40.2	10.4	158.8	157.3	98.0	16.0	.0	
42.5	39.8	9.0	91.7	106.4	98.0	48.0	.0	
44.4	33.5	8.8	272.9	265.9	56.0	.0	.0	
37.9	11.5	9.4	266.3	301.1	35.0	.0	.0	
36.7	6.0	8.4	75.0	174.5	76.0	.0	.0	
33.5	25.1	11.8	81.3	106.5	98.0	124.0	.0	
30.4	27.5	5.6	172.1	200.5	98.0	.0	.0	
32.8	28.9	5.4	277.1	167.9	98.0	.0	.0	
35.3	29.9	6.7	174.2	258.4	51.0	.0	.0	
36.0	24.9	5.6	133.3	325.9	2.0	.0	.0	
40.0	22.6	6.0	121.7	278.0	60.0	.0	.0	
45.2	28.8	9.6	260.4	249.9	58.0	5.0	.0	
34.4	13.0	9.1	106.3	291.1	48.0	.0	.0	
37.7	16.0	7.1	76.7	333.3	17.0	.0	.0	
42.0	16.8	8.9	91.7	276.3	66.0	.0	.0	
50.1	43.1	9.6	99.2	109.6	98.0	97.0	.0	
58.8	57.5	7.3	86.3	131.4	98.0	27.0	.0	
66.3	60.9	12.9	149.6	171.7	98.0	93.0	.0	
59.8	52.8	7.1	227.1	204.1	90.0	145.0	.0	
46.9	34.4	9.8	318.3	135.3	64.0	.0	.0	
39.0	25.2	8.6	291.3	337.9	7.0	.0	.0	
38.3	22.8	4.6	115.0	337.0	3.0	.0	.0	
43.0	30.1	3.2	102.1	165.3	78.0	.0	.0	
45.1	31.1	12.4	291.3	283.6	58.0	31.0	.0	
34.6	9.0	11.1	289.2	372.8	7.0	.0	.0	
33.4	11.4	6.8	265.0	372.6	2.0	.0	.0	
38.0	21.2	2.0	62.5	375.0	2.0	.0	.0	
43.0	24.9	2.5	85.0	299.9	57.0	.0	.0	
51.0	37.4	5.9	89.2	224.5	80.0	.0	.0	
61.1	49.3	7.9	117.5	211.4	90.0	.0	.0	
   2    29    1988
63.9	54.3	6.6	128.3	197.1	84.0	.0	.0	
63.6	59.7	6.2	165.4	163.2	90.0	35.0	.0	
65.4	63.2	6.3	172.5	152.7	98.0	84.0	.0	
56.7	50.8	13.1	278.3	186.7	91.0	35.0	.0	
39.1	21.5	11.8	303.8	189.5	98.0	.0	.0	
30.8	2.7	14.2	331.7	406.7	26.0	.0	.0	
32.3	7.1	5.8	149.2	298.3	48.0	.0	.0	
44.0	14.3	4.4	215.0	416.7	26.0	.0	.0	
44.1	21.4	4.3	180.8	368.9	21.0	.0	.0	
46.2	26.1	4.1	52.1	402.6	5.0	.0	.0	
49.6	31.4	6.2	140.8	345.9	43.0	.0	.0	
34.4	15.0	13.2	301.7	389.0	51.0	.0	.0	
39.1	18.0	7.1	235.4	429.4	4.0	.0	.0	
48.5	24.9	6.2	110.8	368.8	34.0	.0	.0	
49.6	40.6	13.8	228.3	166.5	98.0	38.0	.0	
40.5	22.3	7.8	247.9	425.6	17.0	.0	.0	
41.5	26.0	2.7	105.0	201.8	47.0	.0	.0	
44.3	37.0	6.6	75.8	155.7	93.0	60.0	.0	
51.9	50.2	7.5	150.8	187.1	98.0	20.0	.0	
48.4	42.2	7.3	285.8	199.6	98.0	.0	.0	
44.5	25.7	8.1	230.8	456.6	18.0	.0	.0	
48.8	31.6	7.8	129.6	436.4	2.0	.0	.0	
55.4	44.8	7.4	189.2	253.0	73.0	1.0	.0	
46.9	24.6	11.4	309.6	450.6	24.0	.0	.0	
42.8	18.3	8.2	217.9	455.0	2.0	.0	.0	
45.5	23.4	4.9	142.1	448.3	25.0	.0	.0	
55.8	38.5	7.5	198.3	451.0	34.0	.0	.0	
53.4	23.7	5.5	188.8	494.3	2.0	.0	.0	
54.3	28.9	5.9	200.0	495.2	2.0	.0	.0	
   3    31    1988
54.5	24.7	7.1	207.5	482.1	7.0	.0	.0	
56.6	36.0	6.0	110.4	384.2	75.0	.0	.0	
62.2	51.9	8.5	161.7	224.2	98.0	71.0	.0	
60.4	52.7	9.8	221.3	246.1	98.0	43.0	.0	
50.4	40.5	5.5	196.7	214.9	95.0	.0	.0	
51.6	41.9	3.5	102.9	421.0	23.0	.0	.0	
57.4	42.2	3.3	90.0	489.4	32.0	.0	.0	
58.8	47.5	6.2	111.7	227.9	93.0	22.0	.0	
61.5	57.9	6.4	173.3	226.9	98.0	63.0	.0	
46.3	39.0	10.9	293.3	214.9	63.0	4.0	.0	
51.1	37.7	7.4	116.3	513.0	3.0	.0	.0	
57.9	50.4	8.9	152.1	282.1	72.0	2.0	.0	
60.0	40.8	11.3	297.5	494.6	41.0	4.0	.0	
44.8	20.1	12.1	310.4	460.7	16.0	.0	.0	
39.6	12.3	11.1	302.1	548.3	2.0	.0	.0	
42.1	18.0	8.1	324.2	537.3	2.0	.0	.0	
48.5	22.8	4.5	129.2	549.5	11.0	.0	.0	
46.5	41.1	6.0	222.9	168.4	93.0	46.0	.0	
46.4	29.3	12.1	305.4	500.8	46.0	.0	.0	
53.0	31.4	8.0	201.3	564.2	2.0	.0	.0	
59.9	38.1	6.1	166.7	562.4	2.0	.0	.0	
62.0	43.1	5.8	72.1	570.0	2.0	.0	.0	
63.1	48.1	6.9	95.4	501.9	30.0	.0	.0	
66.3	52.6	6.9	117.9	402.0	52.0	.0	.0	
62.5	58.0	5.7	116.7	222.9	80.0	65.0	.0	
65.8	57.6	7.1	193.8	307.9	68.0	15.0	.0	
59.4	31.0	4.8	201.7	593.4	2.0	.0	.0	
60.5	33.9	4.1	74.2	550.2	43.0	.0	.0	
67.5	49.4	7.0	123.3	496.9	58.0	.0	.0	
68.9	54.3	4.2	90.4	333.1	82.0	.0	.0	
69.2	54.1	6.0	95.4	451.2	67.0	.0	.0	
   4    30    1988
68.1	57.8	8.0	126.3	254.2	98.0	.0	.0	
66.7	59.7	5.1	117.9	269.2	97.0	16.0	.0	
67.0	61.8	5.0	128.3	247.0	97.0	12.0	.0	
69.8	57.7	3.0	124.2	479.3	51.0	.0	.0	
71.1	50.6	2.5	92.5	594.3	2.0	.0	.0	
65.7	45.9	10.5	233.3	530.5	39.0	26.0	.0	
61.7	27.3	14.1	293.8	639.9	2.0	.0	.0	
65.5	39.2	7.9	272.5	584.3	2.0	.0	.0	
64.6	36.4	4.1	141.7	500.1	36.0	.0	.0	
67.0	44.7	3.0	93.8	526.5	80.0	.0	.0	
56.8	51.6	6.8	135.4	294.1	91.0	76.0	.0	
48.5	38.6	6.9	244.2	393.6	76.0	.0	.0	
58.2	41.5	5.7	192.1	617.1	3.0	.0	.0	
64.0	45.8	4.2	113.3	604.4	9.0	.0	.0	
67.3	48.5	6.5	169.2	560.9	28.0	.0	.0	
60.6	36.6	4.6	220.8	500.8	43.0	.0	.0	
64.5	44.2	4.5	114.6	623.8	42.0	.0	.0	
67.5	59.8	8.5	197.9	399.6	86.0	167.0	.0	
63.4	50.2	8.5	265.8	476.0	47.0	65.0	.0	
59.3	35.1	3.7	117.1	673.7	2.0	.0	.0	
66.1	52.5	5.1	155.0	592.6	30.0	.0	.0	
67.9	60.5	5.2	161.7	378.0	92.0	23.0	.0	
70.4	67.2	7.2	199.2	278.5	98.0	22.0	.0	
74.7	61.4	7.8	270.8	497.9	53.0	1.0	.0	
63.7	52.7	6.3	105.4	351.7	90.0	53.0	.0	
62.9	57.6	5.0	129.2	348.5	68.0	3.0	.0	
65.7	49.7	6.0	189.2	560.2	41.0	.0	.0	
60.5	33.4	9.8	303.3	667.8	10.0	.0	.0	
60.1	37.0	5.0	204.2	624.8	50.0	.0	.0	
59.9	43.0	5.3	77.9	285.6	98.0	.0	.0	
   5    31    1988
65.4	41.3	6.4	65.4	673.3	28.0	.0	.0	
65.8	44.5	4.5	182.9	674.3	2.0	.0	.0	
67.4	47.3	6.5	159.2	573.3	32.0	.0	.0	
66.6	52.5	9.3	200.4	430.5	48.0	.0	.0	
65.3	41.2	10.9	315.4	668.7	5.0	.0	.0	
66.5	39.7	10.6	303.3	694.9	2.0	.0	.0	
69.2	47.5	3.2	107.1	584.7	53.0	.0	.0	
72.1	53.4	6.8	114.2	411.1	66.0	.0	.0	
71.6	57.7	8.2	170.0	471.9	46.0	.0	.0	
69.2	63.1	6.6	201.3	484.6	67.0	52.0	.0	
70.5	49.5	5.8	197.1	624.6	9.0	.0	.0	
71.3	51.5	4.5	131.7	541.8	67.0	.0	.0	
68.8	58.4	5.5	151.3	459.9	93.0	47.0	.0	
71.6	59.6	2.6	71.7	584.7	28.0	.0	.0	
75.5	60.0	2.9	84.2	628.2	22.0	.0	.0	
75.5	62.8	5.1	148.8	452.0	51.0	.0	.0	
76.3	54.6	6.9	225.4	635.6	21.0	.0	.0	
72.3	50.6	6.2	287.1	674.1	8.0	.0	.0	
72.1	51.1	4.6	175.4	591.8	24.0	.0	.0	
72.8	52.1	4.2	195.8	688.8	3.0	.0	.0	
75.7	55.5	4.5	138.8	616.1	53.0	.0	.0	
74.9	63.9	6.2	156.7	427.8	74.0	13.0	.0	
74.0	59.7	7.2	193.8	487.8	50.0	1.0	.0	
69.7	62.2	10.4	207.5	350.5	73.0	48.0	.0	
69.8	57.0	7.5	280.8	422.8	61.0	.0	.0	
67.5	47.6	9.2	81.3	715.1	9.0	.0	.0	
67.0	46.9	4.3	47.5	728.6	2.0	.0	.0	
71.2	51.5	3.2	111.7	711.8	2.0	.0	.0	
75.6	55.2	3.1	72.9	650.5	5.0	.0	.0	
78.0	56.7	5.0	56.7	667.5	10.0	.0	.0	
76.8	55.8	6.3	69.2	724.5	2.0	.0	.0	
   6    30    1988
78.2	57.6	3.3	122.9	699.5	5.0	.0	.0	
80.3	58.9	4.8	187.5	655.7	20.0	.0	.0	
79.3	62.4	6.7	236.3	595.8	74.0	.0	.0	
69.4	50.0	10.8	79.2	588.8	74.0	.0	.0	
70.6	50.0	8.3	83.8	497.1	69.0	.0	.0	
75.8	64.5	6.0	100.0	455.2	83.0	46.0	.0	
75.7	68.8	4.3	140.4	429.3	83.0	5.0	.0	
79.5	66.6	6.5	190.8	624.0	61.0	.0	.0	
80.2	67.1	10.5	248.3	617.1	37.0	2.0	.0	
70.4	52.9	7.4	232.9	543.6	38.0	.0	.0	
70.1	51.7	4.9	139.6	606.8	17.0	.0	.0	
72.5	52.3	6.2	98.3	661.9	2.0	.0	.0	
74.2	52.1	6.0	54.2	720.1	11.0	.0	.0	
75.9	54.1	6.6	55.4	725.5	2.0	.0	.0	
77.4	57.7	4.3	76.7	674.9	9.0	.0	.0	
80.0	58.0	4.1	109.2	677.1	12.0	.0	.0	
80.1	61.3	5.0	173.8	578.8	71.0	.0	.0	
81.7	60.2	5.2	162.9	657.9	45.0	.0	.0	
76.9	63.8	5.8	105.8	555.6	31.0	11.0	.0	
81.1	63.0	4.9	60.8	649.6	10.0	.0	.0	
83.1	61.1	4.3	62.9	600.7	42.0	.0	.0	
84.3	63.4	5.2	134.2	631.2	58.0	.0	.0	
84.2	67.3	5.5	198.8	586.0	84.0	7.0	.0	
86.3	69.0	5.4	212.9	431.6	96.0	.0	.0	
84.1	69.9	5.9	141.3	368.6	86.0	23.0	.0	
81.6	69.1	6.2	232.9	350.5	86.0	.0	.0	
84.7	69.4	8.1	238.8	498.5	67.0	.0	.0	
80.1	64.7	8.1	99.2	381.4	49.0	.0	.0	
83.4	66.3	5.9	140.0	642.8	21.0	.0	.0	
84.6	70.4	9.5	252.1	416.7	82.0	.0	.0	
   7    31    1988
80.7	66.5	4.8	115.0	388.1	87.0	.0	.0	
76.1	69.0	6.3	86.7	328.7	97.0	32.0	.0	
72.0	69.7	5.1	119.2	284.2	98.0	138.0	.0	
76.0	71.2	5.2	102.9	291.6	98.0	8.0	.0	
76.3	65.9	7.4	64.6	413.4	90.0	65.0	.0	
76.9	60.9	9.7	65.4	571.5	62.0	.0	.0	
77.3	56.1	7.7	77.5	691.5	20.0	.0	.0	
79.9	60.8	3.4	99.2	699.0	4.0	.0	.0	
83.1	67.7	5.2	155.0	630.1	39.0	.0	.0	
81.2	70.2	7.1	192.1	357.7	93.0	.0	.0	
77.5	71.8	7.1	177.1	311.2	98.0	4.0	.0	
78.6	73.0	6.2	189.2	396.3	72.0	45.0	.0	
81.3	72.3	5.3	168.8	507.9	70.0	.0	.0	
83.2	72.2	5.9	197.9	542.6	64.0	.0	.0	
83.3	72.4	5.1	175.4	568.4	44.0	.0	.0	
82.6	70.5	6.6	226.7	598.5	69.0	.0	.0	
83.3	72.0	5.7	172.5	467.9	55.0	.0	.0	
83.0	70.5	7.3	173.3	550.9	41.0	.0	.0	
81.5	70.5	7.3	163.3	474.7	38.0	.0	.0	
82.9	69.3	5.9	156.3	594.0	22.0	.0	.0	
79.9	70.8	7.8	225.0	510.7	60.0	195.0	.0	
78.0	71.1	5.5	180.8	340.1	95.0	1.0	.0	
79.2	68.4	5.3	215.0	553.3	58.0	.0	.0	
80.9	64.6	6.0	254.6	623.7	18.0	.0	.0	
81.3	64.3	4.3	145.4	596.5	21.0	.0	.0	
79.3	68.1	5.9	192.1	447.3	53.0	.0	.0	
81.0	69.6	6.0	189.6	564.9	27.0	.0	.0	
82.0	69.7	5.3	212.1	586.9	39.0	.0	.0	
83.5	69.5	4.8	136.3	609.3	30.0	.0	.0	
82.8	69.1	4.2	138.8	609.7	32.0	.0	.0	
82.9	70.6	4.3	143.8	572.8	33.0	3.0	.0	
   8    31    1988
83.0	71.1	5.3	158.8	548.2	60.0	17.0	.0	
83.2	71.5	5.4	140.8	587.3	55.0	.0	.0	
81.4	71.8	5.6	159.2	442.7	57.0	.0	.0	
83.1	68.9	6.0	122.9	605.8	36.0	.0	.0	
83.2	68.7	5.6	136.3	591.4	29.0	.0	.0	
82.9	69.7	6.6	142.5	597.0	25.0	.0	.0	
82.7	70.4	5.7	161.3	529.3	67.0	.0	.0	
81.9	68.3	5.4	88.8	471.2	84.0	.0	.0	
81.0	71.5	3.9	77.9	376.0	82.0	.0	.0	
81.4	71.4	3.9	65.4	524.0	47.0	2.0	.0	
81.6	71.3	8.6	78.3	533.2	53.0	.0	.0	
82.1	69.8	8.4	81.7	497.5	44.0	.0	.0	
83.3	67.3	6.8	70.8	529.2	26.0	.0	.0	
81.7	69.4	8.4	42.9	513.3	58.0	1.0	.0	
80.2	70.5	8.5	89.2	360.5	91.0	.0	.0	
81.2	69.5	5.6	90.0	464.0	75.0	.0	.0	
81.1	71.4	5.3	77.1	427.9	45.0	.0	.0	
85.7	70.2	4.6	123.8	551.1	31.0	.0	.0	
85.8	71.4	7.7	192.5	549.1	20.0	.0	.0	
81.3	72.9	7.6	221.7	309.3	65.0	6.0	.0	
80.0	72.3	6.0	240.4	317.5	78.0	.0	.0	
80.4	73.2	5.2	150.0	431.3	68.0	2.0	.0	
82.9	72.2	6.0	174.6	442.0	73.0	.0	.0	
79.6	73.5	6.5	240.8	250.5	72.0	39.0	.0	
81.0	60.6	5.3	206.3	635.1	2.0	.0	.0	
80.3	62.3	4.2	134.6	576.7	26.0	.0	.0	
80.3	66.4	6.3	105.0	544.6	38.0	.0	.0	
81.0	68.6	6.1	119.6	479.5	39.0	.0	.0	
80.9	70.8	4.6	102.1	412.4	57.0	3.0	.0	
80.2	71.1	6.0	160.8	340.2	85.0	.0	.0	
76.3	70.6	8.1	86.7	242.3	98.0	10.0	.0	
   9    30    1988
76.6	65.2	11.2	68.8	321.5	97.0	.0	.0	
72.9	67.8	9.8	70.0	260.9	98.0	2.0	.0	
75.7	71.1	7.2	139.6	281.7	98.0	118.0	.0	
72.6	71.2	6.7	211.3	194.1	98.0	122.0	.0	
72.6	60.2	6.5	279.2	547.7	30.0	.0	.0	
71.8	55.6	9.2	317.5	596.0	2.0	.0	.0	
69.6	58.5	8.8	117.1	391.7	31.0	.0	.0	
66.3	56.8	12.0	77.9	309.3	66.0	42.0	.0	
68.3	65.0	7.1	143.8	195.0	97.0	84.0	.0	
73.4	70.8	7.7	72.9	269.2	98.0	14.0	.0	
79.5	73.0	7.1	90.0	309.4	79.0	.0	.0	
79.0	71.5	5.0	73.8	364.1	48.0	.0	.0	
79.1	71.5	2.5	82.1	440.3	43.0	.0	.0	
81.6	71.3	2.0	86.3	511.9	17.0	.0	.0	
79.9	70.4	5.3	62.1	318.3	84.0	.0	.0	
76.1	72.6	9.2	87.9	199.9	98.0	38.0	.0	
77.5	73.3	5.0	146.3	292.7	98.0	2.0	.0	
76.0	69.9	5.7	78.8	290.4	65.0	.0	.0	
75.7	67.8	5.4	109.6	405.7	59.0	.0	.0	
80.1	72.1	3.2	122.1	342.5	65.0	3.0	.0	
79.9	67.5	6.3	225.4	489.7	30.0	.0	.0	
74.7	61.2	3.6	144.2	531.6	2.0	.0	.0	
79.7	69.3	4.8	158.3	465.3	28.0	.0	.0	
79.1	73.0	5.5	180.0	288.5	65.0	.0	.0	
80.3	70.6	7.5	272.1	450.4	45.0	.0	.0	
76.3	67.0	8.0	131.3	451.4	37.0	.0	.0	
71.3	62.2	9.9	77.1	275.7	80.0	.0	.0	
72.6	59.8	7.6	81.3	476.2	35.0	.0	.0	
75.7	63.5	9.4	79.6	432.6	53.0	.0	.0	
74.7	66.0	10.5	81.7	309.0	64.0	.0	.0	
  10    31    1988
75.0	65.5	8.7	112.9	323.5	80.0	.0	.0	
72.7	69.5	5.5	158.3	194.0	98.0	5.0	.0	
70.3	65.8	7.7	225.4	270.9	77.0	27.0	.0	
64.6	50.8	11.0	342.1	288.0	43.0	.0	.0	
62.5	41.6	10.1	297.9	449.3	11.0	.0	.0	
60.1	43.6	8.0	121.3	470.2	14.0	.0	.0	
60.0	43.2	7.7	162.9	462.0	3.0	.0	.0	
55.3	41.0	3.9	41.7	412.4	29.0	.0	.0	
56.1	40.0	3.0	152.5	404.6	41.0	.0	.0	
61.3	48.3	4.0	136.3	411.9	43.0	.0	.0	
61.1	50.2	4.6	140.8	443.0	6.0	.0	.0	
59.3	35.1	9.0	343.8	473.6	2.0	.0	.0	
52.9	30.7	7.9	71.7	471.7	2.0	.0	.0	
51.4	31.8	4.8	51.7	475.1	4.0	.0	.0	
55.7	41.4	3.5	100.8	447.0	12.0	.0	.0	
61.3	49.3	3.2	103.3	363.8	39.0	.0	.0	
65.5	53.3	2.9	85.8	399.2	19.0	.0	.0	
66.8	57.2	4.7	157.5	397.2	22.0	.0	.0	
66.4	48.6	9.3	289.2	284.2	42.0	.0	.0	
61.4	47.0	9.2	70.4	363.9	58.0	25.0	.0	
61.1	56.6	8.5	221.3	195.9	63.0	14.0	.0	
58.2	44.5	8.6	245.0	431.4	2.0	.0	.0	
57.2	42.6	4.4	117.5	419.2	11.0	.0	.0	
62.0	44.3	8.6	254.6	422.3	32.0	10.0	.0	
56.0	38.7	3.1	106.7	416.5	2.0	.0	.0	
58.7	47.5	4.4	115.8	288.6	72.0	.0	.0	
64.3	54.2	8.4	76.3	367.0	40.0	.0	.0	
67.8	60.6	4.6	135.4	295.3	74.0	.0	.0	
66.1	58.1	4.2	172.9	239.9	59.0	.0	.0	
62.3	55.3	5.7	56.3	166.9	86.0	.0	.0	
51.9	47.3	10.5	69.6	112.7	98.0	71.0	.0	
  11    30    1988
53.2	46.0	6.9	230.4	250.0	55.0	.0	.0	
56.5	44.4	3.7	120.8	390.3	14.0	.0	.0	
59.4	48.7	5.3	94.2	311.2	50.0	.0	.0	
61.5	58.0	7.1	100.4	155.6	86.0	140.0	.0	
63.1	48.6	11.4	253.8	298.1	48.0	35.0	.0	
54.2	38.5	9.9	247.1	375.9	2.0	.0	.0	
51.2	37.5	2.5	85.8	368.0	10.0	.0	.0	
59.4	55.0	2.4	69.6	141.4	88.0	25.0	.0	
66.2	64.4	5.2	103.3	170.4	84.0	1.0	.0	
64.0	59.6	5.4	164.6	184.0	72.0	1.0	.0	
58.6	37.3	7.7	272.5	321.6	17.0	.0	.0	
57.7	43.3	10.1	91.3	310.6	41.0	.0	.0	
58.2	54.7	5.1	163.3	156.0	66.0	2.0	.0	
59.7	53.4	4.1	185.4	171.4	65.0	.0	.0	
65.6	60.5	4.7	94.2	149.3	88.0	.0	.0	
66.1	60.9	8.1	162.9	137.8	91.0	10.0	.0	
56.9	40.1	9.6	239.2	327.8	43.0	2.0	.0	
57.6	38.7	7.8	63.8	281.9	41.0	.0	.0	
65.4	55.0	10.3	109.2	155.6	94.0	.0	.0	
67.5	55.5	12.0	227.9	255.2	71.0	59.0	.0	
52.2	38.9	7.5	202.1	221.1	90.0	.0	.0	
51.2	39.8	10.8	74.6	154.4	98.0	.0	.0	
56.1	46.7	8.8	222.1	230.1	60.0	.0	.0	
54.9	47.3	3.5	136.3	314.3	23.0	.0	.0	
56.5	49.5	5.2	82.1	210.8	60.0	.0	.0	
65.3	56.1	9.4	133.8	154.2	95.0	.0	.0	
60.9	57.7	9.1	203.3	138.7	98.0	88.0	.0	
47.7	30.9	12.1	275.4	332.5	21.0	.0	.0	
43.2	29.2	3.7	90.0	324.7	2.0	.0	.0	
47.8	37.2	5.6	188.3	202.5	49.0	.0	.0	
  12    31    1988
45.7	26.4	8.5	256.3	302.2	5.0	.0	.0	
41.9	25.7	6.1	247.5	319.7	2.0	.0	.0	
44.4	25.5	4.4	173.8	319.7	4.0	.0	.0	
50.2	31.3	5.7	185.8	321.2	2.0	.0	.0	
46.8	30.7	2.7	83.8	300.4	2.0	.0	.0	
46.1	36.0	2.0	57.1	270.8	19.0	.0	.0	
50.6	42.2	2.0	67.1	250.8	51.0	.0	.0	
54.5	45.6	2.0	90.0	242.6	60.0	.0	.0	
49.5	41.7	7.3	257.1	139.7	70.0	14.0	.0	
43.2	29.8	4.5	250.8	149.2	64.0	.0	.0	
42.1	36.9	6.3	147.5	102.1	98.0	29.0	.0	
36.4	23.4	9.4	86.7	160.5	61.0	.0	.0	
37.6	26.1	5.4	172.1	304.6	2.0	.0	.0	
45.1	32.1	3.5	90.4	273.8	44.0	.0	.0	
54.1	47.2	6.1	225.8	180.9	81.0	26.0	.0	
41.9	27.5	10.4	322.5	274.4	42.0	15.0	.0	
36.4	16.5	10.0	293.8	314.6	2.0	.0	.0	
35.1	19.8	5.5	188.3	305.9	8.0	.0	.0	
40.6	25.5	2.5	73.3	292.0	14.0	.0	.0	
49.0	37.2	5.5	89.6	228.7	58.0	.0	.0	
56.1	49.9	3.9	134.6	167.6	85.0	.0	.0	
61.6	53.8	5.5	79.6	179.4	58.0	.0	.0	
61.0	56.3	6.0	100.4	125.7	80.0	.0	.0	
66.0	60.2	9.1	203.8	168.9	92.0	1.0	.0	
54.6	32.6	8.7	312.9	311.2	2.0	.0	.0	
49.3	28.8	7.0	60.8	294.2	12.0	.0	.0	
57.7	42.2	10.0	109.2	284.1	22.0	.0	.0	
54.5	47.1	9.4	260.4	147.1	58.0	10.0	.0	
44.2	28.5	4.1	165.8	295.2	30.0	.0	.0	
52.9	41.9	5.2	70.8	137.1	96.0	78.0	.0	
58.8	57.8	2.2	43.9	94.7	98.0	199.0	.0	
