   1    31    1975
15.0	10.9	12.4	265.8	181.4	2.0	.0	.0	
18.9	17.0	16.0	167.5	82.5	79.0	.0	73.7	
21.1	18.6	15.5	270.8	115.0	64.0	.0	.0	
11.9	8.7	11.3	215.0	175.6	25.0	.0	.0	
20.6	17.2	14.1	148.3	111.8	82.0	.0	.0	
24.0	22.7	10.3	202.9	100.3	98.0	.0	.0	
21.2	20.7	7.5	84.6	108.8	98.0	.0	7.6	
24.8	23.6	7.1	233.3	123.0	93.0	.0	5.1	
29.5	28.7	18.1	134.2	60.7	98.0	.0	12.7	
33.8	33.6	13.7	132.5	70.7	98.0	75.0	.0	
-1.4	-4.5	33.5	286.3	118.2	98.0	.0	58.4	
-6.4	-13.4	20.3	287.5	119.0	83.0	.0	10.2	
-4.1	-11.7	10.8	312.1	165.8	51.0	.0	.0	
2.1	-2.7	13.4	224.2	106.4	62.0	.0	5.1	
13.6	11.3	12.9	309.2	159.3	79.0	.0	2.5	
8.6	2.2	13.0	270.0	210.0	2.0	.0	.0	
21.8	15.2	20.9	203.8	172.3	71.0	.0	10.2	
23.4	18.1	20.8	300.0	148.1	88.0	.0	5.1	
2.7	-8.0	15.5	320.4	208.7	21.0	.0	.0	
7.5	-1.6	22.3	184.2	132.6	76.0	.0	12.7	
16.4	11.0	19.3	293.3	103.9	71.0	.0	10.2	
1.9	-7.0	14.9	236.7	212.5	26.0	.0	.0	
22.7	17.6	14.2	192.9	219.5	71.0	.0	.0	
31.3	28.0	12.0	206.3	116.3	96.0	.0	.0	
22.4	18.6	22.1	295.4	141.1	98.0	.0	10.2	
15.9	11.0	13.0	290.4	207.1	75.0	.0	.0	
12.9	8.4	7.7	305.4	127.7	98.0	.0	10.2	
14.6	8.4	9.2	122.1	126.5	94.0	.0	30.5	
18.1	14.2	13.3	250.8	174.8	75.0	.0	30.5	
6.3	1.1	5.4	216.7	183.7	86.0	.0	.0	
7.9	.8	7.0	130.0	137.2	86.0	.0	.0	
   2    28    1975
13.4	8.4	6.4	72.1	168.7	72.0	.0	.0	
23.1	18.6	8.8	143.3	130.8	98.0	.0	.0	
25.3	19.6	16.1	137.9	154.1	98.0	.0	.0	
27.4	23.9	9.9	101.3	161.2	98.0	.0	83.8	
18.3	14.4	15.8	323.3	162.1	98.0	.0	20.3	
-2.6	-11.5	16.1	290.8	274.4	57.0	.0	.0	
1.8	-7.5	14.8	250.4	246.0	75.0	.0	.0	
-5.8	-18.1	14.9	312.5	156.4	72.0	.0	.0	
-11.3	-21.9	14.5	220.4	305.7	13.0	.0	.0	
7.7	-.9	15.5	132.9	214.9	78.0	.0	15.2	
6.1	.3	4.5	160.0	264.7	44.0	.0	.0	
8.0	.0	15.3	317.5	271.8	81.0	.0	.0	
4.1	-9.3	6.5	127.5	210.5	96.0	.0	.0	
18.3	3.8	9.5	77.9	185.7	98.0	.0	.0	
25.0	16.9	11.4	100.4	167.6	98.0	.0	.0	
27.8	20.8	10.3	121.3	183.9	98.0	.0	.0	
27.9	22.6	11.3	146.3	187.7	98.0	.0	5.1	
24.0	20.1	13.2	291.7	171.9	98.0	.0	10.2	
13.4	8.6	13.4	215.0	320.4	2.0	.0	.0	
18.7	13.9	13.0	184.6	337.6	2.0	.0	.0	
30.8	24.8	16.3	178.3	174.7	63.0	.0	2.5	
26.9	21.1	17.6	296.3	179.6	94.0	.0	.0	
25.2	19.4	15.0	254.6	225.6	97.0	.0	.0	
27.2	22.5	20.0	268.8	185.3	85.0	.0	53.3	
29.0	22.5	31.9	296.7	371.4	41.0	.0	2.5	
19.4	13.4	21.6	292.1	284.5	64.0	.0	.0	
21.0	16.2	13.8	231.7	227.8	78.0	.0	.0	
13.5	6.7	14.0	298.3	377.9	5.0	.0	.0	
   3    31    1975
8.1	2.1	15.5	306.7	340.3	26.0	.0	.0	
9.6	3.4	13.9	322.9	391.0	15.0	.0	2.5	
7.0	-1.0	11.4	299.2	385.9	4.0	.0	.0	
13.4	7.6	10.6	210.0	359.1	60.0	.0	.0	
27.4	23.0	14.2	233.8	234.5	96.0	.0	40.6	
23.8	18.5	8.2	184.6	263.0	86.0	.0	48.3	
20.0	14.2	17.7	320.8	405.6	35.0	.0	.0	
6.8	-.6	9.5	285.4	424.5	8.0	.0	.0	
12.6	6.5	10.9	166.3	235.5	91.0	.0	.0	
17.4	13.1	6.5	155.8	430.0	57.0	.0	10.2	
22.7	18.3	10.4	164.2	296.0	98.0	.0	61.0	
16.7	10.8	16.6	293.3	425.7	38.0	.0	10.2	
6.0	-5.0	6.4	254.2	462.4	2.0	.0	.0	
8.0	-.9	7.4	232.5	435.9	16.0	.0	.0	
21.0	14.1	15.2	185.0	461.7	21.0	.0	.0	
28.9	23.8	9.9	163.3	439.0	38.0	.0	.0	
33.9	28.3	16.1	157.1	452.6	76.0	.0	.0	
34.4	32.5	8.5	221.7	272.6	98.0	.0	.0	
34.0	28.4	11.7	164.2	352.9	33.0	.0	.0	
36.8	30.9	11.6	173.8	290.0	85.0	.0	.0	
36.3	33.7	11.3	181.7	237.3	90.0	5.0	.0	
33.6	27.0	11.2	230.0	361.6	74.0	.0	.0	
33.9	29.1	21.9	82.1	215.9	98.0	39.0	.0	
30.8	27.8	15.1	189.6	273.9	98.0	.0	58.4	
16.3	8.0	16.9	282.9	453.6	58.0	.0	5.1	
19.7	12.0	19.7	104.6	235.8	95.0	.0	20.3	
28.6	26.1	30.9	117.1	268.3	98.0	.0	71.1	
30.5	24.3	24.4	215.4	332.6	93.0	.0	5.1	
19.8	13.8	23.0	285.8	295.1	63.0	.0	.0	
14.2	5.3	15.0	256.3	510.0	40.0	.0	2.5	
24.7	17.5	16.3	178.8	364.6	67.0	.0	5.1	
   4    30    1975
17.4	5.4	11.7	292.9	269.1	85.0	.0	.0	
21.9	11.7	16.2	209.2	284.8	84.0	.0	.0	
19.7	9.8	13.6	313.8	553.4	11.0	.0	.0	
26.6	14.4	9.0	136.3	405.3	69.0	.0	.0	
31.7	18.8	14.5	99.2	388.2	82.0	.0	.0	
34.1	21.9	14.5	104.2	504.5	94.0	.0	.0	
35.7	21.8	16.0	109.6	437.5	74.0	.0	.0	
35.2	22.5	19.2	104.6	257.5	96.0	.0	.0	
31.9	26.1	17.5	82.5	276.1	98.0	.0	27.9	
33.6	25.1	10.5	193.8	444.0	65.0	4.0	.0	
35.2	26.5	8.9	277.9	571.4	28.0	.0	.0	
35.1	30.0	8.0	228.8	367.4	68.0	.0	.0	
41.0	33.7	11.3	143.8	349.2	88.0	.0	.0	
40.6	34.6	9.6	136.3	219.8	98.0	3.0	.0	
43.7	37.5	7.8	210.0	271.1	98.0	12.0	.0	
45.8	40.0	9.3	132.5	294.1	94.0	1.0	.0	
48.0	42.2	15.6	166.3	230.9	98.0	1.0	.0	
40.4	36.8	15.8	316.7	171.4	98.0	63.0	.0	
37.5	31.5	24.7	284.2	188.6	98.0	2.0	.0	
37.1	28.6	11.6	290.4	334.9	79.0	.0	.0	
40.7	33.9	9.8	160.8	437.5	68.0	.0	.0	
46.9	40.4	15.7	141.3	378.5	64.0	33.0	.0	
56.0	50.6	12.3	262.5	285.0	88.0	47.0	.0	
49.1	43.1	7.9	110.8	299.0	98.0	2.0	.0	
50.2	42.3	10.4	111.3	404.5	86.0	10.0	.0	
47.2	38.0	20.2	128.8	205.5	96.0	30.0	.0	
45.2	41.4	23.6	117.5	192.3	98.0	133.0	.0	
47.1	43.3	19.9	133.8	261.7	87.0	14.0	.0	
50.3	40.3	17.1	213.8	427.8	53.0	.0	.0	
42.5	36.0	12.3	236.7	260.3	70.0	.0	.0	
   5    31    1975
47.5	38.8	11.0	228.8	492.4	39.0	10.0	.0	
53.3	46.3	9.1	189.6	299.5	94.0	42.0	.0	
52.9	43.8	10.8	267.9	427.8	65.0	20.0	.0	
52.8	40.6	11.5	158.3	332.1	69.0	.0	.0	
59.0	48.3	14.3	80.8	601.0	40.0	.0	.0	
57.3	43.4	18.1	99.6	554.9	72.0	.0	.0	
51.1	44.1	17.8	96.7	250.6	98.0	21.0	.0	
53.3	44.2	9.3	74.2	248.3	98.0	13.0	.0	
59.7	42.3	7.0	126.3	632.2	38.0	.0	.0	
61.2	44.7	7.2	284.6	617.8	40.0	.0	.0	
55.8	48.3	9.8	194.6	314.0	84.0	44.0	.0	
54.3	38.7	8.0	170.0	615.6	20.0	.0	.0	
58.2	42.3	9.7	207.1	539.5	76.0	1.0	.0	
57.9	46.4	20.3	267.9	436.3	78.0	.0	.0	
51.1	39.6	12.2	280.4	423.0	55.0	.0	.0	
57.6	42.4	10.4	152.1	687.0	2.0	.0	.0	
66.3	47.4	16.2	180.0	670.3	29.0	.0	.0	
67.0	53.4	8.8	137.9	494.2	71.0	.0	.0	
75.1	59.1	16.6	179.2	594.3	65.0	.0	.0	
77.4	61.2	18.0	183.3	456.9	65.0	.0	.0	
71.3	61.9	10.6	181.3	343.8	86.0	.0	.0	
73.3	64.1	11.2	170.8	420.7	81.0	.0	.0	
72.7	64.6	14.1	150.0	404.4	77.0	7.0	.0	
67.6	53.6	9.9	156.3	502.1	68.0	.0	.0	
68.0	58.7	12.5	180.4	441.2	73.0	.0	.0	
61.3	49.0	12.2	290.0	545.0	52.0	.0	.0	
61.8	40.3	7.4	217.5	672.9	34.0	.0	.0	
58.6	49.4	10.7	102.5	210.2	98.0	67.0	.0	
57.4	54.0	10.0	179.6	239.8	97.0	9.0	.0	
54.3	45.1	12.8	329.2	357.2	79.0	.0	.0	
56.9	43.6	9.8	295.8	574.6	23.0	.0	.0	
   6    30    1975
58.5	43.8	8.3	297.9	602.8	30.0	.0	.0	
58.8	45.2	11.7	200.8	487.8	65.0	3.0	.0	
65.1	48.5	10.4	222.9	632.0	48.0	.0	.0	
66.6	58.0	9.9	187.1	507.4	69.0	35.0	.0	
65.7	50.0	15.6	275.4	652.2	46.0	.0	.0	
59.3	45.8	15.3	320.8	675.4	23.0	.0	.0	
58.1	45.4	9.5	240.0	639.0	14.0	.0	.0	
59.3	46.8	8.7	119.6	325.3	88.0	.0	.0	
58.0	49.2	13.8	120.8	255.2	98.0	10.0	.0	
63.0	57.0	8.6	143.8	348.1	98.0	.0	.0	
59.3	55.0	11.7	149.6	267.6	98.0	71.0	.0	
62.7	53.4	17.8	280.4	401.0	71.0	7.0	.0	
67.7	54.5	12.5	255.0	567.8	48.0	.0	.0	
60.0	53.4	8.6	110.0	262.4	92.0	23.0	.0	
58.7	52.8	12.7	251.3	368.5	75.0	10.0	.0	
62.9	56.8	11.6	185.8	353.0	74.0	3.0	.0	
66.9	59.2	13.6	209.6	545.4	63.0	54.0	.0	
60.8	56.5	10.1	93.8	289.9	82.0	102.0	.0	
74.1	67.7	12.0	150.4	575.1	63.0	.0	.0	
77.4	69.9	13.6	175.8	583.2	80.0	.0	.0	
76.4	68.3	16.0	175.8	555.3	86.0	13.0	.0	
72.1	63.6	14.3	199.2	504.6	72.0	18.0	.0	
73.2	61.7	6.8	220.0	628.0	77.0	.0	.0	
72.8	64.2	6.8	128.8	571.1	66.0	.0	.0	
73.6	66.2	11.4	132.5	551.7	44.0	.0	.0	
74.9	66.9	15.1	166.7	536.4	90.0	20.0	.0	
73.6	64.4	7.0	120.4	630.3	41.0	.0	.0	
77.6	69.8	11.1	141.7	536.3	79.0	.0	.0	
76.9	68.3	13.8	157.1	527.5	81.0	17.0	.0	
76.2	68.3	9.9	164.2	544.9	81.0	.0	.0	
   7    31    1975
76.3	65.6	10.3	190.0	618.2	55.0	.0	.0	
76.3	65.9	10.4	199.6	418.5	63.0	.0	.0	
81.4	68.2	12.7	212.9	636.6	39.0	.0	.0	
75.6	61.9	7.8	95.0	639.5	61.0	.0	.0	
77.2	66.3	11.3	222.5	568.1	76.0	18.0	.0	
74.6	63.5	11.2	322.9	651.9	30.0	.0	.0	
75.9	62.8	9.2	300.4	612.2	34.0	.0	.0	
70.3	56.0	12.8	309.2	637.4	58.0	.0	.0	
64.9	55.4	8.9	267.1	546.8	34.0	54.0	.0	
61.5	49.6	10.9	295.8	645.6	34.0	.0	.0	
61.3	50.5	11.1	291.3	568.0	66.0	15.0	.0	
57.6	45.3	10.3	264.2	562.5	41.0	.0	.0	
58.0	48.9	4.1	119.2	391.4	55.0	.0	.0	
68.0	55.3	11.5	213.8	604.8	37.0	.0	.0	
75.6	62.1	14.2	191.3	685.3	18.0	.0	.0	
78.1	64.9	15.8	185.0	671.1	3.0	.0	.0	
78.2	63.9	15.4	180.4	638.1	5.0	.0	.0	
80.9	65.9	17.2	207.1	626.6	41.0	3.0	.0	
77.3	59.9	9.9	274.2	632.6	30.0	.0	.0	
71.9	57.5	12.1	290.0	620.9	29.0	.0	.0	
73.6	59.6	7.7	227.9	583.6	42.0	.0	.0	
75.8	60.5	10.6	222.1	616.9	44.0	.0	.0	
71.0	64.0	9.6	208.8	316.9	82.0	12.0	.0	
68.5	55.9	14.0	306.3	669.4	8.0	.0	.0	
67.5	53.4	6.8	211.7	609.0	15.0	.0	.0	
73.9	59.5	13.9	216.7	657.1	18.0	.0	.0	
74.4	56.4	10.0	301.3	661.4	2.0	.0	.0	
76.2	58.0	9.8	202.9	663.2	2.0	.0	.0	
78.0	61.9	12.2	182.9	649.6	2.0	.0	.0	
76.9	65.3	10.5	153.3	631.9	7.0	.0	.0	
78.1	67.8	10.7	155.8	614.5	18.0	.0	.0	
   8    31    1975
77.3	64.9	12.7	185.0	467.6	65.0	.0	.0	
71.0	59.9	9.6	263.3	578.9	45.0	163.0	.0	
73.5	58.6	9.3	219.2	664.7	24.0	.0	.0	
74.6	60.6	9.8	210.8	600.1	37.0	.0	.0	
63.9	56.4	7.3	114.6	273.7	50.0	14.0	.0	
63.3	52.1	9.7	108.8	610.4	34.0	.0	.0	
66.0	49.2	13.8	159.6	644.7	2.0	.0	.0	
74.0	60.5	16.9	196.7	593.7	20.0	.0	.0	
75.9	62.8	8.3	180.4	623.3	6.0	.0	.0	
73.2	58.9	11.6	232.9	469.6	50.0	2.0	.0	
70.5	58.1	7.3	154.2	540.8	43.0	.0	.0	
76.3	65.9	11.2	192.9	377.0	88.0	13.0	.0	
69.6	52.9	11.2	314.6	603.8	31.0	.0	.0	
67.1	54.4	5.4	55.4	289.5	81.0	.0	.0	
70.3	58.2	5.9	195.4	407.7	67.0	.0	.0	
68.0	59.4	8.3	217.5	378.0	48.0	3.0	.0	
64.0	51.7	8.9	225.8	453.3	75.0	.0	.0	
64.9	51.8	7.5	80.4	428.9	83.0	.0	.0	
67.1	60.0	9.0	116.7	312.6	89.0	8.0	.0	
74.5	64.9	14.0	155.4	418.3	80.0	.0	.0	
76.1	66.0	10.4	185.0	456.8	94.0	21.0	.0	
70.1	64.5	12.2	118.8	252.3	98.0	63.0	.0	
76.5	68.6	15.1	165.4	476.8	54.0	8.0	.0	
75.7	66.5	18.7	175.8	347.4	89.0	179.0	.0	
65.3	53.8	13.7	248.3	461.2	57.0	.0	.0	
59.7	51.9	9.6	256.3	250.0	48.0	3.0	.0	
66.0	55.1	11.1	132.9	457.5	55.0	.0	.0	
72.6	64.6	14.0	166.3	391.0	85.0	120.0	.0	
67.1	61.2	8.9	62.9	256.6	85.0	.0	.0	
64.1	58.2	7.6	82.1	255.3	93.0	.0	.0	
67.3	59.4	8.7	168.3	428.1	60.0	.0	.0	
   9    30    1975
70.1	63.8	9.5	109.6	278.0	56.0	.0	.0	
67.9	59.5	15.6	111.3	319.3	72.0	.0	.0	
67.6	54.6	13.0	300.8	515.3	25.0	2.0	.0	
61.4	52.3	7.2	142.5	298.0	80.0	.0	.0	
59.5	49.0	9.9	277.1	367.1	59.0	8.0	.0	
59.5	46.9	10.4	240.4	491.8	23.0	.0	.0	
60.5	46.8	15.7	280.8	470.4	35.0	.0	.0	
54.2	44.0	7.4	117.1	443.3	33.0	.0	.0	
53.5	47.5	14.1	142.9	321.3	68.0	3.0	.0	
71.8	61.6	19.4	202.5	404.4	72.0	.0	.0	
55.8	44.3	18.1	319.6	322.3	80.0	3.0	.0	
45.8	33.3	11.3	292.1	325.8	34.0	.0	.0	
50.0	33.7	9.7	247.9	449.3	8.0	.0	.0	
57.0	42.9	13.2	188.8	441.2	23.0	.0	.0	
54.2	48.9	10.4	194.2	169.8	85.0	.0	.0	
59.5	51.6	8.5	198.8	206.3	98.0	.0	.0	
62.3	53.6	12.5	155.0	241.5	94.0	.0	.0	
61.4	52.3	17.3	214.2	283.0	72.0	3.0	.0	
50.8	42.3	18.9	232.9	208.4	62.0	14.0	.0	
49.5	45.4	18.3	279.2	154.2	98.0	1.0	.0	
46.4	41.9	13.7	284.2	191.2	79.0	1.0	.0	
49.7	40.3	10.8	275.8	358.6	28.0	.0	.0	
49.4	41.0	13.8	222.5	196.6	38.0	.0	.0	
48.3	36.4	7.9	160.0	444.6	6.0	.0	.0	
48.0	36.3	5.5	106.3	423.5	5.0	.0	.0	
50.9	35.9	7.6	178.3	436.6	2.0	.0	.0	
54.9	38.5	10.8	172.9	423.3	45.0	.0	.0	
54.2	45.5	8.5	143.3	188.1	97.0	3.0	.0	
55.5	50.1	6.4	153.3	225.7	83.0	.0	.0	
52.2	39.2	15.8	282.9	241.1	83.0	.0	.0	
  10    31    1975
42.4	30.4	11.9	301.3	239.0	70.0	.0	.0	
46.5	29.1	13.0	208.8	422.3	3.0	.0	.0	
59.4	39.8	16.1	206.7	420.2	2.0	.0	.0	
62.8	40.0	17.4	187.9	370.4	4.0	.0	.0	
59.3	36.1	17.8	246.7	310.0	60.0	.0	.0	
57.0	34.3	8.0	186.3	397.4	2.0	.0	.0	
63.7	42.5	16.7	170.8	397.7	2.0	.0	.0	
63.6	54.3	16.0	154.6	245.8	45.0	.0	.0	
52.3	39.2	13.6	265.4	248.5	50.0	.0	.0	
46.6	35.6	10.7	259.6	238.6	88.0	.0	.0	
49.0	37.1	8.6	120.4	333.8	48.0	.0	.0	
67.3	47.9	19.4	165.0	356.6	25.0	.0	.0	
72.2	56.5	12.9	191.3	292.9	69.0	.0	.0	
63.5	45.7	14.3	240.8	290.8	52.0	.0	.0	
42.9	29.6	16.1	291.3	239.2	43.0	.0	.0	
43.0	30.9	6.6	145.8	186.1	68.0	.0	.0	
48.4	33.8	7.9	60.4	348.1	24.0	.0	.0	
42.8	28.2	6.1	137.1	335.8	2.0	.0	.0	
44.2	28.4	9.3	187.1	234.1	31.0	.0	.0	
51.8	34.5	9.4	239.6	189.4	60.0	.0	.0	
51.5	32.4	9.6	252.5	212.9	66.0	.0	.0	
59.5	44.3	14.3	132.1	248.0	69.0	.0	.0	
65.3	56.5	16.5	183.3	159.3	83.0	.0	.0	
52.5	45.9	21.3	222.9	123.1	98.0	68.0	.0	
40.5	27.4	16.9	237.5	292.8	19.0	.0	.0	
45.8	26.6	20.7	188.3	178.6	60.0	.0	.0	
53.5	39.8	16.0	227.5	235.0	54.0	.0	.0	
40.7	29.2	12.8	338.3	257.7	40.0	.0	.0	
36.5	24.6	6.1	156.7	280.6	12.0	.0	.0	
46.3	29.9	21.2	168.8	234.5	61.0	.0	.0	
54.6	40.3	18.1	205.0	205.9	86.0	.0	.0	
  11    30    1975
47.0	35.8	10.4	262.1	271.7	12.0	.0	.0	
50.1	38.9	12.0	203.3	189.3	72.0	.0	.0	
55.1	45.5	10.3	243.8	192.4	51.0	.0	.0	
52.9	36.8	10.2	215.8	262.8	2.0	.0	.0	
53.4	48.4	12.1	199.2	152.3	64.0	.0	.0	
59.1	53.9	12.1	180.0	123.1	84.0	.0	.0	
55.4	49.4	12.9	226.3	110.8	84.0	.0	.0	
47.0	39.2	7.4	234.2	120.9	73.0	.0	.0	
43.0	38.8	19.9	97.1	67.2	98.0	205.0	.0	
38.7	31.4	19.2	257.1	244.1	28.0	20.0	.0	
41.1	33.1	17.9	175.0	81.4	98.0	2.0	.0	
32.6	27.5	21.9	312.1	116.0	98.0	12.0	.0	
25.9	17.9	13.1	308.8	197.7	51.0	.0	.0	
30.6	22.8	14.1	193.3	217.4	18.0	.0	.0	
42.4	32.4	9.5	255.8	166.4	44.0	.0	.0	
47.3	39.0	13.6	179.6	179.2	23.0	.0	.0	
47.9	42.9	9.9	186.3	207.7	2.0	.0	.0	
55.7	48.7	14.6	176.3	88.5	88.0	5.0	.0	
52.3	45.5	11.9	190.0	137.1	92.0	1.0	.0	
38.7	35.7	21.4	96.7	65.0	98.0	109.0	.0	
22.1	14.6	20.4	327.9	182.6	46.0	.0	2.5	
19.6	14.3	7.5	237.9	216.3	20.0	.0	.0	
23.4	18.9	9.7	87.1	86.2	91.0	.0	2.5	
19.0	14.0	17.4	17.5	121.1	93.0	.0	27.9	
13.5	5.5	10.2	32.1	208.8	67.0	.0	2.5	
14.8	8.7	10.7	65.4	149.9	93.0	.0	7.6	
14.2	10.4	6.4	182.9	106.6	49.0	.0	.0	
20.4	16.8	15.1	141.3	103.3	88.0	.0	.0	
37.6	35.0	17.7	216.3	66.7	96.0	80.0	.0	
15.6	10.5	22.7	300.8	109.6	91.0	.0	25.4	
  12    31    1975
14.7	8.8	12.4	177.5	98.4	73.0	.0	.0	
18.4	13.6	7.5	286.7	122.3	80.0	.0	.0	
24.0	16.8	14.4	135.0	90.3	78.0	.0	.0	
34.9	30.4	14.9	175.8	176.6	27.0	.0	.0	
41.3	35.6	20.4	276.3	85.8	75.0	.0	.0	
17.1	6.0	11.9	190.4	165.1	39.0	.0	.0	
27.3	19.7	10.4	187.5	143.7	76.0	.0	.0	
30.0	23.0	6.9	73.3	80.6	98.0	.0	.0	
27.7	19.6	8.7	228.8	158.2	74.0	.0	.0	
34.0	27.9	16.9	146.3	81.4	98.0	.0	.0	
28.0	18.0	14.4	64.6	83.1	98.0	.0	2.5	
26.7	20.0	15.8	101.7	74.8	82.0	.0	.0	
35.9	33.3	11.3	173.8	70.6	98.0	58.0	.0	
21.6	17.3	18.3	307.9	92.0	88.0	.0	144.8	
10.0	4.5	10.1	169.6	144.9	30.0	.0	.0	
10.7	3.6	18.0	297.5	137.7	41.0	.0	.0	
-2.0	-11.7	18.4	326.3	142.0	8.0	.0	.0	
4.2	-5.9	14.6	252.9	109.6	60.0	.0	.0	
27.7	23.5	16.0	265.0	82.5	98.0	.0	10.2	
17.0	11.4	16.0	305.4	142.6	51.0	.0	2.5	
16.2	10.8	12.5	207.5	175.9	7.0	.0	.0	
22.5	18.3	9.9	122.9	77.1	85.0	.0	.0	
21.8	17.4	10.1	138.3	99.7	98.0	.0	.0	
24.5	19.6	13.4	239.6	92.9	98.0	.0	.0	
22.5	19.9	6.7	174.2	102.1	98.0	.0	.0	
20.5	14.6	10.3	112.1	106.4	95.0	.0	.0	
18.7	13.7	8.8	208.3	85.3	98.0	.0	.0	
24.2	19.1	10.1	179.2	96.5	98.0	.0	.0	
28.1	22.4	13.1	212.1	90.4	98.0	.0	.0	
29.3	25.3	11.8	217.5	88.3	98.0	.0	.0	
27.8	23.0	10.3	103.3	81.9	84.0	.0	.0	
