   1    31    1965
20.1	4.5	23.5	318.8	178.8	12.0	.0	.0	
18.6	4.1	9.7	203.8	93.2	79.0	.0	17.8	
22.7	9.4	21.3	286.3	173.0	46.0	.0	17.8	
26.6	-1.2	25.2	317.5	175.8	26.0	.0	.0	
28.9	14.7	17.3	281.3	103.6	88.0	.0	.0	
31.8	15.2	12.4	278.8	162.4	35.0	.0	.0	
24.9	7.3	8.2	231.3	169.5	42.0	.0	.0	
33.3	28.0	5.2	145.0	81.0	98.0	29.0	.0	
41.0	28.7	13.5	263.8	89.6	98.0	.0	.0	
24.3	15.5	8.2	116.3	97.9	98.0	.0	50.8	
21.5	15.3	6.5	170.0	136.6	57.0	.0	2.5	
28.1	20.5	13.4	240.0	175.8	61.0	.0	.0	
31.7	21.1	7.5	235.0	146.8	95.0	.0	2.5	
15.3	1.9	21.6	290.0	189.8	33.0	.0	.0	
-1.4	-14.0	6.0	120.0	176.6	57.0	.0	.0	
1.5	-2.4	14.9	118.8	91.7	98.0	.0	48.3	
7.2	4.1	8.6	247.5	205.1	51.0	.0	7.6	
9.1	3.2	6.1	258.8	133.2	77.0	.0	.0	
14.7	7.5	12.4	273.8	222.8	18.0	.0	.0	
23.6	14.9	14.1	238.8	121.5	61.0	.0	10.2	
21.9	5.4	14.8	267.5	231.2	6.0	.0	.0	
34.5	19.5	17.6	261.3	196.4	44.0	.0	.0	
16.0	8.7	9.2	55.0	97.9	98.0	.0	53.3	
16.3	14.2	13.6	47.5	117.2	98.0	.0	134.6	
27.9	20.5	10.5	261.3	155.2	53.0	.0	.0	
27.7	19.0	6.8	133.8	151.2	63.0	.0	10.2	
31.8	17.6	18.8	273.8	207.8	57.0	.0	2.5	
20.2	5.1	17.6	261.3	214.6	34.0	.0	2.5	
9.1	-6.9	13.3	277.5	216.4	19.0	.0	.0	
6.4	-10.1	11.1	252.5	239.6	33.0	.0	.0	
14.5	-2.4	12.1	311.3	258.7	2.0	.0	.0	
   2    28    1965
18.3	8.1	8.1	228.8	167.3	74.0	.0	27.9	
21.9	11.3	14.7	273.8	242.0	50.0	.0	7.6	
11.5	-1.9	12.4	270.0	265.2	11.0	.0	.0	
7.6	-7.9	13.3	267.5	258.1	10.0	.0	.0	
8.4	-1.7	7.9	228.8	167.0	67.0	.0	5.1	
29.5	16.5	7.4	191.3	160.8	98.0	.0	.0	
34.7	26.2	6.5	83.8	168.1	98.0	51.0	.0	
44.9	38.8	10.8	205.0	199.8	88.0	92.0	.0	
33.8	16.7	8.8	173.8	275.6	36.0	.0	.0	
26.2	17.8	8.5	90.0	121.0	98.0	.0	58.4	
35.8	24.8	9.1	225.0	234.7	83.0	.0	.0	
34.0	28.2	5.8	92.5	118.1	98.0	8.0	.0	
31.4	16.9	15.4	277.5	300.8	28.0	.0	.0	
17.4	4.8	6.3	160.0	122.1	89.0	.0	.0	
24.6	10.5	6.8	213.8	312.4	28.0	.0	7.6	
32.7	17.6	12.7	258.8	290.7	74.0	.0	.0	
27.8	7.3	6.5	280.0	320.2	29.0	.0	.0	
29.2	19.9	12.7	242.5	180.3	81.0	.0	2.5	
15.7	2.8	19.9	302.5	268.8	41.0	.0	.0	
10.2	-6.4	17.0	295.0	354.4	4.0	.0	.0	
29.1	9.1	9.9	245.0	277.8	75.0	.0	17.8	
18.8	10.2	20.5	286.3	273.2	48.0	.0	63.5	
11.4	-5.4	16.9	277.5	331.5	2.0	.0	.0	
18.7	3.9	6.2	143.8	326.8	49.0	.0	.0	
33.3	29.4	12.1	90.0	133.2	98.0	204.0	.0	
24.9	11.8	17.9	253.8	292.2	71.0	.0	.0	
19.9	4.1	13.5	282.5	358.1	23.0	.0	.0	
28.4	12.8	11.5	305.0	335.0	41.0	.0	.0	
   3    31    1965
29.8	15.8	13.9	337.5	184.0	53.0	.0	.0	
37.3	22.0	13.1	322.5	371.1	4.0	.0	.0	
42.1	30.3	7.6	158.8	182.7	68.0	.0	.0	
45.0	28.5	9.1	277.5	369.8	2.0	.0	.0	
37.1	29.9	14.7	66.3	194.4	79.0	22.0	.0	
32.9	30.9	10.1	46.3	186.5	98.0	36.0	.0	
39.6	31.9	13.8	212.5	209.7	82.0	1.0	.0	
40.3	26.5	8.1	316.3	165.3	89.0	.0	.0	
38.1	21.6	5.8	187.5	197.4	98.0	.0	.0	
36.6	23.0	10.0	260.0	291.0	71.0	.0	.0	
27.5	13.0	18.0	297.5	419.7	16.0	.0	.0	
24.5	1.0	14.7	310.0	407.6	16.0	.0	.0	
28.6	7.0	15.0	285.0	406.5	9.0	.0	.0	
30.5	12.9	11.7	281.3	369.5	50.0	.0	.0	
32.6	17.4	5.9	208.8	248.3	84.0	.0	.0	
30.3	20.8	12.4	281.3	323.6	69.0	.0	.0	
33.6	13.4	8.6	288.8	313.7	70.0	.0	.0	
29.8	27.1	7.4	130.0	206.6	98.0	.0	27.9	
31.8	23.8	8.4	261.3	262.2	63.0	.0	22.9	
20.8	12.4	6.6	206.3	197.4	88.0	.0	43.2	
17.5	4.0	13.1	271.3	410.5	38.0	.0	2.5	
21.4	9.0	12.8	257.5	337.0	66.0	.0	10.2	
33.7	24.2	8.9	225.0	229.4	92.0	42.0	.0	
28.2	20.1	7.2	216.3	316.8	83.0	.0	2.5	
31.3	9.4	7.8	266.3	461.2	78.0	.0	.0	
31.4	24.8	7.3	135.0	195.1	98.0	.0	137.2	
32.8	15.4	22.3	287.5	450.5	35.0	.0	.0	
32.7	12.2	7.2	206.3	472.6	29.0	.0	.0	
24.6	15.3	10.2	61.3	216.0	93.0	.0	99.1	
26.9	14.0	15.1	312.5	404.7	61.0	.0	.0	
23.9	2.3	17.4	298.8	539.2	2.0	.0	.0	
   4    30    1965
30.7	3.2	10.2	291.3	544.9	42.0	.0	.0	
34.7	11.3	9.2	180.0	326.1	76.0	.0	.0	
33.9	7.2	17.1	327.5	542.8	3.0	.0	.0	
38.8	9.6	13.1	305.0	561.5	2.0	.0	.0	
43.6	12.1	11.4	297.5	526.5	5.0	.0	.0	
46.1	18.4	9.8	290.0	523.4	38.0	.0	.0	
39.3	22.0	8.1	198.8	229.1	98.0	.0	.0	
39.8	31.0	8.3	245.0	264.4	76.0	1.0	.0	
43.6	27.4	10.8	207.5	473.2	63.0	.0	.0	
46.5	26.3	13.3	348.8	374.8	55.0	.0	.0	
45.8	24.3	8.4	202.5	440.0	58.0	.0	.0	
42.4	33.9	11.2	203.8	240.5	89.0	65.0	.0	
38.2	30.3	13.6	232.5	212.9	95.0	27.0	.0	
43.5	24.5	14.2	288.8	546.3	15.0	1.0	.0	
47.4	28.8	10.1	207.5	323.1	87.0	37.0	.0	
45.9	38.5	15.3	256.3	338.0	77.0	70.0	.0	
41.1	27.8	14.7	263.8	455.9	77.0	6.0	.0	
37.4	28.9	7.9	227.5	338.5	86.0	55.0	.0	
37.6	33.0	3.7	151.3	343.5	85.0	.0	.0	
41.5	33.5	4.9	187.5	451.7	73.0	.0	.0	
47.2	33.5	10.7	152.5	501.8	48.0	1.0	.0	
50.5	31.0	13.0	300.0	430.7	62.0	.0	.0	
39.7	26.4	4.4	163.8	245.4	65.0	17.0	.0	
38.7	19.6	7.9	247.5	549.5	21.0	.0	.0	
42.6	26.2	10.7	241.3	522.7	63.0	.0	.0	
39.2	36.7	5.3	68.8	261.1	98.0	74.0	.0	
44.8	41.2	3.7	146.3	288.3	98.0	1.0	.0	
49.4	38.5	4.6	116.3	492.6	78.0	1.0	.0	
54.5	27.0	11.5	291.3	598.9	4.0	.0	.0	
59.2	31.1	14.6	290.0	557.2	19.0	.0	.0	
   5    31    1965
55.0	23.2	10.0	290.0	642.4	15.0	.0	.0	
58.5	29.5	7.2	218.8	637.3	14.0	.0	.0	
56.9	37.9	7.8	132.5	529.4	59.0	.0	.0	
64.8	46.8	15.7	252.5	472.7	93.0	2.0	.0	
54.2	22.6	8.7	192.5	648.6	31.0	.0	.0	
55.3	28.6	8.5	215.0	643.9	20.0	.0	.0	
44.3	34.6	5.8	156.3	274.1	92.0	3.0	.0	
51.3	39.7	11.7	227.5	535.7	74.0	.0	.0	
65.2	51.8	12.8	242.5	542.3	65.0	.0	.0	
72.1	54.6	11.3	220.0	485.7	95.0	.0	.0	
63.4	49.5	12.6	213.8	473.7	68.0	2.0	.0	
60.4	40.4	9.4	276.3	627.1	13.0	.0	.0	
59.2	42.7	8.8	141.3	403.7	62.0	.0	.0	
52.8	29.6	7.8	107.5	701.4	3.0	.0	.0	
58.8	32.5	6.6	173.8	652.3	5.0	.0	.0	
69.2	45.1	8.2	216.3	549.7	60.0	.0	.0	
60.9	55.1	6.9	223.8	318.6	78.0	15.0	.0	
52.0	47.1	9.7	215.0	295.7	77.0	6.0	.0	
50.7	47.0	6.3	81.3	330.5	98.0	.0	.0	
61.0	43.9	7.0	223.8	577.9	51.0	.0	.0	
55.2	34.8	8.2	151.3	669.1	21.0	.0	.0	
59.2	48.0	12.5	240.0	591.6	60.0	1.0	.0	
58.3	41.6	9.9	212.5	410.0	60.0	.0	.0	
55.5	29.6	6.3	202.5	662.7	33.0	.0	.0	
64.9	46.6	10.5	253.8	608.7	57.0	.0	.0	
75.0	56.5	13.0	278.8	559.5	69.0	.0	.0	
64.0	51.9	8.8	131.3	533.8	78.0	36.0	.0	
67.0	50.2	11.7	272.5	582.3	55.0	.0	.0	
53.4	46.6	8.6	232.5	309.4	93.0	86.0	.0	
51.5	35.5	8.9	288.8	534.9	44.0	.0	.0	
54.8	36.6	10.7	276.3	514.2	48.0	.0	.0	
   6    30    1965
57.6	36.6	6.0	275.0	558.1	66.0	.0	.0	
51.8	49.5	5.9	66.3	292.4	98.0	136.0	.0	
49.5	43.2	6.8	70.0	467.6	68.0	4.0	.0	
57.0	39.4	11.1	232.5	642.3	13.0	.0	.0	
65.1	42.4	11.8	268.8	683.8	25.0	.0	.0	
68.1	48.0	10.2	248.8	658.8	32.0	.0	.0	
74.9	59.1	9.6	238.8	522.3	64.0	.0	.0	
73.8	62.3	9.0	262.5	499.9	65.0	6.0	.0	
73.0	61.8	8.1	260.0	528.6	83.0	3.0	.0	
70.4	55.5	14.3	276.3	497.3	45.0	.0	.0	
62.0	43.0	10.4	287.5	691.3	28.0	.0	.0	
64.9	46.3	8.8	272.5	737.3	14.0	.0	.0	
54.2	42.9	13.1	260.0	562.1	70.0	15.0	.0	
48.0	43.7	5.0	152.5	291.5	98.0	12.0	.0	
51.1	43.5	4.9	66.3	373.2	64.0	.0	.0	
55.0	40.3	7.2	85.0	676.5	40.0	.0	.0	
57.5	39.4	8.4	116.3	625.2	40.0	.0	.0	
60.2	42.3	7.1	266.3	532.7	52.0	.0	.0	
61.4	47.9	7.8	285.0	405.9	59.0	56.0	.0	
69.7	51.3	7.5	265.0	665.6	28.0	.0	.0	
73.7	52.4	11.5	233.8	646.5	46.0	.0	.0	
73.1	56.4	8.5	281.3	677.5	25.0	.0	.0	
75.4	56.0	8.8	246.3	640.9	77.0	38.0	.0	
66.8	52.2	11.5	263.8	499.0	66.0	23.0	.0	
60.6	40.1	7.8	326.3	670.7	18.0	.0	.0	
63.2	37.6	6.0	318.8	696.4	15.0	.0	.0	
63.5	45.0	11.1	231.3	674.3	41.0	.0	.0	
69.6	54.1	11.9	233.8	705.8	10.0	.0	.0	
73.9	59.1	10.3	268.8	469.1	65.0	1.0	.0	
66.9	54.1	7.2	167.5	376.2	89.0	20.0	.0	
   7    31    1965
66.0	43.3	10.5	302.5	689.8	7.0	.0	.0	
66.8	45.1	7.7	178.8	651.5	57.0	.0	.0	
61.8	53.5	9.8	211.3	289.6	82.0	9.0	.0	
69.0	51.0	8.2	272.5	671.5	19.0	.0	.0	
68.8	53.1	8.1	211.3	508.7	83.0	.0	.0	
63.6	43.7	11.7	242.5	650.3	23.0	1.0	.0	
61.2	41.4	8.1	152.5	511.2	83.0	.0	.0	
69.7	51.6	10.8	243.8	532.6	52.0	12.0	.0	
72.5	51.9	7.5	203.8	576.2	53.0	.0	.0	
71.7	64.8	9.7	238.8	367.1	93.0	.0	.0	
67.5	58.5	5.3	205.0	304.6	93.0	.0	.0	
71.0	49.1	5.5	223.8	670.7	22.0	.0	.0	
71.0	50.1	7.8	181.3	616.4	30.0	.0	.0	
77.5	60.1	11.1	243.8	636.6	50.0	.0	.0	
72.3	53.4	10.2	285.0	480.5	64.0	.0	.0	
70.9	49.1	6.8	188.8	653.2	5.0	.0	.0	
70.0	54.3	7.2	233.8	538.0	48.0	34.0	.0	
65.3	59.0	6.3	207.5	309.4	98.0	45.0	.0	
64.4	47.5	9.8	296.3	629.5	37.0	.0	.0	
60.0	41.4	9.7	292.5	611.7	18.0	.0	.0	
64.0	42.8	5.8	260.0	589.5	15.0	.0	.0	
66.8	47.3	8.2	238.8	485.8	79.0	.0	.0	
66.7	55.5	8.9	231.3	353.4	86.0	1.0	.0	
72.8	61.9	9.9	227.5	434.6	96.0	.0	.0	
77.3	58.4	10.8	280.0	548.1	73.0	.0	.0	
70.7	45.5	17.2	301.3	671.6	26.0	.0	.0	
64.8	46.2	9.2	260.0	311.2	90.0	.0	.0	
67.1	48.5	9.6	267.5	616.8	42.0	1.0	.0	
65.4	45.5	11.8	290.0	637.5	34.0	.0	.0	
66.2	43.8	6.1	240.0	569.9	19.0	.0	.0	
66.2	48.6	6.0	160.0	577.1	31.0	.0	.0	
   8    31    1965
65.5	48.0	9.1	221.3	460.0	77.0	.0	.0	
59.5	53.8	8.6	126.3	276.5	98.0	84.0	.0	
61.9	53.0	8.8	190.0	397.9	70.0	1.0	.0	
64.8	48.3	7.2	263.8	560.7	43.0	.0	.0	
66.7	52.4	7.8	253.8	574.3	41.0	5.0	.0	
71.3	58.4	11.1	253.8	588.0	14.0	.0	.0	
75.6	64.1	8.9	221.3	568.8	40.0	.0	.0	
72.6	61.7	11.4	212.5	392.4	68.0	.0	.0	
74.4	65.5	11.9	215.0	354.0	94.0	.0	.0	
73.9	65.2	9.7	222.5	348.0	87.0	11.0	.0	
67.6	60.4	4.9	187.5	399.3	85.0	.0	.0	
70.8	51.3	10.1	263.8	611.9	29.0	.0	.0	
73.6	57.6	10.8	266.3	447.6	78.0	2.0	.0	
71.4	61.5	4.1	155.0	533.3	59.0	38.0	.0	
74.0	62.3	9.3	227.5	573.5	19.0	.0	.0	
76.4	64.2	10.8	242.5	501.5	34.0	.0	.0	
72.0	65.0	6.9	237.5	271.0	83.0	.0	.0	
73.1	64.7	7.9	221.3	253.6	98.0	.0	.0	
70.2	64.4	7.6	245.0	267.8	98.0	129.0	.0	
66.9	52.4	10.2	323.8	542.9	29.0	.0	.0	
64.6	47.6	5.2	190.0	488.3	58.0	.0	.0	
60.8	55.4	5.6	136.3	239.7	98.0	41.0	.0	
64.4	51.3	7.5	207.5	502.2	63.0	1.0	.0	
64.6	45.3	4.6	237.5	517.1	4.0	.0	.0	
66.4	48.6	6.5	235.0	474.0	53.0	.0	.0	
59.2	53.5	5.3	171.3	239.8	94.0	24.0	.0	
70.7	59.1	7.9	252.5	485.9	64.0	.0	.0	
69.8	55.4	15.7	252.5	432.9	53.0	.0	.0	
49.1	35.4	13.1	282.5	404.8	41.0	4.0	.0	
49.2	30.9	11.1	265.0	538.3	10.0	.0	.0	
52.0	37.8	4.6	216.3	311.7	72.0	.0	.0	
   9    30    1965
61.5	53.2	12.7	187.5	237.3	98.0	37.0	.0	
61.2	48.4	8.8	303.8	516.1	23.0	7.0	.0	
61.7	46.8	5.3	127.5	526.3	11.0	.0	.0	
60.1	47.0	4.2	122.5	539.7	3.0	.0	.0	
58.9	46.0	4.7	118.8	508.7	13.0	.0	.0	
63.8	46.0	6.7	241.3	489.8	33.0	.0	.0	
65.6	52.0	6.3	136.3	402.5	35.0	.0	.0	
62.5	54.5	8.8	287.5	231.8	58.0	4.0	.0	
62.9	50.4	5.3	202.5	474.6	54.0	.0	.0	
73.4	62.0	11.1	221.3	466.4	52.0	11.0	.0	
66.9	57.6	8.5	193.8	316.7	73.0	.0	.0	
54.3	45.6	6.9	42.5	218.4	89.0	.0	.0	
50.2	48.9	9.6	58.8	199.8	94.0	141.0	.0	
53.5	50.5	5.6	158.8	238.1	88.0	.0	.0	
59.2	55.8	7.9	216.3	206.2	82.0	8.0	.0	
65.2	54.0	11.7	218.8	452.5	66.0	11.0	.0	
56.3	48.2	6.7	132.5	267.1	90.0	.0	.0	
68.2	59.5	8.3	223.8	406.7	74.0	.0	.0	
58.3	54.0	6.0	127.5	215.0	98.0	20.0	.0	
69.3	62.6	10.5	240.0	309.8	75.0	.0	.0	
76.4	68.2	12.1	236.3	371.1	48.0	.0	.0	
76.2	68.5	9.1	238.8	414.0	34.0	.0	.0	
73.2	65.5	10.7	236.3	412.5	33.0	.0	.0	
68.5	64.6	9.4	202.5	194.6	90.0	37.0	.0	
56.8	50.3	11.1	295.0	266.8	63.0	7.0	.0	
56.4	44.7	8.9	275.0	461.5	21.0	.0	.0	
45.2	33.6	9.8	266.3	457.2	9.0	.0	.0	
45.4	33.7	6.3	160.0	407.1	37.0	.0	.0	
51.5	45.9	6.8	227.5	202.8	88.0	.0	.0	
48.3	41.0	8.1	92.5	370.0	66.0	.0	.0	
  10    31    1965
55.0	52.9	15.3	200.0	163.9	96.0	111.0	.0	
52.9	43.7	14.4	286.3	400.2	6.0	.0	.0	
49.4	41.2	15.4	260.0	320.9	30.0	.0	.0	
37.1	23.7	22.3	302.5	266.5	50.0	6.0	.0	
33.8	20.6	16.0	308.8	366.0	19.0	.0	.0	
37.4	24.7	12.8	283.8	314.6	27.0	.0	.0	
48.3	40.3	8.5	181.3	296.6	91.0	59.0	.0	
57.5	52.6	12.5	175.0	284.2	68.0	70.0	.0	
53.3	46.3	10.4	232.5	288.9	52.0	.0	.0	
52.6	49.6	5.0	245.0	242.6	82.0	2.0	.0	
51.5	41.5	10.5	273.8	344.2	46.0	.0	.0	
52.1	42.3	10.0	231.3	260.9	64.0	29.0	.0	
46.9	28.9	12.4	273.8	339.0	35.0	.0	.0	
51.4	34.5	7.0	222.5	330.0	50.0	.0	.0	
58.4	51.1	12.6	222.5	173.7	94.0	12.0	.0	
51.2	37.3	12.1	315.0	325.4	15.0	1.0	.0	
43.9	28.5	7.0	138.8	324.1	2.0	.0	.0	
51.5	35.6	12.0	248.8	324.1	13.0	.0	.0	
67.3	47.5	8.7	226.3	341.5	3.0	.0	.0	
65.0	49.9	6.5	157.5	334.0	2.0	.0	.0	
61.5	47.1	8.1	238.8	246.3	57.0	5.0	.0	
50.9	49.5	10.4	63.8	123.0	98.0	7.0	.0	
53.7	48.0	8.7	197.5	187.3	91.0	.0	.0	
47.1	37.0	10.5	272.5	257.6	47.0	.0	.0	
40.1	28.9	12.2	288.8	317.4	6.0	.0	.0	
47.8	34.0	7.9	235.0	154.9	78.0	.0	.0	
43.7	31.4	12.5	273.8	246.1	27.0	.0	.0	
37.6	23.2	15.5	292.5	265.9	33.0	.0	.0	
32.5	16.6	12.9	296.3	308.0	5.0	.0	.0	
45.4	17.8	13.5	241.3	231.8	35.0	.0	.0	
53.1	31.0	14.2	218.8	216.3	53.0	.0	.0	
  11    30    1965
38.6	23.1	19.6	291.3	274.8	28.0	.0	.0	
28.1	12.9	10.8	316.3	260.0	40.0	.0	.0	
42.3	30.1	13.8	220.0	221.7	45.0	.0	.0	
47.0	30.0	17.7	265.0	258.6	35.0	.0	.0	
32.1	13.6	8.6	261.3	246.0	35.0	.0	.0	
45.0	35.3	12.1	230.0	227.8	31.0	.0	.0	
46.8	41.0	7.0	217.5	101.7	97.0	18.0	.0	
41.5	39.2	6.3	155.0	116.2	98.0	30.0	.0	
37.5	26.9	12.9	308.8	221.7	25.0	2.0	.0	
30.1	13.9	5.5	193.8	221.5	48.0	.0	.0	
35.7	27.3	4.8	117.5	179.5	70.0	.0	.0	
38.4	34.3	9.2	53.8	126.8	98.0	5.0	.0	
45.3	42.9	6.6	142.5	105.9	98.0	19.0	.0	
37.5	26.6	14.4	276.3	220.6	27.0	.0	.0	
30.4	17.1	5.6	276.3	163.5	65.0	.0	.0	
43.1	37.8	10.5	206.3	94.9	98.0	12.0	.0	
38.6	32.6	13.5	223.8	129.7	76.0	26.0	.0	
28.1	13.8	24.5	293.8	155.0	47.0	.0	.0	
33.1	22.6	12.8	275.0	149.1	44.0	.0	.0	
31.0	23.7	5.8	231.3	104.3	75.0	.0	.0	
39.9	36.1	5.4	181.3	92.3	98.0	11.0	.0	
36.4	34.8	7.3	68.8	82.9	98.0	50.0	.0	
36.4	30.4	15.3	298.8	154.9	67.0	6.0	.0	
31.3	23.4	9.5	321.3	186.0	14.0	.0	.0	
34.0	23.2	7.5	233.8	178.7	55.0	.0	.0	
40.0	31.0	11.0	208.8	183.8	71.0	6.0	.0	
40.5	36.5	10.4	166.3	92.2	62.0	105.0	.0	
36.8	22.6	10.8	227.5	165.4	33.0	.0	.0	
28.0	15.9	11.7	270.0	185.0	28.0	.0	.0	
25.9	16.3	7.7	277.5	199.4	4.0	.0	.0	
  12    31    1965
28.0	17.9	9.7	252.5	196.2	3.0	.0	.0	
33.5	21.0	8.1	285.0	155.3	59.0	.0	.0	
36.4	27.1	6.5	228.8	157.4	55.0	3.0	.0	
39.7	33.4	10.1	231.3	138.3	64.0	1.0	.0	
32.2	20.7	14.3	266.3	136.9	62.0	.0	.0	
33.0	26.0	9.5	291.3	82.8	91.0	.0	.0	
23.8	13.3	14.6	305.0	187.2	6.0	.0	.0	
25.6	15.1	7.4	197.5	99.9	55.0	.0	.0	
29.2	17.4	4.8	161.3	187.3	62.0	.0	.0	
34.5	23.4	8.0	268.8	156.3	43.0	.0	.0	
27.3	20.6	8.1	46.3	87.1	98.0	.0	10.2	
21.0	16.9	10.1	47.5	106.2	98.0	.0	40.6	
30.5	27.5	12.1	43.8	86.6	98.0	.0	190.5	
31.0	29.3	5.9	48.8	111.8	98.0	.0	.0	
30.6	28.9	2.8	141.3	103.0	98.0	.0	.0	
33.2	29.2	4.5	226.3	93.3	98.0	.0	.0	
29.8	25.1	5.8	258.8	93.4	73.0	.0	5.1	
27.0	19.4	9.2	271.3	154.0	39.0	.0	.0	
22.3	14.9	11.3	283.8	135.2	23.0	.0	.0	
11.0	4.9	11.5	295.0	174.1	3.0	.0	.0	
18.4	8.4	14.3	290.0	195.2	17.0	.0	.0	
25.6	15.8	12.5	271.3	177.9	25.0	.0	.0	
32.7	22.8	9.0	251.3	101.5	94.0	.0	.0	
40.0	31.0	9.4	207.5	121.5	85.0	.0	.0	
47.9	41.4	12.8	223.8	70.8	79.0	105.0	.0	
20.1	13.5	24.2	292.5	178.3	33.0	.0	38.1	
17.8	6.1	10.1	281.3	100.9	58.0	.0	.0	
24.9	12.7	12.5	283.8	187.3	33.0	.0	.0	
30.6	17.4	9.2	233.8	68.2	86.0	.0	.0	
39.8	23.8	7.6	236.3	143.1	89.0	.0	.0	
52.4	35.8	11.2	233.8	113.2	86.0	.0	.0	
