1 31 1991
17.8	5.5	3.2	68.6	91.7	89.4	.0	.0	
20.0	7.2	3.4	44.2	98.0	71.2	.0	.0	
32.0	22.3	2.4	92.6	77.5	100.0	51.2	.0	
35.1	28.3	5.6	196.9	77.9	100.0	78.7	.0	
35.7	28.7	1.8	130.6	78.3	100.0	15.7	.0	
33.9	26.5	2.0	101.1	78.7	100.0	.0	.0	
33.3	23.1	1.8	115.8	136.7	82.5	.0	.0	
32.9	22.6	3.6	72.2	148.6	74.4	.0	.0	
32.3	28.1	4.1	87.0	106.8	93.1	.0	.0	
32.6	26.3	2.4	191.8	211.6	36.9	.0	.0	
27.4	21.0	3.4	91.8	105.0	49.4	.0	.0	
31.2	20.1	2.5	50.2	192.3	44.4	.0	.0	
34.9	22.4	3.4	156.2	179.9	36.2	.0	.0	
35.0	18.5	6.3	175.8	218.9	23.1	.0	.0	
34.2	20.4	5.5	255.8	214.9	48.8	.0	.0	
26.6	20.5	13.4	59.4	118.3	53.8	.0	.0	
29.8	13.6	10.3	65.4	241.5	5.0	.0	.0	
30.8	16.9	5.3	137.4	219.0	.0	.0	.0	
31.0	17.4	3.6	225.4	239.6	8.8	.0	.0	
25.0	20.6	6.3	82.3	124.1	68.8	.0	50.0	
22.2	18.3	6.2	67.8	99.3	96.2	.0	.0	
24.2	18.1	3.8	78.6	211.1	40.0	.0	.0	
25.0	12.7	2.4	100.2	256.0	15.6	.0	.0	
27.5	12.7	4.9	159.4	258.7	.0	.0	.0	
29.0	10.7	2.7	104.0	261.2	13.1	.0	.0	
29.2	10.9	3.3	169.0	157.3	57.5	.0	.0	
30.1	8.6	2.4	141.8	266.1	2.5	.0	.0	
29.2	9.5	4.8	176.0	269.3	.0	.0	.0	
22.4	.1	8.6	114.2	266.8	21.9	.0	.0	
24.0	.4	3.3	81.8	275.0	.0	.0	.0	
28.0	6.9	5.3	84.6	183.6	68.8	.0	.0	
2 28 1991
29.1	11.4	3.7	75.4	98.2	98.1	.0	.0	
33.6	14.0	4.0	103.0	283.5	4.4	.0	.0	
35.0	14.3	2.6	131.4	282.7	10.6	.0	.0	
35.9	16.4	8.9	108.6	290.0	.0	.0	.0	
34.2	16.0	3.3	151.1	212.4	50.6	.0	.0	
37.6	18.0	7.8	72.2	259.1	38.8	.0	.0	
35.9	21.6	7.7	86.6	147.4	84.4	27.6	.0	
34.1	30.6	3.3	68.6	230.5	43.8	.0	.0	
33.9	23.0	5.8	67.8	306.5	.0	.0	.0	
34.5	21.7	3.6	84.6	310.0	.0	.0	.0	
34.6	22.5	3.7	43.0	120.4	85.6	.0	.0	
40.3	26.0	4.0	170.2	197.5	64.4	.0	.0	
41.9	20.0	4.6	239.4	312.4	18.1	.0	.0	
40.5	22.4	4.8	56.2	321.9	11.2	.0	.0	
40.0	21.2	3.3	121.8	114.9	91.2	.0	.0	
40.7	28.1	6.3	219.0	181.8	81.9	3.9	.0	
36.1	21.2	5.9	286.5	206.8	61.2	.0	.0	
28.9	9.6	5.3	126.6	309.2	20.6	.0	.0	
32.0	6.0	8.1	89.4	325.5	10.0	.0	.0	
35.2	10.9	6.4	117.0	347.8	.0	.0	.0	
36.3	7.0	4.6	68.2	269.2	39.4	.0	.0	
38.6	10.6	4.3	114.6	128.3	85.6	.0	.0	
39.3	14.3	3.9	150.6	182.4	65.6	.0	.0	
38.1	13.6	3.6	175.4	361.3	5.0	.0	.0	
36.8	12.3	5.0	92.2	368.2	.0	.0	.0	
34.5	10.7	3.4	121.4	139.1	92.5	.0	.0	
37.8	14.8	4.0	127.8	206.0	85.6	.0	.0	
32.5	31.6	6.7	208.6	133.3	100.0	165.4	40.0	
3 31 1991
32.1	31.9	8.4	208.1	134.6	100.0	169.3	130.0	
33.0	27.4	4.9	250.4	369.4	32.4	.0	80.0	
35.6	22.5	2.5	147.3	266.4	45.6	.0	.0	
43.3	32.8	4.9	225.8	272.4	68.8	.0	.0	
40.8	35.4	8.8	215.0	140.8	100.0	7.9	.0	
34.5	19.7	6.0	239.0	244.1	68.8	.0	.0	
28.2	10.2	2.3	90.2	398.6	13.1	.0	.0	
30.3	7.5	4.2	67.0	415.6	.0	.0	.0	
38.2	11.9	5.9	103.0	223.5	66.9	.0	.0	
43.0	20.1	6.8	195.4	152.2	93.1	.0	.0	
33.5	13.4	9.3	226.7	286.0	49.4	.0	.0	
30.9	9.4	3.1	180.2	433.5	.0	.0	.0	
32.8	14.0	6.6	137.0	423.0	21.2	.0	.0	
28.1	22.7	7.0	223.8	228.1	85.9	.0	30.0	
26.1	22.0	5.8	212.2	156.4	100.0	.0	70.0	
23.6	20.9	5.5	221.8	176.6	87.6	.0	40.0	
26.8	10.1	3.1	119.4	455.8	.0	.0	.0	
34.6	14.6	3.6	139.8	460.2	.0	.0	.0	
31.9	24.8	9.8	202.2	170.5	93.1	7.9	70.0	
28.9	22.4	5.8	205.8	231.1	92.1	.0	90.0	
24.4	21.0	5.5	221.4	177.2	95.9	.0	260.0	
28.6	23.4	3.4	206.2	323.8	59.4	.0	10.0	
31.3	15.5	3.9	106.6	385.9	43.8	.0	.0	
37.0	19.7	4.0	183.0	268.0	66.9	.0	.0	
37.6	23.2	9.9	205.8	204.0	92.5	.0	.0	
28.7	25.9	6.9	211.0	174.1	97.9	11.8	250.0	
26.3	23.0	4.8	181.4	181.1	99.5	.0	80.0	
30.5	21.0	4.4	237.8	478.9	30.6	.0	20.0	
34.0	18.1	6.6	233.4	491.9	12.5	.0	.0	
35.2	11.4	8.0	80.6	511.9	.0	.0	.0	
36.7	18.3	3.3	126.6	500.6	10.6	.0	.0	
4 30 1991
39.3	21.2	7.5	153.4	444.4	35.6	.0	.0	
41.8	25.3	3.3	243.8	522.6	10.0	.0	.0	
45.8	23.1	3.9	174.6	516.7	11.2	.0	.0	
49.0	20.2	5.7	91.5	531.8	1.2	.0	.0	
49.1	21.7	3.4	139.4	192.6	83.1	.0	.0	
52.2	26.7	6.0	168.2	514.9	40.6	.0	.0	
50.8	22.2	8.4	206.6	532.8	16.2	.0	.0	
43.0	14.5	3.7	184.5	547.7	.6	.0	.0	
43.6	11.5	4.4	160.6	551.5	.0	.0	.0	
45.0	10.5	10.8	209.0	555.2	.0	.0	.0	
30.7	5.8	5.8	187.8	538.6	27.5	.0	.0	
31.2	13.4	5.0	266.2	396.9	54.4	.0	.0	
34.7	12.7	5.2	263.4	439.8	44.4	.0	.0	
40.4	16.3	4.3	179.0	569.3	.6	.0	.0	
44.3	17.5	8.3	214.4	359.4	76.2	.0	.0	
48.3	13.7	11.4	211.4	439.2	49.4	.0	.0	
45.4	12.5	9.2	211.5	578.2	10.6	.0	.0	
43.3	13.4	3.7	205.0	576.9	8.1	.0	.0	
45.0	19.2	3.4	127.4	365.1	47.5	.0	.0	
47.3	16.0	7.7	159.8	584.5	7.5	.0	.0	
45.1	16.8	6.2	217.4	593.5	.0	.0	.0	
43.3	22.0	5.2	168.2	585.3	15.0	.0	.0	
45.3	24.1	4.0	203.4	355.2	57.5	.0	.0	
47.5	26.5	5.2	196.2	494.6	50.0	.0	.0	
46.3	28.0	12.2	215.0	434.8	66.2	.0	.0	
42.6	18.2	7.1	261.0	286.9	56.9	.0	.0	
37.9	8.2	7.2	245.0	545.6	21.2	.0	.0	
38.2	8.9	6.3	234.6	615.4	1.2	.0	.0	
43.9	11.3	6.7	204.4	618.8	.0	.0	.0	
45.1	17.3	4.7	127.8	621.7	.0	.0	.0	
5 31 1991
48.4	15.7	10.1	161.4	624.5	.0	.0	.0	
42.3	16.6	12.3	209.8	622.6	5.6	.0	.0	
38.7	19.0	6.3	219.0	505.1	46.2	.0	.0	
43.9	19.5	3.4	234.6	629.5	4.4	.0	.0	
46.1	15.5	7.2	51.4	311.1	75.0	.0	.0	
51.0	15.1	5.2	150.6	314.5	72.5	.0	.0	
55.6	24.1	3.8	179.0	590.4	33.8	.0	.0	
57.0	27.2	7.3	157.4	522.3	63.1	.0	.0	
55.6	29.3	15.1	207.8	622.5	31.9	.0	.0	
43.5	21.1	11.4	201.4	473.8	50.0	.0	.0	
39.9	18.6	5.9	203.0	497.0	38.1	.0	.0	
46.2	18.2	3.9	112.0	652.0	.0	.0	.0	
52.1	16.6	6.9	158.6	473.2	58.1	.0	.0	
49.7	21.5	12.1	218.5	577.0	23.1	.0	.0	
51.6	26.8	6.4	269.6	646.0	8.8	.0	.0	
56.2	26.1	7.0	227.8	660.3	.0	.0	.0	
54.6	27.7	13.1	185.5	653.4	4.4	.0	.0	
54.9	24.2	16.8	200.2	664.1	.0	.0	.0	
53.5	17.6	11.4	187.8	665.9	.0	.0	.0	
52.3	17.5	9.2	175.5	555.8	40.6	.0	.0	
50.5	18.6	7.1	140.6	669.4	.0	.0	.0	
47.9	24.9	4.7	177.0	626.9	28.8	.0	.0	
52.0	28.7	3.8	163.4	528.5	38.1	.0	.0	
56.3	29.3	3.1	149.4	584.2	35.6	.0	.0	
59.0	27.0	6.2	163.8	657.6	10.0	.0	.0	
58.2	23.3	9.0	192.2	677.0	.0	.0	.0	
56.0	21.9	8.0	227.4	678.4	.0	.0	.0	
52.7	16.5	4.0	159.4	679.7	.0	.0	.0	
54.6	15.8	6.4	161.0	678.8	15.0	.0	.0	
55.2	23.9	15.7	204.2	644.3	25.6	.0	.0	
42.8	33.6	8.8	215.8	396.7	84.4	15.7	.0	
6 30 1991
39.7	36.7	4.0	179.4	239.6	98.1	35.4	.0	
46.1	35.2	3.9	185.0	471.1	61.9	3.9	.0	
54.7	41.5	3.6	234.2	526.4	48.1	11.8	.0	
59.6	37.0	3.5	137.8	586.0	40.0	.0	.0	
58.0	30.5	5.6	157.3	590.0	42.5	.0	.0	
60.8	30.0	4.3	169.4	659.3	14.4	.0	.0	
59.0	21.8	4.1	109.8	689.8	.0	.0	.0	
59.9	15.5	3.3	121.4	637.9	28.1	.0	.0	
63.3	18.0	3.7	151.4	428.4	72.5	.0	.0	
59.6	36.8	4.5	107.0	290.9	96.2	7.9	.0	
56.9	47.5	3.7	182.2	276.8	96.9	3.9	.0	
57.7	43.0	4.6	151.4	402.3	68.1	.0	.0	
59.0	39.2	5.5	162.2	417.2	68.8	.0	.0	
60.1	40.8	5.5	218.2	624.9	21.2	.0	.0	
61.4	31.4	4.5	177.0	662.1	16.9	.0	.0	
62.5	25.7	4.9	183.8	694.3	.0	.0	.0	
65.7	24.0	3.9	180.2	490.3	48.1	.0	.0	
66.0	25.9	4.9	134.2	329.1	89.4	.0	.0	
63.8	22.5	6.8	169.4	604.8	30.0	.0	.0	
60.2	19.0	5.2	151.0	686.8	7.5	.0	.0	
59.6	18.1	5.8	148.2	694.9	.0	.0	.0	
58.6	13.7	5.4	134.2	694.9	.0	.0	.0	
58.9	15.3	5.8	127.4	694.8	.0	.0	.0	
59.6	17.2	7.5	169.4	275.6	91.2	.0	.0	
62.4	17.0	8.7	192.2	447.7	77.5	.0	.0	
60.1	17.6	8.2	201.8	401.9	66.2	.0	.0	
57.6	25.0	9.6	169.4	666.3	30.0	.0	.0	
58.2	20.3	7.2	146.6	693.7	.0	.0	.0	
60.4	28.1	8.1	162.2	672.8	11.2	.0	.0	
63.3	30.0	3.7	139.0	692.8	.0	.0	.0	
7 31 1991
68.2	27.0	4.3	105.0	692.3	.0	.0	.0	
69.7	32.0	4.0	97.0	658.2	17.5	.0	.0	
71.0	31.8	3.1	125.8	670.3	16.9	.0	.0	
69.9	38.0	3.9	144.6	669.6	18.1	.0	.0	
66.6	47.0	4.3	189.4	529.5	48.8	7.9	.0	
66.2	47.8	3.6	193.8	535.6	64.4	.0	.0	
66.2	51.6	4.1	191.9	507.4	59.4	.0	.0	
67.2	45.6	5.3	201.5	645.8	26.2	.0	.0	
65.0	41.3	4.8	163.8	581.4	33.1	.0	.0	
66.0	39.9	4.8	141.0	657.0	21.2	.0	.0	
65.1	40.8	3.9	200.2	539.0	41.2	.0	.0	
69.1	39.9	3.6	144.2	550.4	35.0	.0	.0	
70.2	41.3	5.0	121.8	665.3	19.4	.0	.0	
68.2	41.0	3.4	151.6	473.0	50.0	3.9	.0	
69.2	38.0	3.9	217.8	579.6	35.6	.0	.0	
68.6	42.0	4.3	231.8	553.4	36.9	7.9	.0	
69.6	43.4	3.2	203.4	494.6	47.5	.0	.0	
70.2	42.9	5.2	193.2	533.1	57.5	.0	.0	
67.2	41.4	5.5	201.8	283.1	91.2	.0	.0	
58.7	51.8	2.3	157.0	282.3	88.8	63.0	.0	
61.9	51.5	3.2	119.0	398.9	68.8	.0	.0	
67.5	47.6	3.6	95.0	520.2	59.4	.0	.0	
68.9	41.1	4.1	153.0	430.9	55.6	.0	.0	
68.0	40.6	4.4	142.2	561.7	39.4	.0	.0	
66.8	43.0	4.9	182.2	576.5	44.4	.0	.0	
62.0	46.2	3.3	90.6	394.1	69.4	.0	.0	
64.4	43.3	2.6	130.2	498.5	50.0	.0	.0	
71.0	35.2	4.4	125.0	632.0	28.8	.0	.0	
66.7	44.8	4.6	233.0	396.0	77.5	15.7	.0	
65.3	49.6	3.2	175.4	270.3	95.0	3.9	.0	
68.0	53.0	4.0	178.2	375.6	81.2	.0	.0	
8 31 1991
67.9	48.9	4.2	183.4	466.7	70.6	.0	.0	
67.1	45.8	4.1	195.8	503.0	70.6	.0	.0	
65.2	47.5	2.7	178.2	507.4	44.4	.0	.0	
64.9	42.1	4.9	140.2	555.8	36.2	.0	.0	
65.7	39.7	4.9	116.2	610.7	20.0	.0	.0	
64.4	35.5	5.9	159.0	618.0	11.2	31.5	.0	
63.3	32.9	4.8	140.2	628.4	6.9	.0	.0	
69.0	36.4	3.2	109.0	557.2	36.2	.0	.0	
68.4	41.3	3.5	139.4	404.1	73.1	.0	.0	
62.5	48.9	3.9	192.2	339.4	86.9	7.9	.0	
58.6	54.7	4.1	181.4	249.0	93.1	35.4	.0	
64.3	52.8	4.4	193.4	435.4	53.8	.0	.0	
68.2	51.4	3.7	213.8	565.9	30.6	.0	.0	
69.4	48.9	4.7	171.0	436.3	58.8	.0	.0	
68.1	44.1	4.5	210.2	452.0	57.5	.0	.0	
69.3	42.4	3.7	229.4	528.3	40.0	.0	.0	
66.5	46.6	2.6	188.6	336.7	88.8	3.9	.0	
60.6	49.0	3.3	124.6	328.9	82.5	15.7	.0	
65.5	44.6	3.2	124.4	472.1	53.1	.0	.0	
69.9	37.2	2.3	154.6	504.2	38.8	.0	.0	
72.7	36.7	4.1	137.8	323.3	73.1	.0	.0	
70.1	41.0	4.3	181.8	208.1	98.8	.0	.0	
67.6	45.2	3.4	223.4	302.2	92.5	.0	.0	
65.2	47.9	3.2	157.0	424.0	60.6	.0	.0	
61.6	51.9	2.0	143.8	382.5	55.6	3.9	.0	
63.5	52.8	2.9	156.2	354.8	78.1	3.9	.0	
61.9	52.6	4.5	152.2	215.7	85.0	.0	.0	
64.4	49.0	3.4	192.2	470.6	43.8	.0	.0	
64.0	44.3	3.2	95.8	516.5	23.1	.0	.0	
66.3	43.3	3.4	127.4	334.9	81.2	3.9	.0	
61.8	53.3	2.7	198.6	244.1	93.1	66.9	.0	
9 30 1991
59.0	52.1	3.9	153.0	233.6	91.9	.0	.0	
62.3	47.5	2.5	137.0	414.6	58.8	.0	.0	
65.9	44.8	1.8	95.8	454.1	50.0	.0	.0	
65.2	45.7	3.8	106.6	258.7	92.5	.0	.0	
60.6	50.3	3.7	146.9	246.5	95.0	.0	.0	
54.9	51.7	4.2	218.6	228.6	91.9	3.9	.0	
60.0	47.0	5.3	171.8	453.7	38.8	.0	.0	
59.5	38.4	4.1	113.0	520.3	8.8	.0	.0	
58.9	38.1	7.6	148.2	475.6	41.2	.0	.0	
59.8	45.8	9.7	198.6	355.1	55.0	.0	.0	
57.8	42.3	5.7	154.6	377.9	47.5	.0	.0	
54.4	30.7	3.9	147.8	511.9	.0	.0	.0	
55.2	28.3	2.8	178.2	496.2	8.8	.0	.0	
57.8	31.9	4.3	207.8	485.7	10.0	.0	.0	
59.1	34.8	3.2	227.4	437.2	22.5	.0	.0	
56.8	24.5	4.9	105.2	495.1	.0	.0	.0	
58.1	23.0	3.2	59.4	443.7	31.9	.0	.0	
59.8	29.1	2.9	102.5	195.4	88.8	.0	.0	
56.6	46.4	2.5	199.8	353.1	65.0	.0	.0	
54.9	44.8	2.8	145.8	324.8	68.8	15.7	.0	
56.4	43.6	2.7	179.4	338.8	65.0	3.9	.0	
59.3	46.0	3.5	171.0	265.2	75.6	.0	.0	
58.5	42.1	2.7	142.2	364.5	47.5	.0	.0	
59.6	32.9	3.2	74.0	460.2	.0	.0	.0	
59.7	40.8	2.8	99.4	411.6	38.8	7.9	.0	
63.2	34.5	3.3	106.6	371.5	57.5	.0	.0	
57.6	40.1	3.4	129.8	245.4	88.1	.0	.0	
57.1	41.2	3.1	168.6	352.8	63.1	.0	.0	
55.4	41.3	2.3	114.4	305.1	52.5	.0	.0	
55.4	39.6	2.6	79.8	353.7	45.0	.0	.0	
10 31 1991
56.7	34.5	3.3	85.4	428.7	.0	.0	.0	
57.8	27.0	2.7	125.4	423.2	2.5	.0	.0	
59.8	20.7	4.0	171.0	419.6	.6	.0	.0	
58.7	13.7	2.6	185.4	415.6	.0	.0	.0	
55.1	10.5	3.3	123.6	411.2	.0	.0	.0	
55.7	14.2	3.4	47.0	406.9	.0	.0	.0	
56.4	22.4	4.1	146.2	391.8	11.2	.0	.0	
57.7	26.4	3.5	134.2	386.7	28.1	.0	.0	
58.2	24.9	4.6	72.2	167.9	86.2	.0	.0	
59.9	23.4	4.4	99.0	389.7	.0	.0	.0	
56.1	23.3	3.6	81.4	373.4	30.0	.0	.0	
55.5	24.5	3.9	147.4	262.4	67.5	.0	.0	
59.0	30.4	2.6	185.0	375.4	3.8	.0	.0	
56.8	18.5	4.6	97.0	372.8	.0	.0	.0	
57.8	20.5	4.0	96.6	363.8	6.2	.0	.0	
55.6	20.6	4.1	173.8	364.5	.0	.0	.0	
55.9	23.2	3.6	171.4	360.3	.0	.0	.0	
57.3	20.6	4.5	104.8	356.2	.0	.0	.0	
53.5	18.8	3.4	121.4	300.1	23.1	.0	.0	
52.0	19.6	3.8	121.8	214.4	62.5	.0	.0	
48.2	32.3	4.2	153.0	279.7	45.6	3.9	.0	
48.0	40.2	5.7	181.8	270.5	34.4	.0	.0	
48.2	40.2	10.2	212.2	184.7	84.4	.0	.0	
46.3	37.0	7.6	218.2	252.2	57.5	.0	.0	
43.6	32.7	5.9	213.8	277.3	53.8	.0	.0	
42.6	29.9	7.0	199.4	171.2	56.3	.0	.0	
36.0	32.7	7.6	218.6	114.5	85.7	90.6	.0	
29.0	15.9	4.5	232.3	304.5	12.5	.0	.0	
30.8	16.8	5.8	208.2	252.6	73.2	.0	10.0	
28.4	23.9	3.6	132.2	125.7	84.8	.0	70.0	
28.4	15.1	1.8	135.4	306.4	.0	.0	.0	
11 30 1991
35.6	19.0	2.8	145.2	302.9	1.2	.0	.0	
41.7	25.0	5.3	257.8	299.5	.0	.0	.0	
34.4	19.8	5.0	61.4	246.2	40.6	.0	.0	
36.0	20.1	4.7	101.8	285.5	10.6	.0	.0	
42.2	27.7	4.8	117.4	265.3	15.6	.0	.0	
46.3	30.7	2.6	92.6	286.3	.0	.0	.0	
45.6	31.8	4.1	60.2	283.2	.0	.0	.0	
46.4	30.8	3.6	83.2	192.7	48.8	.0	.0	
47.3	32.3	3.6	128.6	138.9	91.2	.0	.0	
44.6	40.4	4.4	125.0	96.0	100.0	19.7	.0	
43.1	40.2	7.4	59.8	103.2	88.8	.0	.0	
40.9	34.8	8.5	81.4	221.2	36.2	.0	.0	
44.0	36.3	4.5	134.8	262.9	8.1	.0	.0	
39.9	37.0	10.3	205.8	95.7	96.8	192.9	.0	
29.3	28.2	5.5	202.6	91.2	100.0	63.0	170.0	
29.1	26.4	3.7	230.6	109.6	94.4	.0	.0	
31.1	28.6	5.9	212.5	248.8	34.4	.0	.0	
31.8	27.3	6.6	247.8	138.7	80.6	3.9	.0	
29.9	15.5	8.7	84.4	250.9	.0	.0	.0	
32.9	16.6	2.7	102.8	232.9	20.6	.0	.0	
36.6	19.8	3.0	177.3	193.6	33.8	.0	.0	
32.1	13.1	8.2	97.7	210.2	21.2	.0	.0	
25.2	3.0	11.2	68.1	226.7	19.4	.0	.0	
29.2	10.0	2.5	45.0	221.6	40.0	.0	.0	
35.0	18.6	2.6	58.2	144.0	50.0	.0	.0	
40.7	20.5	2.2	209.4	136.1	68.1	.0	.0	
38.5	21.9	6.8	196.3	147.3	60.0	.0	.0	
33.0	21.5	5.9	238.2	148.7	66.9	.0	10.0	
23.0	17.7	7.2	175.2	143.3	68.8	.0	40.0	
22.0	19.3	10.1	68.6	80.4	100.0	.0	210.0	
12 31 1991
14.6	9.8	5.3	69.4	211.4	37.6	.0	30.0	
23.0	12.7	6.2	209.0	226.1	4.4	.0	.0	
25.7	12.2	5.1	91.4	225.8	1.2	.0	.0	
23.1	13.5	2.9	65.2	90.5	77.5	.0	.0	
28.1	16.9	3.6	93.8	83.8	83.8	.0	.0	
33.2	18.3	2.5	73.8	207.9	26.9	.0	.0	
32.8	24.0	4.5	152.2	220.9	14.4	.0	.0	
32.6	24.1	3.1	104.0	162.2	69.4	.0	.0	
35.8	26.8	4.8	83.8	212.8	28.8	.0	.0	
35.5	33.4	2.0	117.3	77.0	96.9	43.3	.0	
34.4	33.8	2.6	143.3	76.2	99.4	35.4	.0	
34.0	30.2	2.5	235.0	166.9	45.6	.0	.0	
33.8	17.1	4.6	123.4	216.6	.0	.0	.0	
28.6	16.4	4.2	129.4	216.0	.0	.0	.0	
30.3	15.2	4.4	86.6	116.3	65.6	.0	.0	
31.1	21.6	2.8	41.4	75.3	98.8	.0	.0	
35.5	29.4	2.7	132.6	79.8	93.1	.0	.0	
33.7	32.7	2.6	121.4	75.1	100.0	35.4	.0	
32.4	31.3	6.2	139.0	75.1	100.0	86.6	10.0	
32.5	29.5	11.5	48.2	91.0	94.1	.0	.0	
32.7	30.9	6.9	53.0	75.1	100.0	7.9	.0	
31.7	29.6	3.6	237.0	98.8	76.2	.0	20.0	
27.6	24.4	4.9	86.6	109.6	81.9	.0	.0	
28.9	27.3	6.2	65.4	75.2	100.0	.0	.0	
27.2	25.1	5.0	63.8	117.4	65.0	.0	.0	
25.9	20.0	3.7	96.2	215.6	6.2	.0	.0	
24.2	23.8	4.3	63.0	75.6	100.0	.0	.0	
30.1	27.1	3.4	121.0	88.4	94.4	7.9	.0	
31.7	29.6	3.0	161.0	108.9	83.1	.0	30.0	
29.4	28.0	4.1	198.2	83.6	97.5	3.9	110.0	
23.0	20.5	2.9	120.6	218.2	25.6	.0	.0	
