1 31 1990
25.2	10.8	4.0	143.0	215.0	38.1	.0	.0	
28.2	20.0	7.3	190.2	88.6	93.7	.0	140.0	
18.6	11.2	3.9	169.8	205.5	37.6	.0	40.0	
12.3	-3.2	6.5	91.0	222.1	3.1	.0	.0	
20.7	5.9	11.3	55.4	217.3	6.2	.0	.0	
23.0	6.8	4.1	61.4	222.4	4.4	.0	.0	
27.9	5.3	3.0	165.0	175.8	43.8	.0	.0	
42.1	21.8	3.5	232.8	139.5	60.6	.0	.0	
36.9	20.4	3.1	112.2	174.0	45.0	.0	.0	
35.3	17.9	2.9	56.0	230.3	.0	.0	.0	
35.2	17.5	4.3	72.3	231.9	.0	.0	.0	
35.9	22.4	4.9	130.7	150.2	38.1	.0	.0	
35.3	26.8	5.7	223.0	167.3	46.9	.0	.0	
35.2	26.8	7.3	202.6	101.7	89.4	.0	20.0	
28.4	23.5	3.4	197.8	102.4	78.8	3.9	50.0	
25.1	18.8	4.7	170.2	174.4	63.8	.0	20.0	
27.8	20.4	5.6	150.2	94.4	99.0	.0	10.0	
23.2	16.7	4.5	136.6	100.1	77.1	.0	30.0	
21.5	16.9	4.5	226.2	111.0	96.2	.0	.0	
21.8	14.9	5.5	97.8	172.5	29.4	.0	.0	
25.1	15.6	8.3	80.6	251.5	.0	.0	.0	
31.8	16.5	2.9	134.8	88.8	100.0	.0	.0	
34.0	12.3	3.2	202.6	256.2	1.9	.0	.0	
30.4	3.3	8.3	131.4	258.7	3.8	.0	.0	
27.4	1.5	2.1	136.2	244.8	23.1	.0	.0	
33.5	5.2	4.9	215.4	199.1	50.0	.0	.0	
24.3	7.0	4.8	83.4	266.6	1.9	.0	.0	
24.5	3.7	2.9	178.6	269.3	.6	.0	.0	
30.2	5.4	4.2	236.1	244.9	27.5	.0	.0	
33.0	4.5	7.8	206.4	169.2	69.4	.0	.0	
28.7	19.7	6.6	179.0	118.4	78.8	.0	110.0	
2 28 1990
25.8	21.9	6.9	211.0	98.2	98.9	.0	170.0	
22.3	12.5	2.7	224.6	241.4	51.8	.0	20.0	
16.4	1.7	3.8	151.1	269.6	39.4	.0	.0	
24.7	9.4	4.1	126.6	119.7	96.2	.0	10.0	
28.7	20.3	5.0	211.3	290.7	15.6	.0	120.0	
26.5	16.2	5.2	123.7	295.0	4.4	.0	.0	
31.3	16.9	6.4	210.6	155.3	86.9	.0	.0	
28.5	23.1	3.0	205.0	106.1	92.5	.0	20.0	
26.3	13.1	2.4	162.2	306.5	.0	.0	.0	
33.8	17.7	2.9	92.6	249.5	28.1	.0	.0	
37.5	23.6	3.6	96.6	194.1	60.0	.0	.0	
38.2	25.6	7.0	215.0	121.7	90.6	.0	.0	
36.2	25.2	13.5	206.2	134.6	83.8	.0	.0	
20.5	14.1	10.4	235.0	119.8	99.4	.0	140.0	
10.2	-3.3	5.0	263.8	326.3	4.1	.0	.0	
16.8	.6	5.9	195.8	181.5	38.1	.0	.0	
28.5	7.6	12.0	200.5	183.1	79.4	.0	.0	
29.3	17.8	10.9	195.8	170.2	94.7	.0	110.0	
22.6	18.9	6.5	211.8	131.2	99.0	.0	280.0	
29.3	17.2	4.8	220.2	337.0	31.2	.0	.0	
30.3	12.2	5.5	109.8	314.5	31.9	.0	.0	
36.9	15.4	8.7	78.6	355.8	1.9	.0	.0	
33.6	17.8	3.2	78.6	359.9	.0	.0	.0	
34.4	15.2	3.1	64.6	192.8	70.6	.0	.0	
38.7	16.5	3.4	93.2	148.8	93.8	.0	.0	
38.9	23.4	3.0	129.0	130.3	100.0	.0	.0	
35.5	25.5	3.5	107.4	192.0	70.0	.0	.0	
35.2	25.6	3.2	93.4	279.8	40.6	.0	.0	
3 31 1990
36.9	23.4	2.2	85.0	192.6	79.4	.0	.0	
38.9	25.8	2.1	113.0	136.2	100.0	.0	.0	
40.3	29.5	2.8	181.1	137.7	100.0	.0	.0	
40.3	27.8	5.5	144.4	221.6	70.6	.0	.0	
32.6	21.1	11.3	215.7	215.3	72.5	3.9	20.0	
32.5	20.7	6.1	265.4	242.6	77.5	.0	.0	
35.3	20.0	3.3	154.0	410.3	6.9	.0	.0	
39.6	16.5	3.1	112.3	163.6	96.2	.0	.0	
40.5	20.2	4.1	158.2	161.2	86.2	.0	.0	
37.0	28.1	4.5	140.6	187.6	90.6	7.9	.0	
28.8	25.4	13.0	211.8	150.1	100.0	3.9	170.0	
24.7	19.2	6.9	228.6	151.7	100.0	.0	120.0	
20.4	11.3	6.6	277.4	219.8	79.4	.0	100.0	
22.9	6.6	4.2	235.2	380.9	37.5	.0	.0	
32.2	9.6	7.9	194.8	431.3	11.9	.0	.0	
33.1	12.9	8.3	58.2	319.6	58.8	.0	.0	
36.9	13.8	3.1	85.1	220.9	77.5	.0	.0	
39.7	18.1	4.8	84.0	460.2	.0	.0	.0	
42.1	21.2	3.8	142.9	464.2	.6	.0	.0	
44.6	22.7	2.9	128.2	178.6	94.4	.0	.0	
48.2	21.6	2.9	189.4	446.9	25.6	.0	.0	
47.7	22.0	3.8	126.6	439.2	25.6	.0	.0	
49.4	21.5	3.5	211.4	477.6	6.9	.0	.0	
47.1	20.0	3.5	156.5	406.9	37.5	.0	.0	
45.8	22.4	4.4	149.0	430.7	29.4	.0	.0	
45.8	21.2	4.8	135.7	173.3	100.0	.0	.0	
45.5	23.1	6.3	186.2	220.4	75.0	.0	.0	
40.1	19.8	8.4	188.2	455.6	37.5	.0	.0	
32.4	28.1	2.3	185.7	189.3	96.9	39.4	10.0	
34.2	29.4	2.7	224.8	220.2	91.2	.0	10.0	
34.3	26.7	3.8	130.7	260.5	78.1	11.8	.0	
4 30 1990
37.5	27.4	6.1	99.8	258.4	84.4	3.9	.0	
39.1	27.7	5.9	121.0	253.9	78.1	3.9	.0	
40.4	25.8	3.1	115.8	427.5	43.1	.0	.0	
42.2	29.4	4.6	138.2	301.3	77.5	19.7	.0	
42.9	36.0	5.0	229.0	289.3	83.8	7.9	.0	
44.5	35.4	3.1	219.0	289.3	81.9	23.6	.0	
42.4	35.8	3.2	159.0	190.4	100.0	31.5	.0	
41.5	32.9	5.9	233.6	253.4	76.9	15.7	.0	
43.8	23.8	4.8	228.2	544.2	10.6	.0	.0	
46.2	21.9	3.4	95.7	550.4	21.2	.0	.0	
48.5	20.7	4.5	146.5	310.7	65.0	.0	.0	
53.5	19.7	4.3	235.1	543.6	16.9	.0	.0	
55.0	21.7	3.9	213.0	474.6	27.5	.0	.0	
54.1	23.7	4.4	131.9	430.8	69.4	.0	.0	
52.7	20.8	4.5	159.0	545.4	40.6	.0	.0	
48.3	20.1	9.0	148.6	296.5	66.2	.0	.0	
44.0	28.8	8.1	219.8	319.0	86.9	.0	.0	
36.7	30.6	2.9	204.2	228.7	91.9	15.7	.0	
42.5	29.4	2.7	228.6	346.7	50.0	.0	.0	
47.3	27.5	4.5	109.4	501.5	46.2	.0	.0	
49.3	25.5	4.6	158.6	207.9	95.0	.0	.0	
47.3	25.9	5.6	155.7	229.0	91.2	.0	.0	
45.5	29.2	8.3	188.6	260.0	83.8	3.9	.0	
37.7	31.7	5.5	238.6	220.2	98.1	102.4	.0	
43.1	31.5	3.2	254.6	323.4	70.6	.0	.0	
50.9	25.9	6.4	256.2	265.7	83.1	.0	.0	
53.8	26.6	5.2	233.4	222.4	91.2	.0	.0	
57.9	23.4	12.3	212.8	336.5	81.9	.0	.0	
51.7	27.1	11.1	201.0	450.1	71.2	.0	.0	
42.2	21.5	9.7	147.3	459.5	71.2	.0	.0	
5 31 1990
38.4	22.4	6.3	150.3	381.9	64.4	.0	.0	
37.4	27.8	4.4	130.4	318.0	75.6	.0	.0	
46.5	26.4	4.8	178.6	445.8	54.4	.0	.0	
49.8	23.4	5.4	75.2	572.3	19.4	.0	.0	
52.3	21.9	8.6	71.2	629.3	6.2	.0	.0	
53.8	22.1	3.2	125.2	634.0	10.6	.0	.0	
55.6	23.1	7.9	201.1	636.0	13.1	.0	.0	
57.7	18.0	10.1	224.0	535.9	54.4	.0	.0	
52.2	14.5	5.2	154.6	444.7	48.1	.0	.0	
50.1	17.0	9.5	151.7	647.5	.0	.0	.0	
49.0	21.1	7.5	210.7	471.1	46.9	.0	.0	
50.7	23.2	5.8	203.0	607.8	23.1	.0	.0	
52.5	19.9	6.5	191.1	635.1	16.2	.0	.0	
52.1	19.0	8.1	173.3	649.3	7.5	.0	.0	
50.8	18.3	8.3	204.0	650.3	6.9	.0	.0	
52.2	17.7	3.1	182.6	591.4	36.9	.0	.0	
55.1	17.4	7.9	168.5	661.4	3.1	.0	.0	
55.4	11.1	7.8	236.2	640.9	18.1	.0	.0	
49.6	10.7	10.1	216.7	422.7	69.4	.0	.0	
49.8	18.2	5.5	202.9	667.7	.0	.0	.0	
59.1	24.0	4.0	145.7	611.5	41.2	.0	.0	
61.3	25.6	7.1	200.7	646.8	11.9	.0	.0	
58.9	29.3	7.7	219.8	305.8	93.1	3.9	.0	
58.0	22.8	8.5	196.9	673.4	1.2	.0	.0	
53.5	14.5	6.9	212.8	674.5	2.5	.0	.0	
54.1	17.9	6.0	188.6	469.8	63.1	.0	.0	
55.5	20.9	6.2	152.8	559.9	46.9	.0	.0	
45.2	27.8	7.3	186.8	281.9	91.2	59.1	.0	
43.1	33.5	4.9	218.6	373.7	74.4	7.9	.0	
50.2	30.7	5.7	162.3	555.8	57.5	.0	.0	
51.4	24.8	8.7	181.1	437.6	68.8	.0	.0	
6 30 1990
54.1	23.3	6.7	218.2	646.8	23.8	.0	.0	
56.7	17.5	5.1	111.8	685.5	.0	.0	.0	
63.0	23.5	2.9	105.7	686.4	.0	.0	.0	
67.6	25.5	4.7	153.4	687.4	.0	.0	.0	
67.9	25.1	6.2	209.0	688.2	.0	.0	.0	
65.1	24.7	7.0	220.6	687.0	10.0	.0	.0	
64.2	23.2	4.6	185.4	555.4	53.1	.0	.0	
67.6	29.6	3.6	228.6	453.1	64.4	.0	.0	
62.7	41.5	4.3	203.0	279.4	78.1	3.9	.0	
60.0	43.5	6.0	185.8	468.4	56.2	23.6	.0	
59.5	35.5	7.7	160.6	662.2	28.1	.0	.0	
62.7	33.0	9.5	213.2	692.8	1.2	.0	.0	
63.4	26.4	12.6	209.0	693.3	.0	.0	.0	
60.3	20.2	10.0	203.4	693.7	.0	.0	.0	
55.0	19.9	9.9	189.0	694.0	.0	.0	.0	
55.2	15.4	3.9	198.2	694.3	.0	.0	.0	
58.7	17.1	6.2	142.5	688.3	10.6	.0	.0	
64.3	19.0	6.7	174.2	694.7	.0	.0	.0	
65.2	16.8	3.8	227.0	694.8	.0	.0	.0	
66.6	19.5	4.9	120.2	694.9	.0	.0	.0	
69.2	15.6	4.3	136.1	694.9	.0	.0	.0	
71.2	20.4	4.8	133.4	694.9	.0	.0	.0	
73.6	28.3	5.1	238.1	674.7	15.0	.0	.0	
75.8	32.0	3.3	217.3	388.8	73.1	.0	.0	
75.8	33.3	3.2	170.3	599.0	41.2	.0	.0	
77.8	31.7	4.7	205.8	599.9	38.1	.0	.0	
76.1	27.5	5.2	204.0	642.7	25.6	.0	.0	
75.3	24.4	4.9	215.4	668.8	30.6	.0	.0	
75.7	32.6	4.4	204.8	395.4	82.5	.0	.0	
76.7	39.4	5.1	187.4	285.5	95.0	.0	.0	
7 31 1990
72.8	43.8	3.5	223.0	556.0	57.5	23.6	.0	
69.7	43.5	6.8	217.8	384.9	79.4	3.9	.0	
64.4	48.6	5.6	200.0	439.5	59.4	7.9	.0	
67.9	39.0	3.9	181.0	640.9	26.2	.0	.0	
65.9	36.2	3.7	187.0	253.1	95.6	.0	.0	
61.2	44.8	2.0	185.0	287.4	91.9	59.1	.0	
59.9	49.8	2.9	165.8	284.4	96.0	43.3	.0	
60.3	48.0	3.0	181.4	406.8	77.5	11.8	.0	
62.9	45.4	2.8	171.4	439.4	71.9	.0	.0	
66.7	44.9	2.8	132.0	498.0	63.1	7.9	.0	
70.4	44.5	4.4	79.9	524.0	63.8	.0	.0	
71.4	45.4	5.6	91.4	535.1	66.9	.0	.0	
62.6	47.8	3.8	199.8	345.7	86.2	102.4	.0	
58.7	47.3	4.1	221.2	391.3	83.1	35.4	.0	
60.2	47.2	3.0	220.2	402.0	83.1	.0	.0	
61.5	48.1	4.1	186.5	467.0	73.8	11.8	.0	
61.5	49.2	2.9	219.0	385.2	75.9	82.7	.0	
66.3	48.9	4.0	127.0	473.8	56.9	.0	.0	
71.8	47.2	3.7	203.0	501.5	45.6	.0	.0	
71.5	48.9	5.4	217.8	633.1	23.8	.0	.0	
64.9	47.5	4.2	216.6	478.3	58.1	31.5	.0	
63.4	42.4	2.5	167.4	480.2	54.4	15.7	.0	
63.3	43.9	4.3	195.7	450.3	71.2	7.9	.0	
62.8	46.5	6.0	198.6	568.0	45.6	.0	.0	
64.8	47.2	6.3	221.4	560.2	33.8	3.9	.0	
65.2	40.1	5.1	208.2	660.0	2.5	.0	.0	
64.9	32.9	3.3	164.8	659.4	1.9	.0	.0	
67.8	31.4	3.9	196.6	655.7	5.0	.0	.0	
70.3	31.4	3.3	213.6	589.0	23.8	.0	.0	
70.9	33.0	3.6	221.8	512.6	52.5	.0	.0	
66.9	36.3	3.5	200.6	496.5	55.0	.0	.0	
8 31 1990
61.2	41.1	3.7	183.8	503.9	59.4	31.5	.0	
59.8	41.8	3.7	237.8	394.1	74.4	3.9	.0	
64.7	38.1	3.3	175.2	617.6	19.4	.0	.0	
68.1	35.4	4.2	109.4	605.6	20.0	.0	.0	
64.4	42.3	2.7	177.0	500.1	43.1	.0	.0	
64.3	38.0	4.5	111.1	619.5	17.5	.0	.0	
65.5	38.9	4.9	111.9	624.1	10.0	.0	.0	
69.6	37.6	6.3	118.6	629.2	18.8	.0	.0	
66.6	40.1	4.4	137.3	498.8	56.2	7.9	.0	
67.9	40.7	4.7	202.2	432.9	69.4	11.8	.0	
64.3	41.3	3.6	221.1	305.5	86.9	.0	.0	
64.2	41.4	4.4	215.7	246.1	93.1	3.9	.0	
58.5	42.2	7.4	76.5	216.6	99.4	.0	.0	
56.2	45.8	4.0	114.2	215.5	98.1	19.7	.0	
55.6	46.9	4.3	214.8	251.2	97.5	35.4	.0	
59.1	46.8	5.3	221.8	445.9	57.5	11.8	.0	
61.1	43.3	4.4	205.8	556.1	24.4	.0	.0	
60.2	37.1	7.2	183.0	547.3	23.5	.0	.0	
58.2	34.7	6.5	174.2	433.7	46.9	.0	.0	
59.5	34.8	6.3	179.0	558.3	24.4	.0	.0	
59.0	31.2	4.3	167.3	593.5	.0	.0	.0	
61.6	27.9	3.3	189.0	590.2	.0	.0	.0	
61.3	28.5	4.4	155.4	579.7	8.1	.0	.0	
58.8	27.6	6.5	187.0	583.3	.0	.0	.0	
58.0	25.3	5.9	161.8	458.9	36.2	.0	.0	
59.3	28.8	5.7	144.2	571.6	10.0	.0	.0	
64.8	40.0	3.5	193.2	486.1	49.4	.0	.0	
65.2	42.6	2.3	159.4	435.4	42.5	7.9	.0	
66.9	44.7	2.6	151.0	382.1	66.2	11.8	.0	
63.3	45.5	3.9	122.0	387.0	73.1	31.5	.0	
59.9	44.8	3.8	141.5	315.1	65.6	.0	.0	
9 30 1990
57.2	46.9	2.3	147.0	203.1	96.9	43.3	.0	
62.0	48.3	3.6	207.3	343.1	77.5	86.6	.0	
58.3	46.8	2.5	158.2	274.9	83.8	7.9	.0	
59.0	46.5	2.8	147.8	293.5	85.6	15.7	.0	
57.7	46.5	2.7	179.4	205.1	94.4	15.7	.0	
59.1	46.8	1.9	121.5	377.3	53.1	3.9	.0	
63.0	45.9	2.6	107.4	438.6	37.5	.0	.0	
61.0	45.9	2.9	99.0	390.8	41.2	86.6	.0	
65.0	42.1	2.2	104.2	489.5	22.5	.0	.0	
66.4	39.9	1.8	125.4	485.9	21.2	.0	.0	
68.3	37.8	2.9	177.0	503.1	17.5	.0	.0	
70.0	35.3	2.8	175.8	506.2	6.9	.0	.0	
68.0	36.6	2.9	156.6	493.3	13.8	.0	.0	
66.3	41.3	3.2	236.6	435.1	33.8	.0	.0	
62.4	44.8	4.1	236.6	315.1	68.8	.0	.0	
58.8	43.3	4.5	189.0	315.1	58.8	27.6	.0	
56.4	43.0	4.3	201.6	332.4	71.2	35.4	.0	
48.9	39.9	3.8	130.6	194.4	92.5	165.4	.0	
54.3	37.1	4.4	120.2	422.5	39.4	.0	.0	
51.8	41.5	3.8	106.6	186.0	92.5	51.2	.0	
54.9	45.0	3.7	174.4	307.3	68.1	82.7	.0	
54.3	48.1	7.3	83.3	207.5	79.4	.0	.0	
58.5	51.4	5.0	138.6	244.2	76.9	7.9	.0	
55.3	44.6	3.1	111.4	388.9	43.8	.0	.0	
55.6	42.3	2.9	133.8	423.1	28.1	.0	.0	
55.1	39.5	2.9	119.4	266.0	69.4	.0	.0	
52.4	35.5	2.8	81.4	205.6	70.6	.0	.0	
50.0	30.4	4.1	92.2	442.3	.6	.0	.0	
49.3	31.8	3.4	94.4	398.9	23.1	.0	.0	
47.7	35.8	4.5	61.0	223.4	81.9	.0	.0	
10 31 1990
49.5	41.9	3.8	119.0	150.0	98.1	.0	.0	
48.6	40.9	2.9	197.8	241.7	46.9	.0	.0	
53.2	38.7	3.6	214.8	419.9	.0	.0	.0	
51.8	31.1	4.4	64.6	415.6	.0	.0	.0	
53.5	36.2	3.9	108.6	411.2	.0	.0	.0	
55.6	38.0	6.3	209.0	366.9	37.5	.0	.0	
54.8	41.5	8.9	219.4	161.4	91.9	27.6	.0	
43.4	23.3	4.3	135.4	398.3	.0	.0	.0	
41.3	13.2	7.9	77.0	394.0	.0	.0	.0	
45.6	19.4	3.0	88.2	389.7	.0	.0	.0	
50.6	19.0	3.3	219.8	385.5	.0	.0	.0	
47.2	17.3	3.3	157.0	381.2	.0	.0	.0	
51.0	18.0	4.0	173.8	377.0	.0	.0	.0	
52.0	21.0	4.0	162.2	372.8	.0	.0	.0	
50.7	23.3	2.9	110.2	368.6	.0	.0	.0	
50.5	30.1	5.4	184.2	331.1	28.1	.0	.0	
49.3	30.4	2.5	118.2	359.3	4.4	.0	.0	
50.3	32.6	5.5	150.7	194.6	68.8	.0	.0	
48.2	38.9	9.2	229.8	236.6	58.8	19.7	.0	
38.0	18.8	6.7	145.8	348.1	.0	.0	.0	
36.4	15.8	6.4	73.4	344.1	.0	.0	.0	
40.8	19.0	3.0	75.2	340.2	.0	.0	.0	
43.5	21.8	3.4	67.0	335.7	1.9	.0	.0	
44.8	21.6	4.1	84.6	332.3	.0	.0	.0	
47.2	24.6	2.9	75.0	328.5	.0	.0	.0	
48.1	23.4	2.5	88.6	299.0	20.6	.0	.0	
46.9	21.5	4.2	76.2	320.9	.0	.0	.0	
47.5	24.0	3.2	106.6	317.2	.0	.0	.0	
47.2	24.9	3.2	83.4	313.6	.0	.0	.0	
47.5	25.8	3.2	87.8	256.5	53.1	.0	.0	
48.2	28.0	7.8	138.2	162.9	68.1	.0	.0	
11 30 1990
45.8	26.7	11.2	209.8	253.5	53.8	.0	.0	
35.0	25.4	3.1	192.6	200.6	69.4	15.7	.0	
32.4	19.5	2.9	117.0	171.0	64.4	.0	.0	
35.4	12.3	6.4	71.8	292.6	1.2	.0	.0	
39.0	13.5	4.9	210.2	288.3	2.5	.0	.0	
31.6	16.7	5.4	108.2	257.8	48.1	3.9	10.0	
28.3	17.9	9.7	61.4	259.1	22.9	.0	.0	
36.8	21.2	6.6	81.2	210.0	55.0	.0	.0	
43.1	24.3	8.8	57.8	276.9	1.2	.0	.0	
44.0	21.1	7.3	68.6	274.3	.0	.0	.0	
39.5	20.4	3.9	154.4	271.4	5.0	.0	.0	
38.0	21.0	3.8	91.0	211.2	50.0	.0	.0	
40.9	21.2	2.5	59.8	265.9	.0	.0	.0	
42.4	21.8	3.5	104.7	263.3	.0	.0	.0	
41.9	22.0	2.8	76.6	253.2	21.9	.0	.0	
41.5	21.3	3.3	133.4	111.0	80.0	.0	.0	
44.6	25.3	3.4	91.4	201.5	33.1	.0	.0	
40.3	23.3	3.8	105.0	211.7	35.0	.0	.0	
41.3	26.1	6.2	148.2	105.8	83.8	.0	.0	
36.8	28.7	10.2	214.2	147.6	89.4	35.4	.0	
32.1	22.3	2.2	173.5	157.8	55.6	.0	.0	
30.8	13.5	5.2	103.8	244.4	.0	.0	.0	
37.6	12.2	5.7	99.8	242.3	.0	.0	.0	
37.1	8.9	3.6	104.2	240.2	2.5	.0	.0	
41.1	24.4	6.5	191.8	226.5	17.5	.0	.0	
30.3	22.9	11.2	228.2	82.9	98.8	31.5	50.0	
22.8	11.4	2.6	218.6	234.8	.0	.0	.0	
19.8	5.3	6.6	91.4	233.0	.0	.0	.0	
25.6	8.4	5.0	57.4	229.9	3.1	.0	.0	
28.7	12.8	2.0	81.8	126.8	65.0	.0	.0	
12 31 1990
31.2	13.1	3.1	150.7	228.7	.0	.0	.0	
31.9	1.4	4.7	249.4	227.3	.0	.0	.0	
27.6	4.4	10.7	66.9	223.3	5.0	.0	.0	
28.1	7.5	4.6	69.4	139.4	40.6	.0	.0	
32.0	8.7	2.8	159.4	84.0	61.9	.0	.0	
30.0	4.2	8.4	115.7	222.4	.0	.0	.0	
30.9	6.3	3.5	71.1	221.3	.0	.0	.0	
29.8	9.0	2.9	39.0	220.2	2.5	.0	.0	
30.8	10.1	3.0	50.3	219.4	.0	.0	.0	
33.1	8.0	3.2	98.6	218.6	.0	.0	.0	
34.7	15.6	4.2	184.2	198.9	20.6	.0	.0	
36.9	24.2	4.2	206.1	114.2	91.2	35.4	.0	
37.1	30.0	7.4	223.2	106.6	83.1	.0	.0	
32.7	18.5	5.2	175.4	198.8	29.4	.0	.0	
29.9	20.6	5.2	138.2	84.3	95.8	3.9	.0	
28.6	20.8	3.8	179.0	132.1	73.8	.0	160.0	
22.6	14.6	4.9	233.6	132.3	51.9	.0	10.0	
25.5	14.0	4.9	239.8	109.8	66.2	.0	.0	
25.4	17.7	13.3	209.4	188.9	63.7	.0	30.0	
20.0	11.5	13.3	223.4	90.3	91.7	.0	70.0	
10.3	3.9	7.0	235.7	79.6	99.0	.0	20.0	
3.3	-11.9	2.3	180.7	214.5	.0	.0	.0	
-3.1	-21.2	4.6	114.8	214.7	.0	.0	.0	
4.4	-12.9	3.6	73.2	212.5	4.4	.0	.0	
10.5	-6.8	2.5	132.5	175.6	16.9	.0	.0	
11.2	-.4	2.7	46.5	163.8	48.1	.0	.0	
14.6	.4	2.5	38.2	130.0	73.1	.0	.0	
30.0	20.3	6.5	232.3	75.8	100.0	15.7	10.0	
24.0	16.5	9.0	222.8	87.5	81.9	.0	20.0	
11.3	-2.7	2.6	93.6	217.8	.0	.0	.0	
15.3	3.3	3.2	60.7	209.6	5.6	.0	.0	
