   1    31    1963
35.6	20.8	5.0	216.7	149.6	94.0	.0	.0	
37.4	20.8	4.9	197.9	142.4	98.0	.0	.0	
36.6	34.6	7.5	147.9	85.5	98.0	19.0	.0	
36.8	33.7	4.9	193.3	110.4	71.0	.0	.0	
33.9	27.7	5.5	192.1	243.2	37.0	.0	.0	
35.0	25.4	6.1	222.1	269.5	28.0	.0	.0	
34.5	20.2	7.0	242.5	307.6	2.0	.0	.0	
33.8	18.0	5.9	217.5	294.8	11.0	.0	.0	
37.6	22.0	9.1	185.0	308.3	8.0	.0	.0	
38.3	34.0	13.8	186.3	98.2	98.0	5.0	.0	
27.0	6.6	12.4	303.3	309.4	22.0	.0	.0	
13.4	-8.9	11.8	227.5	326.0	2.0	.0	.0	
15.0	-14.3	8.1	265.4	329.8	2.0	.0	.0	
25.3	4.3	7.7	251.7	324.3	2.0	.0	.0	
26.0	10.7	5.8	199.6	326.6	2.0	.0	.0	
29.9	12.0	6.2	171.7	326.5	2.0	.0	.0	
32.6	13.7	8.5	188.8	329.7	2.0	.0	.0	
35.0	13.6	12.1	186.7	315.3	3.0	.0	.0	
23.9	.7	17.7	301.3	339.6	13.0	.0	.0	
29.1	2.5	7.3	258.8	343.1	2.0	.0	.0	
34.3	14.9	7.4	193.8	343.1	2.0	.0	.0	
39.4	17.4	6.3	142.9	343.6	2.0	.0	.0	
39.6	16.0	7.5	197.9	347.9	2.0	.0	.0	
40.1	15.0	7.9	183.3	289.3	16.0	.0	.0	
41.2	17.3	10.9	193.3	352.4	2.0	.0	.0	
38.1	15.0	6.7	182.1	354.0	2.0	.0	.0	
37.0	14.5	6.6	186.7	355.0	25.0	.0	.0	
39.8	17.9	9.9	175.8	335.6	48.0	.0	.0	
44.3	22.8	10.7	157.5	262.9	59.0	.0	.0	
49.3	26.2	10.3	206.7	156.5	80.0	.0	.0	
52.2	31.7	12.3	212.1	203.0	92.0	.0	.0	
   2    28    1963
53.2	42.2	10.8	204.2	251.1	58.0	.0	.0	
50.6	34.8	7.1	209.2	346.3	5.0	.0	.0	
49.0	25.6	8.1	229.6	314.3	63.0	.0	.0	
51.7	24.3	8.1	160.8	242.0	67.0	.0	.0	
53.8	26.4	6.7	189.6	351.1	34.0	.0	.0	
54.0	27.4	7.5	149.2	389.2	2.0	.0	.0	
54.3	26.1	7.8	194.6	381.8	18.0	.0	.0	
53.2	25.4	8.9	196.3	283.2	70.0	.0	.0	
51.7	32.3	11.5	187.5	236.2	93.0	1.0	.0	
41.1	36.2	13.1	198.8	219.4	93.0	63.0	.0	
36.6	34.2	8.1	210.0	170.5	74.0	18.0	.0	
32.6	20.5	8.2	202.5	414.7	2.0	.0	.0	
32.7	18.6	6.6	202.5	394.5	22.0	.0	.0	
37.4	28.4	7.4	220.8	240.2	55.0	.0	.0	
38.5	24.8	9.1	293.8	409.6	2.0	.0	.0	
36.2	20.2	6.5	173.8	187.4	76.0	.0	.0	
39.1	22.6	6.6	213.3	371.4	35.0	.0	.0	
41.9	21.9	9.4	194.6	394.6	36.0	.0	.0	
46.6	25.4	7.8	232.5	437.1	13.0	.0	.0	
48.4	28.1	9.6	183.3	438.1	9.0	.0	.0	
48.4	26.8	8.3	240.8	422.1	3.0	.0	.0	
41.4	28.0	9.5	158.3	302.4	42.0	.0	.0	
43.9	23.4	6.8	210.0	461.4	2.0	.0	.0	
46.2	20.0	8.0	205.8	410.0	15.0	.0	.0	
48.9	20.2	7.8	171.3	448.0	20.0	.0	.0	
50.5	19.9	11.0	197.9	438.7	18.0	.0	.0	
46.2	16.5	11.9	242.9	278.1	36.0	.0	.0	
43.6	10.6	9.7	224.2	485.6	26.0	.0	.0	
   3    31    1963
46.7	10.0	12.0	249.2	473.2	10.0	.0	.0	
47.8	11.4	16.3	168.8	382.1	33.0	.0	.0	
36.1	18.4	13.5	157.1	378.1	47.0	7.0	.0	
32.4	22.2	8.3	235.0	427.2	34.0	.0	.0	
35.8	11.7	6.4	163.3	482.3	41.0	.0	.0	
41.3	12.5	6.3	210.8	440.3	37.0	.0	.0	
41.9	14.7	10.6	164.6	520.8	2.0	.0	.0	
42.9	14.7	7.3	162.5	520.5	5.0	.0	.0	
45.1	15.7	13.4	166.7	509.0	36.0	.0	.0	
42.8	21.6	12.5	196.3	461.3	35.0	.0	.0	
41.3	21.7	14.3	178.3	402.3	20.0	.0	.0	
43.0	24.4	13.9	176.3	411.1	18.0	.0	.0	
41.2	12.0	7.4	197.9	535.1	11.0	.0	.0	
44.3	15.5	10.1	150.4	520.3	5.0	.0	.0	
37.7	15.1	21.1	228.3	377.6	27.0	.0	.0	
37.1	10.5	11.9	171.3	320.7	75.0	.0	.0	
34.8	28.6	11.4	174.2	224.8	98.0	51.0	.0	
32.3	26.0	5.9	165.4	441.4	48.0	10.0	.0	
39.6	25.6	4.9	100.0	560.2	2.0	.0	.0	
44.8	23.2	8.7	153.3	570.4	2.0	.0	.0	
49.9	25.3	9.1	150.4	556.5	2.0	.0	.0	
52.8	26.9	10.7	162.9	237.7	75.0	.0	.0	
49.1	19.7	12.6	192.5	536.3	31.0	.0	.0	
47.3	27.8	7.8	176.7	569.3	3.0	.0	.0	
51.5	23.1	7.3	126.7	546.4	48.0	.0	.0	
52.1	21.8	9.2	167.1	461.7	53.0	.0	.0	
54.9	20.0	8.8	170.0	491.1	51.0	.0	.0	
55.9	31.4	16.3	193.8	204.7	90.0	4.0	.0	
52.4	38.7	10.4	177.9	433.3	58.0	.0	.0	
52.4	37.5	8.7	177.5	556.5	25.0	.0	.0	
53.5	27.2	12.2	201.7	492.1	41.0	.0	.0	
   4    30    1963
46.4	23.1	19.3	205.4	457.7	51.0	1.0	.0	
38.4	15.7	9.6	206.7	572.1	17.0	.0	.0	
43.6	12.7	5.0	150.8	473.1	33.0	.0	.0	
48.8	14.7	8.6	263.8	408.0	31.0	.0	.0	
53.5	19.9	8.9	250.0	592.4	11.0	.0	.0	
59.7	26.5	12.1	217.5	417.9	55.0	.0	.0	
61.7	22.5	12.6	202.9	536.3	50.0	.0	.0	
59.1	27.2	12.9	201.7	487.9	60.0	.0	.0	
53.1	22.8	14.2	182.5	290.2	98.0	.0	.0	
46.9	19.8	9.5	202.9	355.0	81.0	.0	.0	
47.6	14.4	7.0	155.0	644.2	2.0	.0	.0	
53.4	10.3	8.1	187.1	596.4	35.0	.0	.0	
60.0	14.4	10.2	187.1	511.9	46.0	.0	.0	
61.5	16.8	12.5	198.8	420.7	79.0	.0	.0	
51.2	19.7	16.3	233.3	657.8	22.0	.0	.0	
49.4	20.2	15.0	195.4	673.0	10.0	.0	.0	
37.0	26.5	14.6	201.3	294.7	52.0	12.0	.0	
38.1	22.0	11.2	238.3	478.0	44.0	.0	.0	
43.7	23.8	13.1	203.3	557.8	25.0	.0	.0	
49.8	22.0	16.8	192.5	484.7	50.0	.0	.0	
40.9	24.8	17.5	226.3	344.9	30.0	1.0	.0	
43.1	10.0	7.8	200.8	702.3	2.0	.0	.0	
49.0	6.2	9.2	195.8	704.2	2.0	.0	.0	
51.7	7.7	10.5	187.1	681.8	8.0	.0	.0	
48.8	28.8	12.5	170.8	263.5	78.0	15.0	.0	
43.0	36.6	16.0	191.3	240.4	75.0	25.0	.0	
44.6	26.8	10.9	222.1	683.3	2.0	.0	.0	
52.8	26.4	8.0	202.9	688.6	3.0	.0	.0	
57.7	27.2	6.5	182.1	668.8	25.0	.0	.0	
60.3	23.8	9.3	195.8	704.0	11.0	.0	.0	
   5    31    1963
61.4	23.8	12.2	225.4	717.3	2.0	.0	.0	
63.0	22.0	9.3	190.8	727.4	2.0	.0	.0	
61.5	16.5	11.6	195.0	726.4	2.0	.0	.0	
61.0	20.1	10.5	210.4	700.8	2.0	.0	.0	
63.9	20.4	7.5	167.5	715.7	5.0	.0	.0	
68.4	19.9	8.2	192.1	689.6	38.0	.0	.0	
70.6	28.8	13.2	194.6	623.9	71.0	.0	.0	
67.4	31.2	15.0	228.3	459.4	87.0	.0	.0	
64.2	41.9	12.6	210.4	469.4	62.0	1.0	.0	
63.5	35.0	15.1	179.6	561.6	59.0	.0	.0	
56.5	14.4	13.3	215.4	744.2	2.0	.0	.0	
53.8	10.9	9.0	169.6	728.5	2.0	.0	.0	
59.6	9.6	11.4	208.3	641.8	50.0	.0	.0	
64.7	13.5	11.9	196.7	553.3	61.0	.0	.0	
63.9	19.3	10.4	216.7	650.2	20.0	.0	.0	
64.9	19.4	7.5	191.7	737.2	2.0	.0	.0	
67.9	16.8	9.5	194.2	745.3	2.0	.0	.0	
69.5	17.2	9.6	182.5	758.6	22.0	.0	.0	
70.2	24.4	9.9	188.8	493.1	73.0	.0	.0	
68.1	31.7	7.1	148.8	388.0	71.0	.0	.0	
69.3	25.7	12.7	216.7	632.1	45.0	.0	.0	
66.9	26.1	9.9	162.9	390.3	87.0	.0	.0	
65.6	31.4	13.3	180.4	546.1	53.0	.0	.0	
63.3	24.5	13.5	192.9	683.0	18.0	.0	.0	
62.2	16.2	11.5	218.3	766.9	2.0	.0	.0	
64.4	15.8	9.4	210.0	773.5	2.0	.0	.0	
66.1	17.6	9.0	202.9	649.4	33.0	.0	.0	
64.9	21.4	12.6	193.8	769.8	2.0	.0	.0	
64.0	17.3	11.1	190.8	754.7	4.0	.0	.0	
63.9	29.9	9.9	207.5	738.1	4.0	.0	.0	
66.7	33.3	8.3	193.8	525.9	46.0	.0	.0	
   6    30    1963
63.0	33.7	9.6	186.3	413.9	73.0	.0	.0	
66.9	40.6	11.6	199.2	644.2	42.0	.0	.0	
67.8	35.4	15.1	204.2	753.1	2.0	.0	.0	
63.7	30.2	15.0	221.7	766.9	2.0	.0	.0	
61.8	28.5	14.0	202.5	738.6	2.0	.0	.0	
60.0	31.2	15.6	207.1	729.4	5.0	.0	.0	
58.1	21.1	12.9	192.1	769.6	2.0	.0	.0	
60.0	21.0	10.7	220.0	724.6	31.0	.0	.0	
64.2	25.5	10.3	203.8	684.0	18.0	.0	.0	
62.6	26.2	13.5	208.3	507.0	57.0	.0	.0	
62.9	23.5	15.4	175.4	544.0	44.0	.0	.0	
64.4	21.6	13.4	168.3	737.5	9.0	.0	.0	
63.1	26.1	14.7	181.3	615.2	27.0	.0	.0	
64.6	27.7	9.8	224.6	758.9	2.0	.0	.0	
70.4	34.5	10.4	228.3	750.5	2.0	.0	.0	
74.6	34.7	9.3	274.2	738.1	2.0	.0	.0	
76.5	35.9	8.6	202.1	736.8	7.0	.0	.0	
78.6	35.9	11.6	194.6	772.6	2.0	.0	.0	
77.0	34.5	9.3	185.8	749.2	3.0	.0	.0	
76.0	30.8	12.0	210.8	734.7	2.0	.0	.0	
72.5	21.7	14.1	201.3	750.8	4.0	.0	.0	
71.4	23.5	14.7	185.8	772.1	2.0	.0	.0	
70.1	27.9	15.4	200.0	769.1	2.0	.0	.0	
68.8	27.9	12.7	205.4	770.4	2.0	.0	.0	
69.9	15.0	8.9	198.3	767.3	2.0	.0	.0	
72.9	3.6	9.1	185.8	759.0	2.0	.0	.0	
74.3	14.4	13.3	203.8	779.8	2.0	.0	.0	
71.5	14.4	11.7	225.4	772.9	2.0	.0	.0	
73.8	19.1	9.8	195.8	779.3	2.0	.0	.0	
75.0	12.2	10.6	200.0	789.9	2.0	.0	.0	
   7    31    1963
79.2	15.5	9.5	193.3	687.9	28.0	.0	.0	
79.4	18.1	9.7	193.3	709.6	19.0	.0	.0	
78.6	30.4	9.5	212.1	654.0	20.0	.0	.0	
77.0	40.3	10.0	201.7	682.9	14.0	.0	.0	
76.7	32.7	10.5	210.4	728.4	5.0	.0	.0	
76.3	28.6	9.9	205.0	635.7	29.0	.0	.0	
77.5	29.5	8.7	188.3	715.2	15.0	.0	.0	
77.8	32.0	7.8	176.7	321.7	83.0	.0	.0	
79.9	40.8	7.5	157.9	569.7	79.0	.0	.0	
76.2	50.1	8.2	147.1	429.0	79.0	2.0	.0	
77.2	43.5	8.9	210.8	522.6	50.0	.0	.0	
78.6	35.7	8.5	179.2	601.9	25.0	.0	.0	
79.7	32.4	8.4	186.7	653.4	22.0	.0	.0	
82.4	38.5	9.8	212.5	714.4	2.0	.0	.0	
82.2	46.8	12.8	209.2	686.0	12.0	.0	.0	
78.0	48.9	12.8	206.3	635.4	24.0	.0	.0	
79.0	46.5	11.2	197.9	712.2	3.0	.0	.0	
81.0	42.2	10.8	207.9	721.4	3.0	.0	.0	
74.7	51.7	9.9	191.7	498.6	52.0	6.0	.0	
75.2	55.8	7.8	222.1	559.7	53.0	.0	.0	
76.7	53.5	7.4	179.6	502.6	35.0	18.0	.0	
74.9	54.1	9.1	173.3	411.8	51.0	.0	.0	
79.4	47.3	6.4	152.9	650.5	12.0	.0	.0	
81.2	46.0	8.1	183.3	627.6	18.0	.0	.0	
83.8	43.5	13.6	228.8	691.2	3.0	.0	.0	
79.5	47.1	12.4	228.3	692.0	8.0	.0	.0	
79.1	46.6	10.4	200.4	692.7	4.0	.0	.0	
78.5	48.8	8.7	208.3	687.0	15.0	.0	.0	
79.8	40.3	9.1	203.3	654.0	13.0	.0	.0	
80.6	38.8	7.8	173.8	704.5	6.0	.0	.0	
72.8	56.5	9.9	157.9	497.9	63.0	28.0	.0	
   8    31    1963
67.1	62.3	6.8	165.8	264.0	92.0	25.0	.0	
69.6	61.6	6.2	153.8	362.3	80.0	33.0	.0	
69.0	59.6	6.0	142.1	309.3	63.0	1.0	.0	
67.2	59.5	6.7	179.6	280.6	90.0	8.0	.0	
69.0	59.0	4.9	177.1	311.9	83.0	.0	.0	
68.2	58.4	8.4	141.3	391.7	83.0	4.0	.0	
71.6	55.0	11.6	152.9	597.3	66.0	1.0	.0	
73.3	54.1	8.4	165.8	560.6	63.0	1.0	.0	
74.6	51.9	7.1	171.3	488.0	48.0	7.0	.0	
76.7	49.9	7.6	158.3	570.1	26.0	.0	.0	
78.0	47.7	7.4	194.2	560.8	28.0	.0	.0	
79.9	46.2	6.2	185.0	643.1	13.0	.0	.0	
76.8	49.6	7.2	154.6	479.0	38.0	.0	.0	
75.5	53.6	6.0	127.5	560.2	51.0	.0	.0	
75.4	56.5	8.1	143.3	438.4	83.0	11.0	.0	
66.4	61.6	6.9	195.4	294.3	97.0	16.0	.0	
69.8	61.3	7.6	161.3	375.6	75.0	.0	.0	
69.8	61.7	7.8	165.8	397.7	43.0	35.0	.0	
70.7	59.5	8.6	163.3	543.5	43.0	59.0	.0	
71.8	57.9	7.0	202.5	592.0	19.0	.0	.0	
72.4	60.8	9.8	168.3	503.3	40.0	3.0	.0	
68.4	60.5	8.6	139.2	389.1	73.0	.0	.0	
70.0	56.5	7.2	142.1	478.1	44.0	.0	.0	
71.3	57.3	8.2	159.6	479.3	27.0	.0	.0	
72.1	57.1	7.7	150.8	439.6	54.0	5.0	.0	
67.5	59.6	7.1	173.8	336.4	81.0	107.0	.0	
69.7	59.3	6.4	152.9	439.3	53.0	7.0	.0	
72.2	57.3	6.3	164.2	530.6	21.0	.0	.0	
70.5	57.0	7.4	156.7	297.7	60.0	.0	.0	
67.2	57.2	10.8	144.2	325.5	79.0	46.0	.0	
66.4	57.8	10.0	159.6	458.4	65.0	40.0	.0	
   9    30    1963
67.0	57.6	6.8	151.3	371.3	45.0	.0	.0	
69.8	53.0	6.9	167.5	559.3	23.0	.0	.0	
72.8	55.1	6.0	147.9	484.0	86.0	.0	.0	
68.3	58.7	7.3	112.5	225.9	95.0	.0	.0	
68.3	53.6	6.1	214.2	501.7	33.0	.0	.0	
69.3	49.4	6.4	151.7	541.8	20.0	.0	.0	
70.0	46.3	5.3	137.5	563.7	5.0	.0	.0	
72.9	49.4	6.2	160.0	450.8	48.0	.0	.0	
71.8	54.9	8.5	111.3	394.4	86.0	8.0	.0	
70.3	53.3	6.5	174.2	549.7	26.0	.0	.0	
72.5	51.2	5.4	174.6	501.2	18.0	.0	.0	
74.1	49.1	7.0	167.9	482.3	23.0	.0	.0	
64.0	53.7	7.8	189.2	182.4	76.0	35.0	.0	
65.4	52.4	7.7	221.7	550.3	35.0	11.0	.0	
67.5	54.7	7.3	152.9	387.6	37.0	.0	.0	
67.5	47.6	12.6	162.1	533.2	28.0	.0	.0	
69.8	50.5	11.8	145.0	372.0	88.0	.0	.0	
64.3	57.3	11.9	196.7	310.5	58.0	34.0	.0	
64.1	49.1	11.4	189.6	456.7	15.0	.0	.0	
63.1	40.5	8.4	186.7	576.9	2.0	.0	.0	
62.3	42.3	7.0	198.3	556.4	2.0	.0	.0	
65.3	39.7	8.9	186.3	567.6	2.0	.0	.0	
70.2	40.8	10.1	202.5	536.0	2.0	.0	.0	
69.2	43.7	6.8	197.5	550.1	2.0	.0	.0	
71.0	42.1	6.4	172.5	532.8	2.0	.0	.0	
71.0	43.9	5.6	146.7	542.8	2.0	.0	.0	
72.7	42.2	5.2	173.3	516.4	11.0	.0	.0	
71.0	33.6	7.5	201.3	512.2	2.0	.0	.0	
69.7	36.2	6.6	191.3	513.9	2.0	.0	.0	
69.3	39.5	7.1	207.1	525.9	2.0	.0	.0	
  10    31    1963
69.7	38.5	7.0	197.1	517.5	3.0	.0	.0	
69.0	37.3	7.4	160.4	517.2	5.0	.0	.0	
66.7	26.2	9.5	162.9	519.2	2.0	.0	.0	
69.1	25.8	11.4	174.2	518.8	23.0	.0	.0	
66.0	44.6	11.4	176.3	371.6	47.0	1.0	.0	
65.0	41.1	7.4	161.7	423.7	16.0	.0	.0	
65.5	37.5	6.4	140.8	456.2	5.0	.0	.0	
65.1	34.1	7.1	191.7	449.3	34.0	.0	.0	
65.0	31.5	8.2	157.5	304.3	68.0	.0	.0	
64.3	32.5	9.6	188.3	304.9	67.0	.0	.0	
64.2	35.0	11.9	188.8	474.5	4.0	.0	.0	
59.1	34.1	11.3	205.8	475.6	3.0	.0	.0	
55.4	25.4	7.4	152.9	466.4	2.0	.0	.0	
57.3	25.9	6.9	169.2	468.2	2.0	.0	.0	
59.0	23.6	7.6	165.8	474.3	2.0	.0	.0	
59.4	39.0	9.1	125.0	301.9	67.0	10.0	.0	
58.9	46.5	9.9	138.8	307.3	56.0	.0	.0	
54.3	46.3	8.3	239.6	294.7	65.0	32.0	.0	
50.9	46.5	6.0	114.6	192.9	89.0	43.0	.0	
54.8	47.6	5.0	177.9	264.1	69.0	.0	.0	
54.4	45.4	5.3	169.6	402.4	4.0	.0	.0	
55.9	43.7	7.4	166.7	344.7	14.0	.0	.0	
55.2	44.5	8.9	203.8	347.8	44.0	.0	.0	
55.2	43.2	5.6	160.8	389.1	20.0	1.0	.0	
55.4	38.2	7.6	173.3	425.7	2.0	.0	.0	
56.8	38.0	7.1	191.3	411.1	2.0	.0	.0	
58.2	40.2	4.4	153.8	359.4	48.0	.0	.0	
60.1	40.1	8.0	167.9	235.5	78.0	.0	.0	
61.2	39.7	6.8	165.4	397.4	33.0	.0	.0	
59.1	40.3	9.3	182.1	261.6	74.0	.0	.0	
53.2	35.5	5.6	164.6	336.1	19.0	.0	.0	
  11    30    1963
51.5	32.4	6.1	177.5	332.1	35.0	.0	.0	
49.4	45.6	8.2	171.7	148.3	78.0	37.0	.0	
50.3	43.9	7.8	176.3	185.2	78.0	.0	.0	
50.0	41.7	6.7	149.2	319.4	25.0	.0	.0	
49.2	40.9	7.6	178.3	364.7	7.0	.0	.0	
50.7	36.4	10.0	179.2	349.1	33.0	.0	.0	
42.0	39.0	5.3	135.0	114.0	90.0	49.0	.0	
47.4	36.7	5.4	222.9	358.0	5.0	.0	.0	
53.4	39.2	6.6	255.0	366.5	2.0	.0	.0	
51.6	38.4	5.5	164.2	327.4	30.0	.0	.0	
51.7	40.0	5.1	199.2	308.8	25.0	.0	.0	
52.3	38.4	6.2	155.4	302.0	53.0	.0	.0	
55.4	37.0	6.1	181.3	219.9	88.0	.0	.0	
54.0	34.7	6.7	177.9	300.9	24.0	.0	.0	
54.3	38.0	11.8	169.2	248.1	58.0	.0	.0	
45.7	29.8	10.5	268.8	324.6	22.0	1.0	.0	
37.4	19.2	6.1	140.0	337.0	30.0	.0	.0	
42.2	26.4	6.4	186.7	309.0	41.0	.0	.0	
42.4	29.6	6.7	172.5	328.1	15.0	.0	.0	
43.1	32.1	11.3	175.4	165.8	82.0	5.0	.0	
37.5	34.2	7.5	201.7	174.1	75.0	19.0	.0	
36.4	27.8	5.6	230.8	328.5	2.0	.0	.0	
38.8	27.0	7.0	155.8	329.2	2.0	.0	.0	
41.1	32.7	5.0	183.3	149.2	71.0	.0	.0	
40.5	28.7	9.7	145.0	301.5	4.0	.0	.0	
40.3	27.1	4.7	105.4	309.5	2.0	.0	.0	
41.0	23.8	4.8	182.5	324.6	2.0	.0	.0	
45.9	21.5	6.1	154.2	249.5	47.0	.0	.0	
45.6	23.6	4.3	162.9	169.0	68.0	.0	.0	
40.6	25.7	4.7	138.3	151.2	74.0	.0	.0	
  12    31    1963
40.9	25.7	5.9	149.2	298.4	2.0	.0	.0	
41.2	25.3	5.7	163.8	267.0	29.0	.0	.0	
39.6	22.0	5.5	165.4	305.7	2.0	.0	.0	
38.2	17.7	5.8	207.1	307.1	2.0	.0	.0	
39.2	20.2	5.8	157.1	304.2	2.0	.0	.0	
41.0	22.9	6.1	194.6	275.2	14.0	.0	.0	
41.0	12.4	9.5	259.6	290.5	2.0	.0	.0	
39.2	11.4	6.5	199.2	251.1	45.0	.0	.0	
42.8	19.3	18.0	191.7	250.8	36.0	1.0	.0	
33.9	26.2	8.6	225.0	190.4	50.0	.0	.0	
29.3	19.7	6.4	180.8	228.2	27.0	.0	.0	
28.1	16.5	5.7	239.2	268.6	13.0	.0	.0	
29.5	14.7	6.6	226.3	295.4	2.0	.0	.0	
30.6	9.4	6.0	173.3	291.2	5.0	.0	.0	
33.0	13.1	4.9	200.4	267.6	16.0	.0	.0	
33.2	15.5	4.7	167.5	280.3	12.0	.0	.0	
37.9	13.7	5.7	173.3	290.1	3.0	.0	.0	
39.5	16.5	6.4	162.5	291.6	20.0	.0	.0	
37.8	17.4	5.6	171.3	248.3	38.0	.0	.0	
37.6	19.0	6.0	155.8	233.3	42.0	.0	.0	
35.9	12.8	11.2	276.7	247.5	13.0	.0	.0	
33.0	14.4	8.4	220.0	276.1	2.0	.0	.0	
34.2	12.6	6.7	202.5	297.3	2.0	.0	.0	
39.7	9.9	5.4	160.4	289.0	2.0	.0	.0	
37.5	10.2	5.8	159.2	230.9	27.0	.0	.0	
39.0	10.8	6.6	197.5	274.3	33.0	.0	.0	
44.4	14.0	5.6	190.8	297.8	11.0	.0	.0	
42.4	18.5	4.9	168.8	279.3	12.0	.0	.0	
42.9	9.5	10.9	202.1	292.5	2.0	.0	.0	
36.9	2.1	5.0	190.4	264.6	51.0	.0	.0	
43.5	10.5	4.9	191.7	288.4	15.0	.0	.0	
