01	31	2015
29.2	12.9	9.0	205.8	130.9	77.1	0	0.0
30.4	21.4	3.8	146.7	85.4	54.7	0	0.0
43.2	40.0	6.0	110.4	87.9	17.7	17	8.9
51.2	45.3	11.6	214.3	95.8	16.1	54	0.0
23.5	12.2	10.2	256.9	173.0	59.9	0	0.0
20.9	15.9	6.6	179.7	100.1	37.2	20	100.8
9.8	3.7	14.2	295.1	113.7	23.1	1	8.9
8.6	0.7	4.6	138.3	184.0	56.8	0	0.0
22.1	7.8	11.7	270.1	82.4	14.9	0	0.0
8.2	1.5	1.6	74.6	189.9	72.7	0	0.0
17.7	12.2	0.1	4.2	159.9	58.3	5	12.7
34.7	34.5	2.4	113.2	78.9	6.9	19	34.1
27.3	21.8	4.5	205.6	115.6	38.5	0	0.0
28.3	24.4	3.6	156.2	80.3	5.2	0	0.8
27.0	17.9	4.0	169.2	89.8	18.2	0	0.0
28.7	23.2	6.6	213.8	86.4	9.4	0	0.0
35.5	24.5	5.4	127.5	202.2	92.7	0	0.0
38.0	29.6	8.9	216.3	112.9	43.2	8	11.9
32.3	25.2	6.3	190.2	196.4	57.5	1	1.9
30.9	25.8	0.9	35.0	138.9	63.0	0	0.0
33.8	30.0	2.5	112.0	85.9	18.6	4	8.9
33.3	28.4	6.2	282.4	84.2	4.2	0	0.0
31.8	28.4	1.1	60.8	150.5	37.5	33	76.6
31.2	28.9	6.7	238.3	86.2	4.7	3	7.3
35.4	31.9	3.5	113.1	159.7	30.0	2	3.8
31.3	30.3	3.5	139.6	85.2	4.9	18	22.6
19.9	15.1	7.1	283.6	87.5	7.4	0	0.0
19.0	12.2	2.9	173.2	215.7	62.3	1	7.0
29.6	25.1	5.5	119.4	150.1	47.2	11	0.0
23.2	18.0	12.1	307.9	96.0	3.4	8	24.0
15.6	8.7	1.1	53.5	237.2	86.5	0	0.0
02	28	2015
32.8	27.6	3.3	92.2	129.4	12.5	21	2.5
29.0	25.0	11.0	263.5	137.7	10.9	45	20.3
19.4	12.4	3.5	127.4	142.6	46.2	0	0.0
31.5	22.6	2.7	84.0	213.6	61.5	0	0.0
19.4	9.9	9.3	254.0	171.9	50.7	5	19.8
15.6	2.1	3.4	106.0	117.5	64.6	0	0.0
31.9	21.5	2.9	83.5	226.1	67.2	0	0.0
49.5	32.7	8.1	165.2	261.9	80.7	0	0.0
42.5	42.2	3.6	190.7	114.5	7.6	9	1.7
25.4	24.2	4.5	234.3	112.1	7.3	0	0.0
31.9	27.3	4.1	157.0	182.8	15.3	0	0.0
23.4	18.7	11.9	281.8	163.2	14.9	8	33.0
9.3	1.7	3.0	137.0	270.1	64.8	0	0.0
21.0	11.5	14.5	236.9	162.8	28.7	5	33.1
2.5	0.0	10.4	261.4	172.2	56.4	2	21.4
7.2	4.9	0.7	27.1	256.0	58.9	31	252.3
15.0	6.7	3.9	177.7	226.1	49.0	2	11.8
12.1	6.4	8.5	184.2	216.3	22.5	1	5.9
1.1	2.0	10.6	274.1	128.2	12.4	1	11.6
3.0	2.0	2.5	120.0	297.5	56.8	0	0.0
21.2	20.4	4.8	102.9	202.3	32.0	56	205.0
34.0	31.8	4.2	197.9	203.3	18.8	3	7.9
17.4	11.7	6.6	257.6	170.2	42.2	0	0.0
17.3	7.0	3.7	108.8	328.0	100.0	0	0.0
29.9	12.6	3.9	157.9	278.9	56.8	0	0.0
37.1	23.7	3.9	179.9	182.3	18.2	4	9.3
25.1	14.1	5.1	232.2	161.5	30.9	0	0.0
17.0	5.4	0.4	32.9	270.1	70.8	0	0.0
03	31	2015
35.6	30.6	4.4	141.8	139.8	7.3	67	10.2
30.3	23.7	8.5	243.4	273.7	53.0	11	9.3
37.6	32.9	6.7	109.8	163.6	12.5	7	0.0
44.4	43.2	5.9	204.2	147.0	4.0	115	29.0
20.9	18.4	6.2	267.3	269.8	28.1	58	328.9
11.6	7.5	1.2	48.5	371.4	87.1	1	5.5
30.0	14.8	8.1	147.5	350.8	73.4	0	0.0
40.7	23.7	8.7	219.2	375.2	80.6	0	0.0
39.9	29.1	2.7	104.4	386.1	100.0	0	0.0
41.4	39.1	1.9	50.2	156.6	21.9	91	2.5
51.5	44.6	5.2	236.8	242.1	43.5	14	0.0
40.0	26.5	2.5	124.2	374.6	91.2	0	0.0
45.1	27.3	8.3	131.8	329.9	58.3	31	0.0
51.3	47.0	9.9	216.0	166.4	13.7	68	0.0
43.2	30.4	11.2	238.4	367.3	61.3	0	0.0
50.1	33.7	6.3	143.3	418.2	100.0	0	0.0
49.4	32.5	13.8	280.4	269.7	67.5	0	0.0
31.5	9.2	5.4	222.3	427.6	100.0	0	0.0
40.0	19.9	3.1	97.5	386.3	58.9	3	0.0
41.3	38.5	5.5	177.9	186.2	6.2	45	0.0
46.2	36.2	6.9	204.7	274.7	46.2	0	0.0
40.9	24.5	5.2	256.6	347.8	57.8	0	0.0
38.8	14.0	5.3	278.1	404.0	45.3	1	0.0
41.2	30.6	2.2	108.1	301.2	47.4	0	0.0
54.0	41.4	7.3	138.8	350.6	38.5	6	0.0
52.2	43.6	8.1	192.1	288.1	29.6	26	0.0
34.2	27.1	7.5	261.4	206.8	6.5	6	12.1
20.5	9.6	9.8	300.4	206.6	26.9	1	7.8
29.8	8.3	2.6	84.2	478.1	83.8	0	0.0
44.4	28.9	11.5	254.8	329.0	39.2	10	0.0
49.5	28.0	10.8	220.2	350.0	45.8	0	0.0
04	30	2015
39.6	23.1	1.9	54.8	491.4	94.3	0	0.0
52.4	38.0	4.3	103.5	398.1	57.8	4	0.0
57.9	51.9	8.6	170.3	230.8	9.6	56	0.0
41.5	27.3	10.1	264.2	367.1	48.1	19	0.0
42.7	21.9	4.1	128.8	508.8	100.0	0	0.0
52.5	32.1	4.1	117.3	323.9	45.3	16	0.0
58.0	53.1	2.3	97.5	317.9	19.1	6	0.0
59.3	53.5	4.3	93.6	318.8	12.2	53	0.0
64.7	55.8	7.1	160.3	415.6	39.9	66	0.0
62.1	49.6	11.0	224.0	330.1	72.4	4	0.0
48.4	31.1	8.1	225.6	505.7	84.9	0	0.0
53.0	30.8	3.9	88.3	538.4	100.0	0	0.0
67.2	44.4	7.6	164.2	539.2	83.3	0	0.0
57.0	52.3	4.2	193.5	191.2	0.0	52	0.0
52.5	35.8	1.4	15.0	550.4	83.3	0	0.0
54.5	35.0	8.0	139.6	194.0	25.0	18	0.0
57.4	52.4	1.9	73.0	216.1	28.4	8	0.0
58.0	44.3	2.5	104.8	524.1	91.7	0	0.0
56.0	44.9	7.3	109.0	326.8	46.9	40	0.0
61.4	48.3	10.8	186.5	386.5	24.1	35	0.0
49.4	28.7	11.4	249.6	425.7	55.2	7	0.0
46.2	33.6	12.0	249.1	250.6	27.1	11	0.0
42.4	22.1	13.2	285.4	345.6	25.0	0	0.0
41.8	22.1	6.2	195.4	583.9	93.8	0	0.0
41.8	34.0	1.6	61.7	205.6	12.7	22	0.0
48.4	32.6	4.5	123.3	536.4	51.0	1	0.0
41.2	30.1	7.5	225.8	246.0	34.4	0	0.0
45.7	33.6	2.8	121.7	415.9	46.9	0	0.0
52.3	36.2	2.4	103.3	577.3	70.3	0	0.0
52.3	43.4	3.0	72.5	334.6	14.1	24	0.0
05	31	2015
52.8	43.2	9.5	224.3	397.9	28.6	17	0.0
53.1	38.2	2.7	106.5	479.4	58.9	0	0.0
55.9	38.2	1.6	87.3	486.6	68.2	0	0.0
61.2	43.1	3.9	123.3	556.5	74.0	0	0.0
63.2	53.1	3.1	109.6	443.3	47.9	1	0.0
65.3	50.1	2.6	131.5	610.7	90.8	0	0.0
65.1	52.4	1.9	60.6	571.6	85.9	0	0.0
67.8	52.1	2.1	62.9	623.5	94.7	0	0.0
70.8	51.7	4.3	121.2	594.6	89.6	0	0.0
70.5	54.6	3.8	102.1	599.2	85.4	0	0.0
70.6	57.7	2.7	110.8	557.2	70.0	19	0.0
67.8	51.0	10.8	266.7	518.9	59.9	0	0.0
51.5	37.9	8.2	302.1	389.6	17.4	0	0.0
55.2	39.7	1.9	97.2	631.2	84.6	0	0.0
64.7	51.6	4.9	127.5	447.1	75.0	0	0.0
65.3	59.9	2.6	85.2	374.5	26.9	5	0.0
66.7	61.5	2.2	101.9	347.1	25.2	22	0.0
67.7	62.1	2.8	104.0	388.9	34.8	1	0.0
68.6	56.6	5.6	202.5	555.2	55.0	8	0.0
55.5	43.8	4.8	207.3	628.1	64.2	0	0.0
50.8	47.1	3.9	215.1	256.9	4.3	11	0.0
53.8	40.6	6.1	171.0	575.2	61.8	0	0.0
56.0	40.5	2.6	104.8	657.2	91.7	0	0.0
60.9	45.9	1.0	58.8	637.1	93.8	0	0.0
68.0	51.7	3.1	117.1	668.8	100.0	0	0.0
68.1	59.8	3.3	100.6	466.1	75.0	8	0.0
70.0	60.1	3.6	131.3	505.4	55.2	5	0.0
69.8	58.3	2.0	120.7	635.1	76.0	0	0.0
67.0	60.3	1.7	49.3	573.8	66.8	11	0.0
68.7	62.4	1.3	27.5	415.6	29.7	7	0.0
68.8	59.7	3.3	94.2	496.8	49.1	0	0.0
06	30	2015
65.0	60.1	3.5	168.3	437.9	17.6	35	0.0
58.0	54.4	3.0	185.7	290.7	17.5	4	0.0
62.1	54.0	2.4	36.0	378.1	24.8	0	0.0
63.9	57.8	1.7	67.5	349.8	18.8	29	0.0
66.5	60.0	2.3	84.8	451.7	32.5	16	0.0
64.4	57.0	3.0	130.9	442.4	56.2	0	0.0
67.7	56.9	5.9	121.5	652.6	86.0	0	0.0
71.8	60.3	9.7	193.5	581.7	59.0	30	0.0
66.3	55.2	6.7	192.5	648.0	70.7	16	0.0
66.3	55.0	2.1	115.4	688.9	91.0	0	0.0
70.9	59.1	0.9	41.2	688.5	99.0	0	0.0
72.2	63.0	3.8	127.1	564.8	67.5	4	0.0
71.3	65.8	2.9	103.2	464.1	45.6	39	0.0
71.2	64.3	1.4	56.4	571.5	62.7	1	0.0
74.3	66.6	5.4	180.1	491.4	57.1	11	0.0
72.9	66.6	5.0	152.0	438.6	31.1	26	0.0
70.3	66.1	2.0	106.0	326.2	6.8	61	0.0
73.9	65.3	5.4	169.9	529.9	39.8	38	0.0
70.1	63.1	3.3	129.9	458.1	36.9	14	0.0
71.7	66.1	2.1	64.3	565.4	29.2	36	0.0
74.1	65.5	6.6	200.3	559.8	42.7	10	0.0
74.1	64.2	3.1	131.9	641.8	71.7	0	0.0
74.1	66.8	5.8	131.5	480.7	37.3	33	0.0
67.3	57.9	2.4	110.6	642.9	77.7	0	0.0
66.5	60.9	1.7	75.1	382.2	36.1	3	0.0
70.2	62.9	2.4	135.7	545.9	33.6	73	0.0
68.4	62.2	6.7	196.8	439.6	19.1	69	0.0
59.0	52.4	7.2	212.8	298.0	22.9	2	0.0
63.4	52.1	3.4	97.5	542.5	49.5	11	0.0
67.7	58.8	5.0	139.9	587.7	47.5	11	0.0
07	31	2015
66.2	57.4	4.4	176.8	536.3	55.7	0	0.0
64.9	57.5	1.0	73.4	584.1	58.0	1	0.0
65.1	59.1	3.3	88.8	352.4	23.8	5	0.0
67.8	61.7	2.9	135.5	389.8	34.9	16	0.0
67.2	62.2	2.1	95.7	480.4	43.0	19	0.0
68.9	64.7	2.1	63.9	356.7	17.6	27	0.0
72.2	63.2	4.6	144.8	606.5	54.9	10	0.0
70.0	65.7	4.4	167.1	290.9	6.2	68	0.0
73.7	66.2	8.5	200.1	475.7	29.0	35	0.0
70.9	64.9	2.4	121.9	353.1	12.3	2	0.0
71.0	62.6	3.4	178.7	611.2	56.2	3	0.0
68.6	61.5	2.2	117.3	528.9	49.8	0	0.0
70.8	63.7	2.4	109.0	415.7	39.4	3	0.0
70.3	62.5	5.4	144.0	612.3	53.1	19	0.0
68.7	63.3	4.2	219.2	329.3	19.1	19	0.0
69.6	59.9	1.5	76.3	650.8	72.0	0	0.0
73.5	63.7	3.2	118.7	591.3	66.7	0	0.0
75.0	67.2	2.6	76.0	591.0	58.3	31	0.0
76.7	67.2	2.2	104.8	647.7	75.5	0	0.0
74.8	66.6	1.9	95.4	518.3	58.5	0	0.0
72.3	65.7	3.0	126.7	444.4	29.3	14	0.0
66.3	56.1	2.7	112.5	577.3	62.9	0	0.0
66.1	55.7	2.7	130.2	641.6	84.6	0	0.0
66.2	55.7	2.2	122.3	603.9	80.0	0	0.0
69.1	57.8	1.6	105.7	659.2	95.4	0	0.0
71.9	61.9	1.9	98.0	633.8	80.8	0	0.0
75.3	66.7	2.2	80.8	584.0	59.9	0	0.0
74.6	66.9	2.1	121.3	577.1	70.0	0	0.0
76.1	67.2	3.2	137.8	592.5	69.7	0	0.0
73.0	64.5	3.7	116.3	459.8	59.1	36	0.0
68.1	56.8	2.4	110.2	600.0	81.4	0	0.0
08	31	2015
68.2	55.1	4.0	146.5	530.9	57.1	0	0.0
67.0	54.8	1.9	61.0	616.1	96.9	0	0.0
70.2	56.7	3.5	109.8	630.5	89.1	0	0.0
74.0	61.4	4.7	152.8	536.0	56.6	0	0.0
70.1	58.6	3.4	123.5	581.8	78.7	0	0.0
65.8	61.7	0.9	58.1	294.4	24.8	5	0.0
68.4	60.8	2.1	48.3	345.9	38.6	0	0.0
68.2	61.8	1.7	53.5	449.4	40.7	9	0.0
72.1	63.3	2.0	83.1	573.7	67.0	0	0.0
70.1	64.3	2.7	100.6	435.5	34.5	74	0.0
69.9	63.1	4.3	180.0	404.6	28.9	20	0.0
65.1	56.7	3.0	74.6	465.6	39.5	0	0.0
62.8	51.1	1.4	75.1	606.2	81.0	0	0.0
65.1	55.3	2.2	85.6	601.0	87.5	0	0.0
68.8	58.9	1.7	78.9	590.2	86.9	0	0.0
69.7	59.1	2.0	108.5	590.1	77.6	0	0.0
70.7	59.4	1.1	65.0	591.2	81.2	0	0.0
70.1	66.3	0.9	45.0	273.2	18.8	24	0.0
73.3	67.3	2.1	54.6	447.3	42.2	4	0.0
69.7	64.0	3.4	118.9	283.2	40.8	19	0.0
63.3	53.5	1.9	75.7	555.5	71.6	0	0.0
63.7	54.0	1.7	95.4	547.0	83.1	0	0.0
67.2	57.9	2.1	101.7	524.3	63.4	0	0.0
66.8	57.8	3.0	91.9	411.1	61.8	0	0.0
63.4	51.5	3.7	142.7	453.7	27.6	0	0.0
61.4	51.2	2.7	155.8	275.7	18.4	0	0.0
60.7	50.8	1.5	84.6	382.6	52.4	0	0.0
63.0	53.3	2.0	93.3	517.6	75.7	0	0.0
66.5	56.2	1.8	71.2	496.5	80.6	0	0.0
67.7	59.1	1.4	57.9	535.9	80.9	0	0.0
71.1	61.1	1.7	44.4	474.2	75.3	0	0.0
09	30	2015
70.7	61.8	1.1	61.5	479.9	73.1	0	0.0
68.5	61.5	1.9	88.8	465.4	68.2	0	0.0
70.4	62.7	3.1	138.2	404.4	49.3	0	0.0
70.4	63.0	1.9	93.6	472.0	67.4	0	0.0
70.1	60.9	1.4	42.9	466.9	81.9	0	0.0
69.6	59.1	1.2	17.1	433.8	68.2	0	0.0
70.0	58.5	1.6	75.4	519.4	93.4	0	0.0
70.9	59.1	2.3	87.9	487.7	84.2	0	0.0
70.7	62.5	1.8	69.0	322.9	30.0	20	0.0
68.3	64.6	2.3	155.1	209.0	6.8	34	0.0
66.0	57.6	0.9	42.4	402.6	56.8	0	0.0
58.9	55.3	3.3	126.8	224.4	10.3	21	0.0
52.3	45.8	4.3	171.1	220.8	29.7	11	0.0
53.9	43.5	2.9	111.9	488.4	80.2	0	0.0
57.5	45.9	1.0	42.9	462.1	89.6	0	0.0
60.9	49.9	1.2	52.5	469.1	82.7	0	0.0
62.8	52.2	1.2	60.4	474.6	93.1	0	0.0
63.4	51.5	1.5	57.1	475.2	88.1	0	0.0
66.8	54.7	3.1	122.2	454.2	78.7	1	0.0
61.5	50.7	3.5	237.6	431.9	62.5	2	0.0
58.6	52.7	1.2	44.0	200.2	16.7	7	0.0
60.7	55.0	0.8	52.9	248.0	41.1	7	0.0
60.1	50.9	2.3	64.0	412.1	82.0	0	0.0
59.4	45.9	1.8	33.5	450.3	100.0	0	0.0
62.3	49.6	3.1	65.8	369.9	57.8	7	0.0
60.3	49.8	2.8	39.4	235.5	17.5	0	0.0
64.6	54.0	8.9	139.1	258.7	16.7	0	0.0
67.6	60.7	3.3	81.5	201.4	27.3	32	0.0
67.0	64.5	0.5	48.9	177.5	10.2	59	0.0
63.9	59.3	6.0	289.0	175.6	6.9	3	0.0
10	31	2015
57.9	49.6	3.6	140.1	203.9	14.6	0	0.0
51.7	44.5	4.1	112.9	178.7	8.3	15	0.0
51.6	42.6	6.2	164.5	230.2	31.2	16	0.0
54.7	45.3	4.9	80.1	246.1	42.9	0	0.0
56.0	41.5	2.5	78.5	399.6	100.0	0	0.0
53.9	44.0	1.2	56.9	394.6	96.6	0	0.0
56.2	50.0	1.5	74.6	215.7	55.7	0	0.0
58.6	50.7	0.7	45.1	282.0	70.4	0	0.0
60.6	55.0	4.8	144.2	263.9	22.7	27	0.0
54.2	45.0	3.8	208.3	298.4	51.5	0	0.0
51.0	43.3	0.8	30.0	340.8	85.3	0	0.0
53.9	43.7	1.6	55.4	353.8	75.2	0	0.0
59.4	47.8	9.4	237.2	195.6	9.0	3	0.0
51.9	41.3	4.6	181.1	180.2	18.8	0	0.0
49.7	36.9	4.5	154.4	350.6	64.1	0	0.0
47.5	33.2	5.2	144.6	289.8	59.9	0	0.0
38.7	27.0	4.7	171.7	183.6	22.4	0	0.0
34.5	22.0	4.9	146.9	196.1	61.5	0	0.0
37.7	24.0	0.7	21.5	336.1	100.0	0	0.0
44.9	31.5	1.1	34.0	331.8	100.0	0	0.0
46.5	32.2	0.4	26.7	326.8	96.3	0	0.0
53.0	41.6	2.1	72.7	323.3	84.4	0	0.0
58.4	44.0	2.1	116.2	318.7	76.0	0	0.0
56.7	45.7	4.8	116.9	277.2	59.9	0	0.0
53.8	46.5	5.5	191.2	156.4	39.6	3	0.0
45.0	32.4	2.0	61.2	306.5	82.5	0	0.0
48.6	39.1	5.8	124.6	130.8	9.9	21	0.0
63.0	53.0	12.6	178.5	193.1	23.1	31	0.0
54.4	38.3	10.0	262.8	258.9	53.8	5	0.0
38.8	30.7	2.5	142.4	128.7	39.9	0	0.0
44.0	32.6	2.7	73.1	284.7	78.1	0	0.0
11	30	2015
51.7	46.6	4.0	137.4	127.4	34.1	14	0.0
49.1	42.2	0.7	26.2	266.1	83.2	0	0.0
52.1	42.7	1.3	48.1	272.4	95.3	0	0.0
57.2	47.5	2.4	60.7	241.8	71.0	0	0.0
58.8	49.1	1.0	50.2	187.5	63.0	0	0.0
60.5	52.9	6.8	157.8	165.3	30.2	2	0.0
51.2	42.3	5.8	236.1	121.4	28.8	2	0.0
37.5	25.1	0.5	16.7	258.6	100.0	0	0.0
40.4	34.4	1.7	35.7	158.4	43.2	18	0.0
51.9	47.3	5.3	202.2	107.3	7.8	22	0.0
43.5	38.6	1.6	88.9	150.4	46.5	0	0.0
53.4	40.0	11.4	186.2	199.8	47.4	16	0.0
44.9	21.4	14.2	269.0	222.6	61.5	0	0.0
37.1	22.0	6.0	206.0	191.2	57.3	0	0.0
36.9	23.6	1.8	66.5	236.3	100.0	0	0.0
38.0	25.4	0.7	47.5	233.3	100.0	0	0.0
50.7	31.3	7.7	92.5	191.9	50.5	0	0.0
59.7	44.9	11.8	145.4	215.1	65.6	17	0.0
57.5	47.1	6.2	218.3	178.5	40.1	19	0.0
38.0	16.8	5.8	229.8	222.2	87.0	0	0.0
40.7	20.4	6.8	103.8	219.6	85.4	2	0.0
32.1	22.8	8.0	292.1	94.4	19.9	2	0.0
29.0	12.9	4.3	153.8	213.3	68.1	0	0.0
36.2	23.1	4.8	161.7	134.9	58.3	0	0.0
37.8	21.7	3.9	78.1	209.9	100.0	0	0.0
47.0	32.6	5.4	125.8	207.6	91.2	0	0.0
46.8	38.7	2.1	68.8	195.3	87.7	0	0.0
53.7	47.6	3.1	107.7	99.3	12.0	8	0.0
50.3	47.5	1.7	102.0	79.6	6.0	12	0.0
48.6	42.4	3.5	98.7	86.9	7.5	5	0.0
12	31	2015
52.1	48.2	3.1	99.2	90.9	9.7	52	0.0
49.7	44.4	4.8	159.5	96.0	13.9	45	0.0
32.6	25.2	8.4	270.1	83.1	7.1	3	3.7
32.6	24.3	1.3	95.6	159.7	58.3	0	0.0
31.1	22.7	0.0	0.0	186.7	88.7	0	0.0
32.4	22.1	0.8	64.0	187.2	87.8	0	0.0
38.1	31.0	1.2	58.8	111.8	25.5	1	0.0
40.1	34.0	1.2	62.1	147.4	57.3	0	0.0
42.1	29.5	3.9	89.6	182.9	62.8	1	0.0
46.8	38.1	3.1	96.8	184.1	70.0	1	0.0
51.1	42.0	4.9	128.3	98.1	39.3	0	0.0
55.8	49.0	2.4	75.7	96.2	24.1	0	0.0
50.7	45.7	0.8	19.6	174.5	87.0	0	0.0
60.4	48.8	8.9	176.4	83.9	50.5	5	0.0
45.5	39.1	6.6	206.9	76.9	6.9	5	0.0
42.9	35.5	1.8	55.0	174.1	96.7	0	0.0
49.1	42.9	5.5	188.9	70.7	12.3	24	0.0
30.4	23.0	9.1	282.8	76.2	8.8	1	2.5
28.6	14.7	9.7	250.0	143.2	58.3	0	0.0
29.7	17.2	0.4	22.9	177.5	100.0	0	0.0
41.5	33.1	2.9	88.1	130.6	52.1	6	0.0
51.7	48.2	3.1	96.8	76.2	19.6	32	0.0
55.4	48.6	5.1	101.0	85.2	43.0	1	0.0
58.6	51.2	4.7	110.4	151.3	62.1	27	0.0
49.8	47.6	0.6	22.4	77.6	29.9	73	0.0
58.1	53.5	3.5	85.3	81.8	30.0	3	0.0
60.2	52.0	8.4	200.4	120.1	31.0	36	0.0
45.3	38.3	10.2	192.9	118.8	19.3	2	0.0
54.8	45.6	8.7	190.2	115.0	28.6	1	0.0
48.1	43.4	1.6	73.0	119.2	37.9	2	0.0
39.5	34.4	5.3	285.7	77.0	6.2	0	0.0
