01	31	2000
34.5	26.0	5.2	161.2	153.2	100.0	0	0.0
43.6	40.2	7.3	171.6	139.0	100.0	0	0.0
55.0	47.2	8.6	168.0	154.7	100.0	0	0.0
51.8	50.2	13.6	151.3	132.4	100.0	64	0.0
35.9	18.7	13.2	307.8	127.5	100.0	13	0.0
29.4	17.1	5.7	141.5	157.4	100.0	0	0.0
36.1	26.7	7.4	200.0	140.0	100.0	0	0.0
32.3	18.0	8.5	270.2	159.7	100.0	0	0.0
42.4	27.5	9.1	207.8	161.0	100.0	0	0.0
44.9	40.1	10.7	118.5	162.3	100.0	72	0.0
47.2	31.2	15.5	249.6	163.7	100.0	0	0.0
38.7	18.0	15.9	295.2	165.2	100.0	0	0.0
27.0	17.9	11.5	205.2	166.7	100.0	4	13.6
11.8	0.0	16.6	326.7	168.3	100.0	0	0.0
10.6	0.1	8.3	315.2	144.6	100.0	0	0.0
30.1	17.3	12.4	191.1	172.0	100.0	0	0.0
9.8	0.0	18.8	335.0	174.0	100.0	0	0.0
11.4	0.0	8.0	321.6	144.4	100.0	0	0.0
15.4	0.0	7.2	308.1	176.4	100.0	0	0.0
17.1	8.0	9.8	97.0	180.3	100.0	0	0.0
14.8	4.8	18.8	322.8	182.6	100.0	0	0.0
7.5	0.0	15.2	296.0	184.9	100.0	0	0.0
15.6	1.0	4.9	130.3	186.3	100.0	0	0.0
26.2	15.6	5.0	153.6	189.9	100.0	0	0.0
29.8	25.7	18.8	48.0	192.4	100.0	38	96.9
27.5	20.2	10.2	302.9	195.1	100.0	0	0.8
16.5	4.4	11.8	320.2	197.8	100.0	0	0.0
12.2	0.1	12.2	307.2	188.5	100.0	0	0.0
22.3	0.9	8.2	286.3	200.7	100.0	0	0.0
29.3	12.0	4.8	183.5	206.4	100.0	0	0.0
35.3	28.2	10.1	216.8	209.4	100.0	28	0.0
02	29	2000
30.4	17.3	10.0	262.3	212.5	100.0	0	0.0
22.1	5.4	15.8	302.9	215.6	100.0	0	0.0
23.8	11.3	7.7	231.7	218.8	100.0	1	4.4
27.0	22.0	5.4	42.4	222.1	100.0	3	13.8
28.4	13.8	8.5	247.1	192.1	100.0	0	1.8
28.7	8.8	13.1	272.9	228.8	100.0	0	0.0
33.9	15.5	14.7	274.6	206.7	100.0	0	0.0
21.0	2.9	8.1	271.0	235.8	100.0	0	0.0
34.1	23.3	12.0	227.9	239.4	100.0	0	0.0
37.2	30.3	7.3	95.2	243.1	100.0	0	0.0
38.1	29.7	5.7	153.0	246.8	100.0	0	0.0
26.3	10.3	6.7	202.7	250.5	100.0	0	0.0
27.6	20.4	5.8	161.5	254.3	100.0	0	0.0
42.4	39.9	12.2	159.5	258.1	100.0	115	4.2
36.0	21.4	11.4	299.2	262.1	100.0	0	0.0
36.2	27.7	9.0	191.1	266.0	100.0	0	0.0
28.3	5.2	12.0	301.7	263.6	100.0	0	0.0
26.8	19.9	8.2	110.3	274.0	100.0	21	54.4
29.6	26.2	12.1	142.9	278.1	100.0	2	12.2
32.5	22.2	8.2	262.1	282.2	100.0	0	0.0
33.2	17.6	8.5	288.9	286.4	100.0	0	0.0
32.5	24.3	6.1	180.6	290.6	100.0	0	0.0
40.6	29.2	8.1	183.7	253.7	100.0	0	0.0
49.3	37.7	4.3	162.9	299.1	100.0	0	0.0
40.9	37.8	12.4	49.4	303.4	100.0	27	0.0
39.4	30.4	9.2	80.5	273.8	100.0	9	0.0
46.1	37.1	5.9	119.2	312.1	100.0	0	0.0
47.0	38.9	12.6	266.2	316.6	100.0	10	0.0
42.8	21.9	13.9	318.3	321.2	100.0	0	0.0
03	31	2000
40.3	28.2	7.6	177.8	303.7	100.0	0	0.0
41.4	25.0	10.7	271.9	330.4	100.0	0	0.0
37.9	21.5	15.7	317.9	335.1	100.0	0	0.0
42.1	17.2	10.0	313.7	339.9	100.0	0	0.0
43.6	23.2	11.0	303.3	344.7	100.0	0	0.0
42.0	16.1	11.0	317.3	349.5	100.0	0	0.0
46.4	20.4	8.3	233.7	305.9	100.0	0	0.0
46.4	27.7	7.8	134.0	359.2	100.0	0	0.0
50.1	30.6	8.8	180.9	364.1	100.0	5	0.0
46.0	32.4	11.1	178.5	369.0	100.0	0	0.0
37.6	32.3	9.2	80.2	373.9	100.0	103	0.0
41.2	36.5	10.0	248.1	378.8	100.0	46	0.0
35.4	13.3	11.3	306.5	383.7	100.0	0	0.0
38.5	26.1	9.2	165.0	388.6	100.0	0	0.0
48.3	34.9	10.8	205.4	393.5	100.0	0	0.0
54.0	43.7	10.8	184.0	398.4	100.0	24	0.0
32.5	27.4	18.6	144.0	403.3	100.0	71	6.0
25.4	8.0	12.7	121.7	408.2	100.0	0	0.0
33.4	19.8	9.7	75.4	413.1	100.0	0	0.0
38.1	28.4	12.1	46.2	418.0	100.0	0	0.0
38.3	34.4	14.1	43.0	422.8	100.0	0	0.0
40.4	34.1	11.9	46.9	427.7	100.0	0	0.0
43.4	30.2	5.9	111.7	432.5	100.0	0	0.0
47.5	29.9	7.4	166.2	437.4	100.0	0	0.0
46.9	36.1	9.2	204.2	442.2	100.0	0	0.0
54.6	32.3	9.1	266.2	446.9	100.0	5	0.0
46.7	31.3	9.7	210.8	451.7	100.0	0	0.0
51.7	45.2	15.3	184.7	456.4	100.0	66	0.0
48.0	34.4	12.9	236.7	461.1	100.0	7	0.0
47.8	31.1	8.3	275.6	465.8	100.0	0	0.0
46.1	27.1	8.7	230.8	470.5	100.0	0	0.0
04	30	2000
48.7	29.5	7.7	246.7	475.1	100.0	0	0.0
53.5	41.3	11.4	205.8	479.7	100.0	0	0.0
50.0	48.2	3.8	117.0	484.2	100.0	2	0.0
55.2	52.5	12.6	197.8	488.9	100.0	18	0.0
44.3	24.3	16.4	293.1	493.6	100.0	0	0.0
46.1	33.4	9.4	209.3	497.6	100.0	0	0.0
52.1	36.6	8.3	217.8	502.8	100.0	0	0.0
59.1	50.0	18.2	179.2	507.4	100.0	2	0.0
44.9	36.5	20.0	226.5	511.9	100.0	37	0.0
42.8	19.1	14.2	286.5	473.2	100.0	0	0.0
38.9	26.4	6.6	160.6	520.8	100.0	2	0.0
43.9	30.6	10.3	265.1	525.2	100.0	0	0.0
40.5	17.6	10.2	277.5	529.5	100.0	0	0.0
43.1	28.7	10.9	179.6	519.9	100.0	0	0.0
53.5	49.5	7.3	183.0	538.1	100.0	2	0.0
56.4	52.1	6.1	130.4	542.3	100.0	15	0.0
44.4	33.1	11.8	63.5	546.5	100.0	11	0.0
41.5	34.7	16.3	51.5	550.6	100.0	32	0.0
43.2	40.2	17.9	30.4	554.7	100.0	13	0.0
49.5	42.1	9.7	64.3	558.7	100.0	1	0.0
45.6	42.2	10.1	91.1	562.6	100.0	47	0.0
46.6	45.1	12.9	62.7	549.8	100.0	91	0.0
44.5	41.7	11.1	225.3	570.4	100.0	9	0.0
49.3	34.4	14.2	329.8	556.8	100.0	0	0.0
45.1	28.5	14.5	110.3	577.9	100.0	0	0.0
37.0	34.2	15.7	113.5	581.6	100.0	18	0.0
42.1	36.4	6.1	200.0	544.7	100.0	0	0.0
46.1	39.7	6.6	210.9	589.1	100.0	0	0.0
49.8	36.1	7.3	111.5	592.7	100.0	0	0.0
53.0	27.2	11.9	269.8	596.2	100.0	1	0.0
05	31	2000
52.0	24.7	13.2	238.3	599.8	100.0	0	0.0
55.4	40.6	9.3	264.2	603.2	100.0	6	0.0
50.5	34.6	6.8	149.4	606.6	100.0	0	0.0
54.8	40.8	11.4	185.4	609.9	100.0	0	0.0
66.3	55.1	6.8	195.9	613.2	100.0	0	0.0
65.5	55.0	7.2	145.4	616.4	100.0	0	0.0
69.2	57.0	9.1	204.4	619.5	100.0	0	0.0
75.6	60.6	9.7	227.7	622.6	100.0	0	0.0
71.3	58.6	12.8	152.9	625.6	100.0	1	0.0
49.0	46.6	13.1	77.9	628.5	100.0	45	0.0
56.0	48.2	7.3	196.9	631.4	100.0	3	0.0
56.6	48.8	6.5	155.0	634.2	100.0	0	0.0
54.5	53.4	5.7	95.2	637.0	100.0	22	0.0
63.2	45.9	7.7	239.1	639.7	100.0	6	0.0
56.3	34.5	10.8	304.6	642.3	100.0	0	0.0
56.5	35.8	9.7	270.8	644.9	100.0	0	0.0
60.2	45.9	9.1	180.4	647.5	100.0	0	0.0
62.4	57.9	17.0	217.1	650.0	100.0	14	0.0
49.4	46.8	12.0	80.4	652.5	100.0	22	0.0
50.6	43.7	7.4	62.8	654.9	100.0	6	0.0
52.0	48.0	4.6	118.1	657.2	100.0	0	0.0
52.8	49.4	4.9	91.3	659.4	100.0	14	0.0
52.9	49.8	8.0	181.3	614.9	100.0	11	0.0
60.4	57.2	7.7	179.2	663.7	100.0	52	0.0
64.2	51.0	8.7	213.9	665.7	100.0	0	0.0
62.8	46.2	11.2	297.3	667.7	100.0	0	0.0
64.0	46.8	10.5	276.9	669.6	100.0	0	0.0
58.3	46.8	6.2	117.9	671.4	100.0	0	0.0
54.7	45.6	12.0	49.0	673.2	100.0	0	0.0
53.7	47.0	7.5	90.8	674.9	100.0	0	0.0
56.1	51.8	6.2	124.9	676.5	100.0	0	0.0
06	30	2000
67.7	59.8	7.5	202.1	678.0	100.0	0	0.0
73.8	60.2	8.8	230.5	679.5	100.0	29	0.0
64.8	50.9	10.3	177.7	680.9	100.0	0	0.0
62.1	49.2	7.2	205.8	682.2	100.0	0	0.0
60.3	50.3	9.3	82.3	683.4	100.0	0	0.0
54.2	51.6	14.7	47.7	684.6	100.0	142	0.0
57.4	46.8	13.8	284.2	685.7	100.0	8	0.0
62.6	51.9	7.5	184.8	686.8	100.0	0	0.0
73.5	62.4	9.8	254.6	687.7	100.0	0	0.0
77.9	65.5	8.7	226.7	688.6	100.0	0	0.0
63.1	57.3	7.7	68.0	689.4	100.0	33	0.0
53.8	51.8	9.0	51.1	690.2	100.0	8	0.0
56.9	49.7	8.6	85.8	690.9	100.0	0	0.0
57.8	51.5	7.0	131.2	691.5	100.0	6	0.0
60.4	59.6	6.9	161.0	692.0	100.0	3	0.0
71.7	67.4	9.4	196.8	674.1	100.0	0	0.0
76.7	70.2	8.9	227.1	692.8	100.0	5	0.0
68.2	60.1	6.2	158.9	693.2	100.0	1	0.0
64.2	60.5	5.3	110.3	693.4	100.0	9	0.0
69.0	57.7	5.8	215.8	693.6	100.0	0	0.0
70.7	61.4	14.0	220.8	693.7	100.0	0	0.0
73.6	68.1	9.3	230.0	693.7	100.0	0	0.0
73.8	60.7	9.3	293.0	693.6	100.0	0	0.0
72.1	60.0	5.9	216.0	693.5	100.0	0	0.0
74.2	68.5	12.2	202.3	693.3	100.0	0	0.0
75.2	71.7	7.7	190.1	693.1	100.0	0	0.0
76.0	70.7	9.4	237.9	692.7	100.0	7	0.0
72.5	60.4	5.9	179.6	692.3	100.0	0	0.0
66.9	62.8	4.9	149.0	691.9	100.0	7	0.0
70.0	58.6	7.8	237.9	691.3	100.0	0	0.0
07	31	2000
71.2	56.9	5.7	198.1	690.7	100.0	0	0.0
74.5	61.2	6.7	162.9	690.0	100.0	0	0.0
74.9	66.0	8.1	194.0	689.2	100.0	0	0.0
74.2	70.4	7.7	209.0	624.0	100.0	6	0.0
74.9	58.2	9.7	269.4	687.5	100.0	0	0.0
68.8	52.9	7.1	209.8	686.5	100.0	0	0.0
68.6	50.2	9.5	299.4	685.5	100.0	0	0.0
67.4	49.8	10.2	308.1	684.4	100.0	0	0.0
70.7	58.6	10.5	215.0	683.2	100.0	0	0.0
78.6	66.2	11.1	281.7	681.9	100.0	0	0.0
74.2	53.5	8.8	331.1	680.0	100.0	0	0.0
73.5	53.6	7.3	327.3	679.2	100.0	0	0.0
74.6	57.6	7.5	202.1	677.7	100.0	0	0.0
72.4	62.5	9.3	164.0	676.2	100.0	0	0.0
71.5	64.3	13.8	135.7	610.8	100.0	1	0.0
72.3	65.3	8.1	165.0	672.9	100.0	12	0.0
68.8	63.3	7.6	115.6	671.1	100.0	0	0.0
73.1	63.7	10.1	237.7	669.3	100.0	22	0.0
63.1	55.5	7.1	271.7	667.5	100.0	2	0.0
65.6	52.3	8.8	131.9	665.6	100.0	0	0.0
68.2	59.7	9.7	180.6	663.7	100.0	0	0.0
72.9	61.9	7.7	237.9	661.7	100.0	1	0.0
70.1	56.2	7.2	301.2	659.6	100.0	0	0.0
70.0	58.4	4.0	108.1	657.5	100.0	0	0.0
66.5	60.1	7.9	57.2	655.2	100.0	1	0.0
64.2	62.8	8.3	49.5	653.0	100.0	35	0.0
65.2	61.6	10.3	112.7	650.6	100.0	42	0.0
66.3	60.5	7.5	28.3	648.2	100.0	0	0.0
67.2	63.9	5.0	166.4	645.7	100.0	0	0.0
68.4	64.6	3.9	139.2	643.2	100.0	12	0.0
65.7	64.0	6.7	93.1	640.6	100.0	54	0.0
08	31	2000
66.5	65.9	7.1	91.0	637.9	100.0	5	0.0
71.6	69.7	5.0	107.8	635.2	100.0	4	0.0
75.1	72.9	6.8	207.7	632.4	100.0	9	0.0
73.3	65.5	5.3	251.2	629.5	100.0	2	0.0
71.6	57.3	6.5	242.5	626.6	100.0	0	0.0
70.6	62.1	7.8	175.4	623.6	100.0	0	0.0
78.0	72.0	11.7	222.2	620.5	100.0	8	0.0
78.5	68.9	7.8	246.4	515.9	100.0	0	0.0
76.8	69.8	8.2	200.0	614.2	100.0	0	0.0
76.2	66.6	6.6	254.1	611.0	100.0	8	0.0
72.6	64.0	6.9	166.9	607.7	100.0	2	0.0
67.1	60.3	13.9	47.9	604.3	100.0	0	0.0
65.6	60.8	12.6	54.4	542.7	100.0	22	0.0
65.6	63.2	13.9	36.6	597.4	100.0	25	0.0
67.8	64.4	8.2	34.1	545.0	100.0	2	0.0
69.6	63.4	7.4	218.3	590.3	100.0	4	0.0
65.2	53.5	7.9	267.7	554.0	100.0	0	0.0
62.2	57.0	5.3	108.1	583.0	100.0	6	0.0
67.2	57.3	7.0	178.2	579.2	100.0	1	0.0
63.1	47.6	9.0	309.6	575.4	100.0	0	0.0
64.4	50.8	6.8	302.9	571.5	100.0	0	0.0
66.0	53.9	5.2	160.4	567.6	100.0	0	0.0
65.2	59.4	9.6	185.6	563.7	100.0	11	0.0
70.6	63.3	6.5	232.8	559.8	100.0	0	0.0
69.5	57.3	6.4	135.2	555.9	100.0	0	0.0
69.0	59.2	4.9	145.0	552.0	100.0	0	0.0
72.8	63.4	7.2	206.1	494.8	100.0	0	0.0
69.8	63.1	5.8	93.1	543.9	100.0	0	0.0
65.4	54.9	5.4	100.8	539.8	100.0	0	0.0
68.3	64.6	4.3	86.2	535.6	100.0	0	0.0
74.4	70.5	4.9	116.0	531.4	100.0	0	0.0
09	30	2000
77.6	71.3	7.1	207.0	527.2	100.0	0	0.0
70.3	68.1	5.0	84.8	522.9	100.0	41	0.0
67.5	66.1	3.8	101.2	518.6	100.0	1	0.0
69.5	65.5	8.4	88.2	514.2	100.0	5	0.0
57.7	40.2	10.7	35.2	509.8	100.0	0	0.0
57.1	45.0	7.0	175.0	505.3	100.0	0	0.0
59.8	49.9	6.9	199.4	500.8	100.0	0	0.0
66.1	56.8	9.1	213.7	496.3	100.0	0	0.0
71.9	64.3	5.1	206.9	491.8	100.0	8	0.0
68.1	58.9	5.7	114.4	487.2	100.0	0	0.0
66.2	59.6	5.7	118.7	482.5	100.0	0	0.0
71.1	64.7	7.7	160.2	477.9	100.0	0	0.0
73.0	62.0	8.3	224.6	472.8	100.0	11	0.0
65.3	55.4	6.3	115.9	468.5	100.0	0	0.0
65.7	61.0	8.1	210.8	463.8	100.0	44	0.0
58.2	45.5	7.7	256.5	459.0	100.0	0	0.0
58.2	46.2	9.5	240.4	454.2	100.0	0	0.0
65.9	53.4	8.9	240.2	449.5	100.0	0	0.0
66.3	62.4	5.8	94.3	444.8	100.0	45	0.0
72.6	65.2	7.7	245.7	440.0	100.0	15	0.0
69.3	57.0	10.4	270.6	435.3	100.0	0	0.0
59.7	46.4	7.0	272.3	430.5	100.0	0	0.0
60.9	55.6	6.6	148.1	425.7	100.0	9	0.0
67.4	61.8	8.0	243.5	420.9	100.0	1	0.0
55.3	44.2	8.3	159.6	416.1	100.0	0	0.0
52.1	49.0	13.7	81.3	411.3	100.0	18	0.0
56.4	47.2	6.1	264.0	406.5	100.0	0	0.0
54.7	45.3	9.4	210.0	401.8	100.0	0	0.0
46.7	33.5	3.9	122.4	397.1	100.0	0	0.0
51.1	43.6	4.6	112.7	392.4	100.0	0	0.0
10	31	2000
54.8	50.2	4.6	91.7	387.8	100.0	0	0.0
58.1	53.0	5.4	143.3	383.1	100.0	0	0.0
64.7	54.4	5.7	182.9	378.4	100.0	0	0.0
61.8	52.7	5.2	171.7	373.7	100.0	4	0.0
56.1	53.2	6.2	89.0	369.0	100.0	13	0.0
57.9	57.1	4.0	78.7	364.4	100.0	6	0.0
54.2	42.7	7.5	294.2	359.7	100.0	0	0.0
47.9	34.2	7.5	260.8	355.0	100.0	0	0.0
41.4	33.1	11.1	310.8	350.4	100.0	0	0.0
42.6	31.5	10.3	275.6	345.7	100.0	0	0.0
53.5	38.1	10.2	258.8	341.1	100.0	0	0.0
53.2	41.8	6.2	204.4	336.5	100.0	0	0.0
58.4	43.3	7.2	240.7	280.8	100.0	0	0.0
63.9	49.2	7.0	161.7	327.3	100.0	0	0.0
64.7	50.5	7.4	202.8	322.8	100.0	0	0.0
49.7	46.2	9.0	62.0	318.2	100.0	6	0.0
49.9	45.4	8.8	36.2	313.7	100.0	0	0.0
55.5	53.2	7.0	115.9	309.3	100.0	65	0.0
54.7	45.7	10.1	291.3	304.8	100.0	0	0.0
52.7	40.7	6.0	221.2	300.4	100.0	0	0.0
59.8	51.8	7.9	193.1	296.0	100.0	0	0.0
51.0	29.1	10.4	148.3	291.7	100.0	0	0.0
45.9	35.5	4.5	166.7	287.4	100.0	0	0.0
53.0	44.2	6.0	176.2	283.1	100.0	0	0.0
55.8	47.9	2.7	100.0	278.9	100.0	0	0.0
54.7	51.3	3.4	77.9	274.7	100.0	0	0.0
57.0	49.2	0.4	20.4	270.6	100.0	0	0.0
50.3	33.8	14.0	277.9	266.5	100.0	0	0.0
35.2	21.6	12.7	331.4	262.4	100.0	0	0.0
38.0	32.4	9.8	331.5	258.5	100.0	10	0.0
44.0	41.8	16.4	135.8	254.5	100.0	11	0.0
11	30	2000
48.6	37.0	13.9	245.9	250.6	100.0	0	0.0
54.2	39.8	10.9	249.2	246.8	100.0	0	0.0
52.6	34.5	6.0	167.5	243.0	100.0	0	0.0
50.8	43.0	1.9	76.2	239.3	100.0	0	0.0
46.5	39.8	9.6	292.3	235.7	100.0	3	0.0
45.5	35.4	9.8	338.8	232.1	100.0	0	0.0
48.4	39.5	8.0	257.9	220.4	100.0	0	0.0
48.4	44.5	3.2	127.4	225.3	100.0	0	0.0
48.0	45.3	1.5	45.4	222.0	100.0	0	0.0
49.5	49.4	7.8	74.6	218.9	100.0	135	0.0
50.6	48.7	13.1	137.4	215.8	100.0	4	0.0
50.9	42.5	6.8	217.7	212.8	100.0	0	0.0
46.5	43.2	0.0	0.0	182.2	100.0	2	0.0
48.4	48.1	3.2	66.5	207.0	100.0	47	0.0
42.5	31.4	12.7	295.6	204.2	100.0	0	0.0
43.0	30.7	10.2	247.3	201.4	100.0	0	0.0
47.7	32.9	12.9	267.8	163.7	100.0	0	0.0
38.9	25.8	7.7	203.3	196.1	100.0	0	0.0
37.4	24.9	3.5	162.9	193.6	100.0	0	0.0
36.1	27.3	4.0	166.0	191.1	100.0	0	0.0
35.4	23.6	9.4	277.7	188.6	100.0	0	0.0
30.6	15.3	12.2	293.1	186.3	100.0	0	0.0
28.2	12.2	9.3	308.5	184.0	100.0	0	0.0
24.3	9.5	6.3	255.2	181.8	100.0	0	0.0
26.0	12.4	2.8	153.5	174.8	100.0	0	0.0
41.3	39.6	7.1	136.9	177.6	100.0	132	0.0
47.2	43.9	6.5	235.3	175.6	100.0	0	0.0
45.5	37.9	5.6	220.2	173.7	100.0	0	0.0
42.0	33.9	5.5	217.7	171.8	100.0	0	0.0
37.5	35.2	9.9	195.9	147.8	100.0	11	0.0
12	31	2000
35.0	24.9	7.6	291.5	168.4	100.0	0	0.0
27.5	11.0	9.6	326.2	166.7	100.0	0	0.0
25.1	10.7	4.4	167.1	165.2	100.0	0	0.0
31.7	13.5	3.3	196.5	163.7	100.0	0	0.0
35.1	22.3	8.8	171.9	162.3	100.0	0	0.0
27.6	6.3	9.0	220.0	161.0	100.0	0	0.0
27.5	9.1	8.7	256.2	159.8	100.0	0	0.0
21.2	13.4	7.2	135.7	158.6	100.0	1	6.1
23.5	10.4	5.0	195.6	157.5	100.0	0	0.0
25.9	19.3	3.9	113.3	156.5	100.0	3	6.3
37.3	36.1	2.3	96.4	155.6	100.0	4	8.0
41.0	28.3	19.9	256.3	154.7	100.0	0	0.0
25.3	4.9	4.7	195.9	149.5	100.0	0	0.0
33.9	31.0	8.2	177.0	124.6	100.0	22	41.3
30.4	20.5	5.8	165.0	152.6	100.0	0	0.0
37.3	33.9	5.1	100.3	152.1	100.0	17	0.0
54.9	53.8	20.1	192.9	151.6	100.0	98	0.0
34.0	19.3	14.4	237.7	151.2	100.0	0	0.0
32.8	26.2	5.5	132.3	150.9	100.0	22	22.9
30.7	21.8	14.2	275.7	150.7	100.0	11	28.4
27.4	16.7	3.3	146.5	150.5	100.0	0	0.0
29.3	25.6	5.5	192.7	150.4	100.0	2	4.7
22.1	7.7	9.8	288.5	150.4	100.0	0	0.0
26.2	15.6	5.2	156.2	150.5	100.0	0	0.0
18.2	2.9	14.6	303.3	150.7	100.0	0	0.0
18.4	3.4	12.8	294.4	150.9	100.0	0	0.0
25.8	13.6	12.2	291.9	137.3	100.0	0	0.0
22.2	7.5	11.4	305.0	121.2	100.0	0	0.0
25.2	15.5	3.7	132.4	133.7	100.0	0	0.0
29.8	26.9	10.9	57.4	152.6	100.0	18	31.3
27.3	19.6	16.9	269.6	143.7	100.0	0	0.0
