01	31	2008
22.3	11.2	9.8	135.2	135.9	100.0	0	0.0
25.0	14.6	3.3	77.9	136.6	100.0	0	0.0
33.9	20.9	8.4	80.6	136.7	78.1	0	0.0
43.7	27.6	19.6	132.7	114.5	64.1	4	0.0
38.7	25.0	9.2	138.5	85.3	40.6	0	0.0
32.7	23.1	6.4	140.8	117.4	38.8	7	16.5
28.6	22.5	8.6	100.5	79.9	43.1	3	8.6
31.1	24.7	12.7	124.0	103.8	33.7	4	10.8
31.5	23.1	8.7	205.0	128.8	51.6	0	0.0
34.9	27.2	12.3	114.2	68.5	11.6	1	0.0
37.0	30.4	4.2	164.2	70.3	11.7	0	0.0
35.0	28.6	7.0	133.1	69.7	35.8	1	3.6
32.4	29.2	4.1	207.1	52.2	16.7	0	0.0
31.5	22.9	11.4	126.6	127.2	42.2	0	0.0
27.7	17.1	12.8	310.6	142.9	74.0	0	0.0
21.4	11.9	5.5	213.5	154.2	92.7	0	0.0
27.7	16.3	5.2	219.8	86.2	26.0	0	0.0
26.9	17.7	3.8	160.6	158.0	77.1	0	0.0
29.0	20.1	5.7	117.9	160.0	83.3	0	0.0
27.7	24.6	3.3	157.3	143.9	49.3	5	17.7
23.0	17.5	3.9	146.5	82.0	23.2	0	0.0
18.5	8.1	3.6	92.5	166.7	77.1	0	0.0
13.0	3.9	4.8	94.8	169.1	100.0	0	0.0
14.2	6.3	4.1	130.5	119.5	66.7	10	59.9
20.0	16.3	2.4	135.3	99.0	9.9	0	0.0
28.1	20.8	6.3	150.0	162.8	59.1	0	0.0
41.2	29.3	19.7	129.3	147.2	59.9	6	0.0
28.0	20.4	9.8	271.4	94.7	20.6	9	14.2
27.9	22.1	10.5	140.3	140.2	26.3	4	10.6
27.5	20.2	5.3	141.7	83.5	17.5	0	0.0
31.5	25.6	18.5	119.7	91.8	12.2	5	0.8
02	29	2008
33.1	22.5	6.2	181.9	116.7	22.9	0	0.0
29.8	23.4	15.8	124.6	161.9	29.2	0	0.0
32.2	26.5	12.6	214.0	86.7	13.9	11	28.6
27.9	20.2	10.1	252.7	174.0	47.4	0	0.0
24.5	15.7	9.2	119.7	100.8	30.2	0	0.0
28.4	22.0	5.5	147.8	175.9	40.1	8	28.2
36.1	27.6	12.7	222.8	135.2	17.7	3	7.0
36.0	24.4	3.8	124.0	116.8	34.4	0	0.0
41.1	31.1	5.9	137.1	156.8	58.3	0	0.0
38.1	30.5	3.9	114.6	179.4	58.9	0	0.0
37.2	28.9	3.9	109.0	228.2	96.9	0	0.0
38.2	29.1	4.8	95.6	218.4	88.0	0	0.0
35.4	24.5	17.3	305.7	211.7	67.5	2	3.2
34.2	20.9	14.7	300.6	239.6	97.4	0	0.0
32.7	22.2	8.5	140.8	243.5	100.0	0	0.0
36.0	25.6	5.7	244.8	247.5	72.9	0	0.0
33.9	24.1	2.8	120.2	251.5	100.0	0	0.0
31.8	22.4	10.5	140.0	255.6	100.0	0	0.0
32.0	21.1	5.2	127.5	259.7	100.0	0	0.0
33.3	24.0	3.9	151.9	263.8	100.0	0	0.0
36.3	25.7	9.4	134.4	229.5	43.2	0	0.0
33.3	28.7	2.6	140.4	121.7	11.0	6	15.2
37.7	30.6	6.2	142.0	207.4	46.4	0	0.0
44.8	34.6	10.5	123.8	211.7	27.6	1	0.0
43.4	34.7	6.8	200.5	163.3	38.9	4	0.0
40.5	29.0	8.6	119.6	289.6	100.0	0	0.0
39.2	29.8	4.0	130.6	293.3	94.3	0	0.0
40.4	30.2	4.3	149.0	298.4	100.0	0	0.0
45.8	31.5	14.0	142.3	302.9	94.8	0	0.0
03	31	2008
42.3	31.2	14.1	261.4	258.4	44.8	15	0.0
36.2	24.2	10.5	283.5	299.4	87.5	0	0.0
38.2	20.3	11.5	143.3	290.5	66.2	0	0.0
37.8	23.1	11.3	285.0	237.0	48.4	0	0.0
36.1	21.3	6.3	205.6	321.3	96.9	0	0.0
37.8	20.0	5.9	186.9	331.6	100.0	0	0.0
42.4	25.2	6.2	166.9	336.4	89.6	0	0.0
42.1	32.4	7.3	253.1	223.1	41.5	3	0.0
41.8	27.7	4.7	84.6	344.5	96.3	0	0.0
46.6	28.7	11.1	123.5	351.5	99.0	0	0.0
47.6	27.2	8.0	181.9	334.5	84.4	0	0.0
44.1	22.3	3.8	95.0	349.9	73.4	0	0.0
43.3	34.0	8.1	176.4	191.7	30.2	16	0.0
38.2	31.8	6.5	123.7	253.6	39.6	9	6.8
38.1	29.0	7.2	221.5	337.0	65.1	0	0.0
37.4	23.9	11.9	311.7	373.9	95.3	0	0.0
40.5	26.9	4.5	155.0	240.1	43.2	0	0.0
45.8	39.3	7.0	117.5	237.8	28.6	12	0.0
43.6	37.2	6.7	148.6	247.8	45.6	8	0.0
40.0	29.3	3.7	126.2	341.9	63.0	0	0.0
40.0	19.8	8.1	228.5	404.8	79.7	0	0.0
40.1	16.9	7.8	136.2	411.7	100.0	0	0.0
44.9	21.6	13.3	143.5	415.5	84.4	0	0.0
46.5	34.8	4.8	141.0	292.5	25.5	3	0.0
43.2	32.3	4.3	182.6	305.8	33.2	0	0.0
40.0	32.1	5.8	128.6	262.7	24.2	7	0.0
35.1	16.5	8.8	256.7	430.3	87.5	0	0.0
39.7	17.9	15.0	157.4	386.3	45.8	5	0.0
33.7	15.8	5.5	209.2	443.8	91.7	0	0.0
33.7	18.4	7.8	217.8	339.9	61.1	0	0.0
34.7	16.0	8.2	252.1	377.0	61.5	0	0.0
04	30	2008
40.0	12.3	7.6	127.1	450.6	97.9	0	0.0
40.3	16.7	7.7	234.0	463.4	99.0	0	0.0
42.9	19.1	3.7	123.8	470.3	100.0	0	0.0
47.6	23.2	12.9	182.4	428.4	83.3	0	0.0
42.8	19.8	6.3	196.7	420.0	43.2	0	0.0
45.7	27.5	5.1	100.2	351.2	31.8	0	0.0
41.4	25.3	7.9	241.2	370.7	66.2	0	0.0
43.0	21.6	6.8	151.9	364.1	61.5	0	0.0
40.5	26.6	12.4	311.2	304.3	27.9	6	15.6
41.7	26.8	8.2	260.2	338.3	37.5	0	0.0
44.6	24.1	4.2	171.9	508.3	100.0	0	0.0
53.5	30.8	4.0	121.2	512.9	100.0	0	0.0
63.7	31.8	13.5	142.5	517.5	100.0	0	0.0
59.7	30.3	14.2	209.6	522.0	97.4	0	0.0
41.4	18.1	17.3	307.9	484.8	56.2	0	0.0
41.8	21.5	9.1	288.8	497.1	90.1	0	0.0
49.7	24.9	4.6	79.6	535.2	100.0	0	0.0
54.0	25.4	4.8	151.0	537.4	89.6	0	0.0
42.2	24.4	13.5	312.1	484.0	48.4	0	0.0
36.6	14.3	10.7	269.6	523.9	71.9	0	0.0
39.4	17.1	3.1	87.5	472.4	53.6	0	0.0
51.1	21.9	11.6	133.3	531.8	81.8	0	0.0
48.3	36.6	7.4	199.4	444.3	41.1	9	0.0
44.2	27.3	7.9	275.2	373.1	40.6	0	0.0
47.2	22.6	11.6	255.6	549.7	76.0	0	0.0
46.1	18.5	3.2	120.8	572.5	100.0	0	0.0
57.7	18.8	8.9	125.4	576.4	100.0	0	0.0
66.0	27.6	5.4	111.0	580.3	97.9	0	0.0
54.4	33.2	12.7	227.2	518.5	85.7	0	0.0
43.0	21.5	17.6	306.9	493.5	56.2	0	0.0
05	31	2008
44.4	20.4	11.4	287.1	591.6	100.0	0	0.0
50.7	19.0	4.3	108.3	595.2	98.4	0	0.0
58.0	23.5	4.8	163.8	597.0	69.8	0	0.0
59.0	35.2	4.6	197.5	580.5	82.8	0	0.0
62.6	31.7	4.2	168.3	605.8	92.2	0	0.0
62.2	34.7	8.0	231.9	608.7	92.7	0	0.0
57.8	33.4	12.8	307.3	593.0	80.7	0	0.0
54.1	24.0	8.0	298.3	614.0	97.4	0	0.0
53.1	22.4	12.8	276.9	588.2	71.3	0	0.0
58.8	20.5	10.9	121.9	622.1	98.4	0	0.0
58.2	26.4	11.3	257.5	604.1	72.4	0	0.0
50.0	24.4	13.0	295.2	611.0	85.4	0	0.0
55.2	29.0	4.8	148.3	617.3	75.5	0	0.0
62.9	43.8	14.7	307.5	520.3	55.2	0	0.0
69.0	43.4	7.0	227.7	637.0	89.6	0	0.0
73.4	42.1	6.3	189.6	639.8	100.0	0	0.0
76.4	36.1	4.9	185.6	642.6	100.0	0	0.0
77.6	40.0	7.0	200.6	645.3	100.0	0	0.0
73.9	36.9	6.9	189.2	647.9	100.0	0	0.0
68.0	39.1	15.2	225.1	579.6	76.0	15	0.0
50.2	33.9	17.7	318.7	498.1	51.7	0	0.0
52.9	35.5	18.8	303.5	607.6	67.7	0	0.0
55.6	42.8	5.2	164.6	423.5	44.8	5	0.0
61.3	40.5	4.9	199.8	604.7	69.3	0	0.0
62.2	41.6	5.0	115.9	650.4	96.3	0	0.0
60.2	46.4	6.5	186.6	606.0	64.8	9	0.0
60.9	49.2	7.5	121.5	511.3	30.2	3	0.0
60.5	44.8	9.7	120.2	551.7	53.3	2	0.0
59.5	44.7	6.2	183.8	497.8	46.9	0	0.0
62.4	44.2	2.5	76.7	562.5	63.0	0	0.0
65.5	44.8	5.4	175.0	671.6	87.5	4	0.0
06	30	2008
59.3	50.4	4.4	126.9	573.6	83.3	1	0.0
60.9	38.3	5.1	193.3	644.3	87.0	0	0.0
55.4	45.3	3.4	115.6	356.0	26.3	25	0.0
54.5	39.0	18.1	293.6	549.2	60.4	0	0.0
58.4	36.6	8.9	228.8	672.3	81.8	0	0.0
56.1	32.9	11.3	304.6	568.4	37.0	0	0.0
53.5	32.7	8.7	282.5	587.9	77.6	0	0.0
57.8	31.9	5.2	176.0	684.5	100.0	0	0.0
64.1	40.2	8.0	167.5	586.5	64.6	4	0.0
51.1	29.6	13.1	259.9	593.5	60.2	4	0.0
50.9	38.3	7.8	249.1	400.7	37.3	6	0.0
59.1	38.5	7.4	190.6	688.1	100.0	0	0.0
69.9	35.0	7.3	126.9	688.8	100.0	0	0.0
69.2	32.6	6.6	241.2	689.5	100.0	0	0.0
70.0	33.1	5.9	210.6	689.5	94.3	0	0.0
73.6	37.2	4.1	170.2	690.5	100.0	0	0.0
74.1	36.7	7.8	261.2	691.0	100.0	0	0.0
69.5	32.9	7.8	249.8	691.3	100.0	0	0.0
70.1	34.0	4.8	159.2	691.5	100.0	0	0.0
78.8	33.2	7.2	130.0	691.7	100.0	0	0.0
79.5	40.1	10.3	208.6	690.0	89.6	0	0.0
74.2	47.5	6.6	238.5	689.6	95.8	0	0.0
72.9	38.9	4.6	166.0	691.8	100.0	0	0.0
70.1	35.5	9.2	279.8	691.7	100.0	0	0.0
73.3	39.4	6.9	205.0	691.5	100.0	0	0.0
73.0	38.5	9.7	289.6	691.2	100.0	0	0.0
74.7	43.9	8.8	269.2	690.8	100.0	0	0.0
78.8	45.5	4.9	193.3	690.4	100.0	0	0.0
87.4	44.8	5.4	161.7	689.9	100.0	0	0.0
85.5	44.2	8.4	192.6	689.3	99.0	0	0.0
07	31	2008
80.3	49.9	7.5	221.9	687.7	95.3	2	0.0
81.2	44.8	6.2	181.9	687.9	100.0	0	0.0
87.0	43.8	7.5	177.7	687.1	100.0	0	0.0
82.1	46.3	6.6	230.8	686.2	100.0	0	0.0
75.5	45.9	8.7	284.6	685.2	100.0	0	0.0
77.2	47.5	6.9	239.8	684.2	100.0	0	0.0
76.2	40.7	7.6	258.8	683.0	100.0	0	0.0
76.9	40.5	9.2	252.9	681.9	100.0	0	0.0
78.4	37.2	4.2	173.8	680.6	100.0	0	0.0
80.5	35.6	10.7	257.5	679.2	100.0	0	0.0
71.5	25.3	15.8	294.2	677.8	100.0	0	0.0
72.3	28.9	4.3	146.9	676.3	100.0	0	0.0
77.0	32.6	6.2	193.5	674.8	100.0	0	0.0
79.6	35.6	5.1	172.5	673.1	100.0	0	0.0
82.3	36.4	5.7	190.4	671.4	100.0	0	0.0
78.8	42.8	6.8	234.2	669.6	100.0	0	0.0
77.8	41.1	4.1	176.5	667.8	100.0	0	0.0
76.2	33.6	7.0	227.1	665.8	100.0	0	0.0
76.5	30.8	5.1	190.0	663.8	100.0	0	0.0
82.4	34.2	5.3	199.6	661.7	100.0	0	0.0
81.8	44.1	6.0	141.9	656.4	99.0	0	0.0
74.6	56.9	6.3	173.3	581.4	74.4	7	0.0
75.4	51.1	5.5	162.9	655.0	100.0	0	0.0
74.0	37.9	7.0	230.6	652.7	100.0	0	0.0
80.9	38.6	4.6	147.3	650.4	100.0	0	0.0
79.2	43.0	6.1	215.4	648.0	100.0	0	0.0
77.9	41.8	5.6	204.8	645.5	100.0	0	0.0
77.5	42.8	5.8	223.8	642.9	100.0	0	0.0
80.1	39.3	8.2	171.7	640.3	100.0	0	0.0
72.8	39.7	8.6	264.8	637.6	100.0	0	0.0
80.2	35.6	6.5	142.7	634.8	100.0	0	0.0
08	31	2008
78.9	40.5	6.0	209.0	632.0	100.0	0	0.0
75.7	44.8	7.8	248.5	629.1	100.0	0	0.0
75.2	44.1	4.8	186.2	626.1	100.0	0	0.0
77.4	39.2	4.5	203.1	623.0	100.0	0	0.0
82.2	38.0	5.0	129.8	620.0	100.0	0	0.0
85.3	43.1	6.3	181.2	616.8	100.0	0	0.0
85.3	47.5	8.0	173.1	613.5	98.8	0	0.0
83.0	53.4	6.2	136.0	607.4	94.8	0	0.0
81.6	37.6	5.8	188.3	606.9	100.0	0	0.0
71.4	39.3	9.3	302.5	603.5	100.0	0	0.0
70.3	41.3	5.9	236.7	600.0	100.0	0	0.0
76.4	39.0	6.3	211.2	596.4	100.0	0	0.0
78.2	41.6	6.9	225.8	592.8	100.0	0	0.0
79.3	45.6	5.8	202.7	589.1	100.0	0	0.0
81.4	40.3	7.7	193.1	585.4	100.0	0	0.0
82.1	38.0	7.0	165.0	581.6	100.0	0	0.0
84.2	37.9	5.8	93.3	577.8	100.0	0	0.0
86.9	38.0	8.8	174.7	573.9	98.6	0	0.0
76.0	44.4	5.4	206.7	569.9	100.0	0	0.0
76.2	41.1	5.8	174.6	553.1	83.3	0	0.0
74.1	42.2	12.6	305.6	531.2	65.6	0	0.0
65.2	36.1	5.0	205.0	557.7	100.0	0	0.0
73.7	33.9	2.5	89.4	553.6	100.0	0	0.0
81.5	37.0	6.0	156.5	549.4	100.0	0	0.0
78.1	41.8	9.0	163.1	542.2	94.0	0	0.0
62.0	33.2	10.8	275.8	540.9	96.9	0	0.0
68.6	32.3	8.4	219.0	536.7	100.0	0	0.0
68.7	42.5	7.8	259.8	532.5	100.0	0	0.0
75.9	43.2	4.7	129.6	528.2	100.0	0	0.0
75.1	41.7	9.9	228.3	523.8	100.0	0	0.0
59.6	32.0	17.3	303.5	515.5	89.1	0	0.0
09	30	2008
58.4	30.4	12.9	264.4	513.0	95.3	0	0.0
62.4	28.8	8.2	153.8	510.3	92.2	0	0.0
63.9	28.3	4.7	168.8	506.0	100.0	0	0.0
64.5	30.5	8.7	221.7	501.4	100.0	0	0.0
63.3	34.2	3.1	136.9	496.9	100.0	0	0.0
67.2	37.5	4.2	150.2	492.2	100.0	0	0.0
66.9	38.9	6.7	184.6	487.5	100.0	0	0.0
66.5	33.0	5.3	144.8	482.8	100.0	0	0.0
68.9	35.7	5.3	156.5	478.1	100.0	0	0.0
65.1	32.0	10.9	211.7	473.3	100.0	0	0.0
62.2	31.1	5.2	187.7	468.5	100.0	0	0.0
66.7	29.9	5.6	168.1	463.7	100.0	0	0.0
67.4	33.4	6.2	204.2	458.8	100.0	0	0.0
68.1	34.2	5.6	153.5	453.9	100.0	0	0.0
71.2	32.9	7.2	149.6	449.0	100.0	0	0.0
71.2	31.6	6.0	176.7	444.1	100.0	0	0.0
72.5	27.1	4.8	136.9	439.2	100.0	0	0.0
75.3	32.2	5.5	162.9	434.3	100.0	0	0.0
75.4	38.1	6.7	141.0	427.6	85.2	1	0.0
59.3	52.2	7.7	201.0	314.9	41.1	50	0.0
55.9	45.6	4.2	200.8	322.4	69.8	2	0.0
55.2	41.5	3.9	167.7	411.7	90.6	0	0.0
55.0	38.2	2.5	77.7	409.8	100.0	0	0.0
63.2	37.2	6.4	152.1	404.8	100.0	0	0.0
66.8	31.4	5.8	84.8	399.9	100.0	0	0.0
62.2	39.4	3.2	105.6	394.9	100.0	0	0.0
63.8	39.9	3.9	159.0	390.0	100.0	0	0.0
63.7	37.6	4.8	139.2	385.1	100.0	0	0.0
67.8	36.1	5.5	101.7	380.3	100.0	0	0.0
72.4	39.5	6.6	138.1	375.5	100.0	0	0.0
10	31	2008
73.7	43.1	4.4	111.7	370.7	100.0	0	0.0
68.5	41.9	9.8	185.2	292.2	72.9	0	0.0
63.8	43.2	6.6	143.5	352.8	77.1	3	0.0
56.3	49.2	7.1	129.8	279.5	34.7	25	0.0
52.9	43.0	3.5	97.1	246.4	43.2	0	0.0
57.9	42.7	5.9	99.6	341.2	88.0	0	0.0
61.5	39.7	10.3	225.4	330.8	93.8	0	0.0
48.1	27.4	8.4	256.2	337.3	100.0	0	0.0
41.9	25.8	9.1	209.4	286.1	78.7	0	0.0
37.0	31.1	7.1	198.8	138.4	29.3	16	17.8
38.1	26.9	8.0	201.1	271.4	54.8	0	0.0
42.5	22.7	8.6	236.2	306.3	80.2	0	0.0
45.8	27.9	6.2	131.9	313.8	92.7	0	0.0
48.1	31.8	4.8	139.6	291.2	79.7	0	0.0
50.0	34.3	5.7	138.1	276.7	79.7	0	0.0
54.3	32.0	4.8	141.5	233.3	65.6	0	0.0
59.0	39.8	4.5	102.1	295.4	100.0	0	0.0
59.0	38.5	3.6	130.2	290.8	100.0	0	0.0
57.2	39.1	3.1	97.1	286.3	96.9	0	0.0
59.9	34.1	6.8	141.9	280.3	87.0	0	0.0
45.4	25.9	11.0	287.5	277.4	94.8	0	0.0
44.4	19.8	6.4	137.5	273.1	100.0	0	0.0
44.5	21.6	3.6	141.9	268.7	100.0	0	0.0
45.8	24.7	3.6	109.6	264.4	100.0	0	0.0
50.5	31.1	5.6	155.2	260.2	100.0	0	0.0
50.7	31.9	4.5	114.2	256.0	100.0	0	0.0
53.1	25.2	5.8	164.6	251.8	100.0	0	0.0
52.4	28.7	4.7	134.8	247.7	100.0	0	0.0
53.7	29.9	2.9	71.7	243.6	100.0	0	0.0
55.1	30.4	3.7	106.5	239.6	100.0	0	0.0
62.6	34.3	8.7	129.8	184.5	74.0	0	0.0
11	30	2008
58.9	45.0	10.4	127.3	163.5	39.6	3	0.0
54.3	46.0	5.1	135.5	158.1	26.3	29	0.0
48.6	40.8	8.8	124.4	178.6	33.3	13	0.0
44.1	32.1	11.3	228.3	157.3	34.4	1	0.0
39.4	26.9	5.0	187.3	210.5	59.9	0	0.0
42.1	29.4	5.7	116.2	96.9	28.1	0	0.0
45.7	38.1	1.0	76.9	205.4	64.6	0	0.0
45.4	40.2	3.5	152.9	199.2	69.8	0	0.0
45.3	43.5	4.4	228.3	80.9	11.6	13	0.0
44.9	37.6	5.6	226.7	166.8	55.7	0	0.0
42.7	37.4	4.8	94.6	125.5	46.9	13	0.0
52.0	44.5	5.7	128.1	161.3	40.5	20	0.0
53.3	38.2	10.8	277.3	174.9	58.7	10	0.0
39.6	27.9	4.7	150.6	189.0	100.0	0	0.0
41.9	28.9	6.7	124.8	186.2	100.0	0	0.0
40.6	31.9	3.3	142.4	183.5	100.0	0	0.0
42.8	33.4	3.8	100.8	180.8	100.0	0	0.0
42.0	33.9	2.1	115.8	178.2	100.0	0	0.0
41.0	34.4	2.7	111.9	175.7	100.0	0	0.0
46.7	33.1	10.4	161.2	169.1	84.4	0	0.0
38.5	25.6	3.8	102.9	170.8	97.9	0	0.0
35.6	27.3	5.1	178.8	96.3	45.8	4	0.0
33.5	30.9	3.6	106.7	140.8	79.2	0	0.0
34.6	27.5	2.9	111.0	164.1	99.0	0	0.0
34.8	28.5	2.3	126.0	161.9	98.8	0	0.0
35.1	29.4	2.0	85.6	159.9	99.5	0	0.0
36.9	30.8	2.5	113.3	118.8	67.2	0	0.0
38.1	30.7	5.2	172.1	156.0	71.9	0	0.0
46.2	39.0	2.8	145.8	63.5	7.6	0	0.0
43.2	38.9	2.9	111.5	147.0	81.5	0	0.0
12	31	2008
41.7	37.3	2.8	117.5	150.8	99.0	0	0.0
41.6	38.0	5.0	232.2	66.5	38.6	5	0.0
40.0	33.8	3.2	140.0	147.7	87.0	0	0.0
35.8	26.0	2.1	70.2	146.2	94.8	0	0.0
34.6	25.9	3.4	79.2	144.9	100.0	0	0.0
36.1	26.5	2.8	119.2	143.6	100.0	0	0.0
34.8	27.7	1.8	80.1	135.9	73.3	3	0.0
36.1	29.1	10.2	260.5	117.7	48.8	5	12.7
32.9	22.6	3.0	97.5	140.2	95.8	0	0.0
35.7	25.8	1.3	63.1	135.1	74.5	0	0.0
33.2	25.1	3.4	113.8	138.2	96.9	0	0.0
34.3	27.4	7.2	125.6	135.1	70.1	6	0.0
30.6	23.2	8.3	234.4	52.6	10.2	2	6.0
26.6	21.0	10.5	136.8	65.4	31.8	3	8.0
25.7	18.6	7.4	113.5	71.5	34.2	1	1.3
19.4	12.1	5.9	238.2	102.7	50.7	0	0.0
16.3	9.0	5.6	168.8	133.5	75.0	0	0.0
25.1	14.5	12.3	144.2	76.4	16.7	0	0.0
25.4	17.9	2.3	109.5	97.4	41.1	0	0.8
23.1	15.1	5.1	146.7	80.7	16.1	0	0.0
30.7	24.5	13.6	137.2	62.2	17.5	2	7.0
30.4	24.9	7.0	186.5	116.1	27.4	20	43.6
24.0	19.0	3.4	159.9	57.7	21.7	5	20.8
28.5	19.7	16.7	126.5	62.2	39.0	1	3.7
29.9	23.5	9.4	238.1	113.2	52.6	23	27.3
18.4	11.7	5.1	142.9	107.3	66.7	0	0.0
28.6	22.3	13.1	121.3	114.0	29.3	7	25.6
39.4	31.8	16.7	121.6	58.1	10.4	6	0.0
44.9	32.0	13.1	192.5	109.2	27.1	8	0.0
34.3	19.1	8.2	154.4	101.6	51.6	0	0.0
35.1	23.8	5.7	104.0	122.5	37.5	0	0.0
