   1    31    1964
32.2	27.5	3.4	114.2	95.4	94.0	2.0	.0	
32.5	28.6	7.1	267.5	147.1	54.0	9.0	.0	
30.2	22.6	6.8	133.8	147.9	57.0	.0	.0	
30.2	23.7	5.1	215.8	169.0	45.0	.0	.0	
29.9	22.0	5.2	120.0	78.3	90.0	.0	5.1	
35.0	32.8	6.6	157.9	70.7	98.0	72.0	.0	
24.3	20.1	6.7	274.6	174.7	26.0	.0	2.5	
18.1	12.3	11.5	131.7	173.8	68.0	.0	.0	
25.1	20.6	11.5	163.8	99.8	95.0	.0	22.9	
23.8	21.5	2.4	105.0	96.0	98.0	.0	.0	
13.8	13.3	2.0	70.0	179.7	71.0	.0	.0	
9.3	8.7	3.7	179.6	180.8	50.0	.0	.0	
11.3	8.7	6.3	128.3	210.9	45.0	.0	.0	
16.1	13.7	4.3	173.8	183.8	51.0	.0	2.5	
17.3	13.4	9.7	127.9	178.4	61.0	.0	.0	
21.3	19.0	8.1	158.3	117.3	90.0	.0	7.6	
31.5	29.8	14.1	116.3	112.5	98.0	.0	30.5	
28.5	23.9	8.0	149.6	106.4	90.0	.0	2.5	
33.9	31.1	15.2	134.6	102.5	98.0	31.0	.0	
39.9	31.1	11.4	150.0	115.1	94.0	.0	.0	
31.5	27.5	8.4	179.6	106.6	91.0	.0	58.4	
29.1	24.6	7.0	171.3	142.5	98.0	.0	7.6	
24.0	18.2	5.1	143.3	195.2	62.0	.0	.0	
24.8	19.6	15.7	127.1	117.6	95.0	.0	81.3	
34.3	32.2	11.4	122.9	77.0	98.0	31.0	.0	
32.0	31.6	3.8	99.2	120.6	97.0	.0	.0	
30.5	27.3	11.8	135.4	137.6	92.0	.0	.0	
24.2	22.0	7.3	122.1	204.1	38.0	.0	.0	
26.0	23.8	5.7	165.4	133.6	94.0	.0	33.0	
25.9	25.7	3.0	112.5	151.2	98.0	.0	.0	
27.0	24.8	6.2	175.0	192.2	98.0	.0	2.5	
   2    29    1964
28.5	27.0	4.8	215.8	160.3	71.0	.0	10.2	
21.2	20.0	3.8	157.9	220.4	40.0	.0	.0	
19.8	15.3	10.3	145.0	251.5	26.0	.0	.0	
19.1	14.3	5.5	130.0	264.3	5.0	.0	.0	
20.0	15.5	9.0	240.8	247.4	12.0	.0	.0	
18.9	13.3	6.7	194.6	271.3	22.0	.0	.0	
20.2	15.3	5.9	184.2	266.2	18.0	.0	.0	
22.1	17.5	4.1	98.8	263.9	45.0	.0	.0	
25.2	21.6	2.3	102.5	199.7	58.0	.0	.0	
27.3	24.2	5.1	181.7	229.8	51.0	.0	2.5	
28.7	24.9	10.6	235.0	206.4	54.0	.0	.0	
24.8	18.5	6.0	115.4	216.0	66.0	.0	.0	
24.9	22.8	6.2	237.5	221.2	59.0	.0	15.2	
22.7	15.4	10.8	138.3	312.9	24.0	.0	.0	
26.0	21.4	15.6	152.5	143.1	98.0	.0	15.2	
28.3	24.2	5.6	177.1	180.6	98.0	.0	5.1	
34.5	26.7	9.5	273.3	298.9	81.0	.0	.0	
33.5	29.1	3.5	121.7	150.6	84.0	.0	.0	
32.3	25.3	12.7	271.7	316.6	20.0	.0	.0	
26.7	21.0	5.8	174.6	331.7	3.0	.0	.0	
29.3	23.1	6.1	177.1	301.5	25.0	.0	.0	
29.9	25.2	5.9	177.5	325.3	16.0	.0	.0	
31.0	23.6	6.9	147.9	352.9	10.0	.0	.0	
31.3	23.2	13.8	276.7	214.5	66.0	.0	.0	
26.4	13.6	8.3	248.3	316.3	12.0	.0	.0	
26.2	17.0	9.4	179.2	347.6	18.0	.0	.0	
26.2	19.3	9.7	128.3	365.9	8.0	.0	.0	
28.3	20.5	10.5	122.1	275.1	70.0	.0	.0	
30.6	23.6	5.7	172.5	300.0	80.0	.0	.0	
   3    31    1964
31.6	30.5	9.2	165.4	133.1	95.0	.0	61.0	
29.3	26.8	6.5	219.2	263.9	61.0	.0	.0	
30.3	24.6	4.5	170.8	300.6	68.0	.0	.0	
37.5	32.1	6.0	159.2	172.0	98.0	11.0	.0	
32.9	24.7	7.1	271.7	206.3	86.0	.0	.0	
30.7	25.6	5.7	159.6	247.5	65.0	.0	.0	
29.1	23.2	6.5	208.3	209.4	60.0	.0	.0	
30.1	22.8	6.2	140.8	211.9	73.0	.0	.0	
33.7	27.1	9.3	228.3	237.5	86.0	2.0	.0	
33.2	26.3	7.9	134.6	180.9	80.0	.0	.0	
40.5	27.0	17.4	130.0	208.3	98.0	.0	.0	
35.3	27.1	9.8	231.3	262.4	97.0	2.0	.0	
31.5	21.9	8.1	218.3	324.7	51.0	.0	5.1	
33.7	23.3	13.5	127.5	201.5	80.0	5.0	.0	
38.3	30.1	9.0	242.5	422.8	42.0	.0	.0	
39.6	28.4	6.9	164.6	396.5	38.0	.0	.0	
42.9	31.2	11.1	167.1	211.1	74.0	.0	.0	
38.7	26.1	10.4	317.1	360.3	55.0	.0	.0	
35.9	22.2	8.9	266.7	483.4	11.0	.0	.0	
41.1	20.2	15.8	134.2	301.5	80.0	.0	.0	
37.2	31.7	7.2	150.0	232.1	81.0	12.0	.0	
32.5	29.0	3.6	130.0	243.7	78.0	.0	.0	
34.2	24.7	6.8	187.9	325.1	82.0	.0	.0	
35.4	25.9	5.7	205.4	348.7	79.0	.0	.0	
33.9	24.7	5.7	219.6	324.1	83.0	4.0	.0	
39.6	28.6	8.2	254.2	277.4	98.0	2.0	.0	
39.6	26.9	7.5	292.1	372.2	58.0	.0	.0	
42.5	27.9	5.6	130.8	518.7	2.0	.0	.0	
46.2	31.5	7.4	120.8	524.6	12.0	.0	.0	
50.5	31.4	11.5	139.6	460.4	65.0	.0	.0	
56.0	34.3	8.4	92.5	327.8	98.0	.0	.0	
   4    30    1964
43.6	37.1	12.2	296.7	206.3	78.0	28.0	.0	
37.0	23.8	14.7	314.6	501.6	26.0	.0	.0	
42.9	27.3	7.2	233.3	536.9	5.0	.0	.0	
44.5	31.0	5.2	172.5	430.1	55.0	.0	.0	
38.5	29.0	10.8	307.5	381.4	90.0	8.0	.0	
43.4	30.3	9.2	241.3	435.0	72.0	.0	.0	
46.5	28.3	6.0	158.3	549.1	28.0	.0	.0	
49.7	31.7	4.0	94.2	502.5	40.0	.0	.0	
53.5	34.1	10.7	179.2	368.0	64.0	1.0	.0	
46.7	34.8	8.3	235.8	458.1	68.0	10.0	.0	
41.2	32.6	10.7	223.3	202.1	69.0	16.0	.0	
39.7	26.7	5.8	201.3	381.3	53.0	.0	.0	
44.7	29.5	6.5	202.9	537.4	42.0	.0	.0	
54.4	32.7	6.6	142.5	586.8	10.0	.0	.0	
56.6	32.7	7.7	185.0	456.2	36.0	.0	.0	
39.1	16.1	12.8	302.1	536.0	32.0	.0	.0	
36.8	13.6	4.8	182.1	576.8	17.0	.0	.0	
40.0	18.8	7.1	263.3	622.8	9.0	.0	.0	
45.3	20.0	7.7	260.8	624.0	2.0	.0	.0	
49.0	25.7	8.3	231.3	442.5	74.0	.0	.0	
46.0	26.6	13.2	269.2	445.0	63.0	.0	.0	
40.3	30.3	11.5	215.8	227.1	98.0	21.0	.0	
36.3	28.7	9.6	307.1	285.6	95.0	1.0	.0	
40.2	35.1	5.6	216.3	373.7	98.0	14.0	.0	
42.6	38.5	6.0	205.4	299.0	88.0	21.0	.0	
45.3	36.7	8.7	217.5	295.5	96.0	2.0	.0	
49.2	35.8	4.7	184.6	488.4	59.0	.0	.0	
57.7	40.2	4.9	129.6	639.7	15.0	.0	.0	
56.9	43.7	9.6	168.8	350.7	63.0	7.0	.0	
51.3	40.8	9.8	281.7	521.2	95.0	6.0	.0	
   5    31    1964
43.4	36.3	10.0	250.8	347.5	95.0	2.0	.0	
35.1	30.6	13.0	300.0	305.5	97.0	38.0	.0	
38.9	30.0	6.6	155.0	379.2	90.0	.0	.0	
44.3	34.3	5.5	197.1	497.1	85.0	.0	.0	
42.5	28.3	11.6	302.1	358.1	81.0	6.0	.0	
44.8	29.5	9.6	237.1	616.7	13.0	.0	.0	
48.5	33.1	8.3	245.0	539.0	34.0	.0	.0	
52.5	34.8	9.3	222.1	639.4	22.0	.0	.0	
55.7	37.7	8.0	236.7	622.2	56.0	.0	.0	
54.7	37.1	11.9	297.1	457.0	58.0	.0	.0	
51.2	28.2	5.6	149.6	705.5	23.0	.0	.0	
65.0	31.5	12.7	139.2	667.9	49.0	.0	.0	
58.8	38.3	8.6	246.7	474.4	88.0	.0	.0	
57.5	35.3	4.5	194.2	573.2	71.0	.0	.0	
62.3	34.1	6.2	180.8	669.3	40.0	.0	.0	
69.3	33.0	9.9	157.1	654.2	48.0	.0	.0	
60.2	32.3	9.3	273.3	702.6	10.0	.0	.0	
68.3	29.8	10.9	125.4	621.5	71.0	.0	.0	
72.7	32.7	8.8	156.7	504.1	84.0	.0	.0	
67.9	33.1	7.2	182.1	685.5	30.0	.0	.0	
56.5	34.1	9.4	280.0	647.0	39.0	.0	.0	
53.3	29.0	8.7	246.3	700.6	3.0	.0	.0	
52.7	22.1	8.1	205.8	743.6	4.0	.0	.0	
60.0	31.5	9.4	171.7	364.6	69.0	.0	.0	
51.8	24.7	11.3	271.3	729.5	2.0	.0	.0	
51.1	33.1	7.1	195.8	410.1	78.0	1.0	.0	
55.4	46.6	8.9	225.8	423.0	78.0	103.0	.0	
54.9	51.2	6.9	262.9	337.0	98.0	22.0	.0	
55.5	51.1	7.4	175.0	307.8	72.0	4.0	.0	
61.2	50.2	7.8	182.5	668.3	14.0	.0	.0	
66.1	47.2	6.4	157.1	648.7	56.0	.0	.0	
   6    30    1964
67.9	47.6	11.2	145.8	480.4	95.0	.0	.0	
66.4	48.5	7.8	188.8	460.7	86.0	.0	.0	
66.8	47.8	6.2	224.2	698.1	57.0	1.0	.0	
64.8	49.7	8.6	129.2	285.5	98.0	1.0	.0	
65.5	52.1	7.2	147.5	463.4	98.0	38.0	.0	
59.0	55.0	6.9	197.1	292.8	98.0	6.0	.0	
53.3	49.1	11.8	295.8	324.0	98.0	5.0	.0	
53.2	44.7	7.7	273.8	432.8	75.0	5.0	.0	
50.5	47.0	6.2	147.1	265.2	83.0	54.0	.0	
54.4	45.6	7.9	141.7	369.6	88.0	1.0	.0	
58.1	50.1	5.7	154.2	603.1	65.0	12.0	.0	
58.8	49.0	6.6	226.7	522.2	52.0	.0	.0	
61.5	45.9	6.1	165.8	705.3	30.0	.0	.0	
63.7	50.1	7.3	155.8	322.4	89.0	.0	.0	
62.9	54.7	9.6	137.5	310.1	98.0	11.0	.0	
58.2	51.1	7.2	183.8	415.9	90.0	15.0	.0	
56.1	44.2	10.3	286.3	609.8	55.0	.0	.0	
52.1	47.8	5.5	200.8	287.1	94.0	44.0	.0	
52.6	44.0	6.7	225.8	460.6	50.0	.0	.0	
57.1	45.5	9.0	162.1	405.4	71.0	7.0	.0	
56.4	44.4	10.4	269.6	584.1	52.0	.0	.0	
60.3	41.6	4.9	181.7	757.0	2.0	.0	.0	
70.7	42.6	10.0	122.5	727.8	2.0	.0	.0	
77.5	46.0	7.7	167.1	717.5	10.0	.0	.0	
75.3	50.3	7.1	180.4	647.3	19.0	.0	.0	
78.1	44.4	14.0	156.7	359.1	78.0	.0	.0	
60.6	35.0	11.8	304.6	735.2	25.0	.0	.0	
63.9	37.2	8.1	237.1	658.6	53.0	.0	.0	
67.8	42.6	6.4	217.5	606.3	68.0	.0	.0	
69.3	43.0	6.7	202.9	690.3	38.0	.0	.0	
   7    31    1964
74.9	45.0	5.4	166.7	731.6	12.0	.0	.0	
70.8	44.9	8.5	254.2	654.7	18.0	.0	.0	
69.7	43.3	6.3	215.0	724.9	2.0	.0	.0	
65.2	48.6	9.9	205.8	586.2	33.0	5.0	.0	
65.5	45.7	6.7	202.9	749.3	2.0	.0	.0	
73.6	43.7	7.7	207.5	734.8	2.0	.0	.0	
80.1	43.7	6.7	124.2	712.3	8.0	.0	.0	
80.2	44.7	6.7	169.2	700.7	10.0	.0	.0	
69.2	45.9	10.8	287.5	723.5	2.0	.0	.0	
74.0	45.8	5.8	201.3	721.8	2.0	.0	.0	
78.3	50.1	6.0	153.8	688.5	7.0	.0	.0	
81.0	51.8	7.5	206.7	455.9	65.0	.0	.0	
79.1	54.6	6.6	190.0	571.6	53.0	.0	.0	
78.8	49.2	8.5	223.8	577.1	43.0	.0	.0	
75.6	48.0	8.9	241.7	642.9	26.0	.0	.0	
69.3	47.7	7.5	268.8	701.3	2.0	.0	.0	
80.7	47.9	7.7	179.2	700.9	19.0	.0	.0	
78.0	51.5	7.1	254.2	703.9	2.0	.0	.0	
73.0	45.4	7.1	252.1	717.6	2.0	.0	.0	
78.5	45.1	6.9	227.5	711.6	2.0	.0	.0	
75.6	46.7	5.1	160.4	715.0	2.0	.0	.0	
73.9	47.9	7.7	248.3	707.4	2.0	.0	.0	
68.5	40.3	10.6	250.4	717.1	2.0	.0	.0	
68.8	39.3	7.4	185.4	711.1	2.0	.0	.0	
76.3	35.9	6.7	186.3	697.7	2.0	.0	.0	
80.0	40.6	7.6	215.0	712.8	2.0	.0	.0	
81.5	44.7	7.2	203.3	692.9	2.0	.0	.0	
81.1	47.0	9.2	190.0	389.2	83.0	.0	.0	
75.6	58.2	9.0	181.7	612.3	42.0	35.0	.0	
71.8	55.5	8.4	166.7	550.9	48.0	1.0	.0	
66.2	51.2	7.2	225.4	673.5	13.0	.0	.0	
   8    31    1964
65.1	45.0	10.0	265.0	648.6	36.0	.0	.0	
70.5	41.1	6.9	163.3	685.0	2.0	.0	.0	
75.7	40.2	6.3	179.2	693.3	2.0	.0	.0	
76.6	39.5	7.7	222.5	687.7	2.0	.0	.0	
68.3	40.7	8.2	221.3	680.2	2.0	.0	.0	
74.0	41.5	5.2	178.8	605.6	15.0	.0	.0	
78.1	49.7	7.0	211.7	407.8	61.0	3.0	.0	
80.0	52.0	5.7	204.2	639.9	18.0	1.0	.0	
78.9	45.0	7.0	248.3	635.0	18.0	.0	.0	
73.6	48.9	6.9	220.0	638.1	20.0	.0	.0	
82.4	44.4	6.7	166.7	534.2	46.0	.0	.0	
78.0	44.3	9.3	240.0	612.3	28.0	.0	.0	
68.6	44.5	5.9	211.3	633.6	8.0	.0	.0	
68.6	39.5	7.6	226.3	631.4	2.0	.0	.0	
73.3	36.6	6.9	199.6	648.5	5.0	.0	.0	
73.8	38.8	7.2	216.3	600.4	18.0	.0	.0	
80.0	39.0	8.3	128.8	481.6	35.0	.0	.0	
73.3	39.8	9.6	245.4	562.0	25.0	.0	.0	
57.3	33.5	9.3	245.8	613.6	2.0	.0	.0	
62.0	36.7	8.4	212.1	625.8	26.0	.0	.0	
66.2	41.9	6.5	190.0	616.2	2.0	.0	.0	
72.5	40.6	6.7	192.9	586.8	2.0	.0	.0	
74.6	41.0	7.3	204.6	573.1	9.0	.0	.0	
71.3	42.1	7.6	195.0	612.8	2.0	.0	.0	
75.3	37.5	6.5	146.7	433.9	58.0	.0	.0	
61.7	40.7	12.2	295.8	486.0	50.0	3.0	.0	
60.1	36.6	5.6	191.7	539.7	47.0	.0	.0	
56.6	38.2	14.0	267.1	464.4	58.0	.0	.0	
54.9	33.8	6.2	184.6	584.2	20.0	.0	.0	
58.5	35.7	12.4	230.0	308.4	87.0	.0	.0	
51.2	50.2	5.5	197.9	188.2	98.0	46.0	.0	
   9    30    1964
49.8	46.9	4.7	202.1	184.0	98.0	65.0	.0	
55.3	43.8	4.8	104.2	371.1	68.0	1.0	.0	
60.5	40.8	5.2	138.8	557.2	4.0	.0	.0	
63.6	42.3	5.6	153.3	567.1	2.0	.0	.0	
63.4	44.3	5.0	172.9	525.6	2.0	.0	.0	
63.4	44.5	7.9	200.0	523.7	7.0	.0	.0	
69.1	37.0	8.1	140.0	528.3	18.0	.0	.0	
59.9	39.7	6.7	209.6	531.4	2.0	.0	.0	
55.5	33.5	6.2	179.6	533.7	2.0	.0	.0	
61.0	30.0	5.5	98.3	533.9	2.0	.0	.0	
62.0	37.9	5.1	167.5	527.0	2.0	.0	.0	
64.7	37.9	5.1	157.9	524.6	2.0	.0	.0	
66.2	39.3	6.1	163.3	523.7	2.0	.0	.0	
63.2	39.0	10.4	244.6	432.0	30.0	.0	.0	
58.3	39.3	8.2	236.3	509.8	2.0	.0	.0	
67.1	32.3	11.9	130.8	515.9	7.0	.0	.0	
61.3	34.3	11.8	224.6	273.3	63.0	.0	.0	
49.5	30.3	9.6	254.2	496.7	2.0	.0	.0	
52.8	25.7	6.3	174.6	477.6	28.0	.0	.0	
54.5	33.9	12.7	256.3	401.0	51.0	4.0	.0	
52.3	34.0	8.4	234.2	451.8	52.0	.0	.0	
59.4	38.2	7.2	217.9	442.1	22.0	.0	.0	
60.9	43.5	7.0	203.3	458.8	33.0	.0	.0	
62.9	42.0	6.8	189.2	465.6	2.0	.0	.0	
61.7	33.8	13.0	228.3	443.6	25.0	.0	.0	
52.8	30.2	8.0	164.2	449.7	27.0	.0	.0	
56.3	28.7	7.8	168.3	434.5	2.0	.0	.0	
56.2	32.6	4.5	145.8	361.5	32.0	.0	.0	
61.2	32.6	5.7	183.3	398.0	46.0	.0	.0	
63.8	35.7	5.2	95.4	190.7	88.0	.0	.0	
  10    31    1964
50.7	32.7	8.9	235.0	414.9	23.0	.0	.0	
56.5	27.9	8.5	149.6	413.9	24.0	.0	.0	
51.3	31.0	7.4	231.3	426.4	2.0	.0	.0	
54.8	26.0	7.8	160.0	403.6	16.0	.0	.0	
56.9	27.6	5.8	142.1	380.7	40.0	.0	.0	
60.3	29.6	7.6	193.8	403.6	2.0	.0	.0	
62.6	30.5	5.7	150.4	397.7	2.0	.0	.0	
59.3	43.2	7.1	199.6	347.3	39.0	8.0	.0	
55.5	39.4	4.5	137.1	304.9	38.0	.0	.0	
50.7	36.9	4.9	172.5	376.6	26.0	.0	.0	
55.5	29.4	7.7	143.3	346.6	9.0	.0	.0	
57.7	29.7	6.8	172.9	360.8	3.0	.0	.0	
58.6	30.5	5.3	162.1	366.8	2.0	.0	.0	
61.1	30.3	7.4	146.7	312.4	48.0	.0	.0	
53.1	40.4	5.3	156.7	111.6	98.0	7.0	.0	
45.2	33.9	8.7	254.6	306.6	55.0	.0	.0	
40.6	25.5	5.1	143.8	317.1	22.0	.0	.0	
43.1	24.5	6.6	181.7	353.5	2.0	.0	.0	
47.6	23.5	6.2	120.0	350.5	2.0	.0	.0	
48.7	29.7	4.4	123.3	335.8	2.0	.0	.0	
48.7	31.7	4.7	151.7	321.2	2.0	.0	.0	
48.5	27.7	7.2	137.1	329.4	2.0	.0	.0	
47.2	28.3	6.1	172.5	298.2	2.0	.0	.0	
46.3	26.0	5.7	127.9	317.7	2.0	.0	.0	
45.0	26.5	5.1	151.3	202.5	77.0	.0	.0	
46.0	38.0	5.5	90.8	100.4	75.0	4.0	.0	
46.2	38.9	5.4	101.3	169.2	82.0	.0	.0	
51.9	38.4	5.1	159.2	274.5	45.0	.0	.0	
55.9	39.5	9.9	218.3	125.2	89.0	.0	.0	
50.9	42.2	12.4	265.4	159.6	75.0	2.0	.0	
50.4	38.3	13.7	132.9	134.8	81.0	.0	.0	
  11    30    1964
51.0	41.8	9.1	142.9	120.4	98.0	20.0	.0	
45.2	38.7	6.6	243.3	166.4	65.0	9.0	.0	
42.7	31.4	12.0	130.0	136.6	34.0	.0	.0	
48.9	27.2	15.1	142.9	227.5	51.0	.0	.0	
42.2	32.4	5.2	153.8	257.2	26.0	.0	.0	
43.5	32.2	7.3	140.8	270.1	2.0	.0	.0	
41.4	32.4	4.7	120.4	208.7	71.0	.0	.0	
46.0	34.5	7.1	136.7	158.9	80.0	.0	.0	
50.0	33.2	11.9	126.7	107.9	93.0	.0	.0	
42.0	35.1	11.8	129.2	95.5	98.0	27.0	.0	
37.0	27.5	9.6	109.6	195.3	68.0	10.0	.0	
35.7	30.1	7.5	142.5	113.8	93.0	12.0	.0	
29.3	22.1	5.2	187.5	213.3	40.0	.0	.0	
26.8	20.1	4.5	194.2	236.6	2.0	.0	.0	
22.5	18.5	4.7	119.6	117.5	48.0	.0	.0	
22.8	18.8	6.7	125.8	195.5	46.0	.0	.0	
27.8	24.8	4.3	164.6	168.8	67.0	.0	2.5	
26.7	25.1	4.0	114.6	147.0	58.0	.0	.0	
28.2	23.8	6.2	175.8	217.0	16.0	.0	.0	
28.2	23.7	5.1	110.0	217.2	2.0	.0	.0	
30.2	25.1	7.4	106.7	221.8	2.0	.0	.0	
32.7	28.7	4.8	131.7	128.8	88.0	2.0	.0	
34.0	32.1	5.8	137.1	93.0	98.0	.0	.0	
42.6	39.6	15.2	100.8	60.4	98.0	43.0	.0	
38.2	33.0	7.3	198.8	137.2	97.0	24.0	.0	
29.9	26.9	6.9	159.2	142.7	86.0	.0	114.3	
28.6	27.0	11.4	172.9	100.2	98.0	.0	15.2	
34.2	33.6	9.5	122.1	103.5	98.0	6.0	.0	
39.4	37.4	9.0	115.0	96.1	76.0	4.0	.0	
38.4	36.8	3.9	130.0	76.9	98.0	24.0	.0	
  12    31    1964
45.3	40.5	6.9	120.0	92.0	95.0	44.0	.0	
41.9	36.9	6.3	199.2	97.3	85.0	16.0	.0	
37.6	33.0	4.5	181.3	97.2	83.0	.0	.0	
36.2	29.4	7.1	150.4	141.5	75.0	.0	.0	
34.7	27.3	3.7	137.9	164.1	50.0	.0	.0	
33.1	23.9	10.2	132.9	180.3	2.0	.0	.0	
32.4	22.7	4.9	100.0	180.1	33.0	.0	.0	
33.8	29.8	3.5	98.8	81.3	98.0	23.0	.0	
32.5	31.2	2.0	54.6	109.5	98.0	.0	.0	
38.5	34.8	11.5	149.2	60.5	96.0	27.0	.0	
31.9	24.9	8.8	295.0	85.0	67.0	.0	10.2	
25.4	15.9	6.3	142.9	146.9	38.0	.0	.0	
27.6	17.7	5.7	90.8	82.3	78.0	.0	.0	
36.1	28.2	15.0	136.3	77.0	98.0	7.0	.0	
34.8	21.8	13.9	275.8	64.0	83.0	2.0	.0	
18.6	6.2	13.2	283.3	133.7	50.0	.0	.0	
8.2	-6.0	12.3	153.3	185.0	23.0	.0	.0	
15.6	1.2	3.0	104.2	105.5	98.0	.0	.0	
37.4	25.8	17.5	141.7	108.6	93.0	.0	.0	
43.9	32.4	12.5	165.8	94.7	94.0	.0	.0	
49.8	37.2	13.9	157.9	85.1	98.0	11.0	.0	
56.0	45.5	11.0	164.6	85.6	98.0	73.0	.0	
50.0	42.0	8.2	178.8	76.3	98.0	23.0	.0	
49.6	39.8	11.3	234.2	89.3	93.0	34.0	.0	
41.2	34.5	6.9	178.8	79.1	98.0	.0	.0	
46.3	37.2	17.7	125.8	66.2	98.0	7.0	.0	
36.7	29.6	8.9	137.5	102.4	81.0	29.0	.0	
32.7	24.6	10.8	140.8	108.9	83.0	10.0	.0	
30.4	21.7	15.5	122.5	102.8	87.0	.0	2.5	
33.2	21.7	15.1	132.9	112.2	74.0	2.0	.0	
26.4	21.3	7.8	200.0	109.2	64.0	.0	15.2	
