   1    31    1981
33.3	30.1	3.4	97.5	82.2	98.0	.0	.0	
33.9	29.8	2.7	162.9	103.5	98.0	.0	.0	
34.0	29.1	2.3	82.9	102.8	98.0	.0	.0	
33.7	28.9	9.7	284.2	106.4	98.0	.0	.0	
33.5	27.8	4.7	188.3	107.4	98.0	.0	.0	
35.0	26.0	9.7	141.7	102.2	98.0	.0	.0	
30.0	23.6	4.9	130.0	156.2	56.0	.0	.0	
29.0	23.2	4.0	118.3	115.8	61.0	.0	.0	
29.1	24.3	4.5	157.9	117.4	66.0	.0	.0	
28.2	24.4	3.4	105.8	163.2	70.0	.0	.0	
26.8	24.6	2.6	121.3	151.3	90.0	.0	.0	
25.7	23.8	2.3	150.8	95.3	98.0	.0	.0	
24.5	22.1	2.0	112.9	99.3	98.0	.0	2.5	
24.8	21.9	2.7	119.2	113.8	98.0	.0	.0	
26.1	22.0	4.0	99.2	109.3	98.0	.0	.0	
30.1	23.7	5.8	153.3	166.0	88.0	.0	.0	
33.8	26.5	5.7	175.4	119.3	64.0	.0	.0	
33.0	28.0	4.5	154.2	201.5	40.0	.0	.0	
35.2	29.6	5.7	199.6	149.4	75.0	.0	.0	
35.6	29.5	4.6	140.4	218.6	17.0	.0	.0	
37.0	29.4	5.0	138.3	106.0	98.0	.0	.0	
42.9	31.3	6.6	167.1	101.7	98.0	.0	.0	
43.1	36.2	10.1	157.5	89.8	98.0	50.0	.0	
36.9	29.4	7.0	217.5	138.4	85.0	25.0	.0	
33.3	25.5	3.8	112.9	142.2	68.0	.0	.0	
35.9	21.5	12.7	116.3	119.0	86.0	.0	.0	
37.7	29.8	11.8	138.3	87.2	95.0	5.0	.0	
43.8	32.7	12.9	130.8	124.8	98.0	4.0	.0	
39.8	30.2	12.2	119.2	112.1	90.0	.0	.0	
33.6	30.1	7.2	276.3	131.4	98.0	35.0	.0	
32.0	24.9	12.1	304.6	169.4	41.0	.0	.0	
   2    28    1981
27.4	20.8	4.9	192.1	261.9	3.0	.0	.0	
28.0	20.1	6.0	153.3	204.8	41.0	.0	.0	
27.7	20.1	5.7	132.5	252.2	5.0	.0	.0	
27.8	20.6	4.9	159.6	250.9	30.0	.0	.0	
30.5	23.7	6.2	210.8	139.9	85.0	.0	.0	
31.4	27.0	6.7	287.9	170.2	74.0	.0	7.6	
29.2	21.7	5.6	180.4	255.0	51.0	.0	.0	
30.8	21.0	5.6	169.6	247.5	23.0	.0	.0	
33.1	20.8	11.1	213.3	160.9	71.0	.0	.0	
23.7	1.4	9.9	232.1	300.8	26.0	.0	.0	
24.2	10.3	6.2	122.1	129.1	98.0	.0	5.1	
31.6	23.1	5.5	133.8	232.1	70.0	.0	.0	
38.0	30.7	8.4	154.6	179.0	89.0	24.0	.0	
45.1	35.3	12.2	189.2	200.7	80.0	26.0	.0	
42.2	32.7	10.0	128.3	160.0	98.0	1.0	.0	
46.7	39.2	12.0	107.5	110.1	98.0	12.0	.0	
44.0	31.7	5.9	186.7	251.8	53.0	.0	.0	
45.8	36.0	10.7	110.0	130.3	98.0	10.0	.0	
46.7	37.2	14.9	209.6	145.5	98.0	24.0	.0	
36.5	24.4	10.8	259.2	212.0	58.0	.0	.0	
35.2	24.2	6.7	194.6	306.4	22.0	.0	.0	
41.1	29.1	8.3	123.8	302.0	25.0	.0	.0	
45.8	29.7	12.1	145.0	232.8	76.0	.0	.0	
44.0	27.1	9.7	187.1	288.5	59.0	.0	.0	
41.3	25.9	6.8	223.3	208.3	90.0	.0	.0	
38.7	26.0	6.7	180.0	277.7	59.0	.0	.0	
40.2	23.5	6.9	144.2	362.6	43.0	.0	.0	
42.6	23.3	6.1	152.1	360.6	51.0	.0	.0	
   3    31    1981
42.2	23.9	5.8	164.2	383.2	5.0	.0	.0	
42.8	25.6	7.0	205.8	382.2	2.0	.0	.0	
40.2	21.1	7.4	192.9	366.4	48.0	.0	.0	
46.7	25.5	13.0	208.8	273.0	85.0	.0	.0	
37.7	31.3	11.1	296.7	201.6	71.0	.0	.0	
35.7	23.2	8.0	268.8	408.1	5.0	.0	.0	
41.6	25.8	6.8	169.2	396.0	32.0	.0	.0	
41.6	28.3	6.2	196.7	360.0	42.0	.0	.0	
42.7	26.3	6.9	210.8	413.8	2.0	.0	.0	
43.9	25.6	7.2	190.4	432.7	2.0	.0	.0	
45.5	25.9	6.0	163.3	439.5	2.0	.0	.0	
46.0	23.9	5.8	166.7	445.2	2.0	.0	.0	
47.1	24.0	5.2	146.3	331.4	58.0	.0	.0	
45.2	27.8	7.0	182.5	429.4	2.0	.0	.0	
52.1	26.8	15.0	149.6	373.4	54.0	.0	.0	
43.6	32.0	12.4	273.3	182.9	85.0	46.0	.0	
38.5	23.0	13.6	296.7	334.2	51.0	.0	.0	
41.5	21.3	13.3	134.2	282.4	74.0	.0	.0	
45.9	31.2	10.7	156.7	187.4	98.0	1.0	.0	
40.6	36.5	10.5	274.2	138.1	98.0	160.0	.0	
46.3	32.8	7.0	180.0	396.5	71.0	5.0	.0	
48.2	35.2	8.5	174.6	328.7	73.0	2.0	.0	
45.5	32.3	5.8	135.8	341.2	67.0	.0	.0	
47.4	30.1	7.1	140.0	409.5	57.0	.0	.0	
49.9	37.4	10.3	147.9	175.0	95.0	24.0	.0	
45.2	36.7	11.9	273.3	211.9	98.0	10.0	.0	
48.6	31.6	21.9	317.9	437.5	54.0	.0	.0	
46.6	31.7	13.1	265.8	450.7	49.0	.0	.0	
42.3	32.6	11.3	164.6	238.3	70.0	28.0	.0	
40.0	27.4	8.8	227.5	228.0	98.0	.0	.0	
47.6	29.0	12.8	149.2	336.3	96.0	.0	.0	
   4    30    1981
43.0	34.1	8.0	293.8	259.1	91.0	8.0	.0	
39.6	25.4	10.0	286.7	497.2	56.0	.0	.0	
38.8	25.6	11.7	253.8	286.1	67.0	4.0	.0	
42.0	22.9	9.8	264.6	511.2	24.0	.0	.0	
50.3	26.0	17.5	182.1	376.9	51.0	.0	.0	
40.2	19.4	10.9	302.9	531.0	40.0	.0	.0	
39.2	20.6	9.9	273.8	389.4	51.0	.0	.0	
44.3	22.6	7.9	177.9	369.4	69.0	2.0	.0	
44.5	27.8	8.7	201.7	447.9	76.0	.0	.0	
43.9	25.7	8.7	127.1	481.9	53.0	.0	.0	
47.1	28.5	7.3	170.4	330.3	69.0	.0	.0	
48.5	23.8	9.8	300.4	429.2	61.0	.0	.0	
42.0	22.5	7.3	237.9	585.3	25.0	.0	.0	
51.0	26.9	7.1	170.0	611.3	10.0	.0	.0	
57.3	30.9	6.5	181.3	549.8	35.0	.0	.0	
54.2	33.1	7.8	227.5	396.5	94.0	.0	.0	
55.3	34.4	5.7	175.4	531.6	95.0	.0	.0	
57.7	38.5	7.0	187.5	429.5	96.0	2.0	.0	
56.7	48.6	7.4	174.6	351.4	92.0	45.0	.0	
50.8	44.0	6.9	169.6	265.0	98.0	78.0	.0	
50.6	38.9	12.0	278.8	414.3	77.0	18.0	.0	
55.0	40.3	7.7	215.0	416.1	70.0	.0	.0	
61.5	42.4	10.3	137.5	628.5	30.0	.0	.0	
57.8	44.6	10.3	275.0	253.3	94.0	2.0	.0	
51.0	42.5	8.2	278.8	338.2	85.0	.0	.0	
51.2	42.1	8.9	212.1	372.5	78.0	34.0	.0	
51.7	37.0	9.7	272.5	617.3	49.0	.0	.0	
57.2	41.4	6.7	220.4	521.8	78.0	.0	.0	
61.0	45.7	6.8	222.1	607.8	86.0	.0	.0	
66.4	48.2	8.4	151.3	583.8	86.0	.0	.0	
   5    31    1981
67.5	49.3	9.4	206.7	559.0	69.0	2.0	.0	
52.0	29.7	14.0	309.6	486.2	76.0	.0	.0	
48.8	27.6	7.3	235.0	680.5	20.0	.0	.0	
51.2	28.0	11.2	258.8	633.4	38.0	.0	.0	
47.1	25.4	9.1	252.9	611.6	61.0	.0	.0	
47.1	26.3	14.6	295.8	415.6	67.0	.0	.0	
45.3	27.3	10.0	267.9	492.7	57.0	.0	.0	
48.4	30.1	10.3	259.6	656.0	18.0	.0	.0	
55.2	30.8	7.7	167.5	601.1	60.0	.0	.0	
51.2	38.4	9.9	236.7	397.6	59.0	5.0	.0	
49.8	31.6	11.9	303.8	592.2	29.0	.0	.0	
50.0	29.5	8.9	242.5	677.5	15.0	.0	.0	
57.4	30.3	9.4	121.3	531.6	73.0	.0	.0	
54.8	42.7	8.0	242.9	336.9	98.0	2.0	.0	
49.7	35.8	9.5	295.0	475.3	77.0	15.0	.0	
51.2	33.6	15.9	285.4	621.8	45.0	.0	.0	
54.7	32.6	5.9	185.0	628.9	64.0	.0	.0	
56.8	41.6	14.5	121.7	275.6	98.0	3.0	.0	
54.8	44.6	7.0	185.4	304.3	97.0	6.0	.0	
55.1	47.6	7.6	262.5	409.9	86.0	28.0	.0	
55.1	44.8	11.8	307.5	307.6	98.0	6.0	.0	
54.9	42.2	11.9	291.3	513.8	68.0	.0	.0	
58.0	42.0	5.7	221.3	690.9	33.0	.0	.0	
63.3	47.7	7.3	131.7	257.5	97.0	1.0	.0	
62.6	50.2	7.1	217.1	375.3	95.0	1.0	.0	
59.7	43.3	8.1	232.5	679.2	62.0	.0	.0	
60.0	38.0	7.3	219.6	713.8	36.0	.0	.0	
62.9	37.3	7.6	232.9	703.7	29.0	.0	.0	
65.5	39.7	6.7	194.2	693.4	44.0	.0	.0	
62.1	48.2	7.8	207.1	510.6	66.0	26.0	.0	
57.4	38.3	8.0	283.8	684.1	43.0	.0	.0	
   6    30    1981
64.3	39.7	6.5	191.7	656.2	69.0	.0	.0	
61.6	45.8	8.5	227.9	362.2	85.0	.0	.0	
60.3	41.0	7.2	205.0	678.1	43.0	.0	.0	
66.0	43.9	7.9	243.3	471.9	72.0	.0	.0	
70.3	48.3	6.9	144.2	707.3	32.0	.0	.0	
67.5	45.4	9.3	275.4	604.4	79.0	.0	.0	
62.2	46.9	7.4	157.5	259.7	98.0	2.0	.0	
58.1	51.6	5.1	114.6	241.9	96.0	25.0	.0	
58.8	39.0	7.7	288.3	594.1	84.0	.0	.0	
62.8	41.5	7.4	229.6	628.6	91.0	2.0	.0	
62.7	43.0	10.5	300.0	639.3	71.0	.0	.0	
51.0	42.8	9.1	262.1	376.7	86.0	46.0	.0	
49.6	34.9	10.6	242.9	601.8	53.0	.0	.0	
52.7	36.0	10.2	278.3	573.9	49.0	.0	.0	
62.3	35.1	7.3	158.8	728.1	34.0	.0	.0	
64.6	37.6	13.0	215.8	419.0	69.0	1.0	.0	
54.7	30.5	8.2	251.3	658.3	75.0	.0	.0	
65.9	34.2	6.3	212.1	529.1	95.0	.0	.0	
66.8	47.1	6.5	193.3	438.7	84.0	.0	.0	
66.7	42.6	7.5	250.4	661.9	73.0	.0	.0	
64.0	39.1	7.8	175.4	710.4	40.0	.0	.0	
72.7	39.5	8.4	194.2	757.2	3.0	.0	.0	
65.4	38.0	10.7	287.5	758.8	4.0	.0	.0	
66.5	35.9	9.8	212.5	764.4	2.0	.0	.0	
74.6	43.0	8.4	237.1	635.8	37.0	.0	.0	
76.5	44.7	11.4	290.4	743.9	13.0	.0	.0	
67.9	31.8	13.2	294.6	741.7	8.0	.0	.0	
63.7	31.2	8.9	235.8	741.4	28.0	.0	.0	
70.1	34.9	6.8	209.2	732.7	2.0	.0	.0	
78.4	43.4	9.2	184.2	693.9	28.0	1.0	.0	
   7    31    1981
66.4	40.1	12.3	298.8	741.8	13.0	.0	.0	
68.2	43.2	6.8	232.9	758.6	8.0	.0	.0	
78.3	41.8	7.7	176.7	675.8	26.0	.0	.0	
84.5	41.6	6.8	157.9	749.1	31.0	.0	.0	
82.9	48.5	9.7	244.6	650.8	73.0	.0	.0	
70.9	54.9	11.0	219.2	617.9	75.0	23.0	.0	
57.9	34.0	11.9	312.9	656.5	43.0	.0	.0	
61.1	29.0	6.6	185.0	759.9	3.0	.0	.0	
71.8	37.7	7.4	212.5	722.9	32.0	.0	.0	
69.4	41.9	9.6	301.3	733.6	5.0	.0	.0	
66.5	39.2	8.4	269.2	736.0	2.0	.0	.0	
71.7	33.5	6.8	210.0	757.1	2.0	.0	.0	
68.2	34.4	9.9	246.7	737.8	2.0	.0	.0	
65.3	34.5	7.5	241.3	747.7	2.0	.0	.0	
72.1	37.1	7.6	227.5	735.1	2.0	.0	.0	
76.7	37.4	7.6	197.9	623.4	21.0	.0	.0	
77.6	42.1	7.3	207.9	705.3	4.0	.0	.0	
77.6	39.0	9.4	257.9	719.0	13.0	.0	.0	
73.0	39.0	7.7	235.4	722.1	2.0	.0	.0	
75.4	40.0	8.6	235.4	732.2	2.0	.0	.0	
72.9	38.3	8.0	245.0	731.0	2.0	.0	.0	
72.5	35.2	7.4	232.5	722.1	2.0	.0	.0	
72.9	32.4	7.8	222.9	714.2	2.0	.0	.0	
72.9	34.9	7.6	242.9	695.0	2.0	.0	.0	
71.8	43.7	10.3	281.7	700.8	5.0	.0	.0	
70.3	41.1	10.0	258.3	714.8	2.0	.0	.0	
74.2	40.1	7.6	244.2	705.7	2.0	.0	.0	
78.5	39.7	7.9	222.5	694.4	9.0	.0	.0	
74.7	39.8	10.2	262.1	696.9	3.0	.0	.0	
66.2	34.3	8.2	280.0	716.7	2.0	.0	.0	
72.5	30.3	7.0	216.3	704.9	2.0	.0	.0	
   8    31    1981
74.4	37.1	8.6	263.3	703.9	2.0	.0	.0	
72.7	33.8	7.2	186.3	710.4	2.0	.0	.0	
72.1	35.7	9.0	245.4	695.4	2.0	.0	.0	
70.7	39.8	6.5	217.9	664.5	2.0	.0	.0	
73.0	42.0	9.1	239.2	680.9	4.0	.0	.0	
75.5	41.2	7.3	204.6	687.9	2.0	.0	.0	
78.4	40.0	7.7	226.7	665.3	10.0	.0	.0	
78.2	39.8	8.0	231.3	664.7	9.0	.0	.0	
77.6	44.3	9.1	192.1	645.5	29.0	.0	.0	
77.0	43.8	9.4	190.8	658.8	3.0	.0	.0	
79.6	41.9	8.6	185.0	672.7	2.0	.0	.0	
78.9	37.4	8.6	184.6	662.0	2.0	.0	.0	
81.0	37.4	7.4	152.1	616.7	34.0	.0	.0	
82.1	42.2	7.5	160.0	649.8	22.0	.0	.0	
79.2	40.9	8.2	209.2	653.5	2.0	.0	.0	
79.8	37.4	7.5	200.4	646.9	2.0	.0	.0	
78.4	40.9	8.4	190.4	641.3	10.0	.0	.0	
79.7	41.6	6.4	180.4	413.3	92.0	.0	.0	
78.4	46.8	10.2	124.6	452.5	85.0	12.0	.0	
73.1	47.3	8.7	236.7	606.2	42.0	1.0	.0	
68.8	39.3	7.3	222.9	602.5	13.0	.0	.0	
70.4	35.7	6.4	186.3	632.2	2.0	.0	.0	
77.1	36.5	8.6	176.7	630.1	2.0	.0	.0	
79.0	35.2	8.0	201.7	563.9	16.0	.0	.0	
74.9	35.3	8.3	209.2	608.5	2.0	.0	.0	
75.0	38.0	6.8	225.8	609.7	2.0	.0	.0	
69.3	40.9	7.6	239.6	579.4	2.0	.0	.0	
71.5	40.4	5.9	201.3	586.8	8.0	.0	.0	
75.8	37.2	6.2	185.4	489.0	58.0	.0	.0	
64.7	39.1	13.9	304.6	570.6	58.0	.0	.0	
61.6	35.6	6.9	173.3	581.8	33.0	.0	.0	
   9    30    1981
70.0	36.7	11.2	227.5	554.9	9.0	.0	.0	
59.7	38.3	8.8	271.3	541.1	42.0	.0	.0	
65.2	32.5	6.0	145.8	563.1	10.0	.0	.0	
67.9	35.6	8.2	244.2	476.4	60.0	.0	.0	
64.8	38.7	9.6	285.8	558.4	21.0	.0	.0	
64.1	41.4	5.5	203.8	543.1	6.0	.0	.0	
72.2	40.6	7.9	203.8	552.0	2.0	.0	.0	
74.3	43.0	6.9	192.5	551.0	2.0	.0	.0	
75.1	42.7	7.3	223.8	549.5	2.0	.0	.0	
67.4	37.8	7.5	249.6	543.1	2.0	.0	.0	
68.5	34.2	7.8	178.8	520.3	2.0	.0	.0	
71.2	34.3	6.6	180.4	521.6	2.0	.0	.0	
72.4	32.6	7.3	210.0	534.7	12.0	.0	.0	
68.1	31.6	8.0	216.3	532.6	2.0	.0	.0	
71.1	32.4	7.6	186.7	517.9	2.0	.0	.0	
73.6	33.5	8.0	172.1	504.7	2.0	.0	.0	
76.3	34.5	8.6	188.3	499.6	2.0	.0	.0	
79.1	34.6	9.7	145.8	471.1	18.0	.0	.0	
64.6	36.2	10.2	251.7	481.1	38.0	1.0	.0	
56.5	30.8	7.5	185.0	348.6	44.0	.0	.0	
53.8	26.5	8.0	202.9	477.1	10.0	.0	.0	
53.0	26.9	7.3	218.8	448.8	35.0	.0	.0	
51.1	28.3	5.8	197.5	276.6	78.0	.0	.0	
51.7	32.7	8.6	250.0	220.0	92.0	1.0	.0	
48.3	38.8	7.0	251.7	296.7	59.0	31.0	.0	
52.6	34.0	13.5	111.3	195.3	98.0	.0	.0	
62.3	42.4	13.7	204.2	365.9	70.0	.0	.0	
56.8	45.1	6.1	278.3	244.3	98.0	3.0	.0	
52.3	36.9	6.0	215.0	362.8	52.0	.0	.0	
47.1	31.5	5.6	207.9	415.7	13.0	.0	.0	
  10    31    1981
54.2	29.2	8.9	135.0	441.9	3.0	.0	.0	
52.6	35.6	8.4	205.0	238.7	63.0	.0	.0	
46.9	29.7	9.4	272.5	355.1	53.0	.0	.0	
42.9	21.9	6.2	183.3	404.9	4.0	.0	.0	
50.1	20.4	10.0	134.2	297.7	50.0	.0	.0	
62.7	26.3	13.6	139.6	244.2	89.0	.0	.0	
53.0	41.0	8.9	250.8	162.8	86.0	41.0	.0	
45.6	34.9	5.6	156.3	224.1	67.0	.0	.0	
52.6	36.8	8.0	131.3	222.9	95.0	.0	.0	
49.2	44.8	6.4	162.1	130.3	97.0	18.0	.0	
44.7	37.8	14.1	306.3	178.0	98.0	13.0	.0	
43.1	35.5	7.8	217.9	146.7	98.0	2.0	.0	
43.2	35.4	6.4	210.8	220.4	85.0	.0	.0	
43.4	32.7	5.5	158.8	322.5	50.0	.0	.0	
44.5	32.7	6.9	218.8	373.2	2.0	.0	.0	
47.8	34.0	10.4	231.3	346.3	13.0	.0	.0	
52.0	36.3	9.2	223.3	360.0	2.0	.0	.0	
52.0	34.2	7.1	142.1	358.8	2.0	.0	.0	
52.8	33.8	6.1	153.8	350.5	10.0	.0	.0	
49.3	30.0	7.9	220.8	328.7	12.0	.0	.0	
41.5	23.5	6.4	181.7	349.9	12.0	.0	.0	
41.4	24.2	5.5	157.9	319.5	8.0	.0	.0	
44.4	25.1	6.1	155.4	312.3	53.0	.0	.0	
45.8	28.3	7.2	203.3	281.2	61.0	.0	.0	
52.1	31.0	10.4	124.6	283.1	18.0	.0	.0	
54.7	35.1	6.2	135.0	162.6	92.0	.0	.0	
52.6	33.7	7.5	136.3	244.1	57.0	.0	.0	
51.1	34.0	11.9	143.3	116.5	81.0	2.0	.0	
41.8	33.6	6.3	149.6	170.8	68.0	21.0	.0	
43.2	30.2	5.3	187.5	265.0	73.0	.0	.0	
49.0	33.5	5.9	180.4	261.9	71.0	.0	.0	
  11    30    1981
49.5	35.5	7.9	115.8	282.2	8.0	.0	.0	
47.3	35.6	6.4	184.6	284.1	2.0	.0	.0	
46.9	33.3	6.4	156.7	280.0	26.0	.0	.0	
43.9	34.3	6.0	221.7	218.9	65.0	.0	.0	
44.0	33.0	4.2	180.4	213.2	60.0	.0	.0	
42.5	33.0	5.3	160.0	251.3	28.0	.0	.0	
42.6	32.9	6.3	197.1	230.3	29.0	.0	.0	
45.4	32.0	6.9	124.2	270.5	2.0	.0	.0	
45.1	30.9	6.6	131.3	264.9	7.0	.0	.0	
44.7	30.0	6.2	142.9	250.3	39.0	.0	.0	
51.0	29.9	10.8	125.8	195.0	58.0	.0	.0	
50.5	39.9	11.0	131.3	77.3	98.0	49.0	.0	
52.8	40.7	17.1	120.4	149.9	98.0	7.0	.0	
49.8	35.1	11.9	163.3	163.4	71.0	3.0	.0	
45.0	36.4	13.1	124.2	66.0	98.0	34.0	.0	
53.3	41.8	11.0	133.3	142.1	98.0	14.0	.0	
51.6	36.0	11.8	217.1	131.5	98.0	9.0	.0	
40.2	26.7	8.5	264.6	229.4	20.0	.0	.0	
42.3	26.6	12.2	143.8	152.9	95.0	.0	.0	
43.3	34.9	9.4	122.1	77.3	98.0	6.0	.0	
48.8	38.5	15.0	147.5	124.3	98.0	32.0	.0	
43.9	35.1	6.5	162.1	111.1	98.0	1.0	.0	
43.5	36.0	11.2	133.3	81.3	98.0	13.0	.0	
40.1	34.4	13.6	215.0	94.1	98.0	42.0	.0	
34.0	25.3	8.2	252.5	191.9	51.0	.0	.0	
36.0	19.4	12.8	124.6	118.9	86.0	.0	.0	
31.2	27.0	4.6	227.9	113.0	78.0	.0	33.0	
32.1	24.3	6.0	117.5	135.4	84.0	.0	.0	
29.8	21.0	7.7	204.6	100.8	98.0	.0	.0	
31.2	23.7	5.4	189.2	165.4	85.0	.0	2.5	
  12    31    1981
35.4	28.0	8.3	142.1	86.8	98.0	2.0	.0	
40.7	31.3	11.3	189.2	87.0	82.0	1.0	.0	
32.4	20.5	8.4	122.1	116.4	40.0	.0	.0	
34.6	24.5	7.7	134.6	133.9	50.0	.0	.0	
44.8	27.9	13.8	119.2	89.1	98.0	1.0	.0	
49.2	33.8	10.9	154.6	93.6	98.0	3.0	.0	
44.8	37.3	7.1	121.3	113.7	73.0	2.0	.0	
44.7	35.6	8.0	205.4	132.3	98.0	.0	.0	
47.2	30.7	11.4	141.7	84.5	88.0	.0	.0	
46.5	29.3	8.4	220.0	98.9	91.0	.0	.0	
31.6	25.3	4.2	123.8	158.8	38.0	.0	.0	
31.7	23.8	6.8	137.1	93.2	94.0	.0	12.7	
36.6	32.0	5.1	145.4	104.4	98.0	12.0	.0	
40.7	36.1	7.2	160.0	80.2	96.0	18.0	.0	
44.7	31.7	13.2	226.3	121.0	90.0	8.0	.0	
39.1	28.3	8.2	237.9	181.3	38.0	.0	.0	
35.8	22.0	10.7	128.8	177.5	39.0	.0	.0	
36.5	27.8	10.6	126.3	73.3	98.0	26.0	.0	
46.8	39.9	16.4	150.4	79.7	98.0	50.0	.0	
42.1	37.1	4.9	173.8	102.7	91.0	12.0	.0	
38.1	31.3	11.0	305.4	100.7	98.0	33.0	.0	
29.8	19.6	9.1	255.4	144.1	65.0	.0	.0	
26.1	15.8	5.4	123.3	148.1	58.0	.0	.0	
29.9	21.8	10.8	128.8	89.1	97.0	.0	45.7	
26.9	21.8	5.1	182.5	143.9	90.0	.0	5.1	
29.0	23.7	10.7	148.3	87.9	98.0	.0	30.5	
26.8	21.1	5.0	162.1	148.2	83.0	.0	5.1	
25.2	18.5	12.2	126.3	114.5	87.0	.0	.0	
28.7	21.7	9.9	204.6	102.6	98.0	.0	147.3	
19.9	15.7	6.7	243.3	152.2	64.0	.0	2.5	
22.7	16.3	12.6	127.5	110.5	98.0	.0	15.2	
