   1    31    1967
29.1	22.2	21.0	213.8	106.8	98.0	.0	.0	
20.8	14.8	11.8	218.8	186.7	28.0	.0	.0	
29.3	18.3	20.0	188.8	102.9	98.0	.0	.0	
34.3	26.6	19.3	183.8	110.0	98.0	.0	.0	
26.0	20.1	18.8	227.5	112.5	88.0	.0	30.5	
18.9	14.7	13.5	233.8	96.9	80.0	.0	.0	
11.1	9.0	3.7	208.8	125.2	88.0	.0	.0	
17.6	13.7	3.9	97.5	102.4	98.0	.0	.0	
22.1	18.0	6.5	108.8	116.5	98.0	.0	.0	
22.2	17.5	5.2	95.0	168.0	77.0	.0	.0	
26.9	20.5	9.8	130.0	156.1	74.0	.0	.0	
31.9	25.9	12.9	218.8	98.4	98.0	.0	.0	
36.4	31.9	20.3	216.3	106.5	98.0	2.0	.0	
37.6	31.9	18.6	225.0	103.5	95.0	.0	.0	
40.7	30.4	20.5	207.5	121.0	98.0	.0	.0	
29.3	20.7	14.8	241.3	176.6	21.0	.0	.0	
27.0	20.2	11.3	227.5	88.1	74.0	.0	.0	
28.3	15.3	15.8	191.3	133.7	68.0	.0	.0	
38.1	10.9	22.5	180.0	116.9	98.0	.0	.0	
36.3	29.1	20.1	187.5	94.6	98.0	9.0	.0	
40.0	29.0	25.9	180.0	95.3	98.0	32.0	.0	
34.0	23.7	15.4	218.8	116.1	98.0	1.0	.0	
27.3	21.0	5.2	212.5	148.6	81.0	.0	.0	
26.6	18.0	11.2	160.0	98.9	70.0	.0	.0	
26.0	22.1	6.5	145.0	144.7	75.0	.0	30.5	
30.5	21.7	17.0	157.5	110.1	98.0	.0	.0	
39.0	29.6	16.3	180.0	121.0	88.0	.0	.0	
42.3	29.4	15.1	182.5	161.6	95.0	.0	.0	
39.1	31.9	13.4	200.0	102.7	98.0	28.0	.0	
37.2	27.6	9.2	198.8	154.5	77.0	1.0	.0	
34.3	30.6	11.1	240.0	118.5	98.0	11.0	.0	
   2    28    1967
32.8	27.3	6.5	258.8	129.7	98.0	.0	.0	
33.5	26.4	11.8	222.5	201.4	67.0	.0	.0	
35.7	26.7	11.8	205.0	172.8	65.0	.0	.0	
37.9	26.6	17.7	206.3	169.7	64.0	.0	.0	
33.3	21.0	13.1	158.8	272.0	11.0	.0	.0	
30.7	19.0	9.8	152.5	216.0	53.0	.0	.0	
27.6	16.1	5.2	220.0	260.8	30.0	.0	.0	
29.0	16.5	13.3	190.0	233.3	53.0	.0	.0	
36.9	22.4	17.6	232.5	177.2	93.0	.0	.0	
34.6	22.9	15.6	251.3	274.3	33.0	.0	.0	
33.9	17.3	13.7	198.8	146.7	62.0	.0	.0	
40.0	23.6	15.5	201.3	257.5	30.0	.0	.0	
43.8	24.8	21.3	190.0	251.2	51.0	3.0	.0	
28.4	23.2	12.8	198.8	134.6	94.0	.0	5.1	
23.2	15.2	16.4	185.0	140.3	86.0	.0	10.2	
27.8	21.4	19.0	238.8	183.5	96.0	.0	12.7	
35.3	28.2	15.4	220.0	178.6	94.0	.0	.0	
33.0	24.1	17.8	207.5	153.0	82.0	.0	.0	
23.4	13.1	6.1	170.0	306.6	21.0	.0	.0	
24.6	12.4	6.8	158.8	355.4	2.0	.0	.0	
32.0	11.4	13.5	203.8	334.7	15.0	.0	.0	
30.9	15.8	9.4	240.0	248.7	68.0	.0	.0	
32.2	20.1	5.1	246.3	284.5	66.0	.0	.0	
34.0	20.4	4.6	60.0	290.6	72.0	.0	.0	
36.5	27.5	11.0	181.3	179.2	97.0	2.0	.0	
33.5	27.1	10.4	228.8	237.1	59.0	2.0	.0	
35.3	23.9	6.5	156.3	384.0	3.0	.0	.0	
39.1	23.4	12.1	147.5	243.2	68.0	.0	.0	
   3    31    1967
44.1	21.6	11.5	231.3	249.1	76.0	.0	.0	
35.6	17.8	14.1	242.5	288.5	53.0	.0	.0	
27.9	14.0	7.2	215.0	222.8	55.0	.0	.0	
27.1	8.9	11.2	87.5	389.0	20.0	.0	.0	
27.5	10.5	7.7	163.8	410.2	2.0	.0	.0	
34.3	15.2	16.3	180.0	358.9	32.0	1.0	.0	
24.4	-1.5	7.9	135.0	400.8	40.0	.0	.0	
38.2	16.6	13.4	222.5	300.7	80.0	.0	.0	
47.4	19.7	16.4	193.8	297.1	76.0	.0	.0	
49.5	16.4	18.9	186.3	211.4	98.0	.0	.0	
43.7	22.3	21.4	191.3	282.1	95.0	5.0	.0	
32.4	28.0	9.8	178.8	213.9	96.0	20.0	.0	
31.8	25.5	12.2	205.0	204.0	98.0	.0	30.5	
31.0	24.1	7.7	182.5	207.7	88.0	.0	5.1	
35.9	22.4	10.5	212.5	381.6	52.0	.0	.0	
37.8	33.4	6.5	100.0	177.2	73.0	17.0	.0	
45.0	38.6	7.2	210.0	284.9	80.0	31.0	.0	
43.1	35.6	6.4	130.0	276.8	63.0	1.0	.0	
37.5	26.2	14.8	227.5	345.2	58.0	.0	.0	
39.2	30.2	11.0	223.8	212.1	91.0	.0	.0	
42.0	29.3	8.1	171.3	426.5	46.0	.0	.0	
49.5	27.6	14.0	220.0	381.7	65.0	.0	.0	
52.5	25.1	17.0	208.8	211.7	98.0	10.0	.0	
36.6	22.4	15.5	220.0	440.7	31.0	1.0	.0	
36.8	17.2	8.4	198.8	448.2	34.0	.0	.0	
40.0	22.3	14.1	218.8	297.2	88.0	.0	.0	
39.0	25.9	7.8	242.5	418.3	46.0	.0	.0	
43.8	36.0	9.5	211.3	284.6	93.0	11.0	.0	
30.2	25.7	18.2	233.8	232.7	86.0	.0	20.3	
28.6	18.7	17.9	220.0	344.3	77.0	.0	5.1	
36.5	19.0	10.7	142.5	254.8	86.0	.0	.0	
   4    30    1967
35.6	26.6	4.9	226.3	349.0	68.0	3.0	.0	
35.8	24.8	7.4	187.5	398.3	26.0	.0	.0	
42.7	23.7	5.0	88.8	502.6	19.0	.0	.0	
50.1	23.2	9.7	173.8	472.8	47.0	.0	.0	
39.7	30.9	17.6	210.0	259.1	76.0	33.0	.0	
41.5	25.0	6.6	135.0	475.3	60.0	.0	.0	
43.5	30.1	7.8	156.3	334.8	89.0	.0	.0	
41.0	32.4	10.1	222.5	323.4	71.0	8.0	.0	
44.3	28.5	9.5	157.5	483.5	29.0	.0	.0	
50.5	24.5	15.5	176.3	237.2	80.0	.0	.0	
46.4	24.0	15.3	180.0	343.7	71.0	.0	.0	
41.2	27.5	11.1	241.3	322.4	56.0	.0	.0	
48.0	23.0	14.8	217.5	560.6	35.0	.0	.0	
45.6	22.6	13.7	242.5	467.5	87.0	.0	.0	
33.4	27.0	9.1	175.0	274.2	98.0	28.0	.0	
35.4	24.9	13.8	212.5	390.0	80.0	.0	.0	
45.1	22.0	6.7	217.5	352.3	84.0	.0	.0	
51.2	21.9	17.6	173.8	503.1	71.0	.0	.0	
36.3	27.0	11.1	178.8	310.3	92.0	2.0	.0	
34.6	22.6	14.2	222.5	301.5	95.0	.0	.0	
35.3	21.8	9.7	198.8	440.6	72.0	.0	.0	
37.8	24.8	6.9	83.8	342.1	80.0	.0	.0	
37.7	31.5	8.9	221.3	310.1	98.0	9.0	.0	
35.8	28.2	7.2	152.5	387.9	66.0	.0	.0	
40.1	27.6	10.7	183.8	508.8	83.0	1.0	.0	
42.6	29.0	8.4	178.8	347.6	89.0	.0	.0	
41.7	33.3	9.1	175.0	259.5	98.0	7.0	.0	
33.8	28.9	11.2	185.0	324.5	98.0	20.0	.0	
31.8	27.0	9.5	238.8	281.6	98.0	.0	43.2	
28.0	21.2	10.7	47.5	360.1	98.0	.0	134.6	
   5    31    1967
31.4	24.0	11.4	195.0	500.4	83.0	.0	.0	
39.1	29.0	9.7	208.8	512.2	63.0	3.0	.0	
41.7	30.4	12.3	216.3	384.1	68.0	2.0	.0	
43.1	31.6	7.3	141.3	545.3	66.0	.0	.0	
44.2	31.9	8.2	78.8	424.8	65.0	.0	.0	
50.0	27.8	15.3	227.5	597.7	33.0	.0	.0	
56.2	33.4	16.0	222.5	548.4	75.0	.0	.0	
60.3	30.4	14.5	221.3	638.1	27.0	.0	.0	
58.4	36.0	13.5	195.0	368.9	71.0	75.0	.0	
42.9	32.6	12.8	211.3	325.9	87.0	16.0	.0	
39.0	25.9	10.6	213.8	472.0	77.0	.0	.0	
39.5	25.6	12.0	245.0	527.4	72.0	.0	.0	
42.6	28.1	8.8	202.5	547.7	59.0	.0	.0	
48.6	26.5	10.0	210.0	626.4	65.0	.0	.0	
56.3	32.4	11.4	213.8	600.1	71.0	.0	.0	
56.6	32.8	6.8	182.5	692.3	2.0	.0	.0	
63.5	32.0	8.9	232.5	662.5	33.0	.0	.0	
61.6	33.7	13.2	228.8	654.0	44.0	.0	.0	
59.5	39.5	9.1	171.3	613.5	46.0	14.0	.0	
58.0	34.4	6.5	192.5	645.5	44.0	.0	.0	
63.4	35.6	6.5	182.5	735.0	5.0	.0	.0	
68.5	38.1	9.5	187.5	696.5	6.0	.0	.0	
68.5	41.7	10.0	205.0	655.4	33.0	.0	.0	
65.3	36.4	12.7	196.3	627.1	57.0	.0	.0	
56.0	21.2	16.1	228.8	570.3	85.0	.0	.0	
56.3	27.7	7.2	267.5	575.6	68.0	.0	.0	
61.9	41.9	10.2	157.5	485.0	74.0	.0	.0	
58.4	43.7	9.8	165.0	335.8	88.0	4.0	.0	
55.0	40.9	14.2	230.0	392.8	81.0	.0	.0	
49.4	34.1	11.8	213.8	304.5	73.0	.0	.0	
53.9	35.6	9.0	68.8	492.8	80.0	.0	.0	
   6    30    1967
51.4	40.1	10.7	213.8	398.9	89.0	11.0	.0	
57.0	38.3	9.1	153.8	612.2	57.0	.0	.0	
58.3	34.1	8.8	222.5	669.5	14.0	.0	.0	
58.0	36.1	6.0	152.5	481.7	51.0	.0	.0	
54.0	44.0	7.3	177.5	394.6	70.0	29.0	.0	
49.4	41.9	7.8	232.5	342.2	72.0	24.0	.0	
53.2	45.9	12.1	221.3	444.2	90.0	12.0	.0	
53.7	45.4	7.9	180.0	376.7	95.0	8.0	.0	
55.4	45.1	6.0	267.5	541.6	83.0	.0	.0	
52.7	45.9	8.4	203.8	357.0	80.0	45.0	.0	
52.9	43.0	8.1	208.8	421.0	78.0	3.0	.0	
53.9	43.0	6.5	165.0	433.9	96.0	17.0	.0	
53.0	47.3	6.8	170.0	319.7	98.0	27.0	.0	
52.2	47.4	5.9	133.8	288.3	98.0	62.0	.0	
56.7	47.0	6.6	173.8	502.5	60.0	40.0	.0	
58.8	47.1	6.4	167.5	643.4	33.0	.0	.0	
62.3	47.4	4.8	152.5	561.5	47.0	.0	.0	
67.3	48.0	5.9	160.0	654.7	28.0	.0	.0	
70.3	51.1	6.3	177.5	572.5	55.0	2.0	.0	
61.5	53.6	6.6	177.5	369.3	97.0	25.0	.0	
59.9	51.9	8.8	200.0	335.5	91.0	14.0	.0	
60.0	49.1	6.9	191.3	507.8	73.0	.0	.0	
56.9	45.4	5.3	167.5	535.0	81.0	3.0	.0	
59.8	44.8	4.2	147.5	670.9	30.0	.0	.0	
65.5	43.8	6.3	193.8	692.8	17.0	.0	.0	
69.6	44.5	10.2	167.5	665.4	37.0	.0	.0	
64.7	50.9	7.9	225.0	341.9	92.0	8.0	.0	
63.9	48.5	8.1	228.8	711.5	29.0	.0	.0	
68.9	44.4	4.9	160.0	759.6	2.0	.0	.0	
72.5	45.9	10.5	237.5	706.4	3.0	.0	.0	
   7    31    1967
71.3	41.8	6.9	186.3	718.2	9.0	.0	.0	
72.2	41.9	6.4	206.3	707.4	8.0	.0	.0	
72.5	49.1	8.1	198.8	626.4	58.0	2.0	.0	
70.1	50.6	6.1	182.5	699.1	18.0	4.0	.0	
74.4	46.0	8.5	185.0	597.6	43.0	.0	.0	
69.9	48.6	12.1	165.0	397.5	79.0	.0	.0	
70.7	50.8	8.5	208.8	653.3	38.0	.0	.0	
64.5	47.6	6.1	212.5	330.8	54.0	.0	.0	
68.3	43.0	8.4	231.3	740.9	4.0	.0	.0	
70.8	42.9	5.1	163.8	719.1	2.0	.0	.0	
74.5	42.2	2.9	107.5	700.4	3.0	.0	.0	
77.1	45.5	5.3	146.3	685.2	9.0	.0	.0	
77.5	46.2	6.2	118.8	618.1	35.0	.0	.0	
69.9	52.9	8.1	181.3	331.7	77.0	.0	.0	
71.5	48.6	2.3	8.8	700.6	13.0	.0	.0	
73.7	49.7	8.1	150.0	506.3	72.0	.0	.0	
66.8	54.1	11.1	218.8	522.9	63.0	.0	.0	
69.7	47.8	5.6	75.0	673.2	25.0	.0	.0	
71.3	50.5	7.8	138.8	558.6	36.0	7.0	.0	
70.2	42.5	6.1	215.0	699.6	3.0	.0	.0	
72.6	39.1	7.2	235.0	726.7	2.0	.0	.0	
73.4	39.4	5.8	152.5	656.5	31.0	.0	.0	
74.7	39.2	6.9	153.8	698.4	5.0	.0	.0	
76.1	43.0	6.2	151.3	639.3	18.0	.0	.0	
70.3	43.6	11.8	218.8	547.8	35.0	.0	.0	
71.7	41.4	8.8	206.3	709.6	2.0	.0	.0	
69.7	33.1	11.7	217.5	704.0	2.0	.0	.0	
73.1	31.4	5.4	177.5	649.5	33.0	.0	.0	
76.0	43.0	9.2	247.5	522.2	68.0	.0	.0	
75.1	50.1	6.3	135.0	573.6	69.0	9.0	.0	
75.0	46.9	11.2	216.3	610.1	41.0	.0	.0	
   8    31    1967
72.4	40.5	8.1	173.8	687.1	2.0	.0	.0	
73.5	38.6	8.1	222.5	651.4	13.0	.0	.0	
73.2	41.1	4.9	176.3	591.1	22.0	.0	.0	
72.9	48.0	6.8	150.0	557.8	33.0	.0	.0	
71.2	42.3	5.5	103.8	573.1	30.0	.0	.0	
69.6	48.4	6.5	81.3	586.2	38.0	9.0	.0	
66.9	34.3	15.7	222.5	659.6	9.0	.0	.0	
63.8	29.8	4.6	115.0	655.3	3.0	.0	.0	
65.4	29.4	3.6	131.3	635.2	8.0	.0	.0	
69.8	32.5	3.3	83.8	596.1	27.0	.0	.0	
72.7	40.0	4.3	115.0	551.2	45.0	.0	.0	
76.2	44.1	6.1	172.5	540.6	52.0	.0	.0	
72.6	41.9	5.1	161.3	517.2	40.0	.0	.0	
73.7	40.2	4.8	118.8	603.8	16.0	.0	.0	
72.9	37.1	6.2	212.5	635.0	8.0	.0	.0	
74.4	35.8	3.5	122.5	623.9	3.0	.0	.0	
74.6	38.0	5.2	156.3	528.3	39.0	.0	.0	
74.6	36.6	3.2	105.0	605.2	36.0	.0	.0	
72.0	33.6	4.5	186.3	545.9	58.0	.0	.0	
71.7	36.9	6.3	167.5	562.6	41.0	.0	.0	
70.7	37.6	11.7	173.8	465.4	57.0	.0	.0	
71.9	29.6	8.7	223.8	624.3	2.0	.0	.0	
72.3	35.1	6.1	140.0	588.5	13.0	.0	.0	
74.3	39.2	10.1	191.3	560.6	31.0	.0	.0	
74.6	36.4	8.5	246.3	524.3	48.0	.0	.0	
71.9	41.4	4.6	102.5	501.8	40.0	.0	.0	
70.1	47.0	12.2	220.0	469.5	58.0	2.0	.0	
71.4	41.6	3.3	148.8	530.5	51.0	.0	.0	
70.9	43.4	8.8	88.8	488.5	63.0	.0	.0	
70.2	45.7	8.8	138.8	541.8	39.0	2.0	.0	
70.2	42.5	3.6	73.8	541.4	12.0	.0	.0	
   9    30    1967
74.6	41.0	6.3	111.3	557.2	10.0	.0	.0	
74.7	37.5	12.0	172.5	527.1	26.0	.0	.0	
70.1	32.9	6.8	217.5	566.1	4.0	.0	.0	
68.6	36.9	3.3	175.0	492.3	36.0	.0	.0	
68.6	42.8	10.4	230.0	430.0	66.0	.0	.0	
66.9	45.0	10.5	226.3	524.5	6.0	.0	.0	
68.5	40.8	3.3	121.3	435.6	56.0	.0	.0	
61.8	47.4	5.3	105.0	219.2	76.0	.0	.0	
66.4	45.8	5.6	146.3	520.5	38.0	.0	.0	
69.0	39.2	9.8	153.8	442.7	55.0	.0	.0	
56.6	35.0	13.8	213.8	261.6	65.0	.0	.0	
49.3	28.7	9.6	183.8	453.6	32.0	.0	.0	
47.7	23.8	5.2	163.8	458.7	39.0	.0	.0	
52.4	28.3	4.0	76.3	483.6	29.0	.0	.0	
58.0	33.2	8.8	117.5	522.2	2.0	.0	.0	
57.2	32.2	6.3	153.8	492.1	15.0	.0	.0	
55.4	33.6	7.1	128.8	329.0	60.0	.0	.0	
55.7	33.1	9.1	117.5	484.2	31.0	.0	.0	
55.7	28.8	6.3	107.5	456.1	21.0	.0	.0	
64.1	33.6	3.6	188.8	495.3	13.0	.0	.0	
66.6	30.6	8.1	98.8	498.2	2.0	.0	.0	
62.2	37.8	9.5	247.5	234.7	67.0	.0	.0	
62.3	43.6	4.6	160.0	476.0	3.0	.0	.0	
64.5	43.6	6.8	208.8	361.1	63.0	.0	.0	
62.4	43.4	5.4	196.3	441.6	17.0	.0	.0	
61.2	35.2	8.4	96.3	462.2	14.0	.0	.0	
58.6	33.1	5.5	210.0	451.7	2.0	.0	.0	
63.3	35.2	3.4	157.5	465.2	2.0	.0	.0	
66.0	37.4	8.1	152.5	405.4	37.0	.0	.0	
57.6	49.0	9.5	205.0	181.3	90.0	14.0	.0	
  10    31    1967
49.0	42.2	6.9	232.5	176.9	70.0	5.0	.0	
56.9	41.2	14.3	138.8	192.3	75.0	.0	.0	
48.2	33.5	11.7	233.8	364.5	46.0	19.0	.0	
49.9	35.4	5.9	158.8	365.0	45.0	3.0	.0	
50.2	41.0	14.6	233.8	208.8	73.0	42.0	.0	
44.3	34.4	11.0	228.8	341.3	51.0	.0	.0	
47.2	33.8	3.4	111.3	354.3	50.0	.0	.0	
50.8	36.9	2.0	.0	371.7	6.0	.0	.0	
51.7	36.5	2.0	55.0	324.7	39.0	.0	.0	
52.1	36.1	4.5	173.8	391.8	10.0	.0	.0	
58.8	33.6	14.1	211.3	258.2	63.0	.0	.0	
49.7	34.2	16.3	232.5	344.7	39.0	.0	.0	
52.6	26.2	8.7	168.8	342.7	42.0	.0	.0	
42.8	28.1	10.5	187.5	313.1	27.0	.0	.0	
41.4	24.6	2.9	130.0	384.2	6.0	.0	.0	
45.9	21.5	6.5	158.8	358.3	32.0	.0	.0	
46.5	22.6	3.1	137.5	374.8	10.0	.0	.0	
48.7	20.2	7.9	90.0	328.7	32.0	.0	.0	
50.4	23.2	14.8	225.0	330.8	20.0	.0	.0	
50.0	24.6	6.1	87.5	340.3	8.0	.0	.0	
58.8	21.1	14.3	201.3	304.3	42.0	.0	.0	
52.6	36.0	13.8	233.8	173.7	76.0	.0	.0	
45.6	28.0	19.2	248.8	286.5	30.0	.0	.0	
42.0	19.3	3.9	126.3	235.8	55.0	.0	.0	
46.1	25.1	15.3	192.5	179.7	63.0	.0	.0	
35.6	20.8	6.1	200.0	273.8	43.0	.0	.0	
40.7	20.1	7.5	112.5	148.5	75.0	.0	.0	
43.6	32.4	18.9	233.8	173.0	80.0	11.0	.0	
35.5	23.4	12.9	217.5	290.3	9.0	.0	.0	
42.4	24.8	11.0	221.3	261.7	44.0	.0	.0	
43.5	28.6	7.4	166.3	232.1	43.0	.0	.0	
  11    30    1967
47.7	31.6	15.2	227.5	232.2	69.0	.0	.0	
31.2	8.7	13.8	72.5	308.8	15.0	.0	.0	
27.6	8.4	7.2	165.0	175.7	39.0	.0	.0	
26.7	9.7	4.9	77.5	256.9	20.0	.0	.0	
26.8	9.6	4.9	62.5	280.6	8.0	.0	.0	
28.4	8.9	2.6	66.3	273.8	2.0	.0	.0	
36.2	17.5	2.7	91.3	281.9	2.0	.0	.0	
42.9	24.5	10.0	102.5	174.7	40.0	.0	.0	
44.1	30.6	14.7	235.0	147.1	66.0	2.0	.0	
44.4	29.9	14.3	195.0	166.5	90.0	.0	.0	
51.5	24.9	10.7	190.0	187.7	61.0	.0	.0	
41.9	29.5	2.9	116.3	116.1	98.0	.0	.0	
47.0	30.0	3.5	47.5	141.5	98.0	.0	.0	
48.4	29.4	6.1	205.0	120.7	95.0	.0	.0	
47.6	34.0	6.0	193.8	112.5	93.0	.0	.0	
38.3	29.8	6.6	226.3	200.2	45.0	.0	.0	
30.9	27.7	3.2	81.3	108.8	90.0	.0	.0	
38.8	25.2	5.8	116.3	157.6	93.0	1.0	.0	
40.8	27.6	4.9	212.5	155.9	85.0	.0	.0	
37.8	35.6	10.3	243.8	110.5	98.0	9.0	.0	
29.9	24.9	10.1	118.8	224.9	38.0	.0	61.0	
32.6	24.6	15.9	205.0	114.6	95.0	.0	.0	
31.7	24.3	12.1	206.3	166.7	83.0	.0	12.7	
40.0	30.2	21.7	242.5	148.4	69.0	.0	.0	
29.6	15.5	20.7	267.5	189.2	23.0	.0	.0	
22.9	7.9	6.5	183.8	198.7	36.0	.0	.0	
19.2	9.1	7.1	108.8	165.5	75.0	.0	.0	
25.3	20.0	5.9	125.0	100.3	98.0	.0	10.2	
29.1	20.5	12.7	147.5	115.6	98.0	.0	.0	
24.5	20.2	9.6	165.0	119.9	79.0	.0	15.2	
  12    31    1967
10.7	6.4	3.9	116.3	203.9	13.0	.0	.0	
15.4	10.1	7.5	153.8	117.5	68.0	.0	.0	
23.7	12.0	8.2	140.0	134.6	70.0	.0	.0	
39.5	18.0	19.4	172.5	119.8	87.0	.0	.0	
33.2	20.5	22.9	206.3	83.7	83.0	5.0	.0	
22.1	12.9	8.9	226.3	163.1	54.0	.0	.0	
23.4	19.1	7.8	123.8	91.9	98.0	.0	68.6	
15.7	11.4	11.3	215.0	178.2	53.0	.0	22.9	
17.0	11.6	7.7	167.5	103.3	98.0	.0	.0	
22.8	16.7	7.5	158.8	119.2	92.0	.0	.0	
25.6	17.9	19.5	207.5	128.4	67.0	.0	7.6	
8.3	-1.0	5.2	127.5	167.4	49.0	.0	.0	
2.3	-11.1	11.0	43.8	205.0	2.0	.0	.0	
3.9	-9.6	10.4	40.0	203.8	2.0	.0	.0	
6.5	-4.4	6.8	215.0	193.0	21.0	.0	.0	
11.3	4.4	8.1	162.5	94.5	94.0	.0	27.9	
16.6	11.3	13.7	215.0	105.7	96.0	.0	7.6	
25.0	17.0	24.2	163.8	119.3	98.0	.0	7.6	
22.4	16.2	5.8	212.5	104.6	94.0	.0	27.9	
14.5	10.9	10.8	211.3	97.6	98.0	.0	.0	
15.1	8.8	12.0	217.5	129.7	96.0	.0	.0	
23.3	14.0	14.7	185.0	106.1	98.0	.0	.0	
25.5	21.9	5.1	123.8	109.3	98.0	.0	5.1	
31.1	25.2	13.3	195.0	130.5	96.0	.0	.0	
34.9	30.9	14.7	210.0	91.4	98.0	.0	.0	
33.3	31.5	12.1	176.3	94.9	73.0	2.0	.0	
28.2	25.9	6.8	151.3	75.2	78.0	.0	5.1	
28.3	25.5	4.3	142.5	108.3	76.0	.0	.0	
29.3	26.0	9.5	208.8	83.3	98.0	.0	.0	
16.8	10.5	6.5	207.5	150.7	48.0	.0	10.2	
26.0	17.9	14.6	200.0	95.6	98.0	.0	22.9	
