01	31	2011
8.1	4.2	2.6	73.5	170.4	75.5	0	0.0
6.7	2.1	3.6	149.2	175.6	69.8	0	0.0
10.5	4.9	3.4	139.2	179.7	67.2	0	0.0
14.3	8.8	3.8	158.9	85.7	26.5	0	0.0
13.8	8.9	4.2	116.9	177.0	84.9	0	0.0
14.3	9.0	3.9	117.3	182.9	100.0	0	0.0
14.4	10.0	2.9	120.8	184.1	100.0	0	0.0
18.0	13.9	2.1	115.6	183.8	71.2	2	8.0
24.6	19.1	3.5	160.1	83.1	16.3	3	12.4
11.2	2.2	4.4	147.7	185.4	85.9	0	0.0
9.6	1.6	6.2	80.2	189.5	92.7	0	0.0
15.3	6.9	1.9	97.1	167.9	48.4	0	0.0
17.8	10.9	3.0	154.2	192.6	80.2	0	0.0
25.4	20.2	2.5	89.5	182.0	63.5	1	4.4
24.6	20.1	2.3	65.2	196.1	100.0	0	0.0
29.0	23.6	1.8	58.0	198.0	79.5	0	0.0
33.8	28.0	2.7	92.2	163.9	65.9	0	0.0
35.2	28.1	4.7	124.2	149.4	71.0	0	0.0
33.7	27.1	6.6	116.6	84.9	59.7	0	0.0
29.6	17.0	5.7	97.2	206.1	100.0	0	0.0
30.0	17.9	5.1	100.0	207.1	95.8	0	0.0
32.2	23.2	4.5	162.5	180.4	63.5	0	0.0
30.5	20.3	4.9	112.1	210.5	96.9	0	0.0
32.6	19.7	5.8	194.4	202.8	82.6	0	0.0
30.0	18.4	6.2	81.0	151.9	50.5	0	0.0
33.9	23.3	6.0	107.8	199.3	75.0	0	0.0
32.4	20.5	5.4	117.9	223.1	100.0	0	0.0
33.5	22.7	5.5	137.5	225.8	100.0	0	0.0
34.1	24.5	4.2	143.3	228.5	100.0	0	0.0
35.4	25.4	5.8	127.1	230.0	85.4	0	0.0
34.2	25.2	7.8	122.0	128.5	15.4	0	0.0
02	28	2011
15.6	3.9	13.5	52.3	182.5	47.4	0	0.0
7.3	3.0	6.2	84.6	240.4	94.8	0	0.0
12.0	3.0	9.4	132.9	218.3	92.7	0	0.0
22.4	5.8	7.1	107.3	135.7	53.1	0	0.0
29.7	15.8	4.5	140.2	186.7	38.0	0	0.0
28.1	10.0	3.9	129.0	177.8	58.3	0	0.0
31.1	15.2	7.9	169.6	162.3	24.6	7	18.0
22.1	13.2	9.8	104.4	160.4	47.4	6	25.1
10.6	1.6	6.5	98.5	264.7	100.0	0	0.0
13.2	3.2	5.3	111.9	268.4	95.8	0	0.0
19.9	8.6	4.9	80.6	272.2	100.0	0	0.0
27.0	15.2	4.2	73.3	276.0	100.0	0	0.0
31.9	18.9	3.5	118.8	279.9	100.0	0	0.0
35.9	20.9	4.2	118.5	270.8	83.8	0	0.0
38.1	21.5	5.0	168.3	287.8	100.0	0	0.0
43.3	22.0	10.1	162.5	283.9	92.7	0	0.0
39.3	26.8	8.3	221.3	255.3	57.1	4	0.0
37.4	25.8	9.1	149.6	255.4	76.0	0	0.0
45.3	31.2	13.8	159.1	183.9	34.9	0	0.0
35.6	20.4	7.3	177.5	235.4	66.7	0	0.0
32.9	19.7	5.2	132.3	274.8	81.8	0	0.0
35.8	19.0	6.8	150.2	316.8	93.8	0	0.0
35.3	18.6	4.7	121.7	298.2	83.3	0	0.0
39.1	18.9	5.2	114.6	213.8	35.9	0	0.0
40.4	24.2	6.3	131.0	145.8	26.6	0	0.0
41.5	25.9	8.8	162.5	203.4	22.9	0	0.0
40.6	21.4	10.4	204.8	295.8	72.4	0	0.0
37.0	20.2	4.9	131.0	343.2	100.0	0	0.0
03	31	2011
39.8	18.3	4.8	116.5	347.7	100.0	0	0.0
46.0	22.8	5.6	130.8	257.3	60.4	0	0.0
46.4	30.2	5.8	114.0	277.8	45.8	1	0.0
38.9	20.0	5.8	196.0	317.2	65.5	0	0.0
36.6	12.2	7.2	109.4	320.9	81.2	0	0.0
40.2	22.7	6.1	107.7	283.3	42.7	0	0.0
41.9	34.6	10.1	143.2	241.2	19.8	4	0.0
37.4	29.9	7.2	200.6	212.0	30.2	3	3.8
39.3	25.3	5.2	122.9	384.0	97.9	0	0.0
44.8	24.8	7.4	146.0	388.6	100.0	0	0.0
49.4	24.5	5.3	166.9	393.1	100.0	0	0.0
51.1	25.4	6.5	181.0	392.3	71.9	2	0.0
46.0	29.3	4.3	116.5	400.9	94.8	2	0.0
48.8	22.1	8.7	149.4	367.7	84.9	0	0.0
49.2	24.9	7.3	160.8	392.2	91.7	0	0.0
58.0	24.9	9.3	149.9	416.0	100.0	0	0.0
42.7	32.8	9.9	259.3	238.1	22.7	16	7.1
44.2	35.6	4.5	86.9	414.2	66.7	1	1.3
53.8	19.0	13.2	173.3	429.8	97.4	0	0.0
50.8	13.4	8.3	154.2	328.7	79.2	0	0.0
52.0	18.3	14.7	194.4	415.1	67.2	3	0.0
42.0	21.7	9.5	182.9	332.4	47.9	0	0.0
42.8	19.4	6.4	90.2	431.2	87.5	0	0.0
44.0	18.0	12.2	151.7	332.7	65.1	0	0.0
42.0	23.9	9.8	140.9	205.6	23.3	0	0.0
39.3	20.6	5.3	125.8	459.0	74.0	1	0.0
43.6	32.3	6.2	193.1	329.6	25.9	2	0.0
42.5	28.3	8.6	260.8	327.0	39.6	2	0.0
37.7	13.2	4.0	131.7	475.8	86.5	0	0.0
47.0	22.1	4.1	137.5	453.3	74.0	0	0.0
54.0	29.1	4.0	141.7	483.3	99.0	0	0.0
04	30	2011
55.4	22.1	6.9	144.2	489.5	100.0	0	0.0
64.2	22.0	14.2	186.7	493.9	89.1	0	0.0
46.9	28.6	13.6	186.7	251.1	47.9	11	0.0
39.0	21.4	4.2	83.3	483.0	87.5	0	0.0
51.8	24.4	8.2	143.1	507.3	100.0	0	0.0
51.2	29.2	8.9	171.2	351.7	68.2	0	0.0
53.4	29.8	16.6	163.8	454.9	71.3	0	0.0
55.6	22.8	15.3	188.0	441.8	68.1	0	0.0
47.1	29.1	13.7	210.0	378.5	40.3	0	0.0
41.0	21.3	5.9	176.2	369.0	33.9	0	0.0
45.9	21.3	5.5	138.5	533.0	100.0	0	0.0
49.6	21.0	6.0	158.8	523.7	96.9	0	0.0
53.7	20.6	8.4	157.1	505.0	76.0	0	0.0
47.2	23.4	10.3	244.1	440.8	50.5	3	0.0
44.2	12.7	3.1	73.3	549.3	99.5	0	0.0
55.9	19.8	6.8	156.9	518.9	61.5	0	0.0
62.4	27.7	8.5	139.6	523.3	66.2	0	0.0
60.3	35.6	10.5	172.3	313.0	36.6	19	0.0
50.6	37.6	5.4	135.1	381.3	51.0	20	0.0
56.2	32.0	6.1	120.4	546.5	72.4	0	0.0
55.8	34.7	11.7	221.6	554.8	62.7	8	0.0
51.9	20.6	6.5	199.6	537.7	45.3	0	0.0
45.0	35.6	3.5	87.9	237.2	19.1	16	0.0
46.1	41.7	8.2	155.1	313.6	31.8	12	0.0
49.6	36.6	7.7	178.5	414.5	30.8	2	0.0
41.3	33.1	9.2	206.0	372.8	45.4	5	0.0
41.8	22.2	3.2	116.2	588.4	97.9	0	0.0
51.6	22.9	10.2	141.9	596.9	89.6	0	0.0
51.3	24.3	14.4	227.5	481.1	58.1	0	0.0
38.0	22.9	6.9	203.1	487.9	71.0	2	5.7
05	31	2011
40.9	15.8	8.0	82.3	502.6	74.5	0	0.0
45.5	17.3	4.9	129.6	578.8	92.7	0	0.0
54.4	17.3	8.3	114.2	613.4	89.1	0	0.0
57.8	18.1	7.8	183.1	613.6	84.4	0	0.0
58.0	14.2	7.5	173.8	619.6	100.0	0	0.0
62.9	19.8	8.4	136.2	622.6	99.0	0	0.0
67.5	20.7	9.1	156.7	625.5	96.9	0	0.0
71.5	15.1	17.1	166.8	625.4	99.0	0	0.0
55.3	34.3	12.0	160.6	421.8	41.0	18	0.0
50.3	33.3	8.9	196.0	551.3	66.2	0	0.0
48.5	38.7	7.8	220.8	312.9	11.3	17	0.0
55.3	36.8	3.8	58.5	504.5	52.6	0	0.0
62.8	33.5	7.5	133.5	642.0	100.0	0	0.0
63.1	34.0	10.1	134.6	622.6	87.5	0	0.0
68.7	27.5	12.2	138.3	643.0	87.0	0	0.0
68.3	18.2	14.8	204.4	617.2	79.2	0	0.0
52.2	38.7	10.2	239.2	372.4	33.3	3	0.0
48.0	38.6	11.8	129.0	343.3	17.0	28	0.0
48.1	37.7	8.0	141.9	554.8	44.8	0	0.0
47.8	42.8	4.7	111.1	370.9	18.9	18	0.0
57.4	41.7	4.7	139.6	475.2	31.2	0	0.0
61.4	40.0	6.3	128.9	618.6	77.9	0	0.0
57.8	42.4	7.3	175.2	530.3	50.0	1	0.0
52.8	41.9	8.1	187.2	444.8	26.8	2	0.0
57.5	36.8	3.8	83.8	668.2	94.8	0	0.0
67.4	29.9	13.2	197.3	669.2	92.7	0	0.0
65.1	31.4	6.9	187.7	625.2	70.3	0	0.0
67.7	35.3	5.5	172.7	637.3	92.7	0	0.0
74.8	27.1	23.2	191.0	641.2	87.0	0	0.0
57.2	22.0	12.4	245.4	490.0	57.3	0	0.0
61.4	22.4	7.5	128.8	677.9	100.0	0	0.0
06	30	2011
72.3	23.7	11.0	142.9	679.3	100.0	0	0.0
73.7	5.2	15.0	189.8	680.6	100.0	0	0.0
63.5	11.5	5.5	209.4	681.9	100.0	0	0.0
69.9	19.7	10.2	181.5	683.2	100.0	0	0.0
76.2	23.6	11.5	149.2	684.4	100.0	0	0.0
78.3	21.8	16.9	178.8	685.5	100.0	0	0.0
68.7	14.1	7.2	143.8	686.6	100.0	0	0.0
70.6	17.9	10.9	173.8	687.6	100.0	0	0.0
69.3	26.9	8.8	235.2	686.2	92.7	0	0.0
68.0	22.7	4.3	114.4	689.5	100.0	0	0.0
72.5	23.4	8.4	155.8	688.6	99.0	0	0.0
74.0	16.1	10.0	159.0	691.0	100.0	0	0.0
73.5	21.0	7.6	194.4	658.1	93.8	0	0.0
72.0	31.5	5.2	175.2	692.3	94.8	0	0.0
76.1	25.8	6.7	164.8	692.9	99.0	0	0.0
75.1	35.0	10.1	158.1	682.0	90.1	0	0.0
66.9	40.2	7.4	147.8	545.0	42.5	0	0.0
73.5	35.4	8.3	161.2	691.0	81.2	0	0.0
63.8	36.7	11.9	192.5	571.0	50.9	17	0.0
59.4	47.9	3.9	110.1	473.7	38.5	10	0.0
67.8	43.7	4.8	122.7	694.9	89.6	0	0.0
73.8	36.4	8.9	179.0	695.0	100.0	0	0.0
79.2	30.8	10.0	170.4	695.0	100.0	0	0.0
81.6	25.7	7.6	150.4	695.0	100.0	0	0.0
79.9	19.3	9.0	136.5	694.9	100.0	0	0.0
80.6	18.2	11.0	192.3	694.7	100.0	0	0.0
79.6	28.4	6.6	179.0	689.2	97.9	0	0.0
82.2	29.1	9.7	175.6	694.2	100.0	0	0.0
84.1	39.9	15.9	142.3	692.9	90.0	1	0.0
71.1	47.2	10.3	194.8	631.4	74.0	6	0.0
07	31	2011
73.1	39.4	5.2	125.4	693.0	100.0	0	0.0
81.8	37.3	8.7	149.2	692.4	100.0	0	0.0
84.6	38.2	7.8	145.4	691.8	100.0	0	0.0
82.7	42.5	8.0	164.8	629.4	88.5	0	0.0
77.2	49.4	7.2	173.5	687.5	96.9	0	0.0
80.9	48.2	9.0	179.6	689.4	95.8	0	0.0
79.6	52.1	8.8	185.2	650.8	76.0	0	0.0
73.7	56.7	9.0	127.0	574.0	65.4	6	0.0
72.2	56.5	7.5	113.5	607.2	77.6	0	0.0
70.8	58.3	10.5	148.1	587.2	54.7	6	0.0
72.9	55.4	5.2	107.2	557.3	57.1	47	0.0
68.4	59.0	9.5	126.3	524.4	51.0	1	0.0
70.5	56.1	7.7	126.7	679.5	96.3	0	0.0
75.9	47.4	5.9	168.1	680.8	97.9	0	0.0
78.9	31.6	11.0	150.6	679.4	100.0	0	0.0
77.5	40.5	10.8	118.3	531.4	67.7	0	0.0
80.8	52.0	9.4	215.2	602.1	68.8	0	0.0
80.0	56.2	9.7	153.2	574.9	70.3	0	0.0
74.6	58.4	9.7	178.1	559.5	58.3	12	0.0
78.1	51.9	7.1	137.7	671.5	96.9	0	0.0
80.4	41.7	7.7	162.4	660.4	92.0	0	0.0
80.6	33.9	7.1	162.9	668.0	100.0	0	0.0
80.8	29.7	6.8	193.1	666.0	100.0	0	0.0
84.0	33.9	5.8	145.6	634.7	91.2	0	0.0
82.8	43.9	8.3	143.1	588.4	85.9	0	0.0
70.5	59.9	5.4	178.5	452.9	42.4	4	0.0
73.5	54.4	5.8	194.0	630.2	85.4	0	0.0
77.4	47.4	6.1	212.9	655.8	100.0	0	0.0
79.9	38.0	5.6	149.8	593.3	100.0	0	0.0
82.2	44.2	10.0	166.9	651.3	95.8	0	0.0
81.4	53.4	8.5	177.4	534.7	48.4	4	0.0
08	31	2011
76.5	58.8	10.4	108.1	515.4	60.8	0	0.0
77.8	55.5	6.5	152.5	624.9	92.7	0	0.0
75.6	55.1	8.8	142.1	579.2	77.1	10	0.0
74.2	54.8	6.7	111.3	636.7	97.1	9	0.0
76.5	48.9	6.5	133.5	631.1	91.7	0	0.0
78.5	37.2	6.3	174.0	633.9	100.0	0	0.0
77.7	26.2	8.3	149.2	631.2	100.0	0	0.0
77.0	24.4	6.9	159.4	628.5	100.0	0	0.0
78.3	26.0	8.0	165.6	625.6	100.0	0	0.0
79.5	29.0	5.3	137.3	622.7	100.0	0	0.0
78.9	29.7	6.7	143.8	616.2	95.3	0	0.0
81.5	28.9	8.1	169.2	616.8	100.0	0	0.0
82.1	31.4	8.6	163.8	613.7	100.0	0	0.0
73.0	53.2	9.4	100.8	326.6	45.7	3	0.0
73.9	56.0	5.0	117.9	554.8	85.9	0	0.0
79.9	46.7	6.8	167.9	601.7	95.3	0	0.0
81.1	40.8	7.0	142.7	601.3	100.0	0	0.0
82.0	40.2	6.5	138.8	597.8	95.3	0	0.0
81.8	46.9	8.9	150.8	594.7	100.0	0	0.0
81.0	45.3	8.7	200.0	585.7	97.9	0	0.0
80.8	46.2	4.2	127.3	560.3	93.8	0	0.0
80.6	45.2	6.0	161.5	533.8	88.5	0	0.0
81.5	42.9	7.2	157.3	567.1	96.9	0	0.0
82.8	42.5	10.1	138.5	542.2	92.7	0	0.0
81.1	49.1	11.9	170.0	563.3	81.8	0	0.0
79.5	54.2	9.2	101.7	564.9	91.7	0	0.0
80.6	52.3	10.6	138.3	547.4	89.1	0	0.0
74.1	56.1	6.6	184.2	425.9	72.2	4	0.0
78.3	52.6	9.2	148.1	487.1	65.1	0	0.0
78.0	49.7	9.1	157.7	528.6	82.8	1	0.0
78.8	48.4	12.4	144.6	527.4	89.2	2	0.0
09	30	2011
82.0	41.9	10.4	171.9	528.9	93.2	0	0.0
76.4	41.3	6.8	138.6	525.3	83.0	2	0.0
75.4	27.2	6.2	155.8	539.0	100.0	0	0.0
73.5	24.9	8.1	159.6	534.9	100.0	0	0.0
74.2	35.1	9.2	172.3	491.9	75.0	0	0.0
63.9	57.1	5.8	132.8	334.4	45.3	12	0.0
67.1	49.5	5.3	192.3	503.8	86.5	0	0.0
70.8	44.4	8.8	137.5	518.1	98.4	0	0.0
69.0	43.6	8.7	136.7	480.4	75.8	11	0.0
66.4	44.2	3.3	131.9	478.3	86.5	0	0.0
67.4	45.1	7.8	130.8	378.9	66.7	0	0.0
68.2	45.9	4.2	138.5	438.7	66.2	0	0.0
68.4	40.4	4.5	120.4	474.9	79.2	0	0.0
62.3	45.8	7.5	151.6	338.0	43.8	24	0.0
61.6	51.4	5.2	91.9	382.5	40.5	0	0.0
62.4	49.1	6.6	131.9	442.5	47.4	57	0.0
59.4	50.4	6.8	125.9	309.7	39.7	7	0.0
61.2	46.1	5.6	116.7	459.9	92.2	0	0.0
65.7	42.7	6.6	146.0	453.6	89.1	0	0.0
67.9	39.2	6.1	110.2	464.6	96.9	0	0.0
66.7	37.1	3.8	103.3	460.2	99.0	0	0.0
65.9	34.0	6.3	140.4	457.2	100.0	0	0.0
66.2	32.7	6.8	138.1	452.7	100.0	0	0.0
67.7	30.0	8.0	150.0	439.8	95.8	0	0.0
68.0	27.8	6.7	136.0	443.6	100.0	0	0.0
68.5	31.0	6.9	166.9	412.2	88.5	0	0.0
68.1	32.3	5.2	109.8	434.4	100.0	0	0.0
69.2	32.4	5.9	124.6	429.8	100.0	0	0.0
71.7	34.2	6.8	134.6	425.2	100.0	0	0.0
70.9	36.2	9.2	145.4	393.8	85.9	0	0.0
10	31	2011
69.2	37.5	11.4	144.8	366.9	85.4	0	0.0
68.2	39.5	10.4	177.5	345.5	79.7	0	0.0
66.6	43.1	7.9	134.2	310.6	65.6	0	0.0
58.3	49.4	14.2	103.1	208.7	17.7	25	0.0
58.6	43.6	16.9	151.2	253.9	30.7	0	0.0
47.0	37.4	15.0	133.4	203.2	30.7	10	0.0
43.1	30.2	4.5	146.7	359.4	85.4	0	0.0
44.0	34.3	4.1	178.3	212.2	37.5	0	0.0
46.9	31.2	3.8	130.0	342.6	88.5	0	0.0
50.4	31.9	4.8	111.9	367.1	83.8	0	0.0
57.4	37.4	6.6	167.1	284.2	43.2	0	0.0
54.5	31.5	3.4	92.5	364.9	100.0	0	0.0
55.4	26.6	5.8	159.2	360.3	100.0	0	0.0
58.7	29.5	5.7	137.9	355.7	99.5	0	0.0
62.1	31.5	6.2	112.1	351.1	100.0	0	0.0
63.9	29.9	7.2	137.4	346.6	96.3	0	0.0
58.9	29.9	9.3	194.0	310.1	75.5	2	0.0
49.8	23.1	3.7	114.4	337.7	100.0	0	0.0
50.9	19.6	7.1	133.8	333.3	100.0	0	0.0
52.7	23.1	4.6	126.2	329.1	100.0	0	0.0
55.3	24.8	6.9	143.1	321.7	97.9	0	0.0
54.5	25.8	5.3	134.2	320.9	100.0	0	0.0
54.5	26.2	6.2	111.5	316.8	100.0	0	0.0
56.0	24.4	6.5	154.6	312.7	93.8	0	0.0
54.2	34.7	10.1	139.6	184.1	41.1	23	0.0
42.4	33.5	6.7	250.7	133.8	33.7	20	0.0
39.2	25.2	2.5	61.2	299.4	97.9	0	0.0
41.1	26.3	3.7	80.6	296.7	100.0	0	0.0
39.8	27.3	3.2	120.0	284.4	96.9	0	0.0
43.8	27.6	4.2	85.6	288.9	100.0	0	0.0
45.7	29.6	4.3	96.7	285.1	100.0	0	0.0
11	30	2011
46.0	31.0	10.2	204.2	264.9	65.6	13	0.0
37.2	25.7	6.5	180.4	266.9	69.8	0	0.0
37.1	24.6	5.8	73.3	273.9	100.0	0	0.0
49.9	24.2	11.0	151.5	238.9	75.5	0	0.0
41.0	31.3	8.6	249.4	128.1	20.0	13	0.0
38.1	27.1	4.2	140.4	174.6	23.4	0	0.0
39.5	29.6	3.9	177.9	125.8	27.1	0	0.0
37.3	22.9	4.4	224.0	255.1	78.1	0	0.0
34.3	20.5	3.8	92.1	252.8	100.0	0	0.0
34.4	18.7	4.5	115.6	249.5	100.0	0	0.0
33.5	19.0	2.7	77.3	246.2	95.8	0	0.0
41.2	24.3	4.9	99.6	140.8	28.6	0	0.0
37.9	32.8	3.2	82.3	101.4	41.1	11	0.0
39.8	32.1	4.1	79.5	232.9	95.8	0	0.0
38.4	29.8	3.7	109.0	110.7	60.4	0	0.0
35.4	20.9	3.2	75.8	230.8	100.0	0	0.0
36.4	17.5	6.4	126.7	227.9	100.0	0	0.0
43.3	22.6	7.0	149.0	225.1	100.0	0	0.0
43.4	29.1	5.1	163.1	97.1	21.9	0	0.0
43.6	31.2	4.1	127.9	116.3	18.8	0	0.0
46.0	30.8	7.1	146.9	143.7	27.1	0	0.0
41.3	31.0	4.4	116.2	210.4	92.7	0	0.0
40.0	26.9	3.8	111.7	212.1	100.0	0	0.0
37.6	25.4	2.6	128.5	209.7	99.5	0	0.0
40.2	23.2	7.3	206.0	200.7	81.2	0	0.0
33.4	5.7	6.6	99.6	205.1	100.0	0	0.0
31.4	7.7	5.1	109.2	202.9	100.0	0	0.0
35.1	14.8	4.0	148.5	200.9	100.0	0	0.0
37.4	18.1	4.3	99.4	198.8	96.9	0	0.0
38.6	19.4	4.7	114.2	196.9	87.5	0	0.0
12	31	2011
40.6	20.4	5.6	117.9	158.4	75.5	0	0.0
31.2	17.7	1.9	87.7	84.1	27.6	0	0.0
32.4	18.8	4.7	196.2	86.2	11.5	0	0.0
28.5	12.3	4.3	190.8	114.8	15.1	0	0.0
24.2	6.4	4.1	188.5	173.2	59.4	0	0.0
18.3	0.1	4.2	81.7	186.9	100.0	0	0.0
22.3	4.9	3.9	117.5	185.5	100.0	0	0.0
25.2	8.7	2.8	66.2	184.2	100.0	0	0.0
27.9	12.8	5.3	107.9	183.0	100.0	0	0.0
28.8	13.2	4.9	137.9	181.9	100.0	0	0.0
28.2	13.8	4.3	120.0	180.8	100.0	0	0.0
32.6	16.8	5.2	165.1	126.9	49.6	1	1.3
34.4	32.4	4.0	145.8	87.0	11.9	6	12.2
34.0	30.1	8.0	234.4	93.8	28.5	8	21.2
30.8	23.2	8.3	126.7	164.9	66.2	0	0.0
27.7	19.2	8.8	130.8	176.9	100.0	0	0.0
27.9	18.7	6.3	95.6	176.4	100.0	0	0.0
29.0	19.9	3.2	129.0	175.9	90.6	0	0.0
32.4	22.6	3.3	132.9	175.6	91.7	0	0.0
30.8	21.2	4.5	112.9	175.3	100.0	0	0.0
29.0	18.7	5.0	123.1	145.6	49.5	0	0.0
22.6	18.0	4.1	132.7	97.2	40.6	6	26.5
17.9	10.2	11.3	116.5	172.7	96.3	0	0.0
19.0	9.6	10.2	118.8	175.1	100.0	0	0.0
22.2	12.1	7.0	114.2	175.2	100.0	0	0.0
21.2	13.5	3.6	80.0	175.4	100.0	0	0.0
23.1	14.2	2.8	72.1	175.7	100.0	0	0.0
27.5	17.0	5.5	112.1	176.0	100.0	0	0.0
32.8	22.1	2.4	46.7	163.9	64.1	0	0.0
36.8	26.2	3.5	96.7	177.0	81.2	0	0.0
32.7	13.8	9.5	186.0	177.6	100.0	0	0.0
