01	31	2018
11.3	6.2	2.6	51.9	186.2	97.4	0	0.0
18.2	3.8	4.7	170.8	187.5	100.0	0	0.0
25.2	1.5	5.7	188.5	188.3	100.0	0	0.0
29.4	3.7	5.7	207.5	189.2	100.0	0	0.0
30.7	5.8	3.5	142.7	190.2	100.0	0	0.0
33.0	10.8	3.2	112.9	191.2	87.0	0	0.0
41.2	22.4	8.8	109.4	192.4	84.4	0	0.0
35.6	19.3	4.5	146.0	193.6	100.0	0	0.0
47.3	21.2	7.7	193.8	194.9	100.0	0	0.0
42.3	25.1	10.8	162.5	195.9	80.2	6	0.0
32.4	18.6	8.6	100.2	197.7	85.9	0	0.0
32.8	21.4	8.3	147.2	138.3	67.5	0	0.0
31.1	23.9	5.2	151.6	191.1	79.5	0	0.0
31.8	21.7	6.0	168.1	202.5	100.0	0	0.0
24.4	17.0	7.0	88.8	80.8	21.9	1	4.9
14.8	5.4	4.0	91.7	206.1	100.0	0	0.0
25.5	8.5	2.9	106.2	208.0	100.0	0	0.0
34.9	10.3	4.4	161.9	210.1	100.0	0	0.0
45.6	15.3	7.8	245.4	212.2	100.0	0	0.0
47.4	19.6	6.6	171.0	214.5	100.0	0	0.0
30.9	22.9	12.3	215.3	85.9	17.0	6	15.9
33.1	9.0	11.8	222.5	219.2	92.2	0	0.0
29.0	9.3	4.8	93.1	221.6	100.0	0	0.0
33.0	10.6	5.6	205.2	224.2	100.0	0	0.0
39.9	8.2	6.4	180.4	226.8	100.0	0	0.0
36.9	9.8	7.7	205.2	215.8	93.8	0	0.0
29.7	1.9	3.7	119.8	232.2	100.0	0	0.0
32.0	9.0	3.9	118.3	235.0	100.0	0	0.0
35.4	17.7	5.2	157.5	237.9	100.0	0	0.0
47.9	10.1	9.0	267.7	240.8	100.0	0	0.0
38.9	18.8	6.9	103.3	243.8	100.0	0	0.0
02	28	2018
31.3	18.6	5.8	154.4	190.7	51.0	0	0.0
34.1	18.6	4.0	115.8	237.8	89.1	0	0.0
46.9	17.8	11.8	208.5	253.2	100.0	0	0.0
23.1	18.5	7.2	135.6	112.0	40.6	0	0.0
38.6	21.9	13.3	160.9	258.1	67.4	4	15.7
27.0	22.7	5.1	114.2	197.4	35.2	4	16.3
30.1	23.2	4.1	118.5	258.3	95.8	0	0.0
44.7	22.2	9.3	227.7	270.1	100.0	0	0.0
33.2	22.9	10.7	150.2	123.5	42.9	0	0.0
17.4	15.0	6.9	106.7	140.9	19.8	13	79.1
17.8	13.1	4.5	175.1	280.9	84.1	0	0.0
25.9	19.8	3.8	174.6	278.3	89.1	0	0.0
38.3	24.9	5.4	202.7	288.4	100.0	0	0.0
49.9	23.9	7.9	174.4	292.1	100.0	0	0.0
45.5	26.1	8.7	180.5	295.6	74.8	4	9.9
33.1	23.8	6.2	141.5	276.7	58.5	2	5.1
44.1	16.9	12.7	206.0	304.1	100.0	0	0.0
47.6	16.1	5.3	156.5	308.2	100.0	0	0.0
23.6	16.8	9.9	105.6	124.9	22.9	5	22.9
15.4	8.2	7.2	124.4	244.2	37.3	0	0.0
19.0	8.6	5.0	106.7	320.6	91.2	0	0.0
27.9	16.4	5.8	110.1	267.0	53.1	0	0.0
25.5	18.1	6.3	95.2	322.6	69.4	1	5.9
33.0	11.2	11.7	175.0	331.3	69.5	0	1.8
31.1	4.1	9.5	235.2	337.8	99.0	0	0.0
38.0	3.4	5.3	162.3	342.1	100.0	0	0.0
43.6	4.9	8.5	263.8	346.5	100.0	0	0.0
39.8	11.3	6.9	72.1	303.9	64.6	0	0.0
03	31	2018
39.0	17.1	7.2	130.6	355.4	92.7	0	0.0
47.2	12.3	5.5	200.0	359.8	100.0	0	0.0
51.2	7.9	6.7	164.0	364.3	100.0	0	0.0
55.4	8.1	17.6	226.5	368.8	92.2	0	0.0
38.0	1.7	17.8	298.5	373.2	100.0	0	0.0
33.8	1.7	6.1	113.8	377.8	100.0	0	0.0
35.3	4.4	4.4	107.9	382.3	100.0	0	0.0
44.7	5.5	5.1	132.5	386.6	99.0	0	0.0
48.5	10.4	7.1	196.9	391.3	100.0	0	0.0
46.3	17.8	11.1	137.9	320.8	75.0	0	0.0
36.4	13.6	4.2	96.7	400.4	100.0	0	0.0
41.5	11.3	6.0	90.2	401.3	82.8	0	0.0
42.5	19.4	7.7	85.2	409.5	78.7	0	0.0
50.9	23.2	8.0	193.5	414.1	84.4	0	0.0
53.3	23.3	11.6	222.9	416.3	84.9	0	0.0
51.8	14.2	18.5	250.0	423.4	100.0	0	0.0
48.2	17.1	7.5	137.9	428.0	100.0	0	0.0
48.6	16.5	13.7	239.5	413.9	71.7	0	0.0
43.5	21.3	15.6	137.3	383.3	63.5	0	0.0
40.8	14.2	6.4	138.8	437.3	97.9	0	0.0
44.7	12.9	5.6	159.0	424.4	87.5	0	0.0
56.9	22.9	7.5	179.4	450.8	92.7	0	0.0
62.8	26.5	18.6	255.4	453.2	99.0	0	0.0
55.0	26.3	9.2	120.2	459.9	100.0	0	0.0
53.6	24.2	8.8	150.9	464.3	97.7	0	0.0
46.7	33.0	10.8	65.9	427.9	51.7	0	0.0
41.0	30.3	6.5	161.0	327.3	46.9	4	0.0
43.4	28.6	8.4	182.1	353.6	57.3	3	0.0
42.3	26.2	7.8	110.0	373.1	72.9	0	0.0
50.5	24.9	7.7	177.9	486.6	90.6	0	0.0
50.0	25.1	13.0	127.9	491.1	100.0	0	0.0
04	30	2018
35.1	20.2	7.3	95.8	440.4	68.2	0	0.0
55.0	18.0	10.3	205.2	500.0	100.0	0	0.0
42.6	13.2	11.1	108.8	426.2	64.1	0	0.0
48.9	5.8	8.6	192.3	508.6	98.4	0	0.0
55.8	16.4	9.2	141.5	512.0	88.5	0	0.0
36.3	24.0	11.6	82.4	372.2	49.5	0	0.0
37.3	28.3	7.0	110.9	428.5	29.2	4	0.0
56.9	34.7	11.0	199.4	507.6	68.2	9	0.0
47.3	35.0	7.2	110.3	464.0	56.3	9	0.0
53.1	26.2	5.6	104.8	534.2	100.0	0	0.0
62.1	21.7	11.0	258.1	538.3	100.0	0	0.0
64.3	19.6	13.4	208.1	539.7	82.3	0	0.0
44.6	24.3	27.4	112.9	323.9	41.1	1	0.0
45.3	18.1	14.5	142.3	526.8	78.7	0	0.0
48.1	22.2	6.8	96.2	552.1	96.9	0	0.0
57.1	21.6	6.6	148.8	558.2	100.0	0	0.0
59.8	10.0	25.0	253.7	447.7	86.1	0	0.0
47.8	4.9	8.2	149.8	565.8	100.0	0	0.0
53.3	17.3	11.8	90.4	569.5	100.0	0	0.0
51.0	31.0	23.6	122.6	330.8	42.9	0	0.0
44.7	35.7	8.3	98.4	290.6	11.3	4	0.0
49.6	36.7	7.7	109.0	544.0	66.8	0	0.0
56.5	36.1	7.9	96.0	584.0	99.7	0	0.0
41.8	33.8	16.7	92.6	246.2	16.3	8	0.0
48.4	31.5	5.2	123.8	565.2	75.7	0	0.0
52.6	26.8	18.8	141.7	579.7	96.3	0	0.0
56.0	25.4	7.2	171.7	597.6	99.0	0	0.0
64.5	29.1	8.3	188.3	600.8	89.6	0	0.0
68.8	27.8	7.2	199.0	604.0	100.0	0	0.0
70.7	14.2	14.3	208.8	607.2	100.0	0	0.0
05	31	2018
60.9	34.3	10.7	142.4	600.7	95.8	0	0.0
56.5	42.0	6.0	90.8	399.8	22.2	29	0.0
52.8	40.0	13.0	156.8	392.1	49.6	1	0.0
57.8	32.1	5.7	115.4	610.2	96.9	0	0.0
64.5	27.6	9.2	171.2	622.1	100.0	0	0.0
68.9	31.7	7.3	137.5	624.9	100.0	0	0.0
70.1	33.7	7.1	176.5	627.6	100.0	0	0.0
73.1	32.2	10.3	148.5	630.3	100.0	0	0.0
69.8	33.8	6.3	138.1	627.8	93.2	0	0.0
72.5	31.6	7.8	144.2	635.5	100.0	0	0.0
68.9	47.6	14.0	132.6	638.0	97.9	0	0.0
65.8	50.6	11.3	89.5	599.7	53.3	0	0.0
66.5	50.2	13.1	101.7	593.4	57.8	0	0.0
65.5	46.6	9.4	92.4	556.9	49.1	0	0.0
65.9	45.1	7.8	118.7	623.1	72.1	2	0.0
69.5	37.5	7.7	122.1	650.0	100.0	0	0.0
74.0	28.9	8.7	220.4	652.4	100.0	0	0.0
66.6	43.3	17.7	131.5	592.4	84.4	0	0.0
57.7	45.2	11.0	87.9	315.4	17.2	2	0.0
54.7	42.1	6.7	120.8	425.8	42.0	0	0.0
63.3	40.6	9.9	223.5	661.1	100.0	0	0.0
67.4	39.9	9.0	133.5	663.2	100.0	0	0.0
70.8	44.2	9.2	189.2	645.1	95.3	0	0.0
72.9	35.4	7.3	202.7	667.0	100.0	0	0.0
76.9	38.5	8.2	166.0	668.9	100.0	0	0.0
76.5	32.1	7.1	213.1	670.7	100.0	0	0.0
74.8	33.2	12.1	151.4	648.5	96.9	7	0.0
71.2	48.6	18.8	88.1	666.1	88.0	0	0.0
69.8	47.2	8.4	90.0	657.8	79.2	0	0.0
69.3	49.1	8.3	106.5	638.9	72.2	2	0.0
74.8	37.2	8.7	184.6	678.7	100.0	0	0.0
06	30	2018
79.9	21.5	12.2	216.2	680.1	100.0	0	0.0
70.2	34.1	9.7	112.1	681.4	100.0	0	0.0
60.9	44.4	9.0	202.5	465.0	76.6	10	0.0
75.4	40.0	7.4	169.0	683.9	100.0	0	0.0
81.9	34.1	10.0	170.8	685.1	100.0	0	0.0
81.5	40.0	9.1	177.1	686.2	100.0	0	0.0
76.2	49.7	10.3	65.9	685.9	97.6	0	0.0
78.7	40.4	6.8	136.9	682.6	98.4	0	0.0
82.6	31.1	9.4	207.1	689.1	100.0	0	0.0
83.0	27.5	8.3	213.8	690.0	100.0	0	0.0
77.6	31.9	13.5	123.6	690.8	100.0	0	0.0
78.6	44.8	10.8	124.0	691.5	100.0	0	0.0
80.7	49.2	11.9	152.3	692.1	97.9	0	0.0
81.4	37.0	11.1	238.1	690.8	99.0	0	0.0
83.3	37.5	8.8	238.1	693.2	100.0	0	0.0
77.0	48.3	10.5	191.5	604.5	90.1	0	0.0
74.8	54.5	8.9	191.3	613.5	62.7	2	0.0
76.2	52.0	8.9	122.7	673.8	94.3	0	0.0
75.4	54.9	15.1	71.7	627.9	75.2	0	0.0
73.9	48.5	7.6	136.9	686.5	68.2	0	0.0
77.2	47.9	7.7	68.1	695.1	95.8	0	0.0
74.2	51.3	8.9	78.2	675.8	70.8	0	0.0
75.4	50.9	9.4	147.9	695.2	100.0	0	0.0
65.4	50.1	16.6	112.6	472.1	58.9	1	0.0
70.3	41.2	7.1	102.5	695.1	100.0	0	0.0
81.5	32.1	6.5	133.5	695.0	100.0	0	0.0
86.8	35.4	8.2	176.5	694.7	100.0	0	0.0
88.6	40.2	13.5	208.3	693.0	98.4	0	0.0
83.6	27.9	8.8	196.5	617.0	86.6	0	0.0
76.8	49.1	17.7	160.6	693.7	89.6	0	0.0
07	31	2018
77.7	44.9	12.7	138.3	685.0	72.9	0	0.0
80.2	46.9	11.1	148.7	692.7	100.0	0	0.0
82.4	40.4	9.6	211.0	691.5	99.0	0	0.0
85.8	37.5	12.9	192.3	691.4	100.0	0	0.0
74.9	54.0	12.2	173.5	634.8	76.6	3	0.0
77.4	54.5	8.0	116.3	689.9	94.8	0	0.0
81.8	53.3	9.3	136.2	689.1	100.0	0	0.0
83.0	50.3	10.7	135.0	688.2	100.0	0	0.0
82.0	48.6	10.7	102.3	687.2	100.0	0	0.0
82.8	45.1	11.2	139.0	686.2	100.0	0	0.0
80.6	49.9	10.0	146.5	683.3	91.7	0	0.0
77.0	53.9	9.3	216.1	594.8	80.5	14	0.0
80.3	56.2	9.8	173.1	648.1	77.0	4	0.0
80.4	57.0	9.2	120.7	675.3	93.1	0	0.0
74.2	61.0	10.1	163.4	517.4	68.1	21	0.0
73.5	62.8	8.4	149.9	614.9	63.4	40	0.0
75.3	59.6	8.5	127.7	677.2	97.9	0	0.0
81.8	54.4	7.5	196.0	675.7	100.0	0	0.0
86.4	46.6	7.3	151.2	674.1	100.0	0	0.0
84.8	49.6	7.7	224.7	648.2	89.2	0	0.0
81.7	55.3	8.8	197.1	621.1	91.2	17	0.0
78.9	59.8	8.1	157.2	612.0	88.7	0	0.0
75.8	61.3	10.9	149.9	529.9	43.9	5	0.0
75.4	61.4	5.5	130.4	639.2	93.8	0	0.0
78.2	57.9	11.2	194.2	645.4	82.3	0	0.0
74.0	58.5	8.7	154.1	612.0	64.7	0	0.0
73.1	57.3	9.6	169.1	580.5	62.6	0	0.0
71.8	55.6	8.4	113.3	652.0	94.3	0	0.0
70.1	58.1	10.5	135.7	587.2	70.7	2	0.0
69.8	53.6	8.0	141.9	576.9	63.0	0	0.0
70.6	50.8	6.6	87.3	650.9	100.0	0	0.0
08	31	2018
73.2	53.0	6.6	112.7	633.3	93.9	0	0.0
77.6	51.6	7.3	195.2	646.2	100.0	0	0.0
73.8	57.8	9.0	190.1	525.5	85.2	7	0.0
79.5	48.1	9.1	207.9	612.6	92.7	0	0.0
77.7	52.8	9.3	208.6	619.4	94.1	0	0.0
74.9	60.2	10.9	143.3	577.0	70.3	19	0.0
73.7	61.1	9.4	137.6	633.4	80.0	12	0.0
71.7	59.5	5.4	109.4	560.1	71.4	0	0.0
73.8	54.4	6.0	104.0	625.3	99.0	0	0.0
72.8	52.9	7.8	114.2	625.3	97.9	0	0.0
72.7	47.9	7.0	123.1	622.5	100.0	0	0.0
72.2	48.9	8.7	122.7	619.7	100.0	0	0.0
73.7	53.5	7.0	135.4	616.8	100.0	0	0.0
73.3	57.4	8.2	86.5	613.3	74.2	28	0.0
70.4	58.8	7.3	169.2	592.6	94.4	0	0.0
74.8	55.2	6.2	150.8	586.9	86.7	7	0.0
72.3	62.3	6.5	90.8	571.1	69.4	12	0.0
69.7	60.7	6.5	118.4	515.0	62.7	4	0.0
68.8	52.4	10.8	119.4	567.0	66.2	2	0.0
68.0	50.6	7.6	91.9	595.2	87.5	0	0.0
64.5	51.5	5.5	106.2	490.8	61.4	17	0.0
69.3	60.7	4.8	81.7	469.9	45.9	0	0.0
75.8	52.0	6.3	166.0	580.2	96.9	0	0.0
76.7	43.7	7.7	169.8	581.6	100.0	0	0.0
75.2	51.9	7.4	190.4	578.1	99.5	0	0.0
79.5	46.8	11.4	265.0	574.5	99.0	0	0.0
82.0	41.6	10.6	267.8	570.9	100.0	0	0.0
72.0	48.1	11.7	111.7	567.2	90.6	0	0.0
72.5	54.6	10.2	113.0	561.0	71.9	0	0.0
78.7	42.7	8.4	241.0	559.6	98.4	0	0.0
79.2	40.9	6.8	185.8	553.9	97.2	0	0.0
09	30	2018
75.2	47.1	9.5	176.5	550.5	93.8	0	0.0
73.3	48.8	11.0	149.0	480.8	63.5	0	0.0
69.7	51.4	6.9	127.5	345.7	63.0	0	0.0
69.2	49.3	6.4	155.8	529.5	92.2	0	0.0
67.9	56.0	7.9	169.2	389.7	31.4	5	0.0
66.0	56.1	5.2	116.2	455.0	57.3	1	0.0
67.4	54.8	5.5	120.2	466.3	67.0	0	0.0
66.9	55.5	7.2	83.9	426.3	66.6	0	0.0
71.5	51.8	5.1	89.1	515.7	76.8	0	0.0
73.3	41.8	6.6	150.0	515.6	100.0	0	0.0
74.3	40.5	6.2	168.2	503.6	97.4	0	0.0
75.2	34.6	5.3	179.4	507.0	100.0	0	0.0
74.6	32.3	5.8	132.1	502.7	100.0	0	0.0
74.4	25.8	5.5	144.0	498.4	100.0	0	0.0
73.7	40.9	6.7	116.5	494.0	100.0	0	0.0
77.2	46.6	5.5	131.5	489.6	100.0	0	0.0
77.9	41.8	6.5	182.5	485.1	100.0	0	0.0
77.6	43.4	6.7	135.2	480.7	100.0	0	0.0
77.4	44.9	6.7	152.7	475.1	84.9	0	0.0
71.4	51.1	8.8	166.0	444.4	75.0	0	0.0
65.2	45.0	10.8	114.2	427.6	75.0	0	0.0
67.9	39.1	6.1	129.0	462.8	100.0	0	0.0
70.2	32.4	4.7	125.8	458.4	100.0	0	0.0
68.0	38.0	7.6	132.5	449.8	90.6	0	0.0
59.0	33.7	12.9	79.2	449.5	100.0	0	0.0
56.7	30.0	5.5	99.8	445.1	100.0	0	0.0
63.3	27.0	7.6	155.8	440.6	100.0	0	0.0
49.8	37.7	10.2	136.3	205.1	41.5	0	0.0
60.7	38.4	4.3	146.2	424.1	68.2	0	0.0
57.9	42.5	9.4	129.2	425.4	96.5	0	0.0
10	31	2018
60.4	46.8	4.8	104.1	391.6	56.9	0	0.0
68.8	48.3	4.7	148.1	407.4	83.3	0	0.0
74.4	42.5	11.1	222.3	413.6	95.8	0	0.0
57.6	39.0	9.6	115.4	340.8	56.2	0	0.0
59.6	33.6	7.1	74.8	404.7	86.5	0	0.0
51.2	34.8	9.3	103.5	249.8	34.4	0	0.0
48.9	43.8	9.2	94.1	171.8	12.3	13	0.0
45.5	42.0	11.4	97.7	152.6	5.3	8	0.0
40.8	37.6	6.9	135.6	163.9	6.4	10	0.0
38.9	34.7	8.4	124.9	145.6	6.8	2	0.0
41.1	37.8	5.1	79.6	173.8	19.6	0	0.0
49.9	39.5	6.2	138.3	371.7	71.3	0	0.0
53.5	35.7	9.5	195.4	369.0	95.3	0	0.0
30.2	19.9	14.3	52.5	154.5	8.2	2	9.4
31.0	20.4	4.3	207.1	359.0	96.9	0	0.0
43.2	25.5	5.7	179.4	355.8	94.8	0	0.0
48.0	33.4	6.3	132.1	149.9	32.3	0	0.0
47.3	37.5	5.8	106.7	336.9	84.4	0	0.0
53.4	29.4	7.9	164.0	335.5	95.8	0	0.0
50.7	25.5	5.0	157.7	338.4	100.0	0	0.0
54.2	25.9	4.1	134.6	334.1	100.0	0	0.0
56.8	30.2	7.9	164.0	329.9	93.8	0	0.0
53.7	42.1	5.7	92.5	325.5	84.9	0	0.0
49.8	47.5	4.7	110.3	127.1	9.4	38	0.0
55.1	40.1	4.6	166.8	311.4	63.2	0	0.0
54.0	36.2	4.7	181.9	313.2	86.5	0	0.0
58.6	34.6	8.8	174.6	309.1	100.0	0	0.0
54.0	39.8	4.2	93.5	305.1	100.0	0	0.0
56.8	32.8	7.5	217.7	301.1	100.0	0	0.0
46.5	32.4	8.4	76.3	220.0	55.6	13	0.0
37.0	32.6	3.5	79.5	149.9	40.4	16	0.0
11	30	2018
43.4	28.9	3.4	171.7	210.5	64.1	0	0.0
47.6	31.2	6.7	150.8	285.5	100.0	0	0.0
46.8	34.8	9.2	192.7	179.9	33.3	2	0.0
43.2	32.0	7.5	192.8	278.2	91.3	0	0.0
47.3	24.4	8.8	203.1	250.6	75.0	0	0.0
39.9	24.6	5.4	146.9	271.1	84.4	0	0.0
38.8	29.9	9.2	83.8	197.4	32.1	0	0.0
35.4	27.8	5.7	67.9	174.5	39.8	0	0.0
30.8	22.1	6.3	93.3	260.9	100.0	0	0.0
37.3	15.5	5.9	121.7	257.6	100.0	0	0.0
29.1	24.3	7.0	68.0	101.3	15.6	15	41.2
24.3	17.2	5.6	139.0	213.9	60.9	1	3.7
29.6	19.0	4.4	190.6	187.6	60.4	0	0.0
38.0	25.7	4.0	197.5	244.9	100.0	0	0.0
42.2	24.9	5.1	164.8	241.9	100.0	0	0.0
40.8	27.4	3.9	87.5	238.9	100.0	0	0.0
31.8	27.1	8.6	88.1	82.6	20.8	1	2.5
28.3	25.0	3.7	124.4	124.5	27.1	0	0.0
33.1	20.7	5.4	179.0	230.5	98.3	0	0.0
34.3	20.6	3.4	144.2	227.8	100.0	0	0.0
38.1	20.8	5.4	201.2	225.2	100.0	0	0.0
41.5	22.8	7.0	218.8	222.7	100.0	0	0.0
49.6	17.4	19.1	267.5	220.2	100.0	0	0.0
40.4	21.8	11.1	169.0	215.8	89.1	0	0.0
33.8	14.5	10.3	175.2	215.5	100.0	0	0.0
28.7	11.4	4.5	163.5	213.2	100.0	0	0.0
43.5	14.4	7.7	176.5	211.0	99.5	0	0.0
48.5	21.7	7.5	193.8	193.6	92.7	0	0.0
39.7	24.5	7.0	131.5	207.0	100.0	0	0.0
37.5	27.5	5.3	192.9	169.5	65.6	0	0.0
12	31	2018
37.3	19.7	9.2	180.0	139.3	74.0	0	0.0
28.2	17.1	3.3	126.7	151.1	60.4	2	4.4
28.1	21.3	3.9	125.1	163.6	54.1	0	0.0
26.2	7.0	8.8	259.6	198.5	100.0	0	0.0
30.9	7.8	4.4	110.8	197.0	100.0	0	0.0
19.4	10.6	5.2	123.6	154.5	78.3	0	0.0
25.8	13.8	3.7	149.0	194.3	79.7	0	0.0
26.1	13.5	2.6	69.0	193.0	100.0	0	0.0
28.0	14.6	2.9	168.8	190.8	96.9	0	0.0
27.5	6.7	5.2	239.8	190.8	100.0	0	0.0
41.5	12.0	13.1	254.0	189.7	100.0	0	0.0
42.3	12.5	16.9	223.3	188.2	77.1	0	0.0
33.0	9.9	9.4	210.0	187.9	91.7	0	0.0
29.4	9.2	4.1	154.8	187.2	100.0	0	0.0
37.7	13.3	6.6	220.0	186.5	100.0	0	0.0
35.2	15.3	4.3	103.1	185.8	100.0	0	0.0
37.0	17.2	3.8	109.0	185.3	100.0	0	0.0
43.9	18.2	7.1	184.6	184.8	88.0	0	0.0
43.4	18.1	12.6	268.1	132.5	80.7	0	0.0
29.6	11.8	3.9	141.2	184.2	100.0	0	0.0
41.2	13.4	11.6	210.6	183.9	99.0	0	0.0
32.3	19.4	5.7	114.2	154.9	70.5	0	0.0
25.3	18.1	4.2	162.9	178.0	88.0	0	0.0
33.6	16.3	5.1	143.1	173.1	78.1	0	0.0
32.9	17.9	5.3	154.6	181.4	89.6	0	0.0
33.5	22.7	11.7	125.2	184.0	79.7	0	0.0
30.5	9.4	18.4	84.8	150.4	38.0	0	0.0
22.1	7.5	6.2	90.0	110.0	28.1	0	0.0
18.6	7.7	4.1	83.9	184.9	91.7	0	0.0
32.0	11.6	5.8	173.1	185.6	85.4	0	0.0
24.6	13.7	11.8	129.9	78.5	18.4	1	4.4
