   1    31    1977
7.1	-6.0	9.0	282.1	248.9	2.0	.0	.0	
16.0	11.9	5.6	129.2	114.3	92.0	.0	55.9	
24.4	21.6	4.6	101.7	154.6	98.0	.0	2.5	
29.5	29.5	11.0	104.2	150.6	98.0	.0	154.9	
26.5	26.2	9.9	307.1	161.0	98.0	.0	2.5	
24.0	23.8	9.6	268.8	167.4	98.0	.0	35.6	
14.5	6.9	10.1	205.0	247.4	11.0	.0	.0	
18.2	15.2	12.1	193.8	184.5	86.0	.0	.0	
8.0	7.0	14.9	234.6	157.7	98.0	.0	99.1	
.4	-5.4	18.6	289.6	264.0	19.0	.0	7.6	
2.4	-6.8	7.4	204.6	264.0	18.0	.0	.0	
7.2	-.3	8.2	210.8	249.2	10.0	.0	.0	
22.1	20.3	9.8	162.1	118.7	98.0	.0	83.8	
24.0	22.8	9.5	304.2	195.4	78.0	.0	5.1	
15.0	13.0	9.9	269.6	127.7	96.0	.0	22.9	
-8.0	-19.5	15.3	301.7	277.7	2.0	.0	.0	
.5	-6.4	6.5	194.6	144.5	76.0	.0	.0	
2.8	-2.6	15.2	300.0	175.1	48.0	.0	2.5	
11.5	8.8	10.1	234.6	197.2	73.0	.0	30.5	
21.9	18.6	14.2	290.0	285.2	21.0	.0	.0	
19.6	16.3	9.9	277.9	290.7	9.0	.0	.0	
16.9	12.2	7.6	125.4	287.3	54.0	.0	.0	
26.2	25.0	7.6	173.3	143.6	98.0	.0	81.3	
31.4	29.2	12.3	283.8	156.3	96.0	.0	.0	
28.4	24.3	13.0	269.6	173.9	91.0	.0	5.1	
26.3	18.0	15.6	275.4	218.8	48.0	.0	.0	
23.5	16.8	6.2	164.2	192.9	79.0	.0	7.6	
1.8	-6.2	22.7	298.8	306.3	30.0	.0	7.6	
7.0	-7.1	15.6	272.9	321.9	2.0	.0	.0	
10.4	1.3	16.7	292.1	309.9	4.0	.0	.0	
11.5	4.7	13.3	273.8	316.8	13.0	.0	.0	
   2    28    1977
16.5	8.7	7.0	223.8	317.7	3.0	.0	.0	
26.8	20.6	8.1	146.3	187.2	87.0	.0	.0	
34.7	29.5	11.0	270.4	314.9	28.0	.0	.0	
33.6	27.1	16.6	283.3	180.6	80.0	.0	.0	
15.5	9.3	12.2	286.7	321.7	17.0	.0	.0	
11.4	2.5	7.1	157.9	274.4	16.0	.0	.0	
12.3	3.5	5.2	154.2	347.3	2.0	.0	.0	
25.6	16.8	9.2	152.1	323.8	23.0	.0	.0	
44.8	33.4	9.9	230.8	334.9	5.0	.0	.0	
50.9	37.1	10.5	225.0	340.7	2.0	.0	.0	
51.5	40.9	9.9	216.3	278.0	51.0	.0	.0	
43.5	38.7	13.3	244.6	175.6	94.0	38.0	.0	
39.5	27.9	12.2	243.3	346.5	19.0	.0	.0	
32.1	26.1	14.2	296.7	193.7	70.0	1.0	.0	
23.8	13.3	10.4	298.3	312.4	48.0	.0	.0	
23.6	12.8	6.1	232.1	327.5	25.0	.0	.0	
35.6	25.0	11.4	162.5	303.9	42.0	.0	.0	
43.1	31.0	9.4	234.6	326.8	49.0	.0	.0	
32.1	26.9	13.1	289.2	224.6	72.0	11.0	.0	
31.4	23.6	10.5	281.7	292.1	65.0	.0	.0	
36.4	23.8	10.3	133.3	349.9	17.0	.0	.0	
62.4	46.3	18.1	195.8	316.7	47.0	.0	.0	
57.1	52.2	19.3	159.6	176.7	92.0	74.0	.0	
47.8	30.6	19.9	258.8	257.3	62.0	.0	.0	
46.6	30.4	10.9	269.6	272.7	66.0	.0	.0	
33.5	31.9	13.4	123.8	184.5	98.0	101.0	.0	
29.9	27.1	11.5	286.7	257.5	82.0	.0	12.7	
34.3	27.9	8.9	252.1	417.2	48.0	17.0	.0	
   3    31    1977
29.6	24.9	8.1	248.8	415.2	32.0	.0	2.5	
36.6	29.7	15.0	130.8	288.0	92.0	10.0	.0	
47.5	47.3	13.2	160.0	168.9	98.0	2.0	.0	
40.9	33.1	15.4	267.1	219.9	94.0	.0	.0	
38.6	27.1	12.5	287.9	382.1	57.0	.0	.0	
39.3	25.6	7.4	282.1	440.6	24.0	.0	.0	
46.2	25.6	5.4	155.8	443.6	5.0	.0	.0	
60.4	31.0	13.6	195.8	460.9	6.0	.0	.0	
61.5	37.9	15.3	192.5	378.1	71.0	.0	.0	
57.2	45.8	14.9	151.7	249.6	57.0	.0	.0	
57.0	55.6	19.0	150.4	185.7	97.0	226.0	.0	
48.9	44.6	13.7	185.0	195.9	91.0	26.0	.0	
47.4	42.6	12.1	227.9	245.8	65.0	.0	.0	
59.3	41.5	12.2	144.2	453.2	2.0	.0	.0	
57.3	45.7	13.6	252.5	355.8	23.0	.0	.0	
47.7	29.5	7.0	238.8	488.0	37.0	.0	.0	
49.1	37.9	14.9	154.2	183.5	98.0	17.0	.0	
48.6	40.3	18.0	298.8	279.3	80.0	2.0	.0	
42.2	35.9	12.8	154.6	340.1	43.0	2.0	.0	
43.5	33.3	13.9	214.2	430.4	79.0	.0	.0	
44.4	37.7	13.4	200.0	426.6	79.0	17.0	.0	
40.3	27.3	11.6	252.9	492.8	10.0	.0	.0	
47.0	30.9	10.1	203.3	523.5	2.0	.0	.0	
46.0	34.2	13.3	124.2	394.9	38.0	.0	.0	
53.7	33.7	11.3	130.0	527.5	3.0	.0	.0	
62.4	38.7	12.8	142.5	313.9	81.0	.0	.0	
60.2	57.3	11.6	142.1	135.8	98.0	87.0	.0	
62.7	52.6	19.9	173.8	266.9	80.0	238.0	.0	
67.0	46.9	14.7	216.3	516.7	9.0	.0	.0	
57.8	35.1	19.9	263.8	559.3	2.0	.0	.0	
43.7	33.7	10.4	218.3	440.5	55.0	.0	.0	
   4    30    1977
53.1	42.9	14.9	135.8	419.8	82.0	20.0	.0	
61.3	48.7	19.3	253.3	524.5	61.0	2.0	.0	
49.3	41.0	12.3	125.0	391.9	88.0	.0	.0	
47.7	42.4	17.7	230.8	221.3	89.0	5.0	.0	
38.6	28.7	20.1	280.4	273.8	73.0	1.0	.0	
42.8	24.4	12.5	252.9	585.7	37.0	.0	.0	
59.6	36.9	11.3	212.5	572.5	25.0	.0	.0	
51.9	35.7	8.4	90.0	549.8	26.0	.0	.0	
61.0	42.3	11.4	150.4	566.5	16.0	.0	.0	
73.2	45.5	12.3	234.6	592.8	2.0	.0	.0	
74.2	44.9	12.5	200.8	577.3	4.0	.0	.0	
73.7	47.8	12.3	202.9	545.5	14.0	.0	.0	
71.9	53.4	9.7	222.5	518.5	47.0	.0	.0	
69.1	54.0	5.5	122.9	332.6	74.0	.0	.0	
69.5	52.5	6.7	112.5	542.0	23.0	.0	.0	
72.4	52.3	7.1	120.8	550.4	26.0	.0	.0	
73.6	50.8	7.9	130.0	546.4	68.0	.0	.0	
70.7	51.5	10.3	134.6	327.8	87.0	.0	.0	
65.6	63.0	11.7	146.7	253.0	76.0	30.0	.0	
70.0	61.0	13.3	164.6	386.3	90.0	1.0	.0	
64.0	62.1	10.3	166.7	276.6	98.0	33.0	.0	
59.6	59.2	9.3	212.5	285.0	98.0	.0	.0	
51.3	51.0	9.1	287.1	270.1	87.0	.0	.0	
55.8	43.8	11.0	308.3	574.8	42.0	.0	.0	
51.7	38.2	10.4	308.8	502.0	35.0	.0	.0	
57.8	38.0	10.4	272.5	610.5	21.0	.0	.0	
68.3	42.8	13.1	229.2	616.7	30.0	.0	.0	
64.5	53.6	16.2	159.6	369.6	95.0	.0	.0	
54.7	43.2	9.5	89.6	560.3	93.0	.0	.0	
58.3	52.7	8.4	115.8	271.6	93.0	7.0	.0	
   5    31    1977
64.4	63.0	8.1	151.7	212.1	98.0	21.0	.0	
68.9	61.7	6.9	193.8	402.8	97.0	.0	.0	
63.0	61.5	4.8	78.3	257.9	78.0	1.0	.0	
70.1	64.7	10.0	158.3	320.6	84.0	38.0	.0	
76.0	67.7	11.0	192.1	479.0	64.0	8.0	.0	
68.8	66.5	7.2	167.5	314.0	96.0	69.0	.0	
67.0	63.8	8.3	124.2	405.3	82.0	2.0	.0	
63.4	53.6	6.6	99.2	650.0	27.0	.0	.0	
52.7	37.6	10.2	48.8	654.1	13.0	.0	.0	
53.8	38.0	7.0	82.9	687.4	2.0	.0	.0	
58.7	43.3	6.1	95.8	644.9	11.0	.0	.0	
64.1	44.7	3.2	105.8	658.5	2.0	.0	.0	
68.8	51.7	4.4	181.3	667.4	30.0	.0	.0	
73.8	59.3	5.8	189.6	561.4	51.0	.0	.0	
77.3	58.8	10.4	169.6	593.1	38.0	.0	.0	
77.5	61.3	11.5	190.4	541.3	69.0	.0	.0	
77.3	63.3	10.6	190.0	486.3	70.0	.0	.0	
76.8	61.1	8.4	198.8	626.0	18.0	.0	.0	
78.3	59.5	8.3	175.0	676.7	10.0	.0	.0	
76.0	62.0	10.0	172.5	474.4	61.0	.0	.0	
77.1	60.8	14.0	155.8	469.9	70.0	.0	.0	
79.0	56.5	12.2	200.4	696.0	33.0	.0	.0	
72.3	63.2	7.8	184.6	424.0	80.0	.0	.0	
71.0	64.7	5.7	174.6	419.2	79.0	.0	.0	
73.3	66.2	5.0	166.7	561.7	46.0	56.0	.0	
76.2	65.9	5.0	165.4	624.2	29.0	.0	.0	
77.1	60.0	8.0	154.6	638.1	29.0	.0	.0	
76.3	65.7	7.9	167.1	518.8	85.0	.0	.0	
74.7	66.2	6.1	192.5	400.0	75.0	.0	.0	
75.4	66.3	6.7	201.3	595.7	63.0	18.0	.0	
72.1	60.0	13.8	285.8	653.1	55.0	.0	.0	
   6    30    1977
71.9	55.3	12.5	271.3	583.4	28.0	.0	.0	
71.0	54.3	8.2	118.8	670.0	30.0	.0	.0	
71.8	50.9	8.8	129.6	710.1	21.0	.0	.0	
76.3	62.1	8.1	198.3	371.1	54.0	.0	.0	
84.7	68.5	11.8	248.8	665.7	63.0	.0	.0	
74.9	56.2	15.4	226.7	627.7	33.0	.0	.0	
67.2	50.2	8.1	270.0	620.7	20.0	.0	.0	
67.6	57.3	8.9	162.1	462.5	75.0	10.0	.0	
64.2	43.0	9.9	79.6	674.9	50.0	.0	.0	
75.7	53.5	13.8	140.4	705.9	33.0	.0	.0	
82.2	65.4	9.5	215.4	505.9	52.0	.0	.0	
72.2	66.5	10.8	119.6	386.7	91.0	.0	.0	
65.5	63.2	7.6	146.7	328.2	93.0	73.0	.0	
71.2	63.8	6.3	47.1	488.3	56.0	.0	.0	
75.2	65.6	4.4	85.8	536.8	44.0	.0	.0	
80.7	69.4	8.8	222.5	604.4	17.0	.0	.0	
79.2	70.9	9.9	207.5	615.6	55.0	.0	.0	
78.6	70.2	9.2	258.8	416.6	74.0	.0	.0	
75.0	68.9	6.7	240.0	379.7	79.0	.0	.0	
77.5	67.7	8.4	234.2	423.0	59.0	.0	.0	
72.2	58.4	10.8	98.8	516.7	75.0	124.0	.0	
71.0	68.8	8.2	159.2	419.3	91.0	8.0	.0	
72.9	72.0	6.9	185.4	266.6	98.0	40.0	.0	
75.6	73.1	9.5	246.7	316.1	98.0	85.0	.0	
78.1	72.8	7.6	236.7	527.7	85.0	1.0	.0	
75.5	73.3	4.8	89.6	361.0	63.0	128.0	.0	
76.8	73.4	7.5	251.3	463.7	68.0	68.0	.0	
75.8	74.0	10.3	251.7	291.8	73.0	4.0	.0	
75.9	64.4	7.8	227.9	660.0	37.0	.0	.0	
77.5	72.9	14.5	232.5	439.7	93.0	6.0	.0	
   7    31    1977
74.0	59.8	9.1	262.9	680.2	18.0	.0	.0	
76.9	62.8	7.8	210.8	615.0	50.0	.0	.0	
82.3	71.2	11.5	190.4	635.3	43.0	.0	.0	
85.7	72.8	8.8	227.9	717.2	2.0	.0	.0	
87.1	74.0	9.1	235.4	672.7	7.0	.0	.0	
88.2	75.7	9.0	238.3	677.3	5.0	.0	.0	
87.6	75.8	10.0	245.8	701.7	2.0	.0	.0	
79.4	74.7	8.7	281.3	418.9	63.0	7.0	.0	
78.8	69.5	7.5	74.2	670.2	50.0	.0	.0	
75.6	72.3	8.5	102.1	425.1	78.0	131.0	.0	
76.3	73.6	9.3	170.8	405.8	51.0	23.0	.0	
83.3	73.7	11.8	225.4	639.4	60.0	11.0	.0	
86.8	78.5	7.5	206.3	665.2	31.0	.0	.0	
88.2	76.6	7.7	206.7	652.4	2.0	.0	.0	
88.2	75.7	7.4	213.8	635.2	20.0	.0	.0	
87.2	75.6	7.5	180.8	601.6	23.0	.0	.0	
85.3	73.7	7.4	175.8	531.5	28.0	.0	.0	
86.9	72.2	7.5	199.2	678.3	6.0	.0	.0	
85.7	71.6	8.7	191.3	637.2	25.0	.0	.0	
82.5	72.1	9.2	149.2	549.8	55.0	.0	.0	
79.5	74.1	7.1	167.1	475.0	79.0	149.0	.0	
75.3	69.6	8.5	52.1	410.4	63.0	.0	.0	
77.2	67.1	6.5	104.6	503.8	25.0	.0	.0	
81.6	72.9	8.5	188.3	538.3	55.0	31.0	.0	
76.8	72.1	9.9	201.7	398.3	72.0	76.0	.0	
68.3	53.2	9.6	64.2	657.1	12.0	.0	.0	
69.3	56.2	7.8	88.3	642.2	26.0	.0	.0	
74.8	63.5	6.8	158.3	559.0	39.0	.0	.0	
80.6	68.4	8.0	261.3	602.6	44.0	.0	.0	
82.8	69.0	8.9	167.5	633.2	29.0	.0	.0	
81.4	65.7	10.8	245.0	649.8	22.0	.0	.0	
   8    31    1977
73.6	56.8	7.3	220.4	654.9	8.0	.0	.0	
73.3	60.7	7.3	174.6	297.2	56.0	.0	.0	
78.8	61.9	8.3	202.1	574.0	36.0	.0	.0	
78.2	68.2	8.6	191.7	334.9	69.0	.0	.0	
83.2	70.4	10.6	208.8	433.7	70.0	.0	.0	
82.3	72.7	10.9	205.0	426.9	65.0	.0	.0	
80.4	72.7	11.7	203.3	324.3	69.0	63.0	.0	
78.3	71.6	12.1	150.8	336.8	79.0	120.0	.0	
77.1	73.4	10.1	152.5	316.1	92.0	77.0	.0	
77.2	73.0	10.3	202.9	462.0	68.0	60.0	.0	
71.8	69.7	9.5	192.1	281.8	79.0	2.0	.0	
70.7	63.9	8.6	121.3	505.2	70.0	.0	.0	
76.3	71.7	6.7	189.2	298.8	83.0	.0	.0	
79.2	73.5	5.3	110.8	507.6	43.0	.0	.0	
79.4	73.4	9.4	125.4	498.2	43.0	.0	.0	
79.5	74.4	11.1	258.3	296.4	93.0	.0	.0	
72.8	62.6	9.3	169.6	546.7	53.0	.0	.0	
66.6	54.5	8.6	194.6	446.0	60.0	.0	.0	
69.2	55.9	5.9	127.9	478.8	58.0	.0	.0	
74.8	65.5	7.4	201.7	517.5	44.0	.0	.0	
77.5	68.1	10.8	267.1	453.3	68.0	.0	.0	
74.5	60.8	5.3	157.1	535.1	50.0	.0	.0	
71.3	68.4	7.4	100.0	236.7	90.0	158.0	.0	
69.1	65.9	8.0	80.0	315.0	73.0	.0	.0	
71.2	64.5	8.5	125.4	583.5	35.0	.0	.0	
80.7	72.5	12.2	170.0	512.4	41.0	.0	.0	
82.7	73.2	15.4	180.8	535.0	28.0	.0	.0	
77.1	71.5	13.4	220.8	356.6	80.0	47.0	.0	
71.4	67.4	6.0	213.8	353.6	79.0	7.0	.0	
74.6	71.6	8.8	151.7	318.3	59.0	.0	.0	
82.0	72.5	11.5	181.3	444.9	42.0	.0	.0	
   9    30    1977
80.6	72.0	8.5	182.5	467.7	62.0	.0	.0	
80.1	70.6	8.7	225.8	438.5	71.0	.0	.0	
76.5	71.5	7.7	91.7	491.7	90.0	7.0	.0	
76.4	72.0	5.1	170.0	323.3	90.0	1.0	.0	
73.4	70.4	5.3	167.9	266.7	76.0	58.0	.0	
74.3	70.2	6.3	70.8	359.2	90.0	.0	.0	
76.2	65.9	6.1	128.8	556.4	19.0	.0	.0	
75.8	66.4	6.2	120.0	521.6	8.0	.0	.0	
71.6	63.7	10.8	270.4	324.1	37.0	.0	.0	
66.2	50.6	6.4	216.7	562.3	10.0	.0	.0	
66.2	52.7	7.0	135.0	365.8	54.0	.0	.0	
65.5	62.4	9.4	144.2	245.0	79.0	63.0	.0	
69.4	68.1	10.4	175.4	194.1	98.0	14.0	.0	
62.3	59.3	11.3	61.3	214.4	98.0	66.0	.0	
69.3	64.2	11.1	175.0	291.7	88.0	15.0	.0	
72.1	65.4	9.5	192.9	335.2	55.0	.0	.0	
76.0	69.9	11.1	179.6	443.1	50.0	.0	.0	
76.3	71.8	10.7	218.8	285.3	82.0	90.0	.0	
63.5	59.2	9.3	317.5	223.9	94.0	.0	.0	
62.2	55.4	4.9	212.5	454.5	29.0	.0	.0	
61.6	58.6	7.5	125.4	213.1	67.0	.0	.0	
70.8	63.6	8.4	203.8	407.6	41.0	.0	.0	
73.6	68.5	11.1	155.4	224.0	77.0	.0	.0	
69.6	60.4	9.0	217.5	428.3	43.0	32.0	.0	
69.4	67.8	8.4	154.6	272.6	72.0	18.0	.0	
70.2	57.1	6.6	212.5	477.5	12.0	.0	.0	
67.4	54.8	9.6	239.2	483.1	20.0	.0	.0	
62.3	52.8	3.9	83.8	410.0	60.0	.0	.0	
64.8	59.2	8.1	139.6	293.0	86.0	.0	.0	
67.5	66.1	10.2	133.8	227.0	94.0	.0	.0	
  10    31    1977
62.4	61.6	11.1	220.8	144.6	98.0	4.0	.0	
52.9	46.8	11.1	334.6	250.0	62.0	.0	.0	
52.2	42.0	5.6	213.8	464.1	2.0	.0	.0	
56.5	43.8	6.3	121.7	435.7	28.0	13.0	.0	
56.3	55.0	8.5	257.5	147.8	98.0	68.0	.0	
53.3	44.8	5.8	131.3	441.2	28.0	.0	.0	
52.6	50.7	11.2	141.3	109.7	98.0	165.0	.0	
55.7	48.8	13.5	282.5	344.4	56.0	.0	.0	
49.9	42.0	10.0	249.2	316.7	51.0	.0	.0	
54.2	48.4	10.0	183.3	163.1	96.0	4.0	.0	
46.1	38.2	14.8	285.8	319.5	70.0	1.0	.0	
45.0	36.7	10.1	273.8	411.6	2.0	.0	.0	
46.8	37.3	4.2	165.8	384.2	2.0	.0	.0	
54.5	43.8	7.1	165.8	405.7	2.0	.0	.0	
50.2	42.2	12.4	308.3	259.1	39.0	2.0	.0	
44.6	35.1	6.8	224.6	407.0	8.0	.0	.0	
55.2	39.4	9.6	192.9	392.2	2.0	.0	.0	
53.2	39.2	12.8	285.0	376.8	23.0	.0	.0	
50.0	42.7	4.0	211.7	386.9	2.0	.0	.0	
54.5	44.6	8.1	122.5	380.9	33.0	.0	.0	
63.5	51.5	8.7	161.3	370.4	8.0	.0	.0	
67.3	59.5	6.5	177.1	308.2	63.0	.0	.0	
61.2	53.4	10.5	112.1	235.5	91.0	.0	.0	
59.2	58.1	12.0	149.2	100.3	93.0	95.0	.0	
57.5	56.9	8.2	245.4	167.8	95.0	1.0	.0	
55.6	50.1	7.0	218.3	319.2	35.0	.0	.0	
60.4	54.0	6.6	124.6	338.2	14.0	.0	.0	
58.5	55.0	7.0	60.8	175.7	93.0	.0	.0	
56.4	50.2	7.9	97.5	311.2	33.0	.0	.0	
54.8	47.3	9.7	113.8	259.1	70.0	.0	.0	
63.3	61.3	12.5	162.5	117.0	92.0	23.0	.0	
  11    30    1977
60.8	60.0	13.8	155.0	117.5	98.0	21.0	.0	
61.5	58.8	9.7	124.6	147.4	98.0	10.0	.0	
62.0	61.1	6.4	134.6	164.1	98.0	6.0	.0	
62.1	59.7	12.4	53.8	176.5	97.0	2.0	.0	
58.3	55.1	8.4	122.5	135.5	98.0	.0	.0	
58.4	58.2	7.4	220.4	156.9	98.0	14.0	.0	
57.8	57.8	8.9	305.4	134.8	98.0	6.0	.0	
61.8	59.2	13.0	174.6	162.0	93.0	.0	.0	
49.5	43.7	16.8	235.0	163.4	77.0	18.0	.0	
39.1	21.2	21.9	283.8	185.6	53.0	.0	.0	
37.6	22.4	11.3	301.7	256.6	15.0	.0	.0	
32.0	22.5	7.5	194.2	304.7	2.0	.0	.0	
37.3	24.2	10.9	147.1	187.7	45.0	.0	.0	
51.3	38.0	9.5	175.0	247.6	50.0	.0	.0	
60.0	49.6	11.3	216.3	117.4	82.0	120.0	.0	
50.3	44.4	7.0	211.3	216.0	58.0	2.0	.0	
45.7	31.3	16.4	275.0	271.7	25.0	.0	.0	
42.8	27.5	7.5	178.3	187.8	53.0	.0	.0	
46.2	42.9	14.3	117.1	110.8	98.0	64.0	.0	
56.3	52.3	14.9	215.0	142.6	89.0	33.0	.0	
32.9	23.7	11.2	249.6	248.5	15.0	.0	.0	
35.2	30.1	10.5	97.9	123.2	88.0	.0	.0	
45.4	43.1	7.3	218.8	180.7	95.0	4.0	.0	
36.5	35.0	7.6	206.3	115.2	88.0	.0	.0	
27.2	21.9	17.0	287.1	149.5	63.0	.0	.0	
14.8	5.3	11.7	213.8	128.1	72.0	.0	12.7	
27.2	23.9	14.4	230.0	169.4	84.0	.0	81.3	
22.5	16.4	7.1	135.8	161.8	85.0	.0	.0	
29.8	25.3	7.1	54.2	147.4	97.0	.0	.0	
31.7	31.7	8.1	205.0	131.7	98.0	.0	243.8	
  12    31    1977
37.9	32.7	14.1	263.3	259.3	43.0	8.0	.0	
41.9	33.6	10.0	204.2	137.5	68.0	.0	.0	
33.6	33.1	9.4	108.3	85.0	93.0	1.0	.0	
31.7	31.1	9.1	71.7	127.9	88.0	.0	35.6	
30.0	30.0	14.9	322.9	119.8	98.0	.0	218.4	
7.6	2.5	19.7	295.8	170.8	48.0	.0	.0	
13.7	9.0	11.3	179.2	177.5	74.0	.0	5.1	
25.9	24.8	16.6	222.1	88.5	98.0	.0	101.6	
5.1	-1.9	21.3	296.3	256.0	2.0	.0	.0	
7.6	.2	7.5	212.5	173.7	23.0	.0	.0	
22.1	16.0	11.2	138.3	181.6	51.0	.0	.0	
41.8	29.8	13.0	170.8	149.2	98.0	.0	.0	
46.4	44.9	10.1	190.4	90.9	98.0	70.0	.0	
34.1	34.1	8.8	233.3	122.2	97.0	1.0	.0	
42.0	38.2	12.8	142.9	196.9	55.0	.0	.0	
48.6	45.7	17.8	146.3	173.2	62.0	3.0	.0	
48.7	40.4	16.1	214.2	108.3	90.0	3.0	.0	
38.8	34.6	8.7	220.4	210.5	60.0	.0	.0	
39.0	35.6	10.2	138.8	183.9	48.0	.0	.0	
25.1	19.2	23.3	288.3	121.5	96.0	.0	.0	
19.5	16.0	20.7	282.5	112.9	88.0	.0	5.1	
31.3	16.5	12.6	200.8	132.6	59.0	.0	.0	
42.6	22.3	10.9	193.8	234.9	18.0	.0	.0	
37.4	31.3	16.4	226.3	153.4	65.0	.0	.0	
18.1	8.7	16.3	298.8	156.7	31.0	.0	.0	
19.8	11.2	10.4	285.0	175.1	35.0	.0	.0	
14.1	3.0	10.3	257.1	226.8	13.0	.0	.0	
27.4	11.9	8.6	205.0	238.6	25.0	.0	.0	
36.6	23.5	9.0	183.8	105.0	69.0	.0	.0	
37.4	33.3	5.1	97.9	92.5	98.0	.0	.0	
36.3	36.2	9.0	138.8	115.6	98.0	4.0	.0	
