1 31 1991
23.2	18.2	6.5	145.4	183.2	16.2	.0	.0	
25.2	22.8	5.7	139.4	64.4	99.6	.0	.0	
17.5	6.0	8.1	235.0	157.6	50.4	.0	.0	
21.6	6.9	6.4	81.4	81.3	76.2	.0	.0	
32.4	29.8	8.5	194.6	65.5	100.0	.0	70.0	
26.6	20.9	11.3	148.2	65.9	100.0	.0	10.0	
25.8	21.4	6.4	105.4	77.9	89.2	.0	.0	
32.2	29.0	3.9	123.0	66.7	93.3	.0	.0	
32.0	27.6	7.0	195.8	67.2	100.0	.0	.0	
31.6	28.6	10.1	74.6	67.7	100.0	35.4	10.0	
33.3	30.8	11.8	254.2	68.2	100.0	31.5	.0	
29.6	24.1	13.6	282.6	68.8	100.0	.0	.0	
31.9	26.8	10.9	177.0	73.7	77.1	.0	.0	
42.0	32.4	7.4	183.0	75.5	76.7	.0	.0	
37.8	34.3	7.4	127.0	70.6	95.8	23.6	.0	
34.5	32.4	13.4	275.0	71.2	100.0	.0	.0	
32.0	27.7	8.9	247.4	71.9	100.0	.0	.0	
38.1	31.7	5.9	185.0	129.4	56.2	.0	.0	
42.5	35.6	8.5	205.0	78.6	87.5	.0	.0	
30.0	22.0	16.8	293.4	76.9	85.8	.0	10.0	
15.5	4.9	14.7	285.4	138.9	63.8	.0	.0	
22.8	8.6	10.6	147.8	189.3	27.5	.0	.0	
36.1	21.6	12.4	245.8	207.4	27.1	.0	.0	
24.7	13.9	5.8	62.6	82.9	52.5	.0	.0	
21.9	10.9	9.2	88.6	78.3	99.2	.0	.0	
24.7	16.1	9.4	242.2	159.9	52.1	.0	.0	
30.7	23.3	7.6	219.0	80.2	65.8	.0	.0	
32.5	22.9	6.4	117.8	231.3	9.6	.0	.0	
26.9	24.7	10.2	181.4	82.1	100.0	.0	40.0	
20.6	16.1	10.4	277.0	89.6	68.8	.0	.0	
29.3	19.2	8.1	187.0	240.3	12.1	.0	.0	
2 28 1991
45.0	23.5	10.9	181.8	206.8	37.1	.0	.0	
49.6	26.4	11.2	194.6	246.2	5.4	.0	.0	
51.2	29.3	8.8	158.6	95.9	79.2	.0	.0	
52.5	42.6	5.0	141.8	93.3	89.2	.0	.0	
47.1	44.3	5.1	128.2	89.7	100.0	.0	.0	
37.6	36.5	10.8	310.2	90.9	100.0	.0	.0	
35.1	34.2	9.5	297.0	92.1	100.0	.0	.0	
37.9	31.8	5.8	245.8	150.5	55.8	.0	.0	
47.7	32.5	6.6	196.2	217.8	49.2	.0	.0	
40.9	25.8	11.1	301.0	270.6	32.9	.0	.0	
37.0	24.9	6.4	64.6	198.0	35.4	.0	.0	
40.6	30.9	8.1	116.6	266.8	43.3	.0	.0	
48.4	45.4	10.4	232.6	99.5	96.2	51.2	.0	
29.8	15.4	26.9	285.4	110.9	75.8	.0	.0	
14.0	-3.3	22.2	289.8	179.3	48.8	.0	.0	
28.5	5.8	12.3	179.0	130.7	74.2	.0	.0	
40.4	30.6	10.9	133.8	105.0	95.4	.0	.0	
52.4	46.1	12.1	189.4	167.6	90.4	47.2	.0	
39.4	31.7	10.6	291.8	110.7	79.6	.0	.0	
44.8	24.0	9.5	179.0	312.3	.0	.0	.0	
56.9	25.5	10.2	217.4	316.4	3.3	.0	.0	
42.9	24.1	12.1	174.2	112.3	63.8	.0	.0	
39.4	17.6	11.5	109.8	198.2	52.9	.0	.0	
35.6	21.2	11.0	311.0	115.3	100.0	.0	.0	
30.0	16.9	8.8	237.8	151.1	71.7	.0	.0	
31.6	19.6	6.2	170.2	132.1	79.2	.0	.0	
40.4	22.1	9.1	209.0	340.0	17.5	.0	.0	
55.9	32.2	14.6	181.0	286.2	68.3	.0	.0	
3 31 1991
53.9	48.9	14.1	152.6	123.0	91.7	39.4	.0	
43.8	39.3	15.4	270.2	124.6	87.1	.0	.0	
33.0	25.7	13.2	271.8	126.2	87.1	.0	.0	
35.9	20.5	6.9	237.8	154.2	52.9	.0	.0	
50.1	37.3	11.0	145.8	134.1	80.0	.0	.0	
45.8	32.5	14.4	233.4	230.3	62.1	.0	.0	
35.0	16.9	8.3	253.4	373.4	7.5	.0	.0	
42.3	19.3	6.7	129.8	345.3	22.5	.0	.0	
41.0	17.1	16.4	279.8	386.5	11.7	.0	.0	
43.7	20.2	7.9	121.0	179.9	58.8	.0	.0	
56.4	35.2	14.2	129.0	159.6	98.3	.0	.0	
54.4	47.6	14.3	115.4	140.6	97.5	51.2	.0	
39.8	37.4	12.0	268.6	142.2	100.0	3.9	.0	
35.1	29.6	10.3	109.8	147.4	77.5	7.9	.0	
41.5	29.7	7.3	78.6	361.2	42.9	.0	.0	
51.4	35.9	9.8	108.2	311.3	81.7	.0	.0	
50.5	45.9	12.6	172.2	151.6	97.1	118.1	.0	
47.8	37.9	12.3	233.0	235.9	62.5	.0	.0	
52.8	38.5	5.0	146.6	410.2	55.8	.0	.0	
59.8	41.9	15.7	153.8	155.4	91.2	.0	.0	
67.3	52.0	12.4	176.6	415.7	50.8	82.7	.0	
63.5	53.3	13.3	153.4	165.6	72.1	19.7	.0	
57.5	35.1	23.7	245.4	359.5	32.1	.0	.0	
57.5	34.0	12.7	212.2	385.0	11.7	.0	.0	
67.2	36.0	12.1	158.6	301.4	65.0	.0	.0	
76.6	56.3	13.7	187.0	220.3	92.1	.0	.0	
66.0	45.7	24.4	214.2	361.2	48.8	3.9	.0	
49.9	26.9	11.0	222.2	386.3	43.3	.0	.0	
37.0	18.2	14.8	136.6	170.7	77.1	.0	.0	
38.5	15.9	5.7	146.6	348.3	45.4	.0	.0	
51.3	22.8	12.5	218.6	368.0	54.2	.0	.0	
4 30 1991
56.2	28.0	4.9	84.2	476.3	35.0	.0	.0	
57.5	36.3	14.1	105.0	200.7	72.5	.0	.0	
61.5	39.9	15.2	131.0	184.7	99.2	.0	.0	
61.9	53.9	9.1	207.8	237.1	73.8	39.4	.0	
67.6	50.8	7.1	164.2	510.4	4.2	.0	.0	
73.3	51.7	11.1	204.6	510.9	9.6	.0	.0	
72.1	60.4	10.0	177.0	210.1	75.8	27.6	.0	
71.3	60.7	10.3	161.0	310.5	77.1	.0	.0	
59.2	45.8	17.2	264.2	285.8	65.8	.0	.0	
50.1	32.9	9.8	181.4	491.5	18.3	.0	.0	
49.8	36.6	16.3	105.0	189.2	89.2	.0	.0	
54.9	46.1	14.1	104.6	190.3	100.0	70.9	.0	
63.8	60.8	9.5	145.0	191.7	100.0	55.1	.0	
64.8	57.5	10.1	191.4	207.8	95.8	59.1	.0	
60.5	44.6	9.4	213.0	552.0	24.2	7.9	.0	
69.5	45.5	8.7	165.0	556.7	4.2	.0	.0	
67.4	53.2	8.0	106.6	311.0	80.8	.0	.0	
61.9	52.4	8.7	89.8	198.7	100.0	23.6	.0	
54.2	49.8	8.5	127.0	200.1	100.0	31.5	.0	
48.6	40.9	10.0	227.4	201.4	98.8	.0	.0	
50.5	36.0	5.5	194.2	377.7	51.7	.0	.0	
53.9	37.1	4.7	174.2	335.2	85.4	.0	.0	
56.8	41.2	12.6	259.8	447.9	36.7	.0	.0	
55.6	35.8	6.4	168.6	586.7	23.3	.0	.0	
55.1	45.5	7.3	100.6	211.2	86.2	.0	.0	
66.4	56.0	12.6	126.2	316.5	68.3	.0	.0	
71.3	59.2	9.6	169.8	225.0	94.2	.0	.0	
70.5	62.4	9.8	108.2	280.6	90.4	23.6	.0	
69.6	51.5	16.7	196.2	308.7	67.9	.0	.0	
66.3	43.3	12.2	214.2	601.4	26.7	.0	.0	
5 31 1991
60.2	42.3	12.1	259.0	587.2	30.8	27.6	.0	
67.0	42.5	7.7	156.6	615.4	5.8	.0	.0	
61.4	54.7	9.3	87.8	220.0	93.8	59.1	.0	
69.2	64.3	7.7	104.2	301.1	91.2	.0	.0	
60.1	52.4	16.3	227.4	286.3	96.7	70.9	.0	
54.0	36.0	13.6	227.8	336.7	67.5	.0	.0	
66.4	47.8	7.4	149.0	292.5	90.8	.0	.0	
67.9	51.7	10.6	133.8	243.5	74.2	.0	.0	
64.9	57.2	9.6	95.0	241.4	91.7	.0	.0	
70.3	65.0	9.9	111.4	240.6	95.0	.0	.0	
72.1	66.3	5.3	123.0	290.5	79.6	3.9	.0	
74.7	67.8	5.4	164.2	319.2	63.8	.0	.0	
75.2	68.1	7.4	180.2	243.0	92.5	.0	.0	
77.2	64.6	6.8	151.4	335.6	76.2	.0	.0	
73.2	66.2	8.7	145.4	281.5	87.1	.0	.0	
73.5	66.6	6.4	141.8	318.8	67.9	23.6	.0	
79.5	67.2	7.7	157.8	473.9	57.9	.0	.0	
74.7	65.3	9.5	83.4	257.8	97.9	31.5	.0	
65.7	62.7	8.9	113.0	231.1	97.9	.0	.0	
73.4	66.2	7.4	92.6	253.2	82.9	.0	.0	
77.0	68.3	9.0	148.2	275.2	92.1	.0	.0	
75.8	68.4	10.0	145.0	233.2	100.0	.0	.0	
78.6	68.2	10.0	154.6	330.6	86.7	.0	.0	
78.5	69.4	11.5	156.6	355.5	80.8	.0	.0	
75.9	71.1	10.0	158.6	284.1	95.4	47.2	.0	
75.7	68.0	10.0	174.6	236.0	79.2	3.9	.0	
80.6	68.5	7.7	187.0	573.6	25.0	.0	.0	
83.7	69.8	7.6	147.8	643.1	31.7	.0	.0	
79.3	72.0	6.4	182.2	334.4	75.8	122.0	.0	
81.8	70.2	11.8	186.2	333.9	52.1	.0	.0	
82.3	69.8	9.9	157.4	574.6	55.8	.0	.0	
6 30 1991
81.6	69.1	7.6	217.8	403.4	70.4	.0	.0	
82.1	67.6	8.2	238.6	304.1	70.0	.0	.0	
83.1	68.7	5.8	209.0	561.8	35.4	.0	.0	
79.8	65.2	10.9	73.0	303.3	85.4	.0	.0	
73.2	50.6	12.5	75.0	534.3	47.9	.0	.0	
73.0	48.0	10.6	66.6	671.6	12.1	.0	.0	
74.4	49.8	6.4	65.8	598.9	19.2	.0	.0	
76.7	53.3	5.3	102.6	623.0	31.7	.0	.0	
79.0	61.1	7.4	167.4	409.2	76.2	.0	.0	
78.5	60.3	8.1	221.8	252.3	92.1	.0	.0	
79.0	64.1	9.7	199.0	418.0	55.4	.0	.0	
81.3	65.7	4.9	142.2	548.1	29.2	.0	.0	
80.8	69.6	9.3	143.0	392.9	55.8	.0	.0	
84.0	70.3	12.0	169.0	598.9	34.6	.0	.0	
82.7	71.3	11.7	199.8	429.0	69.6	39.4	.0	
74.8	66.3	7.4	241.8	272.6	78.3	.0	.0	
77.2	59.5	5.6	79.0	627.3	18.3	.0	.0	
78.2	61.4	5.3	162.6	352.3	54.6	.0	.0	
81.4	61.4	7.5	75.0	649.5	17.1	.0	.0	
82.0	64.9	5.9	80.6	575.6	41.2	.0	.0	
79.5	68.9	5.8	117.8	465.8	71.2	.0	.0	
76.8	69.1	8.8	135.4	279.2	95.8	.0	.0	
73.4	65.4	8.1	53.8	243.4	97.9	.0	.0	
78.0	66.6	5.8	88.2	243.3	97.9	.0	.0	
82.2	66.8	6.7	91.8	552.8	50.8	.0	.0	
82.2	69.8	10.4	169.8	578.9	39.2	.0	.0	
81.1	65.8	10.6	156.6	663.2	19.2	.0	.0	
81.5	65.7	9.8	163.0	527.5	31.2	.0	.0	
84.9	70.6	7.9	193.8	430.4	48.8	.0	.0	
88.0	68.5	9.5	228.6	593.1	17.5	.0	.0	
7 31 1991
89.2	68.8	11.2	229.0	547.8	40.8	.0	.0	
81.9	70.3	7.7	210.2	412.8	60.8	78.7	.0	
80.2	64.6	8.6	238.6	474.1	60.8	11.8	.0	
79.2	62.2	8.2	239.0	598.9	27.9	.0	.0	
85.8	64.6	10.0	201.0	601.0	33.8	.0	.0	
89.0	65.5	12.4	205.8	682.7	8.8	.0	.0	
89.0	68.2	12.7	201.4	573.1	30.0	.0	.0	
84.7	67.5	8.8	199.8	621.6	41.2	.0	.0	
77.3	67.3	9.3	121.0	284.4	87.5	94.5	.0	
76.7	70.1	7.5	208.2	258.4	95.0	78.7	.0	
80.3	71.7	8.5	151.8	315.2	91.2	252.0	.0	
82.5	68.8	10.6	231.4	458.2	68.3	.0	.0	
79.1	65.0	11.3	288.6	437.3	54.2	.0	.0	
77.0	62.2	6.5	65.4	574.7	25.4	.0	.0	
78.8	58.4	5.0	105.8	640.0	10.4	.0	.0	
81.1	61.6	5.4	115.4	596.7	17.5	.0	.0	
82.5	63.2	5.8	151.8	630.6	16.7	.0	.0	
84.9	65.4	6.6	155.4	552.9	35.4	.0	.0	
85.6	66.8	10.0	157.8	657.8	9.6	.0	.0	
85.7	68.3	11.1	167.4	667.9	.4	.0	.0	
88.1	69.5	9.9	199.0	664.9	2.5	.0	.0	
89.6	67.7	11.0	215.4	647.3	18.8	.0	.0	
81.1	68.6	9.3	253.8	284.9	95.0	.0	.0	
72.5	59.5	7.0	204.6	249.0	94.2	.0	.0	
75.0	57.9	7.9	221.8	462.2	52.9	.0	.0	
74.3	53.4	7.0	53.0	613.0	24.2	.0	.0	
75.2	54.2	7.8	71.8	486.5	68.3	.0	.0	
75.9	60.0	5.9	144.2	232.1	95.4	.0	.0	
71.8	63.1	7.9	255.8	250.5	60.0	7.9	.0	
73.7	58.6	5.1	183.0	519.4	30.4	.0	.0	
79.8	59.8	7.8	126.6	404.7	57.5	.0	.0	
8 31 1991
86.0	59.9	9.4	131.8	619.3	27.1	.0	.0	
89.6	62.2	9.3	183.0	620.0	15.4	.0	.0	
88.4	69.4	11.3	248.6	471.5	50.8	.0	.0	
75.7	68.5	6.5	271.4	227.5	94.2	15.7	.0	
74.5	67.6	9.9	95.0	248.8	95.8	3.9	.0	
76.9	70.0	7.4	99.4	318.9	84.6	3.9	.0	
83.2	71.6	7.7	112.2	542.1	57.9	.0	.0	
82.4	70.9	8.9	202.2	421.3	70.8	11.8	.0	
71.0	65.2	8.3	164.6	216.7	80.4	.0	.0	
73.8	56.9	7.3	79.8	469.6	50.8	.0	.0	
75.2	56.7	6.3	83.0	436.2	45.4	.0	.0	
74.4	57.7	7.0	151.4	297.1	63.3	.0	.0	
73.7	57.2	6.6	226.2	465.2	59.2	.0	.0	
75.7	58.7	5.6	199.0	561.1	17.5	.0	.0	
79.2	59.0	3.8	118.6	551.6	17.1	.0	.0	
82.5	61.2	8.7	187.4	323.6	70.4	.0	.0	
79.1	65.7	12.1	236.2	428.6	52.9	35.4	.0	
77.9	62.3	8.9	263.4	450.8	29.2	.0	.0	
70.2	55.7	11.5	312.2	353.5	52.5	.0	.0	
71.2	56.3	5.7	212.2	376.3	57.9	.0	.0	
78.1	56.4	7.5	163.8	558.8	22.5	.0	.0	
82.1	63.9	7.9	176.2	562.0	10.0	.0	.0	
84.2	66.7	7.2	93.8	410.3	51.2	.0	.0	
85.7	62.7	5.0	118.2	241.5	92.1	.0	.0	
85.4	63.9	6.4	95.4	511.1	42.1	.0	.0	
81.7	66.6	7.2	112.6	259.1	75.4	.0	.0	
83.8	68.6	7.8	161.4	341.6	57.1	.0	.0	
80.4	69.8	6.9	160.6	201.0	94.2	7.9	.0	
79.2	71.9	6.5	143.0	218.2	95.0	23.6	.0	
80.1	70.2	4.3	177.0	369.8	58.8	.0	.0	
80.9	71.4	6.6	101.0	259.6	75.0	.0	.0	
9 30 1991
80.0	69.1	9.1	73.0	192.2	93.3	.0	.0	
79.0	70.4	7.2	139.8	236.2	94.6	.0	.0	
75.8	71.5	8.1	209.4	184.3	96.2	78.7	.0	
74.2	64.0	8.0	250.2	182.8	96.7	.0	.0	
75.1	58.2	7.3	93.8	482.4	37.1	.0	.0	
78.0	59.9	4.1	101.0	491.4	15.8	.0	.0	
80.0	59.6	8.2	106.2	245.5	60.0	.0	.0	
79.0	67.2	10.4	151.8	180.1	77.9	.0	.0	
83.8	69.7	9.3	190.2	399.4	38.3	.0	.0	
84.6	70.3	7.9	189.4	365.0	63.3	.0	.0	
82.7	70.2	6.1	99.8	186.2	79.6	.0	.0	
87.5	69.7	8.1	209.0	472.4	9.6	.0	.0	
86.2	67.5	8.6	211.8	332.1	35.4	.0	.0	
86.3	68.4	9.9	193.0	302.8	57.9	.0	.0	
85.3	66.9	11.4	189.0	449.7	40.8	.0	.0	
73.5	59.0	9.6	249.0	249.0	80.8	86.6	.0	
71.2	52.6	5.1	160.2	179.8	85.4	.0	.0	
59.4	47.6	12.2	296.2	160.2	99.2	27.6	.0	
50.7	32.7	11.0	299.8	322.5	47.1	.0	.0	
51.7	34.1	3.9	50.6	158.2	74.2	.0	.0	
58.0	40.4	7.1	102.2	357.8	54.6	.0	.0	
60.2	54.3	8.1	200.6	153.6	93.3	118.1	.0	
60.3	42.3	5.7	147.8	418.3	33.3	.0	.0	
60.1	44.8	5.9	53.8	261.5	72.5	7.9	.0	
60.3	46.6	10.8	249.0	356.0	22.1	.0	.0	
55.9	35.1	11.3	279.0	420.5	.0	.0	.0	
62.5	39.9	6.7	189.8	369.0	32.5	.0	.0	
69.6	48.5	8.9	196.2	409.8	11.7	.0	.0	
73.0	49.4	6.8	198.2	293.5	37.1	.0	.0	
73.0	51.3	9.0	219.4	339.1	23.3	.0	.0	
10 31 1991
71.5	53.7	7.4	209.0	392.2	12.1	.0	.0	
73.2	57.8	9.1	196.2	359.5	43.3	35.4	.0	
69.7	61.8	8.8	155.4	229.5	85.8	19.7	.0	
71.4	59.5	14.7	201.8	277.7	69.2	153.5	.0	
52.0	38.4	16.3	271.4	269.9	62.5	3.9	.0	
47.2	28.6	13.6	263.8	374.1	1.7	.0	.0	
52.9	31.7	7.9	187.0	369.5	.0	.0	.0	
64.1	42.2	10.0	170.6	193.9	38.3	.0	.0	
69.8	50.5	8.3	203.8	356.5	35.0	.0	.0	
63.9	37.0	7.9	230.2	189.7	70.8	.0	.0	
65.7	41.2	11.5	263.0	175.1	72.1	.0	.0	
58.3	38.6	10.2	223.8	347.0	.0	.0	.0	
56.9	39.3	10.2	119.4	127.1	74.6	.0	.0	
57.6	36.0	12.0	250.6	298.5	51.7	.0	.0	
50.3	27.7	9.0	233.0	328.0	30.4	.0	.0	
54.0	31.1	6.4	120.2	329.5	.0	.0	.0	
63.3	38.9	10.2	157.0	325.2	.0	.0	.0	
61.1	42.4	8.9	242.2	279.5	43.3	15.7	.0	
43.9	29.6	9.7	133.4	295.2	25.0	.0	.0	
48.7	29.9	5.5	98.2	200.2	37.1	.0	.0	
59.8	40.3	7.7	171.0	283.8	16.7	.0	.0	
68.6	49.4	9.6	157.8	290.8	27.1	.0	.0	
68.4	61.6	11.1	149.8	121.8	87.1	133.9	.0	
71.1	64.2	11.5	147.0	105.8	86.2	15.7	.0	
69.7	64.4	7.3	180.6	102.3	100.0	.0	.0	
65.8	63.1	7.1	159.0	100.9	91.7	70.9	.0	
61.4	59.1	8.9	61.0	99.5	100.0	.0	.0	
68.2	63.7	14.2	121.0	98.2	100.0	39.4	.0	
62.7	59.1	10.2	204.2	96.9	100.0	63.0	.0	
38.6	36.8	11.2	330.6	95.6	100.0	35.4	.0	
47.5	46.1	10.7	75.8	94.4	100.0	.0	.0	
11 30 1991
40.9	33.3	20.5	223.4	93.2	100.0	82.7	.0	
27.5	14.6	15.6	259.0	93.9	84.2	.0	.0	
22.0	7.5	15.2	260.6	167.0	73.8	.0	.0	
25.2	7.9	8.1	222.2	230.1	42.5	.0	.0	
38.0	18.2	12.7	177.4	97.6	72.1	.0	.0	
36.8	28.9	9.9	174.2	87.4	100.0	.0	40.0	
20.6	11.6	12.3	293.4	150.5	73.8	.0	30.0	
18.5	2.6	5.5	188.6	243.6	.0	.0	.0	
27.9	13.4	8.2	121.0	230.1	7.9	.0	.0	
38.2	21.9	6.5	213.0	226.2	38.3	.0	.0	
35.9	30.3	6.2	281.8	82.2	84.6	.0	.0	
39.6	35.8	8.4	232.2	81.2	75.4	3.9	.0	
53.8	40.5	10.8	186.2	227.4	26.2	.0	.0	
55.6	48.3	10.7	156.2	79.3	99.2	.0	.0	
60.1	55.4	9.5	226.2	85.7	99.2	7.9	.0	
48.0	46.7	9.6	128.6	77.5	100.0	.0	.0	
56.5	55.5	14.5	118.2	76.6	100.0	55.1	.0	
65.8	58.0	13.8	159.4	215.1	25.0	.0	.0	
62.9	59.1	11.2	214.6	126.0	58.3	66.9	.0	
48.1	44.8	11.6	307.4	74.1	99.6	39.4	.0	
48.2	34.8	5.5	178.6	209.6	5.8	.0	.0	
51.9	36.3	7.4	147.8	155.3	51.7	.0	.0	
33.8	23.2	21.6	247.8	73.0	98.8	.0	.0	
27.8	13.2	19.1	273.8	178.7	29.2	.0	.0	
27.5	11.6	8.4	214.2	191.6	43.8	.0	.0	
40.0	21.8	13.5	137.8	128.9	71.7	3.9	.0	
49.8	42.1	9.6	187.8	94.8	88.8	7.9	.0	
58.1	50.5	12.1	170.6	68.7	100.0	.0	.0	
61.5	53.7	14.3	162.2	68.2	99.6	43.3	.0	
44.0	32.2	15.6	242.2	67.7	72.1	.0	.0	
12 31 1991
30.1	20.9	10.2	243.4	67.3	100.0	.0	.0	
32.3	26.8	8.1	151.4	66.8	100.0	51.2	.0	
26.1	19.8	15.4	270.2	68.4	94.2	.0	.0	
17.9	8.0	12.7	231.8	182.7	16.7	.0	.0	
39.1	26.2	13.1	197.8	172.1	10.8	.0	.0	
43.4	35.5	9.6	139.0	74.5	60.4	.0	.0	
55.9	48.0	9.2	169.4	109.2	42.5	.0	.0	
60.9	53.9	12.9	205.8	110.7	44.2	.0	.0	
44.4	33.4	8.0	274.6	116.0	48.8	.0	.0	
46.7	31.4	7.4	156.6	182.5	23.8	.0	.0	
54.5	39.7	9.5	159.0	85.8	93.8	.0	.0	
57.6	51.2	17.8	185.8	68.1	97.1	43.3	.0	
48.9	41.9	6.5	210.6	127.6	64.6	.0	.0	
36.3	15.2	18.8	271.8	180.1	14.2	.0	.0	
33.6	13.1	12.4	213.4	160.9	27.5	.0	.0	
41.4	23.0	10.9	174.6	169.1	15.8	.0	.0	
40.9	24.9	14.7	276.2	179.0	.0	.0	.0	
25.0	10.0	9.9	179.0	178.8	3.8	.0	.0	
27.5	14.7	13.5	115.4	62.5	89.2	.0	.0	
36.8	27.7	9.2	173.8	62.5	100.0	70.9	.0	
35.8	34.3	6.1	195.4	62.5	100.0	.0	.0	
41.8	40.9	7.2	156.6	62.5	100.0	39.4	.0	
40.3	35.0	11.1	289.4	62.6	75.0	7.9	.0	
34.1	25.2	7.0	237.4	179.0	.0	.0	.0	
37.4	24.5	3.0	75.0	179.3	11.2	.0	.0	
39.4	26.2	3.6	132.6	124.6	39.2	.0	.0	
38.8	31.0	5.9	31.4	96.8	78.8	.0	.0	
38.1	35.0	8.5	182.2	63.2	100.0	11.8	.0	
35.4	32.3	8.6	299.0	63.4	100.0	.0	.0	
34.8	30.5	5.5	84.2	63.6	100.0	.0	.0	
34.4	30.6	8.5	122.6	63.9	100.0	.0	.0	
