01	31	2014
29.5	23.8	3.0	133.3	136.0	86.3	0	0.0
27.0	22.4	2.9	134.2	136.5	96.3	0	0.0
31.3	20.5	7.4	221.9	136.1	79.2	0	0.0
19.4	11.3	5.1	177.7	138.4	100.0	0	0.0
17.6	6.5	2.0	83.1	139.3	100.0	0	0.0
23.6	10.4	3.7	148.8	140.3	82.3	0	0.0
31.5	24.3	2.1	74.8	59.6	9.5	10	23.2
32.3	31.2	2.6	77.3	63.4	21.5	1	1.6
33.2	28.0	9.1	211.2	69.7	43.2	0	0.8
36.4	29.9	5.8	171.7	62.2	40.6	0	0.0
38.0	30.1	16.3	190.0	120.5	58.9	1	0.0
34.6	26.4	14.3	227.3	97.5	47.2	0	0.0
35.6	28.3	9.6	209.0	149.1	81.8	0	0.0
29.2	22.1	3.2	155.4	151.2	100.0	0	0.0
25.4	19.3	3.1	153.1	152.8	100.0	0	0.0
27.9	18.2	2.5	130.6	154.6	100.0	0	0.0
27.5	16.5	3.0	157.1	156.4	100.0	0	0.0
26.0	17.8	3.4	160.0	158.4	100.0	0	0.0
24.0	16.2	1.8	114.0	160.4	100.0	0	0.0
27.1	18.1	3.3	95.6	162.4	100.0	0	0.0
24.0	16.1	2.3	127.5	164.6	100.0	0	0.0
26.3	17.6	5.8	184.5	166.7	97.9	0	0.0
26.7	17.7	8.6	70.6	169.1	100.0	0	0.0
22.3	13.7	6.8	152.9	171.4	100.0	0	0.0
19.5	10.7	2.4	128.5	173.3	91.5	0	0.0
27.0	14.8	3.4	109.2	176.4	100.0	0	0.0
29.9	19.6	1.5	56.5	179.0	100.0	0	0.0
33.2	25.4	2.5	96.3	95.9	21.9	11	28.4
37.1	32.3	9.4	136.2	95.0	30.2	12	18.4
31.0	23.2	6.8	251.2	168.0	81.8	0	0.0
27.6	21.6	7.6	269.4	82.1	46.4	0	0.0
02	28	2014
25.2	18.5	3.7	118.8	129.1	80.2	0	0.0
24.9	18.4	2.4	123.1	84.7	36.2	0	1.0
26.9	18.7	9.1	261.5	96.2	15.1	1	3.6
21.9	16.1	4.9	182.3	84.5	6.8	1	5.8
17.5	11.8	8.1	48.7	84.5	7.3	0	0.0
16.9	11.6	9.8	59.6	87.5	10.4	5	41.5
20.6	18.2	6.6	57.2	94.6	24.1	28	117.0
34.4	32.5	7.7	146.8	104.2	22.5	14	13.6
36.5	29.1	3.4	100.6	147.7	33.3	0	0.0
30.9	27.3	2.6	78.7	208.4	68.7	0	0.0
35.1	30.6	4.5	115.9	131.4	33.7	8	11.0
39.2	37.2	4.9	125.8	98.6	8.7	16	4.2
39.1	33.5	6.3	160.6	170.5	44.8	0	0.0
39.4	36.8	6.2	146.9	106.0	7.1	11	0.0
41.2	35.4	8.8	110.4	114.9	19.8	15	0.0
35.3	24.5	12.1	194.6	204.2	64.1	0	0.0
37.1	27.3	12.8	184.2	154.6	60.9	2	0.0
39.0	30.2	10.7	165.8	163.1	26.6	2	0.7
28.9	20.8	10.6	242.7	161.0	68.2	2	5.1
32.8	25.7	9.9	183.8	140.9	33.3	0	0.0
36.7	24.5	12.0	237.9	267.4	90.6	0	0.0
35.3	24.3	9.0	224.8	262.0	77.1	0	0.0
38.7	27.6	5.3	173.1	271.5	76.6	0	0.0
41.3	34.4	3.4	142.8	183.1	50.5	0	0.0
44.3	36.8	5.7	116.7	269.2	83.8	1	0.0
43.5	35.9	6.3	78.1	247.6	73.4	0	0.0
41.0	35.4	6.7	171.0	161.5	21.9	4	0.0
40.0	34.8	6.7	87.1	208.5	27.1	0	0.0
03	31	2014
39.0	34.4	6.4	178.3	141.9	14.1	5	0.0
41.1	36.4	7.1	118.3	141.8	16.8	3	0.0
41.4	36.6	7.3	139.2	170.6	30.6	12	0.0
40.7	33.1	6.0	184.4	235.7	72.4	0	0.0
45.8	38.7	7.8	106.0	182.0	22.9	2	0.0
42.4	32.4	14.1	206.7	185.1	49.5	9	0.0
37.4	28.0	4.9	167.9	328.0	91.7	0	0.0
42.0	29.9	5.5	133.3	325.4	72.4	1	0.0
48.0	43.9	7.1	137.8	175.2	10.4	20	0.0
38.6	32.1	13.2	249.9	253.2	33.5	8	0.0
36.2	24.1	6.7	168.1	351.2	83.3	0	0.0
34.9	23.5	3.6	120.0	356.1	100.0	0	0.0
38.9	24.1	4.2	162.1	361.0	97.9	0	0.0
41.5	25.7	10.5	192.7	273.2	57.6	0	0.0
39.4	21.9	4.5	136.7	371.0	100.0	0	0.0
47.0	21.7	10.1	170.8	376.0	100.0	0	0.0
35.9	18.9	17.4	275.6	357.1	58.3	1	0.0
33.4	18.1	5.6	178.3	385.8	80.7	0	0.0
38.8	19.4	8.3	233.3	391.0	100.0	0	0.0
35.0	15.8	7.8	263.8	395.8	91.7	0	0.0
30.5	13.2	4.6	145.8	395.5	95.8	0	0.0
31.7	13.1	4.9	169.0	406.0	100.0	0	0.0
37.0	14.4	5.2	186.7	411.0	100.0	0	0.0
42.9	19.3	4.3	98.1	415.9	100.0	0	0.0
38.4	26.6	7.5	183.5	284.6	60.9	3	0.0
35.8	30.8	7.9	149.8	310.7	37.1	6	0.0
35.2	30.8	10.4	198.8	205.3	24.8	12	2.5
42.0	35.2	9.8	133.5	219.4	9.2	10	17.6
42.0	34.7	8.7	203.8	335.6	34.2	9	0.0
37.9	27.4	7.2	197.9	289.6	46.9	0	0.0
39.0	30.4	8.4	97.7	232.4	13.4	1	0.0
04	30	2014
32.9	31.3	6.8	196.9	217.0	11.1	29	72.2
36.8	29.4	9.4	232.3	364.4	63.5	0	0.0
36.6	29.0	4.2	78.5	387.4	64.1	2	0.0
37.6	32.7	5.4	156.2	299.0	29.2	1	0.0
40.7	32.9	6.6	196.5	266.9	24.3	0	0.0
47.8	33.4	10.0	232.1	415.8	63.5	0	0.0
47.0	32.1	4.4	141.5	485.0	100.0	0	0.0
52.3	34.5	5.4	170.2	489.1	96.9	0	0.0
49.7	32.4	8.4	231.6	466.9	93.2	0	0.0
47.0	26.8	5.7	159.2	499.2	100.0	0	0.0
48.8	28.5	6.9	211.9	503.9	100.0	0	0.0
46.1	21.5	10.3	255.2	508.5	100.0	0	0.0
42.8	18.3	8.0	271.5	513.1	100.0	0	0.0
45.2	19.9	5.1	137.1	517.7	100.0	0	0.0
47.4	22.4	11.9	279.6	516.9	81.8	0	0.0
45.1	26.0	5.6	203.1	512.6	65.6	0	0.0
47.2	33.2	7.3	125.4	376.3	63.5	0	0.0
44.4	24.2	6.3	203.8	535.4	92.7	0	0.0
48.5	23.7	11.2	194.8	535.0	97.9	0	0.0
43.6	24.8	5.3	144.2	544.0	100.0	0	0.0
51.5	27.9	7.7	124.8	355.3	39.6	0	0.0
41.8	26.2	13.0	241.1	333.2	34.5	0	0.0
41.4	28.1	8.5	148.8	315.7	17.7	2	0.0
46.2	38.1	10.5	188.7	353.9	18.4	23	0.0
38.6	32.3	7.6	228.9	363.0	44.0	21	19.8
39.0	24.4	9.4	236.5	386.5	58.9	0	0.0
39.4	27.0	13.5	242.8	439.6	53.1	1	0.0
39.0	22.9	5.7	148.1	571.5	96.9	0	0.0
45.3	23.0	6.8	120.2	579.9	100.0	0	0.0
51.1	24.5	6.8	75.4	583.5	100.0	0	0.0
05	31	2014
55.1	25.9	2.9	111.0	587.2	100.0	0	0.0
57.9	33.5	5.9	174.2	590.8	100.0	0	0.0
55.0	33.9	9.2	211.7	582.6	92.7	0	0.0
52.2	31.6	13.0	236.9	346.3	25.0	0	0.0
44.1	33.2	8.1	207.1	356.6	32.8	0	0.0
45.1	28.6	11.7	295.0	457.8	64.1	0	0.0
46.7	27.5	8.8	267.9	568.5	81.2	0	0.0
44.3	35.4	7.8	175.2	301.0	39.9	17	0.0
44.6	35.5	13.3	231.2	429.8	43.5	4	0.0
38.9	29.8	11.1	261.9	436.6	49.0	0	0.0
45.7	29.2	10.0	283.1	564.7	88.5	0	0.0
47.3	24.6	4.6	127.7	625.0	100.0	0	0.0
52.9	25.5	5.7	185.2	628.2	100.0	0	0.0
58.9	33.3	5.2	175.0	631.2	100.0	0	0.0
64.5	36.1	5.6	205.6	634.2	100.0	0	0.0
63.5	34.0	10.7	252.3	637.1	100.0	0	0.0
57.1	29.8	9.1	242.1	636.8	86.5	0	0.0
49.1	37.0	10.7	262.3	432.5	35.4	7	0.0
48.4	34.8	5.9	184.0	568.4	69.8	0	0.0
55.4	33.0	11.5	301.2	644.8	99.0	0	0.0
60.3	36.0	11.2	276.2	571.3	79.2	0	0.0
59.2	33.8	4.8	180.4	653.0	100.0	0	0.0
57.5	40.5	10.2	205.0	597.8	83.3	4	0.0
57.2	37.5	6.2	252.3	653.6	97.8	0	0.0
61.8	36.1	7.2	210.4	659.9	100.0	0	0.0
59.4	36.6	9.5	269.2	542.6	74.5	0	0.0
57.8	34.6	9.4	217.7	610.5	82.8	0	0.0
46.8	27.8	12.0	273.8	556.5	67.2	0	0.0
47.7	21.9	4.9	148.5	668.2	100.0	0	0.0
56.6	21.4	7.3	121.7	664.8	94.8	0	0.0
54.8	34.6	8.6	257.0	555.4	71.5	2	0.0
06	30	2014
57.1	31.5	4.6	149.4	673.6	100.0	0	0.0
62.6	33.5	8.5	175.3	632.0	87.0	0	0.0
60.6	30.7	8.3	219.4	676.8	100.0	0	0.0
60.5	26.0	7.3	223.3	678.3	100.0	0	0.0
63.2	27.4	8.6	248.3	679.8	100.0	0	0.0
62.8	29.0	7.8	238.1	681.1	100.0	0	0.0
62.6	32.6	8.1	266.0	672.2	95.3	0	0.0
63.1	37.0	6.6	200.2	683.6	100.0	0	0.0
66.4	33.9	8.0	198.3	684.7	100.0	0	0.0
59.7	24.8	9.2	256.9	685.7	100.0	0	0.0
60.1	29.2	4.8	216.2	686.7	100.0	0	0.0
63.0	31.1	12.3	205.4	668.6	95.8	0	0.0
50.2	35.0	11.4	260.2	472.9	63.0	2	0.0
55.7	30.0	8.0	214.2	689.1	88.5	0	0.0
57.9	32.7	10.2	261.9	681.2	59.4	0	0.0
47.5	28.4	11.2	270.0	476.2	59.9	0	0.0
46.5	31.6	10.5	237.3	416.9	36.5	0	0.0
57.7	36.3	9.1	167.5	581.7	69.8	0	0.0
63.8	36.0	6.2	169.2	685.5	96.9	0	0.0
67.0	35.6	11.6	264.4	682.6	90.1	0	0.0
63.1	31.9	8.5	234.2	691.4	92.2	0	0.0
64.8	27.6	7.9	230.2	692.2	100.0	0	0.0
69.2	29.9	6.8	153.5	692.2	100.0	0	0.0
67.8	42.6	12.8	283.1	692.0	88.0	0	0.0
58.6	45.3	6.5	216.7	375.9	39.6	14	0.0
57.7	49.7	7.1	187.3	332.9	20.3	11	0.0
58.8	46.9	7.8	189.7	435.0	50.8	7	0.0
59.4	38.6	7.2	215.2	688.2	97.9	0	0.0
60.3	34.8	8.7	227.5	690.8	100.0	0	0.0
61.8	32.5	4.5	142.3	690.3	100.0	0	0.0
07	31	2014
71.4	30.5	9.2	102.1	689.7	100.0	0	0.0
73.6	36.4	10.5	217.9	681.2	94.8	0	0.0
72.5	43.5	5.4	148.1	668.5	93.2	0	0.0
73.8	36.0	8.3	201.5	687.5	100.0	0	0.0
73.9	34.3	5.4	155.6	686.6	100.0	0	0.0
77.8	36.5	7.7	199.8	685.6	100.0	0	0.0
76.9	39.3	5.8	142.7	684.6	100.0	0	0.0
80.1	43.9	7.2	197.1	680.9	98.4	0	0.0
69.8	51.9	5.9	176.7	548.1	67.7	5	0.0
72.2	42.3	5.8	189.8	658.9	93.2	0	0.0
69.7	38.8	7.6	175.4	540.8	80.2	0	0.0
72.4	43.2	5.0	122.3	678.2	100.0	0	0.0
78.7	43.5	8.2	184.8	672.4	97.3	22	0.0
77.1	47.2	7.7	197.3	675.2	100.0	0	0.0
76.6	44.6	8.7	234.8	673.5	96.9	0	0.0
75.1	40.7	5.8	173.5	671.8	100.0	0	0.0
77.4	33.0	8.8	238.4	584.5	70.7	0	0.0
71.6	27.4	9.2	238.8	588.4	35.4	0	0.0
71.6	39.5	9.3	267.6	595.2	94.4	0	0.0
72.9	39.0	10.8	225.8	664.2	100.0	0	0.0
67.8	45.2	8.3	154.4	610.2	75.5	0	0.0
68.9	45.3	8.7	168.7	626.4	78.3	0	0.0
65.7	41.9	11.2	171.9	637.0	93.2	0	0.0
58.3	33.1	7.0	197.5	655.4	95.8	0	0.0
64.0	29.0	6.0	149.2	653.0	100.0	0	0.0
70.5	30.4	5.6	132.1	650.6	100.0	0	0.0
77.9	32.2	9.4	210.4	648.1	100.0	0	0.0
79.9	36.9	6.0	191.5	645.0	99.5	0	0.0
76.5	42.4	7.7	160.0	542.3	85.4	0	0.0
76.5	40.5	6.8	203.8	633.7	95.3	0	0.0
75.4	42.8	10.1	195.7	610.2	82.6	4	0.0
08	31	2014
73.1	47.7	6.3	134.8	623.9	91.7	0	0.0
75.6	43.1	6.7	185.6	630.5	95.8	0	0.0
76.3	42.3	6.8	115.2	628.5	100.0	0	0.0
74.7	43.2	8.4	178.3	575.2	85.9	0	0.0
71.7	41.2	3.9	160.8	616.6	97.9	0	0.0
72.8	30.5	7.6	239.8	564.2	76.2	0	0.0
72.2	35.8	6.7	185.6	606.3	92.2	0	0.0
72.0	33.7	9.0	236.3	453.4	75.9	0	0.0
71.5	35.4	4.8	150.2	609.6	96.9	0	0.0
75.8	40.8	8.0	116.0	606.2	99.5	0	0.0
75.0	42.0	6.7	122.7	590.6	84.4	0	0.0
61.1	49.7	5.9	151.0	491.2	81.2	7	0.0
64.2	45.9	8.2	193.1	516.1	73.1	8	0.0
59.7	45.6	5.9	194.0	425.8	53.1	0	0.0
63.7	44.6	7.1	201.0	544.2	81.8	0	0.0
68.1	40.2	5.5	172.1	581.9	99.0	0	0.0
70.7	42.2	6.4	197.6	568.1	89.9	0	0.0
72.9	40.3	5.4	165.0	577.2	100.0	0	0.0
72.2	39.9	7.4	172.1	521.2	91.2	0	0.0
66.7	42.5	8.5	222.9	534.0	87.5	0	0.0
61.9	24.8	8.7	229.4	565.6	100.0	0	0.0
61.3	34.0	10.1	280.4	530.5	91.2	0	0.0
60.8	37.7	9.0	278.3	557.7	100.0	0	0.0
61.0	37.2	5.7	136.2	542.5	77.1	0	0.0
61.7	38.9	4.9	196.2	418.1	64.6	0	0.0
62.8	38.0	4.9	146.5	511.7	94.8	0	0.0
67.3	35.3	4.8	166.2	541.3	100.0	0	0.0
70.0	39.8	9.0	209.4	537.0	100.0	0	0.0
67.2	37.9	6.9	206.0	520.9	85.4	0	0.0
58.6	42.6	8.4	259.6	423.5	67.7	1	0.0
54.6	34.7	6.7	247.3	489.9	87.0	0	0.0
09	28	2014
58.0	33.8	6.9	210.0	519.7	100.0	0	0.0
62.4	29.6	8.8	202.7	515.2	100.0	0	0.0
55.0	27.1	7.9	235.2	510.7	100.0	0	0.0
53.2	25.1	7.3	139.0	506.1	100.0	0	0.0
56.4	21.8	8.0	150.2	501.6	100.0	0	0.0
62.7	20.6	6.5	104.0	496.9	100.0	0	0.0
64.9	23.2	7.1	210.4	492.3	100.0	0	0.0
62.6	22.9	6.5	150.0	487.6	100.0	0	0.0
57.7	29.1	8.4	225.4	482.9	100.0	0	0.0
56.1	30.2	6.4	201.5	478.1	100.0	0	0.0
50.0	16.5	7.1	141.9	473.3	100.0	0	0.0
55.0	17.2	7.8	67.9	468.5	100.0	0	0.0
58.6	20.9	4.2	170.4	463.6	96.9	0	0.0
61.4	24.0	4.9	136.7	458.7	100.0	0	0.0
65.1	33.9	6.6	152.5	452.0	93.8	0	0.0
66.6	35.6	5.2	135.4	427.0	93.8	0	0.0
66.3	30.0	7.1	154.8	443.7	90.6	0	0.0
65.3	39.8	8.7	233.3	393.7	87.0	0	0.0
61.0	41.6	5.6	196.9	433.9	97.9	0	0.0
66.2	39.6	6.1	135.0	428.5	100.0	0	0.0
66.5	36.8	5.8	125.7	378.5	100.0	0	0.0
60.9	34.4	9.4	183.3	409.2	100.0	0	0.0
50.2	39.1	8.0	199.2	248.8	71.9	0	0.0
50.7	34.2	6.3	152.5	398.1	91.7	0	0.0
54.5	41.2	15.7	309.6	227.6	22.9	13	0.0
55.2	49.3	5.4	250.8	216.8	15.6	6	0.0
55.7	47.3	6.3	146.7	330.9	38.0	1	0.0
47.2	32.8	11.3	268.5	267.1	71.3	0	0.0
10	31	2014
42.8	29.2	4.6	128.5	375.2	100.0	0	0.0
46.9	23.7	4.5	165.6	370.4	100.0	0	0.0
50.2	29.3	2.6	103.8	365.6	100.0	0	0.0
54.6	29.2	4.8	181.0	360.8	100.0	0	0.0
56.6	29.6	4.7	121.7	356.0	100.0	0	0.0
57.7	33.1	4.6	170.8	351.2	100.0	0	0.0
55.9	28.4	3.3	104.8	346.4	100.0	0	0.0
55.1	25.8	5.5	170.4	341.7	100.0	0	0.0
52.8	26.8	6.0	205.0	336.9	100.0	0	0.0
51.5	24.9	5.3	206.0	332.1	100.0	0	0.0
53.3	32.6	10.1	176.5	277.5	78.7	0	0.0
44.5	27.8	7.5	211.2	312.2	94.8	0	0.0
51.5	24.8	7.4	87.7	318.0	100.0	0	0.0
56.8	27.3	4.8	115.0	264.1	82.3	0	0.0
43.7	33.1	8.3	138.1	198.6	47.7	5	0.0
44.5	29.8	6.3	132.3	242.2	77.6	0	0.0
47.0	30.0	4.8	151.2	283.2	79.7	0	0.0
46.2	30.7	4.3	168.1	294.9	89.6	0	0.0
48.5	26.3	4.7	135.2	290.4	100.0	0	0.0
49.1	29.1	7.7	165.5	272.2	71.2	8	0.0
40.1	31.8	6.5	175.1	186.5	70.8	0	0.0
45.7	33.2	4.8	101.7	158.1	28.6	3	0.0
48.4	43.4	6.8	116.9	117.9	11.5	44	0.0
47.6	42.9	6.6	89.0	211.6	52.4	18	0.0
47.6	34.6	15.2	165.4	225.1	67.7	0	0.0
39.4	29.6	10.2	204.7	136.2	50.2	0	0.0
35.2	26.8	4.0	88.7	213.7	69.5	0	0.0
43.1	31.4	3.6	116.9	240.7	64.6	1	0.0
46.1	40.0	2.6	107.0	214.4	52.9	1	0.0
48.5	36.8	5.1	92.7	243.6	99.0	0	0.0
48.3	36.9	8.3	207.1	121.2	27.1	22	0.0
11	30	2014
39.3	33.4	14.0	261.9	101.8	26.6	8	0.0
38.8	29.4	8.1	220.2	168.8	33.9	0	0.0
40.1	34.5	2.7	73.8	98.5	21.9	0	0.0
42.8	39.2	2.4	42.3	110.7	13.9	2	0.0
43.1	38.7	4.2	87.4	145.8	86.6	0	0.0
49.4	37.4	8.2	198.5	176.7	76.6	0	0.0
41.8	30.2	4.6	171.5	214.1	100.0	0	0.0
39.1	30.6	1.4	78.8	210.7	100.0	0	0.0
42.5	32.0	8.8	205.0	183.3	90.1	0	0.0
34.4	21.9	7.0	270.4	203.6	87.5	0	0.0
23.3	8.8	6.4	93.5	200.7	100.0	0	0.0
20.3	1.5	13.7	56.0	197.6	75.0	0	0.0
21.5	15.2	7.1	38.6	76.8	18.2	19	106.2
28.3	23.6	7.6	181.7	101.4	42.2	24	56.8
12.3	5.1	4.6	212.1	188.5	100.0	0	0.0
12.5	5.8	3.4	130.2	185.7	100.0	0	0.0
13.3	6.4	5.4	170.6	183.0	100.0	0	0.0
14.2	8.5	2.6	121.0	180.3	100.0	0	0.0
24.1	17.6	2.0	109.4	156.1	53.3	2	4.2
32.9	29.6	2.1	121.7	136.1	31.2	0	0.0
34.5	30.9	4.1	84.6	110.3	26.8	8	0.0
36.8	31.2	11.3	230.4	114.4	44.9	5	0.0
31.4	25.0	6.1	177.7	163.6	81.2	0	0.0
32.7	26.3	3.8	96.9	165.8	72.9	0	0.0
42.7	35.7	8.2	176.7	144.6	56.2	0	0.0
35.2	31.0	1.9	118.5	161.5	100.0	0	0.0
39.1	35.5	2.4	118.1	116.2	49.5	4	0.0
40.7	32.6	5.8	106.2	86.3	41.7	0	0.0
36.4	26.8	11.5	223.1	129.8	53.6	1	0.0
22.8	11.8	6.9	112.5	153.9	76.0	0	0.0
12	31	2014
29.7	24.1	2.1	54.8	64.8	10.7	14	46.9
34.4	31.9	7.6	115.3	122.2	52.2	0	0.0
37.0	34.3	5.2	68.2	58.9	6.9	20	20.3
37.3	34.4	2.2	99.3	82.2	44.1	1	0.0
33.8	30.7	4.0	89.4	139.0	81.2	0	0.0
39.0	33.5	4.0	134.4	101.4	52.1	8	0.0
35.0	31.0	3.3	161.7	143.3	87.0	0	0.0
38.6	35.0	4.4	141.5	109.5	41.1	2	2.5
40.8	35.9	3.6	74.8	103.2	35.4	0	0.0
41.0	34.1	7.0	85.0	137.5	62.0	0	0.0
46.2	35.1	11.2	102.1	59.4	15.1	1	0.0
36.3	33.1	9.1	263.3	56.5	25.0	9	0.0
29.5	24.6	4.4	188.4	68.3	46.4	0	0.0
26.1	20.2	4.2	114.2	136.5	100.0	0	0.0
31.1	23.8	11.6	45.0	90.4	27.1	1	1.3
31.4	28.4	4.9	71.7	64.2	31.7	4	10.2
31.7	28.1	2.8	81.0	65.9	24.0	4	10.2
34.9	31.4	2.5	32.5	64.3	10.3	1	2.5
34.9	32.0	4.5	111.2	71.0	17.0	18	35.8
34.6	32.6	3.8	82.7	53.8	5.3	50	96.3
42.9	38.3	12.3	222.4	77.9	17.7	1	0.0
38.0	27.7	7.9	204.3	130.1	42.7	0	0.0
32.2	26.8	3.0	127.9	77.8	59.4	0	0.0
30.5	25.6	9.0	194.8	53.0	33.9	12	31.5
29.9	20.6	9.8	238.8	62.9	26.6	0	0.0
27.9	19.5	4.6	195.1	132.2	66.2	1	3.1
24.7	19.5	2.5	97.7	63.1	42.2	0	0.0
28.0	23.0	7.5	219.9	76.8	20.0	8	26.3
20.9	16.5	7.8	153.2	57.8	8.7	5	24.7
11.3	4.3	7.5	234.0	134.9	84.4	0	0.0
3.3	0.4	2.4	104.1	133.0	87.8	0	0.0
