01	31	2012
37.1	35.4	1.9	100.1	81.7	61.6	0	0.0
42.7	39.4	5.5	153.6	78.6	37.0	2	0.0
45.4	41.4	4.9	160.7	88.2	34.4	0	0.0
47.9	41.5	8.5	210.9	82.8	18.6	6	0.0
42.9	39.4	3.7	184.6	99.3	38.0	3	0.0
37.5	34.8	4.0	120.9	57.5	22.8	1	0.0
41.6	37.7	4.0	100.1	88.2	27.4	0	0.0
35.2	34.1	2.5	69.4	92.3	73.4	0	0.0
39.2	36.5	2.8	121.7	86.0	32.6	3	0.0
38.1	33.0	9.2	158.1	121.4	57.3	6	0.0
33.4	25.4	8.2	102.6	130.9	66.3	0	0.0
31.0	22.3	4.6	179.2	105.5	65.6	0	0.0
32.2	26.0	2.1	59.2	126.1	72.9	0	0.0
37.8	33.5	9.1	198.1	62.3	31.8	5	0.0
33.1	30.3	6.5	174.0	104.0	31.2	2	2.1
32.4	29.6	8.4	155.8	72.0	23.2	2	3.8
36.8	34.7	13.9	172.3	64.7	10.1	66	0.0
46.5	43.4	16.4	180.6	62.9	7.6	209	0.0
51.6	48.3	13.2	186.2	67.3	8.5	103	0.0
50.7	46.9	11.3	175.1	67.3	10.1	67	0.0
42.4	37.9	10.7	211.0	112.2	32.5	15	0.0
43.2	37.2	13.0	165.4	72.1	25.3	13	0.0
39.1	37.3	3.3	165.9	67.5	31.8	0	0.0
47.6	44.9	11.3	176.4	68.0	9.0	103	0.0
52.0	46.5	6.9	184.4	89.2	12.0	10	0.0
44.7	38.0	6.9	181.3	134.5	37.3	11	0.0
32.7	30.1	2.8	101.7	118.5	65.6	0	0.0
37.5	31.7	4.5	171.0	85.2	49.6	0	0.0
46.2	40.5	7.9	182.9	91.5	26.0	24	0.0
46.6	42.7	3.3	131.1	114.0	21.2	0	0.0
45.8	41.8	4.3	160.4	85.6	13.0	8	0.0
02	29	2012
44.5	38.6	5.0	155.4	129.1	39.1	15	0.0
39.5	35.8	3.8	129.6	140.8	60.4	0	0.0
38.0	31.6	1.7	70.2	174.5	71.3	0	0.0
36.7	31.0	2.1	80.6	164.3	72.4	0	0.0
36.8	31.2	2.9	129.6	149.2	65.7	0	0.0
37.8	30.7	4.0	37.5	195.5	86.5	0	0.0
39.5	33.5	1.9	99.6	98.8	31.2	1	0.0
44.9	43.2	3.2	97.9	90.8	23.9	30	0.0
49.8	47.9	3.0	150.6	101.3	61.5	3	0.0
49.8	47.4	5.9	186.6	96.2	20.6	30	0.0
42.5	38.4	2.3	120.3	130.8	35.6	0	0.0
40.7	36.2	5.3	178.4	122.8	26.3	15	0.0
41.7	37.5	3.9	150.6	129.1	16.3	1	0.0
39.5	35.3	7.8	189.0	144.0	23.8	9	0.0
35.8	32.4	3.7	141.2	177.9	58.9	0	0.0
42.4	38.0	6.0	180.1	104.3	10.4	0	0.0
47.8	44.3	6.9	200.5	100.9	12.2	7	0.0
40.3	35.9	7.9	210.6	182.4	37.1	10	0.0
41.0	33.1	6.4	174.9	165.5	20.1	14	0.0
46.5	43.4	9.0	176.2	111.8	8.3	10	0.0
51.6	47.1	9.1	202.1	113.7	10.4	0	0.0
46.5	41.4	8.7	208.8	145.0	30.7	12	0.0
39.6	32.3	2.4	94.2	201.9	53.8	0	0.0
41.9	34.8	10.4	216.5	210.2	53.1	32	0.0
38.4	33.7	9.8	228.8	178.5	22.2	12	0.0
38.0	33.5	4.2	152.1	168.3	24.0	11	0.0
35.4	31.1	7.0	125.9	170.3	30.4	0	0.0
37.4	32.9	12.8	178.3	121.2	13.2	57	0.0
36.2	33.2	14.9	189.1	151.6	14.9	66	55.9
03	31	2012
38.8	33.8	6.3	196.5	224.0	35.9	13	25.4
40.7	34.3	6.8	195.2	167.8	29.2	0	0.0
48.9	41.3	4.8	142.4	219.0	40.3	0	0.0
42.7	39.7	2.9	117.1	181.0	46.9	0	0.0
42.0	38.6	9.8	195.9	142.5	22.9	16	0.0
37.3	31.5	5.3	192.6	192.3	34.5	2	1.7
36.5	29.8	3.8	118.5	258.3	55.2	0	0.0
44.9	35.8	3.8	155.6	249.6	52.6	0	0.0
47.0	38.2	6.1	171.7	248.5	36.5	0	0.0
47.3	40.2	8.2	206.7	170.2	12.8	10	0.0
42.1	35.5	11.5	198.8	222.3	23.4	20	0.0
46.0	36.2	19.2	196.9	155.0	8.3	70	0.0
38.1	34.2	10.2	181.5	174.2	16.6	22	22.9
45.8	41.1	9.2	173.5	159.3	8.3	20	0.0
50.5	46.2	13.8	190.1	161.4	8.3	76	0.0
46.8	40.0	7.7	140.6	230.9	23.1	57	0.0
41.6	35.8	8.5	204.4	259.8	26.6	8	0.0
38.0	32.3	6.9	216.0	255.5	28.9	5	0.0
40.3	34.4	10.1	159.6	164.0	7.6	2	0.0
44.7	41.4	8.6	217.7	162.0	4.2	75	0.0
33.3	31.2	5.0	213.5	185.1	8.3	149	366.6
37.7	34.0	4.3	170.8	238.0	27.1	2	3.8
39.2	34.8	6.7	177.4	284.7	38.8	0	0.0
46.9	38.1	5.5	164.0	280.9	20.8	0	0.0
42.8	39.0	4.4	157.4	173.5	18.6	21	0.0
45.8	36.6	9.5	177.7	248.7	29.3	0	0.0
50.4	41.8	9.9	189.0	187.6	12.5	11	0.0
48.6	39.0	15.1	189.4	296.3	26.0	2	0.0
52.1	45.7	17.0	186.0	199.8	9.4	70	0.0
46.7	43.2	8.9	162.6	191.0	7.6	123	0.0
46.3	39.1	10.3	196.0	279.4	15.6	25	0.0
04	30	2012
42.2	37.9	11.2	194.8	242.7	24.2	22	0.0
49.0	38.0	7.2	169.8	362.7	54.2	0	0.0
44.8	39.6	6.4	196.7	205.5	33.4	7	0.0
41.2	36.7	8.8	186.1	293.2	25.8	29	0.0
41.6	35.8	3.9	155.9	315.0	24.0	15	0.0
42.7	33.9	5.0	168.1	343.1	53.6	0	0.0
45.7	38.6	4.3	161.5	333.5	40.4	0	0.0
53.3	42.9	3.4	134.4	296.6	31.2	0	0.0
52.7	44.0	2.7	109.8	253.7	36.5	0	0.0
52.6	45.9	3.7	155.9	236.9	26.4	12	0.0
48.6	44.8	4.7	118.1	241.6	15.8	71	0.0
48.0	39.7	8.3	171.5	338.5	31.5	1	0.0
47.1	41.5	3.5	159.9	267.2	19.3	3	0.0
50.2	40.0	4.7	196.7	399.0	65.1	0	0.0
51.8	41.7	5.1	146.8	241.5	26.0	13	0.0
52.3	45.6	9.0	190.3	332.9	33.3	15	0.0
47.4	42.6	3.9	123.3	222.9	19.9	12	0.0
51.7	44.5	6.2	216.9	319.4	17.2	10	0.0
54.6	51.7	5.5	160.1	226.5	8.5	19	0.0
60.0	51.5	7.4	236.9	380.1	42.2	0	0.0
56.5	51.3	4.2	186.7	372.4	48.0	0	0.0
62.4	54.1	3.2	99.8	471.2	64.8	0	0.0
63.4	53.8	7.8	172.5	452.6	45.3	0	0.0
58.6	49.9	7.1	200.0	331.3	17.2	0	0.0
57.3	50.7	6.4	172.9	334.8	18.4	5	0.0
49.6	42.5	10.7	224.8	376.6	22.1	20	0.0
49.8	42.5	6.7	216.1	302.0	15.8	6	0.0
54.5	46.4	3.7	124.0	416.9	38.5	0	0.0
55.7	48.4	3.6	105.6	404.0	27.7	3	0.0
51.1	46.3	10.0	225.9	314.1	18.9	12	0.0
05	31	2012
47.5	39.2	7.8	228.1	373.9	24.5	1	0.0
49.0	40.3	1.6	77.1	261.1	13.5	20	0.0
50.5	45.0	11.5	192.9	347.6	22.1	45	0.0
47.1	40.2	7.6	231.6	318.3	21.9	6	0.0
47.4	37.9	5.2	179.6	528.4	70.5	0	0.0
51.1	42.0	6.0	86.3	531.2	72.0	0	0.0
58.2	47.2	5.1	120.6	520.8	66.3	0	0.0
57.3	47.6	4.5	112.3	425.3	47.6	0	0.0
50.4	38.0	8.9	130.2	465.4	42.7	0	0.0
47.6	34.7	10.8	119.4	602.5	89.6	0	0.0
53.2	40.8	6.1	91.2	609.6	94.8	0	0.0
59.9	45.8	4.0	77.1	618.5	94.8	0	0.0
63.7	51.3	4.6	80.6	494.0	54.4	0	0.0
59.0	48.9	11.8	223.0	457.1	46.7	0	0.0
59.9	50.7	3.5	148.1	402.9	36.5	0	0.0
58.7	44.5	7.1	170.0	474.4	59.1	0	0.0
52.3	38.6	5.0	172.7	607.7	78.1	0	0.0
50.4	36.1	4.6	132.3	466.6	65.1	0	0.0
55.1	40.0	1.2	38.5	360.6	34.9	0	0.0
60.8	49.6	5.2	171.2	280.3	13.8	0	0.0
56.9	52.6	6.7	196.7	296.7	10.8	29	0.0
51.5	46.4	10.5	211.8	303.5	15.3	8	0.0
51.8	45.5	9.2	209.8	324.9	11.6	1	0.0
49.2	45.8	5.8	173.6	304.1	7.8	84	0.0
56.0	48.0	4.8	103.1	423.0	24.8	4	0.0
54.5	47.1	7.8	222.0	355.1	20.7	0	0.0
56.2	46.0	5.7	247.9	362.6	16.1	0	0.0
55.2	46.4	2.5	120.0	340.9	16.8	0	0.0
55.7	45.7	4.2	166.9	475.4	43.8	0	0.0
60.4	46.8	2.9	58.3	466.6	51.0	0	0.0
65.5	54.2	4.2	122.1	462.2	48.4	0	0.0
06	30	2012
66.7	57.0	7.1	235.0	460.2	33.3	10	0.0
60.2	50.8	6.3	227.4	441.4	26.6	1	0.0
53.6	46.5	1.6	75.7	292.3	7.6	18	0.0
52.7	48.3	5.9	171.5	328.9	13.2	24	0.0
52.0	42.0	7.0	220.2	490.1	43.8	1	0.0
54.6	41.7	4.9	168.9	545.5	44.5	0	0.0
55.1	47.1	9.8	213.0	424.9	25.0	21	0.0
51.2	44.6	9.1	194.2	414.5	17.7	11	0.0
53.3	44.1	3.3	121.3	503.8	49.4	0	0.0
56.0	42.6	4.5	93.9	573.0	66.5	0	0.0
61.4	48.8	3.0	92.7	482.2	49.0	0	0.0
61.9	53.9	7.3	211.6	369.7	14.4	3	0.0
58.5	49.7	6.5	116.8	440.5	32.1	4	0.0
56.7	46.2	6.8	116.7	590.9	70.3	0	0.0
62.5	50.6	4.6	82.9	609.8	72.4	0	0.0
68.8	56.3	3.1	105.8	509.7	47.4	0	0.0
66.3	53.6	7.9	253.5	557.5	32.8	0	0.0
57.9	46.0	8.7	267.1	475.5	30.2	0	0.0
54.8	46.6	7.3	242.4	407.4	35.9	0	0.0
60.3	50.6	2.9	79.8	503.0	43.5	0	0.0
62.7	51.4	4.2	111.9	532.1	51.4	0	0.0
56.8	51.6	4.4	169.3	285.6	8.0	24	0.0
55.8	47.4	6.4	224.3	469.9	22.4	4	0.0
58.8	47.7	5.4	211.1	459.2	31.2	3	0.0
55.6	50.5	4.2	127.7	353.3	15.2	29	0.0
57.5	49.5	6.9	176.2	469.1	34.9	8	0.0
59.9	48.9	3.5	61.6	524.4	60.7	0	0.0
61.2	51.2	5.9	200.4	347.0	32.3	0	0.0
65.7	56.1	2.9	142.3	342.0	12.5	0	0.0
64.9	57.9	3.3	165.5	353.6	19.8	10	0.0
07	31	2012
62.0	55.9	5.7	192.4	371.7	20.0	2	0.0
61.3	51.9	5.6	133.6	464.1	20.7	0	0.0
59.6	47.8	8.2	227.1	445.8	40.6	0	0.0
59.4	47.0	5.2	100.0	668.7	92.7	0	0.0
64.0	49.6	4.5	127.1	665.6	88.5	0	0.0
65.5	52.7	5.3	128.8	654.7	85.9	0	0.0
69.3	54.5	5.3	84.4	677.9	95.3	0	0.0
71.8	56.9	4.2	79.4	592.2	71.2	0	0.0
68.7	54.7	5.5	173.1	654.3	80.2	0	0.0
66.9	53.3	6.4	64.4	662.6	87.0	0	0.0
71.9	56.5	5.6	129.2	675.6	93.3	0	0.0
68.1	55.3	5.6	188.1	529.1	66.7	0	0.0
67.6	52.7	4.8	75.4	663.8	94.3	0	0.0
68.3	56.7	7.0	178.1	587.3	72.2	0	0.0
65.2	53.9	7.2	234.8	403.1	31.0	0	0.0
64.5	53.9	3.7	187.1	357.2	22.3	0	0.0
65.9	56.2	9.2	199.0	461.0	35.4	0	0.0
63.9	57.1	3.6	138.2	310.3	10.9	5	0.0
70.5	58.1	7.0	154.1	512.8	27.9	5	0.0
63.1	55.3	6.2	212.6	361.7	29.0	0	0.0
66.2	53.9	3.3	74.6	587.7	73.8	0	0.0
60.2	51.3	4.7	165.8	370.7	31.6	0	0.0
62.7	48.3	12.5	176.7	641.1	88.5	0	0.0
63.6	52.9	5.5	80.4	541.0	75.5	0	0.0
69.2	56.5	3.4	144.4	628.7	86.4	0	0.0
65.3	55.8	6.5	188.3	526.0	66.5	0	0.0
63.8	53.0	3.5	113.3	463.4	44.4	0	0.0
64.6	54.5	3.8	84.5	504.1	61.6	0	0.0
63.2	55.2	2.1	100.4	379.5	42.7	0	0.0
64.1	54.1	5.2	99.2	461.8	52.1	0	0.0
65.7	51.5	5.6	96.0	589.5	81.2	0	0.0
08	31	2012
66.0	52.9	5.3	117.3	605.5	85.8	0	0.0
66.1	51.6	6.9	164.4	545.6	78.1	0	0.0
71.1	55.7	9.9	114.9	560.2	80.2	0	0.0
78.2	54.8	6.4	143.5	613.0	87.5	0	0.0
72.3	57.2	9.2	225.2	425.3	53.1	0	0.0
67.1	56.2	11.1	227.8	572.1	81.9	0	0.0
64.2	53.4	7.4	224.0	473.1	53.6	0	0.0
63.4	51.6	5.3	111.9	497.1	66.2	0	0.0
66.5	54.7	6.0	71.5	469.1	66.7	0	0.0
67.4	54.5	7.7	113.8	554.6	80.7	0	0.0
69.3	53.5	7.2	65.4	593.9	92.0	0	0.0
74.6	56.2	4.2	57.9	593.2	100.0	0	0.0
74.3	54.6	7.1	97.7	575.4	92.9	0	0.0
73.6	54.3	6.5	116.0	585.8	98.4	0	0.0
76.1	60.5	6.2	99.8	580.7	96.9	0	0.0
75.8	60.6	6.0	187.7	533.8	87.0	0	0.0
70.9	57.6	8.5	184.9	573.4	93.5	0	0.0
66.1	53.5	7.0	195.8	496.5	68.2	0	0.0
63.3	52.7	4.2	187.7	450.5	59.0	0	0.0
64.7	53.3	4.4	112.5	344.0	44.8	0	0.0
66.5	53.2	5.3	95.8	512.9	80.2	0	0.0
65.4	49.1	10.0	106.0	536.5	91.2	0	0.0
62.0	47.0	9.0	213.1	500.0	78.1	0	0.0
61.7	44.0	11.2	99.6	544.8	99.0	0	0.0
63.7	48.7	5.4	123.8	541.2	96.9	0	0.0
62.6	51.2	7.4	189.1	333.4	25.5	2	0.0
65.8	53.6	4.5	150.6	389.0	21.9	1	0.0
63.3	49.2	6.0	175.6	443.1	48.4	0	0.0
63.6	49.4	5.8	136.5	453.4	63.5	0	0.0
62.7	50.2	6.4	92.0	453.1	74.1	0	0.0
61.1	47.5	5.5	108.1	498.7	81.2	0	0.0
09	30	2012
60.6	42.2	4.8	59.4	507.7	93.2	0	0.0
60.4	42.7	4.7	84.8	398.2	71.3	0	0.0
64.3	47.7	7.7	110.4	497.4	93.2	0	0.0
67.2	49.0	6.6	87.1	497.5	100.0	0	0.0
68.2	50.4	3.6	69.4	492.8	100.0	0	0.0
67.7	51.8	4.2	156.5	480.7	93.2	0	0.0
70.7	51.9	6.1	86.7	477.0	95.1	0	0.0
59.9	51.2	10.7	222.6	328.7	58.7	0	0.0
59.8	47.8	4.8	171.5	312.4	42.2	0	0.0
59.2	48.0	8.0	135.5	315.0	47.2	0	0.0
58.5	39.9	13.3	123.8	456.8	94.8	0	0.0
62.9	38.5	8.6	69.6	455.1	94.3	0	0.0
66.5	40.1	3.1	49.4	419.2	80.7	0	0.0
67.4	49.1	5.3	136.5	367.6	75.5	0	0.0
65.2	48.4	6.3	149.8	392.6	83.8	0	0.0
63.7	42.8	5.8	105.6	430.3	85.4	0	0.0
65.6	45.3	2.8	77.9	435.0	99.5	0	0.0
60.9	48.9	8.6	173.5	421.0	90.1	0	0.0
60.1	50.3	5.2	143.5	359.8	74.0	0	0.0
57.1	51.8	7.4	198.5	247.9	26.6	0	0.0
57.4	52.0	3.2	142.4	180.1	8.2	1	0.0
61.7	48.3	5.1	125.0	349.0	41.8	0	0.0
61.7	48.5	4.0	112.1	336.7	54.2	1	0.0
59.8	47.8	3.8	118.5	384.0	79.2	0	0.0
61.7	46.1	6.1	137.9	333.7	55.7	0	0.0
56.1	43.9	5.8	51.7	346.0	81.2	0	0.0
60.4	44.3	2.9	42.3	369.6	70.3	0	0.0
67.1	47.9	3.3	73.8	259.2	61.5	0	0.0
63.6	51.3	6.4	96.9	258.6	58.3	0	0.0
60.9	42.2	11.1	83.1	366.6	95.3	0	0.0
10	31	2012
64.2	43.8	8.0	112.3	337.1	86.5	0	0.0
60.6	44.9	10.2	169.2	354.1	89.1	0	0.0
57.8	31.0	15.2	230.8	353.4	92.2	0	0.0
56.2	29.5	6.2	74.4	350.7	100.0	0	0.0
54.1	32.5	4.1	167.7	338.9	94.3	0	0.0
53.9	31.0	4.7	85.8	339.0	91.6	0	0.0
54.2	29.9	3.3	112.1	335.9	100.0	0	0.0
53.7	39.8	8.4	206.2	327.8	91.7	0	0.0
52.0	40.8	3.8	112.0	323.4	94.1	0	0.0
53.7	42.1	2.5	60.2	319.9	95.8	0	0.0
51.6	44.4	2.9	67.9	301.8	78.0	0	0.0
53.0	49.0	6.7	167.1	157.9	10.9	47	0.0
59.0	56.3	6.7	168.3	166.8	21.2	0	0.0
60.1	57.2	6.9	188.5	135.1	9.9	32	0.0
63.1	60.0	9.4	183.7	129.2	6.9	98	0.0
56.3	47.7	6.2	258.3	212.1	47.4	0	0.0
47.8	43.3	4.1	110.0	245.8	79.0	0	0.0
51.5	46.1	1.6	59.2	240.4	55.8	0	0.0
56.0	52.3	6.5	171.9	125.2	9.9	26	0.0
49.8	44.1	7.1	222.8	193.8	32.8	6	0.0
46.8	43.5	7.1	153.9	160.0	16.8	19	0.0
46.4	42.6	8.8	169.7	163.5	18.8	13	0.0
45.8	41.0	10.0	182.7	124.6	11.3	10	0.0
46.0	41.2	9.1	179.2	173.7	37.0	0	0.0
46.0	39.9	3.1	85.7	199.4	45.1	0	0.0
52.7	46.5	7.4	190.4	142.6	18.2	0	0.0
55.8	53.2	10.0	170.4	105.5	6.9	33	0.0
61.4	59.1	7.9	178.4	103.4	11.6	18	0.0
61.4	57.8	6.8	191.1	157.2	19.3	11	0.0
60.3	56.1	6.2	151.0	122.6	20.8	0	0.0
55.9	52.4	9.5	159.6	103.8	17.7	33	0.0
11	30	2012
53.4	50.5	11.4	175.6	113.7	26.4	32	0.0
51.2	49.4	2.6	106.1	97.1	22.9	20	0.0
58.5	55.1	5.1	172.3	128.2	13.0	0	0.0
62.0	57.0	4.4	168.3	160.9	35.4	0	0.0
57.6	55.9	5.2	135.6	131.8	32.9	0	0.0
58.9	54.0	4.4	164.4	139.2	19.6	1	0.0
49.0	43.8	2.8	162.7	160.0	45.3	0	0.0
43.3	41.2	4.9	175.7	79.2	15.0	13	0.0
41.8	39.3	5.8	189.2	129.5	28.3	2	0.0
40.6	37.6	4.2	160.9	125.8	23.8	0	0.0
44.9	39.6	9.4	166.7	82.6	11.5	13	0.0
49.3	47.0	7.2	152.2	80.9	15.3	26	0.0
49.7	48.2	2.3	104.4	86.2	15.8	3	0.0
47.8	45.8	7.1	154.6	118.5	34.6	0	0.0
46.1	43.6	4.2	125.1	86.1	14.4	0	0.0
46.4	42.6	4.4	167.2	120.6	46.7	0	0.0
47.2	44.4	8.5	180.6	80.2	18.8	38	0.0
49.2	41.4	16.2	182.9	73.7	11.5	17	0.0
54.5	48.8	15.0	184.0	72.6	8.8	161	0.0
51.3	47.9	11.9	184.0	99.2	15.6	122	0.0
43.4	40.6	8.7	181.9	94.1	42.4	40	0.0
39.3	38.3	2.2	85.8	81.0	47.6	0	0.0
46.4	43.6	6.8	180.8	68.4	29.7	24	0.0
49.5	48.2	5.3	181.3	61.2	9.9	50	0.0
42.0	39.9	10.1	134.5	66.5	16.4	0	0.0
39.4	36.5	2.1	87.7	110.8	29.2	0	0.0
37.8	37.2	1.4	44.5	101.2	51.2	0	0.0
40.5	38.5	2.0	109.3	77.9	33.3	2	0.0
47.8	44.7	9.2	153.3	76.7	19.3	45	0.0
52.9	48.0	12.6	176.5	84.7	20.3	37	0.0
12	31	2012
49.7	46.4	10.1	173.0	69.2	13.0	96	0.0
48.0	44.6	11.1	183.7	69.4	16.8	48	0.0
50.0	43.2	11.3	178.9	62.6	10.9	15	0.0
54.3	52.2	11.4	200.1	55.4	5.9	48	0.0
45.8	42.7	2.3	109.4	92.9	28.1	5	0.0
41.6	38.9	7.1	184.3	86.6	34.4	0	0.0
44.8	41.9	7.2	165.6	71.8	14.1	1	0.0
42.0	40.1	3.2	153.8	65.8	16.7	1	0.0
45.1	42.5	5.4	141.3	57.1	6.9	2	0.0
48.1	46.6	2.6	106.5	52.6	6.6	0	0.0
44.9	42.6	9.1	193.3	53.7	9.7	22	0.0
41.4	38.8	4.9	175.6	87.6	18.3	6	0.0
37.9	36.1	3.8	153.7	94.4	22.7	0	0.0
39.1	37.2	5.8	158.6	85.8	37.5	9	0.0
37.6	35.8	8.6	179.2	52.7	30.8	17	0.0
45.1	41.3	15.8	189.9	61.4	18.2	62	0.0
40.0	36.4	11.4	206.8	72.5	24.6	37	36.6
34.1	33.0	7.4	177.8	67.5	18.4	20	41.7
43.4	34.5	17.5	178.5	54.5	10.4	0	0.0
39.1	35.8	10.0	192.9	58.9	19.3	92	0.0
40.6	38.9	6.3	176.7	57.7	11.5	18	0.0
41.7	38.1	11.9	168.1	89.2	20.8	18	0.0
40.0	38.3	6.4	200.2	52.7	11.6	57	0.0
41.2	37.7	7.1	178.9	88.2	21.6	3	0.0
43.2	40.5	9.2	166.5	61.5	9.4	33	0.0
43.0	40.4	7.1	201.5	82.5	18.4	1	0.0
41.0	37.8	6.3	182.6	82.6	20.7	2	0.0
39.1	35.5	3.5	106.2	54.9	24.5	0	0.0
37.1	35.5	1.9	62.7	55.1	9.2	0	0.0
38.2	35.5	4.4	179.6	62.3	11.1	0	0.0
36.2	33.5	5.4	174.7	58.1	25.0	0	0.0
