01	31	1999
38.2	36.4	5.1	212.1	131.1	100.0	0	0.0
36.6	35.3	6.4	228.6	131.8	100.0	0	0.0
33.3	31.2	2.3	91.7	132.6	100.0	0	0.0
34.0	31.0	2.8	121.6	133.5	100.0	0	0.0
34.9	32.4	3.7	161.9	134.4	100.0	0	0.0
42.7	40.3	7.1	136.5	135.4	100.0	0	0.0
43.0	40.9	2.9	103.4	136.5	100.0	2	0.0
38.5	37.0	1.9	64.0	137.7	100.0	0	0.0
38.4	35.7	3.2	143.5	139.0	100.0	0	0.0
43.0	35.7	5.2	177.1	140.3	100.0	0	0.0
41.4	38.8	7.8	172.5	141.7	100.0	17	0.0
46.7	44.5	6.4	138.0	143.2	100.0	1	0.0
45.1	43.1	5.9	147.8	144.7	100.0	0	0.0
49.5	47.0	9.6	155.7	146.4	100.0	86	0.0
48.1	45.1	8.7	161.5	148.1	100.0	34	0.0
43.5	39.6	12.2	175.7	149.8	100.0	24	0.0
46.5	43.7	12.0	145.7	151.7	100.0	108	0.0
47.1	42.9	14.0	162.2	153.6	100.0	29	0.0
46.2	42.8	11.5	155.8	155.7	100.0	45	0.0
46.0	43.1	12.2	159.1	157.7	100.0	85	0.0
45.4	42.6	10.5	178.8	159.9	100.0	61	0.0
42.1	40.1	7.8	179.6	162.1	100.0	52	0.0
39.7	35.9	6.8	149.2	164.4	100.0	18	0.0
37.2	34.5	5.2	133.5	166.8	100.0	0	0.0
36.9	33.0	5.9	216.9	169.2	100.0	0	0.0
37.5	33.4	3.5	103.6	171.7	100.0	0	0.0
38.9	33.6	11.0	168.1	174.3	100.0	1	0.0
45.2	41.2	16.8	156.2	177.0	100.0	37	0.0
50.1	37.2	17.2	179.8	179.7	100.0	6	0.0
43.2	39.6	3.1	79.1	182.5	100.0	6	0.0
41.3	35.9	6.9	189.4	185.3	100.0	2	0.0
02	28	1999
41.8	33.9	9.2	159.8	188.3	100.0	2	0.0
42.9	39.1	12.5	166.6	191.3	100.0	58	0.0
41.9	38.4	10.6	183.2	194.3	100.0	13	0.0
41.9	37.5	12.1	166.7	197.4	100.0	28	0.0
39.8	34.6	15.3	152.1	200.6	100.0	11	0.0
46.0	42.0	17.8	170.7	203.8	100.0	88	0.0
42.0	37.5	14.6	179.2	207.1	100.0	57	0.0
36.4	33.0	8.2	146.0	210.5	100.0	31	0.0
35.8	32.6	6.9	160.3	213.9	100.0	9	20.3
36.2	32.4	9.1	162.3	217.5	100.0	4	11.3
40.8	32.5	8.1	139.2	221.2	100.0	0	0.0
43.9	37.6	5.0	155.8	225.0	100.0	0	0.0
45.5	41.6	5.7	177.8	228.9	100.0	9	0.0
42.1	38.5	3.1	129.0	232.9	100.0	0	0.0
43.6	37.5	9.8	174.1	236.9	100.0	22	0.0
46.0	42.9	8.9	159.2	241.0	100.0	30	0.0
43.9	40.0	9.6	165.9	245.2	100.0	24	0.0
44.3	40.9	13.3	153.2	249.4	100.0	110	0.0
44.3	37.7	7.2	163.3	253.6	100.0	6	0.0
38.9	35.5	6.3	114.2	257.9	100.0	5	0.0
42.5	37.2	13.2	164.8	262.3	100.0	7	0.0
47.0	43.6	18.8	160.6	266.7	100.0	70	0.0
50.4	46.4	16.2	165.4	271.1	100.0	50	0.0
50.2	43.6	13.3	177.7	275.6	100.0	32	0.0
42.0	38.3	11.1	173.0	280.1	100.0	27	0.0
40.4	36.8	8.0	162.0	284.7	100.0	40	0.0
52.1	47.4	14.6	165.0	289.3	100.0	93	0.0
49.4	42.4	11.8	192.4	293.9	100.0	33	0.0
03	31	1999
42.9	38.0	5.9	123.8	298.6	100.0	13	0.0
42.0	39.0	10.4	120.6	303.3	100.0	22	0.0
42.0	37.6	14.9	182.8	308.0	100.0	7	0.0
36.8	34.0	7.3	162.8	312.7	100.0	8	0.0
36.0	32.5	7.0	248.3	317.5	100.0	0	0.0
37.6	32.3	2.8	80.0	322.3	100.0	0	0.0
40.4	32.1	6.2	162.7	327.1	100.0	0	0.0
43.0	36.6	11.8	164.5	332.0	100.0	10	0.0
38.9	34.4	10.3	171.7	336.8	100.0	6	0.0
43.0	34.1	6.2	204.2	341.7	100.0	0	0.0
42.6	33.2	3.1	81.7	346.5	100.0	0	0.0
46.1	42.9	8.5	137.7	351.4	100.0	33	0.0
50.3	45.2	7.4	144.1	356.3	100.0	11	0.0
44.5	40.5	3.9	174.8	361.2	100.0	21	0.0
45.9	38.8	6.9	216.2	366.1	100.0	0	0.0
43.4	34.6	5.2	195.0	371.0	100.0	0	0.0
46.6	41.7	6.0	185.8	375.9	100.0	2	0.0
48.4	45.9	5.6	249.9	380.8	100.0	7	0.0
48.8	44.3	5.1	149.7	385.7	100.0	0	0.0
50.3	43.2	7.4	179.2	390.7	100.0	1	0.0
49.4	43.6	6.5	175.4	395.8	100.0	2	0.0
47.6	41.7	6.5	139.4	400.8	100.0	3	0.0
48.4	39.6	7.7	172.6	405.9	100.0	1	0.0
47.6	45.1	5.7	197.4	410.9	100.0	40	0.0
45.9	39.8	7.1	164.4	415.9	100.0	1	0.0
42.6	37.5	10.3	190.1	420.9	100.0	10	0.0
41.5	34.8	8.8	183.1	426.0	100.0	5	2.5
42.4	37.0	13.2	170.2	431.1	100.0	27	0.0
42.8	38.3	14.0	190.4	436.1	100.0	70	0.0
39.8	36.0	8.6	196.6	441.2	100.0	21	0.0
40.6	36.1	5.5	181.1	446.3	100.0	35	0.0
04	30	1999
42.6	37.3	5.6	225.4	451.3	100.0	0	0.0
43.8	34.1	7.8	191.0	456.3	100.0	0	0.0
40.0	34.8	7.7	205.1	461.3	100.0	8	0.0
41.5	35.6	8.8	189.4	466.2	100.0	2	0.0
44.0	37.3	9.6	246.9	471.1	100.0	5	0.0
44.2	36.4	4.7	170.2	476.0	100.0	0	0.0
45.7	38.5	8.2	182.5	480.9	100.0	1	0.0
41.9	34.0	7.6	220.4	485.7	100.0	6	0.0
40.7	34.8	10.5	183.8	490.5	100.0	6	0.0
46.1	40.4	8.8	177.4	495.2	100.0	9	0.0
49.8	41.1	3.7	170.0	499.9	100.0	0	0.0
50.2	43.3	6.6	211.2	504.6	100.0	0	0.0
48.8	38.2	10.2	303.7	509.2	100.0	0	0.0
50.6	37.7	11.7	289.2	513.8	100.0	0	0.0
58.0	38.8	9.6	292.5	518.4	100.0	0	0.0
60.1	42.6	4.0	188.8	522.9	100.0	0	0.0
58.3	42.9	5.8	137.5	527.3	100.0	0	0.0
53.3	46.7	5.0	187.5	531.7	100.0	0	0.0
52.4	42.0	8.8	206.5	536.0	100.0	0	0.0
49.0	39.3	4.2	173.1	540.3	100.0	0	0.0
47.5	39.9	4.0	132.7	544.6	100.0	7	0.0
49.0	41.6	8.0	244.4	548.8	100.0	1	0.0
56.8	44.7	8.4	225.0	553.0	100.0	0	0.0
59.0	44.5	4.2	156.2	557.3	100.0	0	0.0
51.0	44.7	8.0	215.9	561.5	100.0	1	0.0
47.5	35.7	7.2	215.8	565.6	100.0	0	0.0
43.8	37.7	6.6	196.2	569.6	100.0	16	0.0
44.5	37.7	6.5	182.4	573.7	100.0	2	0.0
50.5	41.7	5.0	106.5	508.8	100.0	0	0.0
53.3	40.8	6.3	184.2	581.5	100.0	0	0.0
05	31	1999
49.3	44.0	9.8	200.9	585.4	100.0	10	0.0
47.1	43.6	13.4	170.8	589.1	100.0	19	0.0
46.7	41.8	10.6	216.1	592.9	100.0	26	0.0
45.8	38.4	9.1	186.2	596.5	100.0	10	0.0
50.4	42.6	4.3	149.0	600.1	100.0	0	0.0
49.8	43.1	10.0	199.2	603.6	100.0	14	0.0
43.8	38.0	9.7	208.3	607.1	100.0	12	0.0
42.6	37.4	5.2	180.6	610.5	100.0	14	0.0
44.2	35.2	4.8	214.2	613.8	100.0	0	0.0
47.4	40.5	4.2	112.1	617.0	100.0	0	0.0
52.7	48.8	7.9	188.3	620.2	100.0	19	0.0
48.9	41.2	5.5	191.5	623.4	100.0	12	0.0
46.8	40.7	6.0	193.6	626.4	100.0	14	0.0
46.9	42.9	6.6	176.8	629.4	100.0	49	0.0
49.8	41.1	4.0	155.0	632.3	100.0	1	0.0
51.2	42.9	5.0	176.5	635.1	100.0	6	0.0
53.7	50.5	9.2	173.3	638.0	100.0	37	0.0
54.0	48.1	7.4	246.7	640.8	100.0	0	0.0
52.9	45.3	6.2	301.7	643.5	100.0	0	0.0
51.7	44.8	3.2	146.7	646.2	100.0	0	0.0
53.2	44.5	5.4	116.7	648.8	100.0	0	0.0
59.4	50.4	11.2	307.9	651.3	100.0	0	0.0
65.8	53.8	7.5	218.8	653.7	100.0	0	0.0
60.3	52.7	9.1	163.0	656.0	100.0	0	0.0
56.1	50.8	6.6	248.6	658.3	100.0	1	0.0
55.3	46.3	9.1	310.8	660.6	100.0	0	0.0
30.2	22.3	6.2	145.4	662.7	100.0	0	0.0
33.8	24.3	9.4	242.7	664.8	100.0	0	0.0
55.6	45.1	6.6	173.8	666.8	100.0	0	0.0
55.2	44.3	8.9	287.9	668.7	100.0	0	0.0
60.1	50.9	6.0	200.6	670.5	100.0	0	0.0
06	30	1999
52.8	43.2	6.5	233.5	672.3	100.0	0	0.0
50.3	41.2	6.2	184.6	674.0	100.0	0	0.0
52.9	44.0	5.4	192.1	675.6	100.0	0	0.0
56.4	48.6	3.9	153.3	677.1	100.0	0	0.0
55.0	46.8	9.8	218.5	678.5	100.0	0	0.0
49.9	41.0	7.8	200.6	679.9	100.0	17	0.0
47.9	42.0	8.3	187.5	681.2	100.0	11	0.0
51.3	43.0	6.3	208.3	682.4	100.0	1	0.0
52.6	43.2	5.9	222.7	683.6	100.0	0	0.0
57.3	44.8	2.7	81.1	684.6	100.0	0	0.0
62.0	48.6	5.2	191.2	685.6	100.0	0	0.0
64.4	50.4	6.0	168.8	686.5	100.0	0	0.0
66.8	54.7	6.1	192.5	687.4	100.0	0	0.0
66.8	56.4	8.0	196.7	688.1	100.0	0	0.0
60.7	54.7	5.4	161.4	688.8	100.0	1	0.0
61.3	53.1	4.3	194.7	689.4	100.0	0	0.0
59.2	53.6	4.7	145.9	689.9	100.0	0	0.0
59.8	50.4	6.6	204.2	690.4	100.0	0	0.0
60.0	49.4	6.4	236.9	690.7	100.0	0	0.0
56.3	50.9	3.3	134.3	691.0	100.0	15	0.0
59.5	53.9	5.2	190.3	691.2	100.0	1	0.0
62.1	52.7	5.6	192.4	691.3	100.0	0	0.0
65.2	54.3	6.4	149.8	691.4	100.0	0	0.0
58.2	44.9	10.4	213.0	691.4	100.0	5	0.0
55.4	47.9	7.6	220.8	691.2	100.0	4	0.0
56.3	31.5	6.5	258.8	691.1	100.0	0	0.0
56.9	31.3	6.3	161.2	690.8	100.0	0	0.0
59.1	48.1	5.2	186.2	690.4	100.0	0	0.0
65.7	49.1	5.0	119.2	690.0	100.0	0	0.0
65.9	54.5	8.8	205.6	689.5	100.0	0	0.0
07	31	1999
59.5	48.2	5.1	179.1	688.9	100.0	0	0.0
54.4	47.4	4.6	167.8	688.3	100.0	15	0.0
54.4	46.1	4.3	157.5	687.5	100.0	6	0.0
57.4	47.4	6.0	220.6	686.7	100.0	1	0.0
63.6	50.3	7.9	247.5	685.8	100.0	0	0.0
59.4	52.8	10.3	208.8	684.8	100.0	0	0.0
58.8	48.9	7.6	204.7	683.8	100.0	1	0.0
63.1	48.4	10.1	287.3	682.7	100.0	1	0.0
70.3	51.9	3.9	145.0	681.5	100.0	0	0.0
70.4	52.3	6.0	153.8	680.2	100.0	0	0.0
70.3	46.8	8.8	248.3	678.8	100.0	0	0.0
72.4	50.8	12.4	279.6	677.4	100.0	0	0.0
69.2	48.3	9.2	256.7	675.8	100.0	0	0.0
59.0	31.2	8.5	213.8	674.2	100.0	0	0.0
62.5	45.8	6.1	188.8	672.6	100.0	0	0.0
58.9	50.0	9.3	212.1	670.8	100.0	0	0.0
61.8	46.8	5.4	175.0	669.0	100.0	0	0.0
66.5	49.2	9.8	232.9	667.1	100.0	0	0.0
69.8	53.4	5.2	164.2	665.1	100.0	0	0.0
60.5	52.9	12.2	197.1	663.1	100.0	0	0.0
64.5	53.4	6.5	227.3	661.0	100.0	0	0.0
68.1	54.2	6.1	195.9	658.8	100.0	0	0.0
68.1	52.0	8.2	239.6	656.5	100.0	0	0.0
62.2	51.8	7.6	219.7	654.1	100.0	0	0.0
65.0	46.2	11.6	300.8	651.7	100.0	0	0.0
67.2	50.4	4.8	161.7	649.2	100.0	0	0.0
69.9	53.2	6.9	191.7	646.7	100.0	0	0.0
65.9	55.0	11.7	199.2	644.0	100.0	0	0.0
63.5	54.4	8.3	182.9	641.3	100.0	0	0.0
65.7	55.3	5.3	144.8	638.5	100.0	0	0.0
64.0	55.6	8.6	202.5	635.7	100.0	0	0.0
08	31	1999
63.5	51.3	5.7	131.4	632.8	100.0	0	0.0
67.8	52.3	6.1	129.2	629.8	100.0	0	0.0
70.2	54.5	6.2	161.2	626.8	100.0	0	0.0
67.9	56.1	7.7	236.2	623.6	100.0	0	0.0
63.4	56.5	4.8	139.6	620.4	100.0	3	0.0
63.9	57.9	5.5	178.1	617.2	100.0	10	0.0
61.0	58.4	6.9	166.2	613.9	100.0	38	0.0
65.6	55.8	3.8	168.3	610.5	100.0	0	0.0
69.1	57.0	6.7	213.8	607.1	100.0	0	0.0
71.7	57.7	7.9	195.2	603.7	100.0	0	0.0
61.6	53.4	7.4	210.4	600.3	100.0	1	0.0
64.5	52.0	4.0	148.3	596.8	100.0	0	0.0
63.1	52.8	7.5	213.3	593.2	100.0	0	0.0
61.6	51.8	6.5	200.0	589.6	100.0	0	0.0
63.0	50.0	3.6	119.2	585.9	100.0	0	0.0
69.0	54.2	4.6	102.5	582.1	100.0	0	0.0
70.2	58.3	4.9	178.3	578.3	100.0	0	0.0
63.3	55.9	9.1	201.5	574.4	100.0	0	0.0
66.3	54.4	4.9	155.4	570.5	100.0	0	0.0
64.4	56.5	9.1	190.9	566.5	100.0	0	0.0
68.2	54.4	6.9	213.5	562.5	100.0	0	0.0
69.5	51.4	10.3	310.8	558.5	100.0	0	0.0
67.5	56.4	3.6	127.1	554.5	100.0	1	0.0
69.9	56.1	4.4	124.2	550.4	100.0	0	0.0
70.5	56.7	7.2	242.5	546.3	100.0	0	0.0
71.5	52.2	9.2	289.6	542.1	100.0	0	0.0
71.4	54.6	5.2	137.1	537.8	100.0	0	0.0
70.9	57.6	7.8	234.2	533.5	100.0	0	0.0
60.3	56.1	6.9	221.8	529.2	100.0	2	0.0
56.9	49.9	7.4	213.3	524.8	100.0	27	0.0
57.0	47.4	6.5	201.0	520.3	100.0	0	0.0
09	30	1999
56.5	44.5	6.1	187.8	515.9	100.0	0	0.0
59.9	41.9	6.2	180.2	511.3	100.0	0	0.0
63.2	42.3	5.8	154.6	506.8	100.0	0	0.0
64.0	45.2	3.3	152.9	502.1	100.0	0	0.0
62.5	51.0	7.8	154.2	497.5	100.0	0	0.0
62.9	46.3	8.4	250.4	492.8	100.0	0	0.0
61.7	43.8	12.7	290.4	488.1	100.0	0	0.0
65.6	44.9	4.0	96.7	483.3	100.0	0	0.0
61.6	48.2	9.9	191.9	478.5	100.0	0	0.0
60.0	43.2	11.2	158.3	473.7	100.0	0	0.0
64.8	42.7	11.9	158.3	468.9	100.0	0	0.0
70.0	36.9	8.7	152.1	464.0	100.0	0	0.0
68.2	45.5	5.9	189.6	459.1	100.0	0	0.0
66.5	50.3	6.1	160.0	454.2	100.0	0	0.0
60.9	50.1	7.2	202.1	449.5	100.0	0	0.0
59.1	47.6	8.0	164.6	444.7	100.0	0	0.0
59.3	49.0	8.6	125.4	439.9	100.0	0	0.0
62.5	49.7	4.7	135.0	435.0	100.0	0	0.0
67.0	51.2	5.1	177.5	430.1	100.0	0	0.0
67.6	49.5	5.8	148.9	425.2	100.0	0	0.0
67.8	50.6	5.0	150.4	420.3	100.0	0	0.0
67.8	52.6	4.5	115.4	415.4	100.0	0	0.0
60.7	49.0	8.8	200.2	410.5	100.0	0	0.0
58.1	39.7	7.6	236.7	405.5	100.0	0	0.0
58.2	44.1	8.9	258.0	400.6	100.0	0	0.0
51.5	37.3	6.3	129.6	395.6	100.0	0	0.0
50.3	34.8	9.9	214.8	390.6	100.0	0	0.0
55.6	32.0	8.0	156.7	385.6	100.0	0	0.0
58.9	37.4	5.5	119.8	380.6	100.0	0	0.0
57.1	41.4	8.9	222.7	375.6	100.0	0	0.0
10	31	1999
54.6	40.8	7.1	48.8	370.6	100.0	0	0.0
54.9	37.5	5.9	40.7	365.6	100.0	0	0.0
54.7	36.8	3.5	91.0	360.6	100.0	0	0.0
52.3	45.5	7.6	190.9	355.7	100.0	0	0.0
56.4	50.4	6.3	168.5	350.7	100.0	20	0.0
55.6	50.9	7.5	188.0	345.8	100.0	7	0.0
56.8	49.2	6.0	195.4	340.8	100.0	0	0.0
57.0	52.5	7.2	175.8	335.9	100.0	3	0.0
52.1	46.9	6.8	180.8	331.0	100.0	0	0.0
51.1	43.4	5.1	138.5	326.1	100.0	0	0.0
56.0	45.7	3.4	130.1	321.2	100.0	0	0.0
57.3	43.1	5.2	193.8	316.4	100.0	0	0.0
58.4	49.0	6.1	117.3	311.7	100.0	0	0.0
51.4	38.2	12.4	179.8	307.0	100.0	0	0.0
45.9	33.6	9.1	130.8	302.4	100.0	0	0.0
49.7	28.9	11.3	176.7	297.7	100.0	0	0.0
53.0	31.5	7.1	146.7	293.3	100.0	0	0.0
52.0	37.5	5.4	114.2	288.9	100.0	0	0.0
52.6	37.5	4.1	101.2	284.5	100.0	0	0.0
50.8	39.4	3.5	169.4	280.2	100.0	0	0.0
50.8	40.8	3.4	107.0	275.9	100.0	0	0.0
50.9	41.4	3.4	106.0	271.6	100.0	0	0.0
51.9	45.2	8.2	185.5	267.3	100.0	1	0.0
53.4	48.6	6.8	135.6	263.1	100.0	6	0.0
53.2	50.9	5.3	163.8	259.0	100.0	9	0.0
47.2	44.6	4.7	125.7	254.9	100.0	14	0.0
46.4	44.2	9.3	173.9	250.8	100.0	72	0.0
51.5	47.3	13.5	206.5	246.8	100.0	61	0.0
48.8	44.1	6.3	193.8	242.8	100.0	1	0.0
49.7	43.6	6.6	202.8	238.8	100.0	1	0.0
49.8	42.4	9.8	126.9	234.9	100.0	7	0.0
11	30	1999
44.6	36.2	6.9	120.2	197.4	100.0	0	0.0
41.6	36.1	2.9	106.0	227.3	100.0	0	0.0
48.4	44.6	8.0	197.7	223.6	100.0	2	0.0
47.1	40.6	8.7	235.8	219.9	100.0	0	0.0
46.0	44.1	3.9	148.7	216.3	100.0	56	0.0
56.2	52.3	4.7	153.2	212.7	100.0	1	0.0
50.4	48.4	3.8	142.0	209.2	100.0	0	0.0
51.6	47.5	9.6	169.7	205.8	100.0	29	0.0
52.1	46.6	11.6	174.6	190.6	100.0	26	0.0
51.9	49.2	8.5	162.6	199.1	100.0	40	0.0
57.0	54.0	4.9	133.1	195.8	100.0	9	0.0
61.9	57.4	6.6	159.2	192.7	100.0	2	0.0
57.8	54.2	5.7	199.3	189.6	100.0	0	0.0
50.3	49.3	4.1	111.3	186.5	100.0	0	0.0
55.7	52.4	5.0	139.0	183.5	100.0	5	0.0
49.8	47.7	5.7	177.6	180.6	100.0	30	0.0
45.9	42.7	6.2	165.5	177.8	100.0	16	0.0
39.7	38.6	2.1	88.0	175.0	100.0	0	0.0
47.2	45.0	8.5	137.8	172.3	100.0	51	0.0
47.0	41.8	9.3	188.1	169.7	100.0	29	0.0
43.7	40.1	8.1	198.4	167.2	100.0	29	0.0
43.1	39.7	8.6	159.2	164.7	100.0	16	0.0
46.1	43.4	6.6	161.3	162.3	100.0	33	0.0
48.7	45.8	13.9	167.9	160.0	100.0	45	0.0
54.8	53.2	13.2	179.6	157.8	100.0	142	0.0
51.0	46.6	7.5	152.8	155.6	100.0	72	0.0
46.6	42.1	6.0	188.3	153.6	100.0	0	0.0
41.1	39.0	4.5	157.6	151.6	100.0	0	0.0
45.5	43.9	4.5	117.2	149.8	100.0	25	0.0
45.5	41.5	6.8	159.6	148.0	100.0	1	0.0
12	31	1999
45.3	40.7	11.9	180.4	146.3	100.0	9	0.0
44.9	40.6	10.3	200.7	144.7	100.0	54	0.0
38.8	35.8	3.9	108.3	143.2	100.0	0	0.0
38.6	37.0	2.9	108.5	141.7	100.0	8	0.0
45.1	41.4	8.8	162.5	140.3	100.0	7	0.0
46.2	42.4	11.8	193.1	139.0	100.0	22	0.0
41.0	38.2	10.4	176.0	137.7	100.0	44	0.0
41.9	37.8	9.7	163.3	136.6	100.0	5	0.0
42.5	39.4	8.7	197.7	135.5	100.0	15	0.0
42.1	38.8	9.3	165.8	134.4	100.0	3	0.0
47.1	44.8	12.1	174.4	133.5	100.0	3	0.0
45.9	42.9	10.6	183.4	132.6	100.0	31	0.0
39.0	36.3	10.8	179.8	131.8	100.0	9	0.0
42.9	39.0	14.9	180.2	131.1	100.0	23	0.0
48.7	43.2	14.2	180.8	130.5	100.0	8	0.0
51.2	48.7	11.5	175.3	129.9	100.0	27	0.0
51.3	48.2	12.9	178.2	129.4	100.0	21	0.0
47.2	44.3	6.4	200.1	129.0	100.0	4	0.0
45.7	42.6	1.7	94.8	128.6	100.0	0	0.0
41.6	39.9	5.9	77.4	128.4	100.0	0	0.0
41.1	38.3	7.7	95.1	128.2	100.0	0	0.0
35.3	32.9	1.2	72.9	128.1	100.0	0	0.0
32.9	31.5	1.9	81.3	128.0	100.0	0	0.0
31.9	29.7	1.9	69.0	128.1	100.0	0	0.0
31.8	28.9	3.9	93.0	128.2	100.0	0	0.0
32.3	28.4	2.6	71.0	128.4	100.0	0	0.0
31.4	27.3	2.6	116.6	128.6	100.0	0	0.0
29.8	27.7	2.1	90.9	129.0	100.0	0	0.0
29.1	27.8	1.4	91.3	129.4	100.0	0	0.0
32.5	31.8	1.2	39.4	129.9	100.0	0	0.0
37.5	36.0	7.0	157.1	130.4	100.0	1	0.0
