   1    31    1969
39.1	35.7	2.0	51.3	83.1	98.0	8.0	.0	
42.1	39.5	2.0	.0	85.2	98.0	8.0	.0	
46.1	42.8	3.2	177.5	101.3	98.0	2.0	.0	
46.1	42.4	4.7	167.5	91.0	98.0	1.0	.0	
47.0	42.8	3.1	120.0	116.8	81.0	.0	.0	
47.7	43.7	4.5	116.3	112.5	96.0	.0	.0	
39.3	36.0	4.4	110.0	66.7	89.0	52.0	.0	
30.8	27.9	3.9	143.8	134.2	47.0	.0	.0	
32.0	29.0	3.8	211.3	127.6	89.0	.0	68.6	
41.5	32.4	8.6	143.8	112.7	98.0	.0	.0	
41.8	36.3	10.4	142.5	102.0	94.0	29.0	.0	
39.1	38.4	3.2	141.3	82.1	98.0	102.0	.0	
42.4	36.3	7.8	166.3	187.2	73.0	29.0	.0	
37.4	31.9	6.8	172.5	142.6	76.0	1.0	.0	
33.3	32.5	3.7	182.5	84.2	92.0	17.0	.0	
33.1	29.6	4.8	188.8	101.0	85.0	.0	.0	
31.2	27.6	2.9	117.5	187.2	48.0	.0	.0	
31.4	29.8	2.0	41.3	101.6	98.0	.0	35.6	
35.9	34.6	2.2	145.0	93.6	98.0	94.0	.0	
36.7	36.1	2.0	56.3	102.2	98.0	97.0	.0	
34.4	32.1	4.3	206.3	98.5	98.0	4.0	.0	
32.4	28.6	3.9	220.0	169.6	71.0	1.0	.0	
26.7	20.9	4.2	192.5	170.9	60.0	.0	.0	
26.8	22.6	2.3	108.8	184.5	75.0	.0	.0	
32.3	29.5	2.0	.0	122.7	98.0	40.0	.0	
34.4	29.4	10.7	211.3	120.4	93.0	30.0	.0	
31.9	27.4	7.9	238.8	171.2	94.0	.0	17.8	
27.7	25.3	3.6	110.0	144.4	95.0	.0	17.8	
28.0	23.6	7.6	151.3	145.5	90.0	.0	30.5	
31.6	26.8	6.8	200.0	212.3	71.0	.0	12.7	
29.1	26.6	3.7	248.8	151.1	98.0	.0	73.7	
   2    28    1969
32.9	31.6	4.5	212.5	165.3	96.0	12.0	.0	
33.3	31.9	2.8	137.5	163.9	98.0	.0	.0	
32.3	31.7	4.8	120.0	160.4	98.0	1.0	.0	
33.4	31.7	3.6	147.5	174.7	98.0	22.0	.0	
33.8	31.8	5.4	253.8	143.2	95.0	4.0	.0	
36.6	33.3	2.0	108.8	137.1	95.0	1.0	.0	
36.1	32.5	2.3	36.3	159.0	96.0	.0	.0	
45.7	35.0	17.7	147.5	152.2	98.0	35.0	.0	
39.7	36.8	3.2	156.3	141.2	96.0	.0	.0	
47.5	38.9	12.8	197.5	132.5	98.0	.0	.0	
46.5	42.5	6.8	238.8	140.2	98.0	20.0	.0	
39.6	33.1	4.0	202.5	158.9	83.0	.0	.0	
38.6	31.4	3.2	165.0	260.5	84.0	.0	.0	
45.3	33.8	11.4	166.3	171.3	90.0	.0	.0	
44.9	36.2	8.9	195.0	200.8	87.0	.0	.0	
42.0	31.8	9.8	80.0	237.5	85.0	.0	.0	
50.5	29.6	11.1	142.5	160.5	98.0	.0	.0	
45.2	33.5	3.8	196.3	220.5	98.0	.0	.0	
44.5	32.9	5.6	186.3	260.9	90.0	.0	.0	
38.0	31.9	2.8	78.8	152.0	98.0	18.0	.0	
40.2	30.9	3.8	160.0	221.8	93.0	.0	.0	
38.3	28.1	6.2	75.0	226.5	77.0	.0	.0	
39.5	26.4	7.1	133.8	230.7	80.0	6.0	.0	
41.7	24.6	12.4	158.8	256.7	86.0	.0	.0	
36.2	29.4	3.6	78.8	269.5	88.0	1.0	.0	
41.3	27.5	7.0	103.8	312.7	70.0	.0	.0	
46.8	25.9	19.2	136.3	184.8	98.0	.0	.0	
43.2	33.8	9.8	247.5	176.1	98.0	26.0	.0	
   3    31    1969
40.4	33.0	5.2	130.0	294.4	79.0	1.0	.0	
39.4	32.7	9.5	95.0	155.6	98.0	19.0	.0	
40.1	32.1	6.8	251.3	208.7	83.0	1.0	.0	
39.1	30.7	2.7	91.3	364.2	73.0	.0	.0	
41.7	33.7	6.7	145.0	237.9	94.0	.0	.0	
40.7	30.1	8.6	220.0	228.2	92.0	.0	.0	
38.1	28.2	4.6	110.0	384.0	22.0	.0	.0	
37.8	25.0	4.6	161.3	407.9	37.0	.0	.0	
37.6	24.9	3.9	33.8	323.5	60.0	.0	.0	
36.6	21.2	5.2	192.5	439.1	2.0	.0	.0	
38.1	23.7	4.9	190.0	409.8	59.0	.0	.0	
42.2	29.3	5.1	168.8	398.9	65.0	.0	.0	
39.4	25.3	3.9	155.0	451.6	2.0	.0	.0	
41.1	25.7	3.9	133.8	385.7	48.0	.0	.0	
44.8	28.4	2.5	110.0	439.8	8.0	.0	.0	
49.2	33.1	11.5	191.3	283.2	89.0	.0	.0	
48.5	37.2	11.2	210.0	199.0	92.0	.0	.0	
42.8	32.1	8.8	227.5	372.8	57.0	8.0	.0	
40.7	30.3	3.5	133.8	401.1	79.0	.0	.0	
45.0	35.4	2.0	36.3	205.2	98.0	.0	.0	
47.9	30.4	4.9	168.8	460.3	33.0	.0	.0	
46.2	34.5	6.8	201.3	367.6	30.0	.0	.0	
42.2	26.5	3.5	123.8	511.4	2.0	.0	.0	
49.6	22.9	10.0	168.8	503.9	2.0	.0	.0	
50.0	26.1	5.8	105.0	508.1	3.0	.0	.0	
51.8	28.6	4.6	152.5	525.9	2.0	.0	.0	
52.7	33.4	5.4	147.5	501.5	5.0	.0	.0	
53.2	34.2	3.2	90.0	514.0	15.0	.0	.0	
51.9	39.0	3.9	140.0	415.0	59.0	.0	.0	
55.5	42.8	7.2	205.0	490.1	52.0	.0	.0	
50.5	38.5	7.5	241.3	337.4	87.0	.0	.0	
   4    30    1969
46.3	33.9	4.2	153.8	446.5	71.0	.0	.0	
42.0	36.1	4.8	121.3	233.5	98.0	16.0	.0	
44.1	32.9	4.9	240.0	301.1	98.0	.0	.0	
52.1	32.2	13.4	110.0	427.0	98.0	.0	.0	
45.8	38.4	8.1	156.3	253.4	98.0	13.0	.0	
46.3	35.5	6.2	207.5	426.0	73.0	.0	.0	
46.7	33.8	3.6	126.3	546.0	54.0	.0	.0	
50.3	34.9	2.5	163.8	495.7	91.0	.0	.0	
49.5	40.9	3.2	140.0	264.6	81.0	1.0	.0	
49.4	35.1	4.8	131.3	570.6	37.0	.0	.0	
53.9	38.4	3.5	165.0	505.9	74.0	.0	.0	
47.5	36.7	8.1	198.8	432.8	57.0	.0	.0	
44.8	29.3	5.8	217.5	470.5	68.0	.0	.0	
45.8	37.7	5.8	192.5	343.8	93.0	11.0	.0	
50.4	37.4	5.6	242.5	546.4	65.0	.0	.0	
51.3	37.0	3.9	98.8	520.3	63.0	.0	.0	
50.4	40.0	6.5	213.8	293.3	96.0	1.0	.0	
51.0	35.1	5.2	176.3	545.5	62.0	1.0	.0	
50.1	38.0	5.1	236.3	349.6	73.0	.0	.0	
53.8	37.6	3.6	110.0	625.2	21.0	.0	.0	
58.4	41.3	3.9	195.0	500.9	75.0	.0	.0	
57.0	44.2	6.2	192.5	337.6	98.0	.0	.0	
44.6	38.7	7.5	162.5	287.3	96.0	10.0	.0	
44.7	34.3	8.4	236.3	396.5	93.0	5.0	.0	
44.3	30.1	4.1	88.8	629.5	45.0	.0	.0	
52.9	34.1	3.4	175.0	632.0	36.0	.0	.0	
57.3	40.7	4.5	152.5	432.2	80.0	.0	.0	
53.1	43.7	7.5	237.5	399.1	73.0	2.0	.0	
44.7	27.6	5.6	195.0	606.5	46.0	.0	.0	
45.3	30.4	6.8	188.8	403.9	88.0	.0	.0	
   5    31    1969
48.0	28.5	7.4	283.8	530.2	79.0	.0	.0	
47.7	30.6	5.9	155.0	621.5	48.0	.0	.0	
46.8	33.4	10.5	273.8	460.2	68.0	2.0	.0	
52.2	34.8	4.2	182.5	655.0	40.0	.0	.0	
59.1	40.2	5.4	150.0	664.8	21.0	.0	.0	
64.4	42.1	4.6	150.0	682.0	2.0	.0	.0	
68.8	42.8	3.0	125.0	696.1	2.0	.0	.0	
70.7	44.2	5.2	155.0	691.8	2.0	.0	.0	
70.1	46.0	3.9	160.0	689.7	8.0	.0	.0	
72.2	45.3	4.6	188.8	647.6	33.0	.0	.0	
69.7	49.6	4.6	183.8	597.2	38.0	1.0	.0	
66.4	52.5	4.4	155.0	584.0	54.0	6.0	.0	
59.6	51.8	7.2	185.0	414.9	86.0	56.0	.0	
55.9	46.5	5.2	147.5	348.2	87.0	.0	.0	
59.2	43.0	4.8	130.0	704.7	21.0	.0	.0	
65.3	46.2	4.2	157.5	659.8	25.0	.0	.0	
69.2	50.1	5.1	127.5	670.9	31.0	6.0	.0	
57.2	51.1	5.8	220.0	326.6	89.0	62.0	.0	
55.1	42.4	5.3	243.8	587.0	58.0	.0	.0	
61.3	45.1	3.3	150.0	709.9	24.0	.0	.0	
68.1	47.4	2.3	95.0	717.8	2.0	.0	.0	
71.7	49.9	3.7	153.8	720.6	2.0	.0	.0	
70.1	48.3	7.8	203.8	612.3	70.0	.0	.0	
63.4	45.9	6.9	258.8	536.3	78.0	.0	.0	
59.5	45.5	6.8	188.8	513.4	88.0	.0	.0	
53.1	46.9	6.8	163.8	258.5	88.0	29.0	.0	
54.9	44.1	4.1	205.0	576.8	54.0	.0	.0	
61.3	44.7	2.8	91.3	662.6	55.0	.0	.0	
65.9	52.3	6.5	167.5	524.8	80.0	.0	.0	
68.5	50.5	4.9	196.3	680.4	46.0	.0	.0	
66.1	46.2	3.2	181.3	730.7	25.0	.0	.0	
   6    30    1969
69.5	49.3	4.8	173.8	721.5	29.0	.0	.0	
72.6	50.7	4.1	147.5	739.4	24.0	.0	.0	
77.6	54.3	4.4	181.3	747.3	2.0	.0	.0	
76.4	60.1	5.5	192.5	633.0	78.0	22.0	.0	
70.2	62.0	4.9	138.8	424.6	77.0	18.0	.0	
64.3	55.6	8.2	260.0	329.0	92.0	.0	.0	
63.0	52.4	4.5	193.8	365.2	98.0	.0	.0	
61.8	54.9	3.0	73.8	305.3	98.0	3.0	.0	
61.7	57.3	4.8	220.0	328.8	98.0	26.0	.0	
62.0	54.5	6.2	280.0	348.0	92.0	6.0	.0	
67.9	55.5	5.2	220.0	667.9	46.0	.0	.0	
70.5	54.6	5.8	200.0	720.1	10.0	.0	.0	
72.0	54.4	4.9	143.8	712.7	19.0	.0	.0	
71.8	53.3	5.8	125.0	680.4	32.0	.0	.0	
71.3	52.7	5.9	180.0	726.9	2.0	.0	.0	
72.7	52.1	4.8	170.0	727.3	4.0	.0	.0	
72.4	49.1	3.0	73.8	601.3	78.0	.0	.0	
74.9	53.8	5.9	157.5	623.3	59.0	.0	.0	
67.5	58.7	5.9	155.0	344.0	98.0	23.0	.0	
70.9	55.6	5.2	200.0	667.4	47.0	.0	.0	
67.8	50.4	6.5	237.5	730.1	44.0	.0	.0	
65.0	53.2	5.4	156.3	341.3	89.0	.0	.0	
62.8	55.0	6.8	243.8	400.8	96.0	20.0	.0	
59.6	44.5	7.8	263.8	415.2	90.0	.0	.0	
56.6	45.3	6.5	207.5	408.1	93.0	5.0	.0	
56.8	42.6	6.7	230.0	536.0	84.0	.0	.0	
55.3	44.9	4.9	180.0	402.6	98.0	8.0	.0	
58.2	45.6	5.8	193.8	499.5	60.0	.0	.0	
62.0	44.6	4.8	108.8	751.3	2.0	.0	.0	
68.0	49.0	4.2	132.5	740.0	2.0	.0	.0	
   7    31    1969
70.8	50.5	5.4	161.3	737.2	2.0	.0	.0	
66.0	49.0	7.5	270.0	682.9	28.0	.0	.0	
64.9	45.0	5.1	193.8	745.0	56.0	.0	.0	
65.0	46.4	3.4	128.8	702.5	18.0	.0	.0	
64.7	47.0	4.0	176.3	694.0	25.0	.0	.0	
63.4	46.2	5.6	221.3	690.5	9.0	.0	.0	
65.6	48.0	4.8	227.5	705.6	21.0	.0	.0	
71.7	51.4	4.1	152.5	732.4	2.0	.0	.0	
73.7	55.3	3.9	156.3	626.9	24.0	.0	.0	
74.3	51.5	8.0	265.0	695.8	49.0	.0	.0	
69.9	50.4	7.8	208.8	693.2	30.0	.0	.0	
66.2	46.2	4.6	163.8	679.9	38.0	.0	.0	
67.1	46.2	5.6	195.0	720.2	2.0	.0	.0	
66.2	44.0	4.8	158.8	743.4	5.0	.0	.0	
66.1	40.9	5.4	170.0	743.2	2.0	.0	.0	
67.4	39.8	3.9	135.0	710.0	2.0	.0	.0	
70.0	43.0	4.0	137.5	731.9	2.0	.0	.0	
72.7	48.7	3.6	142.5	727.3	2.0	.0	.0	
75.5	50.1	3.5	125.0	727.1	3.0	.0	.0	
75.5	49.7	3.3	115.0	721.6	2.0	.0	.0	
75.0	48.8	5.2	152.5	723.6	2.0	.0	.0	
77.2	50.2	3.3	171.3	724.4	6.0	.0	.0	
79.2	58.1	2.5	126.3	499.4	65.0	1.0	.0	
77.8	60.5	6.5	202.5	499.5	63.0	1.0	.0	
76.1	57.2	4.8	220.0	616.6	24.0	.0	.0	
78.6	51.4	4.1	192.5	711.6	2.0	.0	.0	
77.4	48.3	4.4	176.3	635.7	19.0	.0	.0	
74.8	46.4	4.3	133.8	707.4	3.0	.0	.0	
74.0	46.3	4.3	153.8	696.0	20.0	.0	.0	
76.1	47.5	5.2	138.8	676.7	2.0	.0	.0	
73.5	43.6	4.5	131.3	702.2	2.0	.0	.0	
   8    31    1969
71.8	43.8	4.5	127.5	606.1	35.0	.0	.0	
71.0	44.1	4.8	190.0	656.5	21.0	.0	.0	
71.4	46.1	5.6	201.3	698.0	2.0	.0	.0	
64.0	44.0	6.9	243.8	626.1	23.0	.0	.0	
62.5	38.2	4.0	161.3	670.0	15.0	.0	.0	
65.7	42.5	3.4	120.0	668.2	2.0	.0	.0	
67.0	44.4	4.8	216.3	678.8	2.0	.0	.0	
71.5	45.3	4.8	133.8	638.2	30.0	.0	.0	
73.6	49.1	5.4	187.5	673.3	2.0	.0	.0	
71.8	47.6	3.9	147.5	553.8	24.0	.0	.0	
64.3	45.0	5.7	227.5	624.3	18.0	.0	.0	
67.6	45.5	4.9	160.0	661.4	2.0	.0	.0	
74.2	50.7	4.9	201.3	647.3	13.0	.0	.0	
76.4	53.0	5.1	170.0	623.1	6.0	.0	.0	
70.8	48.8	3.2	162.5	654.7	2.0	.0	.0	
66.9	46.6	3.2	197.5	661.5	2.0	.0	.0	
71.6	46.1	4.6	235.0	631.5	27.0	.0	.0	
71.9	44.1	4.1	168.8	593.4	27.0	.0	.0	
69.3	49.0	5.3	165.0	623.4	2.0	.0	.0	
73.1	50.1	5.2	157.5	637.9	2.0	.0	.0	
73.0	51.7	3.9	177.5	598.6	2.0	.0	.0	
74.5	51.1	4.6	125.0	616.0	2.0	.0	.0	
74.7	47.8	6.2	200.0	619.2	2.0	.0	.0	
63.1	39.3	6.2	195.0	596.1	2.0	.0	.0	
62.0	37.5	3.2	152.5	599.7	2.0	.0	.0	
64.2	42.3	5.1	146.3	619.6	8.0	.0	.0	
65.7	45.0	5.6	220.0	591.5	31.0	.0	.0	
60.8	43.8	4.0	195.0	558.6	15.0	.0	.0	
62.0	40.3	2.6	138.8	604.0	9.0	.0	.0	
64.2	40.6	2.7	177.5	593.7	3.0	.0	.0	
69.6	44.9	2.7	136.3	598.7	2.0	.0	.0	
   9    30    1969
73.4	46.2	3.0	117.5	586.9	2.0	.0	.0	
69.2	46.6	4.1	125.0	580.1	2.0	.0	.0	
59.7	39.1	3.0	138.8	554.4	9.0	.0	.0	
59.2	38.0	4.5	225.0	570.6	3.0	.0	.0	
60.3	37.0	2.0	60.0	565.5	3.0	.0	.0	
65.3	39.9	4.1	131.3	559.7	2.0	.0	.0	
70.9	43.6	3.2	95.0	486.9	51.0	.0	.0	
76.6	48.2	4.6	115.0	465.2	66.0	.0	.0	
70.9	47.4	3.9	68.8	515.9	2.0	.0	.0	
70.2	48.3	3.0	147.5	549.2	2.0	.0	.0	
71.8	51.1	2.5	112.5	545.3	2.0	.0	.0	
70.3	50.7	4.1	156.3	536.6	3.0	.0	.0	
60.7	45.1	5.3	156.3	414.2	29.0	.0	.0	
55.9	34.9	3.6	202.5	511.8	26.0	.0	.0	
60.2	37.0	2.4	112.5	490.6	39.0	.0	.0	
61.7	36.2	3.2	106.3	419.8	61.0	.0	.0	
58.0	49.8	3.4	165.0	253.4	93.0	13.0	.0	
61.1	50.8	5.6	210.0	340.7	86.0	1.0	.0	
57.1	51.0	5.2	131.3	221.3	98.0	5.0	.0	
57.5	51.9	3.0	105.0	347.6	76.0	15.0	.0	
59.9	48.1	3.6	171.3	439.9	36.0	.0	.0	
60.6	48.2	3.7	181.3	387.6	72.0	.0	.0	
60.3	56.4	3.4	85.0	225.0	98.0	28.0	.0	
62.8	52.8	3.3	132.5	413.7	53.0	.0	.0	
62.3	51.5	2.9	133.8	468.1	11.0	.0	.0	
61.6	49.5	2.2	123.8	424.8	47.0	.0	.0	
61.8	44.0	4.9	182.5	375.8	58.0	.0	.0	
61.9	45.4	4.3	147.5	441.0	53.0	.0	.0	
62.0	50.2	3.6	160.0	338.6	69.0	.0	.0	
55.4	46.9	3.0	103.8	208.5	89.0	.0	.0	
  10    31    1969
52.8	47.0	2.6	107.5	222.8	83.0	2.0	.0	
49.6	44.3	3.9	135.0	240.4	96.0	10.0	.0	
48.4	40.6	2.7	93.8	414.9	35.0	.0	.0	
46.7	34.4	2.0	65.0	433.6	4.0	.0	.0	
49.0	30.0	2.7	137.5	439.1	2.0	.0	.0	
49.7	31.9	3.0	123.8	396.2	27.0	.0	.0	
54.3	39.5	4.8	128.8	198.8	93.0	25.0	.0	
51.5	44.6	6.2	201.3	187.9	79.0	15.0	.0	
45.2	43.4	3.9	91.3	183.1	98.0	72.0	.0	
46.8	40.4	3.2	156.3	354.9	50.0	1.0	.0	
43.9	35.7	2.0	48.8	391.3	15.0	.0	.0	
47.5	27.5	4.1	83.8	398.9	2.0	.0	.0	
45.0	28.6	5.6	168.8	354.3	25.0	.0	.0	
46.8	33.0	4.8	138.8	349.3	42.0	.0	.0	
50.0	44.4	7.6	230.0	153.2	94.0	26.0	.0	
45.6	43.8	3.2	202.5	169.6	98.0	56.0	.0	
46.3	44.4	2.9	93.8	164.6	89.0	10.0	.0	
44.5	39.9	2.0	91.3	303.1	47.0	.0	.0	
41.9	38.0	2.0	110.0	264.9	44.0	.0	.0	
46.7	41.0	2.0	70.0	338.4	3.0	.0	.0	
49.6	44.5	2.0	5.0	286.9	25.0	.0	.0	
50.1	45.0	2.0	65.0	259.6	74.0	.0	.0	
50.1	45.3	4.2	222.5	216.2	98.0	.0	.0	
48.1	44.4	3.7	92.5	149.7	97.0	4.0	.0	
43.1	39.0	2.0	48.8	275.9	97.0	.0	.0	
47.9	43.8	2.2	120.0	140.0	98.0	1.0	.0	
48.3	47.4	4.2	138.8	129.7	91.0	24.0	.0	
47.3	42.5	2.0	62.5	247.9	54.0	.0	.0	
47.5	41.1	2.0	22.5	235.7	61.0	.0	.0	
49.1	43.4	3.3	146.3	278.2	24.0	.0	.0	
46.7	43.1	2.0	85.0	240.2	26.0	.0	.0	
  11    30    1969
49.1	43.2	2.5	60.0	289.9	15.0	.0	.0	
48.1	42.6	2.0	77.5	231.5	78.0	.0	.0	
49.3	44.0	2.3	36.3	271.5	66.0	.0	.0	
51.1	47.6	7.5	228.8	122.2	98.0	45.0	.0	
45.0	38.0	6.0	150.0	258.1	37.0	4.0	.0	
39.0	34.6	2.0	75.0	194.4	47.0	.0	.0	
46.0	36.1	10.0	110.0	179.4	95.0	.0	.0	
50.9	37.6	6.2	146.3	203.0	86.0	.0	.0	
45.2	38.0	2.7	87.5	252.0	23.0	.0	.0	
42.1	36.1	2.4	122.5	233.6	53.0	.0	.0	
42.9	37.5	2.2	98.8	241.9	8.0	.0	.0	
42.1	38.9	2.6	115.0	209.8	66.0	.0	.0	
40.3	38.3	2.0	50.0	179.7	50.0	.0	.0	
39.1	35.6	2.0	37.5	215.1	48.0	.0	.0	
41.5	37.3	2.5	168.8	139.9	95.0	.0	.0	
40.5	33.8	3.7	91.3	168.8	89.0	.0	.0	
40.3	32.9	2.6	96.3	235.7	66.0	.0	.0	
38.7	32.6	2.0	22.5	104.5	98.0	.0	.0	
37.0	32.4	2.0	21.3	156.5	83.0	.0	.0	
36.9	31.0	2.0	57.5	151.8	98.0	.0	.0	
42.4	36.6	2.0	116.3	143.2	83.0	.0	.0	
38.4	34.1	2.0	61.3	167.0	78.0	.0	.0	
36.4	33.4	2.5	135.0	123.4	84.0	.0	.0	
34.8	33.5	2.5	85.0	122.5	90.0	.0	.0	
34.9	34.7	2.6	118.8	118.4	96.0	.0	.0	
33.1	32.6	2.3	141.3	79.1	98.0	.0	.0	
31.8	30.7	2.0	116.3	133.0	75.0	.0	.0	
30.2	29.0	2.0	116.3	126.0	75.0	.0	.0	
29.2	26.7	2.0	16.3	210.7	41.0	.0	.0	
29.8	26.1	2.0	31.3	202.7	40.0	.0	.0	
  12    31    1969
29.9	25.0	2.0	78.8	211.5	23.0	.0	.0	
29.8	24.6	2.0	67.5	192.3	9.0	.0	.0	
33.6	29.2	2.4	160.0	90.3	75.0	.0	.0	
32.4	31.8	3.1	185.0	118.0	93.0	.0	.0	
30.6	29.8	2.9	246.3	92.0	98.0	.0	5.1	
36.3	32.7	3.4	100.0	133.9	91.0	5.0	.0	
40.0	35.2	3.2	185.0	132.8	73.0	.0	.0	
41.6	38.5	6.4	235.0	132.1	84.0	30.0	.0	
37.6	34.9	2.0	27.5	95.4	98.0	2.0	.0	
39.8	36.6	5.2	263.8	95.5	98.0	7.0	.0	
49.5	39.9	10.8	203.8	80.5	98.0	67.0	.0	
45.4	44.6	3.3	107.5	87.9	98.0	59.0	.0	
52.1	42.9	8.9	165.0	91.5	98.0	2.0	.0	
46.0	42.5	4.0	96.3	111.6	98.0	12.0	.0	
36.4	34.1	2.5	126.3	134.2	98.0	.0	.0	
39.5	38.3	2.0	62.5	67.4	98.0	9.0	.0	
44.1	42.6	2.9	106.3	78.1	98.0	.0	.0	
48.8	44.3	5.8	213.8	111.8	93.0	4.0	.0	
50.5	43.1	13.2	142.5	82.5	98.0	30.0	.0	
45.6	44.7	2.7	153.8	80.6	98.0	90.0	.0	
45.3	41.7	4.2	163.8	92.8	74.0	84.0	.0	
42.0	37.0	5.8	176.3	71.9	98.0	64.0	.0	
38.7	36.1	4.2	77.5	105.0	98.0	56.0	.0	
38.9	36.7	2.0	42.5	97.9	84.0	.0	.0	
40.2	35.6	7.0	157.5	101.9	86.0	12.0	.0	
38.6	33.0	4.6	145.0	96.7	93.0	8.0	.0	
35.5	32.0	2.3	126.3	134.6	81.0	.0	.0	
33.9	31.3	2.0	60.0	104.1	60.0	.0	.0	
32.1	30.8	2.0	70.0	92.3	98.0	.0	.0	
30.9	30.1	2.0	17.5	105.7	98.0	.0	.0	
30.1	29.0	2.0	120.0	100.7	98.0	.0	2.5	
