   1    31    1968
47.3	42.3	10.5	216.3	119.8	85.0	24.0	0.0	
43.5	39.2	6.7	173.8	149.9	63.0	0.0	0.0	
39.5	35.4	7.9	176.3	186.9	16.0	0.0	0.0	
39.6	34.6	6.4	177.5	171.1	37.0	0.0	0.0	
42.8	38.2	5.9	95.0	145.0	51.0	1.0	0.0	
37.0	31.8	7.5	165.0	152.1	37.0	0.0	0.0	
44.6	39.9	11.5	196.3	96.0	85.0	9.0	0.0	
46.8	44.2	9.7	165.0	74.9	98.0	33.0	0.0	
46.6	43.9	15.6	202.5	87.8	98.0	134.0	0.0	
39.5	35.4	9.7	167.5	123.6	69.0	25.0	0.0	
38.2	34.4	8.6	136.3	173.4	58.0	0.0	0.0	
48.6	40.2	11.2	150.0	87.5	98.0	0.0	0.0	
58.6	53.3	13.6	143.8	97.2	98.0	0.0	0.0	
58.0	56.1	9.7	146.3	96.0	98.0	140.0	0.0	
51.6	45.3	12.6	175.0	115.4	88.0	38.0	0.0	
45.1	39.0	13.3	195.0	134.8	95.0	131.0	0.0	
45.7	38.6	8.8	157.5	137.1	66.0	0.0	0.0	
47.6	37.8	13.1	165.0	130.4	90.0	0.0	0.0	
50.9	46.3	5.8	156.3	86.8	96.0	0.0	0.0	
54.5	51.8	7.2	150.0	108.6	97.0	8.0	0.0	
53.2	52.0	4.5	183.8	198.6	47.0	1.0	0.0	
51.9	46.6	4.6	65.0	196.6	41.0	0.0	0.0	
49.9	44.5	4.9	136.3	217.3	2.0	0.0	0.0	
46.2	41.0	13.7	168.8	127.4	48.0	2.0	0.0	
39.9	34.5	7.5	150.0	119.3	72.0	17.0	0.0	
36.0	33.8	7.5	168.8	102.1	89.0	5.0	0.0	
33.4	30.6	3.5	92.5	194.5	47.0	0.0	0.0	
35.4	32.9	14.7	143.8	99.7	92.0	6.0	0.0	
40.0	37.4	13.7	161.3	91.8	89.0	51.0	0.0	
41.6	35.0	13.3	213.8	165.3	75.0	30.0	0.0	
45.4	42.1	15.4	202.5	97.4	98.0	98.0	0.0	
   2    29    1968
49.0	44.2	10.2	170.0	132.1	97.0	12.0	0.0	
55.4	50.1	21.4	203.8	109.6	93.0	52.0	0.0	
55.0	49.6	13.3	201.3	157.4	98.0	42.0	0.0	
48.7	46.1	9.3	240.0	108.2	98.0	95.0	0.0	
47.3	40.5	10.3	133.8	267.0	12.0	0.0	0.0	
53.2	42.6	13.8	115.0	241.4	33.0	0.0	0.0	
46.0	44.3	6.9	188.8	159.5	74.0	0.0	0.0	
50.6	42.0	5.3	172.5	272.1	36.0	0.0	0.0	
47.8	43.8	6.5	227.5	138.3	98.0	0.0	0.0	
49.7	44.9	5.5	185.0	139.4	98.0	0.0	0.0	
47.9	42.4	9.1	195.0	193.4	86.0	0.0	0.0	
44.7	40.2	4.3	153.8	240.4	46.0	0.0	0.0	
47.2	30.6	9.4	105.0	298.4	3.0	0.0	0.0	
44.0	39.4	7.2	141.3	147.0	83.0	0.0	0.0	
50.7	40.1	8.5	123.8	155.3	85.0	0.0	0.0	
50.3	41.9	7.6	145.0	143.1	93.0	1.0	0.0	
55.3	50.1	16.2	190.0	142.6	98.0	59.0	0.0	
60.6	50.9	16.0	181.3	130.5	98.0	9.0	0.0	
56.8	52.6	13.8	200.0	146.3	98.0	107.0	0.0	
56.7	52.5	9.1	200.0	157.0	98.0	24.0	0.0	
55.0	51.3	13.3	205.0	155.8	98.0	125.0	0.0	
57.4	54.0	15.9	175.0	152.5	98.0	104.0	0.0	
56.3	51.5	13.1	206.3	156.6	98.0	2.0	0.0	
55.1	49.5	4.8	102.5	291.9	49.0	0.0	0.0	
56.0	50.0	8.5	203.8	317.3	32.0	0.0	0.0	
60.0	47.2	7.5	67.5	354.5	10.0	0.0	0.0	
56.2	49.4	9.6	205.0	341.7	29.0	0.0	0.0	
52.3	47.8	5.9	182.5	328.8	66.0	0.0	0.0	
52.8	47.8	5.6	137.5	166.8	98.0	0.0	0.0	
   3    31    1968
54.2	50.6	3.5	112.5	172.6	95.0	0.0	0.0	
54.3	50.5	9.8	282.5	280.2	86.0	0.0	0.0	
54.3	49.4	6.1	105.0	191.6	96.0	0.0	0.0	
56.1	44.3	7.0	183.8	170.0	86.0	10.0	0.0	
50.2	42.6	13.7	212.5	314.9	73.0	22.0	0.0	
48.3	39.4	7.9	173.8	226.6	80.0	0.0	0.0	
48.7	39.9	10.2	222.5	375.1	38.0	9.0	0.0	
43.3	37.0	9.4	212.5	384.5	25.0	0.0	0.0	
42.5	37.0	8.5	215.0	389.5	36.0	0.0	0.0	
45.9	37.7	6.9	160.0	339.6	58.0	0.0	0.0	
52.7	41.6	14.1	185.0	263.9	94.0	0.0	0.0	
48.8	43.1	13.8	161.3	193.8	93.0	101.0	0.0	
47.8	40.4	12.0	151.3	218.4	84.0	0.0	0.0	
51.1	43.9	14.7	195.0	252.4	91.0	53.0	0.0	
54.0	43.5	13.3	178.8	184.8	98.0	0.0	0.0	
49.2	42.3	8.9	278.8	322.1	95.0	38.0	0.0	
46.5	38.7	10.5	225.0	232.4	93.0	6.0	0.0	
47.0	39.9	8.1	156.3	408.7	43.0	0.0	0.0	
49.1	39.1	6.6	123.8	463.8	34.0	0.0	0.0	
52.6	39.0	8.2	123.8	404.1	77.0	0.0	0.0	
51.4	39.3	8.5	138.8	221.6	91.0	0.0	0.0	
51.7	42.6	9.5	175.0	201.7	98.0	0.0	0.0	
51.5	45.3	11.8	168.8	211.8	98.0	7.0	0.0	
52.1	46.6	11.4	173.8	257.3	98.0	50.0	0.0	
48.7	40.6	15.2	220.0	242.6	93.0	91.0	0.0	
47.4	38.8	8.4	160.0	283.6	92.0	0.0	0.0	
50.8	44.7	12.0	190.0	243.2	98.0	0.0	0.0	
52.0	49.0	6.7	228.8	362.3	88.0	0.0	0.0	
48.7	40.5	13.2	256.3	261.0	83.0	4.0	0.0	
48.2	34.1	10.8	147.5	504.4	20.0	0.0	0.0	
48.3	41.2	7.9	150.0	306.2	83.0	0.0	0.0	
   4    30    1968
49.2	43.5	6.7	206.3	216.9	98.0	19.0	0.0	
48.9	38.6	12.1	312.5	403.1	63.0	3.0	0.0	
46.8	38.2	8.2	202.5	460.5	77.0	0.0	0.0	
47.2	42.0	8.8	208.8	222.5	98.0	24.0	0.0	
47.5	38.6	10.1	268.8	441.9	70.0	0.0	0.0	
45.6	40.1	9.3	205.0	229.4	93.0	0.0	0.0	
48.4	39.2	10.8	227.5	431.1	57.0	0.0	0.0	
47.7	40.5	8.6	190.0	513.0	23.0	0.0	0.0	
49.0	43.4	11.8	256.3	542.3	40.0	0.0	0.0	
49.6	43.4	11.5	272.5	277.5	98.0	0.0	0.0	
47.8	34.4	19.5	315.0	555.6	41.0	5.0	0.0	
44.5	30.4	15.0	157.5	487.8	47.0	0.0	0.0	
42.4	31.4	10.3	241.3	530.8	30.0	0.0	0.0	
45.5	38.8	9.8	170.0	272.0	96.0	0.0	0.0	
45.7	36.0	11.4	302.5	505.2	62.0	13.0	0.0	
43.0	34.5	11.5	235.0	454.4	40.0	18.0	0.0	
43.7	33.6	12.3	230.0	576.5	5.0	0.0	0.0	
43.8	36.0	9.2	217.5	336.4	60.0	0.0	0.0	
44.1	34.4	10.2	217.5	428.6	54.0	0.0	0.0	
43.3	35.2	9.9	196.3	486.6	62.0	0.0	0.0	
44.6	35.9	10.6	215.0	569.0	22.0	0.0	0.0	
48.2	39.2	9.8	212.5	497.6	59.0	0.0	0.0	
48.8	41.9	9.2	228.8	420.4	71.0	24.0	0.0	
47.2	38.2	9.1	223.8	551.1	75.0	0.0	0.0	
48.1	43.0	8.8	222.5	297.0	90.0	0.0	0.0	
52.2	45.3	11.8	342.5	511.8	62.0	0.0	0.0	
52.1	43.4	10.0	221.3	592.0	24.0	0.0	0.0	
50.8	44.6	6.8	190.0	622.1	29.0	0.0	0.0	
51.1	45.0	8.7	186.3	402.7	95.0	0.0	0.0	
51.7	43.5	10.8	238.8	555.8	78.0	0.0	0.0	
   5    31    1968
51.5	41.2	10.8	228.8	593.9	38.0	0.0	0.0	
54.3	44.1	16.4	236.3	660.5	7.0	0.0	0.0	
55.0	47.0	13.5	230.0	622.8	63.0	0.0	0.0	
51.9	41.7	12.0	301.3	289.4	98.0	0.0	0.0	
48.0	39.4	11.1	231.3	488.5	55.0	6.0	0.0	
49.9	38.2	13.4	220.0	584.4	33.0	0.0	0.0	
51.2	41.8	14.0	242.5	644.2	23.0	0.0	0.0	
52.5	45.4	7.8	241.3	436.6	83.0	0.0	0.0	
54.9	46.4	7.0	210.0	449.9	88.0	0.0	0.0	
53.6	45.8	7.1	251.3	328.4	98.0	0.0	0.0	
55.7	48.2	9.5	331.3	317.2	98.0	0.0	0.0	
51.8	45.8	8.9	231.3	294.2	98.0	16.0	0.0	
52.0	44.4	10.7	203.8	564.5	45.0	0.0	0.0	
52.4	44.5	10.8	192.5	525.0	44.0	0.0	0.0	
54.4	45.4	11.5	246.3	676.9	7.0	0.0	0.0	
55.2	49.2	8.1	193.8	671.8	37.0	0.0	0.0	
57.3	49.9	7.2	266.3	297.2	98.0	0.0	0.0	
56.8	51.9	3.7	205.0	467.1	88.0	4.0	0.0	
59.5	55.6	7.5	198.8	294.7	98.0	48.0	0.0	
59.0	52.1	8.6	175.0	462.3	83.0	50.0	0.0	
57.8	48.1	10.2	188.8	555.7	86.0	26.0	0.0	
57.7	50.5	10.2	206.3	541.9	76.0	1.0	0.0	
57.2	50.3	7.8	186.3	421.3	89.0	1.0	0.0	
56.6	49.8	9.2	153.8	320.9	91.0	38.0	0.0	
59.0	51.3	7.8	196.3	520.6	90.0	53.0	0.0	
59.3	53.9	12.6	187.5	379.4	98.0	42.0	0.0	
58.3	53.9	6.5	258.8	289.3	98.0	0.0	0.0	
59.9	52.3	10.7	298.8	618.9	64.0	0.0	0.0	
59.1	49.1	13.4	187.5	672.5	33.0	0.0	0.0	
57.4	47.5	11.6	232.5	690.4	43.0	0.0	0.0	
59.8	50.5	9.1	161.3	386.8	94.0	1.0	0.0	
   6    30    1968
65.3	58.6	10.3	176.3	297.1	98.0	13.0	0.0	
59.0	54.1	15.4	266.3	370.3	77.0	39.0	0.0	
57.7	49.3	13.7	187.5	669.2	47.0	0.0	0.0	
59.0	51.1	17.6	280.0	580.4	83.0	0.0	0.0	
58.7	48.9	12.6	333.8	325.3	98.0	0.0	0.0	
60.7	49.4	12.9	302.5	501.3	81.0	0.0	0.0	
59.8	49.9	13.7	222.5	579.9	52.0	0.0	0.0	
59.3	49.1	13.0	242.5	575.9	36.0	0.0	0.0	
58.5	50.4	6.3	188.8	552.0	66.0	0.0	0.0	
60.2	52.7	8.2	210.0	310.8	98.0	0.0	0.0	
59.3	49.6	6.2	158.8	607.3	58.0	0.0	0.0	
58.8	48.0	11.0	215.0	617.3	43.0	0.0	0.0	
61.4	51.4	9.8	195.0	571.3	83.0	0.0	0.0	
63.7	52.5	9.4	246.3	702.9	28.0	0.0	0.0	
64.0	54.6	12.2	253.8	696.6	16.0	0.0	0.0	
64.2	54.7	13.3	241.3	687.0	31.0	0.0	0.0	
63.5	53.8	13.7	267.5	729.8	18.0	0.0	0.0	
62.9	54.1	12.2	310.0	575.3	51.0	0.0	0.0	
60.5	54.2	15.1	232.5	386.6	92.0	0.0	0.0	
59.5	48.1	15.0	355.0	724.5	25.0	0.0	0.0	
60.8	48.1	5.5	187.5	632.0	50.0	0.0	0.0	
61.5	57.8	9.0	248.8	292.4	98.0	4.0	0.0	
61.5	54.6	12.4	317.5	584.8	48.0	0.0	0.0	
60.5	53.1	13.6	263.8	703.7	26.0	0.0	0.0	
61.5	52.7	9.4	303.8	631.2	56.0	0.0	0.0	
60.7	54.7	7.9	236.3	538.1	75.0	0.0	0.0	
59.7	50.5	13.0	287.5	635.5	52.0	0.0	0.0	
54.8	45.9	9.0	226.3	571.0	50.0	40.0	0.0	
56.2	46.9	11.2	266.3	596.1	47.0	0.0	0.0	
58.4	48.9	14.4	267.5	723.5	2.0	0.0	0.0	
   7    31    1968
58.7	52.6	6.5	221.3	645.0	50.0	0.0	0.0	
60.6	55.5	6.9	235.0	349.6	98.0	0.0	0.0	
60.2	54.9	9.8	328.8	412.3	89.0	0.0	0.0	
61.0	53.9	11.0	251.3	609.2	59.0	0.0	0.0	
59.4	53.4	18.8	356.3	586.8	83.0	0.0	0.0	
58.3	53.4	12.4	307.5	444.3	90.0	0.0	0.0	
58.5	52.5	13.4	295.0	638.0	46.0	0.0	0.0	
56.3	53.0	6.0	200.0	451.1	96.0	0.0	0.0	
60.1	55.6	7.5	258.8	528.9	89.0	0.0	0.0	
63.5	56.5	7.4	220.0	573.3	89.0	0.0	0.0	
62.1	55.8	10.1	195.0	310.6	98.0	0.0	0.0	
61.7	54.6	9.5	216.3	397.6	70.0	0.0	0.0	
60.1	53.8	10.8	191.3	419.7	96.0	0.0	0.0	
61.4	54.2	8.8	207.5	466.3	95.0	2.0	0.0	
61.7	52.9	9.1	258.8	537.5	57.0	0.0	0.0	
60.0	51.6	8.5	216.3	661.7	23.0	0.0	0.0	
59.8	51.4	14.0	268.8	686.7	3.0	0.0	0.0	
59.6	51.9	9.8	231.3	693.5	5.0	0.0	0.0	
59.5	54.5	9.1	240.0	300.8	69.0	0.0	0.0	
61.3	51.5	15.8	270.0	681.1	10.0	0.0	0.0	
59.9	50.2	17.3	268.8	673.0	2.0	0.0	0.0	
59.2	49.8	15.4	306.3	665.3	2.0	0.0	0.0	
58.3	50.7	16.6	351.3	647.8	40.0	0.0	0.0	
59.0	53.0	9.2	297.5	287.3	98.0	0.0	0.0	
59.4	54.5	12.4	297.5	407.6	91.0	0.0	0.0	
57.1	52.4	15.2	353.8	491.5	86.0	0.0	0.0	
59.1	54.2	16.4	308.8	549.8	74.0	0.0	0.0	
58.7	53.6	17.0	347.5	584.7	46.0	0.0	0.0	
58.6	52.3	13.8	270.0	641.2	43.0	0.0	0.0	
57.5	51.8	12.6	317.5	597.6	68.0	0.0	0.0	
59.3	54.9	8.2	196.3	460.3	94.0	0.0	0.0	
   8    31    1968
60.3	55.5	8.1	288.8	313.1	98.0	0.0	0.0	
61.8	55.4	7.9	286.3	335.2	98.0	0.0	0.0	
62.7	52.0	11.5	293.8	548.3	65.0	0.0	0.0	
61.7	53.4	6.6	238.8	310.7	98.0	0.0	0.0	
62.0	52.9	7.4	167.5	579.8	44.0	0.0	0.0	
59.9	52.8	10.2	221.3	596.9	48.0	0.0	0.0	
60.1	53.2	15.4	306.3	579.1	50.0	0.0	0.0	
59.0	52.0	9.8	292.5	532.0	84.0	0.0	0.0	
58.0	53.4	7.2	236.3	415.4	93.0	0.0	0.0	
56.1	52.4	6.9	211.3	391.4	91.0	0.0	0.0	
59.4	51.3	11.5	310.0	391.0	88.0	0.0	0.0	
60.3	51.8	13.0	333.8	512.2	84.0	0.0	0.0	
60.6	52.9	9.4	210.0	274.2	98.0	44.0	0.0	
60.7	54.5	8.9	217.5	540.1	60.0	6.0	0.0	
59.5	52.4	8.2	183.8	371.9	93.0	10.0	0.0	
60.9	56.0	9.2	242.5	262.3	90.0	136.0	0.0	
62.3	54.1	8.9	148.8	381.3	95.0	22.0	0.0	
60.6	53.4	8.9	186.3	296.4	98.0	9.0	0.0	
60.4	52.8	10.5	202.5	513.5	55.0	64.0	0.0	
59.1	51.0	7.8	228.8	377.7	80.0	0.0	0.0	
58.5	52.8	7.2	222.5	590.3	35.0	3.0	0.0	
60.1	54.1	10.7	181.3	237.0	98.0	32.0	0.0	
61.5	56.2	8.0	183.8	260.1	98.0	86.0	0.0	
59.4	55.5	5.2	221.3	239.7	98.0	82.0	0.0	
61.6	57.4	7.1	171.3	273.8	98.0	58.0	0.0	
63.1	58.7	8.8	183.8	240.3	98.0	25.0	0.0	
62.4	56.1	9.5	175.0	270.8	89.0	2.0	0.0	
62.5	56.4	11.5	270.0	477.9	46.0	0.0	0.0	
64.1	57.6	11.5	222.5	574.5	5.0	0.0	0.0	
68.8	57.4	4.9	110.0	559.4	2.0	0.0	0.0	
61.9	56.4	7.7	226.3	558.5	29.0	0.0	0.0	
   9    30    1968
62.8	55.5	10.5	305.0	390.3	97.0	0.0	0.0	
61.8	51.6	18.1	353.8	525.5	12.0	0.0	0.0	
60.0	53.3	14.5	301.3	561.4	2.0	0.0	0.0	
61.6	54.4	9.8	253.8	497.6	60.0	0.0	0.0	
57.6	54.1	6.6	220.0	268.4	98.0	0.0	0.0	
58.3	53.5	4.4	235.0	229.7	98.0	0.0	0.0	
60.8	54.5	10.8	207.5	518.5	41.0	0.0	0.0	
57.4	53.6	6.1	210.0	234.2	98.0	0.0	0.0	
60.8	54.5	7.4	186.3	273.9	98.0	0.0	0.0	
61.2	53.0	5.3	173.8	488.2	41.0	0.0	0.0	
59.8	54.4	7.8	231.3	193.4	98.0	4.0	0.0	
59.0	51.9	14.1	345.0	452.6	63.0	0.0	0.0	
58.5	54.4	8.2	137.5	188.5	98.0	68.0	0.0	
60.1	55.7	12.2	208.8	227.9	83.0	52.0	0.0	
60.4	53.3	6.5	211.3	366.3	68.0	15.0	0.0	
59.9	51.9	8.2	260.0	463.9	24.0	0.0	0.0	
61.8	54.5	5.5	127.5	444.9	59.0	0.0	0.0	
58.7	52.8	11.3	287.5	344.4	65.0	81.0	0.0	
53.7	47.7	10.4	140.0	377.5	62.0	31.0	0.0	
54.5	47.6	9.5	168.8	408.2	38.0	6.0	0.0	
55.5	46.8	10.3	208.8	402.1	28.0	0.0	0.0	
56.7	47.1	9.1	226.3	428.4	36.0	0.0	0.0	
59.5	52.0	6.3	141.3	419.2	21.0	0.0	0.0	
58.5	53.4	8.4	193.8	419.2	40.0	0.0	0.0	
55.6	51.2	7.4	238.8	424.7	48.0	0.0	0.0	
54.4	50.5	10.7	238.8	211.6	97.0	0.0	0.0	
55.9	49.1	13.6	310.0	417.9	42.0	0.0	0.0	
60.7	49.0	6.6	135.0	441.2	2.0	0.0	0.0	
59.0	50.1	9.1	203.8	436.4	17.0	0.0	0.0	
54.9	48.6	9.1	252.5	187.5	86.0	0.0	0.0	
  10    31    1968
53.2	44.7	10.8	287.5	377.4	49.0	0.0	0.0	
52.1	44.4	7.5	193.8	417.4	3.0	0.0	0.0	
53.1	46.9	9.1	195.0	349.4	40.0	0.0	0.0	
55.1	50.0	7.7	231.3	281.9	63.0	11.0	0.0	
52.8	46.1	7.1	173.8	332.6	68.0	0.0	0.0	
54.6	47.9	5.2	175.0	322.6	65.0	2.0	0.0	
52.4	45.8	9.6	182.5	352.3	40.0	0.0	0.0	
50.1	45.1	7.9	185.0	375.3	31.0	0.0	0.0	
50.8	45.5	7.1	140.0	192.7	88.0	0.0	0.0	
56.5	50.4	9.8	170.0	280.1	94.0	42.0	0.0	
55.0	52.1	10.3	163.8	172.0	98.0	164.0	0.0	
52.6	48.0	10.7	180.0	280.9	57.0	30.0	0.0	
51.5	45.0	9.5	163.8	270.8	37.0	30.0	0.0	
53.1	48.0	13.4	193.8	183.0	92.0	50.0	0.0	
53.5	49.8	9.8	151.3	148.4	96.0	20.0	0.0	
54.8	49.9	5.4	118.8	274.7	84.0	0.0	0.0	
53.3	51.1	7.6	192.5	195.9	75.0	42.0	0.0	
50.3	46.4	6.5	192.5	316.1	48.0	0.0	0.0	
51.5	47.6	7.8	160.0	130.4	98.0	60.0	0.0	
54.5	50.7	7.5	193.8	303.6	58.0	37.0	0.0	
54.3	45.5	8.8	162.5	251.5	95.0	0.0	0.0	
58.1	54.0	6.5	197.5	188.1	95.0	10.0	0.0	
57.4	55.2	6.4	232.5	234.0	88.0	0.0	0.0	
53.7	52.4	2.7	101.3	153.9	98.0	0.0	0.0	
55.1	52.7	8.1	153.8	159.8	77.0	0.0	0.0	
58.2	48.1	8.1	166.3	263.0	53.0	0.0	0.0	
56.5	48.6	7.8	177.5	264.5	44.0	0.0	0.0	
60.3	50.5	12.6	182.5	249.3	60.0	0.0	0.0	
60.2	52.0	16.5	180.0	169.6	95.0	79.0	0.0	
51.0	46.5	7.2	213.8	210.7	55.0	22.0	0.0	
47.9	43.7	6.5	157.5	247.8	36.0	0.0	0.0	
  11    30    1968
49.7	44.6	8.8	143.8	157.9	80.0	30.0	0.0	
52.7	49.8	8.2	220.0	162.4	86.0	42.0	0.0	
46.6	42.9	8.5	151.3	247.6	36.0	0.0	0.0	
48.6	42.4	6.9	141.3	211.5	78.0	0.0	0.0	
52.3	48.9	5.5	88.8	204.0	85.0	16.0	0.0	
49.4	46.6	8.5	145.0	111.1	81.0	65.0	0.0	
55.6	53.1	3.9	126.3	124.7	98.0	50.0	0.0	
59.6	57.7	10.3	180.0	133.3	98.0	136.0	0.0	
55.5	53.4	6.3	223.8	158.3	90.0	0.0	0.0	
58.8	55.0	9.1	175.0	121.5	98.0	24.0	0.0	
56.1	53.0	11.6	206.3	120.0	98.0	55.0	0.0	
47.2	42.4	8.2	181.3	138.1	90.0	21.0	0.0	
45.3	42.4	6.9	146.3	191.7	58.0	7.0	0.0	
42.1	38.6	7.1	140.0	98.0	88.0	5.0	0.0	
44.4	40.6	8.8	183.8	174.2	65.0	0.0	0.0	
49.2	44.0	8.5	138.8	115.5	98.0	0.0	0.0	
53.2	51.7	6.0	162.5	97.9	98.0	51.0	0.0	
54.5	53.6	7.0	133.8	112.5	98.0	22.0	0.0	
52.1	50.2	7.4	152.5	113.8	90.0	0.0	0.0	
54.9	53.5	4.3	161.3	143.8	94.0	0.0	0.0	
55.3	53.5	9.2	172.5	95.9	98.0	52.0	0.0	
55.3	53.1	7.2	183.8	121.9	72.0	0.0	0.0	
51.4	49.0	7.2	155.0	158.3	60.0	0.0	0.0	
48.4	44.1	12.4	243.8	92.3	98.0	55.0	0.0	
49.1	43.4	8.7	256.3	138.0	73.0	6.0	0.0	
48.1	44.2	6.3	152.5	123.0	83.0	9.0	0.0	
47.4	43.8	4.5	102.5	175.4	47.0	0.0	0.0	
49.1	41.3	6.9	155.0	95.5	75.0	0.0	0.0	
46.2	39.4	12.4	195.0	67.8	76.0	28.0	0.0	
42.4	38.3	11.0	167.5	85.8	82.0	28.0	0.0	
  12    31    1968
45.5	39.2	15.3	271.3	128.2	88.0	30.0	0.0	
46.3	41.4	8.6	156.3	90.5	98.0	1.0	0.0	
51.0	46.8	9.3	173.8	106.8	98.0	11.0	0.0	
53.0	51.0	11.7	203.8	96.0	98.0	289.0	0.0	
46.4	42.5	5.7	177.5	94.6	87.0	5.0	0.0	
43.3	39.1	5.4	112.5	87.7	74.0	0.0	0.0	
49.1	41.9	11.0	142.5	100.0	98.0	18.0	0.0	
49.7	45.0	8.2	162.5	90.5	98.0	4.0	0.0	
49.8	45.6	8.5	126.3	86.2	98.0	164.0	0.0	
47.4	44.0	14.1	187.5	79.9	94.0	172.0	0.0	
45.3	39.2	12.8	201.3	107.0	91.0	68.0	0.0	
45.0	37.8	8.8	138.8	145.2	86.0	3.0	0.0	
48.0	40.3	11.3	143.8	70.8	98.0	19.0	0.0	
48.7	42.4	6.8	148.8	72.3	91.0	1.0	0.0	
45.0	38.7	8.8	187.5	82.3	98.0	89.0	0.0	
43.2	37.1	7.7	216.3	122.3	76.0	86.0	0.0	
40.3	35.2	5.8	148.8	80.9	87.0	0.0	0.0	
44.7	37.0	14.8	271.3	81.0	92.0	32.0	0.0	
37.1	29.9	9.5	108.8	153.0	40.0	0.0	0.0	
34.0	27.1	7.4	168.8	167.1	30.0	0.0	0.0	
37.2	28.0	8.5	146.3	142.3	73.0	0.0	0.0	
47.7	38.1	14.4	156.3	85.7	98.0	43.0	0.0	
52.8	47.4	13.7	152.5	92.3	98.0	1.0	0.0	
45.4	41.1	11.4	142.5	93.5	98.0	31.0	0.0	
42.1	38.5	7.8	150.0	77.0	89.0	8.0	0.0	
43.7	40.0	9.1	186.3	89.3	84.0	19.0	0.0	
45.2	41.5	11.8	181.3	72.2	98.0	100.0	0.0	
37.9	32.3	9.8	243.8	107.5	97.0	12.0	0.0	
36.9	33.0	7.6	160.0	100.3	85.0	25.0	0.0	
41.4	38.0	8.8	147.5	98.3	98.0	12.0	0.0	
45.0	40.3	12.8	163.8	89.9	98.0	9.0	0.0	
