   1    31    1982
36.2	32.5	11.2	160.0	61.5	95.0	14.0	.0	
35.5	32.1	11.0	187.1	90.5	93.0	42.0	.0	
37.4	35.0	11.5	170.8	59.2	95.0	110.0	.0	
33.2	30.8	6.0	144.2	77.4	74.0	15.0	.0	
30.2	25.9	5.0	99.6	111.3	70.0	.0	5.1	
21.4	16.9	4.3	185.0	125.3	63.0	.0	.0	
24.2	20.3	3.4	109.2	82.0	94.0	.0	.0	
28.1	24.5	2.0	86.3	123.2	83.0	.0	.0	
27.2	26.0	3.4	140.0	85.0	96.0	.0	.0	
29.7	28.1	4.0	94.2	93.9	98.0	.0	.0	
37.3	35.1	6.5	177.1	90.0	84.0	.0	.0	
37.6	35.0	4.4	132.1	88.4	97.0	.0	.0	
41.4	37.0	4.8	159.6	156.0	57.0	.0	.0	
41.8	38.9	8.3	171.7	105.1	93.0	.0	.0	
44.7	40.7	9.6	178.3	78.4	95.0	.0	.0	
46.4	43.5	17.2	187.9	63.6	98.0	94.0	.0	
43.6	39.9	14.0	180.0	63.2	98.0	26.0	.0	
40.3	37.3	7.3	147.1	69.3	93.0	11.0	.0	
39.5	33.6	8.6	162.9	158.5	87.0	3.0	.0	
38.1	33.8	2.5	97.9	96.5	98.0	.0	.0	
37.3	31.8	8.1	209.2	130.2	91.0	.0	.0	
40.4	37.1	19.6	174.6	56.1	98.0	97.0	.0	
51.1	48.4	21.8	179.2	64.7	98.0	104.0	.0	
47.0	43.4	5.5	132.5	105.3	98.0	53.0	.0	
46.6	43.1	7.0	167.1	91.1	98.0	14.0	.0	
43.0	39.6	12.9	183.3	110.7	85.0	16.0	.0	
43.1	37.6	8.5	145.4	87.8	98.0	10.0	.0	
41.1	38.7	3.3	125.8	127.1	82.0	.0	.0	
44.1	38.5	8.9	175.8	97.7	98.0	.0	.0	
47.9	39.8	9.6	185.0	151.3	89.0	.0	.0	
44.1	34.7	5.5	190.4	128.1	80.0	.0	.0	
   2    28    1982
41.2	36.7	8.4	158.3	106.8	98.0	.0	.0	
44.7	41.4	5.4	142.9	101.4	98.0	.0	.0	
42.2	35.5	5.9	90.0	117.2	63.0	3.0	.0	
32.3	10.9	9.6	200.0	186.5	27.0	.0	.0	
31.6	12.5	7.9	284.6	238.3	21.0	.0	.0	
34.0	16.7	5.3	247.5	142.5	94.0	.0	.0	
35.5	17.7	7.9	274.2	266.8	13.0	.0	.0	
30.3	18.2	2.4	129.2	119.9	77.0	.0	.0	
31.3	17.3	5.9	212.1	264.3	16.0	.0	.0	
28.4	18.6	2.0	59.2	271.4	28.0	.0	.0	
43.9	33.3	15.1	180.0	124.7	98.0	.0	.0	
47.1	33.9	9.2	169.2	135.6	98.0	.0	.0	
52.2	49.2	16.0	174.6	75.8	98.0	135.0	.0	
54.9	51.7	15.7	177.5	91.7	98.0	61.0	.0	
54.1	48.9	12.6	160.4	146.8	96.0	36.0	.0	
53.1	49.8	13.7	189.2	101.9	98.0	57.0	.0	
48.3	42.5	9.3	163.8	231.3	85.0	23.0	.0	
47.1	44.5	12.2	177.1	78.2	98.0	54.0	.0	
56.3	50.0	9.9	161.3	239.0	89.0	19.0	.0	
54.6	49.3	14.7	223.3	107.6	98.0	146.0	.0	
41.1	33.9	4.9	172.9	163.9	79.0	.0	.0	
37.6	34.1	12.4	180.8	147.5	82.0	11.0	.0	
36.5	32.5	11.2	179.2	245.0	51.0	6.0	.0	
39.1	31.6	2.7	75.0	285.0	70.0	.0	.0	
39.1	34.9	2.0	37.1	230.0	72.0	.0	.0	
42.6	39.5	5.6	116.3	96.8	98.0	34.0	.0	
41.9	38.6	3.8	84.2	156.3	93.0	2.0	.0	
41.2	40.0	2.3	83.3	116.6	98.0	15.0	.0	
   3    31    1982
45.2	41.2	9.5	141.7	175.5	98.0	54.0	.0	
46.0	40.3	12.3	173.8	208.1	98.0	16.0	.0	
45.6	41.9	14.5	183.8	113.1	98.0	18.0	.0	
46.0	39.0	6.6	211.7	255.0	67.0	1.0	.0	
41.6	33.7	3.6	114.6	335.2	38.0	.0	.0	
40.3	33.6	2.0	57.5	342.1	47.0	.0	.0	
42.5	35.3	3.5	124.6	324.1	63.0	.0	.0	
48.1	45.1	3.3	91.7	133.2	98.0	17.0	.0	
54.9	49.4	10.3	186.7	232.2	79.0	.0	.0	
52.2	49.4	7.3	146.3	155.8	98.0	16.0	.0	
42.0	33.0	11.4	241.3	323.5	45.0	24.0	.0	
44.3	35.9	13.6	180.0	186.3	97.0	2.0	.0	
46.7	43.1	8.0	183.3	133.8	98.0	12.0	.0	
41.6	35.9	8.1	271.7	179.5	87.0	13.0	.0	
40.4	32.0	6.7	118.8	264.2	89.0	.0	.0	
42.0	31.3	5.5	165.4	283.5	77.0	.0	.0	
42.4	29.8	4.8	141.3	421.0	13.0	.0	.0	
43.5	30.4	4.9	169.6	361.7	44.0	.0	.0	
42.0	31.1	6.5	197.1	294.5	43.0	.0	.0	
42.8	33.3	4.4	151.3	269.8	85.0	.0	.0	
42.0	31.4	4.0	136.3	457.6	4.0	.0	.0	
42.9	32.9	4.6	92.5	470.5	2.0	.0	.0	
47.3	35.5	4.0	179.2	483.7	2.0	.0	.0	
47.9	39.1	2.9	132.9	455.8	5.0	.0	.0	
48.2	40.0	7.7	184.2	300.9	64.0	.0	.0	
47.8	39.4	11.8	185.8	259.1	95.0	2.0	.0	
44.5	38.2	12.3	169.6	221.1	97.0	26.0	.0	
41.7	35.9	10.4	172.9	287.2	93.0	13.0	.0	
43.5	32.0	8.3	148.8	401.0	86.0	7.0	.0	
41.8	35.0	12.6	161.7	231.5	88.0	15.0	.0	
40.3	33.7	8.8	157.9	318.6	85.0	45.0	.0	
   4    30    1982
41.2	33.0	7.8	174.6	315.4	70.0	1.0	.0	
42.1	35.6	19.3	157.5	152.9	95.0	55.0	.0	
42.1	35.1	15.6	177.1	274.8	81.0	22.0	.0	
41.7	35.7	12.5	176.7	218.6	97.0	18.0	.0	
41.0	33.9	7.7	153.3	299.7	76.0	4.0	.0	
40.6	31.5	3.5	122.1	266.0	69.0	.0	.0	
44.5	34.4	4.4	127.1	363.5	56.0	.0	.0	
45.8	31.1	3.2	120.0	558.5	4.0	.0	.0	
46.2	31.3	3.8	102.5	562.3	2.0	.0	.0	
45.5	39.4	2.2	121.7	211.2	83.0	59.0	.0	
52.0	46.5	10.5	170.4	178.7	98.0	22.0	.0	
49.0	40.1	15.3	183.3	227.7	98.0	19.0	.0	
45.2	39.0	14.0	190.4	164.1	98.0	75.0	.0	
40.5	35.0	11.7	194.2	218.4	90.0	58.0	.0	
41.1	35.0	7.4	164.6	327.6	71.0	26.0	.0	
42.3	34.1	3.0	152.9	364.6	86.0	.0	.0	
44.1	35.2	9.2	209.2	240.0	86.0	4.0	.0	
42.2	31.8	6.0	223.3	391.0	62.0	2.0	.0	
46.3	29.0	9.6	183.3	567.2	18.0	.0	.0	
52.7	27.4	5.8	111.7	571.3	2.0	.0	.0	
56.0	33.0	3.2	85.8	577.7	2.0	.0	.0	
59.0	39.9	3.9	164.6	573.1	2.0	.0	.0	
51.0	38.8	6.3	197.1	496.8	42.0	.0	.0	
48.0	33.1	6.5	189.2	589.1	15.0	.0	.0	
48.8	31.0	2.9	126.3	576.1	32.0	.0	.0	
48.8	34.8	3.5	153.8	587.2	8.0	.0	.0	
52.0	38.3	5.1	193.8	381.3	96.0	1.0	.0	
48.7	37.7	9.9	230.0	400.4	58.0	14.0	.0	
47.1	32.8	3.8	151.3	593.7	65.0	.0	.0	
51.8	37.5	3.7	171.3	525.4	98.0	.0	.0	
   5    31    1982
52.2	38.9	4.2	137.1	528.3	70.0	.0	.0	
49.9	39.5	9.0	182.5	351.7	83.0	.0	.0	
49.9	36.3	9.4	268.8	474.9	60.0	13.0	.0	
48.3	34.4	7.3	94.2	605.2	36.0	.0	.0	
54.0	37.7	5.9	157.5	650.5	16.0	.0	.0	
57.3	41.5	4.8	165.8	564.4	54.0	.0	.0	
51.5	39.2	9.4	247.5	380.5	86.0	.0	.0	
47.9	38.1	5.7	212.9	307.6	86.0	19.0	.0	
49.6	40.3	6.2	201.3	302.7	98.0	1.0	.0	
50.3	39.5	5.0	149.2	316.7	88.0	.0	.0	
53.8	42.5	3.9	173.8	543.2	78.0	.0	.0	
55.2	43.3	2.7	80.8	579.8	65.0	.0	.0	
56.5	42.2	3.4	175.8	538.7	83.0	.0	.0	
54.7	41.0	4.6	157.5	636.7	33.0	.0	.0	
56.2	43.2	3.8	150.8	622.2	43.0	.0	.0	
59.2	44.9	5.8	193.3	466.3	93.0	28.0	.0	
52.6	42.2	7.7	251.7	425.0	69.0	12.0	.0	
51.7	40.5	4.9	192.1	400.8	80.0	.0	.0	
52.9	40.1	5.1	111.3	645.5	2.0	.0	.0	
58.4	43.9	4.2	132.1	579.9	76.0	.0	.0	
58.7	44.7	5.9	245.8	654.6	45.0	.0	.0	
57.4	42.5	5.3	233.3	511.7	58.0	.0	.0	
60.0	40.6	7.6	129.2	637.2	42.0	.0	.0	
70.2	47.3	8.4	173.3	691.2	2.0	.0	.0	
61.8	43.3	10.3	331.3	679.2	21.0	.0	.0	
51.5	37.1	8.3	231.7	531.3	60.0	.0	.0	
55.1	41.7	5.2	201.7	401.5	66.0	.0	.0	
60.4	43.8	5.9	149.6	643.7	32.0	.0	.0	
63.0	40.9	6.0	189.2	664.6	60.0	.0	.0	
65.6	39.5	5.2	110.0	670.0	8.0	.0	.0	
57.2	44.6	7.5	189.2	471.4	97.0	.0	.0	
   6    30    1982
55.9	43.1	5.0	201.7	353.5	93.0	.0	.0	
55.9	42.2	6.4	170.0	512.0	83.0	.0	.0	
55.4	43.4	7.3	184.6	419.2	96.0	6.0	.0	
55.7	46.2	6.5	209.2	342.5	98.0	3.0	.0	
56.1	46.3	6.8	203.8	361.3	98.0	9.0	.0	
56.2	44.9	4.8	189.2	536.9	68.0	1.0	.0	
59.1	45.0	5.2	95.8	610.5	25.0	.0	.0	
63.6	44.2	7.0	102.9	634.6	39.0	.0	.0	
69.2	45.9	4.2	114.6	675.2	14.0	.0	.0	
70.8	50.5	4.9	175.0	687.3	7.0	.0	.0	
58.4	51.3	6.4	203.3	325.2	97.0	.0	.0	
55.6	52.9	4.0	149.2	252.6	98.0	46.0	.0	
60.7	54.0	3.2	154.6	373.9	95.0	.0	.0	
62.7	52.8	6.6	220.0	477.4	68.0	.0	.0	
68.1	56.2	5.4	146.7	623.8	38.0	.0	.0	
71.1	55.1	4.9	126.7	720.0	2.0	.0	.0	
73.9	57.4	5.5	129.6	724.6	2.0	.0	.0	
80.9	58.5	4.8	154.2	716.1	5.0	.0	.0	
77.4	59.5	3.2	126.7	671.8	7.0	.0	.0	
72.2	60.4	3.8	152.5	524.0	65.0	.0	.0	
68.5	57.3	4.7	104.2	432.9	65.0	.0	.0	
69.8	52.3	5.4	80.4	707.1	33.0	.0	.0	
72.6	52.3	4.6	108.8	719.7	2.0	.0	.0	
70.7	55.6	4.5	167.1	489.4	68.0	.0	.0	
68.5	56.8	5.0	182.9	448.6	90.0	.0	.0	
65.4	61.0	6.0	158.8	303.0	98.0	60.0	.0	
63.4	55.9	7.1	179.6	330.2	91.0	2.0	.0	
60.9	55.2	4.2	154.6	327.1	98.0	9.0	.0	
64.0	54.6	5.4	199.6	448.1	90.0	.0	.0	
63.4	54.1	5.6	176.7	424.9	95.0	.0	.0	
   7    31    1982
62.9	50.3	7.2	234.2	380.4	95.0	.0	.0	
59.3	51.9	8.0	186.7	283.1	93.0	3.0	.0	
59.6	49.1	8.4	216.7	411.4	74.0	8.0	.0	
57.4	49.7	7.9	185.8	320.6	88.0	4.0	.0	
61.3	48.7	5.4	215.0	417.4	83.0	.0	.0	
63.1	46.2	6.1	185.0	610.4	78.0	.0	.0	
61.2	48.8	6.2	230.8	400.4	94.0	.0	.0	
63.8	46.5	4.8	146.7	653.2	29.0	.0	.0	
67.1	48.4	5.8	208.3	612.8	33.0	.0	.0	
69.7	53.3	5.8	210.0	678.6	29.0	.0	.0	
69.0	54.1	4.5	202.1	637.5	31.0	.0	.0	
72.2	52.0	5.7	183.3	715.9	10.0	.0	.0	
63.3	55.0	6.6	205.0	252.4	80.0	18.0	.0	
61.7	47.5	9.2	253.3	481.2	53.0	.0	.0	
57.2	45.4	6.8	227.1	360.9	69.0	.0	.0	
67.5	50.4	8.5	196.3	633.4	45.0	.0	.0	
70.9	51.4	5.7	220.4	671.2	43.0	.0	.0	
69.2	53.5	5.8	192.1	679.0	10.0	.0	.0	
70.9	53.5	7.7	221.7	675.9	3.0	.0	.0	
68.9	53.6	6.9	282.9	637.0	24.0	.0	.0	
64.1	44.1	9.7	208.3	575.7	46.0	.0	.0	
65.7	44.8	11.1	173.3	700.9	2.0	.0	.0	
68.2	47.4	8.7	213.3	686.5	2.0	.0	.0	
69.1	50.9	6.0	231.3	687.2	2.0	.0	.0	
68.0	52.9	5.7	225.4	653.6	2.0	.0	.0	
67.7	54.5	5.2	195.4	601.8	28.0	.0	.0	
67.3	55.2	5.6	195.0	553.9	35.0	.0	.0	
66.0	55.2	5.2	226.3	358.4	93.0	.0	.0	
65.7	55.4	7.5	234.6	297.1	98.0	.0	.0	
61.5	52.7	7.1	295.8	317.3	98.0	.0	.0	
63.3	51.3	7.9	239.2	389.0	93.0	.0	.0	
   8    31    1982
63.1	48.7	6.8	250.4	306.1	98.0	.0	.0	
63.8	51.1	6.0	206.7	291.6	92.0	.0	.0	
63.2	48.7	6.7	191.7	380.2	90.0	.0	.0	
63.3	45.5	4.4	169.2	572.4	35.0	.0	.0	
66.1	47.6	6.3	193.8	526.2	22.0	.0	.0	
69.6	52.2	5.1	176.3	619.6	2.0	.0	.0	
74.2	57.4	5.1	181.7	513.9	75.0	.0	.0	
72.3	59.9	5.3	192.5	401.0	64.0	.0	.0	
61.4	55.8	5.6	180.0	222.6	97.0	4.0	.0	
63.4	57.0	4.8	169.6	234.4	98.0	9.0	.0	
65.4	53.5	7.7	220.8	432.3	65.0	.0	.0	
65.7	50.5	5.1	181.7	558.0	33.0	.0	.0	
61.9	51.7	7.7	216.7	317.9	82.0	.0	.0	
62.9	45.8	7.3	197.9	483.8	69.0	.0	.0	
63.0	47.2	5.2	189.2	544.4	45.0	.0	.0	
64.8	46.4	5.1	209.2	541.7	13.0	.0	.0	
66.8	49.5	4.0	137.5	602.5	2.0	.0	.0	
70.1	49.2	7.4	232.5	604.9	2.0	.0	.0	
69.6	51.5	4.3	180.8	472.0	55.0	.0	.0	
71.8	54.5	5.4	205.8	592.2	9.0	.0	.0	
69.7	53.5	6.4	220.4	564.6	7.0	.0	.0	
71.8	50.3	6.2	124.6	594.1	2.0	.0	.0	
72.5	50.1	6.1	150.8	584.9	2.0	.0	.0	
74.5	50.7	4.6	155.4	503.1	26.0	.0	.0	
67.7	52.5	5.4	192.1	571.5	5.0	.0	.0	
62.4	49.5	5.9	192.9	449.0	27.0	.0	.0	
61.2	50.0	5.6	157.5	300.3	62.0	.0	.0	
65.0	49.0	5.1	145.4	548.6	39.0	.0	.0	
63.3	56.6	5.7	155.0	228.8	98.0	28.0	.0	
63.3	52.1	4.7	198.3	293.6	55.0	.0	.0	
64.0	50.6	7.3	152.5	437.8	47.0	.0	.0	
   9    30    1982
68.6	53.1	5.5	161.3	534.2	26.0	.0	.0	
73.1	54.7	4.2	168.8	477.4	55.0	.0	.0	
62.8	53.1	6.3	182.9	224.5	98.0	1.0	.0	
66.8	54.5	6.8	198.3	386.5	55.0	.0	.0	
66.7	51.4	7.8	239.2	472.1	34.0	.0	.0	
67.2	50.0	5.2	170.8	498.9	47.0	.0	.0	
65.3	53.6	5.1	154.2	412.4	35.0	.0	.0	
65.5	50.9	5.1	213.3	483.4	3.0	.0	.0	
59.1	52.9	7.8	208.8	218.6	83.0	68.0	.0	
58.7	47.2	5.9	207.1	324.8	56.0	.0	.0	
56.9	51.1	9.7	175.8	169.9	95.0	3.0	.0	
63.2	51.7	7.2	205.8	396.2	69.0	.0	.0	
59.0	45.5	6.7	154.2	463.9	2.0	.0	.0	
59.4	38.2	9.3	80.4	466.2	2.0	.0	.0	
60.1	36.7	8.6	205.4	429.7	26.0	.0	.0	
60.1	40.6	5.2	89.2	467.3	2.0	.0	.0	
62.9	45.8	5.3	241.3	410.8	47.0	.0	.0	
64.2	50.7	5.5	174.6	369.5	85.0	8.0	.0	
61.4	52.4	6.9	184.6	213.6	98.0	13.0	.0	
57.2	53.2	6.5	140.0	131.0	98.0	53.0	.0	
61.4	54.2	6.6	235.4	332.4	67.0	.0	.0	
61.6	52.5	3.2	147.9	421.3	2.0	.0	.0	
64.3	53.7	3.5	162.1	427.3	19.0	.0	.0	
63.2	54.5	6.9	168.3	248.2	88.0	11.0	.0	
59.2	48.7	10.6	173.3	202.0	80.0	4.0	.0	
56.9	49.0	9.2	165.0	217.7	81.0	15.0	.0	
54.8	47.6	5.7	221.3	192.4	72.0	.0	.0	
54.5	46.2	9.5	215.0	230.9	81.0	7.0	.0	
48.3	41.7	4.1	97.1	349.7	16.0	.0	.0	
52.4	43.3	5.5	223.3	355.4	31.0	.0	.0	
  10    31    1982
55.9	45.0	5.1	160.8	401.3	28.0	.0	.0	
55.3	49.7	5.9	173.8	172.7	94.0	2.0	.0	
51.1	42.5	3.2	122.5	316.8	74.0	5.0	.0	
53.4	45.9	6.8	140.4	194.1	84.0	.0	.0	
54.1	43.7	5.6	152.5	303.9	72.0	.0	.0	
53.9	46.2	11.1	186.3	158.5	82.0	42.0	.0	
51.7	46.6	10.6	184.2	178.8	95.0	17.0	.0	
57.4	50.1	9.9	153.3	163.3	98.0	.0	.0	
59.8	50.4	8.5	236.3	319.2	39.0	.0	.0	
58.2	43.1	7.4	273.8	351.1	2.0	.0	.0	
55.1	44.2	4.4	113.3	355.4	2.0	.0	.0	
57.6	46.5	4.5	194.6	336.4	7.0	.0	.0	
56.5	45.9	3.5	178.3	315.3	20.0	.0	.0	
56.0	46.8	2.1	92.5	335.4	28.0	.0	.0	
54.6	49.1	3.7	199.2	203.3	77.0	.0	.0	
54.5	48.7	9.7	197.1	129.5	95.0	13.0	.0	
48.6	42.1	7.6	190.0	233.3	63.0	4.0	.0	
46.0	37.8	7.3	94.6	259.2	40.0	.0	.0	
44.6	32.8	2.8	150.8	287.5	45.0	.0	.0	
47.2	39.3	3.4	115.4	150.4	88.0	.0	.0	
52.3	49.1	3.4	147.5	96.5	98.0	43.0	.0	
59.2	52.0	13.0	179.2	151.2	94.0	16.0	.0	
57.2	50.9	7.5	157.9	254.2	40.0	5.0	.0	
55.6	48.7	6.3	157.9	235.9	76.0	8.0	.0	
56.6	49.1	10.6	170.0	159.0	94.0	26.0	.0	
50.6	43.8	12.5	185.8	143.8	88.0	26.0	.0	
50.4	44.7	9.1	168.8	144.5	91.0	3.0	.0	
48.2	44.0	13.1	160.0	74.2	89.0	50.0	.0	
50.6	46.0	9.0	278.3	119.3	84.0	44.0	.0	
46.8	41.0	2.4	71.3	143.3	80.0	.0	.0	
48.7	42.5	8.3	145.0	121.2	98.0	.0	.0	
  11    30    1982
48.7	41.9	6.1	153.8	178.8	53.0	4.0	.0	
41.8	36.1	3.2	127.5	249.9	32.0	.0	.0	
49.0	43.5	3.0	95.4	106.9	97.0	3.0	.0	
51.7	46.1	8.3	188.3	108.1	76.0	19.0	.0	
48.7	44.0	11.9	166.3	69.6	92.0	16.0	.0	
43.8	38.7	7.6	173.8	153.4	48.0	4.0	.0	
39.1	33.0	5.0	133.3	225.3	25.0	.0	.0	
38.7	33.7	2.2	81.3	164.6	87.0	.0	.0	
38.3	30.4	3.7	41.7	169.6	38.0	.0	.0	
37.0	28.8	3.7	153.3	232.9	2.0	.0	.0	
33.4	29.8	2.0	115.8	123.4	66.0	.0	.0	
38.7	34.5	2.7	92.1	142.3	84.0	.0	.0	
39.3	34.8	6.5	281.7	96.6	61.0	.0	.0	
37.2	26.4	3.6	171.7	186.7	19.0	.0	.0	
44.2	35.0	8.2	166.3	95.4	98.0	.0	.0	
49.4	42.6	15.8	164.2	80.5	98.0	32.0	.0	
53.3	48.1	12.0	175.8	93.5	97.0	34.0	.0	
47.2	42.7	10.0	137.5	74.1	95.0	120.0	.0	
46.0	40.0	11.7	186.7	117.4	87.0	35.0	.0	
42.5	37.8	9.4	175.0	116.4	87.0	26.0	.0	
38.6	33.7	4.5	173.3	98.4	68.0	1.0	.0	
36.1	25.8	6.6	240.4	172.0	2.0	.0	.0	
36.7	21.8	7.7	326.7	186.4	2.0	.0	.0	
32.7	23.2	3.0	132.9	172.8	11.0	.0	.0	
33.6	25.8	2.6	85.0	113.2	72.0	.0	.0	
36.2	28.6	3.9	159.2	77.0	98.0	.0	.0	
45.2	40.1	9.0	168.8	76.7	98.0	52.0	.0	
50.5	45.4	10.9	183.3	61.7	85.0	30.0	.0	
47.4	42.7	14.7	171.7	57.3	98.0	90.0	.0	
45.5	40.9	12.4	180.0	81.3	98.0	26.0	.0	
  12    31    1982
43.3	38.6	9.0	169.2	85.8	94.0	1.0	.0	
47.7	43.4	14.3	172.1	47.1	98.0	72.0	.0	
54.7	49.2	19.9	193.8	64.1	98.0	135.0	.0	
45.7	39.8	6.1	242.1	119.3	96.0	9.0	.0	
44.4	41.2	3.9	191.3	38.6	98.0	52.0	.0	
43.5	38.5	5.3	177.9	73.7	77.0	4.0	.0	
38.0	29.9	8.3	207.5	104.6	75.0	.0	.0	
35.6	23.5	7.6	341.7	72.7	77.0	.0	.0	
34.6	23.3	8.1	305.8	147.5	31.0	.0	.0	
37.4	24.5	6.6	255.0	153.5	2.0	.0	.0	
32.8	26.8	3.7	146.3	140.8	44.0	.0	.0	
39.3	36.6	3.7	150.0	42.3	98.0	55.0	.0	
45.4	41.1	11.1	172.9	68.2	92.0	14.0	.0	
47.7	41.3	15.5	170.8	44.6	98.0	39.0	.0	
50.5	45.4	17.6	173.8	47.4	95.0	159.0	.0	
51.0	44.2	14.7	174.6	86.3	96.0	43.0	.0	
43.9	38.6	16.0	177.9	62.6	93.0	56.0	.0	
45.3	38.2	12.9	170.0	56.5	97.0	15.0	.0	
43.3	39.0	6.6	196.7	60.4	96.0	35.0	.0	
45.9	42.0	8.5	174.6	65.9	98.0	63.0	.0	
44.8	39.5	13.5	177.9	55.5	96.0	49.0	.0	
42.3	37.2	8.9	191.3	65.8	98.0	97.0	.0	
39.0	34.5	5.1	180.4	83.6	64.0	20.0	.0	
35.1	32.3	4.4	113.3	56.1	74.0	.0	.0	
40.4	33.6	7.0	129.6	63.3	98.0	.0	.0	
41.1	36.6	7.4	125.8	75.9	92.0	8.0	.0	
37.0	24.6	7.8	262.9	148.4	20.0	.0	.0	
32.9	20.8	7.5	290.0	140.2	2.0	.0	.0	
30.7	22.0	2.9	172.9	130.2	2.0	.0	.0	
29.9	22.2	3.3	137.5	140.7	2.0	.0	.0	
28.3	21.5	2.6	92.9	142.2	28.0	.0	.0	
