01	31	2009
24.1	3.6	10.2	241.2	173.3	100.0	0	0.0
32.2	20.8	9.0	206.7	174.0	100.0	0	0.0
32.7	14.8	10.1	302.9	174.9	100.0	0	0.0
34.8	15.7	4.7	225.0	175.8	100.0	0	0.0
41.1	26.4	7.8	274.8	176.7	100.0	0	0.0
35.2	19.1	8.9	110.6	177.8	100.0	17	41.9
37.2	35.5	8.1	156.7	178.9	100.0	135	95.2
35.4	21.0	16.6	265.8	180.1	100.0	0	0.0
29.6	16.3	11.1	276.2	181.4	100.0	0	0.0
32.1	22.1	8.3	80.7	182.8	100.0	4	10.2
31.6	24.5	10.5	285.0	184.2	100.0	7	18.2
29.2	17.7	6.6	242.5	185.8	100.0	0	0.0
32.2	25.1	4.5	135.0	187.4	100.0	0	0.0
24.7	5.3	11.2	239.2	189.0	100.0	0	0.0
21.5	6.1	12.5	244.8	190.8	100.0	0	0.0
13.1	0.9	11.7	297.1	192.6	100.0	0	0.0
14.5	2.4	7.9	199.2	194.5	100.0	0	0.0
30.7	20.1	8.6	139.0	196.5	100.0	1	2.5
26.7	25.0	4.6	187.1	198.5	100.0	1	1.5
22.1	11.4	10.4	325.4	200.7	100.0	0	0.0
22.2	6.8	9.8	288.8	202.9	100.0	0	0.0
30.5	9.6	7.2	190.0	205.1	100.0	0	0.0
34.6	22.0	4.2	102.9	207.5	100.0	0	0.0
34.1	16.5	13.8	305.4	209.9	100.0	0	0.0
23.8	3.9	4.8	246.2	212.5	100.0	0	0.0
25.5	11.0	5.8	222.1	215.2	100.0	0	0.0
27.6	21.0	3.4	133.5	217.9	100.0	12	52.7
32.1	28.9	10.2	147.5	220.7	100.0	49	135.3
28.2	16.5	8.9	269.1	223.6	100.0	0	0.0
27.1	18.8	5.2	152.1	226.5	100.0	0	0.0
24.4	9.6	10.2	271.7	229.5	100.0	0	0.0
02	28	2009
37.1	21.1	7.3	193.3	231.6	100.0	0	0.0
43.7	30.5	8.7	264.6	181.8	100.0	0	0.0
33.3	29.6	8.6	300.8	238.9	100.0	3	7.4
26.8	16.2	9.8	275.1	242.2	100.0	1	1.9
17.2	3.8	12.5	268.3	245.6	100.0	0	0.0
25.3	12.0	5.5	172.9	248.9	100.0	0	0.0
36.9	27.4	4.7	118.8	252.4	100.0	0	0.0
51.2	33.8	12.2	278.8	255.9	100.0	0	0.0
38.5	23.1	4.8	170.4	259.4	100.0	0	0.0
44.5	34.2	2.9	89.6	263.1	100.0	0	0.0
53.8	44.2	7.4	130.8	266.7	100.0	0	0.0
52.0	31.2	24.2	272.5	270.4	100.0	0	0.0
41.7	25.7	14.6	294.6	274.3	100.0	0	0.0
36.4	24.7	4.7	194.5	278.2	100.0	0	0.0
33.5	19.6	10.3	298.9	282.2	100.0	0	0.0
32.1	15.6	9.5	324.6	286.2	100.0	0	0.0
32.2	12.2	5.0	190.4	290.3	100.0	0	0.0
35.9	30.6	10.1	151.9	294.4	100.0	13	0.0
38.5	25.4	14.0	258.4	298.6	100.0	0	0.0
28.4	7.6	18.2	282.1	302.8	100.0	0	0.0
32.2	15.6	9.7	225.4	307.1	100.0	0	0.0
35.2	24.5	13.1	227.4	311.3	100.0	3	0.0
30.1	9.4	18.4	297.9	315.7	100.0	0	0.0
27.3	7.3	12.0	308.3	320.0	100.0	0	0.0
32.0	16.8	4.8	131.3	324.4	100.0	0	0.0
37.8	27.0	1.1	47.5	328.8	100.0	0	0.0
52.5	41.8	12.1	176.2	333.3	100.0	2	0.0
39.4	23.7	12.4	152.5	337.8	100.0	0	0.0
03	28	2009
32.8	27.2	11.1	70.4	293.1	100.0	13	34.2
21.9	13.2	19.0	291.5	151.1	100.0	6	26.8
17.5	2.0	11.9	307.9	351.3	100.0	0	0.0
23.2	5.6	6.0	261.2	355.9	100.0	0	0.0
32.4	22.3	5.0	95.5	360.5	100.0	0	0.0
46.6	33.1	6.5	171.7	365.1	100.0	0	0.0
57.0	46.2	6.7	140.0	220.9	100.0	0	0.0
61.6	48.0	8.1	165.4	374.3	100.0	0	0.0
52.3	37.8	12.5	218.8	378.9	100.0	0	0.0
42.5	33.8	10.2	128.8	383.5	100.0	0	0.0
50.7	39.9	8.8	198.5	388.1	100.0	0	0.0
39.5	15.9	10.0	282.1	392.7	100.0	0	0.0
36.4	20.4	7.7	101.2	397.4	100.0	0	0.0
39.2	30.6	3.0	86.5	402.0	100.0	1	0.0
41.1	38.2	1.2	60.9	406.6	100.0	2	0.0
44.6	37.3	5.5	76.0	411.2	100.0	1	0.0
45.0	35.5	6.4	85.4	415.8	100.0	5	0.0
49.1	38.2	7.8	160.0	420.5	100.0	0	0.0
46.7	40.3	6.0	171.8	425.2	100.0	12	0.0
39.9	32.2	8.5	171.9	178.3	100.0	6	0.0
40.8	8.0	5.4	172.5	438.6	100.0	0	0.0
41.1	22.8	7.8	160.4	453.0	100.0	0	0.0
44.2	40.8	7.3	197.0	457.7	100.0	28	0.0
50.5	43.0	6.4	181.1	462.4	100.0	4	0.0
49.7	46.9	10.6	61.4	467.1	100.0	31	0.0
53.9	47.7	10.1	144.5	471.8	100.0	17	0.0
45.7	29.1	18.3	292.9	476.4	100.0	0	0.0
44.3	32.2	7.3	193.3	481.1	100.0	0	0.0
04	30	2009
48.0	44.4	7.1	97.4	485.7	100.0	20	0.0
55.0	52.0	6.7	91.8	490.3	100.0	0	0.0
57.4	50.7	14.7	171.3	361.8	100.0	63	0.0
53.8	30.7	20.8	286.2	499.3	100.0	0	0.0
54.4	29.8	9.6	237.9	503.8	100.0	0	0.0
52.5	44.5	8.5	161.2	508.2	100.0	23	0.0
41.8	23.5	16.8	283.3	512.7	100.0	0	0.0
45.5	24.4	11.2	247.0	514.1	100.0	0	0.0
50.2	28.1	6.1	198.8	521.4	100.0	0	0.0
55.4	44.1	5.4	86.7	525.7	100.0	0	0.0
48.0	40.1	13.5	206.6	529.9	100.0	38	0.0
43.4	17.2	13.3	300.4	534.1	100.0	0	0.0
45.1	21.6	6.7	280.9	489.1	100.0	15	0.0
45.4	44.2	12.5	76.5	542.4	100.0	40	0.0
43.2	40.1	14.8	103.5	546.5	100.0	46	0.0
49.2	31.1	8.8	177.5	550.5	100.0	0	0.0
54.8	28.8	5.8	232.5	554.5	100.0	0	0.0
63.1	32.8	8.0	267.5	558.5	100.0	0	0.0
56.9	37.7	9.5	123.8	562.4	100.0	0	0.0
49.5	45.2	12.9	78.1	566.2	100.0	62	0.0
55.2	48.2	6.5	207.1	570.0	100.0	14	0.0
48.8	40.8	5.8	206.4	573.7	100.0	1	0.0
50.9	33.3	12.3	263.6	577.4	100.0	0	0.0
56.4	40.7	7.0	154.8	581.0	100.0	0	0.0
69.2	54.9	5.3	138.5	584.6	100.0	0	0.0
78.0	52.7	7.0	225.8	588.1	100.0	0	0.0
75.9	54.3	6.3	149.6	591.5	100.0	0	0.0
74.8	51.0	10.7	230.2	595.0	100.0	0	0.0
55.5	45.2	9.2	124.1	457.2	100.0	7	0.0
55.9	44.9	8.4	138.6	601.6	100.0	0	0.0
05	31	2009
64.8	60.6	9.4	206.6	604.8	100.0	12	0.0
61.2	56.3	6.4	191.2	608.0	100.0	6	0.0
56.0	54.4	3.8	70.3	611.1	100.0	47	0.0
53.9	51.9	9.7	67.1	614.2	100.0	38	0.0
54.5	51.7	6.0	145.3	542.6	100.0	37	0.0
57.1	53.5	6.2	139.7	620.2	100.0	62	0.0
65.1	61.9	7.1	218.1	623.2	100.0	22	0.0
66.3	57.7	6.2	126.1	626.1	100.0	0	0.0
73.2	60.5	10.0	217.3	629.0	100.0	3	0.0
62.4	41.2	16.1	304.6	631.8	100.0	0	0.0
56.6	44.0	4.6	227.1	634.5	100.0	0	0.0
57.8	39.5	5.5	243.3	637.2	100.0	0	0.0
58.5	42.3	9.1	166.2	639.9	100.0	0	0.0
65.8	56.9	12.5	170.6	642.4	100.0	7	0.0
69.4	63.6	4.1	82.6	644.9	100.0	1	0.0
69.6	65.2	8.5	159.6	647.4	100.0	1	0.0
61.0	55.9	11.8	290.0	293.5	100.0	9	0.0
54.4	32.1	8.1	208.1	650.7	100.0	0	0.0
55.0	38.5	5.2	175.8	654.5	100.0	0	0.0
62.7	47.3	5.7	140.8	656.7	100.0	0	0.0
65.7	50.2	6.0	132.5	658.9	100.0	0	0.0
69.5	57.9	6.2	191.8	661.1	100.0	0	0.0
73.7	62.4	7.4	177.9	663.2	100.0	0	0.0
74.3	65.1	7.9	198.9	665.2	100.0	0	0.0
74.1	61.2	5.4	95.9	667.1	100.0	0	0.0
57.4	47.8	12.9	73.8	669.0	100.0	9	0.0
63.3	58.1	6.6	112.3	670.9	100.0	0	0.0
68.3	63.0	6.7	101.6	672.6	100.0	0	0.0
65.2	60.7	5.1	142.0	674.3	100.0	25	0.0
67.5	52.2	6.8	272.5	675.9	100.0	0	0.0
67.1	50.1	7.9	253.6	677.5	100.0	6	0.0
06	30	2009
61.5	45.6	8.8	117.5	679.0	100.0	0	0.0
71.0	61.8	4.5	144.2	680.4	100.0	11	0.0
68.4	62.3	6.8	129.6	681.8	100.0	54	0.0
59.5	55.5	6.7	82.8	683.1	100.0	36	0.0
59.0	56.1	10.1	59.6	684.3	100.0	62	0.0
66.3	58.5	5.0	264.1	685.5	100.0	0	0.0
69.7	61.0	5.8	158.1	686.6	100.0	0	0.0
72.5	65.5	4.1	98.1	687.6	100.0	0	0.0
69.9	65.0	7.1	136.5	688.6	100.0	2	0.0
71.6	64.2	4.9	105.9	689.5	100.0	0	0.0
68.1	65.0	6.7	86.8	690.3	100.0	23	0.0
76.2	66.2	5.8	218.3	691.1	100.0	2	0.0
72.1	64.6	5.5	137.8	691.8	100.0	78	0.0
69.8	60.1	6.6	132.3	692.4	100.0	0	0.0
67.5	60.5	7.2	107.0	693.0	100.0	0	0.0
64.5	56.2	9.1	90.3	693.5	100.0	0	0.0
61.7	55.5	8.8	109.2	693.9	100.0	10	0.0
67.0	64.6	10.0	164.4	694.3	100.0	140	0.0
69.8	61.6	6.1	264.6	694.6	100.0	0	0.0
70.3	66.2	5.8	139.1	694.8	100.0	47	0.0
72.2	61.6	10.5	317.1	695.0	100.0	0	0.0
74.6	62.2	8.3	163.3	695.1	100.0	2	0.0
73.6	62.0	6.7	295.8	695.1	100.0	0	0.0
76.0	62.8	6.0	262.1	695.1	100.0	0	0.0
74.8	67.8	6.1	116.1	678.2	100.0	0	0.0
78.2	68.2	5.0	186.7	694.8	100.0	0	0.0
73.4	61.2	6.8	188.3	381.0	100.0	0	0.0
72.6	60.5	7.7	291.2	694.3	100.0	0	0.0
74.6	58.4	8.5	243.8	693.9	100.0	0	0.0
74.2	64.2	6.4	121.9	693.5	100.0	8	0.0
07	31	2009
74.8	63.1	4.8	174.4	693.0	100.0	65	0.0
66.1	66.0	8.2	81.4	16.2	100.0	18	0.0
69.4	61.5	8.6	223.0	227.2	100.0	0	0.0
71.9	55.6	10.5	287.1	691.1	100.0	0	0.0
69.8	55.7	4.5	188.3	690.3	100.0	0	0.0
74.1	56.2	4.7	200.8	689.5	100.0	0	0.0
75.4	57.5	6.0	147.9	688.6	100.0	0	0.0
70.6	53.3	7.0	279.0	687.6	100.0	0	0.0
67.5	57.7	7.5	162.4	453.3	100.0	0	0.0
68.8	58.1	5.5	125.4	685.5	100.0	0	0.0
72.4	62.0	9.5	170.8	684.3	100.0	0	0.0
75.4	60.8	7.5	272.1	683.1	100.0	0	0.0
71.4	55.9	5.5	142.9	681.8	100.0	0	0.0
71.8	48.6	6.5	262.9	680.5	100.0	0	0.0
73.2	54.8	7.0	212.1	679.0	100.0	0	0.0
78.3	66.4	5.9	184.3	677.6	100.0	9	0.0
76.0	67.0	3.8	104.1	676.0	100.0	40	0.0
72.8	57.8	8.9	290.6	674.4	100.0	0	0.0
72.5	55.4	4.6	235.0	672.7	100.0	0	0.0
73.6	60.3	5.5	87.9	671.0	100.0	0	0.0
71.2	63.8	6.7	80.8	669.1	100.0	0	0.0
73.1	66.4	6.0	121.5	667.3	100.0	0	0.0
72.0	68.2	8.5	87.6	665.3	100.0	64	0.0
70.3	63.1	4.3	137.5	663.3	100.0	1	0.0
75.0	66.0	6.7	125.4	661.3	100.0	3	0.0
77.0	67.5	6.3	176.0	659.1	100.0	8	0.0
77.4	69.4	7.0	197.3	656.9	100.0	13	0.0
78.7	71.3	6.4	145.4	654.7	100.0	0	0.0
78.4	72.5	8.2	174.3	652.4	100.0	7	0.0
79.0	67.1	7.4	250.8	650.0	100.0	0	0.0
77.0	70.7	8.9	241.8	647.5	100.0	34	0.0
08	31	2009
75.4	67.3	7.2	150.0	645.0	100.0	0	0.0
75.0	71.2	6.1	148.8	642.5	100.0	62	0.0
77.2	63.7	4.8	212.5	640.0	100.0	0	0.0
77.7	68.4	5.8	143.3	637.4	100.0	0	0.0
77.9	68.6	5.4	213.3	634.8	100.0	0	0.0
70.0	60.1	5.3	154.3	632.0	100.0	17	0.0
72.3	55.9	6.5	252.5	629.3	100.0	0	0.0
74.2	59.2	4.6	112.1	626.4	100.0	0	0.0
75.1	70.2	4.2	96.9	623.6	100.0	51	0.0
82.0	70.5	7.1	256.7	620.7	100.0	0	0.0
80.3	68.9	7.2	282.9	617.8	100.0	0	0.0
76.1	70.1	5.8	158.9	614.9	100.0	8	0.0
72.7	68.7	6.1	129.2	611.9	100.0	35	0.0
74.6	65.9	3.0	136.2	608.8	100.0	0	0.0
76.7	66.8	4.0	96.7	605.7	100.0	0	0.0
79.1	66.4	3.4	135.8	602.5	100.0	0	0.0
79.5	67.2	4.3	167.9	599.2	100.0	0	0.0
78.4	70.1	5.2	153.0	595.9	100.0	9	0.0
80.0	71.2	4.0	187.1	592.6	100.0	0	0.0
81.2	73.0	6.6	167.9	589.2	100.0	0	0.0
79.8	72.8	7.7	169.3	585.7	100.0	36	0.0
75.8	71.9	4.8	135.2	582.2	100.0	158	0.0
77.6	70.6	5.3	269.7	578.6	100.0	26	0.0
74.7	63.6	6.1	292.9	575.0	100.0	0	0.0
75.3	62.8	4.8	239.2	571.3	100.0	0	0.0
78.4	66.2	6.5	206.2	567.6	100.0	0	0.0
76.0	64.3	5.6	98.3	563.8	100.0	0	0.0
72.3	69.3	7.1	84.7	560.0	100.0	43	0.0
75.7	70.7	4.6	122.7	556.1	100.0	2	0.0
74.2	61.2	5.7	241.7	552.2	100.0	0	0.0
65.6	53.0	7.3	296.7	548.2	100.0	0	0.0
09	30	2009
64.8	48.8	7.4	135.4	544.2	100.0	0	0.0
66.2	53.8	4.4	185.0	540.2	100.0	0	0.0
66.6	52.0	6.2	131.9	335.2	100.0	0	0.0
72.1	58.2	6.8	318.8	532.0	100.0	0	0.0
73.0	55.0	5.4	291.2	527.8	100.0	0	0.0
69.5	60.4	9.9	110.4	523.5	100.0	0	0.0
68.7	61.6	9.6	60.2	519.3	100.0	2	0.0
68.4	60.0	6.6	101.2	515.0	100.0	0	0.0
68.5	61.5	7.1	168.8	510.6	100.0	9	0.0
63.6	54.1	14.5	58.7	506.3	100.0	41	0.0
61.0	58.9	15.8	85.6	501.9	100.0	187	0.0
63.9	62.0	4.5	229.6	497.4	100.0	3	0.0
69.6	60.3	7.8	319.3	493.0	100.0	0	0.0
69.7	59.8	6.0	271.2	488.5	100.0	0	0.0
71.1	60.8	6.2	219.6	484.0	100.0	0	0.0
65.2	58.8	9.8	81.0	479.4	100.0	36	0.0
62.2	54.9	8.8	40.0	474.8	100.0	0	0.0
66.0	59.7	6.1	212.1	470.2	100.0	0	0.0
61.7	46.2	5.6	162.1	465.7	100.0	0	0.0
59.8	48.0	3.8	147.1	461.2	100.0	0	0.0
64.2	58.2	5.1	127.5	456.8	100.0	0	0.0
69.6	64.0	5.2	97.8	452.2	100.0	0	0.0
73.4	68.7	4.2	134.1	447.7	100.0	1	0.0
75.0	66.4	6.0	256.7	443.1	100.0	7	0.0
66.6	49.2	9.1	104.6	438.6	100.0	0	0.0
59.9	50.0	8.3	101.5	433.9	100.0	36	0.0
65.7	60.3	8.7	185.3	429.3	100.0	56	0.0
64.5	55.7	9.8	231.5	424.7	100.0	20	0.0
59.7	45.8	11.2	257.9	420.1	100.0	0	0.0
57.1	47.3	7.5	272.5	415.4	100.0	0	0.0
10	31	2009
52.0	40.7	6.3	204.2	410.8	100.0	0	0.0
60.5	52.8	10.5	116.8	406.1	100.0	3	0.0
66.1	61.8	2.5	83.3	401.4	100.0	0	0.0
60.8	48.3	7.3	281.7	396.8	100.0	0	0.0
57.0	44.7	7.6	259.6	392.1	100.0	0	0.0
57.5	47.6	6.3	112.1	387.5	100.0	0	0.0
63.4	47.9	17.9	258.1	382.9	100.0	4	0.0
57.9	44.8	6.4	242.9	378.4	100.0	0	0.0
70.1	57.9	11.1	199.2	373.8	100.0	7	0.0
62.0	52.6	8.1	280.8	369.3	100.0	0	0.0
53.4	42.7	4.8	246.2	364.7	100.0	0	0.0
49.5	37.4	7.2	75.0	360.2	100.0	0	0.0
55.7	43.4	8.8	238.3	355.7	100.0	0	0.0
47.1	35.5	3.6	190.8	351.2	100.0	0	0.0
44.9	40.4	12.9	61.2	346.7	100.0	36	0.0
41.8	38.6	13.5	28.5	342.3	100.0	2	0.0
44.5	40.2	14.6	27.9	337.8	100.0	105	0.0
44.7	38.0	11.4	191.7	333.4	100.0	22	0.0
45.0	33.1	6.3	261.2	329.0	100.0	0	0.0
51.8	40.3	3.2	136.7	324.6	100.0	0	0.0
58.0	45.4	2.5	137.1	320.3	100.0	0	0.0
58.7	49.5	4.2	172.9	316.0	100.0	0	0.0
57.8	52.9	8.7	75.2	311.7	100.0	12	0.0
65.8	61.8	12.8	200.0	307.5	100.0	84	0.0
53.2	40.0	7.5	267.9	303.3	100.0	0	0.0
52.2	41.9	5.8	145.8	299.1	100.0	0	0.0
55.7	53.4	8.1	58.5	295.0	100.0	60	0.0
59.3	55.0	8.1	135.9	291.0	100.0	112	0.0
54.0	47.2	6.0	70.5	287.1	100.0	0	0.0
54.4	48.7	5.8	126.6	283.3	100.0	0	0.0
62.7	59.0	10.9	215.4	279.4	100.0	14	0.0
11	30	2009
52.7	44.2	5.9	200.8	275.6	100.0	8	0.0
50.6	41.1	7.2	69.1	234.4	100.0	0	0.0
49.3	37.1	7.5	255.6	268.2	100.0	0	0.0
45.2	31.5	4.8	192.1	264.6	100.0	0	0.0
45.6	35.8	7.2	268.8	261.0	100.0	1	0.0
40.5	26.5	8.5	265.8	257.4	100.0	0	0.0
43.1	32.7	5.5	142.9	253.9	100.0	0	0.0
53.2	43.1	1.6	77.1	250.5	100.0	0	0.0
53.5	48.1	3.4	91.4	247.1	100.0	0	0.0
55.9	48.9	3.6	74.8	243.8	100.0	0	0.0
50.1	40.8	13.4	51.2	240.5	100.0	13	0.0
45.7	37.8	21.2	35.4	237.3	100.0	35	0.0
52.5	45.7	21.3	31.8	217.6	100.0	4	0.0
55.4	53.4	9.8	199.8	231.1	100.0	3	0.0
60.7	52.4	7.3	312.5	228.1	100.0	0	0.0
55.2	40.9	7.8	267.0	225.1	100.0	0	0.0
48.8	30.2	7.6	134.6	222.2	100.0	0	0.0
51.5	43.4	10.3	62.5	207.4	100.0	0	0.0
55.1	52.8	9.1	71.7	215.5	100.0	19	0.0
52.2	41.1	9.9	279.7	214.0	100.0	31	0.0
46.6	36.7	6.0	267.5	211.4	100.0	0	0.0
47.0	38.1	7.7	125.8	208.8	100.0	0	0.0
47.9	42.6	14.8	49.6	206.4	100.0	13	0.0
50.2	47.7	7.7	78.0	204.0	100.0	17	0.0
50.7	49.9	3.8	84.8	201.7	100.0	15	0.0
49.7	46.6	3.4	138.6	199.4	100.0	0	0.0
44.4	32.4	18.3	304.9	197.3	100.0	0	0.0
45.1	30.1	13.7	260.4	195.2	100.0	0	0.0
47.2	36.7	4.4	148.3	193.2	100.0	0	0.0
48.9	41.1	6.6	263.5	191.3	100.0	19	0.0
12	31	2009
42.8	28.1	7.8	217.5	189.6	100.0	0	0.0
46.2	42.1	7.6	95.7	187.9	100.0	52	0.0
56.4	45.1	14.4	246.5	186.3	100.0	22	0.0
43.9	33.4	4.5	219.6	184.7	100.0	0	0.0
37.9	32.2	10.7	212.8	183.3	100.0	36	49.0
32.3	24.0	8.2	280.4	181.9	100.0	0	0.0
34.8	26.8	3.9	160.4	180.6	100.0	0	0.0
39.2	27.2	4.9	183.8	179.3	100.0	1	0.0
48.2	43.6	12.3	174.2	178.2	100.0	184	0.0
37.5	16.5	18.5	279.6	177.1	100.0	0	0.0
27.4	4.4	13.5	261.7	176.1	100.0	0	0.0
32.8	10.9	7.8	244.2	175.2	100.0	0	0.0
38.7	32.9	6.0	152.4	174.3	100.0	95	17.8
42.9	36.8	5.5	162.2	173.6	100.0	0	0.0
46.6	40.1	8.7	252.2	172.9	100.0	0	0.0
33.2	16.8	13.8	308.8	172.2	100.0	0	0.0
28.9	13.2	10.5	276.2	171.7	100.0	0	0.0
27.3	10.6	4.8	88.3	171.3	100.0	0	0.0
25.4	19.6	16.9	152.2	170.9	100.0	34	137.8
27.3	16.0	13.2	302.7	170.6	100.0	0	0.0
30.0	18.5	10.7	274.2	170.4	100.0	0	0.0
33.1	21.3	9.7	270.0	170.3	100.0	0	0.0
25.0	12.0	8.0	276.7	170.2	100.0	0	0.0
27.2	17.6	3.5	147.5	170.2	100.0	0	0.0
35.5	32.8	9.6	81.3	170.3	100.0	30	0.0
48.5	47.2	13.0	96.9	170.5	100.0	102	0.0
42.7	29.4	7.2	207.2	170.8	100.0	0	0.0
33.8	19.9	13.1	245.8	171.2	100.0	0	0.0
26.8	5.8	19.7	311.2	171.6	100.0	0	0.0
24.8	12.2	6.0	231.2	172.1	100.0	0	0.0
32.2	28.2	1.9	50.6	172.7	100.0	22	54.8
