01	31	2003
44.7	41.8	13.1	69.2	173.3	100.0	69	0.0
39.4	33.8	11.0	141.5	174.0	100.0	5	0.0
38.3	35.4	15.6	101.6	174.9	100.0	30	0.0
38.9	27.8	14.8	291.0	175.8	100.0	0	0.0
35.1	26.2	4.1	159.3	176.7	100.0	31	64.8
35.2	28.3	6.2	230.6	177.8	100.0	0	0.0
30.6	16.8	15.1	263.8	178.9	100.0	0	0.0
40.2	28.0	9.2	210.7	180.1	100.0	0	0.0
45.1	31.4	8.0	187.1	181.4	100.0	0	0.0
41.8	23.8	13.2	271.5	182.8	100.0	0	0.0
32.3	13.3	14.6	273.8	184.2	100.0	0	0.0
27.5	11.0	12.4	270.8	185.8	100.0	0	0.0
31.0	14.3	9.8	236.2	187.4	100.0	0	0.0
25.3	7.5	9.3	294.2	189.0	100.0	0	0.0
24.9	10.1	12.2	269.2	190.8	100.0	0	0.0
22.4	7.8	8.2	226.2	192.6	100.0	2	8.7
22.9	14.4	11.2	277.5	194.5	100.0	0	0.0
14.3	1.7	6.8	240.0	196.5	100.0	0	0.0
21.4	8.5	9.5	211.2	198.5	100.0	0	0.0
28.7	10.4	15.3	263.7	200.7	100.0	0	0.0
22.0	3.7	9.6	296.7	202.9	100.0	0	0.0
18.0	0.6	13.2	280.0	205.1	100.0	0	0.0
15.2	0.7	17.7	302.5	207.5	100.0	0	0.0
19.8	1.8	15.5	298.3	209.9	100.0	0	0.0
23.9	7.2	7.3	235.0	212.5	100.0	0	0.0
28.9	18.9	5.2	159.2	215.2	100.0	0	0.0
17.0	5.7	14.9	294.3	187.9	100.0	0	0.0
20.5	4.8	4.6	167.4	220.7	100.0	0	0.0
28.2	24.2	4.0	163.5	223.6	100.0	17	51.3
28.3	22.2	7.9	86.7	226.5	100.0	0	0.0
33.8	30.2	10.8	32.5	229.5	100.0	0	0.0
02	28	2003
34.6	31.9	10.7	161.2	232.6	100.0	16	15.2
38.0	28.2	14.7	282.5	235.8	100.0	0	0.0
36.8	27.2	7.1	205.7	237.6	100.0	0	0.0
39.5	30.3	11.8	162.7	242.2	100.0	30	0.0
30.4	12.5	15.2	284.4	245.6	100.0	0	0.0
26.3	15.4	4.3	133.1	248.9	100.0	7	29.6
37.3	24.2	8.9	213.4	232.8	100.0	34	120.2
32.4	5.9	9.5	252.7	255.9	100.0	0	0.0
26.8	14.2	5.6	181.2	259.4	100.0	0	0.0
32.0	25.6	6.0	147.4	263.1	100.0	8	19.5
24.3	11.0	9.6	241.2	266.7	100.0	1	4.0
25.3	9.3	14.1	256.7	270.4	100.0	0	0.0
26.5	5.5	11.7	247.9	274.3	100.0	0	0.0
31.0	12.8	3.0	115.0	278.2	100.0	0	0.0
26.0	15.3	12.5	54.4	282.2	100.0	7	17.8
14.6	6.7	15.3	30.5	282.6	100.0	21	147.3
22.8	19.5	20.4	49.6	290.3	100.0	36	170.4
25.4	21.2	6.8	259.0	294.4	100.0	2	8.7
27.8	24.4	3.8	111.7	298.6	100.0	0	0.0
35.5	26.2	6.0	246.3	302.8	100.0	0	0.0
32.7	28.5	3.0	97.5	307.1	100.0	24	0.0
36.5	36.0	10.1	68.1	244.0	100.0	154	0.0
36.6	28.1	14.1	175.3	267.6	100.0	9	0.0
31.7	21.4	8.3	230.4	269.8	100.0	0	0.0
28.4	13.5	11.3	275.8	324.4	100.0	0	0.0
23.0	12.9	10.3	49.2	328.8	100.0	0	0.0
28.2	21.0	12.6	42.4	333.3	100.0	1	1.7
31.9	25.1	6.8	112.9	289.1	100.0	5	13.3
03	31	2003
33.9	29.8	4.9	98.3	335.9	100.0	0	0.0
38.7	33.8	10.8	197.3	346.8	100.0	60	0.0
22.5	5.4	14.1	255.4	351.3	100.0	0	0.0
28.1	17.8	5.6	114.3	355.9	100.0	0	0.0
42.1	39.3	3.7	127.9	360.5	100.0	12	0.0
34.4	29.8	11.8	171.0	365.1	100.0	41	16.9
27.8	18.3	6.2	136.2	369.6	100.0	0	0.0
35.4	28.4	6.6	129.6	318.0	100.0	0	0.0
42.4	26.3	17.0	272.5	378.9	100.0	0	0.0
26.3	6.8	10.8	286.2	383.5	100.0	0	0.0
28.8	21.1	6.0	129.4	388.1	100.0	0	0.0
38.1	33.9	4.4	131.0	392.7	100.0	0	0.0
43.3	35.3	8.5	119.2	397.4	100.0	2	0.0
33.2	15.4	9.8	236.2	402.0	100.0	0	0.0
40.0	28.2	7.1	155.4	406.6	100.0	0	0.0
50.9	43.8	5.0	103.3	411.2	100.0	10	0.0
59.8	52.6	6.4	68.9	415.8	100.0	7	0.0
55.6	44.7	8.9	113.0	420.4	100.0	0	0.0
41.5	30.9	13.2	82.3	387.9	100.0	0	0.0
42.7	35.8	13.0	88.7	377.4	100.0	153	0.0
52.7	44.6	5.1	188.3	396.2	100.0	3	0.0
55.5	41.2	9.2	265.0	439.2	100.0	0	0.0
50.7	34.5	7.9	247.5	443.8	100.0	0	0.0
49.7	38.0	9.2	93.8	448.4	100.0	0	0.0
50.6	42.0	9.1	120.4	453.0	100.0	0	0.0
53.1	44.5	7.6	206.2	457.7	100.0	26	0.0
47.9	38.3	6.7	169.3	462.4	100.0	0	0.0
51.0	42.6	7.9	94.4	467.1	100.0	6	0.0
57.5	54.7	10.2	195.9	471.8	100.0	24	0.0
40.5	36.4	13.3	320.9	476.4	100.0	32	0.0
35.8	19.8	16.6	282.5	481.1	100.0	0	0.0
04	30	2003
43.0	30.9	7.0	130.0	485.7	100.0	0	0.0
54.3	42.7	6.7	170.0	490.3	100.0	0	0.0
49.1	43.6	10.2	76.5	494.8	100.0	0	0.0
43.8	40.9	11.6	67.9	499.3	100.0	0	0.0
44.0	41.6	7.4	84.7	503.8	100.0	1	0.0
44.5	23.6	11.3	227.0	508.2	100.0	0	0.0
36.4	30.7	15.6	55.0	512.7	100.0	27	51.2
35.8	32.7	11.6	54.0	517.0	100.0	0	0.0
38.8	36.0	13.2	25.3	521.4	100.0	42	0.0
42.7	32.8	18.7	40.4	525.7	100.0	0	0.0
43.1	40.3	17.1	90.7	529.9	100.0	70	0.0
55.5	40.3	13.7	301.0	534.1	100.0	15	0.0
51.6	28.7	8.5	316.7	538.3	100.0	0	0.0
50.4	30.0	7.6	150.7	508.4	100.0	0	0.0
62.5	44.5	8.2	196.7	542.6	100.0	0	0.0
72.7	48.7	12.1	208.5	550.5	100.0	0	0.0
44.3	29.3	17.5	67.2	481.6	100.0	0	0.0
42.1	31.9	12.9	55.0	558.5	100.0	18	0.0
51.0	39.4	9.3	77.5	562.4	100.0	0	0.0
52.9	40.4	6.5	111.2	566.2	100.0	0	0.0
51.1	42.6	7.8	112.7	570.0	100.0	0	0.0
55.6	47.5	9.1	229.7	573.7	100.0	3	0.0
48.5	28.4	16.4	303.9	577.4	100.0	0	0.0
51.7	22.6	11.9	266.2	581.0	100.0	0	0.0
55.7	33.3	9.0	102.5	584.6	100.0	28	0.0
55.9	53.3	9.7	179.0	588.1	100.0	37	0.0
59.9	43.9	9.2	287.5	591.5	100.0	0	0.0
62.8	40.1	6.8	147.5	595.0	100.0	0	0.0
62.8	52.5	5.8	177.1	598.3	100.0	0	0.0
59.5	40.4	10.4	108.8	601.6	100.0	0	0.0
05	31	2003
64.6	57.2	9.5	141.7	604.8	100.0	1	0.0
65.8	58.2	10.0	188.5	608.0	100.0	0	0.0
56.8	45.4	9.0	144.6	611.1	100.0	0	0.0
54.5	38.4	5.0	145.4	614.2	100.0	0	0.0
48.2	39.2	6.8	121.0	617.2	100.0	3	0.0
53.4	50.6	5.3	76.5	620.2	100.0	2	0.0
62.9	57.9	5.0	112.2	623.2	100.0	22	0.0
62.2	58.7	5.0	132.9	626.1	100.0	6	0.0
55.2	54.0	5.8	99.1	629.0	100.0	13	0.0
59.5	58.0	5.4	125.3	631.8	100.0	0	0.0
68.0	63.8	7.7	139.3	634.5	100.0	6	0.0
62.3	44.9	15.2	251.7	637.2	100.0	2	0.0
55.5	42.4	16.7	266.7	639.9	100.0	0	0.0
57.9	42.8	9.1	230.8	642.4	100.0	0	0.0
59.1	45.3	11.0	68.7	633.1	100.0	0	0.0
53.2	49.2	15.8	59.8	576.6	100.0	46	0.0
49.6	44.7	10.0	68.9	560.0	100.0	0	0.0
49.9	40.6	6.0	85.5	512.0	100.0	2	0.0
57.2	42.7	7.2	167.9	654.5	100.0	0	0.0
60.3	45.0	6.0	173.5	615.1	100.0	0	0.0
56.9	52.7	4.3	221.2	658.9	100.0	35	0.0
56.1	51.5	10.9	65.0	661.1	100.0	0	0.0
53.9	51.9	9.5	55.3	663.2	100.0	16	0.0
57.4	55.1	9.6	62.8	593.4	100.0	2	0.0
56.5	55.8	6.9	126.7	667.1	100.0	35	0.0
55.6	53.1	8.8	162.0	669.0	100.0	137	0.0
57.4	52.8	4.3	118.9	670.9	100.0	0	0.0
58.5	54.5	5.8	189.7	672.6	100.0	1	0.0
60.3	53.6	5.8	185.4	674.3	100.0	0	0.0
67.9	55.3	6.2	227.0	675.9	100.0	0	0.0
64.1	59.2	6.5	107.1	677.5	100.0	16	0.0
06	30	2003
57.1	50.5	17.0	298.3	606.5	100.0	5	0.0
61.0	42.8	8.8	273.2	666.3	100.0	0	0.0
58.4	52.0	7.0	132.3	620.3	100.0	40	0.0
55.4	54.4	10.8	40.4	683.1	100.0	65	0.0
63.3	42.5	8.8	263.6	684.3	100.0	23	0.0
64.0	46.7	6.8	221.2	685.5	100.0	0	0.0
61.4	61.3	7.4	89.9	686.6	100.0	122	0.0
61.4	60.8	6.2	163.7	687.6	100.0	1	0.0
66.8	61.7	6.2	170.5	688.6	100.0	0	0.0
69.2	60.8	7.1	152.1	689.5	100.0	0	0.0
73.5	69.2	7.8	181.0	690.3	100.0	14	0.0
74.3	70.8	7.0	157.7	691.1	100.0	109	0.0
74.7	71.8	5.2	122.0	691.8	100.0	34	0.0
75.1	71.0	5.4	190.6	692.4	100.0	5	0.0
72.6	63.7	5.9	230.0	693.0	100.0	0	0.0
65.7	54.3	11.3	97.5	693.5	100.0	0	0.0
60.2	55.1	8.0	105.0	693.9	100.0	31	0.0
66.6	63.8	4.5	124.3	694.3	100.0	46	0.0
70.4	68.5	3.9	84.5	694.6	100.0	22	0.0
64.8	64.2	8.8	159.9	694.8	100.0	222	0.0
62.0	61.3	6.0	220.4	648.3	100.0	3	0.0
65.4	59.7	7.7	263.9	633.5	100.0	0	0.0
75.3	61.8	8.1	270.9	665.6	100.0	0	0.0
79.5	62.4	8.0	295.8	695.1	100.0	0	0.0
81.4	65.4	7.6	280.6	695.0	100.0	0	0.0
83.1	71.0	5.9	238.3	694.8	100.0	0	0.0
79.2	67.8	7.6	254.2	694.6	100.0	11	0.0
72.6	60.2	8.5	219.2	694.3	100.0	0	0.0
75.1	68.9	7.2	145.8	693.9	100.0	0	0.0
78.5	67.3	5.4	227.7	693.5	100.0	0	0.0
07	31	2003
75.7	59.9	5.3	270.0	693.0	100.0	0	0.0
73.2	67.5	7.3	120.7	692.4	100.0	12	0.0
71.2	68.7	8.8	81.2	630.9	100.0	57	0.0
78.9	70.5	6.3	171.3	609.5	100.0	0	0.0
81.0	71.7	8.3	221.0	690.3	100.0	11	0.0
79.3	72.4	5.8	193.6	689.5	100.0	45	0.0
78.5	71.8	7.6	217.5	688.6	100.0	0	0.0
80.7	70.8	8.9	258.3	687.6	100.0	0	0.0
79.0	69.7	9.3	222.7	686.6	100.0	16	0.0
68.3	66.3	9.8	60.6	685.5	100.0	6	0.0
75.8	68.5	7.3	175.1	684.3	100.0	8	0.0
74.6	61.6	9.7	225.4	683.1	100.0	7	0.0
73.4	60.6	5.3	249.6	681.8	100.0	5	0.0
71.5	65.5	6.6	84.2	680.5	100.0	26	0.0
72.4	66.0	8.1	106.2	679.0	100.0	0	0.0
78.6	67.8	9.6	234.3	665.5	100.0	0	0.0
74.2	59.4	7.7	271.2	676.0	100.0	0	0.0
74.7	64.7	5.2	174.0	674.4	100.0	0	0.0
74.1	59.1	6.8	230.0	672.7	100.0	0	0.0
73.8	60.5	7.3	173.8	671.0	100.0	0	0.0
79.8	72.2	11.7	178.8	669.1	100.0	0	0.0
80.5	72.6	10.3	206.0	667.3	100.0	9	0.0
74.9	71.1	8.3	186.5	665.3	100.0	8	0.0
74.8	66.6	8.2	211.8	663.3	100.0	9	0.0
75.8	61.3	6.0	256.1	603.2	100.0	0	0.0
77.9	66.7	8.2	195.0	659.1	100.0	0	0.0
80.7	71.7	10.3	221.0	656.9	100.0	2	0.0
76.7	68.8	6.3	284.2	654.7	100.0	4	0.0
72.8	62.6	6.7	168.3	652.4	100.0	0	0.0
71.2	63.4	7.1	111.8	650.0	100.0	23	0.0
73.9	68.6	9.4	54.9	647.5	100.0	0	0.0
08	31	2003
75.7	73.3	6.6	149.1	645.0	100.0	21	0.0
78.0	73.8	7.9	175.2	642.5	100.0	0	0.0
78.0	74.9	10.6	160.9	640.0	100.0	37	0.0
77.6	74.2	8.4	167.3	637.4	100.0	1	0.0
75.4	72.6	6.0	136.3	634.8	100.0	54	0.0
73.9	70.0	6.0	127.2	632.0	100.0	1	0.0
73.1	71.5	5.5	81.2	629.3	100.0	49	0.0
76.4	70.3	7.5	217.6	626.4	100.0	1	0.0
75.6	74.0	7.5	129.4	623.6	100.0	12	0.0
77.0	73.8	7.5	169.8	620.7	100.0	6	0.0
74.4	72.8	7.1	120.3	563.0	100.0	70	0.0
77.0	73.7	5.5	117.7	614.9	100.0	0	0.0
78.8	75.1	4.0	120.6	611.9	100.0	0	0.0
81.8	71.7	5.1	246.4	608.8	100.0	0	0.0
80.1	69.1	6.8	284.4	605.7	100.0	0	0.0
74.8	71.7	4.4	169.3	602.5	100.0	5	0.0
76.2	68.2	7.0	219.8	599.2	100.0	13	0.0
73.8	64.7	4.7	189.3	595.9	100.0	0	0.0
74.2	65.9	3.9	115.4	592.6	100.0	0	0.0
76.6	68.3	4.5	159.2	589.2	100.0	0	0.0
79.2	72.0	6.2	186.0	585.7	100.0	0	0.0
80.5	74.2	7.2	212.7	582.2	100.0	14	0.0
74.0	60.4	8.9	320.8	578.6	100.0	0	0.0
67.3	50.8	7.0	261.7	575.0	100.0	0	0.0
74.6	62.5	6.2	215.8	571.3	100.0	0	0.0
74.6	70.5	5.6	207.6	567.6	100.0	9	0.0
76.4	69.5	7.8	224.2	563.8	100.0	0	0.0
75.9	65.7	6.1	152.6	560.0	100.0	0	0.0
78.0	74.0	7.0	161.0	556.1	100.0	2	0.0
77.2	71.7	8.0	274.4	552.2	100.0	53	0.0
68.5	60.1	8.1	159.0	548.2	100.0	0	0.0
09	30	2003
74.0	71.3	5.9	149.8	544.2	100.0	29	0.0
70.7	68.8	9.4	135.3	540.2	100.0	1	0.0
69.6	68.9	7.5	88.1	536.1	100.0	11	0.0
72.3	71.9	4.0	175.1	532.0	100.0	39	0.0
68.0	59.9	8.7	312.1	527.8	100.0	0	0.0
66.4	55.4	5.5	242.1	523.5	100.0	0	0.0
67.8	58.5	4.8	284.6	519.3	100.0	0	0.0
70.2	61.9	7.2	107.1	515.0	100.0	0	0.0
67.1	56.4	11.9	55.5	420.4	100.0	0	0.0
64.8	55.8	7.6	232.6	477.1	100.0	0	0.0
68.4	56.4	9.7	155.9	433.2	100.0	0	0.0
65.3	60.8	16.4	45.1	432.3	100.0	23	0.0
71.9	71.0	13.5	76.2	493.0	100.0	45	0.0
75.1	73.0	9.2	141.3	488.5	100.0	25	0.0
72.3	71.7	6.3	99.9	483.3	100.0	142	0.0
67.5	57.3	9.7	291.8	479.4	100.0	0	0.0
67.7	55.1	10.2	131.2	474.8	100.0	0	0.0
68.2	64.4	23.6	52.6	470.2	100.0	120	0.0
73.9	67.1	18.9	170.6	465.7	100.0	11	0.0
71.4	66.0	3.0	137.3	436.7	100.0	0	0.0
68.5	59.0	6.9	94.8	456.8	100.0	0	0.0
71.0	67.4	11.6	127.3	452.2	100.0	6	0.0
67.8	61.4	10.6	245.9	447.7	100.0	68	0.0
63.5	54.8	4.8	186.2	443.1	100.0	0	0.0
68.5	62.9	6.6	158.8	438.6	100.0	0	0.0
69.8	65.7	6.2	165.6	433.9	100.0	0	0.0
71.2	69.8	9.8	139.5	429.3	100.0	17	0.0
65.1	61.0	7.0	254.1	424.7	100.0	41	0.0
58.0	48.0	10.3	278.8	420.1	100.0	0	0.0
54.7	44.2	6.2	252.0	356.5	100.0	0	0.0
10	31	2003
54.2	48.8	3.8	196.7	410.8	100.0	0	0.0
49.5	38.0	10.8	264.2	406.1	100.0	0	0.0
48.2	37.5	7.6	213.3	401.4	100.0	0	0.0
54.0	48.0	9.4	225.2	396.8	100.0	2	0.0
51.6	40.8	6.8	181.3	392.1	100.0	0	0.0
50.8	42.0	4.2	251.2	387.5	100.0	0	0.0
53.9	49.3	4.7	162.9	382.9	100.0	0	0.0
60.6	58.3	2.1	116.5	378.4	100.0	0	0.0
64.0	58.6	1.8	58.9	373.8	100.0	0	0.0
61.9	59.1	11.0	66.6	369.3	100.0	0	0.0
63.6	55.0	11.2	127.9	364.7	100.0	0	0.0
66.0	54.0	10.2	312.4	360.2	100.0	1	0.0
61.4	50.3	7.1	274.1	355.7	100.0	0	0.0
59.4	55.1	10.2	125.6	351.2	100.0	92	0.0
56.4	42.7	16.6	255.4	346.7	100.0	9	0.0
55.5	43.3	10.0	251.0	342.3	100.0	0	0.0
51.7	46.8	6.4	214.4	337.8	100.0	8	0.0
49.0	41.4	5.2	196.0	333.4	100.0	0	0.0
53.0	42.8	9.7	254.6	329.0	100.0	0	0.0
51.1	46.1	5.1	136.2	324.6	100.0	0	0.0
62.8	55.7	10.8	227.4	320.3	100.0	0	0.0
50.2	43.0	9.5	298.0	304.9	100.0	2	0.0
40.4	28.5	9.3	265.0	311.7	100.0	0	0.0
42.6	33.1	6.0	245.8	307.5	100.0	0	0.0
50.2	46.0	7.3	153.3	268.1	100.0	0	0.0
63.6	61.9	10.5	170.8	299.1	100.0	13	0.0
58.1	57.5	9.1	191.4	295.0	100.0	118	0.0
48.4	43.4	5.0	136.3	291.0	100.0	52	0.0
50.5	49.9	8.5	265.4	278.2	100.0	74	0.0
50.5	42.7	4.5	153.3	283.3	100.0	0	0.0
54.1	50.9	4.7	79.2	279.4	100.0	0	0.0
11	30	2003
60.1	55.7	2.1	65.8	275.6	100.0	0	0.0
61.6	58.7	5.0	141.0	271.9	100.0	0	0.0
62.3	56.0	3.5	106.0	268.2	100.0	0	0.0
61.5	59.2	6.1	65.1	264.6	100.0	1	0.0
62.5	62.1	5.6	88.3	261.0	100.0	13	0.0
60.7	59.8	6.5	92.2	257.4	100.0	23	0.0
54.0	44.5	8.3	305.5	240.1	100.0	0	0.0
42.5	21.2	11.9	322.6	250.5	100.0	0	0.0
34.9	13.8	4.5	95.8	247.1	100.0	0	0.0
35.9	23.4	3.3	165.0	215.2	100.0	0	0.0
47.0	41.8	5.6	140.9	240.5	100.0	0	0.0
53.1	53.0	5.8	139.9	203.9	100.0	58	0.0
47.7	29.3	26.5	262.1	234.2	100.0	1	0.0
41.9	20.2	21.6	270.2	219.3	100.0	0	0.0
45.7	29.3	8.7	202.3	228.1	100.0	0	0.0
47.5	40.7	2.0	50.9	225.1	100.0	0	0.0
49.9	44.6	3.8	135.7	195.9	100.0	0	0.0
50.4	48.4	6.3	73.2	219.4	100.0	0	0.0
59.4	58.6	14.5	158.4	215.5	100.0	51	0.0
49.3	38.2	14.5	293.4	214.0	100.0	8	0.0
51.5	38.9	6.6	252.4	190.6	100.0	0	0.0
50.9	44.1	4.4	153.5	188.4	100.0	0	0.0
47.1	45.3	3.7	101.8	206.4	100.0	0	0.0
49.2	47.0	10.9	142.7	204.0	100.0	11	0.0
37.0	25.0	8.6	248.5	182.1	100.0	0	0.0
39.3	32.0	3.0	134.1	195.6	100.0	0	0.0
45.2	39.2	4.4	137.4	197.3	100.0	0	0.0
51.9	51.0	10.1	163.4	195.2	100.0	58	0.0
40.1	26.0	18.6	250.0	162.2	100.0	0	0.0
41.9	26.9	8.8	189.5	178.0	100.0	0	0.0
12	31	2003
43.4	25.9	13.1	252.1	189.6	100.0	0	0.0
34.0	13.5	14.8	290.0	187.9	100.0	0	0.0
27.9	11.6	7.4	274.6	186.3	100.0	0	0.0
32.2	19.5	3.0	127.5	184.7	100.0	0	0.0
32.1	30.2	15.3	42.6	183.3	100.0	38	96.9
28.0	22.6	16.3	333.1	181.9	100.0	10	34.8
26.2	15.2	16.1	302.0	180.6	100.0	0	0.0
28.0	15.5	7.7	276.2	179.3	100.0	0	0.0
31.8	22.6	3.0	97.9	178.2	100.0	0	0.0
41.8	38.8	9.2	68.5	177.1	100.0	39	0.0
49.1	42.4	21.6	224.6	176.1	100.0	62	0.0
35.5	20.6	12.2	280.0	175.2	100.0	0	0.0
30.8	15.4	7.7	202.9	174.3	100.0	0	0.0
35.2	29.7	13.8	98.3	173.6	100.0	60	40.2
35.7	27.0	16.1	277.9	172.9	100.0	0	0.0
36.6	30.5	7.4	143.8	172.2	100.0	0	0.0
40.4	36.6	12.2	209.3	171.7	100.0	40	2.5
31.8	18.3	12.6	252.3	141.6	100.0	0	0.0
30.5	21.3	7.8	282.1	170.9	100.0	0	0.0
31.1	20.4	9.5	276.2	170.6	100.0	0	0.0
32.2	18.6	8.5	223.8	170.4	100.0	0	0.0
41.3	23.0	6.2	179.2	170.3	100.0	0	0.0
46.5	34.5	8.3	142.5	170.2	100.0	0	0.0
47.6	45.9	9.3	198.6	170.2	100.0	102	0.0
34.9	23.3	10.9	257.7	166.6	100.0	0	0.0
35.2	22.5	12.1	264.1	142.7	100.0	0	0.0
39.5	25.5	9.0	304.6	170.8	100.0	0	0.0
36.1	28.3	3.5	162.8	171.2	100.0	0	0.0
38.4	32.4	3.6	111.2	171.6	100.0	0	0.0
44.7	33.3	14.0	237.4	172.1	100.0	4	0.0
37.7	25.4	6.5	189.2	172.7	100.0	0	0.0
