01	31	1999
33.4	30.9	13.5	90.9	179.4	100.0	30	74.4
28.5	20.8	16.9	296.5	180.1	100.0	1	3.0
17.9	6.8	11.9	305.3	180.9	100.0	0	0.0
18.1	7.8	7.0	219.2	187.9	100.0	0	0.0
31.1	18.2	6.5	105.0	182.6	100.0	0	0.0
39.8	31.3	3.2	40.3	183.6	100.0	0	0.0
34.6	33.5	9.3	79.8	221.8	100.0	0	0.0
32.1	30.4	11.1	203.0	223.1	100.0	0	0.0
25.4	13.7	7.5	281.7	186.9	100.0	0	0.0
28.5	19.8	1.9	74.3	225.8	100.0	0	0.0
38.7	27.1	6.3	100.3	189.5	100.0	0	0.0
53.8	45.4	8.1	127.7	190.9	100.0	0	0.0
40.6	34.2	10.2	271.4	192.4	100.0	0	0.0
33.1	26.6	5.3	230.2	157.0	100.0	0	0.0
38.4	29.8	4.5	57.8	195.5	100.0	0	0.0
46.4	36.0	6.7	74.8	197.2	100.0	0	0.0
53.8	43.9	10.4	167.0	198.9	100.0	0	0.0
44.0	27.1	6.8	191.0	200.7	100.0	0	0.0
49.1	33.0	8.3	148.2	202.5	100.0	0	0.0
51.3	42.9	6.8	122.1	204.5	100.0	0	0.0
60.9	54.1	8.3	127.0	206.4	100.0	35	0.0
50.5	47.2	8.8	175.7	248.9	100.0	0	0.0
38.2	33.0	8.5	234.9	210.6	100.0	4	0.0
42.1	30.7	6.8	57.2	212.8	100.0	0	0.0
45.3	35.5	5.0	157.5	215.0	100.0	0	0.0
51.1	41.7	9.3	96.9	217.3	100.0	0	0.0
63.7	52.0	9.3	184.4	261.6	100.0	0	0.0
58.1	53.3	6.6	108.1	229.3	100.0	5	0.0
47.6	45.1	14.1	92.0	267.2	100.0	14	0.0
48.4	46.2	11.1	146.1	270.2	100.0	31	0.0
43.1	40.1	9.6	253.9	273.3	100.0	0	0.0
02	28	1999
45.8	40.8	6.2	167.8	232.3	100.0	0	0.0
47.0	36.3	8.8	211.8	235.0	100.0	0	0.0
48.4	34.5	9.5	163.2	237.8	100.0	0	0.0
50.3	28.1	4.8	177.0	240.6	100.0	0	0.0
53.3	39.1	7.2	108.0	243.4	100.0	0	0.0
60.8	55.3	7.8	146.8	189.2	100.0	44	0.0
52.8	49.4	8.4	236.2	249.2	100.0	0	0.0
56.6	50.1	8.2	92.6	252.2	100.0	0	0.0
65.3	45.0	7.0	85.8	302.1	100.0	0	0.0
67.8	57.5	8.4	134.1	267.1	100.0	0	0.0
57.6	44.8	18.9	261.4	309.1	100.0	8	0.0
40.1	20.4	11.8	273.0	264.6	100.0	0	0.0
40.5	20.2	4.8	185.0	267.8	100.0	0	0.0
45.9	27.1	6.6	104.0	255.6	100.0	0	0.0
52.8	35.9	7.8	120.5	274.3	100.0	0	0.0
53.7	41.5	8.9	226.8	228.3	100.0	0	0.0
44.8	30.9	6.3	103.5	280.9	100.0	0	0.0
43.0	31.6	9.4	94.1	253.3	100.0	0	0.0
42.0	30.8	4.7	198.7	338.9	100.0	0	0.0
46.8	30.5	7.9	187.6	278.6	100.0	0	0.0
40.8	26.4	10.7	235.5	294.5	100.0	0	0.0
38.2	20.8	9.6	126.0	298.0	100.0	0	0.0
45.3	28.2	11.3	212.3	252.8	100.0	0	0.0
47.3	30.6	7.0	92.0	305.0	100.0	0	0.0
59.0	46.0	4.5	92.8	308.5	100.0	0	0.0
65.1	57.0	7.2	149.2	312.1	100.0	0	0.0
65.3	46.4	14.4	272.0	315.6	100.0	0	0.0
52.5	31.5	10.1	214.5	319.2	100.0	0	0.0
03	31	1999
55.1	34.2	3.3	43.2	322.8	100.0	0	0.0
53.1	39.0	10.3	164.7	331.4	100.0	0	0.0
41.8	20.1	10.4	258.1	335.1	100.0	0	0.0
49.5	25.8	9.5	114.5	333.6	100.0	0	0.0
63.4	52.2	10.0	184.2	342.8	100.0	0	0.0
49.5	35.6	11.6	156.3	340.9	100.0	0	0.0
39.6	26.9	14.6	94.8	344.5	100.0	0	0.0
43.3	40.2	14.4	119.9	407.5	100.0	50	0.0
46.8	34.9	11.1	256.2	351.8	100.0	0	0.0
45.3	35.5	11.3	76.8	355.4	100.0	0	0.0
49.7	38.0	11.0	96.8	359.1	100.0	0	0.0
39.1	32.5	15.8	91.0	369.5	100.0	70	0.0
38.2	37.1	9.1	109.6	373.3	100.0	26	0.0
39.0	28.2	11.9	319.4	369.9	100.0	1	1.5
43.8	29.4	4.7	130.2	373.5	100.0	0	0.0
54.0	36.9	6.3	99.8	377.2	100.0	0	0.0
61.9	50.0	5.7	127.8	388.7	100.0	0	0.0
57.0	37.3	9.4	62.4	345.3	100.0	0	0.0
49.3	39.5	9.0	99.9	396.0	100.0	4	0.0
48.2	45.0	7.2	181.0	465.3	100.0	2	0.0
51.3	38.9	5.0	212.4	395.8	100.0	0	0.0
57.5	39.2	7.5	97.5	399.5	100.0	0	0.0
52.1	46.0	9.5	246.6	469.4	100.0	7	0.0
49.9	42.2	5.1	134.1	473.4	100.0	0	0.0
54.0	33.0	8.4	92.2	410.5	100.0	0	0.0
47.8	27.4	4.4	56.8	414.1	100.0	0	0.0
50.4	35.4	8.3	87.2	425.0	100.0	0	0.0
49.0	46.8	6.5	85.7	499.3	100.0	41	0.0
57.3	50.5	6.5	85.2	493.4	100.0	2	0.0
55.8	46.0	7.2	80.4	428.3	100.0	0	0.0
58.6	51.7	5.2	134.7	431.8	100.0	0	0.0
04	30	1999
66.0	57.3	6.0	115.0	435.2	100.0	0	0.0
69.4	63.8	6.6	97.1	371.0	100.0	0	0.0
63.6	61.7	6.0	141.8	512.6	100.0	66	0.0
62.3	56.3	8.8	83.3	445.5	100.0	11	0.0
65.9	51.8	10.6	187.0	448.9	100.0	14	0.0
62.5	44.3	4.0	144.5	452.3	100.0	0	0.0
68.2	55.2	6.3	100.2	455.7	100.0	0	0.0
72.6	60.7	10.7	192.3	459.0	100.0	1	0.0
63.9	47.4	7.5	217.5	462.3	100.0	0	0.0
67.0	48.1	9.5	184.0	465.6	100.0	0	0.0
61.1	42.4	8.1	218.8	468.8	100.0	0	0.0
62.2	44.3	4.7	70.7	472.0	100.0	0	0.0
61.8	51.4	9.6	81.2	549.0	100.0	4	0.0
55.4	51.8	13.1	102.7	552.5	100.0	25	0.0
51.4	37.8	18.0	298.3	555.8	100.0	2	0.0
47.9	31.3	14.4	277.4	497.8	100.0	0	0.0
47.4	33.2	11.8	280.8	487.4	100.0	0	0.0
55.4	37.8	5.8	135.9	504.1	100.0	0	0.0
63.4	46.5	6.9	138.5	493.2	100.0	0	0.0
68.1	53.6	8.3	120.5	496.1	100.0	0	0.0
74.7	55.6	10.5	202.4	456.5	100.0	0	0.0
71.7	61.9	7.9	143.5	501.7	100.0	0	0.0
72.2	64.2	5.6	83.1	504.4	100.0	0	0.0
61.2	58.5	7.5	125.1	513.4	100.0	23	0.0
59.9	58.1	9.2	84.7	498.9	100.0	17	0.0
64.5	61.7	8.0	142.1	589.7	100.0	30	0.0
63.3	54.7	6.4	188.8	592.5	100.0	0	0.0
63.0	53.5	7.6	166.1	544.9	100.0	0	0.0
62.4	53.2	6.6	87.4	597.9	100.0	0	0.0
63.5	50.5	6.8	75.2	494.8	100.0	0	0.0
05	31	1999
62.9	44.6	5.5	77.4	525.0	100.0	0	0.0
63.1	53.0	5.4	131.1	543.9	100.0	0	0.0
67.2	60.0	6.9	110.1	543.2	100.0	0	0.0
69.2	63.4	11.5	175.8	535.1	100.0	37	0.0
68.3	57.5	7.7	250.5	612.8	100.0	1	0.0
62.1	44.9	12.8	269.0	535.9	100.0	0	0.0
62.3	42.6	11.3	213.8	538.0	100.0	0	0.0
68.8	52.7	3.5	109.2	540.0	100.0	0	0.0
72.7	56.8	5.9	105.2	542.0	100.0	0	0.0
65.1	61.9	7.3	124.5	625.1	100.0	60	0.0
69.6	64.7	9.1	109.2	564.0	100.0	17	0.0
63.9	60.4	7.5	182.9	646.1	100.0	28	0.0
65.2	51.6	5.7	247.1	549.5	100.0	1	0.0
70.1	55.5	6.5	91.7	631.6	100.0	0	0.0
74.1	64.1	8.6	114.7	553.0	100.0	0	0.0
77.6	67.2	6.4	121.0	554.6	100.0	0	0.0
69.1	64.7	7.7	190.0	656.1	100.0	82	0.0
67.0	53.9	4.7	118.3	557.8	100.0	0	0.0
67.0	54.9	4.9	73.6	561.7	100.0	1	0.0
70.9	58.4	6.5	113.6	641.8	100.0	0	0.0
71.0	65.2	5.2	113.5	562.3	100.0	27	0.0
74.6	67.6	3.8	63.9	566.3	100.0	21	0.0
70.5	61.6	8.9	231.2	564.2	100.0	18	0.0
69.0	55.5	7.8	212.5	566.3	100.0	0	0.0
66.7	61.5	5.2	162.9	567.5	100.0	1	0.0
67.9	57.6	5.4	79.1	571.7	100.0	0	0.0
67.5	52.6	5.6	57.5	569.9	100.0	0	0.0
68.0	56.8	6.0	73.2	501.7	100.0	0	0.0
68.1	62.5	6.4	87.5	653.8	100.0	17	0.0
72.1	66.7	5.7	99.0	558.8	100.0	2	0.0
71.8	66.5	5.4	99.4	655.9	100.0	33	0.0
06	30	1999
75.8	68.5	9.7	182.2	560.9	100.0	8	0.0
75.3	68.8	2.4	54.2	575.9	100.0	1	0.0
79.2	70.4	4.8	104.5	580.2	100.0	0	0.0
79.5	70.5	6.6	156.0	577.5	100.0	1	0.0
80.8	69.4	6.7	132.8	578.3	100.0	0	0.0
81.5	69.4	7.2	135.2	579.0	100.0	0	0.0
80.4	70.2	4.2	91.8	579.7	100.0	0	0.0
80.2	69.6	5.1	106.5	612.2	100.0	0	0.0
81.0	68.6	6.1	130.0	563.4	100.0	0	0.0
76.4	69.3	6.1	124.8	663.6	100.0	28	0.0
75.9	68.8	3.4	66.2	664.1	100.0	1	0.0
77.0	68.0	3.6	38.2	582.4	100.0	0	0.0
74.5	69.8	3.7	97.5	665.0	100.0	5	0.0
74.5	64.2	8.7	132.7	583.1	100.0	0	0.0
72.0	59.6	6.0	68.0	583.5	100.0	0	0.0
68.5	58.7	8.5	73.7	583.8	100.0	0	0.0
69.1	55.4	6.4	70.5	550.6	100.0	0	0.0
70.2	54.0	5.8	84.3	690.1	100.0	0	0.0
69.1	60.0	5.7	65.5	584.4	100.0	13	0.0
73.5	66.7	7.0	90.1	584.5	100.0	17	0.0
76.4	69.0	5.0	87.6	594.0	100.0	0	0.0
77.4	67.4	6.2	104.5	588.2	100.0	27	0.0
75.1	70.5	6.1	147.4	670.4	100.0	12	0.0
74.4	70.6	6.1	95.0	690.8	100.0	53	0.0
75.2	71.2	5.0	89.5	694.2	100.0	12	0.0
80.6	75.0	3.3	99.1	611.9	100.0	2	0.0
83.5	75.4	6.8	141.3	666.3	100.0	0	0.0
82.9	76.7	6.2	157.5	666.1	100.0	4	0.0
75.2	70.9	7.3	138.1	624.8	100.0	38	0.0
74.3	70.2	7.2	107.9	583.4	100.0	120	0.0
07	31	1999
80.9	72.2	6.2	152.8	583.1	100.0	0	0.0
83.6	72.7	7.1	151.1	610.1	100.0	0	0.0
83.5	71.3	5.5	131.7	582.3	100.0	0	0.0
83.0	72.4	4.7	119.2	581.8	100.0	0	0.0
82.5	73.0	4.9	113.2	531.8	100.0	0	0.0
83.0	73.9	2.1	77.1	607.9	100.0	0	0.0
81.9	73.4	4.4	109.7	580.2	100.0	4	0.0
82.2	73.8	4.1	101.9	582.3	100.0	0	0.0
84.1	73.5	4.0	115.8	578.9	100.0	0	0.0
78.0	72.9	5.2	153.8	578.2	100.0	2	0.0
73.8	64.8	7.8	66.9	577.4	100.0	2	0.0
73.5	61.1	3.2	41.7	576.6	100.0	0	0.0
74.5	62.9	4.0	79.8	575.8	100.0	0	0.0
77.8	68.2	5.2	102.1	577.2	100.0	0	0.0
81.0	68.5	5.7	118.8	574.0	100.0	0	0.0
81.0	70.7	4.0	110.2	573.0	100.0	0	0.0
81.5	71.4	3.9	93.2	510.4	100.0	0	0.0
82.6	73.4	5.0	104.0	571.0	100.0	0	0.0
81.7	73.9	2.9	78.2	569.9	100.0	0	0.0
82.5	72.2	4.4	125.2	568.8	100.0	0	0.0
82.2	72.1	4.6	158.2	574.0	100.0	0	0.0
81.7	71.2	5.6	191.0	566.4	100.0	0	0.0
83.7	72.4	3.9	137.8	565.1	100.0	0	0.0
84.5	72.2	2.7	70.0	586.8	100.0	0	0.0
83.2	73.9	3.0	78.8	562.5	100.0	0	0.0
85.7	74.2	4.0	113.8	561.1	100.0	0	0.0
88.6	73.6	4.2	151.5	559.7	100.0	0	0.0
89.6	72.5	4.3	130.0	580.6	100.0	0	0.0
89.7	71.3	4.9	147.4	500.0	100.0	0	0.0
89.5	68.9	6.4	151.8	555.1	100.0	0	0.0
88.0	69.2	5.5	145.2	553.5	100.0	0	0.0
08	31	1999
86.8	71.3	4.0	46.2	551.9	100.0	0	0.0
86.7	72.6	7.1	76.0	630.0	100.0	0	0.0
84.0	65.0	6.2	75.0	548.5	100.0	0	0.0
83.0	69.3	5.0	69.8	546.7	100.0	0	0.0
84.2	68.0	3.9	53.5	517.8	100.0	0	0.0
82.5	70.9	4.9	89.3	622.2	100.0	2	0.0
87.5	71.9	6.3	150.9	541.2	100.0	0	0.0
89.8	72.5	4.7	170.8	494.5	100.0	0	0.0
86.3	74.4	6.3	69.5	557.1	100.0	0	0.0
87.7	73.5	5.3	111.7	554.8	100.0	3	0.0
90.0	72.0	5.7	138.0	533.0	100.0	0	0.0
90.0	71.8	8.0	145.2	454.6	100.0	0	0.0
90.7	65.8	8.3	238.8	461.4	100.0	0	0.0
81.3	60.2	6.5	64.5	604.6	100.0	0	0.0
80.0	61.0	6.8	76.0	524.3	100.0	0	0.0
79.9	59.5	5.8	81.2	522.0	100.0	0	0.0
82.8	56.8	3.8	58.2	519.6	100.0	0	0.0
84.2	58.5	4.0	130.8	517.2	100.0	0	0.0
85.1	59.7	7.4	154.8	514.8	100.0	0	0.0
78.8	59.6	3.3	47.4	512.4	100.0	0	0.0
80.0	61.9	6.6	78.0	509.8	100.0	0	0.0
83.5	60.1	6.9	109.2	507.3	100.0	0	0.0
81.8	66.0	8.9	84.0	504.7	100.0	1	0.0
84.4	58.8	6.1	186.6	520.6	100.0	2	0.0
81.4	59.8	3.6	120.5	499.4	100.0	0	0.0
82.6	66.2	8.8	119.8	587.6	100.0	2	0.0
82.8	69.9	4.7	119.2	493.9	100.0	2	0.0
85.5	70.1	5.3	103.2	491.1	100.0	0	0.0
84.7	64.7	6.6	71.3	488.3	100.0	0	0.0
84.9	64.7	6.2	73.2	485.4	100.0	0	0.0
81.8	55.6	7.2	81.2	482.5	100.0	0	0.0
09	30	1999
79.6	61.5	8.1	80.5	459.5	100.0	0	0.0
82.5	68.2	5.5	99.8	476.6	100.0	0	0.0
83.8	67.4	6.8	97.8	473.6	100.0	0	0.0
78.8	71.6	5.6	97.8	470.6	100.0	6	0.0
74.7	72.0	5.5	147.3	474.0	100.0	45	0.0
81.3	72.6	3.4	81.8	464.4	100.0	0	0.0
81.7	73.1	7.3	119.6	472.4	100.0	0	0.0
76.3	69.2	9.0	250.5	389.2	100.0	29	0.0
74.5	58.1	2.9	66.2	455.1	100.0	0	0.0
71.8	61.1	5.6	131.8	452.0	100.0	11	0.0
69.7	65.1	7.2	118.4	448.8	100.0	25	0.0
69.5	68.2	6.1	85.1	455.2	100.0	38	0.0
72.7	58.2	7.0	121.8	513.3	100.0	0	0.0
68.4	56.9	4.1	59.6	518.6	100.0	0	0.0
71.5	58.4	4.4	95.8	435.9	100.0	0	0.0
70.4	57.9	5.6	71.3	510.7	100.0	0	0.0
68.8	57.6	4.5	84.3	498.9	100.0	0	0.0
69.3	61.8	5.0	66.0	425.9	100.0	0	0.0
75.2	62.2	6.5	63.8	429.8	100.0	0	0.0
77.9	62.3	8.9	187.7	419.1	100.0	2	0.0
62.8	45.3	10.2	211.4	483.8	100.0	0	0.0
58.6	45.6	2.4	70.0	412.2	100.0	0	0.0
63.1	50.0	1.3	51.0	408.7	100.0	0	0.0
69.4	50.5	4.2	69.7	368.2	100.0	0	0.0
75.1	53.9	6.8	111.7	401.6	100.0	0	0.0
75.2	62.0	6.3	115.0	398.1	100.0	0	0.0
75.4	61.2	5.7	100.2	319.3	100.0	0	0.0
69.1	61.0	8.8	207.8	401.4	100.0	0	0.0
60.6	43.1	9.7	269.8	456.6	100.0	0	0.0
54.9	40.1	2.7	98.1	452.3	100.0	0	0.0
10	31	1999
59.3	40.5	4.4	91.7	448.0	100.0	0	0.0
63.9	47.3	6.0	71.5	443.7	100.0	0	0.0
65.0	53.1	8.2	183.5	439.3	100.0	0	0.0
54.3	43.9	5.8	141.9	435.0	100.0	0	0.0
54.6	44.6	3.8	101.5	430.6	100.0	0	0.0
59.5	40.8	5.8	87.3	426.2	100.0	0	0.0
61.4	52.5	7.7	98.8	391.4	100.0	15	0.0
64.5	52.7	6.3	70.5	417.5	100.0	2	0.0
67.8	63.5	3.3	135.2	368.7	100.0	0	0.0
68.3	60.7	1.8	51.6	302.6	100.0	0	0.0
69.8	58.6	2.0	30.5	361.7	100.0	0	0.0
70.4	59.8	3.6	54.2	400.1	100.0	0	0.0
71.5	58.3	4.8	135.0	395.7	100.0	0	0.0
68.9	52.4	8.7	88.1	391.4	100.0	0	0.0
71.7	56.6	8.3	116.7	387.1	100.0	0	0.0
70.8	58.5	6.8	197.5	317.8	100.0	0	0.0
58.4	37.1	11.2	90.6	378.4	100.0	0	0.0
55.0	33.8	4.3	114.2	374.2	100.0	0	0.0
55.0	37.3	4.3	164.8	369.9	100.0	0	0.0
53.6	36.3	2.1	89.2	365.7	100.0	0	0.0
59.1	40.6	5.7	132.7	361.6	100.0	0	0.0
60.7	40.9	6.9	186.2	357.6	100.0	0	0.0
52.8	29.6	8.6	306.7	328.2	100.0	0	0.0
47.6	28.5	3.2	78.3	349.5	100.0	0	0.0
56.8	36.7	5.5	87.0	297.0	100.0	0	0.0
59.9	44.9	2.8	51.3	303.7	100.0	0	0.0
64.6	43.7	4.1	75.0	327.9	100.0	0	0.0
65.8	48.2	5.3	101.5	281.6	100.0	0	0.0
68.0	49.6	8.4	109.3	330.2	100.0	0	0.0
63.1	58.7	6.3	151.6	326.5	100.0	51	0.0
61.9	60.2	10.8	96.7	322.8	100.0	120	0.0
11	30	1999
59.5	52.8	10.1	249.1	319.1	100.0	0	0.0
48.5	23.4	12.4	291.2	281.9	100.0	0	0.0
47.6	26.0	5.0	93.7	311.9	100.0	0	0.0
53.9	39.8	5.2	94.2	308.3	100.0	0	0.0
61.4	53.8	6.1	101.9	304.8	100.0	0	0.0
64.5	57.2	3.6	106.0	301.3	100.0	1	0.0
64.4	54.6	1.9	70.2	297.9	100.0	0	0.0
63.7	51.5	3.8	82.6	294.6	100.0	0	0.0
63.0	49.5	6.9	116.6	260.2	100.0	0	0.0
63.6	53.2	3.6	125.8	288.0	100.0	0	0.0
60.6	46.6	2.1	18.6	284.8	100.0	0	0.0
59.8	49.9	3.1	41.6	241.5	100.0	0	0.0
64.1	51.3	4.5	125.6	278.5	100.0	0	0.0
63.6	50.3	2.9	81.3	275.5	100.0	0	0.0
56.8	36.0	2.7	75.0	272.5	100.0	0	0.0
55.7	41.0	1.6	25.4	269.6	100.0	0	0.0
58.3	41.6	7.3	87.3	266.7	100.0	0	0.0
62.0	46.9	7.3	105.7	225.2	100.0	0	0.0
60.0	43.6	7.2	251.5	261.2	100.0	1	0.0
49.0	37.9	3.8	70.4	258.5	100.0	0	0.0
57.5	47.6	8.0	109.0	255.9	100.0	0	0.0
65.8	57.5	9.4	114.4	253.4	100.0	22	0.0
53.5	47.4	11.6	255.9	250.9	100.0	78	0.0
47.8	33.9	4.7	179.6	248.5	100.0	0	0.0
46.3	31.8	3.1	107.3	246.2	100.0	0	0.0
45.4	33.3	4.1	84.6	244.0	100.0	0	0.0
50.7	40.2	3.7	40.6	241.8	100.0	0	0.0
54.3	42.8	7.6	68.8	239.7	100.0	0	0.0
48.6	31.2	6.6	69.8	237.7	100.0	0	0.0
43.8	29.1	6.1	76.2	235.7	100.0	0	0.0
12	31	1999
47.2	25.3	8.0	102.1	233.8	100.0	0	0.0
59.4	48.4	9.6	116.0	232.0	100.0	0	0.0
63.5	55.8	10.8	170.5	230.3	100.0	32	0.0
61.9	57.6	8.3	154.4	228.7	100.0	38	0.0
40.8	35.1	14.0	277.1	227.1	100.0	0	0.0
36.6	28.1	5.0	140.0	225.6	100.0	0	0.0
43.4	31.4	7.6	84.8	224.2	100.0	0	0.0
49.5	43.6	9.3	78.6	222.9	100.0	0	0.0
52.3	49.4	12.0	145.7	221.7	100.0	23	0.0
44.1	34.1	6.3	145.8	220.5	100.0	0	0.0
41.5	37.2	9.1	87.9	219.4	100.0	64	0.0
47.2	44.3	7.8	204.9	218.4	100.0	99	0.0
44.9	37.3	7.2	212.4	217.5	100.0	0	0.0
43.8	31.7	11.6	139.9	216.7	100.0	0	0.0
41.3	23.6	13.9	259.1	215.9	100.0	0	0.0
39.9	22.6	3.6	76.9	215.3	100.0	0	0.0
42.3	31.4	3.8	63.3	214.7	100.0	0	0.0
44.4	34.2	2.9	100.4	214.2	100.0	0	0.0
43.4	36.5	8.0	112.7	213.8	100.0	0	0.0
38.8	20.0	10.0	192.4	213.5	100.0	0	0.0
32.6	12.1	3.4	60.0	140.4	100.0	0	0.0
33.1	21.1	2.7	65.2	202.7	100.0	0	0.0
36.2	25.2	5.6	173.9	176.5	100.0	0	0.0
39.8	25.7	8.8	248.8	213.0	100.0	0	0.0
35.0	24.8	1.9	42.4	179.7	100.0	0	0.0
42.0	27.6	6.7	195.4	188.0	100.0	0	0.0
38.9	25.4	11.6	294.9	203.6	100.0	0	0.0
39.5	26.8	8.4	217.3	213.9	100.0	0	0.0
44.8	33.8	3.5	43.9	214.3	100.0	0	0.0
51.6	37.5	4.8	89.8	214.8	100.0	0	0.0
47.4	37.2	4.7	90.6	215.4	100.0	0	0.0
