01	31	2013
38.5	34.6	6.2	240.8	88.7	20.7	0	0.0
32.6	23.6	5.4	191.7	163.4	56.9	0	0.0
33.9	25.5	5.4	207.1	215.1	97.9	0	0.0
34.9	23.6	2.5	116.9	167.9	84.4	0	0.0
39.3	30.6	3.6	109.4	114.7	36.5	0	0.0
38.6	25.9	4.9	177.1	220.6	100.0	0	0.0
38.5	25.4	5.4	64.4	221.8	100.0	0	0.0
43.7	34.6	6.6	63.7	134.3	32.8	28	0.0
52.0	48.0	8.7	79.1	108.4	16.7	6	0.0
54.6	50.2	9.2	115.4	105.7	26.6	5	0.0
54.5	43.0	5.1	84.7	227.3	100.0	0	0.0
49.0	44.2	6.9	181.4	116.5	34.7	35	0.0
32.8	22.4	10.7	327.0	170.7	55.9	0	0.0
30.3	17.4	4.3	88.3	220.9	87.0	0	0.0
30.5	21.9	4.6	134.0	121.0	42.7	0	0.0
33.7	19.7	6.3	214.8	235.9	90.1	0	0.0
40.5	26.4	5.4	179.0	237.9	99.0	0	0.0
41.0	27.1	3.0	57.1	240.0	100.0	0	0.0
46.6	31.5	3.8	80.8	242.1	100.0	0	0.0
47.9	33.5	4.4	48.3	244.3	93.8	0	0.0
41.8	17.9	6.2	136.5	246.5	88.0	0	0.0
36.5	21.2	8.2	73.8	216.6	89.6	0	0.0
43.7	31.0	6.1	61.2	251.3	89.1	0	0.0
43.7	29.1	12.1	75.4	128.2	25.4	0	0.0
38.4	33.5	3.7	100.2	131.6	42.7	1	1.7
43.9	31.2	6.7	71.3	143.3	46.8	0	0.0
51.9	45.1	8.2	68.9	151.6	17.1	0	0.0
67.3	57.7	8.5	122.0	135.1	18.0	0	0.0
65.5	59.4	10.0	177.4	116.7	21.0	158	0.0
41.5	31.7	12.9	272.9	157.5	51.6	0	0.0
39.2	23.6	5.5	160.6	273.3	99.0	0	0.0
02	28	2013
33.8	13.3	7.8	111.2	276.4	100.0	0	0.0
41.7	25.7	6.7	165.6	279.6	100.0	0	0.0
47.4	25.9	5.3	149.8	282.8	100.0	0	0.0
47.7	40.5	5.5	53.7	180.1	46.5	21	0.0
47.3	42.6	2.2	61.9	274.4	94.0	0	0.0
50.8	41.0	7.8	74.2	273.1	77.3	0	0.0
54.2	48.5	7.8	115.8	139.3	15.4	31	0.0
47.5	34.7	5.4	161.5	299.9	98.3	0	0.0
42.0	34.6	11.4	91.9	183.7	29.3	2	0.0
52.7	39.0	11.0	182.1	299.8	66.2	60	0.0
46.5	28.8	3.7	143.3	310.9	96.9	0	0.0
42.0	36.6	7.1	88.5	159.9	32.5	35	0.0
44.1	35.5	6.8	222.3	248.6	56.9	0	0.0
48.7	33.4	6.0	180.2	322.2	90.6	0	0.0
42.5	24.0	9.2	309.8	326.1	88.0	1	0.0
36.1	19.4	6.9	226.2	285.9	69.8	0	0.0
49.1	28.2	6.5	90.0	333.9	84.4	0	0.0
57.4	41.5	15.9	238.8	204.2	60.4	21	0.0
43.2	23.6	5.6	230.0	341.9	100.0	0	0.0
35.0	27.7	9.2	79.4	187.6	30.7	49	121.7
33.8	29.9	11.3	81.1	153.0	12.8	6	14.4
33.4	24.1	9.3	257.9	354.2	88.9	0	0.0
37.0	25.1	3.0	147.5	349.8	97.9	0	0.0
45.3	32.5	10.0	75.8	362.5	100.0	0	0.0
45.7	38.4	11.1	86.6	177.8	23.1	55	0.0
39.9	33.8	13.7	275.2	190.1	16.7	1	0.0
40.8	29.7	11.5	279.8	249.1	50.5	0	0.0
39.3	27.6	11.2	302.1	375.2	88.5	0	0.0
03	31	2013
37.2	22.5	10.6	323.9	221.4	18.6	0	0.0
36.8	20.2	7.4	285.0	369.3	74.5	0	0.0
45.5	26.1	6.4	89.2	371.8	87.5	0	0.0
55.0	41.4	7.9	108.8	389.4	94.8	0	0.0
46.4	25.0	15.0	315.6	383.0	70.3	0	0.0
41.1	21.8	5.7	189.2	405.0	100.0	0	0.0
51.2	29.1	8.2	92.5	409.3	95.3	0	0.0
53.9	35.1	9.6	81.7	307.1	57.3	0	0.0
61.1	47.4	9.0	125.0	266.7	41.5	27	0.0
48.4	43.5	11.3	212.2	199.7	13.3	85	0.0
40.1	27.0	9.9	237.2	415.0	76.3	0	0.0
47.9	30.4	6.5	200.0	386.2	90.1	0	0.0
47.2	22.9	3.3	122.9	428.9	94.8	0	0.0
55.8	35.7	6.5	105.4	439.2	100.0	0	0.0
65.4	44.0	8.1	129.8	443.5	100.0	0	0.0
68.8	48.4	3.6	105.0	447.9	87.5	0	0.0
55.5	49.5	7.2	89.6	216.8	16.3	21	0.0
50.7	41.8	5.9	215.1	331.3	58.0	1	0.0
50.0	33.0	6.4	52.9	461.0	100.0	0	0.0
48.0	25.9	5.5	121.2	464.6	99.5	0	0.0
40.1	26.7	11.9	88.8	247.5	38.4	21	0.0
42.0	37.4	11.2	76.5	241.0	12.5	12	0.0
44.4	38.5	7.5	87.5	230.0	13.9	1	0.0
38.4	28.6	16.8	284.9	248.6	37.8	1	0.0
35.3	20.3	11.1	297.1	346.2	61.5	0	0.0
38.2	22.0	5.8	224.4	486.6	98.4	0	0.0
49.4	26.4	5.0	88.3	495.1	92.7	0	0.0
60.0	42.3	6.9	124.2	461.4	70.8	0	0.0
59.2	53.1	4.9	56.0	260.0	24.3	16	0.0
60.8	55.4	7.1	95.3	359.4	28.0	43	0.0
62.8	50.4	4.4	140.5	503.2	79.2	2	0.0
04	30	2013
60.4	44.6	5.3	107.3	515.6	87.5	4	0.0
45.9	38.7	12.6	83.1	259.6	26.2	76	0.0
46.2	29.8	9.1	73.8	284.9	17.7	0	0.0
49.2	39.4	4.0	189.0	303.2	26.0	23	0.0
56.9	38.5	3.6	128.5	531.5	100.0	0	0.0
64.2	45.9	8.3	113.8	533.8	95.8	0	0.0
65.5	54.1	4.9	98.3	330.8	42.7	0	0.0
71.1	57.1	6.9	119.1	279.2	22.2	0	0.0
77.2	59.4	9.8	135.8	483.1	43.8	0	0.0
50.4	45.0	14.3	258.3	275.1	16.0	23	0.0
45.8	34.6	9.8	222.9	487.4	62.4	0	0.0
52.2	36.3	6.3	168.8	558.2	100.0	0	0.0
59.2	44.1	7.5	70.2	484.1	72.4	0	0.0
68.7	50.0	8.1	121.2	550.7	89.6	0	0.0
72.4	60.2	6.9	106.2	437.2	65.6	0	0.0
76.7	62.6	5.0	119.8	438.4	61.5	0	0.0
79.2	65.4	9.1	136.4	418.2	53.5	0	0.0
55.0	44.8	17.3	269.9	282.5	19.0	32	0.0
48.3	28.8	9.9	245.6	580.5	92.7	0	0.0
57.0	38.7	4.4	65.6	586.1	100.0	0	0.0
60.7	40.0	6.5	97.3	589.4	100.0	0	0.0
63.6	43.6	6.3	102.5	592.1	96.3	0	0.0
55.3	47.1	9.6	214.6	290.0	25.1	25	0.0
48.9	33.3	7.5	247.1	563.8	68.2	5	0.0
56.7	34.6	3.4	60.4	602.0	95.3	0	0.0
55.7	47.6	10.3	80.2	287.2	19.1	7	0.0
56.7	52.6	8.5	188.7	297.0	14.2	52	0.0
62.9	51.7	4.4	196.5	560.2	67.7	0	0.0
70.9	55.8	6.5	111.2	613.8	100.0	0	0.0
73.2	53.1	5.3	100.6	612.7	98.4	0	0.0
05	31	2013
70.7	58.8	8.3	93.3	613.1	96.9	0	0.0
53.2	49.2	9.7	258.7	298.5	23.4	8	0.0
48.0	31.8	11.7	253.0	424.2	30.6	6	0.0
46.0	38.4	7.6	271.2	307.0	26.7	10	0.0
52.9	41.9	8.5	279.6	524.2	66.7	0	0.0
59.9	49.9	7.9	239.3	495.2	66.7	0	0.0
66.4	52.4	1.7	39.4	635.7	100.0	0	0.0
71.4	56.1	4.4	78.5	601.6	92.7	0	0.0
70.2	61.1	5.8	149.4	494.2	52.1	2	0.0
69.5	59.4	6.8	239.1	506.8	60.2	21	0.0
67.8	49.2	8.5	274.4	610.2	89.6	1	0.0
61.4	40.7	3.4	87.1	627.5	87.0	0	0.0
70.2	49.8	7.6	122.3	649.9	90.1	0	0.0
74.8	55.1	5.7	127.9	652.1	100.0	0	0.0
70.5	61.4	5.7	130.2	469.2	58.7	8	0.0
67.5	62.5	5.4	76.2	296.0	25.9	29	0.0
73.0	66.0	2.5	77.4	544.0	61.3	0	0.0
80.3	70.6	6.4	107.4	572.2	73.1	0	0.0
82.3	65.9	7.5	109.0	662.2	100.0	0	0.0
77.1	66.1	7.2	128.8	374.7	41.3	40	0.0
64.4	61.3	7.5	148.4	305.4	26.9	120	0.0
69.2	60.4	5.2	146.9	635.0	88.1	0	0.0
68.7	62.8	0.9	32.1	651.3	88.0	0	0.0
70.6	57.9	10.2	85.0	669.5	97.9	0	0.0
72.5	59.9	7.1	89.2	636.4	77.1	0	0.0
76.0	64.3	6.2	114.7	599.7	80.2	0	0.0
77.8	65.8	6.8	124.0	593.2	67.2	0	0.0
80.1	64.3	7.8	140.0	670.1	92.7	0	0.0
78.3	65.2	7.5	121.2	586.5	82.8	0	0.0
72.8	66.0	8.3	132.1	486.3	43.1	42	0.0
80.0	70.1	5.9	138.1	459.8	50.0	0	0.0
06	30	2013
70.2	64.0	4.8	101.8	454.8	42.9	153	0.0
69.2	57.0	5.7	149.8	513.5	81.2	0	0.0
70.8	58.4	5.5	72.9	680.7	99.0	0	0.0
73.1	63.5	6.6	85.4	653.6	91.2	0	0.0
73.1	65.6	5.7	156.9	572.5	73.8	11	0.0
72.1	61.7	5.7	226.2	499.6	75.0	0	0.0
72.1	54.9	4.7	221.7	636.1	91.7	0	0.0
73.5	57.4	3.0	70.0	688.6	100.0	0	0.0
77.2	61.4	5.4	148.8	656.1	91.7	0	0.0
81.8	65.4	6.3	135.0	690.1	95.3	0	0.0
83.9	69.2	6.0	140.6	690.7	100.0	0	0.0
85.0	70.3	9.1	182.3	676.9	96.3	0	0.0
86.1	72.8	6.4	161.8	691.5	95.5	0	0.0
83.8	70.6	6.6	81.7	655.0	82.8	0	0.0
82.7	68.8	5.3	101.2	692.8	88.5	0	0.0
77.9	71.5	6.1	90.2	582.7	58.8	122	0.0
75.2	68.7	7.7	217.6	457.9	45.2	42	0.0
78.1	66.6	3.5	64.6	693.8	97.4	0	0.0
79.4	66.5	4.2	80.8	655.5	90.6	0	0.0
82.4	71.1	5.8	103.1	599.7	86.5	0	0.0
84.7	72.0	4.5	102.1	668.5	94.3	0	0.0
84.0	71.2	6.2	110.6	677.4	96.3	0	0.0
83.8	70.0	6.1	106.7	687.1	97.4	0	0.0
83.7	70.0	5.2	110.6	676.4	95.3	0	0.0
83.8	70.2	6.7	115.8	685.5	96.3	0	0.0
86.4	72.1	7.2	161.2	694.1	100.0	0	0.0
89.0	73.5	4.9	168.3	693.9	100.0	0	0.0
89.1	68.4	9.0	284.2	691.9	97.9	0	0.0
82.2	57.6	9.0	268.8	688.1	97.4	0	0.0
77.3	57.9	9.0	299.8	593.4	82.8	0	0.0
07	31	2013
76.7	56.1	8.1	244.8	574.0	78.1	0	0.0
75.3	54.8	5.7	192.7	660.1	89.1	0	0.0
75.4	56.3	4.4	56.0	691.6	100.0	0	0.0
77.9	57.5	2.0	36.7	691.0	97.9	0	0.0
80.4	60.4	3.5	70.6	687.9	98.4	0	0.0
81.5	62.8	5.3	80.6	689.8	100.0	0	0.0
84.4	65.0	5.0	121.9	683.9	97.4	0	0.0
85.0	69.8	3.8	112.3	576.9	84.7	0	0.0
87.5	69.0	6.0	139.4	638.5	91.2	0	0.0
87.5	69.5	6.6	146.5	653.4	85.9	0	0.0
85.5	70.7	4.1	61.7	685.7	90.3	0	0.0
83.5	66.6	7.9	81.9	684.7	100.0	0	0.0
80.0	59.9	5.3	77.3	682.7	99.0	0	0.0
81.3	62.3	8.7	74.4	678.5	97.9	0	0.0
79.2	68.4	6.7	142.6	591.4	75.7	4	0.0
79.7	71.6	4.1	50.1	640.0	84.2	16	0.0
84.5	69.7	5.1	75.6	634.1	92.7	0	0.0
85.9	68.1	4.9	136.7	645.0	94.8	0	0.0
80.8	69.2	3.7	79.4	676.4	100.0	0	0.0
79.1	71.0	4.1	72.1	570.6	80.4	6	0.0
82.8	70.7	4.4	98.8	602.5	80.7	0	0.0
83.7	71.2	5.4	108.0	497.0	77.6	0	0.0
85.3	71.4	7.9	150.9	658.9	78.8	139	0.0
79.0	69.6	5.5	129.8	612.0	75.3	38	0.0
80.9	72.1	3.9	59.3	564.9	82.5	0	0.0
72.9	69.4	7.3	69.9	333.4	32.8	27	0.0
77.6	64.8	3.9	162.8	603.4	66.0	0	0.0
78.6	65.6	5.6	66.0	661.6	94.3	0	0.0
81.2	70.7	6.9	112.4	487.1	59.0	0	0.0
82.0	72.8	4.7	122.7	516.7	52.6	9	0.0
84.4	74.8	4.6	74.8	611.3	65.3	0	0.0
08	31	2013
83.6	71.0	3.9	31.9	652.8	94.3	0	0.0
84.0	74.3	5.5	84.0	648.0	97.9	0	0.0
82.2	73.6	6.8	56.9	604.4	90.6	0	0.0
79.9	74.0	7.5	77.0	613.0	87.3	10	0.0
85.3	74.3	5.7	122.5	642.3	92.7	0	0.0
88.8	73.3	4.2	153.1	640.7	98.4	0	0.0
88.0	75.0	5.9	96.7	606.9	85.4	0	0.0
82.2	73.9	7.8	104.5	612.6	61.5	35	0.0
79.7	73.5	5.6	113.2	559.7	52.8	86	0.0
82.9	73.6	4.7	121.1	532.5	51.4	0	0.0
82.0	73.2	4.4	62.4	510.7	65.4	0	0.0
79.9	73.3	4.5	102.2	526.4	87.0	1	0.0
74.2	70.4	3.5	56.1	376.1	34.1	98	0.0
75.5	63.7	7.7	73.3	622.1	75.5	0	0.0
71.5	58.9	4.3	63.5	620.6	99.0	0	0.0
70.3	60.8	4.2	57.9	565.0	86.5	2	0.0
73.5	61.8	1.8	53.5	608.0	95.8	0	0.0
76.7	64.7	3.7	40.4	600.0	95.8	0	0.0
77.0	65.3	2.8	52.9	603.1	97.4	0	0.0
78.8	67.2	4.4	61.5	580.4	95.3	0	0.0
80.5	68.0	4.1	69.0	566.1	93.8	0	0.0
82.0	69.1	3.3	75.8	600.3	100.0	0	0.0
83.3	70.5	4.9	66.0	595.4	97.4	0	0.0
83.8	71.6	6.6	64.6	577.9	96.3	0	0.0
83.0	73.2	3.6	51.2	543.5	90.1	12	0.0
82.7	69.1	3.9	89.2	557.1	91.2	0	0.0
82.1	68.7	3.5	96.2	518.5	83.3	0	0.0
84.2	70.4	3.3	93.5	580.9	94.8	0	0.0
85.2	70.9	2.7	49.8	564.1	96.9	0	0.0
86.8	71.5	3.0	94.6	574.1	100.0	0	0.0
86.9	70.8	4.0	102.9	566.5	97.9	0	0.0
09	30	2013
84.4	71.4	4.6	72.1	557.8	93.8	0	0.0
84.4	68.4	5.0	189.8	525.2	81.2	0	0.0
80.5	64.5	4.3	50.5	559.9	95.0	0	0.0
79.2	62.9	5.2	59.2	556.2	100.0	0	0.0
78.4	61.8	4.9	62.3	552.6	100.0	0	0.0
79.2	62.5	5.2	58.8	548.8	100.0	0	0.0
83.1	65.8	3.6	65.4	531.4	96.9	0	0.0
84.4	66.4	3.1	92.9	528.5	95.3	0	0.0
84.2	64.9	3.5	86.0	530.4	96.3	0	0.0
83.8	65.2	3.9	100.8	530.4	91.2	0	0.0
84.7	67.6	4.0	83.8	524.6	90.8	0	0.0
81.3	70.0	3.7	79.2	488.6	92.4	4	0.0
78.0	62.5	7.3	72.3	462.5	87.0	5	0.0
72.3	53.4	7.7	75.4	518.6	100.0	0	0.0
75.8	57.1	6.0	84.6	514.7	100.0	0	0.0
79.7	64.6	5.7	52.5	439.1	77.1	0	0.0
80.0	65.2	7.7	66.9	506.0	90.6	0	0.0
80.5	67.0	5.1	96.7	459.1	80.7	1	0.0
81.3	69.2	7.4	115.4	440.1	81.2	2	0.0
72.6	64.7	7.2	130.5	338.3	48.2	48	0.0
68.2	49.7	4.7	107.5	490.4	100.0	0	0.0
66.2	51.8	4.5	50.6	486.3	100.0	0	0.0
69.3	54.1	4.6	85.0	482.1	99.0	0	0.0
73.2	56.3	6.2	176.2	477.9	95.8	0	0.0
71.8	58.7	5.4	197.7	471.2	99.0	0	0.0
75.2	59.7	5.4	67.5	469.5	100.0	0	0.0
76.7	60.8	7.0	101.9	459.7	96.9	0	0.0
74.1	66.1	5.9	151.5	296.2	24.8	35	0.0
70.1	64.2	3.5	148.1	288.1	37.5	0	0.0
74.5	66.3	4.9	96.5	327.4	43.6	0	0.0
10	31	2013
77.3	69.0	4.6	92.3	363.9	71.9	0	0.0
77.7	68.5	5.2	105.3	346.4	60.8	0	0.0
77.5	68.5	6.7	116.7	321.2	67.0	0	0.0
78.9	67.4	5.1	101.7	381.9	82.8	0	0.0
61.8	58.4	7.5	212.8	208.8	45.1	70	0.0
57.3	44.6	8.0	252.9	426.2	92.1	0	0.0
61.2	45.7	3.2	121.5	421.9	100.0	0	0.0
61.6	47.4	5.7	67.1	417.5	100.0	0	0.0
63.2	50.9	4.0	55.8	413.1	100.0	0	0.0
66.5	54.6	4.3	77.9	408.8	100.0	0	0.0
70.6	61.7	6.4	99.2	267.1	58.3	0	0.0
73.1	65.9	4.4	56.2	324.8	49.2	16	0.0
70.5	59.8	6.7	76.1	304.5	60.4	0	0.0
63.8	57.0	7.4	78.8	225.7	42.7	50	0.0
63.0	60.1	7.4	222.2	190.8	14.7	76	0.0
57.9	47.1	5.3	248.1	233.6	24.8	7	0.0
55.9	45.2	4.4	174.2	378.4	98.4	0	0.0
54.2	50.1	3.1	85.3	233.9	41.9	12	0.0
50.2	39.9	6.5	214.7	365.1	73.6	1	0.0
55.6	42.4	3.6	78.8	357.2	81.8	0	0.0
53.6	48.9	3.7	115.8	185.5	47.0	12	0.0
54.1	43.4	4.5	146.5	342.5	93.8	0	0.0
56.0	41.3	2.3	81.9	353.5	100.0	0	0.0
54.7	39.5	6.3	105.2	349.5	100.0	0	0.0
48.6	32.6	7.2	83.1	334.9	96.9	0	0.0
53.5	45.4	3.2	58.5	205.6	45.6	0	0.0
60.5	54.4	2.1	82.7	258.9	51.2	0	0.0
61.0	55.5	5.8	87.6	210.1	56.2	0	0.0
67.4	61.8	6.2	94.2	165.9	26.9	6	0.0
68.2	63.4	4.6	101.8	198.4	31.1	35	0.0
64.2	55.6	10.1	173.6	292.1	65.8	7	0.0
11	30	2013
58.1	43.6	6.1	176.0	318.5	95.4	0	0.0
51.8	37.4	7.1	235.6	313.6	99.0	0	0.0
52.0	38.7	5.8	86.3	310.5	94.3	0	0.0
55.1	47.7	6.5	102.8	163.9	27.3	18	0.0
60.1	58.0	6.8	84.7	142.1	13.5	59	0.0
50.7	45.7	9.1	254.6	142.3	34.6	6	0.0
47.0	37.2	3.3	131.9	297.9	99.8	0	0.0
52.2	38.7	3.7	72.6	282.7	94.4	0	0.0
55.9	44.9	3.2	85.6	202.6	31.8	0	0.0
59.8	46.9	3.1	36.9	176.6	43.8	0	0.0
59.2	48.1	2.8	82.3	268.0	66.2	0	0.0
43.9	24.2	10.4	226.6	281.6	76.7	0	0.0
37.8	21.3	2.9	49.8	278.5	100.0	0	0.0
44.1	27.4	4.0	74.2	275.5	80.2	0	0.0
52.3	44.3	6.4	81.0	161.3	20.5	0	0.0
65.5	57.4	9.7	138.1	155.3	34.9	0	0.0
72.9	47.4	12.7	261.0	265.3	90.6	0	0.0
55.4	31.8	3.9	83.8	263.9	100.0	0	0.0
52.2	30.4	8.1	78.1	174.7	59.4	0	0.0
55.2	30.7	8.9	102.9	239.8	58.9	0	0.0
55.4	49.5	7.5	76.5	131.6	15.6	51	0.0
40.8	36.3	10.2	319.0	128.3	13.9	10	0.0
40.5	26.6	10.0	199.3	135.2	50.0	0	0.0
30.8	14.7	7.2	82.3	189.1	56.2	1	1.3
33.7	26.9	5.4	110.8	113.2	11.9	2	5.9
41.4	27.8	9.8	289.2	221.7	63.4	0	0.0
32.4	13.4	5.7	222.7	241.8	100.0	0	0.0
35.4	22.2	0.8	23.1	239.7	100.0	0	0.0
39.6	25.6	1.1	15.0	237.7	100.0	0	0.0
45.7	36.7	4.0	68.1	235.7	90.1	0	0.0
12	31	2013
52.5	45.2	3.7	36.9	120.9	25.5	0	0.0
53.6	48.1	1.5	81.9	218.9	69.0	0	0.0
51.1	49.0	7.4	62.3	154.6	63.1	0	0.0
53.1	46.5	10.0	188.6	223.8	83.5	0	0.0
32.8	27.0	10.1	314.6	97.9	10.0	57	144.3
25.8	20.9	9.3	261.5	153.7	18.0	30	102.1
22.6	15.8	6.4	56.0	218.9	56.8	0	0.0
28.1	25.2	4.6	67.5	107.3	12.8	0	0.0
30.5	23.8	6.2	243.2	165.0	41.5	0	0.0
25.6	20.9	5.1	154.8	205.4	80.7	0	0.0
30.2	26.5	4.4	127.9	176.4	85.2	0	0.0
30.5	24.9	2.9	42.4	218.4	96.0	0	0.0
35.9	32.5	7.0	69.8	118.4	29.2	25	1.3
36.6	32.0	8.6	249.4	104.2	22.6	1	0.0
36.6	28.2	3.9	149.4	215.9	100.0	0	0.0
43.2	32.4	1.3	34.8	215.3	100.0	0	0.0
45.1	31.5	2.2	99.4	214.7	100.0	0	0.0
48.1	33.9	5.4	72.9	214.2	100.0	0	0.0
60.8	49.7	7.5	137.7	128.5	39.1	0	0.0
50.8	45.6	8.3	182.5	104.2	23.4	25	0.0
38.8	37.3	7.6	170.2	104.6	12.3	93	0.0
34.7	27.6	10.0	297.6	110.0	16.0	0	0.0
31.8	22.2	5.9	256.5	122.4	26.0	0	0.0
31.7	23.0	6.1	72.5	213.0	100.0	0	0.0
35.7	28.1	6.3	155.2	207.1	93.2	0	0.0
34.9	30.0	2.0	75.9	205.0	93.0	0	0.0
38.2	29.3	0.8	14.2	213.5	100.0	0	0.0
40.2	31.8	3.6	38.8	213.9	92.7	0	0.0
36.9	28.2	7.3	234.7	109.4	33.0	0	0.0
29.3	20.5	3.7	239.9	111.0	42.5	0	0.0
33.9	23.2	1.9	28.1	215.4	100.0	0	0.0
