01	31	1996
46.0	44.9	9.9	91.0	222.1	100.0	0	0.0
37.8	34.8	12.6	303.8	222.8	100.0	0	0.0
32.3	24.9	7.7	236.9	223.7	100.0	0	0.0
39.7	29.2	9.0	185.0	224.6	100.0	0	0.0
38.0	32.5	10.0	42.7	225.6	100.0	0	0.0
28.7	24.3	14.0	184.9	226.7	100.0	0	0.0
19.8	6.0	13.7	330.8	227.8	100.0	0	0.0
25.5	10.0	8.7	248.8	229.1	100.0	0	0.0
41.2	21.1	8.0	240.4	230.4	100.0	0	0.0
40.1	31.1	5.5	130.4	231.8	100.0	0	0.0
43.8	35.6	7.9	206.7	233.2	100.0	0	0.0
44.0	28.4	4.6	188.8	234.8	100.0	0	0.0
52.9	31.0	6.5	240.8	236.4	100.0	0	0.0
56.6	36.4	6.7	182.9	238.1	100.0	0	0.0
44.8	40.5	4.8	57.3	239.9	100.0	0	0.0
53.4	48.8	4.9	117.6	241.7	100.0	0	0.0
65.7	55.6	13.4	169.8	243.6	100.0	0	0.0
37.7	27.9	18.9	253.8	245.6	100.0	0	0.0
20.8	5.1	9.2	211.7	247.7	100.0	0	0.0
29.7	22.2	6.7	110.8	250.0	100.0	0	0.0
31.3	29.7	4.5	137.1	252.3	100.0	0	0.0
38.5	38.0	4.4	119.5	254.7	100.0	0	0.0
53.0	48.9	13.5	223.5	257.1	100.0	0	0.0
35.8	21.1	7.4	251.7	259.6	100.0	0	0.0
41.6	24.8	6.4	118.8	262.3	100.0	0	0.0
43.8	31.3	11.2	204.2	265.0	100.0	0	0.0
33.2	12.2	8.7	237.1	267.7	100.0	0	0.0
38.0	21.8	7.9	129.0	270.6	100.0	0	0.0
51.6	38.7	7.0	132.3	273.5	100.0	0	0.0
33.7	26.8	12.1	93.7	276.5	100.0	0	0.0
21.8	8.5	12.6	125.8	279.5	100.0	0	0.0
02	29	1996
23.8	9.8	9.5	45.1	282.6	100.0	0	0.0
21.8	9.8	15.6	46.5	285.8	100.0	0	0.0
16.4	0.0	11.2	183.8	289.1	100.0	0	0.0
14.8	0.9	7.7	251.2	292.3	100.0	0	0.0
23.7	12.2	6.9	167.9	295.7	100.0	0	0.0
39.2	30.5	5.4	132.0	299.1	100.0	0	0.0
52.5	46.1	10.0	182.8	302.6	100.0	0	0.0
59.8	53.1	10.7	235.4	306.1	100.0	0	0.0
54.6	44.1	5.1	110.8	309.7	100.0	0	0.0
61.8	52.5	10.6	227.6	313.3	100.0	0	0.0
50.3	15.9	12.0	317.1	316.9	100.0	0	0.0
42.2	16.2	7.7	286.2	320.7	100.0	0	0.0
50.0	19.8	10.7	222.5	324.4	100.0	0	0.0
58.8	27.3	6.9	241.2	328.2	100.0	0	0.0
48.0	28.1	9.9	237.5	332.1	100.0	0	0.0
32.0	11.5	9.9	300.8	335.9	100.0	0	0.0
43.4	16.6	8.5	232.9	339.9	100.0	0	0.0
42.7	27.1	6.7	105.8	343.8	100.0	0	0.0
52.4	48.2	5.4	194.6	347.8	100.0	0	0.0
56.5	48.2	4.6	100.9	351.9	100.0	0	0.0
58.9	53.0	5.1	74.8	355.9	100.0	0	0.0
56.7	55.5	4.6	104.4	360.0	100.0	0	0.0
65.0	48.9	11.8	222.5	364.1	100.0	0	0.0
52.7	32.0	5.3	112.5	368.2	100.0	0	0.0
61.0	49.5	6.1	121.7	372.4	100.0	0	0.0
69.6	61.8	10.0	189.3	376.5	100.0	0	0.0
63.5	57.0	11.5	261.9	380.7	100.0	0	0.0
39.3	20.8	11.8	311.2	384.9	100.0	0	0.0
32.4	15.6	8.2	153.3	389.2	100.0	0	0.0
03	31	1996
41.4	23.3	6.7	206.2	393.4	100.0	0	0.0
47.8	25.2	9.1	281.7	397.6	100.0	0	0.0
40.8	21.8	9.4	87.9	401.9	100.0	0	0.0
53.8	35.5	8.6	126.7	406.1	100.0	0	0.0
66.3	59.5	13.8	195.0	410.4	100.0	0	0.0
57.5	52.8	13.3	246.2	414.7	100.0	0	0.0
32.9	13.5	15.8	348.1	418.9	100.0	0	0.0
25.1	2.0	12.0	305.4	423.2	100.0	0	0.0
31.0	6.9	6.0	245.4	427.4	100.0	0	0.0
36.1	19.7	4.1	86.7	431.7	100.0	0	0.0
42.0	24.5	4.7	106.7	435.9	100.0	0	0.0
49.9	24.9	5.8	109.2	440.1	100.0	0	0.0
56.3	46.0	8.4	178.7	444.4	100.0	0	0.0
63.1	54.4	9.3	179.2	448.6	100.0	0	0.0
68.1	56.1	8.9	255.0	452.8	100.0	0	0.0
61.8	44.4	7.8	244.6	456.9	100.0	0	0.0
59.2	44.8	5.9	54.6	461.1	100.0	0	0.0
45.6	40.0	14.2	149.2	465.2	100.0	0	0.0
41.6	25.8	13.6	302.1	469.4	100.0	0	0.0
40.4	20.8	13.0	290.0	473.5	100.0	0	0.0
46.2	22.2	8.0	278.3	477.7	100.0	0	0.0
50.1	26.6	4.2	140.8	481.9	100.0	0	0.0
57.6	35.6	9.1	147.5	486.1	100.0	0	0.0
60.7	52.9	9.8	149.7	490.3	100.0	0	0.0
45.0	30.2	11.0	274.6	494.6	100.0	0	0.0
39.2	20.4	10.9	89.2	498.8	100.0	0	0.0
44.7	27.6	9.4	52.5	502.9	100.0	0	0.0
48.2	42.5	5.7	220.2	507.1	100.0	0	0.0
50.2	45.2	5.7	98.1	511.2	100.0	0	0.0
52.2	49.6	6.0	93.1	515.3	100.0	0	0.0
51.9	43.5	11.9	306.3	519.4	100.0	0	0.0
04	30	1996
51.6	30.5	7.2	163.8	523.4	100.0	0	0.0
54.2	38.5	6.5	112.9	527.4	100.0	0	0.0
61.6	36.7	9.8	183.3	531.4	100.0	0	0.0
56.4	45.4	11.7	221.0	535.3	100.0	0	0.0
42.9	31.2	8.0	72.5	539.2	100.0	0	0.0
45.6	25.9	9.0	213.3	543.0	100.0	0	0.0
52.9	30.0	7.7	161.2	546.8	100.0	0	0.0
54.0	38.0	8.8	106.2	550.6	100.0	0	0.0
49.5	34.2	6.3	83.3	554.3	100.0	0	0.0
54.5	33.8	6.1	120.4	558.0	100.0	0	0.0
63.8	51.1	8.1	152.9	561.6	100.0	0	0.0
66.9	59.3	10.4	214.8	565.2	100.0	0	0.0
63.0	56.1	8.1	194.1	568.8	100.0	0	0.0
64.2	58.8	8.4	151.7	572.3	100.0	0	0.0
51.2	34.3	13.8	293.8	575.8	100.0	0	0.0
59.7	36.6	7.0	233.8	579.2	100.0	0	0.0
63.0	40.7	8.9	164.6	582.5	100.0	0	0.0
68.5	60.1	9.2	187.9	585.9	100.0	0	0.0
76.3	65.1	11.1	188.2	589.1	100.0	0	0.0
69.0	53.1	7.8	271.7	592.3	100.0	0	0.0
69.1	61.8	7.6	139.4	595.5	100.0	0	0.0
64.4	59.7	8.8	204.0	598.6	100.0	0	0.0
60.1	45.8	6.6	257.5	601.7	100.0	0	0.0
64.4	47.4	8.0	162.5	604.7	100.0	0	0.0
70.0	52.0	13.6	234.6	607.7	100.0	0	0.0
67.7	39.2	10.3	285.0	610.6	100.0	0	0.0
65.1	44.1	5.8	103.8	613.5	100.0	0	0.0
74.6	64.0	10.0	181.9	616.3	100.0	0	0.0
56.0	46.1	14.3	290.1	619.0	100.0	0	0.0
56.0	39.0	8.2	244.6	621.7	100.0	0	0.0
05	31	1996
64.1	45.6	6.8	190.4	624.4	100.0	0	0.0
69.9	58.9	6.4	153.3	627.0	100.0	0	0.0
71.5	63.5	7.8	195.2	629.5	100.0	0	0.0
74.5	63.3	7.4	169.6	632.0	100.0	0	0.0
75.9	68.2	6.8	191.2	634.5	100.0	0	0.0
73.3	68.9	7.3	154.6	636.9	100.0	0	0.0
74.0	67.5	6.7	187.5	639.2	100.0	0	0.0
75.4	64.8	8.5	183.9	580.5	100.0	0	0.0
75.9	66.0	8.3	181.2	643.9	100.0	0	0.0
75.3	68.2	8.4	199.2	646.2	100.0	0	0.0
66.0	59.5	7.6	192.6	648.4	100.0	0	0.0
63.5	53.2	5.4	89.6	650.6	100.0	0	0.0
61.4	54.6	7.7	70.3	652.7	100.0	0	0.0
68.0	61.2	7.9	118.8	654.7	100.0	0	0.0
75.0	66.1	10.2	195.2	656.7	100.0	0	0.0
76.2	67.5	9.7	179.8	658.7	100.0	0	0.0
77.4	67.5	10.9	200.2	660.6	100.0	0	0.0
77.7	68.2	8.7	195.4	662.4	100.0	0	0.0
77.9	68.0	9.2	193.1	664.2	100.0	0	0.0
78.3	67.7	10.3	202.4	666.0	100.0	0	0.0
79.3	69.9	8.6	150.8	667.6	100.0	0	0.0
73.2	65.3	7.6	91.1	669.2	100.0	0	0.0
79.8	66.2	7.6	170.8	670.8	100.0	0	0.0
79.9	68.7	8.9	181.2	672.3	100.0	0	0.0
81.5	70.7	4.3	140.4	673.8	100.0	0	0.0
80.8	70.1	7.5	185.0	675.2	100.0	0	0.0
77.7	72.1	10.7	201.9	676.6	100.0	0	0.0
80.6	72.6	8.2	217.3	677.9	100.0	0	0.0
75.4	61.5	8.7	127.1	679.1	100.0	0	0.0
69.1	57.9	7.8	49.6	680.3	100.0	0	0.0
70.8	62.4	6.5	87.9	681.5	100.0	0	0.0
06	30	1996
68.3	65.7	5.4	165.1	682.5	100.0	0	0.0
74.0	63.3	5.8	245.7	683.6	100.0	0	0.0
74.0	61.0	7.2	195.6	684.6	100.0	0	0.0
72.2	63.7	4.2	125.1	685.5	100.0	0	0.0
77.8	68.1	7.0	135.0	686.4	100.0	0	0.0
78.9	70.4	11.2	211.1	687.2	100.0	0	0.0
73.9	65.0	8.7	281.9	688.0	100.0	0	0.0
67.7	59.6	9.0	289.2	688.7	100.0	0	0.0
68.2	58.0	8.0	305.0	689.4	100.0	0	0.0
71.4	62.6	6.2	231.2	690.0	100.0	0	0.0
76.4	66.8	7.3	213.3	690.5	100.0	0	0.0
78.6	71.0	5.2	153.1	691.1	100.0	0	0.0
78.1	71.0	5.5	152.1	691.5	100.0	0	0.0
80.0	70.3	4.3	97.9	691.9	100.0	0	0.0
81.8	70.0	4.1	62.1	692.3	100.0	0	0.0
83.8	71.3	3.7	102.9	692.7	100.0	0	0.0
83.7	73.2	5.0	137.3	693.0	100.0	0	0.0
82.8	70.9	6.3	228.3	693.2	100.0	0	0.0
79.6	71.2	7.1	187.8	693.4	100.0	0	0.0
82.2	70.9	4.2	105.8	693.5	100.0	0	0.0
85.1	72.0	4.2	153.8	693.6	100.0	0	0.0
86.0	73.3	4.8	182.5	693.6	100.0	0	0.0
84.4	72.2	7.9	213.3	693.6	100.0	0	0.0
81.7	72.4	7.9	222.1	693.5	100.0	0	0.0
81.1	74.0	6.7	155.0	693.4	100.0	0	0.0
79.9	75.2	4.4	79.2	693.2	100.0	0	0.0
79.4	68.7	5.3	74.2	693.0	100.0	0	0.0
81.9	69.5	5.0	84.2	692.7	100.0	0	0.0
83.5	71.2	4.4	147.1	692.4	100.0	0	0.0
87.0	69.7	6.0	230.0	692.0	100.0	0	0.0
07	31	1996
85.0	71.1	6.2	232.6	674.2	92.4	0	0.0
85.8	72.6	6.6	197.4	520.0	69.0	0	0.0
84.0	67.7	6.6	117.8	665.5	81.5	0	0.0
78.5	63.1	4.0	60.4	361.3	35.9	0	0.0
76.9	68.9	5.2	150.5	473.4	42.2	0	0.0
82.8	74.9	9.7	203.8	565.1	59.5	0	0.0
84.1	75.7	8.7	222.9	480.1	57.3	0	0.0
85.7	72.8	8.2	222.3	520.0	63.5	0	0.0
79.4	63.3	6.5	134.2	418.6	38.5	0	0.0
73.5	60.7	7.2	157.1	394.3	15.6	0	0.0
74.9	62.6	4.5	68.6	290.1	17.6	0	0.0
76.9	68.0	4.1	139.8	288.9	42.4	0	0.0
81.1	71.0	4.9	177.4	445.3	45.6	0	0.0
77.0	72.8	7.0	198.4	394.4	34.4	0	0.0
79.5	68.4	4.3	210.4	621.3	77.1	0	0.0
81.8	73.0	5.9	137.4	470.6	40.0	0	0.0
83.1	71.7	8.4	194.6	568.1	58.9	0	0.0
83.9	72.3	8.2	195.6	577.6	79.2	0	0.0
85.9	72.7	8.9	227.3	647.2	84.1	0	0.0
86.3	74.3	7.3	237.2	624.8	77.8	0	0.0
88.5	72.5	11.2	229.2	644.4	81.2	0	0.0
86.1	72.1	10.6	213.7	632.9	55.2	0	0.0
79.8	70.5	5.5	146.2	481.6	35.9	0	0.0
80.5	71.9	5.4	135.4	525.3	50.0	0	0.0
81.2	67.7	5.8	164.0	563.8	58.3	0	0.0
78.1	70.2	6.1	94.4	436.7	39.2	0	0.0
75.2	70.9	5.8	125.3	367.9	31.5	0	0.0
79.8	73.3	5.5	186.9	405.7	27.8	0	0.0
80.6	72.3	9.3	211.7	397.0	38.6	0	0.0
74.2	72.0	5.8	208.3	230.4	3.3	0	0.0
78.6	70.6	4.3	121.3	437.0	43.8	0	0.0
08	31	1996
79.7	69.7	5.7	93.8	425.4	47.9	0	0.0
79.2	71.6	5.4	95.4	553.5	52.7	0	0.0
79.5	71.4	4.8	104.6	381.4	51.0	0	0.0
82.4	71.9	4.8	137.9	585.6	76.7	0	0.0
84.2	73.2	7.2	170.7	622.6	91.3	0	0.0
84.7	73.7	6.3	157.8	435.4	62.5	0	0.0
84.4	74.0	5.0	146.5	575.6	87.5	0	0.0
81.5	73.5	6.1	256.7	428.8	48.4	0	0.0
79.1	63.1	8.0	63.8	542.6	50.0	0	0.0
77.3	61.9	3.9	68.8	462.4	56.2	0	0.0
75.8	66.5	3.8	82.1	381.2	29.2	0	0.0
77.7	65.9	3.8	100.2	370.8	52.7	0	0.0
78.5	64.4	3.8	57.9	605.4	90.6	0	0.0
78.7	64.8	3.5	118.3	607.7	92.9	0	0.0
79.4	66.2	4.1	153.0	528.7	69.6	0	0.0
79.7	67.3	3.9	130.7	512.9	79.8	0	0.0
78.9	69.7	4.6	139.6	372.8	51.1	0	0.0
80.2	71.3	3.8	138.6	371.9	39.7	0	0.0
79.7	72.2	3.2	75.6	566.9	84.4	0	0.0
82.2	71.0	3.1	75.8	586.3	88.0	0	0.0
82.7	70.8	3.9	74.8	563.8	85.9	0	0.0
81.1	69.6	3.2	51.7	372.4	49.0	0	0.0
82.0	68.2	2.7	60.4	572.5	76.0	0	0.0
82.0	69.1	2.3	125.4	438.8	54.2	0	0.0
80.5	72.8	2.7	89.7	323.1	27.8	0	0.0
78.9	71.9	3.8	112.8	386.7	33.0	0	0.0
74.7	71.3	2.8	124.9	232.2	4.5	0	0.0
79.1	71.5	3.3	50.8	443.2	33.3	0	0.0
77.7	69.3	4.7	53.8	329.6	24.0	0	0.0
78.2	64.9	7.1	61.0	365.9	53.1	0	0.0
76.4	66.4	3.7	64.8	531.6	70.8	0	0.0
09	30	1996
74.0	64.7	7.1	73.8	198.4	0.0	0	0.0
72.8	67.4	5.8	46.0	322.0	35.4	0	0.0
75.3	66.6	3.3	107.0	397.0	60.9	0	0.0
77.8	66.3	5.6	85.0	533.5	83.3	0	0.0
79.0	66.5	5.6	120.2	503.4	89.7	0	0.0
79.8	69.5	3.9	150.2	442.5	77.6	0	0.0
80.7	69.2	4.8	185.5	435.6	76.0	0	0.0
77.5	71.4	6.6	232.5	344.6	65.3	0	0.0
78.5	64.7	6.8	287.5	519.6	91.7	0	0.0
77.0	63.8	6.1	116.1	513.2	87.0	0	0.0
78.0	62.7	5.3	163.0	514.1	93.5	0	0.0
77.1	61.7	7.5	175.2	435.7	60.3	0	0.0
69.2	52.0	6.4	70.0	375.9	58.3	0	0.0
71.8	55.9	4.8	83.9	444.7	51.6	0	0.0
73.8	67.1	9.2	134.9	220.1	21.2	0	0.0
73.8	67.1	9.2	231.7	304.0	17.7	0	0.0
69.6	59.8	7.2	57.3	362.0	42.7	0	0.0
68.4	56.8	6.6	70.2	309.0	50.5	0	0.0
69.8	57.9	5.6	100.8	226.1	36.5	0	0.0
70.6	63.6	5.8	114.3	374.8	34.8	0	0.0
71.8	58.2	7.3	280.8	470.4	67.7	0	0.0
71.6	55.2	7.8	226.2	473.2	92.7	0	0.0
74.4	57.8	7.2	159.6	462.5	78.1	0	0.0
71.4	63.8	8.1	64.7	283.3	14.1	0	0.0
71.9	64.3	5.9	104.0	282.7	15.6	0	0.0
73.5	67.7	10.1	188.7	184.8	19.1	0	0.0
57.8	54.8	8.6	272.4	171.0	10.2	0	0.0
60.0	47.9	8.1	287.9	443.5	77.8	0	0.0
62.6	49.4	2.2	77.2	451.9	96.7	0	0.0
63.0	52.5	3.8	87.9	443.3	89.6	0	0.0
10	31	1996
66.9	62.4	4.5	88.3	322.5	44.6	0	0.0
74.8	67.1	4.2	147.8	370.6	66.0	0	0.0
64.1	55.7	9.0	39.2	258.4	63.0	0	0.0
60.6	50.4	7.4	48.7	268.4	32.6	0	0.0
65.4	59.0	5.9	67.2	233.0	24.0	0	0.0
63.4	55.6	5.2	59.6	347.4	73.4	0	0.0
66.0	57.2	4.0	73.9	344.3	89.7	0	0.0
61.6	55.6	5.7	278.5	178.6	58.3	0	0.0
62.4	49.7	4.5	163.3	389.5	87.5	0	0.0
60.3	43.3	7.9	235.0	397.0	92.7	0	0.0
55.2	45.0	3.4	73.5	400.7	96.7	0	0.0
61.0	48.7	4.9	124.6	395.9	94.8	0	0.0
63.0	51.3	2.4	97.5	396.9	100.0	0	0.0
64.5	55.0	2.7	77.1	382.6	94.8	0	0.0
66.5	55.8	2.5	80.2	371.9	70.8	0	0.0
68.0	58.8	5.1	137.9	340.1	70.8	0	0.0
69.0	60.2	8.0	221.7	205.1	25.5	0	0.0
55.1	34.1	8.2	284.6	375.9	98.9	0	0.0
53.3	36.8	5.2	148.3	364.0	81.2	0	0.0
60.9	51.0	6.3	134.3	252.2	23.9	0	0.0
65.5	63.3	6.7	119.7	123.2	7.2	0	0.0
53.6	48.6	12.1	221.9	133.3	30.2	0	0.0
54.4	41.5	9.7	237.9	348.0	86.5	0	0.0
55.8	46.5	3.7	120.7	176.7	29.6	0	0.0
60.3	58.0	5.2	116.0	121.7	4.2	0	0.0
69.1	65.0	4.7	104.1	197.0	27.2	0	0.0
73.6	71.3	4.8	136.6	160.8	10.1	0	0.0
71.8	69.8	5.1	159.6	139.7	5.7	0	0.0
70.1	64.0	10.5	213.0	171.6	31.7	0	0.0
62.1	47.2	4.8	208.3	325.8	93.8	0	0.0
49.8	43.8	7.5	62.2	122.6	34.8	0	0.0
11	30	1996
45.8	42.6	8.3	189.1	112.5	13.6	0	0.0
45.8	31.0	7.9	303.3	312.5	96.9	0	0.0
44.0	27.3	4.5	100.8	301.7	87.5	0	0.0
53.0	39.6	6.2	140.0	243.6	49.5	0	0.0
64.5	56.8	6.3	178.8	239.1	40.1	0	0.0
66.1	60.7	7.0	159.8	142.6	23.4	0	0.0
57.4	52.5	11.0	297.0	121.2	23.8	0	0.0
48.5	35.6	10.1	283.3	283.4	83.3	0	0.0
48.0	33.0	8.0	238.3	204.3	58.3	0	0.0
43.4	28.6	4.5	147.1	233.0	69.8	0	0.0
42.2	32.4	6.3	58.7	217.5	65.8	0	0.0
39.6	32.4	8.6	64.4	99.6	4.2	0	0.0
44.5	40.9	6.2	73.3	103.3	2.6	0	0.0
41.1	39.7	10.0	59.4	97.5	14.6	0	0.0
48.2	46.5	7.7	80.3	128.7	41.3	0	0.0
56.0	47.6	15.4	145.2	134.9	7.3	0	0.0
55.3	51.8	8.8	259.0	102.2	3.1	0	0.0
49.0	43.0	4.7	124.4	102.2	19.8	0	0.0
51.5	49.9	6.3	102.5	94.4	30.6	0	0.0
52.6	52.6	5.3	81.7	192.0	84.8	0	0.0
54.4	48.8	10.0	288.5	95.3	1.4	0	0.0
42.5	36.1	8.5	77.5	147.5	39.6	0	0.0
48.2	43.6	3.4	70.8	95.3	16.7	0	0.0
52.5	51.0	9.7	126.7	97.0	3.6	0	0.0
40.6	37.4	11.4	223.3	92.3	4.3	0	0.0
39.1	25.3	9.3	184.1	247.9	81.4	0	0.0
34.1	23.0	7.4	45.2	132.8	64.1	0	0.0
37.7	28.7	2.6	85.4	118.2	27.1	0	0.0
50.6	45.4	6.2	121.0	97.9	1.4	0	0.0
53.5	51.5	6.2	169.0	123.7	23.7	0	0.0
12	31	1996
43.5	33.4	10.5	277.5	185.2	57.3	0	0.0
43.9	31.0	7.4	173.8	224.5	78.1	0	0.0
46.2	33.2	7.7	248.8	204.4	81.2	0	0.0
41.3	33.4	6.8	100.4	198.6	55.8	0	0.0
48.1	35.2	7.8	218.7	215.6	35.4	0	0.0
55.2	40.7	10.0	242.7	149.9	53.4	0	0.0
52.6	33.9	8.8	311.7	219.8	83.3	0	0.0
48.4	27.0	7.9	253.3	224.0	91.7	0	0.0
48.2	35.8	5.5	115.0	206.8	74.0	0	0.0
63.4	53.1	14.5	216.5	109.1	49.5	0	0.0
69.6	60.5	12.5	213.3	184.7	52.2	0	0.0
61.0	53.2	5.4	105.4	181.3	75.0	0	0.0
46.8	44.6	4.7	53.0	77.9	24.3	0	0.0
47.2	46.6	3.4	78.1	83.5	53.5	0	0.0
45.0	43.0	9.5	229.9	77.4	3.1	0	0.0
36.5	33.4	8.5	219.1	74.1	17.1	0	0.0
34.1	26.9	8.9	282.3	105.2	26.6	0	0.0
24.7	11.6	10.2	294.2	124.8	60.4	0	0.0
23.1	8.8	9.1	279.2	211.3	92.7	0	0.0
26.9	14.2	5.2	124.1	219.1	96.0	0	0.0
42.6	27.0	9.6	177.5	86.6	21.9	0	0.0
60.4	54.1	14.6	187.3	121.7	14.1	0	0.0
60.0	53.9	15.4	221.8	89.0	9.4	0	0.0
33.1	20.3	10.7	308.1	212.8	68.8	0	0.0
31.6	22.5	6.4	112.0	142.0	56.0	0	0.0
38.0	34.9	4.3	61.9	76.8	2.1	0	0.0
45.8	44.0	5.6	111.2	87.8	6.6	0	0.0
61.1	55.9	10.4	220.4	144.8	10.9	0	0.0
59.3	55.2	5.4	67.8	207.3	47.1	0	0.0
51.2	50.5	4.5	70.8	139.7	45.8	0	0.0
54.4	53.0	3.3	47.6	77.7	33.0	0	0.0
