   1    31    1962
43.0	38.0	5.4	170.4	235.5	48.0	.0	.0	
40.3	39.7	5.3	161.3	136.5	93.0	.0	.0	
40.3	38.0	7.6	222.5	207.5	80.0	.0	.0	
41.3	37.1	6.4	172.9	128.4	60.0	.0	.0	
37.2	34.4	4.7	180.0	174.0	58.0	.0	.0	
36.5	36.5	4.7	184.6	112.9	98.0	.0	.0	
38.4	37.2	4.3	204.2	174.7	75.0	.0	.0	
36.1	36.0	4.1	149.6	129.1	92.0	.0	.0	
39.1	35.2	5.0	162.9	217.8	35.0	.0	.0	
49.7	21.5	17.4	133.3	248.7	8.0	.0	.0	
53.2	11.0	11.4	115.0	272.1	2.0	.0	.0	
46.0	29.1	6.1	118.3	135.3	58.0	7.0	.0	
40.8	38.2	8.5	222.1	143.0	65.0	1.0	.0	
40.7	31.5	8.0	133.3	256.6	3.0	.0	.0	
39.7	30.9	6.5	155.4	218.5	46.0	.0	.0	
39.4	31.8	3.6	98.3	167.0	93.0	.0	.0	
41.1	33.6	4.3	131.7	262.1	35.0	.0	.0	
41.7	33.3	5.8	131.3	198.7	40.0	.0	.0	
46.5	36.1	6.3	105.4	195.3	75.0	8.0	.0	
43.2	39.3	8.6	108.3	129.1	93.0	34.0	.0	
39.3	33.7	7.0	152.1	117.9	88.0	5.0	.0	
31.6	30.7	11.1	282.9	138.9	98.0	.0	10.2	
32.9	30.0	4.9	146.7	191.4	62.0	.0	.0	
34.6	29.6	4.3	127.5	252.1	23.0	.0	.0	
39.9	32.2	4.7	150.4	300.9	3.0	.0	.0	
46.1	37.2	4.9	126.7	289.4	37.0	.0	.0	
46.3	40.6	5.5	150.0	296.9	39.0	.0	.0	
48.6	42.7	6.2	153.3	280.0	20.0	.0	.0	
50.0	44.8	6.3	152.1	289.8	42.0	.0	.0	
45.0	44.5	4.2	133.8	142.5	97.0	.0	.0	
44.6	43.3	3.7	126.7	180.3	76.0	.0	.0	
   2    28    1962
44.8	43.0	3.9	111.7	175.9	76.0	.0	.0	
43.9	41.9	3.4	137.5	213.6	66.0	.0	.0	
43.2	41.4	2.3	104.6	181.1	73.0	1.0	.0	
42.3	41.6	3.8	113.3	167.7	89.0	1.0	.0	
41.7	41.4	5.5	206.3	141.0	98.0	1.0	.0	
44.2	41.1	5.0	145.8	170.4	75.0	.0	.0	
50.1	47.4	7.0	112.1	127.7	98.0	17.0	.0	
58.8	52.4	10.4	105.8	155.2	98.0	40.0	.0	
63.1	51.8	14.4	142.9	169.6	98.0	50.0	.0	
55.0	53.3	8.0	176.7	95.7	98.0	108.0	.0	
52.1	50.7	8.1	258.3	132.4	98.0	29.0	.0	
54.8	47.5	5.0	107.5	337.0	48.0	3.0	.0	
54.5	48.0	5.8	112.5	163.6	94.0	6.0	.0	
59.9	50.7	4.2	102.1	240.7	93.0	1.0	.0	
58.7	46.3	11.4	130.8	282.4	75.0	.0	.0	
50.0	44.9	5.9	151.7	243.2	87.0	27.0	.0	
49.2	43.9	6.4	226.7	284.2	63.0	3.0	.0	
50.1	40.6	8.4	128.3	248.2	65.0	4.0	.0	
47.5	44.4	7.4	145.8	173.7	98.0	96.0	.0	
49.2	42.1	6.9	190.8	260.3	89.0	5.0	.0	
48.7	43.3	7.3	229.2	237.3	76.0	.0	.0	
48.8	42.3	5.1	117.1	272.6	49.0	.0	.0	
49.8	42.9	6.3	157.5	339.7	60.0	.0	.0	
45.3	40.0	8.0	174.6	134.2	97.0	50.0	.0	
43.3	36.7	4.8	166.3	223.2	73.0	.0	.0	
40.0	34.2	11.0	225.8	172.6	89.0	.0	.0	
36.2	25.7	5.2	183.8	434.5	3.0	.0	.0	
41.8	28.2	5.5	92.5	407.0	5.0	.0	.0	
   3    31    1962
47.7	34.3	7.4	102.9	435.4	18.0	.0	.0	
50.6	42.4	6.9	162.9	244.4	82.0	2.0	.0	
45.2	37.3	5.0	190.0	418.7	41.0	.0	.0	
49.8	39.5	4.9	119.2	375.4	63.0	.0	.0	
59.8	35.9	18.7	157.1	306.6	85.0	.0	.0	
52.2	42.1	11.3	154.6	189.0	88.0	22.0	.0	
49.6	41.8	5.3	148.8	348.1	56.0	.0	.0	
50.5	41.3	4.4	117.9	368.3	35.0	.0	.0	
46.5	35.6	10.2	224.6	261.8	72.0	.0	.0	
46.6	35.4	6.2	92.9	357.2	74.0	.0	.0	
47.4	36.8	8.3	225.4	377.5	56.0	.0	.0	
48.9	38.4	5.0	104.2	407.2	47.0	.0	.0	
50.3	36.2	5.7	113.8	503.0	2.0	.0	.0	
54.1	29.0	8.1	106.3	433.7	62.0	.0	.0	
54.4	36.4	7.7	205.4	455.6	69.0	.0	.0	
53.7	42.9	6.3	162.5	403.6	88.0	.0	.0	
55.8	39.6	7.3	150.0	436.5	64.0	.0	.0	
51.7	43.4	5.2	132.1	267.6	88.0	.0	.0	
56.8	43.7	6.0	142.5	448.5	58.0	.0	.0	
53.5	40.9	9.5	126.7	259.8	98.0	.0	.0	
52.5	42.2	5.8	241.7	360.3	68.0	.0	.0	
50.9	42.5	9.2	205.4	276.1	92.0	7.0	.0	
47.4	37.4	6.9	167.9	309.5	49.0	.0	.0	
52.9	39.7	5.9	112.5	560.4	2.0	.0	.0	
55.6	43.7	3.5	140.0	501.6	22.0	.0	.0	
59.7	47.4	4.3	124.6	494.9	37.0	.0	.0	
63.0	50.5	6.0	110.0	554.3	7.0	.0	.0	
61.6	50.0	6.0	173.8	340.2	54.0	.0	.0	
55.8	43.9	8.5	124.2	363.8	74.0	.0	.0	
56.8	45.7	4.8	187.9	440.2	55.0	.0	.0	
61.3	47.0	5.6	142.2	586.6	6.0	.0	.0	
   4    30    1962
62.6	48.3	5.0	160.8	468.9	65.0	.0	.0	
60.3	47.5	6.1	141.7	532.2	19.0	.0	.0	
60.7	47.2	6.0	173.8	435.0	25.0	.0	.0	
64.9	49.8	6.6	116.7	512.5	24.0	.0	.0	
66.4	51.6	5.5	177.1	565.6	2.0	.0	.0	
70.5	51.6	5.8	177.5	581.1	10.0	.0	.0	
69.7	48.9	8.3	208.3	567.7	30.0	.0	.0	
67.8	46.2	8.4	160.4	547.3	50.0	.0	.0	
64.5	47.0	6.9	199.6	608.0	2.0	.0	.0	
63.9	44.9	7.0	185.4	622.6	2.0	.0	.0	
69.7	44.4	6.5	169.6	595.4	2.0	.0	.0	
73.2	44.1	6.3	120.4	535.7	42.0	.0	.0	
77.3	44.2	6.7	148.8	569.0	40.0	.0	.0	
75.8	40.3	9.4	152.9	564.7	58.0	.0	.0	
63.5	44.2	6.1	216.3	496.2	53.0	.0	.0	
66.7	44.7	6.1	173.3	596.1	20.0	.0	.0	
70.2	45.2	6.1	177.1	610.5	49.0	.0	.0	
73.0	45.8	6.3	162.9	493.0	65.0	.0	.0	
60.2	39.9	13.3	186.3	535.5	30.0	.0	.0	
54.7	38.6	7.0	231.7	438.2	37.0	.0	.0	
63.2	38.6	6.4	140.0	641.1	2.0	.0	.0	
70.8	41.1	7.0	159.2	669.5	2.0	.0	.0	
77.7	38.9	8.6	142.5	554.3	54.0	.0	.0	
68.4	39.3	9.6	254.2	575.3	45.0	.0	.0	
59.1	38.4	10.6	210.0	430.5	46.0	.0	.0	
63.0	41.1	7.2	135.8	633.8	36.0	.0	.0	
65.5	42.5	8.2	257.5	624.8	53.0	.0	.0	
59.9	42.7	13.7	274.2	393.4	59.0	2.0	.0	
56.6	36.7	7.8	200.0	651.0	13.0	.0	.0	
63.4	37.8	7.4	180.0	659.2	2.0	.0	.0	
   5    31    1962
67.0	38.4	6.8	155.0	692.7	2.0	.0	.0	
69.3	44.9	5.5	176.7	613.6	34.0	.0	.0	
72.6	49.8	7.2	196.7	623.4	28.0	.0	.0	
73.9	52.9	7.1	177.5	691.9	3.0	.0	.0	
75.2	45.2	6.8	175.0	673.7	6.0	.0	.0	
75.7	45.7	8.0	208.8	591.8	48.0	.0	.0	
77.3	39.8	9.0	173.8	654.0	20.0	.0	.0	
72.7	35.9	10.3	216.3	701.8	2.0	.0	.0	
65.4	48.1	8.6	239.6	562.7	37.0	.0	.0	
63.1	42.3	9.8	229.2	479.9	87.0	.0	.0	
61.1	41.0	9.3	285.8	644.9	50.0	.0	.0	
59.3	37.8	11.5	240.0	554.6	64.0	.0	.0	
57.6	38.2	10.3	202.9	480.5	70.0	.0	.0	
56.5	42.3	9.3	257.9	488.6	85.0	6.0	.0	
60.2	41.5	6.2	222.9	429.4	84.0	.0	.0	
56.6	41.8	7.9	152.1	344.3	83.0	1.0	.0	
65.8	41.4	8.2	160.0	703.5	6.0	.0	.0	
65.6	41.9	7.6	255.0	727.1	2.0	.0	.0	
65.3	36.5	8.8	219.6	698.3	7.0	.0	.0	
59.5	28.9	10.4	244.2	713.5	2.0	.0	.0	
63.9	33.5	7.1	183.3	725.3	2.0	.0	.0	
72.2	35.0	8.2	195.0	718.4	11.0	.0	.0	
67.3	39.7	10.9	282.9	671.0	6.0	.0	.0	
60.9	37.8	8.6	241.7	716.3	11.0	.0	.0	
62.7	38.7	9.3	219.6	710.0	35.0	.0	.0	
60.2	40.3	10.6	222.5	446.9	75.0	.0	.0	
61.0	44.1	6.6	88.3	303.6	96.0	.0	.0	
69.3	46.9	7.7	160.8	715.8	15.0	.0	.0	
71.7	48.1	8.2	239.2	720.1	12.0	.0	.0	
72.5	44.3	9.5	243.3	720.1	13.0	.0	.0	
72.9	40.0	7.5	182.9	726.9	2.0	.0	.0	
   6    30    1962
77.0	44.7	7.7	193.3	744.8	2.0	.0	.0	
80.3	44.7	8.6	200.8	738.4	17.0	.0	.0	
70.6	36.9	10.3	245.8	709.0	13.0	.0	.0	
68.3	32.4	6.4	176.3	744.9	2.0	.0	.0	
70.8	35.2	7.4	220.0	754.0	2.0	.0	.0	
75.0	36.4	7.5	196.3	743.7	2.0	.0	.0	
79.2	38.9	7.4	181.7	751.2	2.0	.0	.0	
81.3	43.1	7.3	131.7	741.1	2.0	.0	.0	
82.3	41.0	8.0	199.6	746.7	2.0	.0	.0	
79.0	40.1	8.3	223.3	742.4	3.0	.0	.0	
77.0	41.4	7.1	197.9	755.0	2.0	.0	.0	
76.1	42.6	7.0	219.6	752.8	2.0	.0	.0	
69.9	41.7	13.7	156.3	733.0	24.0	.0	.0	
60.7	44.8	13.5	174.6	426.3	81.0	.0	.0	
65.1	47.2	7.5	135.0	551.9	70.0	.0	.0	
72.3	51.1	6.5	152.1	613.7	34.0	.0	.0	
79.6	55.5	7.2	184.2	691.7	2.0	.0	.0	
86.2	58.4	7.6	176.3	714.6	2.0	.0	.0	
89.1	56.9	7.4	153.3	716.9	2.0	.0	.0	
89.5	52.9	8.8	188.3	748.0	2.0	.0	.0	
89.2	48.9	7.7	205.8	709.6	2.0	.0	.0	
87.5	44.4	8.8	151.3	746.4	2.0	.0	.0	
83.7	43.6	7.5	223.8	756.5	2.0	.0	.0	
81.0	48.4	7.5	172.9	738.4	2.0	.0	.0	
80.5	49.4	7.7	237.5	715.7	2.0	.0	.0	
77.1	51.4	5.9	199.6	739.5	2.0	.0	.0	
81.2	54.3	6.8	171.7	740.8	2.0	.0	.0	
84.0	53.2	6.1	199.6	711.1	2.0	.0	.0	
79.9	53.8	8.3	224.2	727.8	2.0	.0	.0	
80.0	53.3	7.8	235.0	703.1	2.0	.0	.0	
   7    31    1962
79.8	50.7	7.8	172.1	724.4	2.0	.0	.0	
81.4	49.2	6.2	181.7	740.2	2.0	.0	.0	
81.9	48.7	6.1	236.3	748.2	2.0	.0	.0	
83.2	51.5	5.8	137.9	745.6	2.0	.0	.0	
85.9	48.4	6.7	190.4	729.2	2.0	.0	.0	
84.6	42.4	7.1	185.8	751.3	2.0	.0	.0	
84.2	42.2	6.6	156.3	752.6	2.0	.0	.0	
84.0	46.2	7.3	187.5	747.1	2.0	.0	.0	
84.3	42.0	6.6	220.0	725.9	2.0	.0	.0	
84.3	43.1	6.1	91.3	735.2	2.0	.0	.0	
82.6	50.5	8.0	245.8	671.2	32.0	.0	.0	
77.0	48.1	8.4	223.3	729.6	5.0	.0	.0	
76.8	51.1	5.8	150.0	712.4	2.0	.0	.0	
80.7	52.5	6.3	200.0	695.8	2.0	.0	.0	
83.6	49.3	7.2	169.6	715.6	2.0	.0	.0	
84.9	48.2	6.8	167.5	709.1	2.0	.0	.0	
84.5	48.5	7.0	202.1	723.9	2.0	.0	.0	
83.5	49.4	8.1	209.6	729.5	2.0	.0	.0	
83.5	49.5	7.7	226.3	724.7	2.0	.0	.0	
83.8	46.3	6.7	217.1	669.4	34.0	.0	.0	
86.8	52.7	6.3	174.2	682.3	7.0	.0	.0	
88.0	52.1	6.6	190.4	706.9	2.0	.0	.0	
86.8	47.3	6.3	154.2	726.2	2.0	.0	.0	
85.7	45.8	6.4	163.8	699.7	2.0	.0	.0	
84.8	45.5	7.0	185.0	727.7	2.0	.0	.0	
85.3	47.1	6.8	208.3	719.7	2.0	.0	.0	
87.4	50.7	7.6	209.6	716.0	2.0	.0	.0	
86.4	45.4	7.6	213.3	678.7	2.0	.0	.0	
83.8	41.6	7.6	213.3	717.7	2.0	.0	.0	
83.4	41.9	6.9	172.5	708.9	2.0	.0	.0	
82.2	49.1	6.3	189.6	704.6	2.0	.0	.0	
   8    31    1962
83.8	50.8	5.2	152.9	683.5	2.0	.0	.0	
83.0	48.5	6.6	202.9	708.4	2.0	.0	.0	
78.6	47.8	6.3	229.6	681.3	2.0	.0	.0	
76.0	57.9	7.9	255.0	686.2	2.0	.0	.0	
74.4	54.8	7.8	272.5	676.5	2.0	.0	.0	
74.3	52.8	7.9	249.2	634.3	13.0	.0	.0	
74.8	53.5	5.6	193.8	684.3	2.0	.0	.0	
79.1	56.5	6.5	217.9	669.7	15.0	.0	.0	
77.8	54.8	10.8	249.2	665.2	5.0	.0	.0	
75.8	54.3	6.9	230.0	649.3	2.0	.0	.0	
79.3	54.1	7.2	201.3	660.3	2.0	.0	.0	
81.2	52.5	6.9	191.7	676.8	2.0	.0	.0	
83.5	54.8	6.0	162.5	677.5	2.0	.0	.0	
86.2	56.2	6.1	219.2	667.5	2.0	.0	.0	
85.8	50.9	6.4	185.0	531.0	38.0	.0	.0	
88.8	52.0	7.6	197.5	613.6	33.0	.0	.0	
83.5	55.5	8.2	173.8	666.8	2.0	.0	.0	
80.4	53.3	8.2	234.2	660.3	2.0	.0	.0	
82.6	49.9	7.8	197.5	666.2	2.0	.0	.0	
84.0	47.2	7.3	184.6	654.7	2.0	.0	.0	
84.1	46.5	6.6	183.8	648.5	2.0	.0	.0	
81.3	42.3	7.9	218.3	650.2	2.0	.0	.0	
81.3	42.5	9.0	195.4	636.5	2.0	.0	.0	
80.7	51.2	6.6	171.3	626.6	2.0	.0	.0	
82.9	54.3	6.0	153.8	641.8	2.0	.0	.0	
85.7	51.1	5.8	155.4	600.7	3.0	.0	.0	
84.0	48.5	6.3	181.3	620.9	2.0	.0	.0	
82.5	43.7	7.4	183.8	623.4	2.0	.0	.0	
77.6	42.8	8.0	227.1	642.8	2.0	.0	.0	
74.1	52.0	7.5	203.3	615.4	2.0	.0	.0	
77.3	54.5	6.6	182.9	613.5	2.0	.0	.0	
   9    30    1962
80.7	52.4	6.5	166.3	618.4	2.0	.0	.0	
81.7	52.0	7.0	197.5	602.1	2.0	.0	.0	
80.6	51.1	6.6	233.3	607.8	2.0	.0	.0	
76.3	54.2	7.6	200.0	589.0	2.0	.0	.0	
75.5	53.6	5.9	197.1	604.1	2.0	.0	.0	
77.6	53.9	6.6	179.2	599.5	4.0	.0	.0	
78.6	54.9	7.0	211.3	592.5	2.0	.0	.0	
75.6	50.7	7.8	200.0	570.1	2.0	.0	.0	
78.8	50.6	4.8	145.0	590.7	3.0	.0	.0	
77.8	54.2	6.1	221.3	554.7	13.0	.0	.0	
76.7	53.3	7.4	233.8	560.2	4.0	.0	.0	
75.8	51.8	8.3	190.8	574.4	2.0	.0	.0	
72.6	52.0	6.7	218.8	533.5	2.0	.0	.0	
74.1	53.7	8.0	198.3	567.1	2.0	.0	.0	
75.3	53.9	7.1	202.5	569.8	2.0	.0	.0	
78.5	53.6	6.3	164.6	529.2	2.0	.0	.0	
82.4	49.3	7.5	183.3	541.8	2.0	.0	.0	
73.4	51.1	6.9	207.9	543.5	2.0	.0	.0	
71.4	51.6	5.9	179.2	521.5	2.0	.0	.0	
70.3	48.4	6.9	198.3	547.3	2.0	.0	.0	
72.7	48.2	5.7	157.9	500.1	2.0	.0	.0	
76.1	47.9	6.8	180.4	496.4	2.0	.0	.0	
78.6	49.7	6.1	186.3	532.7	2.0	.0	.0	
82.0	51.0	5.8	184.6	511.8	2.0	.0	.0	
79.4	48.7	7.1	255.4	489.4	18.0	.0	.0	
76.0	50.8	8.5	210.0	523.6	18.0	2.0	.0	
68.0	47.1	7.0	275.8	451.1	38.0	.0	.0	
68.4	53.8	7.6	225.0	402.2	59.0	.0	.0	
68.3	47.5	5.9	190.0	486.6	2.0	.0	.0	
71.4	51.9	5.5	166.3	507.1	2.0	.0	.0	
  10    31    1962
76.7	53.6	6.6	164.2	470.7	4.0	.0	.0	
75.6	53.0	8.7	263.8	456.3	2.0	.0	.0	
67.2	51.5	8.8	272.5	358.8	36.0	.0	.0	
64.1	42.1	7.9	260.0	355.0	68.0	.0	.0	
64.7	41.2	6.6	169.2	452.8	4.0	.0	.0	
64.5	39.6	6.7	197.1	465.9	2.0	.0	.0	
62.0	44.9	6.8	216.3	471.1	3.0	.0	.0	
64.8	46.4	5.9	180.0	460.8	2.0	.0	.0	
67.7	47.8	6.0	157.5	460.5	2.0	.0	.0	
70.1	48.8	6.8	195.4	455.8	2.0	.0	.0	
70.6	53.7	8.2	125.8	378.3	49.0	.0	.0	
70.7	54.1	7.6	172.9	338.5	91.0	.0	.0	
70.5	48.0	7.7	181.7	367.5	91.0	.0	.0	
58.8	51.2	9.7	242.9	193.7	71.0	23.0	.0	
56.5	45.5	6.4	170.0	316.0	38.0	.0	.0	
58.2	46.1	5.5	157.5	423.7	2.0	.0	.0	
60.0	46.3	5.0	154.2	323.5	36.0	.0	.0	
64.5	45.3	5.2	136.3	338.7	36.0	.0	.0	
65.8	42.2	5.8	154.6	400.1	13.0	.0	.0	
64.1	44.8	5.8	142.1	380.4	2.0	.0	.0	
64.3	47.3	5.6	157.5	411.5	2.0	.0	.0	
66.5	47.4	4.9	140.4	411.6	2.0	.0	.0	
69.0	46.7	4.2	95.0	404.1	2.0	.0	.0	
62.4	51.4	5.2	201.3	287.7	19.0	.0	.0	
57.6	51.7	5.3	181.3	198.6	58.0	.0	.0	
59.1	52.4	6.6	236.7	174.5	82.0	.0	.0	
59.7	51.0	4.4	160.8	284.1	57.0	.0	.0	
61.7	49.6	5.2	138.3	315.5	27.0	.0	.0	
65.2	49.3	5.1	162.9	349.9	4.0	.0	.0	
64.3	50.1	5.0	148.3	243.6	42.0	.0	.0	
66.5	48.3	5.5	147.1	355.4	6.0	.0	.0	
  11    30    1962
66.8	47.2	5.4	166.3	281.3	67.0	.0	.0	
70.2	46.2	7.4	177.1	240.1	69.0	.0	.0	
65.7	48.1	5.3	151.3	324.9	16.0	.0	.0	
63.8	50.9	5.4	147.9	339.7	13.0	.0	.0	
62.3	50.6	5.5	177.1	334.0	36.0	.0	.0	
61.6	52.8	5.4	130.8	302.0	34.0	.0	.0	
61.6	50.4	4.8	136.7	338.4	2.0	.0	.0	
64.1	47.7	5.8	148.3	321.4	39.0	.0	.0	
59.3	47.6	5.1	165.0	296.5	13.0	.0	.0	
58.0	50.4	4.5	105.0	221.7	28.0	.0	.0	
60.1	48.8	6.1	170.0	335.9	11.0	.0	.0	
57.1	47.2	4.0	97.1	149.9	53.0	.0	.0	
55.0	47.2	4.2	128.8	186.5	60.0	.0	.0	
56.0	44.6	6.1	193.8	199.8	68.0	.0	.0	
53.2	42.1	5.2	172.5	149.8	77.0	.0	.0	
50.7	39.5	7.4	220.4	180.0	54.0	.0	.0	
47.7	35.2	8.5	159.6	176.8	28.0	.0	.0	
47.6	36.7	5.3	138.8	273.5	8.0	.0	.0	
50.9	32.8	6.4	169.2	314.3	2.0	.0	.0	
52.2	31.6	4.9	124.6	307.6	6.0	.0	.0	
51.6	32.6	4.0	104.2	301.5	13.0	.0	.0	
54.0	33.0	4.8	136.3	267.2	72.0	.0	.0	
54.6	38.2	6.5	141.3	253.9	54.0	.0	.0	
53.3	43.5	4.6	127.9	201.9	45.0	.0	.0	
52.7	43.4	5.6	138.3	261.8	16.0	.0	.0	
53.8	40.8	6.2	157.1	282.3	13.0	.0	.0	
56.2	42.7	7.0	196.7	230.9	52.0	.0	.0	
49.6	42.8	5.8	202.9	126.2	90.0	.0	.0	
42.4	29.5	5.4	130.4	292.6	2.0	.0	.0	
44.9	28.4	6.4	127.9	283.5	2.0	.0	.0	
  12    31    1962
47.1	30.6	5.8	137.1	273.2	7.0	.0	.0	
50.4	36.7	4.6	134.2	240.3	41.0	.0	.0	
52.6	36.2	4.9	116.7	212.2	23.0	.0	.0	
48.6	42.0	5.1	126.3	197.7	14.0	.0	.0	
51.5	43.5	5.3	147.1	262.5	14.0	.0	.0	
50.4	43.1	6.4	138.3	251.1	7.0	.0	.0	
51.4	42.4	5.0	140.4	247.1	12.0	.0	.0	
50.0	42.8	3.9	110.4	238.9	15.0	.0	.0	
49.9	42.6	5.3	130.4	239.0	32.0	.0	.0	
50.2	42.7	5.5	147.9	220.9	62.0	.0	.0	
51.1	42.7	5.9	165.0	205.9	64.0	.0	.0	
53.3	38.9	5.4	157.1	246.1	25.0	.0	.0	
51.6	34.0	4.9	124.2	263.9	3.0	.0	.0	
56.8	30.2	5.6	148.8	251.6	2.0	.0	.0	
62.5	39.3	5.3	129.2	160.5	69.0	.0	.0	
62.5	41.2	10.5	149.2	164.2	56.0	.0	.0	
59.0	41.7	6.8	235.0	112.7	98.0	.0	.0	
54.2	51.1	5.5	212.9	120.3	98.0	.0	.0	
56.0	49.0	4.8	229.2	158.5	95.0	.0	.0	
51.8	43.9	4.8	138.3	240.7	2.0	.0	.0	
42.2	40.6	4.9	153.3	133.4	64.0	.0	.0	
42.6	40.9	4.7	191.7	118.1	98.0	.0	.0	
42.3	37.8	5.3	206.7	154.5	95.0	.0	.0	
42.7	34.8	8.2	207.1	179.8	63.0	.0	.0	
41.0	23.2	6.9	91.3	186.0	75.0	.0	.0	
34.7	24.3	7.6	214.6	242.1	30.0	.0	.0	
37.5	22.2	6.3	152.5	244.8	2.0	.0	.0	
39.2	19.4	4.9	125.0	236.0	2.0	.0	.0	
41.4	21.0	6.1	176.7	263.4	2.0	.0	.0	
39.4	28.7	6.7	183.3	163.4	65.0	.0	.0	
40.2	31.0	5.2	115.8	219.8	71.0	.0	.0	
