   1    31    1969
43.8	42.0	2.0	58.8	110.2	98.0	.0	.0	
43.1	40.0	2.0	26.3	129.4	98.0	.0	.0	
42.0	38.9	2.0	.0	132.7	98.0	.0	.0	
42.1	38.6	2.0	.0	133.2	98.0	.0	.0	
42.0	39.6	2.0	35.0	132.0	98.0	.0	.0	
42.0	39.3	2.0	.0	127.3	98.0	.0	.0	
41.7	39.8	2.0	30.0	130.5	98.0	.0	.0	
42.7	40.0	2.7	112.5	136.3	98.0	.0	.0	
44.8	41.0	2.0	111.3	138.9	98.0	.0	.0	
44.6	38.4	2.6	117.5	141.5	96.0	.0	.0	
51.3	37.4	3.8	153.8	196.0	92.0	.0	.0	
51.6	40.1	5.8	133.8	142.0	92.0	.0	.0	
56.0	46.1	6.9	130.0	101.5	98.0	30.0	.0	
53.2	49.3	6.2	121.3	136.5	98.0	14.0	.0	
49.2	42.5	4.0	153.8	141.4	98.0	.0	.0	
49.6	42.0	3.6	78.8	186.6	98.0	.0	.0	
48.4	42.4	2.0	45.0	150.5	91.0	.0	.0	
49.3	43.3	5.3	111.3	113.7	85.0	30.0	.0	
60.5	49.4	10.2	140.0	140.8	98.0	38.0	.0	
64.1	50.9	10.3	126.3	215.7	85.0	6.0	.0	
61.8	49.3	8.6	186.3	157.2	83.0	14.0	.0	
53.3	44.4	7.5	161.3	136.6	86.0	4.0	.0	
46.9	40.6	4.1	151.3	138.3	96.0	20.0	.0	
53.2	47.9	5.6	202.5	140.8	98.0	20.0	.0	
64.9	53.5	6.2	78.8	195.9	84.0	26.0	.0	
56.1	44.8	9.7	195.0	120.6	70.0	4.0	.0	
47.3	38.6	3.5	111.3	255.7	44.0	.0	.0	
43.6	35.4	6.1	152.5	185.8	61.0	4.0	.0	
39.5	29.5	2.3	78.8	277.2	14.0	.0	.0	
40.7	31.0	4.9	201.3	146.3	73.0	2.0	.0	
40.9	34.2	4.9	280.0	171.4	71.0	.0	.0	
   2    28    1969
44.0	32.7	2.7	115.0	266.8	59.0	.0	.0	
48.8	38.1	4.5	125.0	321.2	33.0	.0	.0	
42.4	36.7	5.1	181.3	277.9	69.0	.0	.0	
46.9	38.1	4.1	107.5	272.3	71.0	.0	.0	
54.0	38.6	7.1	133.8	168.3	94.0	4.0	.0	
49.8	40.7	7.8	201.3	146.9	86.0	22.0	.0	
48.9	39.8	3.9	143.8	263.8	63.0	.0	.0	
49.9	39.4	4.0	156.3	361.0	3.0	.0	.0	
52.6	38.8	3.7	147.5	332.7	16.0	.0	.0	
54.6	40.4	4.5	143.8	343.9	26.0	.0	.0	
53.7	44.0	4.8	126.3	162.1	87.0	.0	.0	
51.5	45.5	6.1	237.5	181.9	96.0	15.0	.0	
47.4	38.0	4.9	130.0	321.1	53.0	.0	.0	
54.3	39.5	4.6	103.8	281.4	84.0	.0	.0	
55.2	43.2	8.6	158.8	151.9	75.0	1.0	.0	
50.9	40.4	4.0	102.5	398.9	2.0	.0	.0	
54.2	40.1	9.5	127.5	373.1	30.0	.0	.0	
49.4	42.2	6.3	215.0	167.9	98.0	31.0	.0	
48.6	41.5	4.0	111.3	181.4	98.0	33.0	.0	
51.1	42.0	3.3	92.5	212.5	84.0	4.0	.0	
48.4	35.5	5.6	127.5	365.2	70.0	19.0	.0	
49.1	37.0	4.7	173.8	332.4	80.0	3.0	.0	
50.5	38.3	6.6	91.3	165.4	98.0	30.0	.0	
56.1	42.4	9.6	171.3	199.1	98.0	68.0	.0	
50.6	40.1	5.3	101.3	256.2	73.0	37.0	.0	
50.7	38.1	3.3	95.0	351.0	32.0	2.0	.0	
53.6	38.9	6.1	130.0	360.5	44.0	.0	.0	
52.4	42.9	4.5	117.5	178.6	80.0	14.0	.0	
   3    31    1969
50.9	39.9	6.2	115.0	335.3	58.0	1.0	.0	
51.1	39.3	5.9	170.0	414.9	33.0	.0	.0	
48.2	38.0	12.2	332.5	219.9	88.0	2.0	.0	
49.3	34.9	6.2	245.0	403.8	40.0	.0	.0	
51.9	36.3	6.5	156.3	453.7	15.0	.0	.0	
47.9	35.0	6.2	192.5	303.7	48.0	.0	.0	
45.3	33.4	3.9	107.5	299.0	43.0	.0	.0	
48.2	32.0	4.5	166.3	442.5	44.0	.0	.0	
51.0	35.4	3.0	61.3	382.9	71.0	.0	.0	
47.9	35.9	5.8	143.8	298.6	62.0	11.0	.0	
48.3	35.0	5.9	153.8	398.1	29.0	.0	.0	
47.4	34.7	4.8	133.8	394.6	31.0	2.0	.0	
45.9	35.0	4.3	143.8	229.3	65.0	.0	.0	
50.0	34.6	5.2	87.5	494.9	2.0	.0	.0	
55.6	35.4	3.5	91.3	508.7	2.0	.0	.0	
58.2	38.9	3.9	113.8	471.3	43.0	.0	.0	
59.1	39.1	4.3	135.0	512.1	25.0	.0	.0	
56.0	43.6	4.0	97.5	251.1	73.0	.0	.0	
55.9	40.0	5.2	120.0	514.2	2.0	.0	.0	
60.5	41.9	9.5	192.5	449.9	45.0	.0	.0	
54.1	40.9	8.2	251.3	311.2	90.0	13.0	.0	
56.3	40.3	5.5	126.3	483.4	35.0	.0	.0	
58.5	42.5	2.7	130.0	481.9	14.0	.0	.0	
65.3	33.1	12.6	131.3	533.8	30.0	.0	.0	
65.5	34.4	7.2	156.3	547.7	5.0	.0	.0	
66.1	40.5	4.5	135.0	564.0	11.0	.0	.0	
67.0	43.0	4.6	102.5	525.9	11.0	.0	.0	
69.8	45.3	2.5	41.3	532.0	2.0	.0	.0	
72.9	42.6	4.3	145.0	533.2	26.0	.0	.0	
67.8	48.3	3.2	152.5	516.8	48.0	.0	.0	
67.2	49.4	4.1	147.5	313.3	82.0	.0	.0	
   4    30    1969
61.8	41.9	7.7	233.8	532.9	50.0	.0	.0	
61.0	47.1	8.1	256.3	457.8	73.0	39.0	.0	
55.4	44.4	4.9	161.3	408.0	68.0	.0	.0	
60.0	46.3	5.8	171.3	590.7	16.0	.0	.0	
58.3	47.4	11.7	116.3	298.4	96.0	65.0	.0	
53.5	42.4	5.8	148.8	437.8	53.0	.0	.0	
55.4	44.1	3.2	147.5	563.6	31.0	.0	.0	
60.6	48.2	5.3	187.5	590.4	35.0	.0	.0	
61.3	48.6	7.5	287.5	383.2	92.0	6.0	.0	
61.2	50.0	4.5	153.8	347.0	63.0	.0	.0	
66.6	50.5	6.1	193.8	619.0	4.0	.0	.0	
66.5	52.5	10.3	235.0	553.3	58.0	.0	.0	
60.4	41.6	7.5	240.0	599.2	32.0	.0	.0	
57.0	39.6	7.8	236.3	595.2	7.0	.0	.0	
58.2	42.5	4.2	143.8	485.3	47.0	.0	.0	
64.6	42.1	4.3	177.5	644.2	10.0	.0	.0	
67.8	43.8	5.0	205.0	648.5	2.0	.0	.0	
62.6	45.0	8.1	298.8	520.7	45.0	.0	.0	
64.7	42.6	3.8	148.8	609.4	16.0	.0	.0	
70.7	47.6	4.5	143.8	607.0	23.0	.0	.0	
73.8	47.4	5.5	205.0	592.1	31.0	.0	.0	
69.6	41.8	10.8	307.5	616.2	2.0	.0	.0	
61.3	41.7	13.3	188.8	579.5	30.0	.0	.0	
57.8	35.7	12.1	323.8	534.7	26.0	.0	.0	
57.9	36.1	5.5	213.8	644.1	2.0	.0	.0	
64.4	39.0	5.9	188.8	671.6	2.0	.0	.0	
69.9	37.6	5.2	161.3	675.9	2.0	.0	.0	
73.7	37.4	7.0	187.5	641.8	28.0	.0	.0	
71.0	46.2	6.9	277.5	660.2	2.0	.0	.0	
67.1	40.3	5.9	200.0	691.8	2.0	.0	.0	
   5    31    1969
63.4	38.8	6.5	178.8	698.8	4.0	.0	.0	
64.2	41.0	6.5	226.3	609.8	11.0	.0	.0	
62.9	37.4	11.1	237.5	663.7	20.0	.0	.0	
56.3	40.8	4.5	157.5	548.0	61.0	8.0	.0	
69.0	45.0	5.9	138.8	595.9	49.0	.0	.0	
73.5	48.0	7.1	170.0	534.8	60.0	.0	.0	
70.2	49.0	7.8	173.8	631.6	26.0	.0	.0	
72.1	52.0	6.6	250.0	701.0	2.0	.0	.0	
75.8	55.0	6.3	226.3	672.4	3.0	.0	.0	
81.2	54.9	4.2	125.0	650.1	24.0	.0	.0	
82.5	53.8	6.7	216.3	660.8	29.0	.0	.0	
78.1	51.4	9.6	246.3	669.0	6.0	.0	.0	
70.7	47.9	8.6	291.3	613.6	24.0	.0	.0	
68.6	46.3	7.3	288.8	706.9	2.0	.0	.0	
71.5	45.4	4.5	171.3	709.5	2.0	.0	.0	
77.4	48.4	4.9	130.0	722.2	2.0	.0	.0	
83.4	45.5	8.4	197.5	714.6	2.0	.0	.0	
77.9	44.9	8.5	263.8	683.0	2.0	.0	.0	
71.9	42.6	8.1	257.5	681.5	30.0	.0	.0	
74.7	41.7	6.0	175.0	667.9	6.0	.0	.0	
78.1	44.0	5.0	168.8	682.8	2.0	.0	.0	
79.2	46.9	5.0	192.5	724.1	2.0	.0	.0	
81.6	48.2	7.4	251.3	726.4	2.0	.0	.0	
76.9	43.8	9.1	276.3	741.7	2.0	.0	.0	
76.9	49.3	8.8	311.3	734.5	2.0	.0	.0	
74.4	49.0	4.9	163.8	709.9	2.0	.0	.0	
71.5	50.4	7.8	237.5	439.2	52.0	.0	.0	
74.3	46.4	6.9	262.5	732.7	2.0	.0	.0	
82.0	49.2	4.8	117.5	722.7	2.0	.0	.0	
85.1	51.8	5.8	193.8	654.9	48.0	.0	.0	
86.6	53.0	7.2	258.8	665.1	31.0	.0	.0	
   6    30    1969
83.6	51.6	9.5	245.0	728.9	2.0	.0	.0	
77.3	53.1	8.6	285.0	735.0	2.0	.0	.0	
78.4	54.8	7.5	268.8	738.7	2.0	.0	.0	
77.8	55.3	7.1	292.5	738.8	2.0	.0	.0	
75.9	53.4	9.1	327.5	736.3	2.0	.0	.0	
71.8	52.2	9.1	240.0	384.2	60.0	.0	.0	
75.3	51.3	8.6	195.0	529.3	70.0	.0	.0	
69.7	48.6	10.7	333.8	689.1	32.0	.0	.0	
67.0	48.9	10.2	300.0	410.0	76.0	.0	.0	
71.1	51.1	8.7	245.0	603.4	76.0	.0	.0	
72.0	51.5	9.9	276.3	511.6	78.0	.0	.0	
73.2	52.2	7.2	233.8	584.8	41.0	.0	.0	
77.8	55.0	7.8	255.0	724.7	18.0	.0	.0	
80.4	56.4	7.0	247.5	664.2	53.0	.0	.0	
80.0	56.5	8.1	285.0	522.9	66.0	.0	.0	
81.3	56.0	10.1	167.5	672.2	18.0	.0	.0	
77.0	54.1	9.5	252.5	704.8	5.0	.0	.0	
79.1	55.9	6.5	205.0	680.5	14.0	.0	.0	
81.2	56.7	6.9	248.8	691.5	11.0	.0	.0	
79.7	51.8	8.9	277.5	736.7	2.0	.0	.0	
76.8	53.3	7.5	292.5	740.2	2.0	.0	.0	
80.1	54.5	8.2	285.0	732.0	9.0	.0	.0	
85.1	54.0	9.2	222.5	737.2	3.0	.0	.0	
77.8	47.9	9.4	276.3	753.2	2.0	.0	.0	
76.0	45.3	10.1	300.0	741.7	2.0	.0	.0	
76.4	47.0	6.7	240.0	747.2	2.0	.0	.0	
74.5	42.6	8.8	333.8	742.9	2.0	.0	.0	
72.9	42.3	8.1	268.8	722.7	2.0	.0	.0	
77.1	44.7	5.1	156.3	747.3	2.0	.0	.0	
82.6	47.1	5.3	170.0	741.3	2.0	.0	.0	
   7    31    1969
85.9	48.0	6.6	173.8	716.9	2.0	.0	.0	
83.3	50.2	7.0	230.0	738.1	2.0	.0	.0	
80.5	47.1	7.7	221.3	734.7	4.0	.0	.0	
83.3	43.2	6.9	205.0	749.0	2.0	.0	.0	
82.5	44.9	8.9	212.5	745.2	2.0	.0	.0	
75.5	39.0	7.3	297.5	748.8	2.0	.0	.0	
81.3	47.8	5.6	211.3	729.1	2.0	.0	.0	
84.0	51.6	6.5	212.5	686.3	2.0	.0	.0	
85.5	51.0	7.5	226.3	700.8	2.0	.0	.0	
85.9	50.0	6.9	186.3	693.4	10.0	.0	.0	
85.2	54.0	6.8	206.3	532.0	64.0	.0	.0	
84.5	53.0	7.4	212.5	538.8	54.0	.0	.0	
86.6	56.4	6.6	162.5	671.7	18.0	.0	.0	
87.9	51.8	7.4	188.8	727.5	2.0	.0	.0	
85.8	51.4	5.8	188.8	735.6	2.0	.0	.0	
86.0	52.1	7.5	240.0	723.8	2.0	.0	.0	
90.1	52.3	6.3	218.8	695.8	2.0	.0	.0	
91.2	54.2	7.4	221.3	719.5	2.0	.0	.0	
92.1	51.0	4.8	165.0	716.5	4.0	.0	.0	
93.4	51.9	5.9	143.8	628.2	63.0	.0	.0	
94.1	54.1	6.3	190.0	683.0	23.0	.0	.0	
93.1	53.4	7.8	245.0	639.5	51.0	.0	.0	
91.3	50.3	6.8	175.0	670.8	2.0	.0	.0	
86.2	51.8	7.6	330.0	702.7	2.0	.0	.0	
83.2	57.3	6.5	245.0	714.7	2.0	.0	.0	
86.4	58.4	5.9	173.8	667.9	35.0	.0	.0	
87.1	60.9	6.2	245.0	618.2	39.0	.0	.0	
88.4	55.6	7.5	261.3	644.8	23.0	.0	.0	
88.6	50.6	7.1	261.3	713.2	2.0	.0	.0	
88.7	49.6	6.1	218.8	690.0	19.0	.0	.0	
88.0	50.0	6.2	231.3	696.4	6.0	.0	.0	
   8    31    1969
87.5	47.2	6.8	193.8	628.9	40.0	.0	.0	
89.7	48.0	5.9	180.0	639.3	16.0	.0	.0	
92.8	48.9	6.2	197.5	666.4	2.0	.0	.0	
89.6	50.5	5.9	208.8	686.9	2.0	.0	.0	
87.2	46.7	7.5	188.8	685.9	2.0	.0	.0	
86.1	48.7	5.9	198.8	659.5	15.0	.0	.0	
86.5	48.6	6.8	188.8	675.8	10.0	.0	.0	
87.2	48.2	5.7	207.5	620.7	30.0	.0	.0	
90.6	53.2	6.1	198.8	666.0	25.0	.0	.0	
91.1	52.6	5.2	198.8	455.8	69.0	.0	.0	
89.6	50.0	7.0	227.5	622.7	9.0	.0	.0	
85.5	52.0	5.9	168.8	643.4	2.0	.0	.0	
88.4	51.5	6.7	195.0	672.4	2.0	.0	.0	
88.5	52.0	6.5	216.3	673.7	2.0	.0	.0	
88.3	52.0	4.5	147.5	661.8	2.0	.0	.0	
89.7	52.4	4.6	86.3	583.4	29.0	.0	.0	
89.7	44.8	8.7	300.0	660.8	8.0	.0	.0	
83.5	45.4	7.5	263.8	649.9	2.0	.0	.0	
83.2	50.3	6.5	196.3	646.8	2.0	.0	.0	
85.7	48.8	6.5	188.8	611.9	2.0	.0	.0	
87.6	50.4	6.3	180.0	657.2	2.0	.0	.0	
88.7	42.2	6.4	132.5	629.5	2.0	.0	.0	
85.5	46.8	6.7	188.8	642.1	2.0	.0	.0	
80.4	47.7	9.5	286.3	617.2	2.0	.0	.0	
78.7	49.8	5.1	173.8	607.2	2.0	.0	.0	
82.0	49.9	5.5	208.8	612.2	2.0	.0	.0	
79.5	47.3	5.8	202.5	640.7	2.0	.0	.0	
81.6	44.5	5.2	141.3	608.1	2.0	.0	.0	
79.3	47.8	6.9	241.3	594.4	2.0	.0	.0	
81.5	48.1	6.7	191.3	627.6	2.0	.0	.0	
84.5	51.5	4.6	163.8	607.1	2.0	.0	.0	
   9    30    1969
88.6	52.6	4.9	143.8	597.7	2.0	.0	.0	
91.0	54.7	4.3	133.8	582.4	3.0	.0	.0	
90.7	43.3	7.7	206.3	610.9	2.0	.0	.0	
87.8	40.8	6.5	185.0	618.4	2.0	.0	.0	
84.8	43.5	6.6	192.5	581.2	2.0	.0	.0	
83.4	52.1	4.2	155.0	478.0	49.0	.0	.0	
83.8	59.0	3.6	135.0	579.0	4.0	.0	.0	
86.1	61.2	6.0	211.3	562.1	2.0	.0	.0	
84.3	56.5	5.3	212.5	578.5	2.0	.0	.0	
85.9	54.7	5.0	175.0	572.0	2.0	.0	.0	
85.2	50.5	4.6	116.3	537.8	2.0	.0	.0	
83.3	48.4	5.6	167.5	523.3	19.0	.0	.0	
81.9	42.7	6.8	245.0	558.3	2.0	.0	.0	
80.2	44.4	7.1	263.8	576.5	2.0	.0	.0	
75.3	48.9	4.2	158.8	550.9	2.0	.0	.0	
73.8	51.5	5.6	172.5	553.5	6.0	.0	.0	
74.5	51.5	5.2	190.0	532.6	2.0	.0	.0	
73.8	54.0	4.3	196.3	555.2	2.0	.0	.0	
74.1	55.5	5.5	256.3	490.5	10.0	.0	.0	
70.6	50.3	7.9	322.5	464.4	45.0	.0	.0	
69.6	51.1	4.9	232.5	495.2	5.0	.0	.0	
76.4	51.9	6.2	195.0	524.9	2.0	.0	.0	
79.9	51.9	5.1	118.8	501.3	2.0	.0	.0	
78.5	50.1	5.3	206.3	518.2	2.0	.0	.0	
80.7	51.1	5.1	220.0	504.5	9.0	.0	.0	
83.4	51.0	5.9	117.5	505.7	2.0	.0	.0	
81.1	47.5	6.8	176.3	490.4	3.0	.0	.0	
77.5	52.7	5.9	171.3	439.9	37.0	.0	.0	
81.5	53.5	4.6	165.0	505.1	13.0	.0	.0	
78.6	50.8	5.1	170.0	491.8	2.0	.0	.0	
  10    31    1969
76.8	48.7	4.9	177.5	503.2	3.0	.0	.0	
69.4	44.5	5.0	205.0	437.2	36.0	.0	.0	
64.5	35.2	4.9	146.3	493.6	2.0	.0	.0	
65.8	30.2	7.0	153.8	490.5	2.0	.0	.0	
67.4	27.7	5.3	160.0	494.8	2.0	.0	.0	
68.4	27.5	5.3	151.3	426.5	48.0	.0	.0	
68.1	33.4	5.4	148.8	463.3	44.0	.0	.0	
67.2	36.4	5.4	208.8	343.8	53.0	.0	.0	
65.9	45.1	6.8	290.0	464.5	20.0	.0	.0	
64.9	46.0	2.8	132.5	353.7	33.0	.0	.0	
64.4	37.8	4.8	183.8	451.2	2.0	.0	.0	
66.8	31.6	4.8	168.8	427.7	2.0	.0	.0	
66.0	29.3	6.8	167.5	411.2	19.0	.0	.0	
62.4	40.4	4.9	143.8	408.9	57.0	.0	.0	
66.6	45.1	3.6	126.3	236.0	93.0	.0	.0	
66.8	54.4	4.5	72.5	185.9	78.0	.0	.0	
61.7	45.7	8.1	337.5	379.5	48.0	.0	.0	
57.4	41.9	5.6	121.3	213.8	55.0	.0	.0	
58.9	37.9	4.3	188.8	424.5	2.0	.0	.0	
61.2	39.2	4.5	112.5	411.3	2.0	.0	.0	
63.2	35.6	3.6	145.0	254.2	45.0	.0	.0	
68.0	34.7	5.8	176.3	420.4	4.0	.0	.0	
64.1	46.5	6.3	178.8	397.7	16.0	.0	.0	
60.6	48.4	3.2	188.8	227.5	75.0	.0	.0	
64.3	50.5	4.1	162.5	289.5	45.0	.0	.0	
63.6	49.0	6.8	167.5	359.2	49.0	.0	.0	
60.6	49.2	5.6	162.5	332.5	65.0	.0	.0	
59.9	49.9	5.8	167.5	213.5	59.0	.0	.0	
62.4	46.0	4.9	128.8	373.6	2.0	.0	.0	
63.3	42.5	6.7	150.0	361.2	2.0	.0	.0	
65.6	39.3	4.2	122.5	363.0	2.0	.0	.0	
  11    30    1969
66.6	39.5	5.8	181.3	364.6	2.0	.0	.0	
67.6	40.8	5.6	156.3	374.1	2.0	.0	.0	
66.7	42.4	5.5	156.3	367.7	2.0	.0	.0	
69.4	38.5	7.5	138.8	363.8	2.0	.0	.0	
65.8	39.9	10.9	178.8	255.6	75.0	.0	.0	
57.7	50.7	8.9	168.8	135.1	98.0	42.0	.0	
58.0	45.5	6.3	150.0	303.0	83.0	.0	.0	
62.8	41.4	11.5	145.0	275.0	68.0	.0	.0	
53.8	44.8	5.0	177.5	144.7	74.0	.0	.0	
58.6	47.1	4.4	128.8	172.5	78.0	.0	.0	
61.5	47.7	7.4	178.8	323.5	2.0	.0	.0	
63.6	49.1	4.8	126.3	326.7	2.0	.0	.0	
62.7	49.1	5.5	136.3	291.0	14.0	.0	.0	
62.2	49.1	7.1	185.0	300.7	30.0	.0	.0	
60.5	51.1	6.5	317.5	136.5	98.0	.0	.0	
58.5	49.1	6.2	203.8	158.5	86.0	.0	.0	
51.1	36.7	4.6	213.8	303.4	2.0	.0	.0	
53.8	23.4	9.0	157.5	287.2	14.0	.0	.0	
55.4	26.4	5.9	161.3	320.0	2.0	.0	.0	
52.6	31.6	5.5	151.3	228.2	64.0	.0	.0	
54.9	34.2	7.9	168.8	280.4	33.0	.0	.0	
52.5	33.7	4.3	147.5	310.4	2.0	.0	.0	
52.6	34.6	3.6	150.0	280.3	2.0	.0	.0	
52.0	35.8	5.9	137.5	272.6	35.0	.0	.0	
50.9	32.4	2.9	116.3	249.2	50.0	.0	.0	
51.6	36.3	4.5	137.5	261.8	59.0	.0	.0	
51.6	36.0	4.2	105.0	283.3	14.0	.0	.0	
49.9	35.0	3.9	126.3	285.5	8.0	.0	.0	
50.7	31.1	4.9	121.3	270.7	7.0	.0	.0	
56.6	29.6	9.5	153.8	253.6	23.0	.0	.0	
  12    31    1969
50.3	33.4	3.9	132.5	215.7	38.0	.0	.0	
49.9	33.5	4.8	142.5	229.2	33.0	.0	.0	
49.9	33.4	6.1	138.8	241.8	9.0	.0	.0	
49.6	34.9	5.4	170.0	261.3	2.0	.0	.0	
49.5	36.4	5.2	122.5	255.2	3.0	.0	.0	
50.1	35.0	5.9	130.0	250.5	15.0	.0	.0	
47.0	35.2	5.4	130.0	215.6	24.0	.0	.0	
47.6	38.1	5.1	187.5	98.2	53.0	.0	.0	
48.7	43.1	5.3	158.8	167.7	65.0	.0	.0	
49.0	36.9	4.6	105.0	247.5	5.0	.0	.0	
53.3	34.4	5.6	197.5	204.5	30.0	.0	.0	
55.8	35.0	7.0	151.3	262.7	2.0	.0	.0	
56.5	31.4	4.6	132.5	248.2	5.0	.0	.0	
51.1	31.0	5.6	103.8	242.6	39.0	.0	.0	
49.1	36.6	4.8	100.0	239.7	54.0	.0	.0	
50.6	39.9	6.3	188.8	180.5	67.0	.0	.0	
51.1	39.5	5.5	147.5	239.3	33.0	.0	.0	
53.8	40.3	4.9	146.3	184.6	83.0	.0	.0	
55.3	43.7	5.4	168.8	118.2	87.0	4.0	.0	
61.3	51.6	5.3	147.5	218.6	33.0	.0	.0	
59.9	51.7	9.2	201.3	179.6	63.0	2.0	.0	
54.3	46.5	4.8	148.8	207.6	82.0	.0	.0	
54.0	44.5	5.1	116.3	216.4	55.0	.0	.0	
58.2	45.8	6.2	176.3	217.9	55.0	.0	.0	
57.5	48.9	10.8	212.5	115.6	83.0	6.0	.0	
45.3	38.1	7.4	261.3	148.9	38.0	.0	.0	
42.8	36.7	6.1	126.3	140.1	60.0	4.0	.0	
40.6	30.7	6.5	157.5	250.1	11.0	.0	.0	
40.4	26.5	6.3	128.8	269.9	2.0	.0	.0	
39.9	28.2	4.2	103.8	260.3	2.0	.0	.0	
41.9	30.3	5.1	118.8	254.1	2.0	.0	.0	
