   1    31    1972
42.2	25.1	7.6	266.3	297.0	2.0	.0	.0	
46.5	29.6	10.6	266.3	296.3	2.0	.0	.0	
42.8	14.5	13.1	113.8	270.7	43.0	.0	.0	
33.0	1.2	8.5	113.8	303.4	2.0	.0	.0	
34.8	4.3	7.5	232.5	297.4	2.0	.0	.0	
40.3	14.2	6.2	201.3	302.7	3.0	.0	.0	
40.7	22.5	4.2	141.3	225.4	67.0	.0	.0	
43.3	23.4	8.8	273.8	297.3	2.0	.0	.0	
44.1	24.0	11.7	278.8	304.5	2.0	.0	.0	
46.8	24.4	12.1	261.3	304.3	2.0	.0	.0	
48.7	25.7	9.4	272.5	301.6	13.0	.0	.0	
49.9	24.6	11.6	268.8	207.8	55.0	.0	.0	
51.8	30.6	6.8	243.8	288.1	16.0	.0	.0	
50.5	28.4	5.3	162.5	314.5	2.0	.0	.0	
48.3	22.0	5.1	166.3	320.3	2.0	.0	.0	
48.6	19.9	7.1	180.0	318.2	2.0	.0	.0	
48.2	21.5	7.1	246.3	324.0	2.0	.0	.0	
48.4	23.3	3.6	118.8	285.1	25.0	.0	.0	
50.8	22.9	4.8	121.3	319.5	33.0	.0	.0	
52.9	23.6	6.0	201.3	304.1	30.0	.0	.0	
52.8	29.5	7.1	240.0	228.5	70.0	.0	.0	
52.8	34.9	9.1	237.5	219.7	81.0	.0	.0	
54.3	33.8	19.9	268.8	307.3	31.0	.0	.0	
44.4	16.9	4.1	126.3	321.5	11.0	.0	.0	
46.8	10.7	5.8	192.5	241.2	78.0	.0	.0	
48.2	29.3	17.3	255.0	278.0	58.0	.0	.0	
43.6	26.3	7.7	206.3	307.6	11.0	.0	.0	
48.2	29.7	7.8	225.0	321.2	30.0	.0	.0	
46.2	23.0	6.9	170.0	325.9	26.0	.0	.0	
41.7	2.4	4.6	106.3	360.5	2.0	.0	.0	
42.7	1.6	8.1	245.0	368.4	23.0	.0	.0	
   2    29    1972
53.4	10.4	16.6	231.3	343.5	43.0	.0	.0	
40.5	1.6	8.5	92.5	355.4	10.0	.0	.0	
38.7	.2	6.3	151.3	300.4	63.0	.0	.0	
43.3	2.9	4.8	210.0	195.6	81.0	.0	.0	
53.2	28.6	12.9	260.0	305.8	58.0	.0	.0	
53.6	36.9	10.8	283.8	354.4	39.0	.0	.0	
51.4	31.6	7.1	203.8	381.8	2.0	.0	.0	
49.6	23.2	4.5	147.5	254.1	78.0	.0	.0	
52.6	23.0	7.6	247.5	316.1	79.0	.0	.0	
49.4	16.6	6.4	173.8	395.6	10.0	.0	.0	
46.3	2.6	6.8	183.8	398.3	16.0	.0	.0	
49.4	2.0	7.1	207.5	419.2	2.0	.0	.0	
54.4	15.4	10.2	271.3	420.0	2.0	.0	.0	
55.4	33.1	13.0	285.0	309.1	49.0	.0	.0	
56.0	31.4	10.0	270.0	378.1	43.0	.0	.0	
59.0	28.8	10.1	268.8	406.7	65.0	.0	.0	
59.2	16.3	7.5	153.8	424.8	24.0	.0	.0	
59.0	14.9	5.6	130.0	310.6	87.0	.0	.0	
64.7	18.8	4.6	172.5	425.0	36.0	.0	.0	
62.6	26.3	9.4	282.5	393.6	39.0	.0	.0	
63.5	30.9	12.9	273.8	303.9	78.0	.0	.0	
62.0	36.4	18.2	266.3	407.9	15.0	.0	.0	
61.3	23.0	21.0	276.3	397.6	40.0	.0	.0	
61.8	26.9	22.2	287.5	365.3	54.0	.0	.0	
61.3	31.9	13.8	276.3	419.5	53.0	.0	.0	
60.9	30.3	8.6	233.8	418.5	32.0	.0	.0	
62.2	26.0	5.8	195.0	450.2	10.0	.0	.0	
67.6	28.9	10.2	233.8	463.9	27.0	.0	.0	
63.4	33.5	26.2	256.3	354.2	41.0	.0	.0	
   3    31    1972
57.0	22.1	10.6	211.3	484.0	19.0	.0	.0	
62.5	34.0	14.5	282.5	439.9	73.0	.0	.0	
67.4	42.0	16.0	276.3	434.5	85.0	.0	.0	
67.3	40.5	9.4	203.8	453.5	40.0	.0	.0	
70.1	33.9	8.0	218.8	491.2	2.0	.0	.0	
73.5	32.9	13.7	273.8	461.0	5.0	.0	.0	
71.6	32.1	8.8	262.5	513.9	2.0	.0	.0	
71.6	32.1	9.3	167.5	513.3	2.0	.0	.0	
71.4	28.4	8.9	226.3	522.8	13.0	.0	.0	
71.9	34.1	13.1	278.8	467.2	40.0	.0	.0	
69.6	38.5	14.5	283.8	474.6	43.0	.0	.0	
68.4	38.3	9.7	285.0	483.4	56.0	.0	.0	
68.2	43.7	11.5	257.5	240.3	84.0	.0	.0	
67.8	34.0	8.7	192.5	531.2	6.0	.0	.0	
67.0	23.5	6.7	167.5	541.4	2.0	.0	.0	
67.2	19.9	6.9	208.8	543.8	2.0	.0	.0	
71.8	25.6	11.3	273.8	560.6	2.0	.0	.0	
74.1	29.7	16.6	260.0	559.3	2.0	.0	.0	
69.4	27.4	9.6	248.8	566.1	13.0	.0	.0	
70.6	27.9	10.4	266.3	531.9	21.0	.0	.0	
70.1	27.5	12.7	250.0	577.9	2.0	.0	.0	
65.7	24.4	16.6	280.0	531.3	31.0	.0	.0	
60.4	29.3	12.5	287.5	528.7	46.0	.0	.0	
63.1	27.0	8.8	205.0	545.0	48.0	.0	.0	
66.9	34.4	19.9	275.0	522.3	42.0	.0	.0	
56.5	22.3	24.2	258.8	557.4	30.0	.0	.0	
52.7	9.9	19.6	273.8	593.7	9.0	.0	.0	
54.8	15.2	9.8	246.3	613.6	2.0	.0	.0	
58.1	14.0	17.2	168.8	581.0	2.0	.0	.0	
56.0	11.2	6.5	213.8	619.2	2.0	.0	.0	
63.8	15.5	7.8	167.5	579.2	40.0	.0	.0	
   4    30    1972
69.7	26.9	14.8	273.8	516.1	52.0	.0	.0	
69.0	34.2	11.5	240.0	585.4	47.0	.0	.0	
70.8	34.3	13.4	273.8	571.0	71.0	.0	.0	
74.9	37.4	12.7	268.8	478.6	95.0	.0	.0	
73.8	33.8	14.1	216.3	397.1	95.0	.0	.0	
67.5	33.6	18.9	266.3	634.6	16.0	.0	.0	
68.4	32.7	16.4	267.5	623.1	19.0	.0	.0	
67.7	23.6	19.7	283.8	578.0	65.0	.0	.0	
69.3	26.0	14.4	282.5	609.6	69.0	.0	.0	
67.0	32.9	10.9	253.8	327.4	84.0	.0	.0	
62.3	35.5	16.5	262.5	375.9	88.0	.0	.0	
59.9	34.0	23.3	263.8	654.1	7.0	.0	.0	
54.2	22.5	21.1	276.3	599.6	21.0	.0	.0	
56.9	12.0	9.8	241.3	670.6	2.0	.0	.0	
64.3	19.0	7.6	221.3	672.4	2.0	.0	.0	
68.7	11.7	12.2	207.5	638.1	30.0	.0	.0	
66.2	26.0	19.2	245.0	564.2	67.0	.0	.0	
54.4	33.6	19.5	223.8	478.0	48.0	.0	.0	
53.6	22.3	9.9	263.8	582.9	32.0	.0	.0	
60.4	17.7	8.0	247.5	693.8	2.0	.0	.0	
66.9	20.7	12.3	276.3	676.7	2.0	.0	.0	
70.0	25.3	8.7	166.3	700.4	2.0	.0	.0	
73.2	22.4	11.8	223.8	671.6	2.0	.0	.0	
67.3	30.0	22.6	268.8	680.4	8.0	.0	.0	
64.8	26.3	13.1	268.8	685.0	9.0	.0	.0	
66.0	16.5	5.8	148.8	682.8	14.0	.0	.0	
68.7	11.9	5.2	87.5	714.1	2.0	.0	.0	
75.2	25.4	14.0	273.8	713.6	2.0	.0	.0	
71.6	25.2	20.6	268.8	717.4	2.0	.0	.0	
68.4	15.1	7.1	136.3	721.6	2.0	.0	.0	
   5    31    1972
73.9	19.1	8.5	246.3	713.3	2.0	.0	.0	
77.9	28.3	10.0	237.5	695.8	2.0	.0	.0	
77.6	25.6	11.8	241.3	609.3	52.0	.0	.0	
75.5	30.2	17.5	256.3	659.0	46.0	.0	.0	
71.2	35.8	17.9	261.3	725.6	2.0	.0	.0	
67.4	37.7	18.7	267.5	644.9	26.0	.0	.0	
69.0	35.0	23.1	252.5	728.3	2.0	.0	.0	
69.5	37.1	20.4	272.5	638.7	35.0	.0	.0	
69.3	34.4	18.8	268.8	734.7	3.0	.0	.0	
71.9	32.7	8.8	223.8	737.3	2.0	.0	.0	
73.6	27.6	7.3	152.5	741.1	2.0	.0	.0	
78.3	22.3	8.1	187.5	741.7	2.0	.0	.0	
77.8	24.2	9.2	203.8	739.1	2.0	.0	.0	
77.9	16.2	6.8	162.5	736.8	6.0	.0	.0	
80.4	16.1	13.1	225.0	684.0	26.0	.0	.0	
78.9	28.2	16.1	268.8	675.3	44.0	.0	.0	
73.3	36.9	18.9	268.8	709.2	19.0	.0	.0	
66.3	37.3	25.8	247.5	659.6	27.0	.0	.0	
59.1	34.4	18.9	280.0	647.6	56.0	.0	.0	
57.6	30.4	17.3	257.5	721.0	18.0	.0	.0	
64.0	31.3	13.2	285.0	712.4	14.0	.0	.0	
70.0	33.9	8.8	211.3	759.5	2.0	.0	.0	
74.9	37.4	11.1	208.8	753.9	2.0	.0	.0	
74.6	37.4	12.7	223.8	732.2	2.0	.0	.0	
74.3	36.6	11.4	208.8	754.0	4.0	.0	.0	
77.3	33.3	8.6	165.0	745.2	15.0	.0	.0	
79.0	36.6	11.5	191.3	643.3	68.0	.0	.0	
83.5	42.7	8.9	243.8	708.0	29.0	.0	.0	
87.0	40.3	10.4	188.8	751.9	12.0	.0	.0	
86.8	45.0	10.2	217.5	667.2	38.0	.0	.0	
87.0	49.9	6.9	102.5	691.8	48.0	.0	.0	
   6    30    1972
84.2	48.6	8.8	217.5	584.8	37.0	.0	.0	
84.1	48.6	8.1	212.5	459.0	72.0	.0	.0	
85.7	43.4	9.8	250.0	706.8	30.0	.0	.0	
83.1	44.8	11.3	207.5	652.8	59.0	.0	.0	
81.3	49.0	9.2	188.8	514.2	80.0	.0	.0	
77.5	53.0	9.5	215.0	529.4	67.0	.0	.0	
74.8	57.2	10.0	157.5	588.1	80.0	.0	.0	
73.8	56.9	9.3	191.3	669.8	44.0	.0	.0	
73.7	52.1	14.3	286.3	585.0	46.0	.0	.0	
73.1	44.2	16.1	252.5	764.2	3.0	.0	.0	
75.9	38.2	11.2	270.0	665.5	23.0	.0	.0	
82.9	37.8	12.3	246.3	767.1	2.0	.0	.0	
83.6	33.0	15.4	262.5	549.1	61.0	.0	.0	
84.6	37.4	10.5	240.0	734.6	2.0	.0	.0	
86.3	41.1	12.0	215.0	766.9	2.0	.0	.0	
86.3	42.0	12.3	281.3	766.6	2.0	.0	.0	
85.7	40.9	12.1	282.5	766.3	2.0	.0	.0	
85.5	38.3	12.7	281.3	708.0	39.0	.0	.0	
86.8	33.9	13.5	265.0	659.9	64.0	.0	.0	
84.1	40.2	14.0	238.8	609.0	80.0	.0	.0	
82.0	55.0	11.1	257.5	620.2	52.0	.0	.0	
76.2	51.1	19.7	267.5	703.4	17.0	.0	.0	
76.6	45.5	20.2	265.0	761.5	2.0	.0	.0	
77.4	41.9	19.0	267.5	765.7	2.0	.0	.0	
78.8	33.0	17.4	262.5	768.7	2.0	.0	.0	
80.3	32.7	13.0	280.0	777.1	2.0	.0	.0	
84.5	30.4	10.1	290.0	753.9	2.0	.0	.0	
89.6	32.6	10.1	226.3	768.7	2.0	.0	.0	
94.1	37.0	10.9	227.5	767.7	2.0	.0	.0	
96.9	38.2	10.5	233.8	760.0	9.0	.0	.0	
   7    31    1972
94.8	33.6	18.0	267.5	736.1	8.0	.0	.0	
93.6	32.7	20.7	262.5	768.0	3.0	.0	.0	
93.9	29.1	17.2	275.0	764.0	2.0	.0	.0	
93.5	31.2	15.0	268.8	648.7	59.0	.0	.0	
94.7	37.1	13.7	258.8	637.5	71.0	.0	.0	
94.5	32.7	14.1	288.8	639.0	71.0	.0	.0	
92.9	30.5	16.4	278.8	663.1	92.0	.0	.0	
91.6	34.0	14.0	273.8	678.0	64.0	.0	.0	
89.6	33.6	17.1	270.0	698.5	13.0	.0	.0	
90.7	37.7	18.3	268.8	750.9	2.0	.0	.0	
91.4	38.3	14.3	271.3	750.3	2.0	.0	.0	
92.5	41.1	10.1	248.8	734.8	11.0	.0	.0	
95.0	41.7	12.1	290.0	719.6	2.0	.0	.0	
98.0	41.0	10.6	202.5	708.9	5.0	.0	.0	
98.3	48.9	10.5	166.3	733.8	2.0	.0	.0	
93.2	54.5	8.1	122.5	724.9	16.0	.0	.0	
90.6	48.6	11.7	251.3	727.0	11.0	.0	.0	
88.7	50.0	15.8	243.8	733.8	2.0	.0	.0	
87.5	47.2	20.7	257.5	739.0	2.0	.0	.0	
80.2	46.7	20.2	271.3	743.0	2.0	.0	.0	
79.5	38.1	17.3	271.3	745.3	2.0	.0	.0	
83.0	33.6	10.4	242.5	733.5	2.0	.0	.0	
88.0	32.5	12.7	241.3	742.2	2.0	.0	.0	
89.0	33.4	11.2	245.0	728.3	3.0	.0	.0	
88.2	32.7	13.0	238.8	629.0	31.0	.0	.0	
90.9	36.4	16.6	270.0	704.3	5.0	.0	.0	
91.3	40.2	14.8	281.3	721.7	2.0	.0	.0	
93.5	38.4	9.3	188.8	689.0	25.0	.0	.0	
94.8	40.9	11.3	187.5	488.2	73.0	.0	.0	
94.2	53.0	11.1	265.0	585.9	57.0	.0	.0	
95.0	54.9	14.1	286.3	713.8	2.0	.0	.0	
   8    31    1972
93.7	39.4	15.6	283.8	727.0	2.0	.0	.0	
89.4	36.9	14.1	273.8	708.2	2.0	.0	.0	
87.0	40.3	10.8	278.8	716.8	2.0	.0	.0	
88.4	47.4	11.2	180.0	716.2	2.0	.0	.0	
91.3	54.7	11.4	192.5	667.3	31.0	.0	.0	
94.2	55.0	9.4	163.8	642.9	55.0	.0	.0	
95.0	52.1	11.9	231.3	656.0	29.0	.0	.0	
94.5	52.7	10.0	213.8	686.2	4.0	.0	.0	
92.5	55.7	8.1	157.5	696.8	5.0	.0	.0	
93.9	55.5	8.2	181.3	678.1	6.0	.0	.0	
91.3	56.5	10.8	231.3	647.3	18.0	.0	.0	
84.2	58.4	9.5	232.5	479.1	33.0	.0	.0	
81.6	55.8	11.4	223.8	584.6	26.0	.0	.0	
79.9	46.4	16.1	237.5	687.5	2.0	.0	.0	
78.4	41.6	16.1	266.3	643.8	3.0	.0	.0	
78.7	37.7	12.2	288.8	684.1	2.0	.0	.0	
80.0	39.0	9.5	255.0	678.4	2.0	.0	.0	
78.3	44.0	12.3	243.8	650.7	8.0	.0	.0	
77.6	44.9	11.8	275.0	660.2	2.0	.0	.0	
80.1	40.5	7.5	176.3	639.1	11.0	.0	.0	
85.4	39.1	11.3	278.8	669.7	3.0	.0	.0	
86.5	39.6	16.0	283.8	651.7	14.0	.0	.0	
88.1	36.9	13.1	282.5	647.9	2.0	.0	.0	
86.2	38.8	14.6	271.3	635.5	24.0	.0	.0	
82.0	50.0	10.1	180.0	608.1	10.0	.0	.0	
84.7	48.5	6.8	95.0	600.5	31.0	.0	.0	
81.4	53.3	8.1	67.5	512.1	79.0	.0	.0	
82.6	50.9	7.0	73.8	612.9	28.0	.0	.0	
84.8	50.7	9.4	182.5	457.2	68.0	.0	.0	
87.1	56.0	4.2	105.0	465.4	67.0	.0	.0	
88.2	55.0	10.7	213.8	569.3	25.0	.0	.0	
   9    30    1972
85.4	54.7	7.7	231.3	560.1	27.0	.0	.0	
83.6	46.9	10.7	248.8	583.5	32.0	.0	.0	
80.2	57.5	11.2	223.8	409.4	57.0	.0	.0	
81.8	57.5	6.1	175.0	450.1	96.0	.0	.0	
83.8	54.6	14.3	236.3	528.7	62.0	.0	.0	
78.9	54.0	8.5	155.0	574.7	41.0	.0	.0	
80.2	53.5	8.8	208.8	588.3	5.0	.0	.0	
80.7	52.9	10.4	145.0	559.9	8.0	.0	.0	
79.6	51.1	10.7	278.8	584.3	2.0	.0	.0	
74.5	48.5	11.5	273.8	566.0	6.0	.0	.0	
71.6	45.1	13.7	275.0	599.7	2.0	.0	.0	
70.4	35.3	7.8	188.8	585.2	16.0	.0	.0	
74.5	31.2	8.2	183.8	584.9	2.0	.0	.0	
78.4	33.7	7.7	173.8	583.9	18.0	.0	.0	
79.4	34.5	7.8	230.0	505.8	20.0	.0	.0	
81.5	35.0	11.9	281.3	536.1	15.0	.0	.0	
81.3	43.7	11.0	287.5	519.6	9.0	.0	.0	
76.4	52.7	14.4	237.5	510.9	10.0	.0	.0	
71.2	42.6	18.1	253.8	573.0	2.0	.0	.0	
72.0	39.2	6.5	142.5	553.9	9.0	.0	.0	
77.1	31.9	7.5	253.8	522.7	46.0	.0	.0	
79.4	31.9	14.5	257.5	497.7	53.0	.0	.0	
78.5	38.0	14.7	277.5	555.3	20.0	.0	.0	
73.2	37.1	19.5	262.5	342.9	83.0	.0	.0	
71.0	39.4	8.5	253.8	520.2	24.0	.0	.0	
73.8	42.5	10.0	203.8	544.8	2.0	.0	.0	
74.9	47.0	7.9	200.0	494.0	42.0	.0	.0	
77.7	47.9	12.0	281.3	395.6	85.0	.0	.0	
78.0	45.5	6.0	158.8	350.3	78.0	.0	.0	
78.9	37.7	7.0	178.8	499.9	15.0	.0	.0	
  10    31    1972
77.1	41.6	13.5	263.8	328.9	44.0	.0	.0	
68.6	43.2	8.5	237.5	487.8	6.0	.0	.0	
70.8	42.9	13.1	168.8	491.9	23.0	.0	.0	
70.2	47.2	11.4	286.3	470.5	25.0	.0	.0	
70.6	45.5	6.9	122.5	421.8	69.0	.0	.0	
72.2	48.6	5.1	111.3	316.6	78.0	.0	.0	
73.5	51.1	5.2	112.5	426.1	42.0	.0	.0	
70.3	53.6	10.8	218.8	424.8	21.0	.0	.0	
65.9	51.9	15.7	266.3	394.6	56.0	.0	.0	
63.8	42.0	12.7	273.8	319.2	45.0	.0	.0	
66.2	44.9	7.5	157.5	437.1	35.0	.0	.0	
67.0	50.8	6.4	178.8	257.9	63.0	.0	.0	
66.3	46.6	8.5	248.8	466.8	2.0	.0	.0	
65.1	42.0	11.7	226.3	396.2	43.0	.0	.0	
63.1	43.1	9.4	267.5	448.4	3.0	.0	.0	
62.9	40.5	10.9	275.0	286.7	89.0	.0	.0	
63.8	37.1	9.1	241.3	244.0	98.0	.0	.0	
60.5	48.1	5.6	132.5	238.8	95.0	.0	.0	
60.7	47.5	13.4	223.8	376.1	55.0	.0	.0	
56.1	49.0	13.6	246.3	230.4	63.0	.0	.0	
59.0	48.9	7.8	211.3	422.2	6.0	.0	.0	
61.5	49.9	3.5	86.3	427.2	2.0	.0	.0	
64.0	47.0	4.2	126.3	393.5	23.0	.0	.0	
63.6	31.4	12.3	187.5	383.9	16.0	.0	.0	
60.6	31.3	6.9	183.8	405.9	6.0	.0	.0	
61.1	37.0	12.1	222.5	244.1	75.0	.0	.0	
59.8	52.4	4.8	96.3	269.4	92.0	.0	.0	
61.0	46.4	10.7	228.8	385.1	42.0	.0	.0	
57.6	24.1	15.0	183.8	375.6	50.0	.0	.0	
52.8	12.4	15.7	267.5	376.2	29.0	.0	.0	
53.7	10.0	6.9	241.3	384.3	13.0	.0	.0	
  11    30    1972
56.9	13.1	6.9	155.0	292.7	44.0	.0	.0	
58.7	23.5	7.7	198.8	396.1	2.0	.0	.0	
59.3	32.5	6.7	191.3	358.6	24.0	.0	.0	
60.1	39.9	17.2	265.0	345.7	13.0	.0	.0	
59.4	39.2	11.0	262.5	352.9	4.0	.0	.0	
57.6	31.0	8.4	135.0	326.7	58.0	.0	.0	
59.6	32.9	7.2	122.5	180.6	68.0	.0	.0	
55.8	36.8	17.1	265.0	326.6	10.0	.0	.0	
51.5	29.0	6.5	151.3	360.6	2.0	.0	.0	
52.5	27.8	6.2	167.5	226.1	64.0	.0	.0	
53.8	38.4	24.5	250.0	276.2	71.0	.0	.0	
53.1	35.3	13.7	265.0	352.8	8.0	.0	.0	
51.4	39.0	5.8	150.0	269.6	73.0	.0	.0	
51.0	42.8	9.4	250.0	202.6	63.0	.0	.0	
52.1	41.6	5.8	156.3	303.3	40.0	.0	.0	
51.4	43.8	8.5	110.0	159.7	87.0	.0	.0	
46.8	40.5	4.3	208.8	184.4	58.0	.0	.0	
50.3	41.7	4.9	168.8	300.8	35.0	.0	.0	
51.7	37.6	13.3	268.8	311.6	13.0	.0	.0	
49.3	33.0	6.9	200.0	309.3	15.0	.0	.0	
47.3	28.6	3.9	120.0	319.3	22.0	.0	.0	
50.3	28.6	4.2	58.8	306.5	65.0	.0	.0	
51.3	21.5	5.3	140.0	323.5	11.0	.0	.0	
48.9	20.7	9.0	238.8	322.9	2.0	.0	.0	
53.1	24.8	10.5	281.3	309.6	13.0	.0	.0	
57.4	29.8	11.3	271.3	321.3	2.0	.0	.0	
56.5	29.5	8.2	206.3	316.0	4.0	.0	.0	
50.6	23.2	5.6	208.8	315.2	2.0	.0	.0	
49.6	23.9	6.4	203.8	304.2	3.0	.0	.0	
50.4	24.0	8.4	291.3	299.9	6.0	.0	.0	
  12    31    1972
50.5	23.1	10.5	268.8	309.4	2.0	.0	.0	
49.9	19.6	4.0	143.8	306.3	2.0	.0	.0	
59.3	26.1	16.3	222.5	290.8	6.0	.0	.0	
53.6	41.5	25.1	248.8	165.5	50.0	.0	.0	
40.6	25.9	14.5	232.5	302.0	2.0	.0	.0	
42.4	27.8	7.7	236.3	219.7	69.0	.0	.0	
47.3	30.7	25.9	257.5	258.1	38.0	.0	.0	
42.7	30.0	19.0	248.8	124.6	70.0	.0	.0	
32.5	13.3	10.1	157.5	281.9	15.0	.0	.0	
30.4	10.8	5.2	30.0	123.9	87.0	.0	.0	
32.1	15.3	7.7	276.3	299.4	8.0	.0	.0	
32.6	12.8	2.5	105.0	258.7	48.0	.0	.0	
38.2	16.3	8.1	252.5	296.8	10.0	.0	.0	
36.9	14.2	5.6	222.5	279.2	28.0	.0	.0	
37.0	14.9	4.1	121.3	216.2	71.0	.0	.0	
40.5	17.3	5.9	180.0	238.9	86.0	.0	.0	
44.5	19.5	5.9	188.8	167.1	90.0	.0	.0	
46.9	20.7	6.1	252.5	291.0	5.0	.0	.0	
47.3	27.5	4.6	180.0	249.2	26.0	.0	.0	
54.0	36.9	9.4	236.3	282.4	4.0	.0	.0	
53.3	32.1	7.7	206.3	287.3	4.0	.0	.0	
58.7	39.9	15.9	231.3	280.4	36.0	.0	.0	
51.9	37.4	7.2	152.5	260.2	55.0	.0	.0	
52.4	32.1	9.8	223.8	265.5	26.0	.0	.0	
54.2	20.6	7.2	121.3	291.6	2.0	.0	.0	
47.1	21.0	5.3	135.0	292.5	2.0	.0	.0	
46.9	20.9	4.9	210.0	295.3	13.0	.0	.0	
46.4	24.4	25.9	260.0	229.5	55.0	.0	.0	
42.1	15.5	8.9	226.3	287.9	2.0	.0	.0	
39.0	9.2	7.2	282.5	269.5	11.0	.0	.0	
41.6	11.9	10.8	183.8	249.8	15.0	.0	.0	
