1 31 1993
41.2	34.6	3.7	147.4	77.6	77.5	.0	.0	
41.5	32.6	14.0	234.2	189.3	40.4	.0	.0	
34.0	20.8	6.2	189.4	223.6	1.7	.0	.0	
32.4	18.8	4.1	135.8	78.6	72.5	.0	.0	
35.1	21.0	5.6	109.4	80.0	86.7	.0	.0	
36.7	34.2	6.7	47.8	79.4	100.0	.0	.0	
43.5	43.2	4.3	111.8	80.9	99.6	.0	.0	
49.8	38.9	22.4	241.0	222.0	35.0	.0	.0	
48.9	40.2	9.6	199.0	80.8	74.2	.0	.0	
47.4	40.4	9.3	175.0	88.1	85.4	.0	.0	
43.5	31.2	12.8	196.2	233.7	1.2	.0	.0	
39.8	33.8	9.6	92.6	82.4	85.4	.0	.0	
46.0	43.7	8.2	159.8	86.3	88.8	.0	.0	
50.0	43.4	10.5	217.4	173.2	46.7	.0	.0	
45.5	44.3	7.4	99.0	84.2	96.7	.0	.0	
50.8	49.9	4.8	137.0	88.9	90.0	.0	.0	
51.4	46.5	8.9	187.8	147.0	79.2	.0	.0	
47.2	43.1	7.7	156.2	95.1	82.9	.0	.0	
47.6	41.1	9.3	262.6	238.7	12.5	.0	.0	
49.4	40.3	3.9	100.2	166.1	32.9	.0	.0	
48.9	44.0	4.0	104.6	92.2	61.7	.0	.0	
53.7	43.0	15.2	257.0	226.6	26.7	.0	.0	
45.9	24.2	6.7	133.4	157.1	24.6	.0	.0	
44.2	25.0	7.7	199.0	96.2	64.6	.0	.0	
45.9	29.1	4.0	85.4	92.4	70.4	.0	.0	
48.5	29.8	6.3	177.8	98.4	70.0	.0	.0	
49.4	31.7	6.0	211.4	99.6	70.4	.0	.0	
51.1	33.5	9.1	262.2	251.9	45.0	.0	.0	
51.5	25.7	6.6	157.8	243.5	47.9	.0	.0	
48.2	27.3	6.8	103.0	142.9	84.2	.0	.0	
47.6	33.7	7.3	223.0	158.5	59.6	.0	.0	
2 28 1993
47.2	28.5	7.8	187.4	282.5	11.7	.0	.0	
46.6	31.0	5.6	153.8	277.5	22.1	.0	.0	
50.3	33.1	5.7	118.2	160.4	82.5	.0	.0	
51.7	33.3	6.5	117.0	291.1	42.1	.0	.0	
56.4	35.3	7.8	104.6	104.2	85.0	.0	.0	
53.9	35.5	6.7	108.6	135.7	85.0	.0	.0	
56.9	38.3	11.9	74.2	110.6	99.6	.0	.0	
53.4	47.7	10.0	187.0	151.7	86.7	.0	.0	
51.8	40.8	16.5	239.4	167.4	38.8	.0	.0	
51.0	37.2	15.7	258.6	312.9	.0	.0	.0	
51.2	38.2	15.7	239.0	269.6	21.2	.0	.0	
50.1	38.4	7.6	197.0	293.3	35.0	.0	.0	
49.8	38.0	7.4	168.2	115.9	69.2	.0	.0	
50.5	35.0	5.4	174.6	298.9	49.2	.0	.0	
52.0	35.0	18.3	244.2	331.4	2.5	.0	.0	
50.1	35.5	13.8	260.2	128.5	62.9	.0	.0	
50.3	36.3	9.7	102.2	302.1	40.4	.0	.0	
53.4	43.9	12.0	117.0	120.1	99.2	.0	.0	
52.6	46.6	11.4	198.6	163.9	69.2	.0	.0	
50.6	37.0	23.3	237.4	273.6	28.8	.0	.0	
49.7	33.2	23.3	241.8	332.6	8.3	.0	.0	
51.2	39.0	11.6	229.0	165.1	50.4	.0	.0	
50.5	39.2	12.6	167.8	177.2	65.8	.0	.0	
48.7	31.1	25.9	245.8	363.3	25.0	.0	.0	
47.9	32.3	12.4	237.0	184.0	68.8	.0	.0	
46.2	40.9	5.6	180.2	146.3	87.9	.0	.0	
45.2	40.7	7.5	196.2	140.4	96.2	.0	.0	
45.8	38.1	11.9	267.4	156.1	79.2	.0	.0	
3 31 1993
49.1	35.8	12.7	264.2	388.3	.0	.0	.0	
52.6	38.1	8.7	205.4	348.6	26.2	.0	.0	
55.1	41.3	14.9	257.0	384.8	6.7	.0	.0	
55.2	35.0	9.6	175.8	270.2	31.2	.0	.0	
57.6	34.7	8.5	200.6	241.3	37.9	.0	.0	
58.0	37.7	7.3	199.8	409.7	.0	.0	.0	
60.2	38.3	6.2	139.4	414.0	.0	.0	.0	
61.8	39.6	7.4	212.2	160.3	75.0	.0	.0	
62.9	34.7	7.2	225.0	147.9	91.2	.0	.0	
63.5	35.2	14.2	252.6	426.9	10.8	.0	.0	
62.8	37.5	10.6	219.0	428.2	7.5	.0	.0	
58.2	31.6	5.8	78.6	288.7	65.0	.0	.0	
59.3	30.9	5.6	168.6	173.3	70.8	.0	.0	
63.1	46.3	18.6	250.2	394.8	45.8	.0	.0	
64.9	39.4	18.5	252.6	314.5	50.8	.0	.0	
64.4	39.8	7.8	181.4	242.1	53.3	.0	.0	
67.0	48.1	17.5	249.8	199.3	68.8	.0	.0	
64.1	41.7	17.7	248.6	461.2	.0	.0	.0	
62.0	39.0	5.3	107.4	202.4	52.1	.0	.0	
64.0	41.3	5.3	149.4	189.6	77.9	.0	.0	
63.8	40.6	6.6	216.2	474.2	1.7	.0	.0	
67.2	37.3	8.0	145.0	478.5	.0	.0	.0	
69.3	40.3	10.2	198.2	412.7	37.5	.0	.0	
63.8	42.8	15.1	266.6	288.7	77.5	.0	.0	
61.1	43.3	9.8	258.2	175.7	79.6	.0	.0	
50.7	44.7	10.7	167.8	173.6	86.2	.0	.0	
54.1	37.4	18.4	247.0	378.8	52.9	.0	.0	
52.0	37.1	13.7	249.0	403.1	61.7	.0	.0	
58.5	38.9	13.8	254.6	497.4	29.2	.0	.0	
61.2	42.3	10.5	242.6	400.0	30.8	.0	.0	
64.6	41.9	7.7	195.8	501.6	5.0	.0	.0	
4 30 1993
60.0	41.1	17.2	252.6	248.3	50.4	.0	.0	
61.1	38.6	11.9	251.0	232.3	65.4	.0	.0	
66.3	39.5	7.3	228.2	247.0	47.1	.0	.0	
66.2	42.1	17.4	251.8	447.9	43.3	.0	.0	
58.5	37.6	24.4	241.4	371.8	55.4	.0	.0	
58.5	29.0	12.9	265.8	520.3	31.2	.0	.0	
60.1	33.4	6.9	168.2	536.4	4.6	.0	.0	
66.0	37.5	8.7	199.8	474.0	19.2	.0	.0	
66.3	38.3	18.8	235.4	257.2	51.2	.0	.0	
66.0	37.1	20.1	255.4	364.9	38.3	.0	.0	
64.9	31.2	15.5	259.4	275.8	45.0	.0	.0	
57.8	24.4	10.2	158.6	555.7	19.6	.0	.0	
57.7	17.5	3.6	76.6	535.5	22.5	.0	.0	
64.1	30.4	8.2	228.2	559.3	8.3	.0	.0	
65.7	37.8	5.6	205.8	277.0	43.3	.0	.0	
66.6	39.5	10.1	268.2	218.6	57.5	.0	.0	
66.2	37.2	13.1	251.4	244.9	65.4	.0	.0	
63.3	38.4	19.2	247.4	236.0	58.8	.0	.0	
62.6	29.3	6.3	175.0	580.8	11.7	.0	.0	
69.4	28.1	5.4	135.0	383.9	60.0	.0	.0	
73.0	39.4	7.1	199.4	236.4	87.5	.0	.0	
66.0	42.1	18.6	255.0	326.5	47.9	.0	.0	
64.6	33.6	18.0	263.8	534.4	24.6	.0	.0	
65.0	38.2	11.7	207.8	583.4	7.1	.0	.0	
70.0	41.2	9.9	224.2	595.2	16.7	.0	.0	
72.7	40.5	15.0	252.6	226.3	71.2	.0	.0	
70.1	38.3	7.7	241.0	581.0	9.2	.0	.0	
72.5	36.8	6.6	189.8	617.1	.0	.0	.0	
75.4	39.4	8.5	247.4	574.6	12.1	.0	.0	
77.0	43.6	11.0	267.0	474.9	42.5	.0	.0	
5 31 1993
72.9	32.5	3.8	101.4	447.9	57.5	.0	.0	
76.3	40.5	10.6	220.2	269.7	90.0	.0	.0	
74.1	46.9	23.2	237.8	562.3	50.0	.0	.0	
63.7	35.5	18.4	253.0	467.9	47.9	.0	.0	
66.3	34.0	9.3	255.0	635.5	5.4	.0	.0	
72.6	39.4	17.5	241.4	402.1	38.8	.0	.0	
70.7	37.3	17.0	247.0	640.7	.0	.0	.0	
70.6	28.3	8.6	146.2	643.1	.0	.0	.0	
71.0	24.1	7.3	65.4	645.5	.0	.0	.0	
77.0	27.9	9.8	101.0	647.8	7.9	.0	.0	
75.9	37.8	12.0	271.8	427.1	50.0	.0	.0	
68.2	43.0	15.0	259.8	621.6	19.2	.0	.0	
72.3	41.0	11.3	247.8	562.4	38.3	.0	.0	
78.4	41.1	10.7	194.6	373.4	67.1	.0	.0	
76.9	45.2	7.3	185.8	230.5	96.7	.0	.0	
74.9	52.1	8.7	131.0	293.4	91.7	.0	.0	
78.0	47.1	9.7	209.8	399.0	38.3	.0	.0	
78.9	45.2	13.0	256.2	523.9	52.9	.0	.0	
78.0	44.3	16.0	251.0	665.9	6.2	.0	.0	
76.1	51.7	17.3	245.8	667.7	.0	.0	.0	
73.3	47.4	18.5	238.2	669.3	.0	.0	.0	
75.8	43.9	10.7	173.4	671.0	.0	.0	.0	
77.6	44.3	11.7	236.2	671.2	1.2	.0	.0	
75.0	45.3	12.5	250.6	647.0	8.8	.0	.0	
72.9	49.9	14.5	258.6	625.3	12.9	.0	.0	
70.9	43.5	14.4	261.4	673.1	6.2	.0	.0	
71.0	37.9	15.1	271.4	657.2	17.9	.0	.0	
71.7	41.2	16.1	239.0	675.4	27.1	.0	.0	
75.5	42.5	10.4	254.6	674.9	6.7	.0	.0	
79.4	44.7	10.1	227.4	675.3	23.8	.0	.0	
76.5	48.3	16.1	249.4	355.9	67.9	.0	.0	
6 30 1993
73.5	46.9	17.0	245.0	645.8	17.5	.0	.0	
71.7	41.6	22.7	234.6	677.9	21.2	.0	.0	
73.3	38.9	14.7	260.2	411.0	82.1	.0	.0	
72.7	45.3	17.0	235.8	279.6	97.1	.0	.0	
58.7	47.2	13.6	233.0	258.6	87.9	.0	.0	
60.6	39.0	19.1	230.6	632.3	20.4	.0	.0	
66.4	44.6	13.3	249.4	689.2	.0	.0	.0	
71.7	44.6	8.2	231.0	689.7	1.2	.0	.0	
77.7	43.1	8.7	193.8	685.2	6.7	.0	.0	
82.5	45.3	13.1	261.0	552.9	32.9	.0	.0	
81.7	41.6	14.7	256.6	683.8	10.0	.0	.0	
80.4	35.8	8.9	245.4	692.1	.0	.0	.0	
84.6	40.8	9.5	180.2	691.6	2.5	.0	.0	
87.5	45.4	12.6	247.8	443.3	52.1	.0	.0	
87.3	44.3	15.9	247.4	693.3	.8	.0	.0	
84.7	40.5	17.1	257.8	693.6	.0	.0	.0	
81.6	38.5	9.3	153.0	693.8	.0	.0	.0	
83.6	40.1	6.6	144.6	694.0	.0	.0	.0	
87.4	43.7	8.1	219.8	652.5	8.8	.0	.0	
85.7	48.0	14.0	250.6	376.1	49.6	.0	.0	
81.7	45.9	16.6	239.8	694.2	.0	.0	.0	
81.6	41.5	15.2	247.4	694.2	.0	.0	.0	
82.8	41.1	9.3	217.0	694.1	.0	.0	.0	
85.3	37.9	8.1	129.0	694.0	.0	.0	.0	
88.9	39.4	8.2	220.2	692.0	1.2	.0	.0	
92.5	45.5	12.8	260.6	687.5	6.2	.0	.0	
91.6	45.0	13.4	258.6	689.5	2.9	.0	.0	
88.5	41.4	17.3	241.8	693.0	.0	.0	.0	
85.3	32.1	16.0	267.4	692.6	.0	.0	.0	
86.6	39.7	12.5	260.2	692.1	.0	.0	.0	
7 31 1993
88.5	42.7	10.6	235.0	691.4	.0	.0	.0	
89.1	45.7	16.0	236.2	690.8	.0	.0	.0	
84.8	41.8	17.1	241.4	688.6	2.1	.0	.0	
83.8	45.8	15.8	246.2	631.1	25.4	.0	.0	
84.8	49.6	11.2	173.4	674.0	13.8	.0	.0	
88.3	49.9	10.1	197.4	688.0	.0	.0	.0	
89.5	47.0	15.1	247.0	687.2	.0	.0	.0	
90.8	48.2	15.2	252.2	686.4	.0	.0	.0	
89.6	48.8	10.2	199.4	685.5	.0	.0	.0	
88.3	42.2	10.0	194.6	652.9	15.8	.0	.0	
87.4	41.7	11.6	224.2	672.1	15.0	.0	.0	
87.1	43.2	14.5	233.8	682.4	.0	.0	.0	
85.8	42.3	16.6	236.6	681.3	.0	.0	.0	
84.4	40.6	15.2	241.8	680.1	.0	.0	.0	
82.6	39.4	16.1	245.0	678.9	.0	.0	.0	
80.1	38.2	13.4	269.8	646.9	18.3	.0	.0	
81.3	38.8	11.8	251.8	614.7	15.0	.0	.0	
82.5	41.1	9.9	223.8	674.9	.0	.0	.0	
83.9	39.1	13.6	249.8	539.5	27.1	.0	.0	
84.5	43.4	14.9	237.4	671.3	2.9	.0	.0	
81.1	44.7	14.6	246.6	457.2	37.9	.0	.0	
81.8	44.2	10.2	267.4	250.7	70.4	.0	.0	
84.4	51.1	16.8	237.0	337.4	63.3	.0	.0	
84.4	55.8	10.8	186.2	665.4	2.1	.0	.0	
83.8	53.5	10.2	232.2	663.6	.0	.0	.0	
85.0	54.7	10.1	227.0	661.8	.0	.0	.0	
86.2	51.9	8.9	255.8	659.9	.0	.0	.0	
86.4	50.1	9.4	233.8	636.1	9.2	.0	.0	
85.0	48.9	9.8	225.4	412.9	48.3	.0	.0	
88.4	48.9	8.9	249.4	653.9	1.7	.0	.0	
91.8	46.7	9.3	256.6	611.8	22.5	.0	.0	
8 31 1993
95.0	48.7	10.7	260.2	649.6	.0	.0	.0	
96.2	51.5	13.4	256.6	548.0	32.1	.0	.0	
95.8	53.7	12.9	255.4	338.2	60.8	.0	.0	
95.8	56.0	11.0	196.6	610.4	35.0	.0	.0	
93.9	53.0	10.3	257.8	631.8	5.8	.0	.0	
92.1	50.2	12.9	248.6	617.4	8.3	.0	.0	
87.9	48.7	11.8	209.4	621.5	7.1	.0	.0	
85.6	48.2	9.9	220.6	419.3	53.3	.0	.0	
88.0	45.1	9.1	245.8	430.7	63.3	.0	.0	
87.9	49.3	11.9	229.8	627.7	4.2	.0	.0	
85.3	47.1	13.6	264.2	468.1	51.2	.0	.0	
81.6	46.1	17.0	253.0	610.3	20.0	.0	.0	
79.8	47.4	12.8	268.2	620.1	.0	.0	.0	
78.9	50.4	10.9	243.8	617.3	.0	.0	.0	
78.7	50.0	12.2	234.2	614.4	.0	.0	.0	
80.5	51.0	10.5	214.2	611.4	.0	.0	.0	
82.8	50.2	9.0	237.0	576.6	30.4	.0	.0	
84.5	49.3	10.7	258.6	605.4	7.9	.0	.0	
83.8	47.5	11.1	234.6	596.3	4.2	.0	.0	
81.3	44.0	11.0	243.0	599.1	.0	.0	.0	
79.9	45.7	9.7	268.6	595.9	.0	.0	.0	
84.8	46.7	8.0	209.4	592.6	.0	.0	.0	
88.2	49.6	10.2	217.0	589.3	.0	.0	.0	
87.4	47.7	12.2	205.0	585.9	2.1	.0	.0	
86.1	54.0	9.1	191.0	435.1	36.7	.0	.0	
84.3	62.1	8.1	117.8	534.7	12.9	.0	.0	
86.5	59.7	8.2	162.6	518.4	28.3	.0	.0	
85.8	57.1	8.4	164.6	522.0	25.0	.0	.0	
85.4	49.6	10.1	204.6	568.2	.8	.0	.0	
82.8	50.6	7.3	195.0	560.4	7.1	.0	.0	
83.1	50.3	6.6	191.0	543.1	9.6	.0	.0	
9 30 1993
87.0	53.4	7.2	226.2	462.8	23.8	.0	.0	
88.8	56.2	8.3	192.2	540.5	5.4	.0	.0	
88.6	52.7	9.7	206.2	537.2	5.4	.0	.0	
87.5	48.7	10.8	244.6	539.6	4.6	.0	.0	
84.3	41.0	10.5	251.8	541.2	11.2	.0	.0	
81.7	40.2	8.5	229.4	536.3	20.0	.0	.0	
83.0	37.1	10.0	258.2	533.4	.0	.0	.0	
85.3	39.7	9.2	191.8	529.4	.0	.0	.0	
89.4	43.8	8.7	191.4	525.5	.0	.0	.0	
91.4	43.3	8.7	184.2	521.5	.0	.0	.0	
90.3	43.3	10.6	240.6	516.1	1.2	.0	.0	
85.1	43.5	15.3	236.2	513.3	.0	.0	.0	
74.6	30.2	7.4	137.8	509.2	.0	.0	.0	
74.7	25.0	6.9	169.4	505.0	.0	.0	.0	
77.5	42.2	8.1	242.2	500.8	.0	.0	.0	
70.5	47.5	13.6	250.6	496.6	.0	.0	.0	
68.5	42.9	17.4	252.6	492.4	.0	.0	.0	
68.4	37.5	8.1	207.4	488.1	.0	.0	.0	
72.7	35.2	8.3	173.4	328.6	31.7	.0	.0	
75.2	37.2	8.6	243.0	479.5	.0	.0	.0	
74.7	40.5	7.8	223.0	475.2	.0	.0	.0	
75.5	33.0	11.0	253.0	469.7	1.7	.0	.0	
71.9	27.8	8.9	263.0	466.4	.0	.0	.0	
71.4	24.2	7.0	179.8	462.0	.0	.0	.0	
73.4	20.8	8.5	218.6	457.6	.0	.0	.0	
76.3	24.1	7.7	172.6	453.2	.0	.0	.0	
77.3	25.7	6.5	159.4	448.8	.0	.0	.0	
78.5	30.3	7.2	156.6	444.4	.0	.0	.0	
80.5	35.4	6.4	149.4	439.9	.0	.0	.0	
81.3	41.0	8.0	253.8	435.5	.0	.0	.0	
10 31 1993
80.3	39.3	7.1	231.4	431.3	.0	.0	.0	
79.6	38.7	7.8	205.8	426.8	.0	.0	.0	
82.3	40.0	8.5	204.2	388.2	15.4	.0	.0	
80.0	44.7	9.5	251.0	418.0	2.5	.0	.0	
71.8	44.6	10.7	219.8	413.1	5.0	.0	.0	
67.8	44.4	11.1	256.2	407.3	3.3	.0	.0	
69.1	45.2	10.4	255.0	404.7	.0	.0	.0	
71.2	40.4	9.5	261.0	399.2	.8	.0	.0	
70.2	39.8	6.2	159.0	190.3	63.8	.0	.0	
72.6	48.9	8.5	193.0	350.5	39.6	.0	.0	
67.7	54.6	9.5	252.2	356.0	30.0	.0	.0	
68.5	49.4	5.4	199.0	382.8	.0	.0	.0	
70.8	46.5	7.7	189.8	200.9	64.2	.0	.0	
70.0	45.3	11.5	254.6	321.6	41.2	.0	.0	
68.0	49.8	15.4	235.4	240.1	74.6	.0	.0	
65.4	47.3	10.7	241.8	135.6	76.7	.0	.0	
61.7	41.9	10.1	244.6	346.5	8.8	.0	.0	
59.9	40.0	6.5	224.6	319.3	15.4	.0	.0	
62.2	33.6	6.8	195.4	353.8	1.7	.0	.0	
63.3	28.5	6.0	186.6	349.8	2.1	.0	.0	
64.1	30.9	4.8	77.8	121.1	85.0	.0	.0	
66.4	30.7	5.4	109.4	275.7	49.6	.0	.0	
64.0	29.2	6.0	172.6	338.2	.0	.0	.0	
64.3	27.7	7.1	213.8	215.2	50.0	.0	.0	
68.2	29.5	6.2	185.0	329.0	4.2	.0	.0	
69.4	25.5	7.2	93.0	327.1	.0	.0	.0	
61.8	16.0	6.1	115.0	292.3	40.4	.0	.0	
62.9	21.5	10.1	265.4	112.0	67.5	.0	.0	
64.8	34.0	6.8	162.2	316.3	.0	.0	.0	
60.9	27.4	4.6	67.8	312.8	11.2	.0	.0	
60.8	23.6	3.6	128.2	108.3	87.5	.0	.0	
11 30 1993
64.5	30.9	7.5	214.6	306.0	19.6	.0	.0	
60.7	17.4	4.8	115.0	302.6	.0	.0	.0	
59.8	11.9	6.3	205.8	265.4	13.3	.0	.0	
63.1	14.0	8.6	240.2	296.1	.0	.0	.0	
58.9	15.6	7.2	153.8	292.9	.0	.0	.0	
52.8	8.9	5.5	147.4	289.7	.0	.0	.0	
54.0	10.2	5.6	194.6	286.6	.0	.0	.0	
55.0	21.5	5.6	191.8	283.6	3.8	.0	.0	
56.6	17.7	5.4	146.2	221.4	33.8	.0	.0	
59.1	31.0	8.1	197.8	97.2	88.3	.0	.0	
55.5	40.5	18.8	257.8	216.2	36.7	.0	.0	
52.5	31.5	16.3	245.4	265.3	42.1	.0	.0	
51.3	30.5	10.2	258.6	269.3	2.9	.0	.0	
49.4	25.9	13.1	178.2	98.1	81.2	.0	.0	
52.3	17.7	7.3	158.2	264.0	.8	.0	.0	
48.2	23.9	6.2	139.4	144.7	50.4	.0	.0	
50.7	29.5	6.1	208.6	223.6	25.4	.0	.0	
51.9	28.8	8.8	256.2	256.6	3.3	.0	.0	
49.0	22.0	6.4	180.2	198.9	16.7	.0	.0	
45.1	9.3	6.7	203.4	198.8	35.4	.0	.0	
48.1	11.9	7.0	231.0	87.4	96.2	.0	.0	
59.2	38.8	11.0	236.6	95.1	85.8	.0	.0	
57.5	25.2	17.9	255.4	245.6	20.4	.0	.0	
44.8	13.3	6.8	160.6	243.6	.0	.0	.0	
39.2	1.8	5.9	179.4	241.7	.0	.0	.0	
38.8	.2	5.8	176.6	237.5	18.3	.0	.0	
42.7	.8	5.0	160.2	83.3	97.1	.0	.0	
48.6	2.6	3.8	110.2	184.8	41.7	.0	.0	
51.7	13.4	5.8	135.0	231.2	5.0	.0	.0	
53.6	36.9	9.9	248.2	188.9	37.1	.0	.0	
12 31 1993
48.8	21.9	6.5	231.8	231.4	17.1	.0	.0	
54.4	21.6	8.0	223.8	230.0	26.7	.0	.0	
51.6	14.4	5.9	171.8	227.9	6.7	.0	.0	
51.0	15.9	8.0	207.4	226.8	16.2	.0	.0	
46.3	16.6	4.6	154.6	213.2	18.8	.0	.0	
50.5	16.8	8.3	237.4	225.0	13.8	.0	.0	
49.0	17.9	5.9	199.8	223.3	1.2	.0	.0	
49.5	19.0	5.4	193.4	222.9	1.7	.0	.0	
51.3	28.8	5.7	151.4	116.7	38.8	.0	.0	
48.6	26.1	5.0	134.6	220.1	4.6	.0	.0	
48.1	31.0	13.9	239.0	136.0	57.9	.0	.0	
47.5	30.4	15.9	249.8	184.5	36.2	.0	.0	
43.4	26.7	5.8	147.8	188.3	38.8	.0	.0	
42.7	27.9	10.7	208.6	204.8	36.7	.0	.0	
45.3	31.2	17.9	241.8	218.0	.4	.0	.0	
40.2	28.8	6.3	166.2	174.9	23.8	.0	.0	
38.1	26.3	5.2	119.0	94.5	47.5	.0	.0	
40.8	25.8	4.0	147.4	169.8	60.8	.0	.0	
45.5	31.1	5.9	219.8	200.2	42.5	.0	.0	
38.6	18.1	5.9	152.2	217.1	.0	.0	.0	
39.1	15.9	8.9	262.6	217.1	.0	.0	.0	
39.4	13.4	5.9	215.8	217.2	.0	.0	.0	
42.8	12.0	8.9	184.6	202.9	10.4	.0	.0	
40.2	9.2	4.9	182.2	217.3	15.0	.0	.0	
42.6	13.0	3.6	88.2	120.3	77.9	.0	.0	
44.8	24.6	4.7	169.8	76.4	96.7	.0	.0	
49.8	35.5	4.8	164.2	213.4	38.3	.0	.0	
47.0	31.4	5.8	215.0	218.2	22.5	.0	.0	
44.5	25.0	5.5	182.6	219.0	19.2	.0	.0	
42.3	20.2	5.2	207.4	77.6	70.4	.0	.0	
43.6	19.1	5.5	233.8	185.4	45.4	.0	.0	
