1 31 1990
49.1	46.9	7.5	208.6	69.5	83.3	59.1	.0	
48.1	36.9	13.2	300.6	194.9	25.4	.0	.0	
45.8	39.6	6.3	165.8	192.2	5.0	.0	.0	
45.8	41.7	5.7	173.4	97.7	49.2	.0	.0	
48.4	45.1	6.3	175.4	79.1	69.2	.0	.0	
48.0	46.3	5.2	94.6	100.3	89.6	.0	.0	
53.2	51.8	11.3	167.0	70.2	100.0	.0	.0	
58.5	54.8	7.9	169.0	120.1	90.8	.0	.0	
55.8	52.1	4.3	91.4	182.5	69.2	.0	.0	
54.8	49.9	5.1	123.4	71.6	99.6	.0	.0	
53.1	49.1	5.9	123.4	72.3	96.7	.0	.0	
55.3	52.3	13.1	157.0	72.8	99.2	98.4	.0	
52.7	49.1	12.1	157.4	75.6	94.6	63.0	.0	
51.2	48.4	8.7	192.6	106.6	84.2	19.7	.0	
50.9	45.3	9.2	211.8	204.0	66.7	.0	.0	
48.3	40.5	15.2	272.6	139.9	66.7	19.7	.0	
47.4	40.8	9.0	198.6	216.7	16.2	.0	.0	
47.8	38.2	4.8	148.6	219.2	.4	.0	.0	
46.1	39.5	7.5	101.4	78.8	76.7	.0	.0	
47.4	39.0	5.3	142.2	219.5	7.9	.0	.0	
47.0	38.0	5.4	189.4	225.2	3.3	.0	.0	
47.4	41.1	5.4	198.6	156.7	30.8	.0	.0	
49.2	42.0	4.9	205.8	165.2	32.9	.0	.0	
51.7	36.4	7.1	129.4	200.3	25.4	.0	.0	
48.7	42.7	5.3	74.2	105.0	62.5	.0	.0	
50.8	41.1	15.0	292.6	229.5	30.0	.0	.0	
47.0	35.0	5.8	188.2	240.8	2.9	.0	.0	
47.8	40.0	8.0	198.6	231.4	35.4	.0	.0	
51.1	45.8	8.2	207.8	133.0	79.2	3.9	.0	
50.8	44.5	16.0	258.6	176.5	65.0	23.6	.0	
46.8	38.4	11.5	249.4	143.5	56.7	27.6	.0	
2 28 1990
49.5	42.5	13.6	277.8	191.3	39.6	.0	.0	
48.7	42.2	5.5	199.0	202.8	40.8	.0	.0	
49.4	43.5	13.3	196.2	115.0	89.6	51.2	.0	
48.1	38.7	14.0	251.4	264.2	15.0	.0	.0	
48.8	42.0	7.6	205.0	258.7	67.5	.0	.0	
48.3	37.3	13.3	291.8	136.1	72.1	11.8	.0	
45.3	32.5	12.4	257.8	274.9	1.2	.0	.0	
48.6	44.0	7.8	221.0	145.8	74.2	.0	.0	
51.3	47.0	7.0	160.6	146.0	81.7	.0	.0	
50.8	46.3	4.3	100.6	232.2	40.8	.0	.0	
50.7	46.5	6.6	160.2	101.1	85.8	.0	.0	
50.6	41.5	13.6	271.0	280.9	35.0	.0	.0	
44.5	28.1	19.9	299.8	290.7	5.4	.0	.0	
42.6	18.7	21.0	294.2	299.9	.0	.0	.0	
43.8	28.1	9.9	173.8	126.2	72.9	15.7	.0	
47.1	36.8	21.5	223.4	115.6	80.0	137.8	.0	
43.0	38.6	10.9	211.4	119.1	70.4	23.6	.0	
43.5	36.0	8.3	188.6	285.7	20.0	.0	.0	
46.7	33.8	6.5	154.2	305.3	8.3	.0	.0	
45.2	37.2	5.1	76.2	113.1	82.5	.0	.0	
51.8	39.9	6.3	137.0	278.8	46.7	.0	.0	
54.5	43.1	3.2	72.6	324.9	6.7	.0	.0	
55.6	46.5	2.6	88.6	123.3	80.4	.0	.0	
56.3	48.0	4.5	119.4	119.0	85.8	.0	.0	
50.8	48.3	13.0	247.8	182.0	88.3	.0	.0	
51.0	45.2	10.4	284.2	293.2	47.1	.0	.0	
50.7	44.5	9.8	274.6	307.4	40.8	.0	.0	
51.1	45.2	7.4	239.4	125.0	98.8	.0	.0	
3 31 1990
51.4	45.3	6.5	230.2	126.6	99.2	.0	.0	
53.2	51.4	6.6	125.0	128.2	97.9	43.3	.0	
53.9	50.9	9.0	201.8	315.4	67.1	.0	.0	
51.2	45.5	13.9	239.0	159.5	76.7	11.8	.0	
50.9	42.7	15.1	261.4	379.6	9.6	.0	.0	
51.7	44.8	6.9	167.8	381.7	6.7	.0	.0	
50.6	45.6	9.2	221.0	137.4	79.6	.0	.0	
48.9	38.3	14.6	247.4	390.7	18.8	.0	.0	
49.6	42.5	9.9	222.2	253.5	50.0	.0	.0	
49.7	44.2	10.9	224.6	222.0	88.3	35.4	.0	
47.4	37.6	18.5	284.2	389.1	35.0	3.9	.0	
47.5	38.5	12.9	276.6	372.1	43.3	.0	.0	
48.1	38.7	8.6	222.2	345.1	66.2	.0	.0	
52.2	45.6	5.7	130.6	175.4	97.1	3.9	.0	
54.4	45.3	8.7	147.4	239.5	83.3	.0	.0	
56.4	48.7	5.1	94.2	150.7	98.3	.0	.0	
53.4	49.7	9.0	212.6	222.0	61.2	.0	.0	
52.7	48.5	10.6	269.8	366.7	45.4	.0	.0	
53.3	45.7	9.5	235.8	169.2	80.0	.0	.0	
56.5	48.4	8.6	187.4	443.7	15.0	.0	.0	
53.6	48.1	12.8	293.8	321.2	49.6	.0	.0	
53.3	48.4	14.4	267.4	378.2	59.6	.0	.0	
53.6	48.7	12.5	243.8	344.4	70.8	.0	.0	
51.7	48.0	12.6	266.6	194.4	88.3	.0	.0	
52.8	46.5	16.3	263.8	324.8	70.8	.0	.0	
54.1	46.5	11.5	237.4	476.3	19.6	.0	.0	
53.0	46.9	8.2	245.8	478.3	5.4	.0	.0	
53.1	46.4	8.5	215.8	484.5	19.6	.0	.0	
52.9	45.7	8.9	233.4	294.1	50.0	.0	.0	
53.9	46.0	9.7	209.4	450.9	41.2	.0	.0	
51.1	45.1	12.1	272.6	420.5	35.4	.0	.0	
4 30 1990
52.2	44.8	10.8	237.0	413.1	41.7	.0	.0	
54.8	45.9	9.2	232.2	463.3	23.3	.0	.0	
60.9	45.1	7.6	200.6	206.5	77.5	.0	.0	
57.0	48.7	8.1	217.8	245.1	60.8	.0	.0	
56.2	48.5	9.2	206.2	203.7	69.2	.0	.0	
56.2	47.9	12.9	209.8	213.7	91.2	.0	.0	
55.3	47.5	8.3	216.2	191.8	99.2	.0	.0	
55.2	47.1	6.0	193.8	213.3	71.2	.0	.0	
57.5	48.3	7.2	152.2	297.5	66.2	.0	.0	
58.2	49.4	9.7	190.6	191.3	76.2	.0	.0	
57.5	51.8	13.0	236.2	495.6	40.8	.0	.0	
58.2	49.9	9.8	155.8	298.8	45.4	.0	.0	
62.0	50.4	8.7	177.8	299.8	60.8	.0	.0	
58.8	50.7	8.6	180.2	342.9	63.8	.0	.0	
59.1	47.7	16.6	200.2	321.8	92.1	.0	.0	
59.2	49.3	9.4	169.4	198.0	100.0	.0	.0	
56.0	51.3	11.6	260.2	216.8	98.3	.0	.0	
54.7	48.0	12.9	269.0	215.6	99.2	.0	.0	
56.6	49.6	9.3	249.4	256.7	87.1	.0	.0	
57.3	50.6	10.7	273.0	435.5	78.8	.0	.0	
54.5	48.7	13.0	256.2	252.7	96.7	.0	.0	
56.2	50.7	12.6	242.2	205.7	100.0	7.9	.0	
55.9	51.3	19.9	271.0	284.9	77.9	11.8	.0	
54.9	44.6	16.2	267.8	593.6	1.2	.0	.0	
58.0	49.2	18.4	275.4	277.7	62.1	.0	.0	
57.8	46.7	18.2	277.0	518.1	31.7	.0	.0	
59.2	49.2	13.8	261.4	281.6	74.6	.0	.0	
56.3	46.6	23.9	276.6	231.7	65.8	.0	.0	
53.4	42.9	23.1	275.4	610.9	6.7	.0	.0	
63.1	39.1	16.1	231.4	613.9	2.9	.0	.0	
5 31 1990
66.0	40.7	13.6	273.4	532.8	15.8	.0	.0	
64.7	48.1	10.7	218.2	618.4	6.2	.0	.0	
59.7	50.7	14.6	295.8	623.0	.0	.0	.0	
61.6	51.5	9.3	201.0	625.8	1.2	.0	.0	
59.7	50.1	13.5	266.6	628.5	5.8	.0	.0	
56.8	46.8	12.3	284.6	390.8	32.5	.0	.0	
58.2	45.1	11.1	218.2	633.9	5.0	.0	.0	
60.6	48.0	6.6	194.2	636.1	4.2	.0	.0	
57.6	46.7	15.6	206.6	597.9	19.6	.0	.0	
56.1	46.9	12.5	246.6	375.2	77.1	.0	.0	
54.7	46.2	15.9	261.8	605.3	53.8	.0	.0	
54.0	44.4	17.7	256.2	409.2	62.9	.0	.0	
55.5	46.4	10.7	205.0	307.7	67.1	.0	.0	
54.0	45.5	15.9	241.4	600.1	46.7	.0	.0	
55.8	46.0	11.8	248.2	637.2	29.2	.0	.0	
53.5	45.9	13.9	261.0	232.5	82.1	.0	.0	
53.7	45.6	17.2	261.0	267.6	98.3	.0	.0	
52.9	45.8	21.1	263.4	231.0	94.2	.0	.0	
55.5	47.0	13.5	230.2	250.0	97.1	.0	.0	
58.5	53.5	11.4	196.6	232.5	98.8	11.8	.0	
61.0	53.8	8.1	145.8	384.1	81.2	.0	.0	
61.9	54.6	10.9	200.6	372.0	87.5	3.9	.0	
55.6	48.4	19.5	273.0	566.5	49.6	7.9	.0	
56.2	46.0	18.2	277.0	615.1	25.4	.0	.0	
55.4	46.8	12.8	259.4	385.1	65.4	.0	.0	
60.1	51.2	9.5	172.2	298.0	97.1	15.7	.0	
59.0	55.8	9.8	151.8	236.7	100.0	98.4	.0	
57.4	52.0	16.7	266.2	436.3	78.8	.0	.0	
59.6	48.8	11.8	239.0	446.4	77.1	.0	.0	
58.9	53.4	12.5	214.6	273.5	95.4	23.6	.0	
57.8	48.7	12.1	255.8	443.2	54.6	.0	.0	
6 30 1990
59.0	48.7	12.4	244.6	664.8	12.1	.0	.0	
60.3	51.6	12.2	279.4	676.4	22.9	.0	.0	
61.6	54.8	12.4	228.6	665.8	28.3	.0	.0	
59.4	50.2	20.0	274.2	686.4	2.5	.0	.0	
59.8	49.7	21.5	277.8	687.4	9.2	.0	.0	
60.5	56.3	15.2	270.2	313.0	86.7	.0	.0	
62.8	51.4	15.4	266.6	686.8	3.3	.0	.0	
69.0	50.8	12.8	229.0	690.2	4.6	.0	.0	
64.1	50.6	15.2	279.0	284.1	92.5	.0	.0	
59.0	49.4	20.3	274.2	665.6	30.4	.0	.0	
59.4	47.4	16.2	239.4	692.3	.0	.0	.0	
59.2	46.5	18.8	255.8	692.9	2.5	.0	.0	
56.6	47.1	17.2	257.4	685.8	5.8	.0	.0	
59.1	49.1	11.9	213.0	640.7	37.1	.0	.0	
57.8	51.2	11.9	254.2	253.4	98.8	.0	.0	
57.5	50.6	13.7	266.6	472.8	65.4	.0	.0	
59.2	49.3	12.1	244.2	693.1	32.1	.0	.0	
59.0	50.6	12.4	268.2	484.8	48.8	.0	.0	
66.3	51.7	11.0	240.6	695.2	.0	.0	.0	
72.0	53.6	10.0	225.0	695.3	.8	.0	.0	
64.7	55.2	11.0	197.4	608.9	45.0	.0	.0	
62.2	52.8	13.0	244.6	357.4	87.9	.0	.0	
59.7	53.1	15.0	265.4	433.0	86.2	.0	.0	
58.5	51.0	15.3	267.0	432.2	55.8	.0	.0	
60.8	49.9	14.5	272.6	687.3	11.7	.0	.0	
61.2	49.6	13.2	291.0	692.9	14.2	.0	.0	
61.5	51.7	18.4	279.8	692.9	20.4	.0	.0	
60.3	53.3	17.0	279.8	639.7	44.6	.0	.0	
59.2	52.5	14.9	270.6	408.8	56.7	.0	.0	
62.5	51.6	14.5	292.6	690.9	10.8	.0	.0	
7 31 1990
61.3	51.6	16.2	281.4	498.6	70.8	.0	.0	
60.8	50.6	20.5	271.0	687.6	15.4	.0	.0	
60.7	51.2	15.5	275.0	590.3	20.4	.0	.0	
64.1	52.4	12.7	271.0	647.3	26.7	.0	.0	
66.8	56.7	8.7	176.6	681.0	38.3	.0	.0	
62.6	54.2	18.1	275.8	661.9	27.1	.0	.0	
62.5	53.8	12.5	265.0	677.6	29.2	.0	.0	
63.5	54.5	10.6	233.4	592.1	44.2	.0	.0	
63.6	54.3	11.7	237.4	635.4	30.0	.0	.0	
65.5	54.5	13.4	254.2	684.1	4.6	.0	.0	
65.9	55.0	14.3	298.6	530.5	41.7	.0	.0	
64.8	55.4	17.5	297.8	611.1	53.8	.0	.0	
63.2	55.5	16.6	298.6	555.8	33.8	.0	.0	
60.7	53.9	15.7	290.2	629.1	25.0	.0	.0	
65.7	54.9	7.5	192.2	542.9	58.3	.0	.0	
64.2	56.6	8.1	221.8	408.1	57.9	.0	.0	
65.3	55.8	12.6	285.4	627.7	18.8	.0	.0	
63.4	55.8	15.4	281.0	394.3	66.7	.0	.0	
63.6	55.6	15.6	288.2	653.8	18.3	.0	.0	
62.5	56.7	16.5	299.4	622.6	39.2	.0	.0	
61.2	55.5	15.1	298.2	621.0	45.8	.0	.0	
59.8	54.0	13.4	269.0	530.7	74.2	.0	.0	
59.5	52.3	14.2	250.6	429.6	60.4	.0	.0	
60.5	52.5	15.1	252.6	550.5	42.5	.0	.0	
62.1	51.9	10.7	242.2	660.6	15.8	.0	.0	
62.7	53.6	9.9	196.2	658.5	1.7	.0	.0	
61.7	54.5	12.6	277.4	610.8	32.5	.0	.0	
62.7	54.8	11.1	217.8	593.2	37.1	.0	.0	
61.9	54.1	12.1	262.6	591.3	33.3	.0	.0	
62.5	54.2	10.9	257.8	601.1	31.7	.0	.0	
61.1	53.7	13.0	287.8	591.5	40.0	.0	.0	
8 31 1990
63.2	54.8	9.3	226.2	569.8	38.3	.0	.0	
65.3	55.7	7.2	207.8	586.7	29.6	.0	.0	
65.0	54.9	8.9	202.2	583.2	29.6	.0	.0	
62.6	53.8	15.5	288.2	592.6	42.1	.0	.0	
63.1	53.9	14.5	288.2	616.2	34.2	.0	.0	
63.8	54.6	13.6	297.0	549.3	42.1	.0	.0	
67.0	56.7	13.0	300.6	454.5	76.7	.0	.0	
67.1	57.3	12.3	250.2	607.0	44.6	.0	.0	
65.0	57.3	14.4	297.0	582.7	46.2	.0	.0	
61.8	55.5	14.6	305.4	561.8	46.2	.0	.0	
61.2	54.4	15.2	301.4	379.8	47.9	.0	.0	
61.0	54.7	12.6	286.6	519.7	45.8	.0	.0	
62.6	54.0	12.4	264.6	590.1	45.8	.0	.0	
60.0	55.2	16.5	265.0	223.0	99.2	.0	.0	
62.6	56.8	12.0	279.0	474.4	78.3	.0	.0	
63.3	57.4	12.1	271.4	430.7	70.4	.0	.0	
65.6	59.4	12.5	224.2	351.8	86.7	.0	.0	
65.5	57.7	15.4	235.0	475.7	61.2	.0	.0	
64.4	55.4	13.6	236.2	579.6	23.3	.0	.0	
64.6	55.5	10.7	233.8	458.9	53.3	.0	.0	
63.0	55.4	12.1	240.2	446.5	49.2	.0	.0	
65.5	55.2	11.1	259.0	580.2	.8	.0	.0	
64.3	55.4	13.6	238.6	576.4	11.2	.0	.0	
61.8	53.3	18.8	272.2	251.5	81.2	.0	.0	
65.1	53.7	10.7	257.8	362.5	78.3	.0	.0	
67.6	53.6	10.2	198.6	260.7	82.1	.0	.0	
68.9	56.5	7.3	199.8	554.4	22.1	.0	.0	
67.0	59.6	11.0	222.6	266.2	79.6	.0	.0	
66.4	58.5	14.1	277.0	524.3	45.0	.0	.0	
65.3	57.6	16.0	267.8	541.7	49.6	.0	.0	
65.5	56.5	13.6	256.6	497.6	36.2	.0	.0	
9 30 1990
63.2	54.7	13.5	244.2	541.2	15.0	.0	.0	
64.4	53.5	11.6	189.8	537.7	.0	.0	.0	
64.4	55.7	12.8	256.6	530.2	24.2	.0	.0	
65.5	57.7	9.4	240.2	529.0	22.9	.0	.0	
64.0	55.0	10.6	220.6	525.0	2.1	.0	.0	
62.9	55.5	13.2	276.6	492.9	13.8	.0	.0	
65.3	54.9	13.3	253.8	516.4	.0	.0	.0	
64.4	55.2	15.8	267.0	504.3	17.5	.0	.0	
62.7	54.7	12.1	217.8	507.5	.0	.0	.0	
61.1	55.7	14.6	249.4	415.8	65.4	.0	.0	
62.4	53.9	16.5	263.4	406.3	43.3	.0	.0	
64.0	52.7	13.4	271.4	493.2	2.5	.0	.0	
63.2	53.8	12.3	205.0	488.5	10.4	.0	.0	
64.9	55.5	11.7	233.8	471.5	15.0	.0	.0	
63.5	54.3	14.9	261.0	480.3	.8	.0	.0	
63.2	54.4	12.2	183.8	463.3	30.8	.0	.0	
63.8	54.9	8.9	249.8	471.3	15.8	.0	.0	
62.7	55.3	14.4	224.2	310.5	68.8	.0	.0	
64.8	54.0	10.4	218.6	462.2	17.9	.0	.0	
71.8	51.8	7.5	176.2	457.6	.0	.0	.0	
67.8	56.5	7.5	163.0	433.8	30.8	.0	.0	
66.1	59.8	9.8	244.2	304.0	69.6	19.7	.0	
65.2	59.1	9.4	227.4	266.8	63.8	.0	.0	
65.6	57.5	8.8	240.2	302.6	60.4	.0	.0	
65.5	56.7	8.5	214.2	228.7	58.8	.0	.0	
64.6	56.1	13.6	250.6	421.6	7.1	.0	.0	
63.9	56.1	12.2	249.0	410.7	32.9	.0	.0	
63.5	56.6	10.1	232.6	402.1	33.8	.0	.0	
65.4	56.8	7.3	203.0	399.9	20.4	.0	.0	
63.3	56.9	10.1	195.8	390.4	22.5	.0	.0	
10 31 1990
60.9	54.7	13.1	271.0	311.8	41.7	.0	.0	
63.2	52.2	12.6	229.4	323.4	27.5	.0	.0	
71.7	49.3	6.9	251.4	398.4	.0	.0	.0	
66.7	56.2	9.5	173.0	393.7	17.5	.0	.0	
61.8	53.1	10.8	222.6	213.4	75.0	.0	.0	
60.7	48.3	9.4	227.0	328.2	47.9	.0	.0	
62.9	40.3	7.3	181.8	380.4	1.7	.0	.0	
66.9	32.9	5.4	131.4	375.9	.0	.0	.0	
67.8	39.5	5.2	171.8	371.4	.0	.0	.0	
63.4	46.1	8.4	191.4	367.0	.0	.0	.0	
63.2	48.4	9.1	231.0	362.6	.4	.0	.0	
61.4	51.6	9.6	232.6	356.1	2.1	.0	.0	
60.2	51.8	14.5	276.6	353.7	14.6	.0	.0	
58.4	48.8	11.3	239.0	349.4	.0	.0	.0	
60.1	52.2	15.0	266.6	255.1	36.7	.0	.0	
60.8	50.1	12.4	230.2	330.6	23.3	.0	.0	
59.7	48.2	9.0	218.2	312.1	40.4	.0	.0	
60.9	50.8	8.8	235.0	140.5	98.3	.0	.0	
58.8	48.4	10.4	266.2	324.5	28.3	.0	.0	
59.3	43.2	6.9	175.0	320.3	3.8	.0	.0	
60.7	43.6	6.7	172.2	319.9	.0	.0	.0	
60.2	49.8	9.0	212.6	313.4	13.3	.0	.0	
57.5	50.4	9.1	210.6	311.8	14.6	.0	.0	
60.5	49.7	7.4	178.2	307.8	.0	.0	.0	
56.5	51.7	13.5	268.6	163.9	52.9	.0	.0	
58.7	53.0	7.9	218.2	269.7	30.4	.0	.0	
57.2	49.7	8.7	248.6	295.0	2.5	.0	.0	
59.4	52.7	10.2	219.0	283.6	12.9	.0	.0	
58.5	50.1	13.0	254.2	288.0	12.1	.0	.0	
60.9	53.4	7.3	221.4	214.4	65.4	.0	.0	
58.0	50.1	15.9	229.0	219.8	47.1	23.6	.0	
11 30 1990
54.9	41.7	10.7	254.6	277.7	.0	.0	.0	
58.1	27.1	12.2	292.6	274.1	.0	.0	.0	
58.7	31.9	4.5	160.2	270.7	.0	.0	.0	
57.0	46.4	6.8	156.6	267.3	8.8	.0	.0	
56.9	48.3	12.5	257.0	245.6	25.0	.0	.0	
60.9	34.2	19.2	290.6	260.3	.8	.0	.0	
58.0	29.8	6.5	162.6	241.4	19.6	.0	.0	
59.1	43.4	4.1	106.6	200.0	41.2	.0	.0	
57.8	47.7	6.4	170.2	248.8	5.8	.0	.0	
58.5	45.8	2.3	65.4	248.6	3.3	.0	.0	
59.9	44.7	1.8	50.6	178.4	76.2	.0	.0	
59.9	44.2	3.4	116.2	229.9	28.8	.0	.0	
53.9	46.7	8.1	207.0	94.1	80.4	.0	.0	
54.2	48.8	6.0	200.6	86.5	83.3	3.9	.0	
55.2	40.5	4.3	163.0	234.9	6.2	.0	.0	
55.8	47.0	3.1	130.2	81.3	87.9	.0	.0	
54.2	46.9	10.6	241.8	186.7	46.2	.0	.0	
55.5	50.5	5.8	173.0	120.2	86.2	.0	.0	
53.5	47.8	11.3	198.6	85.0	75.0	7.9	.0	
51.8	41.3	13.8	252.6	79.6	70.8	.0	.0	
52.2	44.9	5.2	163.0	125.6	71.2	11.8	.0	
52.5	42.6	4.1	155.4	215.5	15.0	.0	.0	
53.6	42.7	2.8	92.2	211.1	7.9	.0	.0	
52.9	45.2	8.6	153.8	214.7	6.2	.0	.0	
53.9	48.5	13.9	234.2	74.6	74.6	15.7	.0	
50.0	36.2	11.8	270.6	211.2	.0	.0	.0	
48.6	37.8	5.9	221.4	209.5	.0	.0	.0	
50.2	39.4	5.8	122.2	126.0	44.2	.0	.0	
50.1	39.1	4.7	164.6	72.2	94.6	.0	.0	
52.2	43.0	6.5	198.2	204.8	23.8	.0	.0	
12 31 1990
49.5	41.1	5.3	167.0	198.2	5.8	.0	.0	
49.2	36.8	3.2	111.8	158.4	52.9	.0	.0	
48.4	36.4	3.1	81.4	77.3	89.6	.0	.0	
48.4	38.8	5.5	156.2	123.2	78.8	.0	.0	
51.2	42.1	4.5	131.8	176.6	42.5	.0	.0	
51.5	37.5	4.3	98.2	166.0	25.0	.0	.0	
51.9	38.0	3.6	85.0	145.0	64.6	.0	.0	
52.8	39.4	2.4	67.8	194.7	6.7	.0	.0	
52.0	40.8	4.0	137.0	193.2	19.6	.0	.0	
50.7	46.0	5.1	162.2	67.8	99.2	59.1	.0	
51.8	47.5	5.1	129.4	124.5	72.9	15.7	.0	
50.4	44.4	7.2	197.0	154.4	63.8	.0	.0	
48.8	40.1	8.7	253.4	191.7	1.2	.0	.0	
47.7	41.3	5.2	104.6	160.8	40.8	.0	.0	
47.4	41.9	9.3	183.8	90.7	90.8	90.6	.0	
47.7	41.0	8.6	147.4	188.9	32.1	.0	.0	
47.6	40.9	4.6	145.8	164.4	14.2	.0	.0	
48.8	44.4	11.4	200.6	72.5	68.8	7.9	.0	
44.0	34.6	21.0	277.0	90.0	67.9	15.7	.0	
40.0	20.6	15.8	268.6	185.8	30.4	.0	.0	
34.3	12.7	10.2	109.8	189.7	2.1	.0	.0	
32.0	10.1	7.8	99.4	189.8	.0	.0	.0	
34.5	19.8	9.9	95.4	189.9	.0	.0	.0	
37.6	20.0	4.5	113.4	190.1	.0	.0	.0	
41.1	27.5	6.3	179.0	190.0	15.4	.0	.0	
43.9	30.6	4.5	165.0	190.2	1.2	.0	.0	
44.3	37.3	7.4	185.8	187.3	18.3	.0	.0	
46.7	37.7	11.7	234.6	188.2	8.3	.0	.0	
42.5	25.6	8.2	206.2	192.3	2.9	.0	.0	
41.7	19.9	6.0	146.6	192.9	.0	.0	.0	
42.0	26.3	4.9	101.4	192.8	17.1	.0	.0	
