   1    31    1977
47.6	44.5	4.5	112.5	86.8	86.0	18.0	.0	
51.8	46.7	18.9	195.0	102.0	98.0	167.0	.0	
50.3	41.7	14.4	275.0	179.1	53.0	15.0	.0	
44.6	38.4	4.3	177.5	224.4	21.0	3.0	.0	
44.2	37.4	11.0	105.0	170.3	69.0	.0	.0	
45.9	29.7	7.8	103.8	239.3	16.0	.0	.0	
45.3	34.3	5.3	191.3	237.5	13.0	.0	.0	
47.8	37.2	7.1	233.8	256.7	27.0	.0	.0	
43.3	35.6	3.9	136.3	195.8	37.0	.0	.0	
45.3	36.5	3.0	115.0	219.3	44.0	.0	.0	
45.3	38.3	4.1	86.3	148.7	85.0	.0	.0	
45.1	40.1	6.3	102.5	129.8	81.0	19.0	.0	
43.7	38.9	5.9	118.8	120.9	86.0	.0	.0	
43.6	37.0	6.2	130.0	255.7	13.0	.0	.0	
42.1	36.7	5.5	77.5	169.7	63.0	.0	.0	
42.5	35.8	6.2	103.8	256.7	38.0	.0	.0	
42.4	35.4	8.1	78.8	243.2	5.0	.0	.0	
43.6	36.5	6.1	41.3	186.7	48.0	.0	.0	
44.2	36.9	4.8	151.3	217.7	82.0	.0	.0	
48.6	40.5	2.6	57.5	152.3	98.0	.0	.0	
51.8	44.7	3.6	43.8	184.1	90.0	.0	.0	
52.5	43.9	3.9	103.8	205.7	57.0	.0	.0	
52.8	44.8	2.6	90.0	280.9	14.0	.0	.0	
51.6	38.8	5.1	151.3	202.7	41.0	.0	.0	
49.6	41.0	3.6	46.3	244.5	28.0	.0	.0	
49.9	37.9	3.4	108.8	228.8	18.0	.0	.0	
48.6	40.8	2.9	20.0	225.5	50.0	.0	.0	
46.3	39.7	4.3	62.5	281.3	11.0	.0	.0	
45.5	38.3	5.5	132.5	243.1	38.0	.0	.0	
44.4	36.9	6.5	103.8	235.3	83.0	.0	.0	
49.2	42.0	4.8	126.3	246.2	87.0	.0	.0	
   2    28    1977
50.4	42.1	4.4	132.5	297.7	29.0	.0	.0	
46.6	38.6	7.1	102.5	279.9	57.0	.0	.0	
48.4	39.0	4.6	107.5	265.0	74.0	.0	.0	
50.5	39.6	5.1	157.5	202.5	75.0	.0	.0	
50.6	43.0	7.1	190.0	214.4	85.0	.0	.0	
53.2	47.9	7.7	202.5	252.4	66.0	.0	.0	
52.1	45.4	4.1	81.3	137.4	79.0	.0	.0	
53.5	48.3	11.2	233.8	147.1	71.0	31.0	.0	
51.9	46.4	7.1	191.3	216.7	55.0	.0	.0	
51.6	47.2	8.8	155.0	259.9	52.0	.0	.0	
52.1	47.8	6.9	206.3	268.4	34.0	.0	.0	
52.4	49.2	7.4	208.8	269.9	53.0	.0	.0	
54.3	47.9	5.3	183.8	231.5	64.0	.0	.0	
56.5	45.3	7.3	216.3	350.8	3.0	.0	.0	
58.3	47.5	4.1	73.8	336.7	25.0	.0	.0	
56.2	48.3	7.5	230.0	292.1	73.0	.0	.0	
57.3	45.2	5.5	213.8	265.3	76.0	.0	.0	
54.3	45.7	7.8	155.0	373.5	9.0	.0	.0	
51.1	45.7	9.7	268.8	274.8	71.0	.0	.0	
51.1	45.4	6.2	156.3	138.2	90.0	13.0	.0	
54.7	48.0	12.5	230.0	188.1	88.0	47.0	.0	
51.4	40.3	7.1	183.8	324.8	70.0	.0	.0	
51.8	39.5	14.1	250.0	300.1	80.0	12.0	.0	
50.0	36.9	10.0	237.5	280.4	61.0	.0	.0	
50.1	37.5	7.7	231.3	384.9	45.0	.0	.0	
50.7	41.5	7.0	213.8	361.3	35.0	.0	.0	
52.9	43.9	7.4	222.5	383.3	34.0	.0	.0	
51.2	41.1	15.6	295.0	311.0	47.0	1.0	.0	
   3    31    1977
49.2	34.5	16.7	301.3	384.8	19.0	.0	.0	
50.0	36.0	13.8	296.3	308.7	72.0	.0	.0	
53.1	39.9	12.8	298.8	359.2	56.0	.0	.0	
55.5	31.2	11.7	283.8	414.3	2.0	.0	.0	
52.6	33.8	5.2	211.3	440.2	4.0	.0	.0	
51.3	39.9	8.2	241.3	399.8	71.0	.0	.0	
54.0	43.0	8.6	188.8	326.9	89.0	.0	.0	
53.7	47.1	7.7	197.5	337.2	70.0	.0	.0	
52.6	40.9	18.1	265.0	398.9	42.0	17.0	.0	
50.3	31.0	12.8	312.5	483.6	2.0	.0	.0	
52.2	36.5	7.2	203.8	447.7	55.0	.0	.0	
49.1	37.6	15.3	276.3	348.7	65.0	5.0	.0	
46.4	34.4	7.5	262.5	399.2	53.0	9.0	.0	
46.9	35.9	7.2	156.3	368.4	57.0	4.0	.0	
45.8	39.6	9.9	185.0	177.4	93.0	120.0	.0	
46.6	39.0	6.9	236.3	352.6	73.0	13.0	.0	
50.1	38.6	8.8	180.0	290.2	49.0	.0	.0	
50.7	40.1	10.8	260.0	459.9	21.0	.0	.0	
50.5	43.1	11.2	235.0	476.2	21.0	.0	.0	
52.9	43.3	9.8	216.3	446.5	45.0	.0	.0	
54.3	42.8	10.1	205.0	486.2	8.0	.0	.0	
49.8	43.5	13.5	300.0	478.5	45.0	.0	.0	
51.1	42.1	10.7	250.0	262.8	76.0	6.0	.0	
47.2	38.7	10.1	236.3	265.2	87.0	27.0	.0	
51.0	39.3	12.7	271.3	531.7	13.0	.0	.0	
53.9	41.1	13.4	296.3	523.6	6.0	.0	.0	
51.4	41.5	22.8	288.8	495.2	26.0	.0	.0	
48.7	32.6	15.8	297.5	508.4	2.0	.0	.0	
48.4	35.5	15.4	290.0	509.3	19.0	.0	.0	
49.3	33.3	8.6	223.8	555.1	16.0	.0	.0	
51.2	37.5	9.1	190.0	547.8	29.0	.0	.0	
   4    30    1977
50.6	41.2	15.4	237.5	404.8	45.0	.0	.0	
53.9	38.3	13.1	301.3	530.3	60.0	.0	.0	
57.9	37.1	8.5	251.3	506.7	56.0	.0	.0	
50.6	43.7	12.8	311.3	583.5	14.0	.0	.0	
49.1	42.5	11.6	283.8	475.2	58.0	.0	.0	
50.2	43.4	12.4	267.5	552.4	35.0	.0	.0	
50.7	42.3	11.1	251.3	381.0	76.0	.0	.0	
52.5	44.6	12.8	218.8	261.6	78.0	.0	.0	
51.0	39.5	19.4	295.0	567.0	2.0	.0	.0	
51.8	40.8	15.3	283.8	591.6	10.0	.0	.0	
52.8	43.4	10.3	217.5	582.3	11.0	.0	.0	
55.7	43.4	10.5	227.5	586.8	17.0	.0	.0	
52.7	41.7	22.1	287.5	567.0	63.0	.0	.0	
54.3	39.4	12.0	256.3	571.7	41.0	.0	.0	
54.8	42.2	12.5	265.0	614.6	17.0	.0	.0	
53.2	42.4	16.4	290.0	583.6	42.0	.0	.0	
54.8	39.2	12.8	260.0	582.5	9.0	.0	.0	
55.9	38.4	16.4	291.3	615.7	2.0	.0	.0	
63.4	30.0	9.7	278.8	655.9	2.0	.0	.0	
50.8	40.7	12.7	302.5	639.8	3.0	.0	.0	
50.4	39.1	10.5	260.0	519.7	72.0	.0	.0	
55.1	39.6	8.4	197.5	551.3	69.0	.0	.0	
55.7	40.8	7.9	237.5	446.1	79.0	.0	.0	
57.8	41.0	8.1	230.0	315.3	89.0	.0	.0	
57.5	48.1	10.1	230.0	518.4	77.0	.0	.0	
54.5	44.6	14.3	283.8	472.5	76.0	.0	.0	
52.6	42.6	14.4	271.3	533.3	48.0	.0	.0	
57.0	46.2	9.1	183.8	512.4	65.0	.0	.0	
59.9	50.3	10.2	222.5	275.3	93.0	.0	.0	
59.6	49.5	11.5	210.0	428.3	74.0	.0	.0	
   5    31    1977
57.9	47.4	12.3	201.3	429.7	69.0	2.0	.0	
57.9	47.1	11.2	210.0	588.6	56.0	.0	.0	
55.7	46.0	14.0	280.0	416.0	54.0	1.0	.0	
54.8	40.0	18.3	293.8	681.1	2.0	.0	.0	
52.4	38.8	20.6	287.5	565.9	40.0	.0	.0	
51.5	35.2	14.1	273.8	626.2	12.0	.0	.0	
51.5	38.2	7.2	202.5	436.0	73.0	3.0	.0	
54.2	42.5	8.7	175.0	342.9	90.0	17.0	.0	
52.4	44.5	10.4	235.0	273.3	89.0	1.0	.0	
53.4	42.8	11.7	262.5	381.6	75.0	4.0	.0	
51.0	42.8	6.6	221.3	260.3	91.0	5.0	.0	
53.8	41.4	10.7	248.8	600.7	24.0	.0	.0	
54.1	43.7	17.0	277.5	605.8	62.0	.0	.0	
54.4	42.4	21.9	285.0	635.0	40.0	.0	.0	
53.6	40.1	22.0	288.8	656.3	2.0	.0	.0	
52.8	39.8	22.3	292.5	703.6	2.0	.0	.0	
53.5	40.2	15.3	228.8	678.5	2.0	.0	.0	
52.9	43.9	11.4	235.0	335.6	83.0	8.0	.0	
56.6	46.4	12.6	272.5	650.5	42.0	.0	.0	
54.7	45.7	12.5	280.0	623.2	52.0	.0	.0	
53.3	46.6	15.8	276.3	291.5	98.0	.0	.0	
53.2	43.0	14.3	273.8	314.4	98.0	.0	.0	
56.1	45.5	8.9	253.8	364.1	79.0	.0	.0	
56.3	45.3	10.8	275.0	617.3	58.0	.0	.0	
57.4	44.0	10.9	223.8	416.8	85.0	.0	.0	
58.2	48.8	12.4	211.3	377.7	67.0	.0	.0	
54.9	40.2	17.3	292.5	721.6	2.0	.0	.0	
55.4	41.5	18.1	283.8	734.4	2.0	.0	.0	
55.8	43.8	17.0	285.0	664.6	5.0	.0	.0	
59.6	44.7	14.4	301.3	722.6	8.0	.0	.0	
58.9	48.5	17.8	295.0	732.6	2.0	.0	.0	
   6    30    1977
55.9	45.9	23.2	282.5	649.7	35.0	.0	.0	
56.7	42.4	17.6	293.8	622.0	58.0	.0	.0	
58.1	43.3	15.9	291.3	618.4	60.0	.0	.0	
62.2	51.4	14.7	262.5	662.4	23.0	.0	.0	
63.8	51.0	14.0	267.5	636.9	52.0	.0	.0	
61.0	49.9	14.3	307.5	564.3	62.0	.0	.0	
58.5	48.6	14.7	295.0	581.7	58.0	.0	.0	
55.8	46.5	15.3	262.5	447.5	90.0	.0	.0	
55.0	46.4	10.7	220.0	289.5	98.0	.0	.0	
57.2	46.7	11.5	227.5	428.8	83.0	.0	.0	
56.7	46.5	12.7	273.8	519.3	91.0	.0	.0	
54.8	45.3	13.4	277.5	394.8	98.0	.0	.0	
56.1	45.7	11.1	251.3	350.1	98.0	.0	.0	
56.1	46.2	10.1	268.8	552.9	75.0	.0	.0	
55.6	46.7	12.6	290.0	639.2	54.0	.0	.0	
56.7	47.1	13.0	272.5	631.0	63.0	.0	.0	
56.7	47.7	12.8	261.3	367.6	91.0	.0	.0	
54.2	46.6	14.9	272.5	310.7	98.0	.0	.0	
53.6	45.6	12.7	255.0	350.5	98.0	.0	.0	
58.5	47.9	12.4	180.0	603.4	81.0	.0	.0	
64.9	50.6	12.1	251.3	713.7	28.0	.0	.0	
61.9	49.4	14.4	301.3	691.6	10.0	.0	.0	
58.7	47.0	12.3	272.5	704.1	5.0	.0	.0	
62.2	49.4	10.7	242.5	611.7	51.0	.0	.0	
63.5	50.0	12.2	206.3	562.7	89.0	.0	.0	
60.3	49.4	11.1	248.8	685.3	46.0	.0	.0	
59.8	49.5	9.1	240.0	692.7	34.0	.0	.0	
59.5	49.8	12.4	261.3	663.9	38.0	.0	.0	
60.1	50.2	12.0	253.8	507.6	82.0	.0	.0	
62.0	51.0	12.4	272.5	635.6	65.0	.0	.0	
   7    31    1977
60.9	50.4	13.3	286.3	470.7	74.0	.0	.0	
59.0	50.5	11.9	261.3	522.0	57.0	35.0	.0	
56.4	45.7	14.7	265.0	614.2	50.0	.0	.0	
57.0	46.0	20.3	276.3	537.9	39.0	.0	.0	
58.6	44.3	14.0	276.3	716.7	3.0	.0	.0	
59.1	45.7	14.0	257.5	735.6	2.0	.0	.0	
57.6	46.9	11.7	272.5	711.0	5.0	.0	.0	
58.0	47.1	14.4	257.5	712.9	19.0	.0	.0	
56.4	45.6	14.7	261.3	624.8	45.0	.0	.0	
58.7	46.7	12.3	238.8	687.3	2.0	.0	.0	
61.4	48.9	9.6	217.5	732.2	2.0	.0	.0	
61.2	48.1	8.8	245.0	720.8	2.0	.0	.0	
60.6	48.1	8.4	180.0	708.0	3.0	.0	.0	
59.0	48.0	11.9	257.5	696.4	32.0	.0	.0	
58.8	47.8	13.7	313.8	689.6	28.0	.0	.0	
58.9	47.7	14.7	306.3	714.1	2.0	.0	.0	
59.6	49.0	14.8	312.5	709.4	11.0	.0	.0	
58.8	49.3	13.0	293.8	651.5	19.0	.0	.0	
60.9	47.6	13.3	281.3	658.3	38.0	.0	.0	
63.1	46.1	12.5	292.5	682.9	2.0	.0	.0	
61.3	47.6	13.0	307.5	690.1	2.0	.0	.0	
60.7	49.2	13.4	308.8	683.9	8.0	.0	.0	
56.5	48.4	15.3	278.8	483.9	86.0	.0	.0	
57.5	48.6	14.8	276.3	307.6	78.0	.0	.0	
58.9	48.7	15.5	285.0	624.3	42.0	.0	.0	
62.3	48.1	12.2	273.8	700.7	2.0	.0	.0	
60.3	47.0	16.4	303.8	699.3	2.0	.0	.0	
61.3	48.6	17.1	297.5	675.4	2.0	.0	.0	
70.3	49.2	10.7	226.3	699.5	2.0	.0	.0	
73.9	50.4	9.4	232.5	685.8	26.0	.0	.0	
69.1	52.6	8.9	235.0	516.9	90.0	.0	.0	
   8    31    1977
64.5	53.4	12.5	305.0	434.4	80.0	.0	.0	
62.4	52.5	13.8	313.8	469.8	60.0	.0	.0	
62.8	52.9	12.6	298.8	601.3	62.0	.0	.0	
62.2	51.0	13.1	268.8	593.9	35.0	.0	.0	
58.8	49.8	13.3	263.8	402.4	95.0	.0	.0	
60.3	49.0	13.1	276.3	404.7	78.0	.0	.0	
62.5	50.2	13.1	268.8	485.2	69.0	.0	.0	
58.6	50.5	13.5	287.5	463.7	80.0	.0	.0	
58.9	50.7	13.4	280.0	446.1	89.0	.0	.0	
59.7	51.0	12.4	282.5	528.1	55.0	.0	.0	
60.4	50.6	12.0	248.8	565.7	88.0	.0	.0	
59.8	50.0	11.9	288.8	490.9	50.0	.0	.0	
61.8	48.9	11.7	267.5	582.3	33.0	.0	.0	
62.3	49.9	12.4	288.8	606.2	31.0	.0	.0	
60.5	50.2	16.6	296.3	526.3	88.0	.0	.0	
59.0	50.4	14.7	306.3	350.9	98.0	.0	.0	
61.0	51.5	14.8	281.3	382.0	79.0	.0	.0	
62.6	51.8	13.7	277.5	499.4	43.0	.0	.0	
60.2	50.7	13.8	287.5	473.4	66.0	.0	.0	
60.1	50.2	13.4	283.8	415.5	75.0	.0	.0	
61.2	49.7	10.8	285.0	617.2	33.0	.0	.0	
61.8	49.3	11.2	237.5	638.2	2.0	.0	.0	
63.1	52.0	11.7	252.5	591.3	35.0	.0	.0	
65.6	56.9	11.2	257.5	371.9	75.0	.0	.0	
65.3	54.8	11.8	291.3	471.0	65.0	.0	.0	
61.7	50.1	16.7	291.3	582.9	27.0	.0	.0	
63.2	50.1	12.4	268.8	567.3	5.0	.0	.0	
69.2	52.6	13.1	227.5	584.9	2.0	.0	.0	
70.4	51.4	13.3	265.0	562.7	2.0	.0	.0	
63.0	48.6	14.7	298.8	570.0	2.0	.0	.0	
62.2	50.0	7.4	201.3	565.4	13.0	.0	.0	
   9    30    1977
60.2	48.2	10.4	257.5	603.1	13.0	.0	.0	
58.2	47.7	14.6	292.5	547.3	47.0	.0	.0	
62.4	49.9	11.8	286.3	538.8	12.0	.0	.0	
64.0	54.3	12.4	247.5	531.3	13.0	.0	.0	
62.9	50.9	14.1	306.3	588.0	4.0	.0	.0	
63.5	50.0	12.6	277.5	579.8	2.0	.0	.0	
61.1	48.7	13.6	305.0	547.2	2.0	.0	.0	
61.2	48.9	13.8	267.5	546.6	2.0	.0	.0	
58.2	46.6	12.8	292.5	575.2	2.0	.0	.0	
58.7	46.4	8.1	191.3	482.3	29.0	.0	.0	
58.9	47.0	8.2	231.3	415.1	48.0	.0	.0	
60.8	48.1	8.1	206.3	485.3	38.0	.0	.0	
61.9	48.5	9.9	226.3	458.7	64.0	.0	.0	
62.5	47.7	9.3	247.5	244.1	91.0	.0	.0	
60.0	49.3	10.8	250.0	240.1	93.0	.0	.0	
60.2	48.0	10.1	203.8	240.4	98.0	.0	.0	
63.9	50.5	9.9	177.5	321.5	71.0	.0	.0	
66.2	52.4	13.9	163.8	312.3	87.0	.0	.0	
63.4	52.6	9.0	160.0	433.7	49.0	46.0	.0	
61.5	51.7	9.2	238.8	379.9	60.0	.0	.0	
61.8	48.9	9.5	226.3	347.4	48.0	.0	.0	
60.2	48.2	11.5	246.3	472.5	10.0	.0	.0	
61.3	48.7	11.2	250.0	474.4	32.0	.0	.0	
61.0	50.0	9.7	242.5	440.5	47.0	.0	.0	
62.5	46.6	7.4	211.3	426.3	25.0	.0	.0	
63.7	53.0	9.7	275.0	270.8	80.0	.0	.0	
65.0	52.6	10.3	236.3	383.0	86.0	.0	.0	
65.9	57.2	9.0	183.8	173.6	97.0	.0	.0	
59.5	49.3	13.5	278.8	230.3	85.0	1.0	.0	
61.3	47.7	7.9	196.3	468.9	2.0	.0	.0	
  10    31    1977
63.0	45.5	7.9	227.5	426.4	33.0	.0	.0	
64.0	46.6	8.2	235.0	471.3	2.0	.0	.0	
60.2	48.6	11.1	275.0	463.7	2.0	.0	.0	
56.8	46.6	9.6	266.3	391.8	29.0	.0	.0	
56.8	44.6	13.0	273.8	365.4	70.0	.0	.0	
59.4	47.0	12.4	285.0	433.6	23.0	.0	.0	
61.0	49.1	11.2	257.5	423.0	2.0	.0	.0	
58.6	46.6	11.7	300.0	440.2	3.0	.0	.0	
56.4	46.0	11.1	276.3	376.9	22.0	.0	.0	
58.5	47.5	9.9	276.3	421.7	2.0	.0	.0	
59.3	47.0	8.8	262.5	419.8	2.0	.0	.0	
62.5	46.5	8.0	241.3	382.4	10.0	.0	.0	
62.2	47.5	8.8	198.8	393.9	13.0	.0	.0	
57.2	46.8	13.4	268.8	390.6	46.0	.0	.0	
56.9	46.2	14.4	307.5	350.9	49.0	.0	.0	
56.8	47.3	13.4	281.3	290.9	68.0	.0	.0	
57.7	45.6	10.0	292.5	364.0	49.0	.0	.0	
56.5	45.3	10.5	287.5	268.9	71.0	.0	.0	
55.8	43.5	9.5	262.5	206.9	80.0	.0	.0	
56.1	45.1	14.0	280.0	179.6	76.0	.0	.0	
57.4	44.6	10.2	281.3	330.0	48.0	.0	.0	
57.4	45.1	10.2	247.5	361.1	40.0	.0	.0	
59.4	49.5	9.3	270.0	152.0	83.0	.0	.0	
63.4	53.7	8.2	202.5	353.0	29.0	.0	.0	
61.6	53.9	8.8	202.5	245.4	56.0	.0	.0	
56.7	45.0	18.1	286.3	309.0	45.0	.0	.0	
56.3	42.4	10.4	213.8	210.4	85.0	3.0	.0	
58.3	43.4	11.2	168.8	174.2	95.0	10.0	.0	
58.4	46.2	7.5	186.3	325.7	48.0	2.0	.0	
58.4	46.7	10.5	270.0	287.9	66.0	.0	.0	
56.4	41.7	10.7	225.0	280.5	79.0	.0	.0	
  11    30    1977
55.6	44.3	11.1	251.3	314.5	5.0	.0	.0	
55.6	47.7	11.0	240.0	333.1	23.0	.0	.0	
53.5	45.1	11.7	270.0	287.9	34.0	.0	.0	
55.5	39.6	9.1	278.8	207.9	70.0	26.0	.0	
54.5	48.6	13.3	293.8	249.3	48.0	10.0	.0	
55.1	45.0	13.1	305.0	321.5	4.0	.0	.0	
55.5	48.0	10.8	291.3	257.7	70.0	.0	.0	
55.5	35.6	5.5	143.8	283.0	20.0	.0	.0	
55.5	35.6	2.6	100.0	279.1	26.0	.0	.0	
57.6	42.7	2.9	72.5	146.0	84.0	.0	.0	
58.6	50.9	8.6	172.5	146.3	89.0	.0	.0	
56.2	49.0	8.4	230.0	191.4	73.0	.0	.0	
54.6	49.5	10.0	225.0	283.0	26.0	.0	.0	
54.3	47.0	8.8	276.3	211.9	64.0	.0	.0	
56.4	50.1	9.1	230.0	272.0	3.0	.0	.0	
57.8	49.1	5.6	162.5	289.8	13.0	.0	.0	
56.8	47.2	8.3	187.5	221.3	74.0	.0	.0	
50.1	39.9	15.1	292.5	194.4	63.0	.0	.0	
45.0	26.1	8.9	232.5	257.0	9.0	.0	.0	
46.4	36.4	4.1	100.0	147.3	93.0	3.0	.0	
54.8	51.0	26.5	175.0	107.6	98.0	181.0	.0	
53.4	46.9	6.5	197.5	253.6	39.0	.0	.0	
51.8	46.9	5.0	150.0	187.1	89.0	.0	.0	
53.6	47.7	5.1	121.3	250.0	35.0	.0	.0	
55.8	49.3	3.3	93.8	252.5	47.0	.0	.0	
56.1	53.6	7.6	195.0	240.5	67.0	.0	.0	
53.3	50.5	9.1	242.5	131.7	97.0	.0	.0	
54.1	50.0	6.3	235.0	230.3	69.0	.0	.0	
58.9	51.1	6.5	201.3	211.9	88.0	.0	.0	
57.8	50.1	9.7	262.5	209.8	82.0	.0	.0	
  12    31    1977
52.6	48.7	10.2	260.0	182.8	64.0	.0	.0	
50.8	48.4	6.7	153.8	214.1	32.0	.0	.0	
54.0	50.2	7.1	212.5	191.0	38.0	.0	.0	
54.1	52.6	10.3	276.3	216.1	42.0	.0	.0	
52.7	51.4	6.4	165.0	185.2	49.0	.0	.0	
54.4	50.1	6.8	193.8	209.7	36.0	.0	.0	
53.4	50.4	10.0	280.0	205.5	58.0	.0	.0	
50.7	45.0	7.4	75.0	214.9	39.0	.0	.0	
48.8	43.6	4.0	158.8	179.7	63.0	.0	.0	
48.9	45.4	6.5	182.5	195.3	38.0	.0	.0	
53.1	49.1	7.1	216.3	113.4	88.0	11.0	.0	
51.7	49.2	6.8	111.3	141.6	77.0	.0	.0	
52.5	49.0	4.6	157.5	159.6	90.0	.0	.0	
57.1	54.9	11.3	136.3	86.1	98.0	58.0	.0	
54.4	47.5	15.4	258.8	197.1	59.0	5.0	.0	
51.0	44.3	9.1	126.3	117.7	89.0	14.0	.0	
53.7	50.4	14.5	242.5	105.9	71.0	80.0	.0	
48.1	40.8	5.9	253.8	156.7	51.0	2.0	.0	
45.9	38.4	9.9	83.8	183.4	68.0	.0	.0	
48.5	37.6	5.2	173.8	85.6	98.0	.0	.0	
56.4	45.2	16.9	147.5	110.4	97.0	68.0	.0	
56.8	52.4	15.9	161.3	103.8	90.0	55.0	.0	
56.7	49.6	9.5	180.0	176.1	44.0	.0	.0	
50.7	47.6	4.6	121.3	114.8	95.0	.0	.0	
51.8	48.2	4.6	115.0	78.8	98.0	13.0	.0	
51.4	48.7	7.8	110.0	104.7	98.0	24.0	.0	
53.0	52.3	5.6	96.3	110.6	98.0	21.0	.0	
54.3	52.9	4.5	70.0	112.6	98.0	9.0	.0	
53.9	51.3	7.4	222.5	117.4	92.0	6.0	.0	
50.9	47.8	6.2	215.0	130.9	63.0	3.0	.0	
49.6	47.0	6.2	128.8	188.6	71.0	.0	.0	
