   1    31    1968
54.1	53.0	7.8	125.0	138.3	98.0	62.0	.0	
45.8	44.4	8.3	46.3	133.3	98.0	17.0	.0	
48.9	47.1	4.0	202.5	142.6	98.0	1.0	.0	
58.6	54.8	13.4	243.8	183.2	80.0	11.0	.0	
40.4	22.2	10.3	155.0	241.9	65.0	.0	.0	
48.9	37.5	5.9	45.0	212.5	81.0	.0	.0	
48.6	39.6	11.9	228.8	262.3	52.0	2.0	.0	
34.8	16.9	11.3	53.8	292.2	24.0	.0	.0	
43.1	33.5	9.2	26.3	171.6	77.0	.0	.0	
42.0	40.4	7.3	52.5	131.1	98.0	43.0	.0	
34.9	33.2	10.8	26.3	125.9	98.0	1.0	.0	
31.3	28.4	11.0	61.3	159.2	98.0	.0	27.9	
34.7	33.2	7.6	301.3	149.2	90.0	3.0	.0	
30.1	23.6	10.4	226.3	191.1	66.0	.0	.0	
32.0	21.2	11.0	257.5	267.7	30.0	.0	.0	
36.3	25.9	4.2	196.3	337.0	4.0	.0	.0	
38.1	28.2	2.9	112.5	339.4	2.0	.0	.0	
46.6	33.0	4.8	91.3	270.0	37.0	.0	.0	
53.5	39.9	3.6	178.8	343.7	21.0	.0	.0	
46.2	33.8	3.0	68.8	331.6	3.0	.0	.0	
49.6	35.8	2.3	106.3	319.6	8.0	.0	.0	
51.7	42.4	5.3	125.0	302.6	54.0	.0	.0	
54.9	46.7	4.2	105.0	168.9	96.0	12.0	.0	
48.3	46.2	11.0	217.5	149.4	83.0	16.0	.0	
34.1	28.3	8.4	247.5	168.3	83.0	.0	.0	
37.1	25.6	4.8	247.5	349.3	2.0	.0	.0	
40.2	26.8	3.3	82.5	285.5	50.0	.0	.0	
48.5	35.0	3.6	90.0	294.5	57.0	.0	.0	
52.8	41.4	3.0	123.8	229.6	73.0	.0	.0	
56.5	43.7	4.0	152.5	309.2	61.0	.0	.0	
57.9	49.5	3.0	120.0	212.2	74.0	.0	.0	
   2    29    1968
51.3	46.1	9.3	57.5	174.1	98.0	.0	.0	
59.1	52.4	9.8	165.0	185.7	98.0	2.0	.0	
46.3	25.9	6.7	166.3	388.9	8.0	.0	.0	
43.0	25.5	3.9	70.0	381.8	24.0	.0	.0	
46.6	31.1	7.5	47.5	255.0	77.0	.0	.0	
45.9	25.7	6.9	103.8	169.2	93.0	.0	.0	
46.0	23.2	7.7	253.8	333.5	43.0	.0	.0	
39.8	30.9	12.0	280.0	359.0	53.0	21.0	.0	
40.7	25.6	11.0	267.5	363.5	5.0	.0	.0	
44.8	24.6	12.9	256.3	398.8	35.0	.0	.0	
47.4	28.6	9.9	266.3	341.8	73.0	.0	.0	
36.0	9.3	7.4	276.3	418.9	2.0	.0	.0	
38.7	12.6	7.7	300.0	295.9	38.0	.0	.0	
41.2	24.7	4.5	108.8	426.5	5.0	.0	.0	
44.0	31.6	11.3	257.5	176.1	88.0	1.0	.0	
43.5	32.9	5.2	225.0	437.7	2.0	.0	.0	
48.2	29.0	9.2	271.3	437.8	3.0	.0	.0	
41.4	22.6	6.5	270.0	190.4	92.0	4.0	.0	
40.6	16.9	5.9	132.5	378.1	51.0	.0	.0	
47.9	27.4	11.0	255.0	444.5	3.0	.0	.0	
49.3	34.5	10.0	226.3	350.6	68.0	.0	.0	
38.6	29.3	8.1	40.0	248.2	98.0	5.0	.0	
35.1	28.9	11.0	32.5	186.3	98.0	24.0	.0	
33.5	30.7	10.5	155.0	225.9	71.0	26.0	.0	
39.9	23.2	7.3	278.8	429.6	13.0	.0	.0	
39.4	17.0	5.5	250.0	456.8	4.0	.0	.0	
41.8	30.0	2.9	98.8	401.6	46.0	.0	.0	
45.8	30.5	8.2	232.5	374.0	63.0	.0	.0	
47.8	35.5	18.1	236.3	302.0	63.0	33.0	.0	
   3    31    1968
37.1	14.5	16.6	285.0	506.1	2.0	.0	.0	
51.4	24.8	12.0	243.8	390.0	48.0	.0	.0	
55.1	28.5	14.1	283.8	466.4	31.0	.0	.0	
44.0	18.5	6.5	208.8	449.6	26.0	.0	.0	
49.7	18.8	8.1	255.0	465.8	28.0	.0	.0	
54.1	26.1	12.0	255.0	260.5	65.0	.0	.0	
49.2	34.3	8.8	137.5	496.4	2.0	.0	.0	
51.5	39.6	5.3	135.0	459.7	9.0	.0	.0	
60.4	48.4	8.6	191.3	450.9	29.0	.0	.0	
62.6	58.5	10.2	195.0	275.5	76.0	40.0	.0	
60.4	59.3	5.0	93.8	210.3	86.0	10.0	.0	
65.6	62.6	14.8	165.0	254.5	98.0	32.0	.0	
49.2	31.6	16.6	282.5	439.0	46.0	.0	.0	
42.3	24.5	9.1	106.3	508.4	45.0	.0	.0	
54.8	46.9	9.4	62.5	264.5	84.0	.0	.0	
59.9	55.0	6.0	96.3	235.5	98.0	1.0	.0	
58.6	44.7	8.2	270.0	508.6	33.0	2.0	.0	
56.0	31.3	4.5	131.3	506.9	26.0	.0	.0	
60.9	36.1	5.1	157.5	507.9	27.0	.0	.0	
64.7	45.8	7.7	202.5	557.2	2.0	.0	.0	
68.1	50.5	10.1	183.8	496.4	54.0	.0	.0	
68.3	58.4	14.7	185.0	339.4	91.0	.0	.0	
48.2	29.5	16.5	267.5	500.2	47.0	4.0	.0	
44.1	23.0	6.7	250.0	587.0	2.0	.0	.0	
50.2	31.0	5.2	85.0	525.6	8.0	.0	.0	
54.4	38.9	4.5	103.8	538.8	4.0	.0	.0	
59.6	45.5	4.5	76.3	538.8	29.0	.0	.0	
61.7	49.5	4.1	87.5	492.1	49.0	.0	.0	
67.3	51.8	5.8	160.0	382.7	58.0	.0	.0	
71.0	52.4	9.4	223.8	478.7	60.0	.0	.0	
70.1	53.1	9.3	190.0	489.9	81.0	.0	.0	
   4    30    1968
72.3	54.7	10.7	233.8	513.8	59.0	.0	.0	
60.8	47.7	15.7	78.8	398.8	60.0	.0	.0	
64.4	57.5	8.2	115.0	267.2	89.0	3.0	.0	
70.4	59.8	10.4	158.8	479.5	66.0	.0	.0	
72.2	62.8	10.5	202.5	368.0	88.0	.0	.0	
63.8	59.1	7.4	158.8	340.2	93.0	31.0	.0	
60.1	55.4	6.3	72.5	292.8	93.0	.0	.0	
68.4	62.1	3.7	78.8	524.0	52.0	.0	.0	
73.7	64.5	6.5	120.0	376.3	70.0	.0	.0	
65.5	62.6	6.2	105.0	249.2	93.0	38.0	.0	
59.3	41.9	9.8	263.8	606.9	35.0	3.0	.0	
56.4	39.3	4.8	95.0	642.7	18.0	.0	.0	
60.8	44.6	4.9	101.3	617.7	59.0	.0	.0	
65.6	52.8	5.2	152.5	441.7	91.0	.0	.0	
70.0	54.5	7.5	236.3	478.4	54.0	.0	.0	
61.6	46.4	9.1	108.8	638.1	12.0	.0	.0	
61.5	46.2	6.2	80.0	525.6	43.0	.0	.0	
67.7	57.9	5.2	111.3	314.1	89.0	.0	.0	
74.3	61.0	6.2	192.5	606.0	53.0	.0	.0	
77.4	60.1	6.8	228.8	610.8	48.0	.0	.0	
75.7	53.4	6.2	230.0	605.2	71.0	.0	.0	
75.1	52.7	3.9	196.3	422.4	88.0	.0	.0	
71.2	62.5	9.8	88.8	377.6	98.0	.0	.0	
68.7	63.7	8.5	212.5	286.1	95.0	36.0	.0	
63.2	42.0	9.8	265.0	668.1	5.0	.0	.0	
67.3	48.9	6.6	131.3	674.2	2.0	.0	.0	
69.7	60.4	8.8	210.0	472.5	69.0	32.0	.0	
66.3	62.9	6.5	177.5	301.5	90.0	10.0	.0	
68.7	64.0	7.5	132.5	318.7	95.0	56.0	.0	
67.7	52.1	9.1	291.3	676.5	9.0	.0	.0	
   5    31    1968
70.6	48.6	7.2	257.5	664.0	2.0	.0	.0	
72.3	50.9	7.2	236.3	649.1	5.0	.0	.0	
73.5	54.5	8.8	226.3	619.3	11.0	.0	.0	
73.1	58.1	8.9	252.5	592.3	64.0	13.0	.0	
68.9	54.9	8.1	297.5	586.5	51.0	5.0	.0	
62.6	46.0	7.4	138.8	673.6	10.0	.0	.0	
64.4	56.1	10.8	68.8	365.9	72.0	2.0	.0	
67.3	55.6	11.1	67.5	538.4	69.0	.0	.0	
68.9	57.4	10.0	81.3	380.8	84.0	.0	.0	
67.5	60.8	6.2	83.8	307.4	73.0	.0	.0	
73.6	64.3	11.4	130.0	540.6	69.0	.0	.0	
76.5	70.2	10.4	196.3	331.8	80.0	8.0	.0	
76.9	68.0	6.1	225.0	550.4	52.0	.0	.0	
72.5	68.4	7.1	65.0	278.7	81.0	1.0	.0	
71.9	69.1	4.6	121.3	310.9	88.0	52.0	.0	
76.4	68.2	6.2	205.0	487.6	70.0	.0	.0	
79.5	70.6	7.7	193.8	517.3	77.0	.0	.0	
75.2	67.7	9.8	222.5	397.9	91.0	67.0	.0	
74.4	66.8	7.6	248.8	484.8	72.0	101.0	.0	
68.4	50.1	6.9	253.8	682.4	6.0	.0	.0	
67.1	47.1	7.4	256.3	657.5	30.0	.0	.0	
67.4	50.4	5.2	131.3	682.9	8.0	.0	.0	
71.8	58.1	6.9	117.5	664.9	4.0	.0	.0	
75.9	65.5	5.3	161.3	615.3	11.0	.0	.0	
77.5	70.8	8.2	175.0	508.9	85.0	.0	.0	
75.1	71.7	8.9	158.8	344.7	94.0	121.0	.0	
77.5	68.5	8.5	270.0	514.1	76.0	1.0	.0	
67.7	64.8	7.9	291.3	302.5	96.0	109.0	.0	
67.7	57.5	4.3	196.3	644.1	34.0	.0	.0	
74.3	61.3	9.1	273.8	661.4	15.0	.0	.0	
72.5	56.8	3.6	235.0	632.6	34.0	.0	.0	
   6    30    1968
74.8	60.4	5.1	90.0	668.4	24.0	.0	.0	
75.4	65.3	4.2	62.5	641.2	26.0	.0	.0	
77.1	67.8	3.6	90.0	616.6	19.0	.0	.0	
77.3	69.1	10.1	65.0	312.0	88.0	.0	.0	
75.1	63.7	13.3	48.8	306.4	98.0	.0	.0	
72.1	67.1	17.2	52.5	279.3	98.0	258.0	.0	
71.5	69.5	15.9	178.8	291.6	98.0	115.0	.0	
78.9	71.0	13.7	188.8	556.9	66.0	2.0	.0	
77.3	71.9	7.5	181.3	446.7	89.0	.0	.0	
79.5	72.0	6.8	263.8	478.8	93.0	49.0	.0	
77.8	72.9	4.6	217.5	356.8	98.0	3.0	.0	
78.7	71.6	6.8	241.3	593.9	55.0	9.0	.0	
79.2	67.8	7.5	273.8	665.9	36.0	.0	.0	
76.8	66.2	5.7	127.5	708.6	4.0	.0	.0	
79.3	71.4	6.9	101.3	568.8	46.0	.0	.0	
78.8	66.7	5.1	112.5	650.4	5.0	.0	.0	
76.9	65.9	5.3	106.3	620.2	54.0	.0	.0	
78.6	69.4	7.1	108.8	574.2	58.0	.0	.0	
79.2	72.3	10.1	80.0	575.4	59.0	10.0	.0	
81.3	71.1	8.7	32.5	597.1	55.0	.0	.0	
79.8	70.6	5.2	60.0	629.3	68.0	.0	.0	
79.3	69.4	5.3	115.0	607.9	78.0	.0	.0	
78.9	72.1	6.6	206.3	315.0	93.0	122.0	.0	
77.6	74.0	5.9	205.0	377.6	94.0	18.0	.0	
80.5	74.8	7.7	222.5	526.2	88.0	.0	.0	
84.5	74.8	8.9	222.5	540.3	88.0	.0	.0	
81.8	73.1	7.6	231.3	496.0	85.0	.0	.0	
76.9	60.1	5.9	236.3	684.9	15.0	.0	.0	
77.8	64.6	5.8	126.3	670.2	10.0	.0	.0	
78.2	66.6	4.2	71.3	663.5	2.0	.0	.0	
   7    31    1968
80.0	70.9	4.8	111.3	621.9	21.0	.0	.0	
80.7	71.1	6.6	192.5	646.9	17.0	.0	.0	
81.4	72.1	7.0	183.8	626.4	41.0	.0	.0	
76.4	72.0	5.9	198.8	352.9	98.0	47.0	.0	
73.5	70.9	7.4	116.3	293.8	97.0	21.0	.0	
77.8	71.2	8.6	68.8	543.7	76.0	.0	.0	
78.1	71.8	10.8	67.5	479.9	60.0	9.0	.0	
76.2	73.6	11.4	58.8	418.8	80.0	78.0	.0	
78.3	73.8	7.9	158.8	415.9	98.0	8.0	.0	
78.2	73.6	7.8	207.5	396.9	98.0	2.0	.0	
78.8	73.5	6.2	183.8	386.4	85.0	20.0	.0	
77.7	73.4	6.5	215.0	417.0	66.0	31.0	.0	
80.2	74.1	8.1	201.3	585.8	46.0	.0	.0	
82.7	74.2	6.2	166.3	612.0	38.0	.0	.0	
81.4	72.7	6.3	152.5	649.6	26.0	.0	.0	
79.2	71.5	5.6	253.8	547.8	56.0	14.0	.0	
81.4	71.9	4.8	240.0	587.2	58.0	2.0	.0	
80.8	70.8	5.2	227.5	606.1	73.0	17.0	.0	
81.9	71.0	8.1	226.3	639.5	68.0	.0	.0	
76.7	72.5	7.7	256.3	356.6	82.0	96.0	.0	
78.8	72.3	5.0	163.8	554.5	40.0	.0	.0	
80.0	71.5	6.7	68.8	588.2	29.0	.0	.0	
79.6	71.4	5.2	76.3	606.0	29.0	.0	.0	
80.1	71.7	4.6	206.3	576.4	33.0	.0	.0	
81.9	74.5	5.6	192.5	641.8	16.0	4.0	.0	
84.7	74.0	5.6	216.3	638.7	8.0	.0	.0	
87.5	73.4	6.5	262.5	599.1	50.0	.0	.0	
87.0	71.5	9.3	256.3	595.0	59.0	.0	.0	
85.7	70.9	8.4	236.3	609.6	40.0	.0	.0	
80.9	72.9	6.6	178.8	594.6	76.0	160.0	.0	
76.2	73.4	5.3	151.3	438.8	83.0	126.0	.0	
   8    31    1968
77.4	72.0	6.3	155.0	549.2	65.0	.0	.0	
79.9	72.3	5.2	117.5	556.5	34.0	.0	.0	
80.9	75.0	4.4	100.0	469.7	43.0	27.0	.0	
80.2	75.2	4.8	160.0	423.1	59.0	34.0	.0	
81.9	74.8	4.3	121.3	533.2	40.0	.0	.0	
83.2	73.9	2.3	67.5	530.6	23.0	.0	.0	
85.2	75.3	5.3	225.0	548.1	21.0	.0	.0	
81.5	72.9	6.2	162.5	465.2	64.0	26.0	.0	
80.4	73.6	5.8	192.5	611.2	48.0	.0	.0	
81.6	74.7	6.3	167.5	537.2	58.0	.0	.0	
81.7	74.3	6.0	268.8	376.6	95.0	.0	.0	
78.4	73.4	5.1	121.3	410.6	86.0	145.0	.0	
79.2	72.9	2.0	92.5	578.2	68.0	.0	.0	
80.9	74.9	4.3	122.5	576.7	25.0	.0	.0	
82.4	74.1	5.9	226.3	564.1	20.0	.0	.0	
81.8	75.2	5.5	225.0	530.4	41.0	31.0	.0	
84.8	75.7	4.6	217.5	592.5	28.0	.0	.0	
84.0	77.1	3.7	205.0	447.9	49.0	.0	.0	
82.6	75.4	3.9	100.0	555.9	55.0	.0	.0	
82.9	77.2	2.9	123.8	491.2	41.0	.0	.0	
85.7	76.5	3.4	112.5	513.4	51.0	.0	.0	
85.6	76.1	4.5	88.8	530.2	40.0	.0	.0	
84.8	74.2	3.7	177.5	599.5	8.0	.0	.0	
85.4	74.0	6.5	208.8	542.7	14.0	.0	.0	
82.5	72.6	5.5	180.0	545.9	59.0	.0	.0	
82.8	71.5	5.0	200.0	551.8	55.0	.0	.0	
76.2	71.9	7.5	147.5	274.4	95.0	70.0	.0	
67.8	62.5	12.4	77.5	290.4	98.0	9.0	.0	
71.1	59.4	10.5	45.0	388.8	96.0	.0	.0	
71.9	62.2	11.8	41.3	283.4	98.0	.0	.0	
71.9	69.4	11.2	51.3	272.8	98.0	41.0	.0	
   9    30    1968
74.3	71.5	6.7	190.0	307.7	83.0	17.0	.0	
75.9	69.8	5.2	262.5	421.0	75.0	.0	.0	
77.4	66.2	3.3	107.5	534.8	56.0	.0	.0	
77.6	67.2	3.6	111.3	500.3	40.0	.0	.0	
76.6	70.5	2.9	76.3	488.0	53.0	.0	.0	
77.1	72.3	5.3	241.3	370.9	75.0	6.0	.0	
77.8	73.4	4.8	55.0	360.1	65.0	.0	.0	
77.5	73.3	5.6	62.5	294.1	90.0	1.0	.0	
77.0	72.1	5.3	87.5	401.1	73.0	14.0	.0	
77.7	71.4	4.3	92.5	430.1	86.0	.0	.0	
78.5	68.1	7.5	245.0	500.9	66.0	.0	.0	
70.6	60.8	3.7	133.8	289.4	93.0	.0	.0	
69.6	59.4	4.2	67.5	349.8	63.0	.0	.0	
69.9	58.6	4.2	141.3	533.1	5.0	.0	.0	
71.5	60.8	6.2	100.0	519.4	36.0	.0	.0	
73.5	65.4	6.6	90.0	383.3	73.0	.0	.0	
76.4	70.6	9.1	70.0	257.3	98.0	10.0	.0	
77.1	71.3	7.7	65.0	319.9	89.0	.0	.0	
78.2	73.1	9.1	98.8	304.9	68.0	.0	.0	
75.9	68.7	8.6	62.5	384.6	41.0	.0	.0	
74.6	62.9	9.4	60.0	490.1	5.0	.0	.0	
72.3	62.8	9.1	88.8	491.6	24.0	.0	.0	
74.6	66.5	7.5	92.5	373.8	34.0	.0	.0	
74.5	65.1	6.0	191.3	469.3	43.0	.0	.0	
74.0	65.5	5.6	170.0	431.8	49.0	.0	.0	
75.9	65.3	6.3	117.5	325.0	80.0	.0	.0	
75.5	66.9	6.5	128.8	391.2	59.0	.0	.0	
75.0	66.7	7.2	135.0	338.0	51.0	.0	.0	
75.4	61.5	8.2	100.0	432.3	67.0	.0	.0	
73.4	58.9	6.7	145.0	479.0	20.0	.0	.0	
  10    31    1968
72.5	60.9	5.6	196.3	446.8	15.0	.0	.0	
73.4	61.9	5.1	130.0	446.6	20.0	.0	.0	
74.6	60.4	6.6	197.5	468.4	40.0	.0	.0	
72.1	55.9	8.7	182.5	404.2	57.0	.0	.0	
63.3	43.3	10.8	62.5	417.5	52.0	.0	.0	
70.3	59.5	9.3	106.3	198.4	95.0	.0	.0	
76.8	68.9	6.3	223.8	274.3	83.0	.0	.0	
73.7	68.5	5.3	153.8	292.8	93.0	90.0	.0	
70.9	65.1	10.2	82.5	214.1	93.0	.0	.0	
71.9	64.2	9.4	90.0	305.6	68.0	.0	.0	
72.6	64.7	10.9	61.3	379.7	62.0	.0	.0	
73.4	63.8	7.4	71.3	323.3	70.0	.0	.0	
72.1	62.3	5.5	73.8	267.9	77.0	.0	.0	
72.2	60.6	9.5	52.5	435.1	5.0	.0	.0	
72.0	64.0	11.7	47.5	315.2	62.0	.0	.0	
72.1	68.2	9.1	50.0	203.3	98.0	64.0	.0	
74.5	69.8	9.5	82.5	212.6	98.0	63.0	.0	
76.3	71.7	8.4	93.8	196.1	98.0	41.0	.0	
75.4	71.2	8.5	203.8	173.8	95.0	9.0	.0	
70.6	59.2	7.4	345.0	388.0	37.0	.0	.0	
64.1	50.2	5.1	163.8	331.3	60.0	.0	.0	
66.4	55.1	5.6	121.3	380.5	31.0	.0	.0	
69.6	61.6	4.5	148.8	307.0	68.0	.0	.0	
66.9	62.5	4.1	172.5	246.8	86.0	86.0	.0	
58.9	43.0	10.2	287.5	399.0	18.0	.0	.0	
50.0	33.2	8.7	305.0	424.1	2.0	.0	.0	
52.8	37.6	4.2	125.0	414.2	2.0	.0	.0	
57.5	38.9	11.1	252.5	413.9	4.0	.0	.0	
48.4	33.2	7.3	282.5	393.0	2.0	.0	.0	
49.6	35.1	5.1	273.8	386.1	2.0	.0	.0	
54.3	39.9	3.6	85.0	395.8	3.0	.0	.0	
  11    30    1968
59.7	46.5	3.5	123.8	380.5	14.0	.0	.0	
62.8	51.4	5.9	231.3	350.3	4.0	.0	.0	
63.0	55.0	5.3	212.5	265.3	74.0	.0	.0	
66.3	61.7	9.2	235.0	184.1	66.0	18.0	.0	
60.8	54.4	6.8	216.3	214.3	71.0	.0	.0	
60.2	52.5	4.0	237.5	188.5	70.0	.0	.0	
62.3	52.3	8.2	211.3	295.5	48.0	.0	.0	
53.1	40.2	7.5	221.3	365.6	18.0	.0	.0	
45.3	42.0	10.4	106.3	132.0	98.0	109.0	.0	
44.2	40.8	8.4	290.0	172.4	76.0	1.0	.0	
43.2	39.9	9.2	186.3	154.1	90.0	116.0	.0	
41.7	30.2	17.4	275.0	172.0	71.0	.0	.0	
39.6	27.6	8.5	277.5	357.6	3.0	.0	.0	
44.7	29.4	3.0	128.8	355.5	11.0	.0	.0	
52.2	42.9	4.1	111.3	186.1	50.0	.0	.0	
65.6	56.5	10.4	205.0	198.0	45.0	.0	.0	
66.1	60.6	7.4	197.5	235.3	84.0	.0	.0	
64.9	60.6	11.4	211.3	150.7	89.0	15.0	.0	
45.0	27.4	12.6	285.0	336.2	11.0	.0	.0	
38.2	23.5	8.2	272.5	326.9	4.0	.0	.0	
39.5	23.6	4.2	231.3	339.5	2.0	.0	.0	
49.5	31.4	6.6	230.0	330.6	18.0	.0	.0	
52.7	38.9	3.7	117.5	268.4	55.0	.0	.0	
58.0	42.3	5.8	180.0	200.1	77.0	.0	.0	
51.5	36.4	7.5	243.8	326.5	3.0	.0	.0	
48.7	35.4	3.3	121.3	316.8	17.0	.0	.0	
61.2	50.1	4.2	70.0	265.4	57.0	.0	.0	
69.2	60.1	11.4	171.3	253.0	72.0	.0	.0	
65.7	52.4	8.6	253.8	221.3	78.0	.0	.0	
51.3	41.4	7.9	107.5	133.0	72.0	.0	.0	
  12    31    1968
55.3	47.9	11.3	111.3	142.0	98.0	.0	.0	
63.9	61.2	8.0	240.0	143.1	98.0	5.0	.0	
55.0	53.0	7.5	163.8	124.0	98.0	182.0	.0	
47.8	37.3	14.0	262.5	309.4	32.0	8.0	.0	
46.2	29.3	10.1	248.8	319.0	2.0	.0	.0	
48.3	34.5	4.6	213.8	305.0	4.0	.0	.0	
50.4	43.5	6.5	201.3	129.1	72.0	6.0	.0	
37.3	17.2	8.4	316.3	321.2	2.0	.0	.0	
31.7	14.0	6.5	136.3	298.5	12.0	.0	.0	
32.9	17.6	5.3	178.8	137.3	70.0	.0	.0	
33.9	15.4	6.4	46.3	298.2	9.0	.0	.0	
41.5	27.9	6.7	142.5	305.0	10.0	.0	.0	
54.9	44.5	5.0	133.8	137.1	92.0	.0	.0	
48.9	36.7	15.3	268.8	278.6	42.0	27.0	.0	
30.6	12.4	12.1	298.8	308.9	2.0	.0	.0	
32.8	13.8	6.3	236.3	279.4	15.0	.0	.0	
39.3	17.3	4.8	260.0	246.2	56.0	.0	.0	
44.1	25.6	2.6	70.0	293.4	21.0	.0	.0	
61.7	51.6	8.9	151.3	218.6	82.0	.0	.0	
54.8	36.5	8.8	277.5	140.9	72.0	.0	.0	
48.1	34.6	8.6	158.8	219.5	84.0	.0	.0	
60.9	53.0	12.8	131.3	154.2	86.0	.0	.0	
52.4	42.5	13.1	261.3	169.1	60.0	39.0	.0	
38.0	19.5	12.1	291.3	295.5	2.0	.0	.0	
36.4	20.4	5.8	181.3	311.9	2.0	.0	.0	
41.3	30.9	6.5	85.0	253.2	42.0	.0	.0	
53.7	45.8	7.8	108.8	238.5	39.0	.0	.0	
63.0	46.6	16.9	222.5	230.8	43.0	69.0	.0	
46.4	31.5	9.1	242.5	265.6	33.0	.0	.0	
46.4	35.9	6.2	123.8	279.3	49.0	.0	.0	
56.3	54.0	8.8	150.0	110.1	98.0	61.0	.0	
