   1    31    1976
45.9	26.2	10.2	252.5	322.2	2.0	.0	.0	
31.4	18.2	12.4	302.5	146.3	64.0	.0	.0	
25.2	11.1	6.7	141.3	326.0	2.0	.0	.0	
28.7	10.2	11.7	135.0	317.4	24.0	.0	.0	
40.2	21.7	15.4	185.0	322.7	5.0	.0	.0	
45.6	28.7	18.9	226.3	190.3	48.0	.0	.0	
19.1	-.8	16.7	308.8	320.0	8.0	.0	.0	
21.9	-3.0	8.0	131.3	310.7	13.0	.0	.0	
39.7	17.4	18.2	181.3	332.5	2.0	.0	.0	
50.9	42.6	18.2	201.3	164.0	60.0	.0	.0	
40.3	25.6	7.7	262.5	313.7	2.0	.0	.0	
49.9	31.6	12.7	185.0	317.7	2.0	.0	.0	
48.4	32.5	10.8	212.5	325.6	2.0	.0	.0	
37.2	25.4	7.4	107.5	338.3	4.0	.0	.0	
47.4	31.1	12.4	213.8	317.8	33.0	.0	.0	
42.4	28.5	7.7	211.3	309.4	28.0	.0	.0	
50.7	31.4	7.9	202.5	334.6	6.0	.0	.0	
56.0	33.7	16.3	198.8	338.5	8.0	.0	.0	
45.9	35.0	15.1	136.3	163.7	60.0	.0	.0	
34.8	18.4	6.7	281.3	282.0	43.0	.0	.0	
40.6	17.5	6.8	228.8	345.7	8.0	.0	.0	
48.3	29.0	10.9	198.8	350.5	30.0	.0	.0	
61.0	39.9	15.3	227.5	274.7	68.0	.0	.0	
56.2	42.3	11.7	192.5	223.9	59.0	.0	.0	
41.2	28.9	14.9	238.8	360.0	2.0	.0	.0	
30.9	13.6	11.7	298.8	232.6	45.0	.0	.0	
34.4	15.4	8.9	200.0	368.3	2.0	.0	.0	
44.8	21.2	10.4	211.3	333.0	26.0	.0	.0	
48.2	25.3	7.9	171.3	371.1	2.0	.0	.0	
52.4	25.4	7.9	203.8	361.6	2.0	.0	.0	
44.9	25.9	19.1	325.0	359.9	19.0	2.0	.0	
   2    29    1976
50.8	20.4	10.3	200.0	374.0	13.0	.0	.0	
53.5	19.1	10.8	162.5	360.7	33.0	.0	.0	
60.2	22.0	16.1	193.8	383.6	15.0	.0	.0	
51.5	28.3	13.0	227.5	343.6	66.0	8.0	.0	
34.0	29.0	11.0	200.0	244.5	66.0	.0	.0	
26.9	19.5	15.4	231.3	178.2	98.0	.0	.0	
38.4	23.7	8.2	232.5	403.6	35.0	.0	.0	
54.4	33.2	8.1	212.5	355.4	62.0	.0	.0	
66.1	36.4	14.3	195.0	311.0	56.0	.0	.0	
69.6	49.5	12.5	206.3	345.7	63.0	.0	.0	
54.3	43.4	10.5	250.0	292.8	75.0	.0	.0	
61.5	49.9	14.8	180.0	382.4	66.0	.0	.0	
63.4	50.0	10.0	168.8	404.1	48.0	.0	.0	
62.2	50.9	16.4	168.8	237.6	45.0	.0	.0	
65.6	55.2	14.4	186.3	213.7	50.0	.0	.0	
62.1	34.6	12.1	230.0	438.2	21.0	.0	.0	
60.6	27.7	17.1	247.5	404.7	38.0	.0	.0	
55.6	22.5	11.7	231.3	423.8	6.0	.0	.0	
56.0	24.7	9.2	157.5	454.8	2.0	.0	.0	
66.1	37.3	23.9	246.3	361.7	44.0	.0	.0	
42.4	14.9	18.8	337.5	439.4	6.0	.0	.0	
42.5	11.0	9.5	265.0	477.9	2.0	.0	.0	
53.2	10.5	12.1	208.8	481.1	2.0	.0	.0	
58.1	11.6	22.3	196.3	316.5	54.0	.0	.0	
59.9	21.0	9.8	202.5	414.6	33.0	.0	.0	
59.1	26.2	9.5	172.5	477.5	15.0	.0	.0	
61.5	38.4	13.8	173.8	460.6	34.0	.0	.0	
65.8	47.8	18.2	173.8	384.9	64.0	.0	.0	
66.9	47.1	16.7	182.5	390.1	31.0	.0	.0	
   3    31    1976
70.3	50.4	18.5	191.3	424.7	50.0	.0	.0	
71.9	49.1	14.5	200.0	300.2	72.0	.0	.0	
58.4	48.5	14.6	143.8	293.2	89.0	.0	.0	
63.7	33.5	16.7	213.8	413.2	60.0	2.0	.0	
42.9	17.8	12.7	71.3	360.4	73.0	.0	.0	
42.5	25.5	10.4	75.0	256.5	98.0	2.0	.0	
44.7	41.7	9.2	76.3	221.0	98.0	8.0	.0	
42.7	37.9	12.0	296.3	269.5	77.0	8.0	.0	
46.6	34.1	7.9	223.8	517.4	11.0	.0	.0	
58.9	42.4	13.7	185.0	331.1	75.0	.0	.0	
62.4	43.9	15.3	198.8	349.3	67.0	2.0	.0	
51.3	26.6	13.1	230.0	353.8	50.0	.0	.0	
35.4	21.7	8.8	120.0	238.9	89.0	3.0	.0	
50.8	28.5	12.5	180.0	516.7	22.0	.0	.0	
56.3	35.8	18.6	246.3	483.3	44.0	.0	.0	
43.1	22.8	8.2	170.0	501.2	21.0	.0	.0	
57.2	23.7	16.5	171.3	470.4	68.0	.0	.0	
64.7	43.3	20.2	188.8	468.2	68.0	.0	.0	
71.0	42.1	18.3	200.0	518.4	38.0	.0	.0	
61.4	25.6	13.1	228.8	508.4	55.0	.0	.0	
51.1	13.9	8.9	142.5	527.0	31.0	.0	.0	
55.9	24.1	8.2	107.5	527.0	53.0	.0	.0	
60.2	34.4	16.1	152.5	483.3	60.0	.0	.0	
64.7	53.8	16.0	187.5	445.2	43.0	.0	.0	
72.0	50.1	15.6	186.3	539.9	6.0	.0	.0	
64.1	40.7	19.9	258.8	566.6	6.0	.0	.0	
55.4	28.0	14.3	153.8	513.6	53.0	.0	.0	
66.0	38.1	18.7	181.3	273.5	93.0	.0	.0	
62.8	32.0	17.0	182.5	563.7	12.0	.0	.0	
47.8	21.9	11.7	228.8	376.5	71.0	.0	.0	
53.7	22.3	10.7	206.3	620.5	2.0	.0	.0	
   4    30    1976
60.3	24.8	10.4	162.5	598.1	2.0	.0	.0	
69.3	40.3	15.6	180.0	507.1	63.0	.0	.0	
69.2	50.4	14.1	153.8	538.7	64.0	16.0	.0	
61.4	56.3	11.0	58.8	265.9	98.0	3.0	.0	
61.0	51.6	8.4	101.3	414.4	66.0	.0	.0	
58.6	53.1	10.7	172.5	280.6	90.0	.0	.0	
61.3	50.1	13.3	141.3	493.0	82.0	28.0	.0	
56.4	48.1	9.5	168.8	484.2	50.0	.0	.0	
61.9	47.6	11.0	132.5	528.3	55.0	.0	.0	
67.1	50.4	15.1	167.5	640.4	19.0	.0	.0	
70.2	54.7	12.4	168.8	503.4	67.0	.0	.0	
64.7	57.9	8.5	115.0	281.5	91.0	89.0	.0	
70.0	60.0	15.5	152.5	445.7	32.0	.0	.0	
72.6	61.8	17.5	166.3	560.4	51.0	.0	.0	
63.8	54.6	20.3	181.3	379.5	93.0	132.0	.0	
62.0	49.6	17.9	158.8	664.1	21.0	.0	.0	
62.4	42.8	11.4	265.0	285.1	94.0	23.0	.0	
61.6	40.3	9.0	178.8	659.7	33.0	.0	.0	
68.7	50.5	12.1	196.3	391.6	64.0	.0	.0	
61.0	41.9	17.4	258.8	533.8	19.0	.0	.0	
65.3	46.1	13.7	158.8	664.1	9.0	.0	.0	
72.3	58.3	20.0	167.5	547.0	73.0	.0	.0	
69.9	61.3	15.5	168.8	410.5	81.0	.0	.0	
66.7	48.7	14.4	171.3	662.4	12.0	.0	.0	
65.2	41.8	9.5	127.5	676.5	3.0	.0	.0	
66.5	52.2	18.6	141.3	479.9	56.0	.0	.0	
67.6	59.4	19.0	146.3	277.8	93.0	.0	.0	
64.3	57.7	15.0	135.0	309.9	98.0	73.0	.0	
54.4	51.4	11.3	226.3	315.1	98.0	1.0	.0	
54.2	50.5	9.5	308.8	312.6	98.0	5.0	.0	
   5    31    1976
57.3	44.1	9.7	282.5	619.6	38.0	.0	.0	
63.5	42.2	11.8	225.0	666.9	2.0	.0	.0	
60.2	46.5	9.7	160.0	597.6	56.0	.0	.0	
66.1	45.5	15.4	161.3	495.8	76.0	.0	.0	
63.4	54.4	12.1	185.0	488.9	85.0	90.0	.0	
61.4	51.9	11.5	175.0	464.7	65.0	.0	.0	
56.5	45.4	14.2	31.3	481.3	79.0	.0	.0	
60.7	47.1	8.9	80.0	560.1	88.0	.0	.0	
62.5	55.1	10.5	166.3	331.5	79.0	1.0	.0	
70.9	56.5	9.5	197.5	678.9	15.0	.0	.0	
71.1	57.5	7.2	130.0	656.6	24.0	.0	.0	
70.2	58.5	17.8	175.0	377.4	80.0	.0	.0	
64.8	40.3	11.7	317.5	647.3	22.0	.0	.0	
60.5	43.4	11.7	288.8	624.9	14.0	.0	.0	
65.1	45.7	4.6	172.5	626.5	43.0	.0	.0	
64.7	47.3	11.1	302.5	599.5	38.0	.0	.0	
63.4	40.9	8.7	180.0	633.4	26.0	.0	.0	
65.8	41.6	9.2	155.0	700.6	26.0	.0	.0	
65.8	50.4	11.2	157.5	465.0	73.0	.0	.0	
68.4	57.1	13.7	156.3	338.0	87.0	.0	.0	
72.7	57.5	15.3	161.3	612.6	51.0	1.0	.0	
77.1	60.5	12.2	173.8	643.0	38.0	.0	.0	
74.2	60.8	9.5	125.0	585.4	37.0	1.0	.0	
73.2	58.1	9.0	138.8	607.7	28.0	.0	.0	
72.3	61.1	13.3	146.3	369.5	90.0	11.0	.0	
69.1	54.0	14.4	278.8	629.0	48.0	.0	.0	
64.3	50.3	12.4	241.3	497.3	51.0	.0	.0	
70.7	52.1	10.7	160.0	703.1	10.0	.0	.0	
82.2	57.2	17.3	190.0	714.0	6.0	.0	.0	
83.1	61.1	16.9	190.0	653.0	18.0	.0	.0	
75.6	57.6	12.4	158.8	689.8	25.0	.0	.0	
   6    30    1976
74.3	55.1	8.7	122.5	650.0	28.0	.0	.0	
74.3	53.2	6.9	108.8	713.1	4.0	.0	.0	
75.5	52.4	9.0	122.5	689.5	43.0	.0	.0	
76.3	53.7	7.7	83.8	566.8	96.0	.0	.0	
75.5	56.0	9.4	127.5	542.1	90.0	.0	.0	
72.0	57.5	8.4	165.0	492.5	94.0	11.0	.0	
72.1	61.4	9.3	138.8	493.0	63.0	.0	.0	
74.8	61.3	10.5	131.3	606.7	25.0	.0	.0	
78.2	59.9	13.0	166.3	663.5	15.0	.0	.0	
79.6	56.7	15.1	165.0	735.3	2.0	.0	.0	
81.8	62.7	16.9	177.5	655.3	33.0	.0	.0	
82.9	66.2	17.4	182.5	474.1	65.0	.0	.0	
83.9	64.2	17.1	185.0	699.7	26.0	.0	.0	
83.7	62.1	19.0	182.5	604.4	62.0	.0	.0	
76.6	54.3	12.2	222.5	602.1	56.0	.0	.0	
75.3	44.6	10.5	161.3	737.5	10.0	.0	.0	
78.1	61.7	17.8	167.5	513.5	62.0	.0	.0	
75.2	64.4	14.4	147.5	400.7	80.0	.0	.0	
72.9	52.0	10.5	92.5	523.4	54.0	.0	.0	
75.2	47.0	10.0	142.5	696.4	2.0	.0	.0	
80.9	53.1	17.8	166.3	707.6	20.0	.0	.0	
84.0	61.1	20.0	172.5	604.0	62.0	.0	.0	
85.0	62.0	21.6	190.0	620.9	67.0	1.0	.0	
78.4	62.1	12.6	221.3	458.3	71.0	20.0	.0	
76.5	61.1	8.5	145.0	557.4	51.0	.0	.0	
79.2	62.1	11.1	163.8	640.9	33.0	33.0	.0	
80.7	63.1	11.6	167.5	595.4	76.0	.0	.0	
83.3	60.9	13.6	168.8	660.3	18.0	.0	.0	
84.3	59.9	10.4	173.8	669.6	8.0	.0	.0	
79.3	63.7	8.5	181.3	532.6	37.0	3.0	.0	
   7    31    1976
82.1	63.9	13.4	163.8	643.6	14.0	.0	.0	
83.6	64.0	18.0	171.3	637.9	46.0	.0	.0	
75.6	67.4	11.1	136.3	317.6	91.0	12.0	.0	
77.0	67.0	9.1	141.3	488.8	78.0	.0	.0	
78.4	64.4	8.6	146.3	470.8	66.0	.0	.0	
76.6	61.0	9.6	73.8	619.0	34.0	.0	.0	
78.2	62.1	8.5	155.0	570.3	26.0	.0	.0	
75.1	63.6	10.8	177.5	486.3	83.0	.0	.0	
72.8	64.7	12.6	162.5	325.2	96.0	4.0	.0	
70.7	64.9	15.0	148.8	315.2	98.0	24.0	.0	
69.1	64.0	11.7	136.3	277.1	98.0	44.0	.0	
75.2	63.6	15.2	151.3	549.7	98.0	2.0	.0	
73.0	64.5	11.6	152.5	295.3	98.0	29.0	.0	
73.7	64.5	13.3	141.3	484.6	85.0	4.0	.0	
76.3	64.9	14.1	160.0	384.3	85.0	55.0	.0	
74.6	64.8	10.5	167.5	370.6	78.0	64.0	.0	
73.0	65.9	7.1	153.8	417.9	56.0	110.0	.0	
75.4	67.3	9.6	165.0	463.4	50.0	.0	.0	
78.5	64.5	15.5	165.0	662.3	31.0	.0	.0	
78.5	63.1	16.1	175.0	711.0	3.0	.0	.0	
76.0	63.1	11.5	181.3	657.4	16.0	.0	.0	
72.3	65.3	10.1	162.5	307.3	79.0	14.0	.0	
77.3	65.0	10.4	157.5	641.9	42.0	.0	.0	
78.9	66.2	6.8	183.8	562.7	35.0	.0	.0	
73.9	65.0	7.8	170.0	429.4	58.0	65.0	.0	
77.3	64.2	8.5	183.8	626.2	25.0	.0	.0	
78.4	65.0	12.3	173.8	655.2	8.0	.0	.0	
82.6	66.9	14.4	168.8	670.6	7.0	.0	.0	
80.2	65.4	11.5	201.3	609.7	79.0	.0	.0	
79.4	65.1	10.1	185.0	653.6	8.0	.0	.0	
81.2	65.4	10.2	177.5	649.8	3.0	.0	.0	
   8    31    1976
82.6	62.4	9.7	182.5	667.5	2.0	.0	.0	
83.5	65.0	10.7	137.5	594.6	41.0	.0	.0	
79.0	65.1	10.5	111.3	503.2	60.0	1.0	.0	
82.2	64.8	12.9	181.3	597.3	13.0	.0	.0	
84.5	64.2	13.9	191.3	688.4	7.0	.0	.0	
85.1	64.5	9.1	170.0	615.4	22.0	.0	.0	
84.6	62.0	8.5	175.0	643.0	9.0	.0	.0	
84.4	59.1	10.5	198.8	660.9	2.0	.0	.0	
85.8	59.8	11.4	186.3	661.2	4.0	.0	.0	
87.8	61.1	10.1	163.8	676.7	2.0	.0	.0	
85.6	61.7	10.7	175.0	620.6	4.0	.0	.0	
82.8	59.0	11.0	181.3	664.8	2.0	.0	.0	
83.6	59.1	11.1	181.3	658.1	2.0	.0	.0	
84.7	61.5	12.7	163.8	615.5	10.0	.0	.0	
84.0	62.0	13.7	162.5	600.1	9.0	.0	.0	
83.8	63.0	13.0	163.8	614.7	6.0	.0	.0	
81.9	60.9	9.7	176.3	574.6	16.0	.0	.0	
80.0	57.9	8.0	115.0	540.3	29.0	1.0	.0	
81.0	54.5	8.8	112.5	621.6	27.0	.0	.0	
80.1	54.6	9.9	167.5	559.2	35.0	.0	.0	
80.0	52.9	9.1	182.5	510.8	41.0	.0	.0	
79.6	51.1	7.4	142.5	549.3	23.0	.0	.0	
82.1	51.9	7.5	182.5	584.2	15.0	.0	.0	
77.1	55.4	9.7	187.5	453.6	63.0	42.0	.0	
74.2	60.5	7.7	175.0	376.7	50.0	.0	.0	
78.3	61.8	9.3	196.3	595.1	9.0	.0	.0	
81.7	61.5	9.9	176.3	572.0	18.0	.0	.0	
78.0	61.5	7.6	110.0	466.0	68.0	.0	.0	
73.1	62.8	8.7	136.3	306.3	72.0	1.0	.0	
69.5	65.2	7.2	127.5	283.6	83.0	100.0	.0	
73.2	67.0	7.4	191.3	320.8	75.0	2.0	.0	
   9    30    1976
68.9	64.6	6.8	198.8	274.5	71.0	3.0	.0	
73.5	64.7	6.0	227.5	371.4	88.0	.0	.0	
77.7	67.4	10.1	197.5	501.8	57.0	.0	.0	
80.4	67.0	8.5	158.8	498.1	27.0	.0	.0	
81.4	64.3	10.3	156.3	514.9	30.0	.0	.0	
79.1	63.0	11.9	126.3	452.1	64.0	.0	.0	
74.8	65.7	10.1	140.0	333.7	93.0	24.0	.0	
76.1	67.9	8.5	143.8	232.9	96.0	1.0	.0	
63.8	60.6	11.9	317.5	297.7	98.0	10.0	.0	
67.6	55.0	7.2	133.8	535.7	85.0	.0	.0	
75.3	61.5	13.0	181.3	522.9	58.0	.0	.0	
79.0	66.0	17.3	167.5	557.9	20.0	.0	.0	
77.1	66.2	11.9	138.8	341.8	68.0	.0	.0	
77.4	64.8	7.5	142.5	519.9	25.0	.0	.0	
78.1	62.9	8.1	163.8	551.2	28.0	.0	.0	
78.1	62.7	8.2	160.0	483.2	39.0	.0	.0	
77.9	63.7	10.8	193.8	497.5	52.0	.0	.0	
70.9	66.0	6.9	213.8	226.0	95.0	22.0	.0	
71.1	67.1	8.5	150.0	266.5	98.0	131.0	.0	
66.5	62.4	12.7	177.5	229.9	91.0	185.0	.0	
65.4	55.2	8.4	262.5	557.1	19.0	.0	.0	
68.1	54.8	8.2	185.0	552.1	45.0	.0	.0	
72.2	58.3	10.9	182.5	458.6	44.0	.0	.0	
76.2	61.9	7.4	162.5	496.0	85.0	.0	.0	
77.2	65.2	12.4	177.5	449.2	82.0	.0	.0	
75.5	65.1	11.6	211.3	396.8	55.0	.0	.0	
67.1	59.6	11.7	125.0	266.1	83.0	21.0	.0	
56.3	51.9	12.4	282.5	239.2	98.0	.0	.0	
62.8	53.8	5.0	133.8	475.0	27.0	.0	.0	
68.8	54.4	6.5	223.8	523.8	3.0	.0	.0	
  10    31    1976
70.2	54.5	7.8	210.0	478.8	42.0	.0	.0	
70.5	56.0	8.9	171.3	218.2	88.0	.0	.0	
74.5	60.5	13.5	181.3	479.1	17.0	.0	.0	
65.8	60.4	10.6	193.8	207.6	72.0	90.0	.0	
58.3	47.4	13.1	251.3	480.0	21.0	.0	.0	
56.9	45.1	11.7	136.3	415.1	71.0	.0	.0	
47.0	43.5	14.0	192.5	198.3	98.0	69.0	.0	
47.1	39.0	10.2	275.0	489.6	12.0	.0	.0	
59.4	45.9	6.8	198.8	496.6	2.0	.0	.0	
65.0	47.7	8.3	198.8	475.6	2.0	.0	.0	
65.1	46.7	12.0	181.3	486.4	2.0	.0	.0	
65.3	51.8	13.4	168.8	449.7	2.0	.0	.0	
63.8	53.4	5.2	256.3	429.7	9.0	.0	.0	
65.4	55.8	8.9	185.0	395.8	35.0	.0	.0	
57.9	52.8	13.3	261.3	205.1	98.0	93.0	.0	
51.5	41.2	13.4	228.8	312.7	88.0	4.0	.0	
52.2	39.1	6.8	88.8	451.4	22.0	.0	.0	
58.5	48.8	17.2	211.3	397.3	57.0	.0	.0	
45.1	34.4	14.3	263.8	431.2	42.0	2.0	.0	
48.1	34.7	7.2	147.5	432.3	18.0	.0	.0	
53.6	36.5	12.1	173.8	324.7	53.0	.0	.0	
58.3	49.0	17.2	171.3	249.5	63.0	.0	.0	
67.1	60.0	17.9	188.8	196.7	98.0	.0	.0	
58.5	53.0	11.7	277.5	195.4	97.0	23.0	.0	
48.2	40.1	8.2	245.0	437.6	9.0	.0	.0	
50.8	46.7	16.6	158.8	187.0	70.0	.0	.0	
47.0	43.1	12.4	53.8	169.4	98.0	99.0	.0	
40.8	37.8	11.5	62.5	196.5	98.0	107.0	.0	
39.8	36.5	9.1	252.5	186.7	94.0	137.0	.0	
48.2	40.9	7.9	205.0	416.7	2.0	.0	.0	
50.3	42.6	5.6	141.3	410.8	2.0	.0	.0	
  11    30    1976
52.1	43.5	7.5	180.0	410.0	2.0	.0	.0	
55.9	45.0	6.8	191.3	398.3	2.0	.0	.0	
52.2	43.3	9.7	277.5	356.1	40.0	.0	.0	
51.0	36.6	7.4	260.0	373.0	31.0	.0	.0	
52.9	40.0	13.4	185.0	390.0	2.0	.0	.0	
59.0	48.3	14.2	198.8	380.4	2.0	.0	.0	
51.0	36.6	10.4	96.3	362.2	5.0	.0	.0	
50.4	37.6	11.1	191.3	392.8	2.0	.0	.0	
59.0	49.3	13.4	203.8	357.0	2.0	.0	.0	
59.1	50.5	8.1	208.8	374.3	3.0	.0	.0	
44.9	39.1	17.3	137.5	155.1	82.0	.0	.0	
32.4	18.1	17.7	67.5	207.3	98.0	21.0	.0	
24.6	21.5	9.1	91.3	210.4	98.0	.0	104.1	
25.6	22.8	7.5	177.5	341.0	31.0	.0	.0	
28.0	24.9	8.5	135.0	155.5	83.0	.0	.0	
32.4	31.1	5.9	188.8	176.6	98.0	.0	.0	
40.7	32.8	7.0	243.8	287.9	73.0	.0	.0	
51.4	38.0	7.0	171.3	257.3	61.0	.0	.0	
55.4	46.9	7.9	186.3	167.1	68.0	.0	.0	
51.4	39.9	8.1	270.0	317.6	11.0	.0	.0	
41.3	26.4	10.0	201.3	149.9	53.0	.0	.0	
41.3	24.6	12.7	163.8	176.4	36.0	.0	.0	
47.5	39.5	10.1	161.3	156.5	66.0	.0	.0	
52.8	47.5	12.8	210.0	276.8	98.0	.0	.0	
57.7	53.6	17.6	195.0	161.6	80.0	1.0	.0	
58.2	40.1	18.1	215.0	339.3	13.0	.0	.0	
28.7	15.0	22.1	272.5	167.2	98.0	.0	.0	
22.3	7.3	14.7	252.5	243.0	59.0	.0	.0	
28.9	11.1	7.9	225.0	336.4	2.0	.0	.0	
36.3	15.1	9.7	201.3	334.4	2.0	.0	.0	
  12    31    1976
37.9	24.9	13.0	246.3	259.1	30.0	.0	.0	
41.2	20.7	7.9	235.0	332.1	2.0	.0	.0	
48.7	23.0	9.4	233.8	327.7	2.0	.0	.0	
39.8	27.1	5.9	208.8	327.2	2.0	.0	.0	
47.0	43.1	7.3	141.3	140.0	87.0	2.0	.0	
34.9	28.6	17.3	347.5	139.8	79.0	.0	.0	
34.0	19.9	9.1	247.5	326.0	2.0	.0	.0	
45.2	25.0	13.3	163.8	312.3	2.0	.0	.0	
51.2	34.1	22.6	180.0	277.6	55.0	.0	.0	
44.9	35.1	16.2	272.5	137.5	91.0	1.0	.0	
33.0	18.5	11.8	285.0	157.3	73.0	.0	.0	
40.1	27.3	6.5	163.8	193.8	65.0	.0	.0	
39.1	31.4	8.2	196.3	146.7	81.0	15.0	.0	
44.7	39.6	6.8	176.3	230.1	64.0	.0	.0	
44.1	38.1	6.1	183.8	283.6	14.0	.0	.0	
43.8	24.3	6.3	227.5	305.5	2.0	.0	.0	
44.6	28.6	7.7	192.5	244.3	47.0	.0	.0	
52.0	46.0	13.8	195.0	278.2	31.0	.0	.0	
53.9	38.3	16.7	230.0	179.7	61.0	.0	.0	
33.2	14.5	14.5	216.3	306.2	13.0	.0	.0	
32.1	11.6	10.3	166.3	296.2	30.0	.0	.0	
38.6	17.9	11.1	238.8	303.3	3.0	.0	.0	
36.1	17.5	7.9	163.8	306.8	2.0	.0	.0	
47.1	36.9	19.6	195.0	202.1	49.0	.0	.0	
40.4	26.6	14.3	273.8	257.5	41.0	.0	.0	
44.1	21.2	10.9	208.8	299.4	38.0	.0	.0	
53.5	20.8	14.6	215.0	265.6	43.0	.0	.0	
43.4	21.7	13.4	225.0	307.6	2.0	.0	.0	
49.1	26.8	14.7	201.3	239.6	44.0	.0	.0	
38.8	14.8	21.6	261.3	252.3	55.0	.0	.0	
19.7	-6.5	9.2	50.0	317.3	3.0	.0	.0	
