   1    31    1965
54.1	41.7	19.5	253.8	183.5	92.0	.0	.0	
33.9	18.7	12.1	53.8	204.2	65.0	.0	.0	
33.2	17.5	13.8	197.5	276.2	10.0	.0	.0	
42.0	26.9	17.2	240.0	239.5	43.0	.0	.0	
49.3	29.9	12.1	253.8	200.8	40.0	.0	.0	
53.5	34.0	14.7	248.8	227.8	44.0	.0	.0	
58.6	40.6	17.0	243.8	226.2	60.0	.0	.0	
44.1	30.6	21.2	140.0	244.4	74.0	6.0	.0	
23.9	15.9	9.9	52.5	271.9	46.0	.0	35.6	
26.6	15.8	9.1	207.5	275.2	23.0	.0	.0	
35.8	22.3	14.8	170.0	225.0	33.0	.0	.0	
34.9	21.3	12.7	213.8	174.2	55.0	.0	.0	
34.5	21.5	13.3	240.0	304.5	15.0	.0	.0	
35.4	22.9	10.1	262.5	262.4	43.0	.0	.0	
43.7	27.9	16.0	182.5	232.3	79.0	.0	.0	
34.2	25.1	10.4	170.0	227.6	43.0	.0	.0	
43.9	25.7	11.8	212.5	294.2	5.0	.0	.0	
39.3	24.4	10.8	226.3	301.9	2.0	.0	.0	
41.9	24.6	13.3	128.8	248.7	68.0	.0	.0	
35.7	25.8	10.8	97.5	282.7	48.0	.0	.0	
43.1	34.4	12.0	201.3	266.7	88.0	.0	.0	
40.0	31.8	21.8	287.5	265.1	65.0	11.0	.0	
31.2	24.4	25.6	333.8	299.4	48.0	.0	55.9	
40.3	22.9	15.6	230.0	290.5	24.0	.0	.0	
40.4	29.4	22.1	295.0	268.9	48.0	2.0	.0	
32.9	17.4	9.8	251.3	326.0	14.0	.0	.0	
32.6	13.5	12.5	252.5	341.7	2.0	.0	.0	
34.9	18.3	12.4	231.3	314.9	37.0	.0	.0	
40.5	22.1	12.7	233.8	219.6	70.0	.0	.0	
34.1	24.0	19.4	143.8	206.3	70.0	.0	.0	
46.6	28.0	28.4	195.0	204.3	64.0	.0	.0	
   2    28    1965
24.7	12.5	14.9	63.8	232.7	40.0	.0	.0	
28.5	9.0	14.6	180.0	345.2	33.0	.0	.0	
31.8	16.3	11.7	151.3	326.6	11.0	.0	.0	
35.9	29.4	17.1	191.3	366.4	18.0	.0	.0	
50.0	38.6	22.0	213.8	333.2	42.0	.0	.0	
51.6	27.1	13.5	240.0	232.1	61.0	.0	.0	
41.9	28.4	17.3	137.5	229.8	90.0	1.0	.0	
25.6	24.4	10.2	148.8	192.2	98.0	.0	71.1	
36.1	31.0	17.0	235.0	360.6	42.0	1.0	.0	
37.7	30.9	13.5	138.8	315.5	43.0	.0	.0	
25.0	18.1	15.0	227.5	264.8	62.0	.0	.0	
24.5	13.5	9.5	143.8	328.0	43.0	.0	.0	
25.4	9.9	12.1	290.0	374.4	12.0	.0	.0	
34.4	12.1	15.7	240.0	334.4	55.0	.0	.0	
28.2	20.0	20.6	171.3	163.0	90.0	.0	.0	
31.5	19.1	8.5	208.8	395.5	36.0	.0	.0	
36.9	19.3	9.5	162.5	398.4	2.0	.0	.0	
43.9	23.9	8.5	205.0	420.9	2.0	.0	.0	
45.9	30.1	6.9	173.8	418.7	2.0	.0	.0	
47.5	26.7	11.2	193.8	436.9	2.0	.0	.0	
32.6	20.4	15.5	130.0	330.2	44.0	.0	.0	
42.7	24.1	24.9	206.3	358.0	65.0	.0	.0	
16.2	8.2	31.2	228.8	207.9	87.0	.0	43.2	
22.5	7.2	18.1	328.8	431.6	10.0	.0	.0	
37.1	14.5	8.5	226.3	445.9	2.0	.0	.0	
48.7	19.2	10.7	206.3	461.9	2.0	.0	.0	
52.6	16.2	13.7	261.3	418.4	41.0	.0	.0	
53.4	27.1	21.3	193.8	273.2	66.0	.0	.0	
   3    31    1965
29.9	22.8	23.1	61.3	193.7	77.0	.0	30.5	
22.4	9.8	19.4	145.0	419.9	48.0	.0	.0	
22.0	3.4	12.5	337.5	392.8	49.0	.0	.0	
29.2	13.0	21.0	333.8	424.1	30.0	.0	.0	
36.0	12.0	19.6	296.3	492.4	2.0	.0	.0	
35.0	14.9	17.9	208.8	405.2	27.0	.0	.0	
37.4	13.9	9.2	258.8	488.1	2.0	.0	.0	
42.1	17.2	11.2	152.5	473.6	28.0	.0	.0	
45.4	20.2	13.8	196.3	331.4	78.0	.0	.0	
39.7	25.5	12.0	130.0	228.0	95.0	.0	.0	
39.2	34.4	11.2	127.5	192.1	98.0	52.0	.0	
38.1	34.7	6.4	92.5	238.7	98.0	.0	.0	
43.2	36.9	12.7	181.3	355.7	68.0	.0	.0	
43.8	31.4	10.9	265.0	443.3	15.0	.0	.0	
48.1	32.4	11.2	156.3	469.8	29.0	.0	.0	
52.6	30.3	25.9	221.3	493.6	34.0	.0	.0	
35.4	19.9	21.2	98.8	345.5	50.0	.0	.0	
15.5	7.5	16.6	36.3	223.4	98.0	.0	.0	
16.3	11.6	11.3	132.5	303.2	98.0	.0	20.3	
24.6	13.5	15.5	210.0	523.8	25.0	.0	.0	
45.1	15.7	18.9	216.3	545.5	15.0	.0	.0	
56.6	15.6	19.6	262.5	452.3	63.0	.0	.0	
25.6	15.5	17.0	52.5	420.4	67.0	.0	.0	
23.3	16.7	13.0	106.3	374.0	79.0	.0	.0	
21.2	14.7	12.2	78.8	239.1	94.0	.0	.0	
38.0	20.5	18.6	196.3	507.2	28.0	.0	.0	
52.8	21.7	17.9	213.8	536.0	31.0	.0	.0	
57.4	22.3	16.6	198.8	407.4	50.0	.0	.0	
37.9	25.0	16.4	42.5	339.3	70.0	.0	.0	
45.8	27.1	10.5	98.8	521.6	42.0	.0	.0	
54.0	41.7	18.5	206.3	523.3	13.0	.0	.0	
   4    30    1965
55.4	48.6	15.6	206.3	362.8	73.0	1.0	.0	
59.1	51.3	14.4	180.0	285.6	90.0	.0	.0	
60.7	27.1	12.7	252.5	606.2	15.0	.0	.0	
64.2	28.5	15.3	205.0	496.0	71.0	.0	.0	
57.2	21.4	20.3	233.8	586.6	39.0	.0	.0	
58.1	15.5	13.3	251.3	569.1	27.0	.0	.0	
62.1	30.7	18.3	230.0	333.9	90.0	.0	.0	
60.6	16.5	11.1	263.8	569.0	54.0	.0	.0	
62.2	33.3	16.3	201.3	287.3	67.0	.0	.0	
61.5	22.1	20.7	258.8	560.1	18.0	.0	.0	
54.9	10.4	22.6	255.0	652.7	2.0	.0	.0	
49.8	24.0	16.9	70.0	582.9	23.0	.0	.0	
58.8	42.1	18.0	146.3	430.3	91.0	.0	.0	
61.6	36.9	17.0	235.0	421.1	58.0	4.0	.0	
53.7	25.0	15.0	262.5	649.9	2.0	.0	.0	
61.5	22.5	19.8	220.0	641.8	6.0	.0	.0	
68.5	18.9	18.6	220.0	598.2	44.0	.0	.0	
56.3	28.6	13.8	107.5	647.2	35.0	.0	.0	
57.6	29.1	9.3	198.8	564.5	44.0	.0	.0	
68.3	32.1	14.1	231.3	623.7	35.0	.0	.0	
69.9	27.5	11.1	212.5	590.3	65.0	.0	.0	
75.4	26.6	14.5	210.0	651.5	6.0	.0	.0	
77.5	28.2	16.9	245.0	575.6	60.0	.0	.0	
53.6	39.2	21.8	195.0	305.1	65.0	.0	.0	
51.7	31.6	15.0	147.5	573.6	68.0	.0	.0	
43.9	35.1	15.5	108.8	245.5	83.0	18.0	.0	
47.5	33.5	10.5	157.5	539.7	46.0	.0	.0	
51.4	33.0	8.1	261.3	571.9	18.0	.0	.0	
59.4	31.1	13.6	232.5	697.8	2.0	.0	.0	
62.6	24.9	16.9	207.5	653.8	2.0	.0	.0	
   5    31    1965
71.2	34.6	18.1	207.5	656.3	6.0	.0	.0	
76.1	35.5	18.5	228.8	669.5	8.0	.0	.0	
68.7	47.9	15.1	176.3	587.7	63.0	11.0	.0	
67.3	56.6	21.0	163.8	431.2	95.0	.0	.0	
69.0	29.2	20.0	237.5	692.6	24.0	.0	.0	
70.7	21.2	18.5	218.8	678.6	5.0	.0	.0	
74.0	41.4	19.0	182.5	482.1	61.0	.0	.0	
65.7	19.8	18.4	261.3	728.3	3.0	.0	.0	
61.0	18.0	14.2	143.8	690.7	13.0	.0	.0	
48.1	38.9	17.3	85.0	261.5	98.0	76.0	.0	
55.2	44.3	6.9	203.8	523.8	80.0	.0	.0	
61.0	54.0	13.1	143.8	345.6	75.0	27.0	.0	
58.8	54.5	13.7	167.5	286.3	89.0	51.0	.0	
62.5	42.5	17.9	268.8	662.6	8.0	.0	.0	
61.3	42.9	13.7	240.0	677.3	19.0	.0	.0	
62.3	45.0	10.8	127.5	624.7	44.0	.0	.0	
68.7	49.2	18.7	215.0	695.8	20.0	.0	.0	
66.2	50.1	18.0	98.8	621.7	51.0	.0	.0	
65.4	51.2	10.8	155.0	577.2	76.0	.0	.0	
73.8	50.9	17.6	177.5	622.9	53.0	.0	.0	
76.6	50.6	16.5	197.5	704.0	9.0	.0	.0	
73.5	55.8	23.9	163.8	535.7	71.0	.0	.0	
71.4	54.3	28.4	158.8	418.8	78.0	.0	.0	
69.8	31.2	20.9	208.8	681.0	38.0	3.0	.0	
73.3	36.4	21.1	222.5	600.4	33.0	.0	.0	
61.5	33.3	13.0	205.0	681.3	10.0	.0	.0	
61.6	44.3	15.8	92.5	610.6	27.0	.0	.0	
62.2	39.9	10.2	75.0	542.8	60.0	.0	.0	
67.6	41.1	10.9	216.3	695.2	14.0	.0	.0	
72.4	47.4	16.6	191.3	589.6	46.0	15.0	.0	
70.2	50.9	17.1	211.3	712.0	19.0	5.0	.0	
   6    30    1965
74.7	46.7	17.9	225.0	697.6	15.0	.0	.0	
71.2	37.9	12.1	167.5	616.4	51.0	16.0	.0	
68.0	58.9	18.7	158.8	429.9	70.0	8.0	.0	
68.2	52.6	18.7	177.5	495.3	69.0	1.0	.0	
61.3	46.1	13.8	332.5	562.1	49.0	.0	.0	
66.3	45.1	11.2	198.8	681.4	24.0	.0	.0	
76.7	48.2	18.3	191.3	583.2	54.0	.0	.0	
75.6	57.1	15.0	175.0	520.0	72.0	4.0	.0	
67.1	59.9	15.0	155.0	322.3	95.0	230.0	.0	
59.5	55.5	12.6	241.3	327.7	98.0	250.0	.0	
63.0	55.6	14.5	173.8	514.2	69.0	60.0	.0	
67.0	58.4	16.6	165.0	529.7	56.0	15.0	.0	
67.1	59.6	11.7	133.8	625.4	29.0	.0	.0	
70.8	61.2	13.7	120.0	626.5	65.0	.0	.0	
66.9	59.0	17.4	162.5	466.6	95.0	52.0	.0	
70.3	62.0	22.1	136.3	618.2	64.0	.0	.0	
71.8	62.3	21.2	138.8	503.8	74.0	.0	.0	
71.3	58.5	15.6	152.5	525.9	63.0	.0	.0	
74.1	54.3	15.0	193.8	674.4	25.0	.0	.0	
76.7	54.4	13.6	240.0	600.8	44.0	4.0	.0	
72.8	55.5	11.5	203.8	509.6	92.0	49.0	.0	
72.7	58.0	14.3	206.3	713.3	37.0	16.0	.0	
75.2	58.9	13.3	181.3	709.5	25.0	.0	.0	
71.9	59.2	14.3	187.5	565.1	63.0	178.0	.0	
65.3	60.6	19.3	137.5	547.8	79.0	188.0	.0	
76.4	60.7	19.6	181.3	729.4	3.0	2.0	.0	
75.1	62.4	24.0	177.5	470.6	51.0	.0	.0	
75.5	59.5	20.2	186.3	640.6	29.0	.0	.0	
77.0	58.0	18.6	195.0	681.4	43.0	.0	.0	
77.3	58.1	15.2	192.5	722.4	30.0	.0	.0	
   7    31    1965
78.7	58.0	16.0	203.8	709.2	7.0	.0	.0	
79.8	56.6	14.6	227.5	690.7	33.0	7.0	.0	
75.7	61.7	10.3	157.5	652.5	48.0	.0	.0	
77.2	59.2	15.3	163.8	703.4	11.0	.0	.0	
81.3	57.5	13.1	201.3	636.3	35.0	.0	.0	
80.8	59.7	15.3	156.3	695.3	23.0	.0	.0	
79.6	56.1	11.2	195.0	666.0	45.0	.0	.0	
82.7	56.0	13.6	220.0	594.7	64.0	.0	.0	
77.4	59.5	10.5	190.0	657.6	30.0	58.0	.0	
79.6	58.7	8.5	187.5	699.9	31.0	.0	.0	
81.9	53.4	16.4	202.5	695.5	7.0	.0	.0	
82.4	50.7	19.2	191.3	721.7	2.0	.0	.0	
80.8	57.4	13.1	211.3	677.0	36.0	18.0	.0	
72.2	63.1	11.4	96.3	460.2	86.0	.0	.0	
74.5	62.6	8.2	122.5	497.2	69.0	.0	.0	
77.6	60.4	10.7	195.0	617.4	57.0	.0	.0	
80.1	55.9	13.4	197.5	639.7	31.0	.0	.0	
82.5	56.5	13.8	195.0	673.1	48.0	.0	.0	
84.6	57.7	17.3	193.8	623.3	65.0	.0	.0	
83.0	53.4	16.6	196.3	650.6	48.0	.0	.0	
80.1	51.5	13.9	188.8	660.5	48.0	.0	.0	
80.2	53.0	13.3	192.5	653.1	6.0	.0	.0	
82.3	51.8	14.5	203.8	709.1	8.0	.0	.0	
81.7	55.4	9.7	127.5	575.6	53.0	.0	.0	
77.9	59.4	12.4	173.8	427.6	72.0	.0	.0	
79.3	61.2	10.8	206.3	641.0	34.0	.0	.0	
78.0	62.2	12.0	177.5	517.2	60.0	.0	.0	
71.3	64.8	12.1	63.8	292.4	98.0	56.0	.0	
71.2	59.4	8.9	85.0	652.0	30.0	.0	.0	
74.0	56.1	9.8	190.0	692.6	11.0	.0	.0	
66.9	61.9	10.5	152.5	275.8	98.0	15.0	.0	
   8    31    1965
70.4	56.4	8.6	96.3	580.1	53.0	.0	.0	
75.2	51.3	7.7	230.0	592.7	46.0	.0	.0	
75.8	52.1	12.1	205.0	584.2	27.0	.0	.0	
77.8	54.2	15.9	210.0	613.6	54.0	.0	.0	
80.1	53.8	14.1	221.3	659.8	33.0	.0	.0	
79.4	58.4	13.8	227.5	584.4	43.0	.0	.0	
76.2	60.9	13.0	221.3	605.3	19.0	.0	.0	
76.4	59.5	8.6	160.0	528.5	60.0	36.0	.0	
76.4	60.1	8.7	203.8	641.9	16.0	1.0	.0	
77.2	57.0	11.9	152.5	643.0	21.0	.0	.0	
76.4	53.5	9.2	178.8	621.7	13.0	.0	.0	
78.9	53.9	11.4	161.3	642.3	6.0	.0	.0	
72.4	51.8	14.1	180.0	441.2	53.0	.0	.0	
67.9	56.0	15.5	166.3	488.1	61.0	.0	.0	
70.0	59.5	14.1	176.3	443.2	43.0	.0	.0	
76.6	62.0	15.8	222.5	605.2	42.0	.0	.0	
80.1	59.6	14.8	192.5	584.1	53.0	.0	.0	
81.1	57.3	13.9	185.0	539.4	44.0	.0	.0	
74.3	61.5	13.1	130.0	472.5	86.0	13.0	.0	
73.8	63.6	11.3	166.3	524.9	78.0	.0	.0	
74.3	61.6	12.2	133.8	536.4	42.0	.0	.0	
68.8	62.4	11.4	136.3	330.6	66.0	120.0	.0	
71.5	64.5	12.2	191.3	567.1	18.0	.0	.0	
76.0	63.0	14.9	211.3	589.0	13.0	.0	.0	
80.7	58.4	14.5	221.3	642.4	2.0	.0	.0	
81.9	57.4	16.4	213.8	579.2	19.0	.0	.0	
77.8	61.0	12.6	191.3	575.7	25.0	1.0	.0	
74.5	63.2	15.2	142.5	538.2	33.0	.0	.0	
77.8	59.5	17.7	202.5	565.9	31.0	.0	.0	
77.7	60.0	16.9	210.0	552.0	43.0	.0	.0	
71.8	62.0	12.8	71.3	459.5	69.0	.0	.0	
   9    30    1965
67.9	50.5	10.0	206.3	568.8	21.0	.0	.0	
73.2	57.5	16.5	201.3	556.9	48.0	.0	.0	
75.9	55.1	14.7	230.0	526.4	67.0	.0	.0	
76.5	43.8	10.3	277.5	620.1	2.0	.0	.0	
75.0	53.5	13.4	150.0	467.0	63.0	.0	.0	
76.6	60.1	16.2	167.5	549.2	16.0	.0	.0	
76.9	58.4	13.6	183.8	534.3	41.0	.0	.0	
77.4	62.0	14.2	190.0	445.5	33.0	.0	.0	
76.5	60.5	10.9	203.8	459.5	29.0	12.0	.0	
72.7	63.2	11.8	92.5	503.2	45.0	.0	.0	
71.6	62.3	11.0	166.3	406.7	93.0	.0	.0	
77.5	59.5	14.8	220.0	452.2	64.0	1.0	.0	
79.9	55.3	13.7	227.5	536.9	11.0	.0	.0	
79.1	48.6	15.4	252.5	527.0	25.0	.0	.0	
71.1	51.1	12.0	206.3	552.1	2.0	.0	.0	
72.7	35.2	19.3	185.0	502.9	51.0	.0	.0	
45.4	44.6	14.5	133.8	228.1	98.0	62.0	.0	
63.6	61.6	19.9	162.5	374.4	89.0	4.0	.0	
65.7	63.6	19.0	155.0	312.7	88.0	.0	.0	
67.9	56.3	21.5	190.0	417.9	58.0	.0	.0	
54.4	42.6	11.4	237.5	529.6	2.0	.0	.0	
60.4	37.4	11.3	151.3	558.1	2.0	.0	.0	
53.4	44.9	15.4	111.3	251.7	68.0	.0	.0	
48.0	42.4	10.5	135.0	251.7	98.0	.0	.0	
62.0	52.1	18.3	196.3	448.3	72.0	.0	.0	
66.5	54.1	16.6	186.3	501.3	30.0	.0	.0	
65.2	54.5	21.1	200.0	363.9	39.0	.0	.0	
68.7	54.9	19.3	191.3	492.7	2.0	.0	.0	
66.7	42.9	22.3	261.3	472.8	8.0	.0	.0	
52.0	28.8	18.3	310.0	502.5	2.0	.0	.0	
  10    31    1965
55.4	27.4	8.3	270.0	510.0	2.0	.0	.0	
60.7	30.5	10.7	207.5	349.7	30.0	.0	.0	
58.2	33.9	11.4	212.5	299.1	57.0	.0	.0	
50.8	44.6	10.7	176.3	202.6	98.0	6.0	.0	
53.9	49.1	14.2	163.8	240.1	90.0	.0	.0	
60.7	40.5	13.1	206.3	465.5	42.0	.0	.0	
65.2	34.5	12.9	153.8	485.2	5.0	.0	.0	
66.8	35.1	10.4	210.0	470.3	23.0	.0	.0	
70.5	32.9	9.2	200.0	489.2	2.0	.0	.0	
71.2	34.9	14.1	190.0	408.1	34.0	.0	.0	
56.2	27.3	21.0	126.3	458.0	12.0	.0	.0	
56.5	30.1	11.2	186.3	398.6	42.0	.0	.0	
63.8	42.8	15.1	196.3	412.4	28.0	.0	.0	
67.6	41.0	10.7	182.5	381.3	65.0	.0	.0	
67.3	41.9	9.2	172.5	452.9	6.0	.0	.0	
68.4	53.0	19.0	170.0	315.2	81.0	.0	.0	
59.5	55.5	20.4	181.3	184.9	98.0	95.0	.0	
54.5	43.3	16.9	215.0	438.6	32.0	1.0	.0	
54.3	43.4	9.4	240.0	439.2	2.0	.0	.0	
52.2	43.1	13.8	236.3	361.9	24.0	.0	.0	
48.5	36.1	10.4	202.5	427.9	2.0	.0	.0	
56.0	36.6	10.1	316.3	417.4	21.0	.0	.0	
58.6	37.7	12.6	217.5	388.7	31.0	.0	.0	
56.3	41.2	13.3	167.5	390.9	2.0	.0	.0	
58.7	37.5	12.9	151.3	414.3	2.0	.0	.0	
53.9	32.6	9.5	180.0	408.4	2.0	.0	.0	
54.1	32.5	11.3	195.0	410.0	2.0	.0	.0	
54.4	31.9	15.9	155.0	385.4	15.0	.0	.0	
56.1	39.2	14.4	172.5	391.8	4.0	.0	.0	
57.3	40.3	12.2	207.5	372.2	13.0	.0	.0	
53.7	35.0	12.7	143.8	385.9	2.0	.0	.0	
  11    30    1965
53.6	37.0	9.5	197.5	371.5	29.0	.0	.0	
55.3	35.2	16.2	210.0	359.3	42.0	.0	.0	
54.7	36.3	12.7	157.5	376.2	16.0	.0	.0	
48.1	38.3	9.4	97.5	294.4	34.0	.0	.0	
50.5	41.5	12.4	196.3	317.9	34.0	.0	.0	
53.2	39.9	14.3	183.8	346.1	38.0	.0	.0	
55.7	47.8	16.3	170.0	243.2	61.0	.0	.0	
50.5	46.6	13.6	170.0	182.3	84.0	7.0	.0	
47.5	43.9	12.6	148.8	191.6	67.0	.0	.0	
51.8	46.4	13.4	186.3	284.7	58.0	.0	.0	
57.3	34.0	15.0	223.8	284.5	48.0	.0	.0	
48.4	25.4	12.0	138.8	336.0	17.0	.0	.0	
50.3	28.3	15.3	165.0	289.2	48.0	.0	.0	
50.1	36.1	12.9	158.8	284.1	63.0	.0	.0	
65.9	24.5	23.0	261.3	225.6	94.0	.0	.0	
56.1	27.9	11.8	95.0	247.1	91.0	.0	.0	
43.0	18.2	18.2	166.3	172.8	95.0	.0	.0	
53.7	30.4	12.0	201.3	290.2	55.0	.0	.0	
52.1	29.3	8.2	206.3	301.8	19.0	.0	.0	
53.1	29.9	7.4	225.0	278.9	43.0	.0	.0	
51.9	28.0	9.2	276.3	165.2	77.0	.0	.0	
47.1	30.1	11.9	141.3	289.3	47.0	.0	.0	
63.5	38.1	19.9	241.3	212.2	81.0	.0	.0	
63.1	38.3	16.7	283.8	174.8	70.0	.0	.0	
64.3	39.0	16.8	232.5	251.3	53.0	.0	.0	
52.1	22.7	21.1	267.5	297.4	18.0	.0	.0	
39.2	13.4	6.6	211.3	205.3	52.0	.0	.0	
39.3	10.8	11.0	210.0	313.3	3.0	.0	.0	
39.9	8.5	8.4	212.5	310.2	2.0	.0	.0	
43.2	9.9	13.4	215.0	277.2	47.0	.0	.0	
  12    31    1965
43.9	25.4	16.7	196.3	191.4	83.0	.0	.0	
41.9	20.5	10.1	292.5	269.7	20.0	.0	.0	
43.2	14.1	8.2	227.5	267.7	16.0	.0	.0	
52.4	13.6	14.1	253.8	287.4	11.0	.0	.0	
51.7	12.7	12.5	151.3	289.2	2.0	.0	.0	
41.9	15.3	9.7	120.0	287.9	4.0	.0	.0	
44.1	18.6	16.4	212.5	265.9	37.0	.0	.0	
51.2	32.5	14.4	206.3	258.4	43.0	.0	.0	
56.2	44.8	17.2	211.3	269.4	58.0	.0	.0	
54.8	47.8	19.3	203.8	199.1	65.0	13.0	.0	
50.8	35.5	17.8	253.8	249.2	27.0	.0	.0	
42.6	30.4	10.7	235.0	277.0	2.0	.0	.0	
40.5	32.2	13.4	166.3	205.4	48.0	.0	.0	
33.1	26.2	17.3	201.3	126.6	78.0	.0	.0	
25.2	17.4	9.5	117.5	142.6	98.0	.0	17.8	
31.9	20.1	9.5	207.5	284.1	39.0	.0	.0	
33.6	25.8	13.3	155.0	149.0	70.0	3.0	.0	
31.0	25.8	13.0	301.3	136.2	85.0	.0	2.5	
32.6	12.1	9.5	285.0	277.1	2.0	.0	.0	
37.5	12.0	9.1	265.0	288.7	2.0	.0	.0	
36.0	10.1	9.1	256.3	270.4	16.0	.0	.0	
46.3	21.9	17.3	210.0	153.8	71.0	.0	.0	
48.9	39.6	19.9	152.5	144.5	95.0	7.0	.0	
28.7	18.1	18.6	296.3	263.3	39.0	.0	17.8	
37.4	18.1	17.1	205.0	283.7	2.0	.0	.0	
34.7	19.2	16.3	121.3	226.4	62.0	.0	.0	
27.2	23.4	13.7	115.0	120.9	98.0	.0	.0	
37.6	29.7	21.3	217.5	252.8	44.0	.0	.0	
50.2	27.6	19.4	236.3	262.1	5.0	.0	.0	
54.5	37.9	18.3	233.8	152.7	68.0	.0	.0	
50.3	35.3	10.0	223.8	188.8	67.0	.0	.0	
