01	31	2004
70.7	67.6	10.3	139.2	313.9	100.0	0	0.0
72.2	68.5	13.2	159.4	314.6	100.0	0	0.0
72.4	69.2	16.6	151.5	315.4	100.0	0	0.0
73.6	69.9	14.1	148.5	316.4	100.0	0	0.0
59.2	54.0	11.8	185.7	317.3	100.0	2	0.0
46.3	37.3	14.9	342.5	318.4	100.0	2	0.0
44.7	40.2	13.4	332.6	319.5	100.0	8	0.0
52.6	52.0	5.0	244.4	320.7	100.0	7	0.0
56.7	52.8	8.4	245.8	322.0	100.0	1	0.0
54.3	47.4	8.2	237.8	323.4	100.0	0	0.0
56.3	47.9	6.1	130.1	324.8	100.0	0	0.0
63.7	57.1	7.1	102.8	289.0	100.0	0	0.0
68.8	62.5	7.2	113.3	327.9	100.0	0	0.0
68.4	63.7	6.7	110.2	281.5	100.0	0	0.0
70.2	67.6	10.8	126.2	331.2	100.0	0	0.0
68.4	67.6	10.7	136.5	333.0	100.0	68	0.0
68.2	60.6	5.7	159.6	334.9	100.0	10	0.0
60.7	42.9	13.0	327.0	336.8	100.0	0	0.0
49.2	35.8	8.3	211.2	247.2	100.0	0	0.0
55.7	47.0	5.4	65.9	340.9	100.0	0	0.0
64.5	61.1	7.8	75.0	343.0	100.0	17	0.0
64.6	63.2	9.3	94.3	339.1	100.0	9	0.0
65.4	64.7	5.4	143.3	347.6	100.0	15	0.0
68.2	65.1	15.3	165.1	350.0	100.0	2	0.0
68.9	62.5	7.6	127.3	352.4	100.0	0	0.0
65.2	52.2	9.1	177.7	354.9	100.0	1	0.0
53.6	39.1	8.8	130.0	357.5	100.0	0	0.0
58.4	50.1	9.2	92.7	360.1	100.0	0	0.0
65.8	62.5	9.2	149.6	326.3	100.0	8	0.0
59.5	56.7	8.1	210.7	365.6	100.0	0	0.0
57.7	52.2	6.2	169.7	368.4	100.0	0	0.0
02	29	2004
65.3	61.4	9.9	131.2	248.1	100.0	0	0.0
62.4	56.6	9.4	103.2	329.2	100.0	0	0.0
60.1	52.9	10.0	140.7	347.4	100.0	0	0.0
70.9	65.8	20.7	153.8	371.3	100.0	2	0.0
65.6	58.2	11.8	201.5	383.1	100.0	0	0.0
55.8	50.1	8.8	128.3	386.1	100.0	0	0.0
55.8	42.0	6.7	131.7	389.2	100.0	0	0.0
65.1	54.7	14.2	132.1	392.4	100.0	0	0.0
68.2	64.5	11.2	143.2	395.6	100.0	0	0.0
69.5	67.9	9.6	168.2	398.8	100.0	1	0.0
55.4	53.5	8.6	307.5	402.0	100.0	3	0.0
50.9	38.6	12.7	341.7	405.3	100.0	1	0.0
46.1	43.8	10.9	283.1	408.6	100.0	54	0.0
50.1	38.5	12.2	287.3	411.9	100.0	2	0.0
51.9	41.2	7.8	137.1	371.1	100.0	0	0.0
57.9	47.5	5.4	136.3	418.6	100.0	0	0.0
59.6	50.7	4.0	72.4	422.0	100.0	1	0.0
59.9	49.9	6.5	87.9	408.2	100.0	0	0.0
65.7	56.9	18.5	161.3	428.9	100.0	0	0.0
69.6	60.6	13.0	154.8	432.3	100.0	0	0.0
67.5	63.5	8.2	86.2	435.8	100.0	0	0.0
68.4	64.4	8.0	110.0	439.3	100.0	0	0.0
69.1	64.5	5.4	111.6	442.7	100.0	0	0.0
67.4	61.1	8.1	122.3	446.2	100.0	0	0.0
59.3	40.9	16.6	279.6	449.7	100.0	0	0.0
51.8	38.4	7.8	215.4	453.2	100.0	0	0.0
57.1	46.2	9.1	99.0	456.7	100.0	0	0.0
66.6	57.4	17.7	135.0	460.2	100.0	0	0.0
71.5	64.3	18.6	148.1	463.8	100.0	0	0.0
03	31	2004
71.6	66.1	10.0	132.5	467.4	100.0	0	0.0
73.2	67.3	12.3	134.3	471.0	100.0	0	0.0
73.8	69.1	18.2	140.5	474.6	100.0	0	0.0
73.7	69.7	21.2	154.9	478.2	100.0	0	0.0
74.2	67.3	9.7	137.2	481.8	100.0	0	0.0
68.8	57.7	8.6	82.3	464.3	100.0	0	0.0
69.0	64.0	5.8	45.6	488.9	100.0	0	0.0
66.8	58.8	9.5	57.8	492.5	100.0	0	0.0
64.9	55.5	5.6	103.5	496.0	100.0	0	0.0
65.2	52.2	9.3	96.5	499.5	100.0	0	0.0
68.9	60.5	13.2	115.5	487.3	100.0	0	0.0
68.8	59.8	13.0	114.4	506.6	100.0	0	0.0
70.4	63.7	13.8	125.5	510.0	100.0	0	0.0
72.5	68.1	11.3	109.1	513.5	100.0	10	0.0
67.8	64.9	10.8	92.4	516.9	100.0	306	0.0
69.2	64.1	5.5	69.5	520.4	100.0	0	0.0
69.9	64.8	10.0	145.3	523.7	100.0	0	0.0
73.7	67.7	13.6	141.0	527.1	100.0	0	0.0
76.3	70.1	15.0	126.8	530.5	100.0	0	0.0
73.5	67.7	12.4	121.6	533.8	100.0	0	0.0
70.0	62.0	6.8	58.9	537.0	100.0	0	0.0
68.5	60.4	7.7	71.2	516.3	100.0	0	0.0
69.5	64.4	11.2	118.9	543.5	100.0	17	0.0
72.9	64.7	14.3	140.3	546.7	100.0	0	0.0
75.2	67.8	14.7	136.3	549.9	100.0	0	0.0
76.0	67.5	16.8	136.4	495.8	100.0	0	0.0
75.3	66.1	17.9	143.0	486.0	100.0	0	0.0
74.9	67.6	12.6	128.0	559.1	100.0	0	0.0
74.2	68.6	9.1	91.9	562.1	100.0	0	0.0
70.3	58.6	6.9	127.7	565.1	100.0	0	0.0
69.5	55.8	5.8	103.7	545.6	100.0	0	0.0
04	30	2004
72.2	62.6	13.2	145.0	571.0	100.0	0	0.0
74.8	67.0	13.4	127.6	573.8	100.0	0	0.0
75.1	69.3	10.6	106.5	576.7	100.0	0	0.0
75.9	69.3	13.6	112.7	579.4	100.0	0	0.0
71.8	65.2	11.7	86.3	331.6	100.0	108	0.0
77.4	71.0	9.3	161.9	584.9	100.0	0	0.0
76.4	70.6	4.8	84.2	587.5	100.0	0	0.0
72.9	68.3	5.9	58.3	515.9	100.0	2	0.0
74.1	69.4	7.6	103.8	463.9	100.0	0	0.0
77.5	72.2	10.9	140.9	474.9	100.0	0	0.0
63.4	58.5	13.9	292.5	454.4	100.0	25	0.0
62.2	46.1	12.9	328.1	491.1	100.0	0	0.0
62.6	46.9	7.5	205.2	521.9	100.0	0	0.0
64.0	53.1	7.7	89.8	605.0	100.0	0	0.0
69.5	58.8	12.0	144.0	607.3	100.0	0	0.0
71.3	61.1	13.5	143.8	609.6	100.0	0	0.0
72.9	65.2	14.9	135.1	611.8	100.0	0	0.0
75.3	64.9	16.8	142.4	614.0	100.0	0	0.0
74.7	65.8	15.5	141.4	534.4	100.0	0	0.0
75.6	66.5	19.0	156.1	618.2	100.0	0	0.0
76.4	69.0	17.1	153.5	620.3	100.0	0	0.0
77.4	71.2	14.2	143.7	622.3	100.0	0	0.0
78.9	72.9	14.8	139.2	624.2	100.0	0	0.0
80.4	74.1	11.9	126.8	626.1	100.0	1	0.0
78.8	72.8	8.5	132.9	628.0	100.0	3	0.0
73.9	70.1	10.7	67.4	629.9	100.0	58	0.0
72.9	63.9	8.3	171.0	631.7	100.0	0	0.0
74.5	64.3	12.8	136.2	633.4	100.0	0	0.0
78.3	71.5	13.5	141.5	635.2	100.0	0	0.0
79.2	73.4	12.4	149.0	637.0	100.0	0	0.0
05	31	2004
73.4	67.9	14.0	211.3	638.7	100.0	46	0.0
65.3	50.5	12.3	230.4	640.4	100.0	0	0.0
67.0	53.4	5.3	125.8	642.0	100.0	0	0.0
70.2	59.6	7.4	97.0	560.4	100.0	0	0.0
74.0	65.0	10.5	129.0	577.6	100.0	0	0.0
76.6	67.2	11.3	132.6	646.6	100.0	0	0.0
76.2	70.4	10.6	117.6	648.1	100.0	0	0.0
71.3	67.7	8.1	113.6	649.6	100.0	300	0.0
74.8	70.6	9.1	102.4	651.1	100.0	2	0.0
77.9	72.3	12.4	132.9	652.5	100.0	0	0.0
80.4	73.3	17.0	143.3	653.9	100.0	1	0.0
81.8	74.6	17.6	148.6	655.2	100.0	0	0.0
81.5	75.2	15.2	132.1	656.5	100.0	0	0.0
75.6	67.5	9.9	84.7	657.8	100.0	11	0.0
74.7	67.2	6.7	99.1	592.0	100.0	0	0.0
75.5	67.7	5.3	128.0	660.2	100.0	1	0.0
80.5	72.1	13.2	143.1	661.3	100.0	0	0.0
80.2	72.6	11.6	137.1	662.4	100.0	0	0.0
80.4	71.8	11.2	133.0	661.7	100.0	0	0.0
80.2	71.7	13.0	137.1	664.5	100.0	0	0.0
80.8	70.5	13.2	140.0	665.5	100.0	0	0.0
80.8	71.9	15.7	149.4	666.5	100.0	0	0.0
80.7	71.6	14.9	148.5	667.4	100.0	0	0.0
81.1	72.4	14.6	148.3	668.3	100.0	0	0.0
82.5	72.9	17.9	150.8	669.2	100.0	0	0.0
82.5	72.9	17.2	150.6	670.0	100.0	0	0.0
83.6	73.8	17.9	157.1	670.8	100.0	0	0.0
83.1	75.0	12.2	136.0	671.6	100.0	0	0.0
83.4	77.0	18.0	154.6	567.4	100.0	0	0.0
86.1	77.4	18.7	158.3	673.0	100.0	0	0.0
86.4	75.5	14.4	166.9	673.7	100.0	0	0.0
06	30	2004
85.7	77.5	12.0	158.2	674.3	100.0	0	0.0
85.5	77.5	14.4	147.2	595.8	100.0	0	0.0
84.5	76.2	10.0	109.0	675.5	100.0	0	0.0
84.6	75.4	8.7	130.5	676.0	100.0	0	0.0
83.6	72.8	12.5	159.4	676.5	100.0	0	0.0
83.9	73.9	14.9	146.5	677.0	100.0	0	0.0
79.2	74.5	12.7	146.7	677.4	100.0	62	0.0
79.6	75.0	15.3	143.3	677.8	100.0	50	0.0
81.7	75.8	14.1	141.9	678.2	100.0	0	0.0
83.6	76.7	13.2	138.5	678.6	100.0	0	0.0
84.0	75.9	15.3	147.1	678.9	100.0	0	0.0
83.5	74.8	12.4	134.3	679.2	100.0	0	0.0
82.5	75.1	6.3	112.9	626.1	100.0	0	0.0
83.0	74.3	5.6	75.9	626.5	100.0	0	0.0
84.4	75.6	10.2	139.4	679.9	100.0	0	0.0
85.5	77.8	13.9	148.1	680.1	100.0	0	0.0
85.9	76.7	12.5	139.9	680.2	100.0	0	0.0
83.9	73.6	10.2	145.8	680.4	100.0	0	0.0
83.2	74.1	6.7	110.6	680.5	100.0	0	0.0
84.5	74.5	8.3	123.5	680.5	100.0	0	0.0
84.8	74.6	15.6	159.6	680.6	100.0	0	0.0
84.5	75.6	16.0	145.4	680.6	100.0	31	0.0
78.4	73.0	5.8	189.0	645.2	100.0	32	0.0
84.6	75.8	10.0	174.6	680.5	100.0	0	0.0
84.7	76.1	13.9	181.2	680.5	100.0	30	0.0
80.2	73.4	6.6	111.9	680.4	100.0	30	0.0
84.8	76.6	12.5	151.9	680.2	100.0	0	0.0
84.7	76.5	10.8	139.4	680.1	100.0	0	0.0
84.9	75.5	11.9	140.0	679.9	100.0	0	0.0
84.9	75.6	11.7	141.2	679.7	100.0	0	0.0
07	31	2004
83.3	76.5	10.0	126.6	679.4	100.0	15	0.0
84.1	75.7	12.2	154.6	679.2	100.0	0	0.0
84.8	75.8	13.3	155.0	678.9	100.0	0	0.0
84.2	74.4	12.2	150.2	678.5	100.0	0	0.0
85.1	75.5	11.7	139.5	678.2	100.0	0	0.0
86.1	76.6	14.2	155.8	677.8	100.0	0	0.0
85.8	75.8	14.0	150.4	598.6	100.0	0	0.0
85.0	75.6	13.8	152.0	592.0	100.0	0	0.0
85.7	75.2	12.9	142.9	676.5	100.0	0	0.0
85.4	73.2	11.2	133.3	676.0	100.0	0	0.0
78.4	71.0	5.3	78.8	675.4	100.0	2	0.0
83.1	74.6	8.5	109.4	674.9	100.0	3	0.0
84.1	73.4	6.2	104.1	674.3	100.0	1	0.0
83.3	72.7	5.6	92.1	673.6	100.0	0	0.0
83.3	72.9	7.0	115.0	673.0	100.0	0	0.0
84.9	73.3	9.7	146.7	672.3	100.0	0	0.0
85.8	74.7	12.0	161.5	671.6	100.0	0	0.0
86.4	73.8	10.8	161.7	669.9	100.0	0	0.0
85.6	74.4	8.9	158.5	670.0	100.0	0	0.0
86.3	74.6	10.3	152.9	669.2	100.0	0	0.0
86.0	75.6	11.4	132.2	668.4	100.0	0	0.0
86.9	76.0	13.6	140.0	667.5	100.0	0	0.0
85.5	74.1	10.1	139.9	666.5	100.0	0	0.0
86.5	74.7	7.9	97.3	665.6	100.0	0	0.0
86.3	75.2	6.6	60.7	664.6	100.0	0	0.0
85.9	74.3	6.7	92.2	663.6	100.0	0	0.0
85.6	73.8	6.2	81.0	662.5	100.0	0	0.0
86.5	74.8	13.0	151.7	661.4	100.0	0	0.0
87.8	75.6	13.2	157.4	625.5	100.0	0	0.0
87.4	75.4	9.7	145.4	609.5	100.0	0	0.0
87.5	75.0	7.2	96.5	657.9	100.0	0	0.0
08	31	2004
86.9	76.6	7.9	95.4	656.6	100.0	0	0.0
87.2	77.0	9.0	163.1	655.4	100.0	0	0.0
87.2	76.2	6.6	74.2	654.1	100.0	10	0.0
86.8	75.1	6.7	110.8	652.8	100.0	0	0.0
87.0	76.1	8.0	136.4	651.5	100.0	0	0.0
85.8	74.5	5.5	118.1	650.1	100.0	4	0.0
86.4	73.5	5.7	84.4	648.7	100.0	0	0.0
86.7	74.0	7.2	94.1	594.8	100.0	0	0.0
83.2	75.6	5.8	125.6	645.7	100.0	135	0.0
85.9	75.4	6.0	106.7	644.2	100.0	0	0.0
84.1	76.3	7.0	153.1	581.0	100.0	0	0.0
82.5	70.3	8.6	170.6	641.0	100.0	0	0.0
81.5	66.9	8.1	120.6	639.3	100.0	0	0.0
81.7	67.1	6.7	87.7	637.6	100.0	0	0.0
80.2	64.0	6.6	47.3	635.9	100.0	0	0.0
81.4	68.3	6.2	146.9	634.1	100.0	0	0.0
82.7	71.3	6.1	107.2	632.3	100.0	0	0.0
84.4	73.9	10.4	123.9	630.4	100.0	0	0.0
87.1	74.3	15.2	154.8	628.5	100.0	0	0.0
87.3	75.7	16.9	159.8	576.8	100.0	0	0.0
86.8	74.8	12.5	150.6	624.8	100.0	0	0.0
87.6	75.8	14.5	152.2	622.9	100.0	0	0.0
87.6	75.0	16.3	155.4	539.1	100.0	0	0.0
87.3	74.7	14.5	154.2	618.9	100.0	0	0.0
86.7	75.5	13.2	150.9	535.3	100.0	0	0.0
87.0	74.7	15.5	156.7	614.8	100.0	0	0.0
86.9	74.1	12.9	149.6	612.6	100.0	0	0.0
85.8	73.2	9.6	134.6	610.5	100.0	0	0.0
81.8	73.2	5.2	71.3	608.2	100.0	2	0.0
81.7	73.2	4.4	106.0	606.0	100.0	3	0.0
78.8	72.8	5.2	93.1	603.7	100.0	17	0.0
09	30	2004
78.3	73.4	3.6	66.6	601.3	100.0	3	0.0
77.3	73.6	4.3	104.9	598.9	100.0	41	0.0
78.6	73.5	6.0	87.4	596.5	100.0	44	0.0
82.4	75.4	6.1	83.7	548.5	100.0	2	0.0
83.1	75.5	5.9	97.3	591.5	100.0	0	0.0
82.2	75.3	4.2	75.7	588.9	100.0	0	0.0
81.2	74.5	6.4	194.7	586.3	100.0	21	0.0
81.0	69.7	10.1	229.0	583.7	100.0	0	0.0
79.2	72.1	9.5	240.9	581.0	100.0	5	0.0
81.2	74.4	6.0	136.1	578.3	100.0	28	0.0
82.5	73.6	7.1	138.5	575.5	100.0	0	0.0
82.3	72.3	8.0	183.1	572.7	100.0	0	0.0
80.1	74.2	5.9	184.9	569.9	100.0	1	0.0
82.8	74.6	7.2	108.1	567.0	100.0	0	0.0
82.8	74.2	5.8	86.9	564.1	100.0	0	0.0
81.2	74.2	5.6	87.4	561.1	100.0	19	0.0
81.2	75.3	6.7	90.8	558.2	100.0	4	0.0
80.5	75.2	6.9	92.4	555.1	100.0	30	0.0
81.6	74.1	9.7	105.6	552.1	100.0	40	0.0
80.3	71.0	6.1	78.9	549.0	100.0	0	0.0
80.2	70.3	5.8	80.2	474.9	100.0	4	0.0
80.5	71.8	4.1	68.3	542.7	100.0	0	0.0
79.6	72.0	3.1	30.6	463.7	100.0	7	0.0
80.3	71.4	4.4	103.3	477.4	100.0	0	0.0
78.3	71.9	5.8	191.7	533.1	100.0	3	0.0
78.2	71.0	6.5	146.2	529.8	100.0	0	0.0
78.5	69.3	6.7	197.2	526.5	100.0	0	0.0
78.3	69.6	5.7	161.5	523.2	100.0	0	0.0
78.0	68.1	4.4	95.0	519.8	100.0	0	0.0
79.7	68.9	9.0	111.9	516.5	100.0	0	0.0
10	31	2004
83.9	73.7	12.1	144.6	513.1	100.0	0	0.0
83.1	74.4	9.5	112.4	509.7	100.0	0	0.0
79.9	74.3	6.2	106.9	506.2	100.0	42	0.0
80.5	73.1	6.8	93.1	502.8	100.0	0	0.0
78.0	72.1	5.1	97.6	499.3	100.0	6	0.0
76.0	71.0	5.8	97.5	495.8	100.0	13	0.0
75.7	73.1	3.8	91.2	492.3	100.0	38	0.0
76.5	72.3	8.7	283.6	488.8	100.0	0	0.0
75.9	68.5	7.0	169.0	485.3	100.0	0	0.0
75.5	67.1	5.5	134.8	481.8	100.0	0	0.0
78.6	68.2	6.5	175.0	478.2	100.0	0	0.0
78.1	68.9	6.2	97.2	474.7	100.0	0	0.0
79.0	68.5	10.5	141.9	471.1	100.0	0	0.0
71.6	65.2	8.0	246.1	398.5	100.0	18	0.0
68.1	51.4	5.8	229.8	464.0	100.0	0	0.0
76.9	69.2	10.6	140.7	460.6	100.0	0	0.0
81.7	74.6	13.7	161.0	457.1	100.0	0	0.0
83.1	74.8	17.8	169.8	453.7	100.0	0	0.0
83.3	76.1	13.0	161.5	450.2	100.0	0	0.0
82.3	75.9	9.6	145.0	446.8	100.0	0	0.0
82.0	75.3	11.5	150.6	443.4	100.0	0	0.0
81.8	74.2	14.9	149.8	439.9	100.0	0	0.0
80.6	72.8	9.6	139.8	436.5	100.0	0	0.0
80.5	73.0	11.6	150.9	433.1	100.0	0	0.0
79.3	70.7	11.6	145.8	429.7	100.0	0	0.0
80.2	72.0	11.6	135.4	426.3	100.0	0	0.0
80.4	72.4	11.9	145.7	380.9	100.0	0	0.0
80.5	72.3	11.5	142.3	419.5	100.0	0	0.0
78.9	71.7	11.2	143.5	416.2	100.0	0	0.0
79.1	70.5	11.2	150.6	412.9	100.0	0	0.0
79.6	71.1	15.2	150.2	385.3	100.0	0	0.0
11	30	2004
82.1	73.7	17.2	167.4	406.3	100.0	0	0.0
69.2	51.6	17.5	307.3	403.0	100.0	6	0.0
58.4	39.1	11.7	300.8	399.8	100.0	0	0.0
61.6	45.5	6.2	204.6	396.6	100.0	0	0.0
64.5	49.6	8.2	251.9	393.5	100.0	0	0.0
63.9	50.9	4.4	157.5	390.3	100.0	0	0.0
68.3	58.0	6.0	100.6	387.2	100.0	0	0.0
70.7	58.1	5.9	117.1	384.2	100.0	0	0.0
71.3	57.7	7.8	121.2	381.2	100.0	0	0.0
72.9	61.2	10.9	137.3	378.2	100.0	0	0.0
73.5	65.8	5.7	127.9	375.3	100.0	0	0.0
67.1	55.5	10.3	183.5	372.4	100.0	0	0.0
61.2	54.9	9.4	325.5	369.6	100.0	24	0.0
63.9	59.6	6.8	251.6	366.8	100.0	40	0.0
72.8	67.3	7.3	181.2	364.0	100.0	30	0.0
77.2	70.6	9.0	136.9	361.3	100.0	0	0.0
78.3	69.5	10.9	157.5	358.7	100.0	1	0.0
74.4	69.0	6.1	107.8	356.1	100.0	19	0.0
77.2	70.9	9.2	120.8	353.6	100.0	5	0.0
78.4	71.6	13.7	153.9	351.1	100.0	0	0.0
79.2	71.8	12.6	142.7	348.7	100.0	0	0.0
77.7	70.2	12.8	155.9	346.4	100.0	0	0.0
79.2	71.9	15.6	170.2	344.1	100.0	0	0.0
67.3	44.4	12.3	280.8	341.9	100.0	0	0.0
62.9	51.4	6.8	200.4	339.7	100.0	0	0.0
73.6	65.9	14.1	164.3	337.6	100.0	0	0.0
70.4	55.8	10.0	118.7	335.7	100.0	0	0.0
71.5	63.0	14.0	134.6	333.8	100.0	0	0.0
79.0	72.4	17.1	160.2	332.0	100.0	0	0.0
59.3	52.2	12.7	288.1	330.2	100.0	1	0.0
12	31	2004
60.1	44.8	8.3	261.0	328.6	100.0	0	0.0
65.8	59.6	5.7	186.8	327.0	100.0	2	0.0
65.8	63.4	11.1	177.4	325.4	100.0	44	0.0
61.9	58.4	6.6	257.8	324.0	100.0	0	0.0
72.0	67.0	10.5	129.4	322.6	100.0	0	0.0
76.3	72.0	12.7	164.3	321.3	100.0	0	0.0
70.4	60.8	9.2	124.4	320.0	100.0	1	0.0
72.9	65.7	6.7	188.7	318.9	100.0	0	0.0
71.5	65.2	3.6	153.3	317.8	100.0	0	0.0
69.5	55.9	8.4	161.7	316.8	100.0	0	0.0
62.0	44.3	5.8	191.2	315.9	100.0	0	0.0
69.3	60.3	14.5	173.3	315.0	100.0	0	0.0
65.2	53.8	10.8	275.2	314.2	100.0	0	0.0
52.6	30.7	13.5	270.0	313.5	100.0	0	0.0
55.0	40.7	5.9	173.1	312.9	100.0	0	0.0
61.9	56.3	6.9	264.5	312.4	100.0	20	0.0
56.0	49.1	12.0	326.3	311.9	100.0	0	0.0
58.4	47.1	7.5	271.7	311.5	100.0	0	0.0
57.0	40.1	6.9	179.6	311.2	100.0	0	0.0
59.0	47.3	8.9	136.6	276.5	100.0	0	0.0
70.0	61.6	16.1	177.8	266.0	100.0	0	0.0
67.2	57.0	13.8	182.2	310.8	100.0	0	0.0
42.4	32.2	14.3	336.9	310.8	100.0	1	0.0
34.8	33.4	20.1	326.3	310.9	100.0	32	42.8
37.0	27.7	9.7	241.0	311.1	100.0	9	21.7
46.4	35.1	4.2	162.9	311.4	100.0	0	0.0
57.3	48.7	6.0	127.8	305.2	100.0	0	0.0
64.2	55.1	5.4	99.3	312.2	100.0	0	0.0
64.0	58.0	5.2	74.8	312.7	100.0	0	0.0
67.9	61.8	9.4	142.1	313.3	100.0	0	0.0
70.6	64.4	8.9	128.8	313.9	92.7	0	0.0
