   1    31    1985
53.5	47.5	19.0	43.8	209.0	62.0	35.0	.0	
34.8	32.1	24.0	317.9	95.0	98.0	28.0	.0	
39.6	29.3	15.6	316.3	343.8	23.0	.0	.0	
44.4	34.5	6.6	253.8	354.7	2.0	.0	.0	
47.7	36.9	9.9	212.5	350.9	2.0	.0	.0	
49.4	39.6	7.2	195.0	357.1	2.0	.0	.0	
52.9	44.0	9.0	166.3	333.5	3.0	.0	.0	
56.0	49.3	11.2	87.9	321.0	14.0	.0	.0	
64.4	58.3	17.4	157.9	192.0	48.0	.0	.0	
57.5	48.9	13.6	80.4	146.2	89.0	2.0	.0	
44.7	36.3	18.1	51.7	145.8	98.0	21.0	.0	
32.0	29.5	19.2	80.0	100.9	98.0	69.0	.0	
30.9	29.6	13.0	225.8	96.5	98.0	.0	50.8	
39.8	37.2	10.8	323.3	169.0	98.0	4.0	.0	
49.1	43.3	8.0	158.3	169.4	98.0	.0	.0	
52.1	50.3	11.1	313.8	155.7	98.0	6.0	.0	
49.5	39.9	12.2	300.4	345.9	42.0	.0	.0	
52.0	42.8	8.6	181.7	373.8	7.0	.0	.0	
56.9	49.3	12.1	180.0	358.8	7.0	.0	.0	
35.2	15.9	22.5	141.3	329.0	43.0	.0	.0	
30.4	10.5	11.3	77.1	367.0	17.0	.0	.0	
40.0	22.2	14.9	45.0	148.4	94.0	.0	.0	
44.0	34.1	14.9	130.4	145.7	98.0	.0	.0	
49.0	43.9	8.3	189.6	321.0	60.0	.0	.0	
54.8	48.9	7.1	135.0	292.9	45.0	.0	.0	
54.9	48.6	16.8	62.1	248.5	70.0	16.0	.0	
62.6	59.2	11.8	224.2	246.1	58.0	67.0	.0	
50.7	44.3	13.3	57.9	283.6	41.0	.0	.0	
61.4	59.0	13.2	112.5	162.5	90.0	.0	.0	
66.8	65.3	10.1	170.4	154.2	96.0	.0	.0	
41.3	37.1	21.9	179.6	158.0	98.0	.0	.0	
   2    28    1985
27.0	19.4	19.5	332.1	193.1	97.0	.0	.0	
32.3	19.8	13.6	216.7	419.0	33.0	.0	.0	
37.1	31.2	19.9	38.3	132.2	98.0	.0	.0	
41.5	40.5	13.3	215.4	185.0	98.0	14.0	.0	
43.4	40.5	11.0	190.0	195.2	97.0	.0	.0	
41.6	38.7	8.6	105.8	211.3	94.0	.0	.0	
46.6	37.7	16.1	34.6	226.4	90.0	.0	.0	
49.0	42.1	11.6	61.3	236.1	81.0	.0	.0	
61.9	57.7	12.8	117.1	182.4	96.0	.0	.0	
66.5	64.1	15.4	170.4	186.7	93.0	.0	.0	
49.6	26.7	19.7	224.2	451.5	23.0	.0	.0	
45.5	25.3	8.3	180.0	457.0	6.0	.0	.0	
56.5	47.1	12.0	147.1	340.6	51.0	.0	.0	
53.1	44.6	11.3	111.7	215.1	63.0	27.0	.0	
49.9	34.3	11.7	181.3	478.2	3.0	.0	.0	
56.0	47.2	14.4	146.3	410.7	14.0	.0	.0	
60.5	55.0	11.1	110.0	295.2	41.0	.0	.0	
61.4	57.6	11.8	104.6	331.5	44.0	.0	.0	
63.8	61.2	12.0	96.7	194.7	88.0	.0	.0	
66.6	62.1	15.9	126.7	208.5	89.0	.0	.0	
70.3	64.3	23.1	150.0	272.0	93.0	.0	.0	
70.8	65.7	23.1	154.2	261.7	95.0	.0	.0	
67.6	60.0	15.5	125.0	281.7	85.0	4.0	.0	
56.6	51.1	14.8	114.2	159.8	98.0	110.0	.0	
56.6	49.1	9.1	164.2	351.6	73.0	.0	.0	
59.5	57.0	8.5	94.2	181.8	93.0	1.0	.0	
56.8	53.7	14.4	52.9	165.1	98.0	126.0	.0	
58.4	56.2	12.1	52.9	163.9	98.0	4.0	.0	
   3    31    1985
61.3	59.7	6.9	201.7	228.4	98.0	.0	.0	
67.9	64.5	14.3	146.7	283.3	92.0	.0	.0	
71.1	66.0	24.5	161.7	368.7	88.0	.0	.0	
66.7	54.2	14.8	164.6	268.9	61.0	.0	.0	
59.1	47.0	15.5	50.0	192.1	92.0	.0	.0	
62.4	57.7	16.9	82.1	179.6	98.0	.0	.0	
69.7	65.9	17.5	142.1	279.5	98.0	.0	.0	
71.4	66.8	14.8	142.1	305.4	86.0	.0	.0	
69.7	66.0	11.6	107.9	365.9	76.0	.0	.0	
71.1	66.0	14.4	147.1	284.8	87.0	.0	.0	
73.0	66.6	19.7	165.4	427.4	60.0	.0	.0	
72.5	67.3	17.6	151.7	325.7	79.0	.0	.0	
73.3	67.9	17.5	140.0	353.8	83.0	.0	.0	
61.6	57.4	17.0	155.4	235.6	98.0	18.0	.0	
55.7	53.4	14.6	71.7	156.1	98.0	135.0	.0	
57.2	55.3	12.4	217.9	179.2	98.0	7.0	.0	
58.5	49.0	12.1	308.3	282.1	87.0	.0	.0	
60.0	53.0	6.5	156.7	235.5	98.0	.0	.0	
66.2	61.7	13.5	126.7	257.9	98.0	.0	.0	
68.6	63.2	11.6	197.1	479.9	44.0	22.0	.0	
61.6	48.2	15.1	285.8	534.5	7.0	.0	.0	
62.0	52.5	9.8	140.4	551.5	10.0	.0	.0	
67.6	62.6	7.3	182.9	419.6	47.0	.0	.0	
67.8	63.6	7.1	109.2	457.6	60.0	.0	.0	
69.8	64.1	12.4	129.2	404.1	74.0	.0	.0	
71.1	67.4	17.3	135.8	262.8	82.0	.0	.0	
74.8	68.7	18.8	165.4	374.8	90.0	.0	.0	
73.8	68.6	21.1	166.7	253.8	93.0	.0	.0	
72.7	68.1	22.9	163.8	277.9	98.0	.0	.0	
71.1	58.1	18.8	198.8	407.2	53.0	.0	.0	
60.4	43.3	11.6	95.0	513.8	24.0	.0	.0	
   4    30    1985
63.5	47.6	7.7	161.3	577.5	33.0	.0	.0	
64.2	48.4	7.7	207.5	613.6	6.0	.0	.0	
66.8	55.3	17.4	175.0	625.7	2.0	.0	.0	
71.8	62.6	22.2	164.2	452.9	67.0	.0	.0	
75.3	58.9	15.9	156.7	541.9	45.0	.0	.0	
71.1	60.8	12.0	108.8	541.8	36.0	.0	.0	
72.4	65.4	12.7	94.6	252.0	97.0	.0	.0	
63.7	56.1	16.9	56.3	214.4	98.0	17.0	.0	
63.2	52.5	14.3	68.8	272.6	96.0	2.0	.0	
66.5	64.1	14.4	124.6	180.2	98.0	146.0	.0	
70.0	65.3	9.6	124.6	468.2	67.0	124.0	.0	
69.5	64.8	10.2	126.3	476.1	54.0	13.0	.0	
69.6	65.0	7.0	100.0	441.2	79.0	7.0	.0	
69.3	60.6	8.3	294.2	518.6	47.0	.0	.0	
72.2	60.1	12.7	203.3	652.8	2.0	.0	.0	
72.7	66.6	10.4	167.1	609.7	2.0	.0	.0	
71.9	65.4	11.8	145.8	541.4	34.0	.0	.0	
72.2	65.2	13.9	138.3	516.0	43.0	.0	.0	
73.7	67.1	17.4	147.9	268.6	93.0	.0	.0	
75.4	70.0	18.1	147.1	375.6	92.0	.0	.0	
75.3	70.4	17.6	143.3	221.6	98.0	.0	.0	
76.7	70.8	20.1	167.1	333.1	91.0	.0	.0	
76.5	72.9	12.6	144.6	340.7	79.0	.0	.0	
74.2	60.9	11.4	99.6	554.9	71.0	.0	.0	
71.1	65.5	11.3	133.8	315.7	87.0	38.0	.0	
75.4	71.9	15.3	151.3	274.6	81.0	.0	.0	
76.6	73.3	13.7	139.6	289.6	98.0	.0	.0	
76.3	73.3	14.6	125.0	284.5	98.0	7.0	.0	
76.4	71.5	13.0	131.3	281.3	95.0	.0	.0	
77.4	71.7	13.1	153.3	494.0	51.0	.0	.0	
   5    31    1985
77.6	71.1	6.9	153.3	504.1	45.0	.0	.0	
75.7	60.3	10.2	235.0	323.5	79.0	.0	.0	
73.5	57.5	9.0	109.2	643.1	15.0	.0	.0	
71.7	60.8	9.0	199.6	619.1	7.0	.0	.0	
72.0	60.3	10.1	135.0	611.1	29.0	.0	.0	
74.3	63.6	10.5	130.0	637.9	26.0	.0	.0	
76.3	69.5	11.2	147.1	558.5	44.0	.0	.0	
78.9	70.7	13.5	160.8	585.9	55.0	36.0	.0	
78.9	69.1	9.8	162.1	606.4	43.0	.0	.0	
78.8	71.9	15.1	157.9	550.6	65.0	.0	.0	
78.8	70.7	19.7	158.8	568.7	58.0	.0	.0	
79.9	72.8	18.3	153.3	478.4	71.0	.0	.0	
80.0	73.5	20.2	150.0	408.2	78.0	.0	.0	
77.2	70.1	12.9	98.3	239.0	90.0	.0	.0	
76.7	69.7	11.4	85.8	400.6	68.0	.0	.0	
78.5	72.5	8.5	118.8	432.5	82.0	.0	.0	
76.4	70.5	9.1	118.3	286.3	98.0	45.0	.0	
74.3	65.2	12.1	131.7	595.8	56.0	117.0	.0	
74.5	67.5	8.3	187.9	504.5	40.0	.0	.0	
78.6	72.1	14.7	144.6	395.2	73.0	.0	.0	
72.3	65.9	9.8	206.7	392.1	81.0	70.0	.0	
76.8	70.7	8.9	127.9	620.4	46.0	.0	.0	
79.3	74.7	7.3	112.1	384.2	80.0	.0	.0	
76.8	71.7	6.8	120.8	431.6	77.0	19.0	.0	
76.9	69.2	9.0	130.8	642.7	42.0	.0	.0	
77.2	69.5	11.0	141.3	476.8	57.0	.0	.0	
78.2	71.3	12.7	153.3	585.7	40.0	.0	.0	
78.8	72.3	12.4	154.6	582.9	38.0	.0	.0	
79.7	72.2	14.1	167.9	621.2	26.0	.0	.0	
81.5	71.8	15.3	169.6	645.7	33.0	.0	.0	
81.9	74.2	14.3	169.2	605.5	74.0	.0	.0	
   6    30    1985
80.2	71.9	12.4	148.8	599.5	41.0	.0	.0	
81.0	72.9	15.1	149.2	628.7	40.0	.0	.0	
82.3	73.7	18.9	152.1	508.7	73.0	.0	.0	
81.8	73.9	17.2	145.8	459.0	83.0	.0	.0	
80.7	73.9	16.3	142.5	281.2	93.0	.0	.0	
80.9	73.6	12.7	147.1	492.2	73.0	.0	.0	
81.7	75.1	9.3	154.6	602.5	45.0	.0	.0	
81.2	72.1	9.6	173.3	636.3	13.0	.0	.0	
80.4	71.6	11.2	133.8	628.6	13.0	.0	.0	
81.1	72.6	11.3	143.8	545.1	36.0	.0	.0	
81.8	73.9	10.6	144.2	549.0	35.0	.0	.0	
79.8	70.3	9.0	132.1	555.1	64.0	1.0	.0	
76.5	69.1	10.5	83.3	416.0	82.0	159.0	.0	
79.1	71.2	10.0	103.8	559.0	30.0	.0	.0	
80.3	71.8	8.1	152.9	584.8	24.0	.0	.0	
79.6	71.7	7.8	159.2	534.4	33.0	.0	.0	
80.7	74.0	8.3	157.5	473.9	60.0	.0	.0	
77.8	72.9	10.3	139.6	247.3	92.0	19.0	.0	
75.5	69.9	11.2	106.3	275.5	98.0	73.0	.0	
75.9	70.9	9.6	143.3	313.0	83.0	129.0	.0	
79.1	72.1	12.3	132.1	380.5	81.0	5.0	.0	
82.3	73.5	13.9	143.8	468.6	75.0	.0	.0	
81.5	72.9	12.0	129.2	543.2	64.0	13.0	.0	
81.4	73.1	12.6	140.8	519.1	46.0	.0	.0	
81.1	72.6	12.9	143.3	580.8	32.0	.0	.0	
80.6	72.2	11.5	139.2	603.2	29.0	.0	.0	
79.8	70.9	7.1	141.3	552.9	50.0	.0	.0	
75.6	66.0	10.1	302.5	301.9	85.0	.0	.0	
75.2	57.8	9.8	156.7	683.3	3.0	.0	.0	
76.0	61.5	7.7	174.6	678.6	5.0	.0	.0	
   7    31    1985
78.6	67.7	7.1	106.7	610.9	16.0	.0	.0	
77.4	70.5	7.6	152.5	408.6	73.0	60.0	.0	
79.1	68.9	11.3	145.4	464.2	90.0	.0	.0	
78.3	70.8	7.2	187.1	356.1	83.0	43.0	.0	
78.0	70.3	9.1	145.4	480.2	43.0	.0	.0	
79.4	68.8	7.3	122.5	636.5	15.0	.0	.0	
79.0	69.9	9.5	137.1	560.7	48.0	.0	.0	
79.9	71.9	8.1	119.2	385.3	78.0	1.0	.0	
81.1	71.9	10.3	141.3	624.0	32.0	.0	.0	
81.4	71.2	11.5	153.3	627.5	23.0	.0	.0	
80.1	70.5	9.6	138.3	635.4	13.0	.0	.0	
80.6	70.4	9.5	158.8	616.0	21.0	.0	.0	
81.4	70.4	10.4	134.2	574.4	25.0	.0	.0	
81.4	70.8	11.2	147.9	573.3	30.0	.0	.0	
81.5	70.7	10.8	157.1	446.8	85.0	.0	.0	
81.8	69.4	9.7	158.8	611.3	36.0	.0	.0	
81.3	69.9	9.1	179.6	609.4	32.0	.0	.0	
81.1	70.8	9.6	152.1	579.0	44.0	.0	.0	
81.2	70.2	9.9	133.3	461.0	64.0	.0	.0	
81.7	71.0	10.8	150.4	586.6	32.0	.0	.0	
82.4	71.4	12.0	153.8	594.3	17.0	.0	.0	
82.9	71.0	12.4	160.0	593.6	11.0	.0	.0	
82.7	71.3	12.6	159.6	566.4	15.0	.0	.0	
83.6	71.2	16.0	155.8	588.9	16.0	.0	.0	
84.2	72.4	14.8	148.8	607.5	28.0	.0	.0	
83.0	70.7	11.4	150.4	622.2	13.0	.0	.0	
82.1	69.6	8.7	142.5	597.0	19.0	.0	.0	
81.4	67.8	9.5	159.6	543.6	39.0	.0	.0	
83.3	70.4	10.4	138.3	603.9	21.0	.0	.0	
83.4	70.1	12.7	143.3	591.1	17.0	.0	.0	
83.7	70.6	11.5	148.8	622.6	13.0	.0	.0	
   8    31    1985
83.4	70.6	10.1	153.3	601.0	15.0	.0	.0	
83.3	68.8	8.5	133.8	605.9	25.0	.0	.0	
84.3	70.1	10.0	149.6	588.8	40.0	.0	.0	
83.7	68.9	11.7	148.8	584.8	28.0	.0	.0	
83.8	70.1	13.6	160.4	598.3	16.0	.0	.0	
84.2	69.6	14.6	162.1	636.3	7.0	.0	.0	
84.1	70.4	14.4	163.3	560.3	13.0	.0	.0	
83.4	69.9	14.2	157.1	592.1	9.0	.0	.0	
84.0	69.4	15.8	157.9	615.7	8.0	.0	.0	
83.8	69.7	12.7	150.8	612.5	7.0	.0	.0	
83.1	69.7	10.6	144.2	583.4	19.0	.0	.0	
82.4	70.1	11.3	155.8	502.2	41.0	63.0	.0	
83.6	69.4	14.3	140.8	542.0	34.0	.0	.0	
82.5	69.9	10.0	101.7	566.4	24.0	.0	.0	
83.5	68.3	9.1	135.4	495.2	40.0	.0	.0	
84.7	69.8	14.4	164.2	563.9	20.0	.0	.0	
85.0	70.9	14.6	153.3	512.0	51.0	.0	.0	
85.5	70.3	13.1	163.3	575.9	30.0	.0	.0	
84.6	69.6	11.7	156.3	557.6	13.0	.0	.0	
83.8	68.1	9.8	143.3	558.4	37.0	.0	.0	
83.9	68.6	8.9	137.5	582.9	20.0	.0	.0	
84.0	68.7	10.4	141.7	585.9	18.0	.0	.0	
84.5	68.7	12.5	156.7	574.9	18.0	.0	.0	
84.9	69.2	11.3	150.0	535.2	35.0	.0	.0	
85.3	69.6	7.9	155.0	514.1	64.0	.0	.0	
85.0	68.5	9.0	171.7	560.7	32.0	.0	.0	
83.8	67.0	10.5	81.3	529.7	32.0	.0	.0	
79.6	70.4	13.0	79.6	397.8	73.0	111.0	.0	
77.0	72.9	6.7	152.1	276.8	73.0	114.0	.0	
80.5	73.3	8.1	131.3	478.5	39.0	.0	.0	
81.7	72.8	8.2	174.6	566.4	13.0	.0	.0	
   9    30    1985
82.5	72.8	8.1	186.3	561.8	4.0	.0	.0	
84.6	72.1	12.2	198.3	497.1	40.0	.0	.0	
84.3	73.0	15.3	173.8	564.5	10.0	.0	.0	
84.3	74.4	13.5	152.5	523.1	27.0	.0	.0	
85.4	74.7	17.1	162.1	526.4	36.0	.0	.0	
84.7	74.3	14.9	161.3	421.6	43.0	.0	.0	
84.3	73.5	13.8	157.9	525.2	34.0	.0	.0	
82.0	72.8	9.9	166.7	521.0	30.0	.0	.0	
82.2	71.6	9.9	137.1	502.1	37.0	.0	.0	
80.8	72.5	8.9	110.4	432.4	63.0	.0	.0	
78.7	72.6	10.0	123.3	262.4	74.0	8.0	.0	
80.2	73.3	8.1	112.9	474.6	70.0	20.0	.0	
80.2	72.4	9.2	100.0	408.0	72.0	.0	.0	
81.9	72.2	11.4	109.2	492.9	47.0	.0	.0	
78.2	70.8	14.4	63.8	248.7	82.0	1.0	.0	
78.1	70.5	10.2	82.1	380.8	79.0	89.0	.0	
79.9	73.5	10.0	129.2	374.6	68.0	72.0	.0	
82.0	73.9	12.0	126.7	427.3	50.0	.0	.0	
81.6	72.4	11.3	114.6	474.4	32.0	.0	.0	
80.8	70.1	10.9	103.8	522.5	23.0	.0	.0	
75.9	71.6	7.8	144.6	283.4	60.0	41.0	.0	
79.8	72.6	7.5	110.0	450.7	28.0	.0	.0	
81.5	74.4	8.5	154.2	464.5	28.0	.0	.0	
79.5	70.2	11.0	83.3	473.7	41.0	.0	.0	
80.2	73.2	10.0	164.6	465.8	26.0	.0	.0	
73.3	60.2	13.0	75.4	395.2	60.0	2.0	.0	
75.5	67.6	11.4	132.1	319.2	65.0	.0	.0	
78.7	73.8	11.3	125.0	375.8	65.0	16.0	.0	
77.5	72.2	16.9	132.1	340.6	68.0	530.0	.0	
61.3	53.2	17.6	172.1	287.6	66.0	60.0	.0	
  10    31    1985
62.5	50.9	11.2	158.3	503.7	10.0	.0	.0	
66.7	57.4	7.8	119.6	463.1	12.0	.0	.0	
71.2	63.0	6.1	146.7	373.8	37.0	.0	.0	
75.8	65.6	9.1	150.4	506.1	23.0	.0	.0	
67.6	45.5	12.6	120.8	475.4	21.0	.0	.0	
67.7	55.8	8.5	117.5	492.5	16.0	.0	.0	
73.5	64.8	10.7	141.7	416.7	30.0	.0	.0	
78.8	73.0	15.2	140.0	306.4	62.0	.0	.0	
80.3	74.0	15.9	138.8	329.6	64.0	.0	.0	
81.0	74.0	13.2	145.0	419.5	36.0	.0	.0	
79.7	72.2	12.2	125.0	408.4	41.0	.0	.0	
80.2	73.8	11.4	136.3	349.3	30.0	.0	.0	
80.8	75.5	14.3	147.9	372.0	32.0	7.0	.0	
81.4	75.7	14.6	150.4	311.9	35.0	.0	.0	
73.5	68.4	12.6	109.2	242.3	83.0	105.0	.0	
71.9	67.0	10.6	67.9	258.0	82.0	.0	.0	
79.0	73.7	12.6	125.4	356.6	52.0	49.0	.0	
80.4	75.6	14.7	146.3	298.2	53.0	.0	.0	
79.0	73.7	10.9	115.8	317.4	71.0	4.0	.0	
75.0	70.0	12.1	78.8	257.2	97.0	1.0	.0	
73.8	71.2	10.2	47.9	214.3	98.0	162.0	.0	
75.6	72.4	5.7	132.9	253.0	69.0	12.0	.0	
76.5	72.5	6.5	146.7	348.8	40.0	.0	.0	
77.5	72.9	5.9	99.2	389.7	21.0	.0	.0	
75.9	69.8	11.0	72.1	348.1	50.0	.0	.0	
74.4	65.8	13.1	109.6	352.3	38.0	.0	.0	
72.3	60.1	15.1	303.3	395.8	20.0	.0	.0	
72.1	51.6	21.0	326.7	359.8	50.0	.0	.0	
69.8	55.3	18.5	328.8	424.6	32.0	.0	.0	
67.1	53.9	16.3	324.6	203.3	68.0	.0	.0	
64.7	49.2	10.2	260.8	424.4	10.0	.0	.0	
  11    30    1985
66.6	62.8	13.6	150.8	177.3	83.0	42.0	.0	
56.2	52.0	15.6	302.5	151.0	76.0	38.0	.0	
57.5	44.5	7.6	290.0	423.4	2.0	.0	.0	
60.3	47.6	7.8	199.6	418.7	2.0	.0	.0	
61.2	50.5	7.5	120.0	425.1	2.0	.0	.0	
67.1	59.2	11.6	170.4	342.5	19.0	.0	.0	
65.6	58.5	10.1	52.1	274.0	54.0	.0	.0	
72.8	66.8	14.1	126.3	325.0	38.0	.0	.0	
73.5	68.6	16.3	157.1	257.3	26.0	.0	.0	
76.0	72.6	16.0	151.7	193.6	65.0	.0	.0	
77.5	74.1	18.8	148.8	166.6	90.0	3.0	.0	
76.7	72.2	17.4	149.2	273.8	51.0	.0	.0	
75.3	71.4	13.5	143.3	226.0	66.0	.0	.0	
75.1	72.2	15.8	146.7	193.7	70.0	16.0	.0	
74.1	68.7	14.2	144.2	271.1	65.0	.0	.0	
60.9	57.3	10.5	194.6	174.9	98.0	.0	.0	
71.4	67.6	13.3	159.6	237.1	77.0	.0	.0	
76.5	71.4	19.4	157.9	227.3	75.0	.0	.0	
75.6	70.6	15.1	141.3	187.5	83.0	.0	.0	
56.4	39.3	18.1	207.1	153.1	98.0	.0	.0	
57.8	48.2	8.2	130.4	200.6	85.0	.0	.0	
67.1	60.2	7.0	146.7	236.4	87.0	.0	.0	
74.2	71.0	14.2	142.5	153.0	88.0	2.0	.0	
75.9	72.1	14.9	162.5	230.9	73.0	.0	.0	
75.8	72.1	15.8	155.4	189.2	60.0	.0	.0	
75.4	71.4	17.0	160.8	184.7	73.0	.0	.0	
65.7	63.9	10.9	67.5	140.7	79.0	61.0	.0	
56.5	55.8	11.4	50.8	139.5	98.0	.0	.0	
59.5	58.4	11.5	55.4	175.8	89.0	.0	.0	
72.3	69.5	14.5	145.8	247.9	55.0	.0	.0	
  12    31    1985
60.1	49.5	15.7	129.6	296.5	40.0	.0	.0	
43.0	27.6	14.0	75.0	351.9	13.0	.0	.0	
48.6	39.1	12.1	172.9	146.9	98.0	.0	.0	
57.5	51.8	9.5	305.8	246.3	71.0	.0	.0	
55.8	42.9	14.0	197.5	337.8	2.0	.0	.0	
51.6	42.5	8.4	173.3	363.8	3.0	.0	.0	
60.9	52.1	9.4	126.3	283.3	46.0	.0	.0	
65.6	60.9	8.5	100.4	234.5	72.0	.0	.0	
71.9	66.9	17.0	147.5	188.0	81.0	.0	.0	
73.6	70.3	18.1	149.6	148.1	98.0	10.0	.0	
53.5	50.9	17.8	288.3	129.1	98.0	92.0	.0	
39.5	37.5	14.4	307.1	147.4	98.0	10.0	.0	
41.5	32.1	16.4	246.7	311.8	41.0	.0	.0	
36.4	24.1	9.4	221.7	310.4	18.0	.0	.0	
46.2	39.3	12.6	36.3	246.8	51.0	.0	.0	
54.4	48.7	14.5	132.5	189.1	75.0	.0	.0	
50.0	46.7	16.2	52.1	114.3	98.0	42.0	.0	
52.7	43.9	13.0	121.3	212.1	76.0	7.0	.0	
48.5	43.1	12.0	68.8	330.8	30.0	.0	.0	
54.0	47.1	11.8	53.8	193.5	83.0	.0	.0	
56.2	48.8	10.7	61.3	180.4	80.0	.0	.0	
61.0	56.1	6.8	200.8	138.8	97.0	.0	.0	
59.5	49.7	8.6	195.4	354.0	30.0	.0	.0	
53.8	40.0	12.6	222.1	253.7	49.0	.0	.0	
44.9	30.5	13.8	92.5	361.2	2.0	.0	.0	
49.7	43.5	9.1	109.6	148.0	67.0	.0	.0	
62.9	58.1	8.8	179.2	311.7	41.0	.0	.0	
56.9	53.9	8.8	160.4	137.3	98.0	.0	.0	
57.3	52.8	10.3	53.8	199.8	90.0	.0	.0	
65.1	60.7	9.4	140.4	208.2	65.0	.0	.0	
64.2	55.7	12.9	178.3	200.2	62.0	.0	.0	
