   1    31    1969
39.0	25.3	11.4	66.3	164.1	98.0	.0	.0	
45.1	44.3	10.2	143.8	139.6	98.0	31.0	.0	
49.9	47.8	15.5	310.0	154.6	98.0	.0	.0	
39.6	26.4	13.4	230.0	239.3	72.0	.0	.0	
40.1	27.9	6.2	178.8	368.2	2.0	.0	.0	
51.2	44.4	7.8	158.8	348.5	6.0	.0	.0	
57.0	51.5	8.1	117.5	339.7	30.0	.0	.0	
65.4	59.4	14.4	177.5	346.5	21.0	.0	.0	
50.2	30.1	16.7	185.0	231.1	59.0	.0	.0	
42.5	25.2	14.5	81.3	286.3	58.0	.0	.0	
45.0	29.7	9.8	66.3	314.5	52.0	.0	.0	
51.5	44.3	8.1	62.5	318.0	42.0	.0	.0	
60.4	55.3	9.5	76.3	154.3	98.0	.0	.0	
64.0	58.1	11.4	118.8	150.0	98.0	.0	.0	
67.8	60.4	17.0	152.5	175.7	97.0	.0	.0	
66.9	61.9	5.9	102.5	198.6	73.0	.0	.0	
66.0	63.2	8.7	163.8	214.6	78.0	.0	.0	
64.8	61.1	9.8	53.8	261.7	83.0	.0	.0	
59.0	53.1	11.7	65.0	252.7	90.0	.0	.0	
64.3	58.9	12.7	141.3	163.4	78.0	.0	.0	
64.8	60.0	8.1	181.3	271.4	38.0	.0	.0	
69.3	62.9	14.4	181.3	338.4	43.0	.0	.0	
65.3	57.4	7.8	115.0	297.9	72.0	.0	.0	
51.1	36.5	14.4	35.0	166.5	92.0	.0	.0	
48.1	37.6	10.1	95.0	386.0	41.0	.0	.0	
63.2	58.9	12.1	125.0	168.2	93.0	.0	.0	
68.8	65.3	16.4	162.5	232.7	98.0	1.0	.0	
70.1	67.0	18.6	161.3	176.4	98.0	.0	.0	
71.9	67.9	20.8	161.3	204.3	98.0	.0	.0	
66.2	58.8	15.9	98.8	178.2	98.0	.0	.0	
58.0	56.2	8.2	73.8	168.3	98.0	3.0	.0	
   2    28    1969
66.7	64.4	12.8	156.3	200.2	98.0	1.0	.0	
64.2	61.8	7.5	207.5	171.6	98.0	13.0	.0	
52.5	29.4	12.2	30.0	198.8	98.0	.0	.0	
52.5	41.5	11.1	60.0	203.8	98.0	.0	.0	
63.6	57.3	12.5	158.8	210.6	80.0	.0	.0	
65.8	54.7	7.0	272.5	267.1	97.0	.0	.0	
67.2	63.0	14.5	172.5	191.0	98.0	.0	.0	
62.6	41.3	14.4	246.3	338.6	79.0	.0	.0	
53.7	40.9	12.0	61.3	226.0	82.0	.0	.0	
60.2	53.2	8.7	115.0	272.6	73.0	.0	.0	
63.0	56.4	6.8	108.8	378.9	45.0	.0	.0	
61.9	56.3	12.0	141.3	328.7	63.0	.0	.0	
65.0	61.7	20.5	126.3	156.9	97.0	121.0	.0	
61.0	57.0	11.8	73.8	268.3	78.0	83.0	.0	
56.3	50.0	11.3	173.8	220.8	65.0	.0	.0	
49.6	42.0	10.5	66.3	446.6	35.0	.0	.0	
48.1	45.0	15.6	31.3	173.9	98.0	10.0	.0	
47.7	38.4	10.7	61.3	356.2	63.0	.0	.0	
53.4	51.6	14.0	75.0	185.2	98.0	16.0	.0	
62.5	62.0	13.5	132.5	217.8	98.0	18.0	.0	
64.3	60.4	14.3	211.3	226.3	73.0	30.0	.0	
53.8	48.4	6.9	168.8	387.0	58.0	.0	.0	
60.6	56.9	6.9	91.3	219.7	93.0	.0	.0	
59.6	57.2	5.2	147.5	314.0	93.0	.0	.0	
59.6	54.9	7.2	113.8	285.0	98.0	.0	.0	
63.4	60.6	11.1	126.3	220.5	98.0	.0	.0	
68.3	65.5	7.0	163.8	286.0	79.0	.0	.0	
60.1	40.0	15.0	50.0	380.5	65.0	.0	.0	
   3    31    1969
55.8	45.7	13.7	70.0	226.4	98.0	.0	.0	
57.6	54.1	10.8	145.0	232.2	98.0	10.0	.0	
48.6	39.0	15.9	186.3	202.3	87.0	1.0	.0	
49.7	42.6	13.7	76.3	318.4	89.0	.0	.0	
60.6	57.3	8.9	227.5	228.8	98.0	1.0	.0	
59.1	48.0	10.1	126.3	505.6	42.0	.0	.0	
62.3	55.6	19.3	156.3	243.7	51.0	.0	.0	
61.4	38.6	17.1	185.0	505.4	39.0	.0	.0	
47.2	27.3	13.5	52.5	416.4	63.0	.0	.0	
44.9	29.0	16.9	41.3	216.7	93.0	.0	.0	
43.7	29.1	17.5	35.0	243.7	98.0	.0	.0	
47.9	43.0	11.0	183.8	498.0	44.0	4.0	.0	
54.8	50.5	11.7	102.5	420.9	65.0	.0	.0	
62.2	57.6	17.9	131.3	237.8	86.0	.0	.0	
60.9	57.5	18.2	211.3	240.4	98.0	24.0	.0	
48.8	43.5	19.7	356.3	264.0	98.0	1.0	.0	
55.0	41.1	15.3	320.0	466.4	45.0	.0	.0	
57.6	43.0	10.8	223.8	569.6	2.0	.0	.0	
62.3	52.6	17.3	162.5	582.1	5.0	.0	.0	
64.5	58.8	13.4	132.5	289.0	68.0	.0	.0	
65.5	55.5	11.9	80.0	324.8	94.0	.0	.0	
66.0	62.6	17.2	118.8	237.4	95.0	3.0	.0	
69.1	48.0	16.6	238.8	564.4	42.0	5.0	.0	
62.1	41.0	17.4	248.8	522.1	58.0	.0	.0	
54.6	29.6	14.8	275.0	576.4	33.0	.0	.0	
51.9	32.5	11.9	136.3	511.2	23.0	.0	.0	
59.2	48.1	13.8	148.8	476.9	14.0	.0	.0	
64.6	55.0	17.9	155.0	495.8	31.0	.0	.0	
68.3	62.6	17.1	145.0	281.6	74.0	.0	.0	
66.7	61.1	13.4	122.5	472.5	38.0	.0	.0	
62.6	56.1	11.6	155.0	516.7	43.0	.0	.0	
   4    30    1969
66.6	59.7	16.0	148.8	503.2	54.0	.0	.0	
71.4	64.6	20.3	151.3	430.8	83.0	.0	.0	
72.4	66.3	20.3	140.0	280.1	98.0	.0	.0	
72.7	67.4	16.7	151.3	305.5	93.0	1.0	.0	
73.8	67.0	6.1	98.8	255.0	97.0	.0	.0	
68.4	56.6	11.2	86.3	611.7	18.0	.0	.0	
67.2	62.5	14.5	127.5	311.9	87.0	.0	.0	
74.9	68.2	16.1	136.3	334.2	95.0	.0	.0	
76.3	69.9	15.1	156.3	382.1	94.0	1.0	.0	
74.6	70.4	10.8	127.5	289.9	98.0	.0	.0	
71.3	67.4	15.4	98.8	240.5	98.0	9.0	.0	
73.6	64.6	17.0	235.0	494.1	55.0	204.0	.0	
67.4	57.6	10.7	248.8	565.7	39.0	.0	.0	
66.5	59.2	8.9	126.3	530.4	78.0	.0	.0	
69.5	65.0	11.5	105.0	380.5	90.0	.0	.0	
74.4	69.8	12.8	118.8	336.2	98.0	.0	.0	
71.7	63.7	11.5	238.8	278.1	89.0	1.0	.0	
66.9	49.8	9.4	245.0	659.6	2.0	.0	.0	
69.0	56.0	15.9	126.3	656.2	4.0	.0	.0	
68.7	59.1	13.8	68.8	314.8	65.0	.0	.0	
66.6	57.4	7.9	90.0	554.8	44.0	.0	.0	
66.5	56.4	7.0	118.8	579.1	23.0	.0	.0	
68.4	58.6	7.8	98.8	629.0	5.0	.0	.0	
70.1	61.0	13.0	110.0	541.8	30.0	.0	.0	
71.7	62.8	17.9	142.5	496.7	32.0	.0	.0	
74.2	67.9	21.0	150.0	279.3	88.0	.0	.0	
76.4	69.9	16.2	101.3	447.9	60.0	.0	.0	
69.8	54.1	14.9	46.3	615.1	42.0	.0	.0	
67.9	56.9	11.6	80.0	427.3	85.0	.0	.0	
67.9	62.4	11.4	93.8	257.0	86.0	73.0	.0	
   5    31    1969
69.6	65.9	12.2	78.8	260.3	79.0	.0	.0	
72.5	68.0	11.6	107.5	369.0	89.0	.0	.0	
74.0	69.5	14.1	107.5	248.5	96.0	.0	.0	
76.9	72.1	14.6	115.0	397.2	93.0	.0	.0	
77.6	72.9	16.9	125.0	375.1	94.0	.0	.0	
77.8	73.6	16.0	130.0	324.2	98.0	.0	.0	
79.2	74.1	10.8	112.5	347.9	93.0	.0	.0	
78.5	70.0	8.2	111.3	312.5	98.0	2.0	.0	
69.1	51.8	14.5	156.3	615.2	37.0	.0	.0	
69.6	55.3	10.3	118.8	522.0	68.0	.0	.0	
72.6	59.6	12.5	128.8	586.0	62.0	.0	.0	
72.7	66.0	14.6	146.3	319.8	80.0	67.0	.0	
75.2	64.2	6.9	146.3	592.1	49.0	6.0	.0	
76.8	70.0	10.5	110.0	558.3	63.0	.0	.0	
73.6	66.9	12.4	140.0	414.9	91.0	17.0	.0	
70.1	65.5	8.7	166.3	286.0	78.0	115.0	.0	
71.5	65.9	7.5	232.5	613.8	14.0	.0	.0	
73.5	62.6	7.5	106.3	659.7	10.0	.0	.0	
74.2	65.1	8.1	131.3	635.7	9.0	.0	.0	
74.1	66.2	9.1	120.0	576.2	26.0	.0	.0	
73.7	65.3	6.2	78.8	612.6	27.0	.0	.0	
74.1	65.6	7.2	133.8	543.0	29.0	.0	.0	
75.8	67.0	7.8	108.8	584.0	23.0	.0	.0	
75.3	66.2	7.8	152.5	571.1	37.0	.0	.0	
76.6	66.6	9.3	128.8	586.7	41.0	.0	.0	
76.0	67.4	9.3	133.8	526.0	38.0	.0	.0	
77.6	68.1	9.8	110.0	552.4	32.0	.0	.0	
77.8	67.5	8.5	123.8	624.1	11.0	.0	.0	
76.7	66.6	5.9	145.0	505.3	34.0	.0	.0	
77.8	67.0	7.9	177.5	616.5	11.0	.0	.0	
79.3	69.0	15.1	166.3	639.1	16.0	.0	.0	
   6    30    1969
81.1	71.4	14.7	152.5	628.0	40.0	.0	.0	
77.0	69.8	8.5	126.3	451.8	77.0	.0	.0	
79.7	68.9	12.6	110.0	472.0	85.0	.0	.0	
74.6	68.1	11.8	116.3	464.1	76.0	6.0	.0	
74.6	62.4	10.1	55.0	672.7	17.0	.0	.0	
73.8	63.9	7.1	100.0	620.7	23.0	.0	.0	
77.7	66.0	8.6	112.5	612.2	44.0	.0	.0	
78.1	66.9	10.4	125.0	608.0	15.0	.0	.0	
79.4	67.4	6.8	123.8	586.8	23.0	.0	.0	
79.6	67.2	11.2	157.5	596.1	15.0	.0	.0	
81.6	69.4	15.9	151.3	647.3	13.0	.0	.0	
81.1	70.8	11.5	126.3	608.4	28.0	.0	.0	
82.2	71.5	13.1	127.5	527.5	37.0	.0	.0	
81.9	70.7	8.7	126.3	614.6	20.0	.0	.0	
81.7	70.0	9.2	86.3	602.4	26.0	.0	.0	
80.0	69.0	11.3	83.8	529.6	28.0	.0	.0	
78.5	67.0	8.7	110.0	645.2	8.0	.0	.0	
80.8	69.6	11.5	136.3	638.3	18.0	.0	.0	
83.5	72.5	14.2	158.8	611.0	15.0	.0	.0	
85.6	74.6	14.5	153.8	636.9	15.0	.0	.0	
86.3	76.5	17.6	152.5	551.6	45.0	.0	.0	
87.1	76.2	22.1	153.8	603.5	43.0	.0	.0	
86.2	76.0	23.5	158.8	520.8	83.0	.0	.0	
85.1	76.2	21.3	156.3	420.0	86.0	.0	.0	
85.5	76.0	23.6	156.3	522.4	67.0	.0	.0	
84.9	75.2	21.4	151.3	423.7	73.0	.0	.0	
85.3	74.4	14.8	137.5	494.2	53.0	.0	.0	
84.0	73.7	11.5	118.8	498.9	36.0	7.0	.0	
84.2	73.2	9.9	110.0	557.8	29.0	.0	.0	
83.8	72.6	10.8	123.8	604.9	21.0	.0	.0	
   7    31    1969
83.0	72.5	11.3	118.8	532.6	30.0	.0	.0	
83.4	73.0	9.6	165.0	618.4	26.0	2.0	.0	
83.7	72.0	9.5	120.0	603.1	19.0	.0	.0	
85.1	72.0	12.8	157.5	632.9	15.0	.0	.0	
86.0	72.5	16.3	150.0	610.1	19.0	.0	.0	
86.2	73.2	17.2	152.5	609.3	24.0	1.0	.0	
85.2	73.6	15.0	143.8	611.5	34.0	.0	.0	
86.0	72.6	11.8	138.8	605.7	20.0	.0	.0	
86.3	72.3	11.5	152.5	622.5	14.0	.0	.0	
85.9	72.6	12.4	157.5	536.1	57.0	.0	.0	
85.0	72.5	11.5	166.3	341.6	75.0	.0	.0	
86.8	73.5	16.0	156.3	550.4	47.0	.0	.0	
87.1	73.1	15.6	155.0	609.5	33.0	.0	.0	
87.5	74.0	14.3	151.3	595.8	26.0	.0	.0	
86.7	72.4	13.4	151.3	630.6	16.0	.0	.0	
84.3	71.7	11.7	146.3	408.1	71.0	.0	.0	
85.4	71.5	13.9	181.3	506.8	69.0	.0	.0	
85.1	72.5	11.7	141.3	517.3	35.0	.0	.0	
85.5	70.5	10.1	146.3	609.5	26.0	.0	.0	
84.6	70.6	9.2	157.5	561.4	49.0	.0	.0	
86.2	71.5	12.4	156.3	526.3	39.0	.0	.0	
86.1	73.1	16.4	157.5	558.0	47.0	.0	.0	
87.0	73.8	19.4	160.0	625.3	58.0	.0	.0	
86.2	73.8	17.8	158.8	604.8	38.0	.0	.0	
85.2	73.5	18.7	155.0	582.8	44.0	.0	.0	
85.6	74.5	20.0	156.3	539.1	48.0	.0	.0	
85.5	74.5	20.0	158.8	478.7	67.0	.0	.0	
85.5	72.2	12.8	152.5	483.1	70.0	.0	.0	
85.2	71.5	12.7	160.0	579.3	23.0	.0	.0	
85.3	70.5	13.5	161.3	612.1	9.0	.0	.0	
85.0	72.0	11.8	148.8	557.3	59.0	.0	.0	
   8    31    1969
83.9	74.0	9.7	136.3	403.6	64.0	3.0	.0	
84.4	72.2	9.1	105.0	539.3	23.0	.0	.0	
85.9	71.5	7.5	107.5	624.1	12.0	.0	.0	
85.2	72.3	9.8	93.8	636.0	12.0	.0	.0	
85.4	72.4	12.8	123.8	564.8	34.0	.0	.0	
84.3	73.9	9.1	131.3	499.5	42.0	10.0	.0	
84.9	73.2	11.5	133.8	598.1	28.0	.0	.0	
82.9	72.9	12.9	128.8	413.4	50.0	7.0	.0	
85.5	73.4	14.3	146.3	564.9	25.0	.0	.0	
85.7	72.7	8.9	130.0	625.0	12.0	1.0	.0	
85.5	71.1	13.3	170.0	660.9	4.0	.0	.0	
85.5	71.9	13.4	168.8	626.2	8.0	.0	.0	
86.2	71.6	12.7	158.8	601.6	19.0	.0	.0	
85.6	72.1	12.1	157.5	485.7	35.0	.0	.0	
84.8	69.4	10.0	127.5	528.7	48.0	.0	.0	
86.0	72.1	11.9	165.0	595.0	15.0	.0	.0	
86.2	71.9	11.5	173.8	568.7	21.0	.0	.0	
87.3	73.2	14.9	156.3	636.2	4.0	.0	.0	
86.8	74.4	14.2	128.8	470.7	32.0	.0	.0	
85.8	74.6	12.4	131.3	400.8	49.0	.0	.0	
84.0	74.8	10.9	92.5	534.4	50.0	20.0	.0	
85.4	74.6	10.0	128.8	510.1	34.0	.0	.0	
85.8	72.6	9.6	128.8	509.4	56.0	.0	.0	
83.3	73.1	8.0	162.5	361.7	72.0	.0	.0	
83.0	73.0	8.7	117.5	459.5	75.0	.0	.0	
81.4	73.8	6.8	91.3	263.1	85.0	1.0	.0	
80.8	74.3	9.8	97.5	296.3	87.0	15.0	.0	
78.8	73.4	9.9	123.8	258.0	89.0	65.0	.0	
79.3	74.1	10.3	68.8	284.3	87.0	46.0	.0	
80.0	72.9	12.2	101.3	517.9	56.0	115.0	.0	
81.4	72.7	9.5	82.5	513.5	33.0	.0	.0	
   9    30    1969
81.8	71.9	9.2	148.8	534.9	31.0	.0	.0	
81.2	70.0	7.7	182.5	558.5	13.0	.0	.0	
81.4	70.7	9.3	162.5	520.0	16.0	1.0	.0	
79.6	72.5	7.8	171.3	288.4	51.0	62.0	.0	
82.8	74.8	10.0	140.0	400.8	54.0	.0	.0	
83.3	74.1	11.3	115.0	465.8	31.0	.0	.0	
83.0	73.9	9.7	103.8	484.2	30.0	5.0	.0	
82.9	72.9	8.7	172.5	502.8	20.0	.0	.0	
83.0	72.9	9.0	161.3	535.9	16.0	.0	.0	
81.3	70.8	10.4	120.0	445.5	53.0	38.0	.0	
81.2	66.8	15.5	91.3	451.7	46.0	.0	.0	
76.9	62.7	13.1	68.8	573.2	13.0	.0	.0	
78.4	71.2	10.0	78.8	372.9	46.0	1.0	.0	
82.2	72.1	13.4	140.0	435.8	28.0	.0	.0	
83.5	73.6	12.5	150.0	456.5	31.0	.0	.0	
83.5	73.0	10.8	162.5	481.6	23.0	.0	.0	
82.2	71.6	9.8	151.3	503.2	51.0	.0	.0	
82.3	72.0	8.4	101.3	477.7	47.0	.0	.0	
80.5	72.4	14.4	65.0	364.0	42.0	16.0	.0	
78.2	73.0	11.9	62.5	373.3	56.0	8.0	.0	
79.6	75.1	10.3	115.0	301.3	83.0	51.0	.0	
80.3	75.9	9.1	122.5	397.5	77.0	22.0	.0	
78.2	72.6	8.4	148.8	286.1	85.0	1.0	.0	
77.4	67.8	7.4	140.0	531.0	5.0	.0	.0	
78.2	69.6	7.5	188.8	507.3	21.0	.0	.0	
79.1	68.4	7.1	62.5	506.0	8.0	.0	.0	
77.8	67.0	11.1	125.0	425.7	29.0	.0	.0	
77.7	64.0	8.7	213.8	539.5	2.0	.0	.0	
78.0	62.0	6.9	171.3	559.1	2.0	.0	.0	
76.0	60.6	6.7	225.0	549.2	2.0	.0	.0	
  10    31    1969
75.9	63.7	10.0	186.3	528.5	4.0	.0	.0	
80.0	68.6	13.7	156.3	446.2	55.0	.0	.0	
81.8	68.1	15.5	148.8	441.9	68.0	.0	.0	
82.4	72.4	19.9	140.0	220.3	71.0	1.0	.0	
77.1	72.6	12.8	131.3	208.6	96.0	82.0	.0	
79.3	73.1	6.4	86.3	317.8	84.0	.0	.0	
75.0	64.1	13.0	147.5	452.9	37.0	.0	.0	
75.4	65.7	8.9	47.5	503.4	6.0	.0	.0	
76.1	70.5	8.7	127.5	364.0	40.0	.0	.0	
81.5	73.4	17.0	166.3	414.8	45.0	.0	.0	
83.0	75.1	19.6	155.0	271.1	74.0	.0	.0	
82.3	73.7	21.5	118.8	289.4	96.0	150.0	.0	
61.9	49.2	18.3	181.3	365.0	62.0	.0	.0	
58.0	48.4	8.8	161.3	487.4	8.0	.0	.0	
67.7	59.7	7.8	128.8	388.0	50.0	.0	.0	
72.3	65.4	10.2	62.5	250.1	81.0	.0	.0	
73.6	64.0	10.5	85.0	333.0	45.0	.0	.0	
76.2	66.9	11.2	113.8	384.1	25.0	.0	.0	
77.3	71.0	9.7	125.0	376.5	19.0	.0	.0	
76.9	72.6	10.5	33.8	201.5	68.0	.0	.0	
78.6	72.7	8.4	56.3	403.2	33.0	.0	.0	
75.6	65.8	13.1	66.3	449.5	20.0	.0	.0	
72.1	61.3	14.7	65.0	400.7	21.0	.0	.0	
67.5	54.6	12.1	88.8	382.4	50.0	.0	.0	
70.5	63.1	10.2	108.8	336.0	32.0	.0	.0	
73.5	69.5	13.5	51.3	240.7	66.0	.0	.0	
72.2	63.9	16.0	136.3	229.7	83.0	.0	.0	
64.2	58.9	16.9	77.5	189.6	98.0	.0	.0	
67.2	62.0	7.0	211.3	214.6	90.0	.0	.0	
68.5	64.7	10.7	301.3	170.8	98.0	52.0	.0	
62.2	47.5	13.7	273.8	456.1	17.0	.0	.0	
  11    30    1969
57.7	45.6	6.0	150.0	403.2	11.0	.0	.0	
59.5	50.5	13.0	20.0	179.4	70.0	.0	.0	
56.6	42.6	11.5	172.5	356.4	69.0	.0	.0	
59.9	45.1	6.8	116.3	366.2	54.0	.0	.0	
61.9	50.5	7.6	151.3	416.1	18.0	.0	.0	
73.0	66.2	14.4	157.5	244.5	58.0	.0	.0	
71.2	66.3	7.0	187.5	352.4	22.0	.0	.0	
73.8	65.8	8.2	170.0	410.2	3.0	.0	.0	
73.6	67.4	6.8	111.3	335.8	75.0	.0	.0	
73.0	66.0	8.1	125.0	252.0	43.0	.0	.0	
75.1	66.9	13.0	168.8	377.8	5.0	.0	.0	
76.1	65.9	8.7	173.8	392.0	2.0	.0	.0	
74.4	56.3	13.5	198.8	273.9	48.0	.0	.0	
52.1	24.9	14.7	136.3	203.1	38.0	.0	.0	
54.3	37.4	6.8	172.5	401.5	33.0	.0	.0	
68.9	64.6	16.0	141.3	149.1	89.0	13.0	.0	
75.4	71.0	16.5	156.3	210.2	76.0	4.0	.0	
64.0	55.6	15.5	232.5	156.1	80.0	16.0	.0	
46.6	25.4	14.0	307.5	371.5	23.0	.0	.0	
44.9	25.6	5.8	156.3	403.5	2.0	.0	.0	
51.7	36.8	7.2	180.0	368.2	2.0	.0	.0	
64.7	54.8	12.7	146.3	298.3	60.0	.0	.0	
65.6	62.5	10.4	66.3	156.7	79.0	35.0	.0	
64.6	62.2	17.3	46.3	157.8	98.0	51.0	.0	
62.9	59.9	17.3	35.0	152.4	98.0	67.0	.0	
65.0	61.2	15.4	102.5	146.7	98.0	177.0	.0	
61.2	55.6	19.3	110.0	164.1	96.0	81.0	.0	
45.9	43.7	16.2	315.0	159.9	98.0	56.0	.0	
45.9	42.4	12.7	255.0	172.6	98.0	9.0	.0	
52.5	45.6	7.0	225.0	179.2	93.0	.0	.0	
  12    31    1969
55.9	48.6	5.6	240.0	219.0	74.0	.0	.0	
59.5	52.4	5.8	267.5	327.5	20.0	.0	.0	
58.8	49.2	4.9	180.0	338.1	5.0	.0	.0	
62.1	57.5	9.1	73.8	147.5	78.0	1.0	.0	
67.9	65.7	13.0	148.8	148.4	98.0	64.0	.0	
58.9	47.6	21.4	287.5	353.8	29.0	3.0	.0	
48.1	37.6	6.9	202.5	370.7	2.0	.0	.0	
50.3	48.0	11.6	27.5	141.3	83.0	2.0	.0	
55.3	51.9	11.2	175.0	137.5	63.0	.0	.0	
55.8	47.3	8.2	265.0	360.8	2.0	.0	.0	
53.4	44.6	6.9	101.3	336.1	18.0	.0	.0	
57.7	50.5	7.5	133.8	330.5	2.0	.0	.0	
64.0	58.0	11.7	156.3	272.5	53.0	.0	.0	
65.1	59.3	6.3	135.0	289.6	36.0	.0	.0	
64.9	59.0	6.1	131.3	277.1	22.0	.0	.0	
63.8	60.5	5.6	85.0	200.7	38.0	.0	.0	
65.8	60.9	8.8	142.5	270.1	49.0	.0	.0	
67.3	61.3	8.4	128.8	275.9	66.0	.0	.0	
65.5	62.5	6.9	47.5	156.2	91.0	52.0	.0	
64.7	61.1	9.7	96.3	205.2	63.0	.0	.0	
64.3	55.8	8.4	147.5	287.1	20.0	.0	.0	
62.0	56.5	10.0	221.3	352.5	2.0	.0	.0	
64.2	60.3	7.4	118.8	167.8	72.0	.0	.0	
66.4	62.7	8.5	143.8	262.8	58.0	.0	.0	
62.2	50.3	15.2	242.5	349.3	25.0	.0	.0	
57.6	49.5	13.3	143.8	271.6	31.0	.0	.0	
68.7	63.0	17.6	160.0	193.8	76.0	.0	.0	
71.4	67.6	11.5	143.8	150.4	98.0	.0	.0	
49.1	45.3	18.9	313.8	156.3	98.0	43.0	.0	
43.2	35.3	14.0	261.3	286.9	50.0	22.0	.0	
42.2	34.7	6.3	61.3	138.6	71.0	.0	.0	
