   1    31    1970
40.7	29.7	7.9	187.5	303.4	40.0	.0	.0	
38.5	31.6	6.3	267.5	256.7	53.0	.0	.0	
37.7	27.5	8.8	205.0	319.4	13.0	.0	.0	
40.6	30.5	8.8	172.5	232.2	75.0	.0	.0	
37.3	35.0	12.8	221.3	132.0	98.0	.0	.0	
23.0	13.5	17.0	328.8	332.3	17.0	.0	.0	
26.5	16.4	7.2	167.5	309.3	4.0	.0	.0	
22.3	14.9	8.1	31.3	286.7	63.0	.0	.0	
24.9	13.9	5.2	93.8	294.1	56.0	.0	.0	
36.4	32.4	14.9	175.0	150.6	98.0	.0	.0	
42.1	39.6	11.2	298.8	233.8	63.0	.0	.0	
38.3	35.0	7.6	108.8	140.8	98.0	.0	.0	
38.6	32.1	6.8	168.8	242.6	93.0	.0	.0	
39.6	32.0	3.7	70.0	252.4	53.0	.0	.0	
44.5	40.0	9.1	161.3	263.9	68.0	.0	.0	
49.2	45.0	5.2	133.8	140.0	95.0	.0	.0	
47.1	44.8	10.5	156.3	180.8	95.0	.0	.0	
25.7	19.0	16.0	340.0	144.0	98.0	.0	.0	
28.3	20.0	6.9	221.3	256.1	93.0	.0	.0	
31.1	24.6	8.8	75.0	226.9	55.0	.0	.0	
31.3	23.5	8.8	147.5	140.8	98.0	.0	.0	
37.2	32.4	9.2	122.5	155.6	98.0	.0	.0	
44.9	39.6	4.4	163.8	261.8	78.0	.0	.0	
50.2	46.3	14.7	183.8	233.9	68.0	.0	.0	
55.1	43.1	7.2	200.0	297.8	35.0	.0	.0	
50.0	34.0	5.2	225.0	190.5	83.0	.0	.0	
59.8	54.3	13.0	178.8	281.8	65.0	.0	.0	
66.5	50.1	13.0	221.3	338.5	31.0	.0	.0	
45.1	26.5	14.7	332.5	380.7	10.0	.0	.0	
40.5	19.9	7.2	201.3	378.7	2.0	.0	.0	
44.7	23.5	14.4	157.5	289.8	55.0	.0	.0	
   2    28    1970
45.0	43.7	8.6	197.5	169.6	95.0	.0	.0	
38.8	26.3	18.7	297.5	271.4	70.0	.0	.0	
31.0	14.2	8.5	228.8	390.0	8.0	.0	.0	
47.2	31.0	15.7	187.5	358.3	59.0	.0	.0	
52.2	48.5	9.2	160.0	173.7	98.0	.0	.0	
54.2	53.4	8.4	143.8	154.4	98.0	.0	.0	
55.7	53.6	6.5	178.8	156.6	98.0	.0	.0	
52.3	40.5	9.2	273.8	340.9	45.0	.0	.0	
43.7	25.0	11.7	311.3	427.0	2.0	.0	.0	
48.3	31.5	10.0	200.0	365.8	49.0	.0	.0	
52.2	38.0	9.8	241.3	400.2	22.0	.0	.0	
42.8	29.5	7.2	147.5	402.1	2.0	.0	.0	
58.3	48.9	15.4	181.3	377.3	52.0	.0	.0	
46.1	39.4	12.2	246.3	168.3	98.0	.0	.0	
39.2	33.3	14.0	311.3	207.0	87.0	.0	.0	
42.5	30.9	6.5	216.3	443.5	2.0	.0	.0	
54.6	39.8	15.8	180.0	448.0	2.0	.0	.0	
56.7	36.6	14.7	236.3	452.0	2.0	.0	.0	
41.0	13.0	12.4	187.5	390.2	36.0	.0	.0	
44.4	21.2	3.3	125.0	365.5	62.0	.0	.0	
50.8	32.9	4.6	156.3	177.1	98.0	.0	.0	
50.0	45.4	8.5	158.8	156.3	98.0	.0	.0	
49.8	49.8	7.0	110.0	179.8	98.0	.0	.0	
50.3	50.3	8.6	146.3	195.4	98.0	.0	.0	
45.9	36.9	12.9	343.8	466.3	32.0	.0	.0	
43.8	33.3	8.2	203.8	463.0	13.0	.0	.0	
52.9	46.4	11.4	161.3	237.7	90.0	.0	.0	
62.8	57.9	11.2	190.0	294.9	97.0	.0	.0	
   3    31    1970
63.2	61.4	14.0	165.0	186.1	98.0	.0	.0	
65.3	62.1	16.3	161.3	231.8	98.0	.0	.0	
64.8	52.3	10.8	225.0	421.6	49.0	.0	.0	
52.5	46.0	8.8	273.8	411.7	69.0	.0	.0	
54.0	46.2	7.1	162.5	473.5	21.0	.0	.0	
52.4	48.5	13.3	78.8	211.7	97.0	.0	.0	
51.7	44.6	9.1	188.8	252.6	84.0	.0	.0	
53.7	45.0	7.9	220.0	522.2	4.0	.0	.0	
60.2	50.4	15.5	186.3	511.8	35.0	.0	.0	
46.1	37.1	13.3	338.8	283.0	81.0	.0	.0	
39.4	35.1	15.0	343.8	227.8	98.0	.0	.0	
37.5	32.0	12.7	321.3	231.8	79.0	.0	.0	
42.8	30.6	9.6	300.0	518.6	2.0	.0	.0	
45.5	33.9	7.2	231.3	522.4	4.0	.0	.0	
53.1	41.0	10.0	157.5	520.9	66.0	.0	.0	
52.9	50.9	15.2	188.8	231.7	98.0	.0	.0	
41.1	37.7	12.8	223.8	296.0	82.0	.0	.0	
48.3	47.7	10.2	116.3	220.5	78.0	.0	.0	
48.4	43.8	14.3	345.0	213.2	98.0	.0	.0	
40.2	35.4	8.4	260.0	236.0	98.0	.0	.0	
40.2	38.0	8.5	300.0	246.2	79.0	.0	.0	
48.8	41.4	6.3	228.8	525.9	43.0	.0	.0	
57.1	44.1	9.8	238.8	574.5	2.0	.0	.0	
66.6	54.6	19.6	196.3	579.7	2.0	.0	.0	
58.3	44.9	20.1	283.8	402.0	49.0	.0	.0	
47.8	30.6	7.9	197.5	586.5	14.0	.0	.0	
55.1	38.5	13.0	126.3	567.9	37.0	.0	.0	
50.2	44.4	18.2	247.5	272.6	98.0	.0	.0	
46.6	42.4	7.4	162.5	281.9	98.0	.0	.0	
56.4	50.7	8.2	123.8	372.4	60.0	.0	.0	
59.7	56.6	8.8	111.3	245.0	75.0	.0	.0	
   4    30    1970
55.8	48.2	17.4	266.3	413.0	86.0	.0	.0	
49.0	32.3	6.8	255.0	627.0	2.0	.0	.0	
56.3	36.4	9.7	156.3	547.1	56.0	.0	.0	
53.3	42.8	11.9	232.5	533.1	41.0	.0	.0	
51.8	34.4	7.4	238.8	633.2	19.0	.0	.0	
63.7	34.0	8.2	236.3	625.3	2.0	.0	.0	
66.6	39.4	12.9	176.3	611.0	57.0	.0	.0	
67.9	57.1	13.5	187.5	507.5	83.0	.0	.0	
66.7	62.9	7.2	143.8	238.1	98.0	.0	.0	
63.8	58.0	5.8	182.5	375.4	58.0	.0	.0	
65.8	58.5	11.7	170.0	566.1	36.0	.0	.0	
68.9	49.9	11.4	262.5	649.2	2.0	.0	.0	
60.9	35.6	10.8	263.8	640.8	10.0	.0	.0	
63.4	43.1	9.4	93.8	424.6	82.0	.0	.0	
67.3	64.0	7.6	121.3	316.9	90.0	.0	.0	
70.8	70.2	7.5	112.5	254.4	98.0	.0	.0	
70.2	69.0	9.4	102.5	287.9	98.0	.0	.0	
71.9	67.6	17.3	180.0	293.1	98.0	.0	.0	
63.2	46.2	13.1	250.0	675.4	27.0	.0	.0	
69.4	45.1	14.0	195.0	579.5	59.0	.0	.0	
69.6	52.0	13.1	122.5	641.6	13.0	.0	.0	
74.9	68.9	13.7	178.8	282.4	98.0	.0	.0	
75.3	70.0	11.8	193.8	280.6	98.0	.0	.0	
67.5	59.0	8.8	93.8	299.5	98.0	.0	.0	
64.3	62.9	13.0	201.3	273.2	78.0	.0	.0	
70.5	68.4	11.0	143.8	276.3	96.0	.0	.0	
75.2	71.6	13.9	182.5	278.6	98.0	.0	.0	
76.1	72.1	14.0	175.0	283.8	97.0	.0	.0	
76.0	72.2	15.3	163.8	293.6	98.0	.0	.0	
65.8	61.0	10.0	216.3	307.3	94.0	.0	.0	
   5    31    1970
56.4	46.5	9.8	262.5	549.2	51.0	.0	.0	
58.7	45.6	8.8	236.3	686.9	20.0	.0	.0	
61.9	47.1	5.5	246.3	687.2	10.0	.0	.0	
66.2	50.7	5.8	203.8	688.8	2.0	.0	.0	
68.8	51.9	7.6	200.0	703.1	12.0	.0	.0	
69.5	49.8	11.9	178.8	707.0	15.0	.0	.0	
69.1	55.1	17.9	175.0	651.2	34.0	.0	.0	
72.6	62.0	19.0	181.3	317.3	92.0	.0	.0	
74.5	65.3	15.4	181.3	509.1	70.0	.0	.0	
76.5	67.9	16.6	183.8	535.3	55.0	.0	.0	
77.3	69.8	14.7	171.3	384.5	63.0	.0	.0	
78.3	70.0	15.6	170.0	414.8	78.0	.0	.0	
76.6	68.9	17.2	163.8	406.0	75.0	.0	.0	
75.5	66.1	12.3	183.8	382.3	88.0	.0	.0	
64.8	55.3	12.9	186.3	312.3	93.0	.0	.0	
64.1	48.2	6.2	228.8	722.4	10.0	.0	.0	
68.5	50.0	4.6	115.0	711.1	4.0	.0	.0	
71.0	51.7	6.5	103.8	717.2	2.0	.0	.0	
75.0	61.3	5.6	110.0	690.8	18.0	.0	.0	
77.1	63.0	9.1	151.3	686.5	5.0	.0	.0	
75.2	64.1	7.9	136.3	647.5	20.0	.0	.0	
72.9	65.5	9.3	143.8	507.0	91.0	.0	.0	
70.8	66.7	7.2	156.3	427.5	79.0	.0	.0	
73.1	67.1	8.4	145.0	544.9	79.0	.0	.0	
74.0	66.6	4.9	133.8	561.6	65.0	.0	.0	
73.5	67.6	6.2	151.3	365.0	98.0	.0	.0	
72.0	67.0	8.5	177.5	432.0	65.0	.0	.0	
72.9	67.0	11.4	162.5	564.6	83.0	.0	.0	
77.1	71.0	10.5	168.8	546.0	50.0	.0	.0	
72.3	68.9	8.8	126.3	466.5	94.0	.0	.0	
70.5	67.9	5.3	121.3	309.7	98.0	.0	.0	
   6    30    1970
70.0	63.8	12.1	275.0	459.4	87.0	.0	.0	
65.9	52.5	11.7	303.8	594.7	23.0	.0	.0	
63.8	54.9	13.5	287.5	484.2	62.0	.0	.0	
63.5	57.2	11.2	293.8	432.9	50.0	.0	.0	
66.6	57.6	7.8	272.5	645.5	39.0	.0	.0	
71.8	57.4	4.6	230.0	728.3	2.0	.0	.0	
75.2	59.5	4.8	143.8	718.8	26.0	.0	.0	
77.8	64.1	10.0	162.5	537.9	93.0	.0	.0	
77.5	64.4	13.7	167.5	620.2	90.0	.0	.0	
76.9	68.3	16.4	167.5	397.3	67.0	.0	.0	
79.7	71.2	20.2	173.8	351.8	77.0	.0	.0	
82.7	73.4	14.3	183.8	402.4	83.0	.0	.0	
84.5	74.1	13.4	171.3	566.1	80.0	.0	.0	
83.9	72.4	11.3	183.8	652.0	52.0	.0	.0	
82.4	70.0	12.2	186.3	705.6	48.0	.0	.0	
82.9	67.3	15.0	178.8	727.0	33.0	.0	.0	
82.8	69.1	12.3	183.8	723.9	16.0	.0	.0	
82.3	69.2	8.8	182.5	712.7	4.0	.0	.0	
82.4	67.7	7.9	187.5	717.5	9.0	.0	.0	
82.3	68.1	7.4	186.3	663.9	65.0	.0	.0	
80.1	68.5	8.5	67.5	656.0	90.0	.0	.0	
76.8	69.6	5.1	143.8	582.7	75.0	.0	.0	
79.0	73.0	6.2	143.8	393.6	98.0	.0	.0	
81.6	71.0	8.5	185.0	713.0	53.0	.0	.0	
82.9	70.6	8.8	168.8	675.1	55.0	.0	.0	
84.1	73.5	7.0	168.8	509.9	66.0	.0	.0	
83.1	72.4	4.9	116.3	596.0	36.0	.0	.0	
85.9	69.0	9.4	170.0	695.6	31.0	.0	.0	
85.8	70.1	12.4	177.5	590.3	77.0	.0	.0	
84.6	69.3	8.2	162.5	691.2	38.0	.0	.0	
   7    31    1970
86.6	70.1	5.1	115.0	649.6	14.0	.0	.0	
87.2	71.0	5.6	132.5	686.2	25.0	.0	.0	
87.1	67.0	5.3	177.5	691.5	16.0	.0	.0	
84.3	64.0	7.2	55.0	515.2	38.0	.0	.0	
79.3	56.4	6.2	90.0	710.1	13.0	.0	.0	
81.5	61.2	9.8	137.5	521.2	38.0	.0	.0	
89.7	67.7	12.0	178.8	680.9	9.0	.0	.0	
89.1	67.1	8.5	207.5	684.0	23.0	.0	.0	
85.9	72.4	8.7	162.5	343.8	78.0	.0	.0	
87.2	70.1	7.8	180.0	578.5	61.0	.0	.0	
86.4	69.9	9.6	175.0	470.2	76.0	.0	.0	
79.4	74.4	6.5	128.8	416.6	88.0	.0	.0	
82.2	70.4	6.1	98.8	674.4	16.0	.0	.0	
83.9	70.5	9.1	162.5	642.5	8.0	.0	.0	
82.7	70.4	9.5	177.5	644.4	31.0	.0	.0	
83.0	70.4	8.1	188.8	620.8	55.0	.0	.0	
85.6	65.8	8.8	208.8	689.3	34.0	.0	.0	
87.2	66.1	9.3	195.0	707.1	18.0	.0	.0	
88.5	63.9	9.4	215.0	668.8	55.0	.0	.0	
81.3	62.6	12.3	171.3	598.9	85.0	.0	.0	
72.4	63.1	9.8	92.5	352.9	91.0	.0	.0	
74.1	58.1	5.0	65.0	595.9	40.0	.0	.0	
75.7	59.6	5.8	101.3	568.7	15.0	.0	.0	
78.7	67.4	7.4	126.3	462.9	39.0	.0	.0	
81.2	67.1	9.3	150.0	649.1	16.0	.0	.0	
82.2	68.4	7.9	130.0	549.0	52.0	.0	.0	
84.6	71.3	10.3	147.5	620.1	31.0	.0	.0	
86.7	69.8	12.8	177.5	584.6	90.0	.0	.0	
87.3	68.7	11.9	172.5	677.3	28.0	.0	.0	
89.3	69.1	10.3	178.8	682.0	24.0	.0	.0	
89.1	68.1	9.4	182.5	691.9	11.0	.0	.0	
   8    31    1970
88.3	69.0	5.5	153.8	591.1	61.0	.0	.0	
89.5	68.4	6.3	152.5	631.7	16.0	.0	.0	
87.5	71.9	9.2	135.0	642.6	15.0	.0	.0	
87.1	72.1	9.0	148.8	547.5	46.0	.0	.0	
88.3	69.5	7.4	190.0	671.8	10.0	.0	.0	
89.3	67.7	7.6	205.0	582.5	15.0	.0	.0	
91.3	67.3	9.5	197.5	656.5	5.0	.0	.0	
92.3	67.4	9.6	185.0	656.7	10.0	.0	.0	
92.4	68.2	9.6	192.5	656.7	4.0	.0	.0	
87.1	67.9	8.8	300.0	532.5	48.0	.0	.0	
85.4	65.0	7.7	148.8	535.8	32.0	.0	.0	
84.0	62.5	5.9	150.0	635.7	8.0	.0	.0	
84.7	60.6	4.2	97.5	573.9	20.0	.0	.0	
88.1	64.4	10.7	167.5	607.3	6.0	.0	.0	
86.4	65.8	8.8	147.5	569.0	68.0	.0	.0	
86.7	68.5	7.0	128.8	481.7	44.0	.0	.0	
90.4	63.9	9.1	183.8	620.2	21.0	.0	.0	
91.5	67.2	13.5	190.0	657.4	11.0	.0	.0	
85.6	72.5	12.8	156.3	460.9	77.0	.0	.0	
87.6	72.3	8.4	141.3	623.4	67.0	.0	.0	
85.7	72.3	4.6	203.8	478.5	98.0	.0	.0	
82.0	74.1	6.7	195.0	309.7	98.0	.0	.0	
80.4	74.3	6.7	152.5	461.7	79.0	.0	.0	
79.6	69.6	7.2	58.8	508.4	27.0	.0	.0	
78.9	64.4	4.8	112.5	634.7	3.0	.0	.0	
78.6	62.6	5.3	60.0	629.8	2.0	.0	.0	
78.1	63.0	4.2	100.0	612.5	2.0	.0	.0	
79.8	65.5	5.4	98.8	561.7	28.0	.0	.0	
77.0	69.8	7.2	177.5	442.5	48.0	.0	.0	
79.5	72.3	5.9	121.3	522.5	50.0	.0	.0	
78.9	73.1	5.9	153.8	506.1	83.0	.0	.0	
   9    30    1970
75.4	72.9	5.9	152.5	262.8	98.0	.0	.0	
79.2	73.5	9.6	141.3	413.8	64.0	.0	.0	
84.5	75.5	15.1	186.3	580.0	36.0	.0	.0	
85.5	73.7	16.0	191.3	608.8	9.0	.0	.0	
84.5	72.9	13.5	183.8	562.8	50.0	.0	.0	
85.1	72.4	15.9	182.5	573.7	39.0	.0	.0	
85.6	72.4	11.9	183.8	585.4	15.0	.0	.0	
83.4	71.9	7.2	158.8	553.3	25.0	.0	.0	
83.2	69.8	7.2	162.5	592.3	2.0	.0	.0	
78.4	63.1	9.4	57.5	563.4	5.0	.0	.0	
78.2	68.0	6.8	143.8	487.2	13.0	.0	.0	
81.7	72.7	9.4	165.0	489.7	39.0	.0	.0	
77.1	74.6	6.5	135.0	215.5	92.0	.0	.0	
81.4	73.4	8.8	160.0	439.5	59.0	.0	.0	
81.3	71.8	5.9	123.8	507.4	42.0	.0	.0	
77.0	73.8	15.7	91.3	215.4	93.0	.0	.0	
78.9	73.1	10.3	221.3	343.0	75.0	.0	.0	
78.9	73.3	3.5	52.5	522.4	38.0	.0	.0	
80.8	74.2	4.9	122.5	484.7	37.0	.0	.0	
81.3	73.6	9.1	172.5	486.3	20.0	.0	.0	
81.0	73.6	13.4	178.8	422.2	88.0	.0	.0	
81.1	72.6	14.8	187.5	457.5	78.0	.0	.0	
67.0	58.7	9.0	238.8	465.3	54.0	.0	.0	
71.8	64.1	9.0	157.5	553.6	2.0	.0	.0	
76.5	70.6	11.1	220.0	360.4	87.0	.0	.0	
61.3	53.1	12.8	271.3	217.2	98.0	.0	.0	
60.6	49.0	9.4	103.8	238.9	98.0	.0	.0	
64.1	54.9	5.9	263.8	281.2	93.0	.0	.0	
67.6	58.8	3.0	156.3	385.4	62.0	.0	.0	
70.2	58.1	3.3	112.5	511.7	2.0	.0	.0	
  10    31    1970
73.5	60.6	6.3	195.0	399.0	78.0	.0	.0	
74.8	64.6	2.0	131.3	425.3	66.0	.0	.0	
76.0	65.5	5.4	158.8	361.8	50.0	.0	.0	
74.9	65.9	6.3	152.5	434.8	18.0	.0	.0	
75.1	68.9	10.6	171.3	219.7	73.0	.0	.0	
76.1	69.6	11.8	162.5	299.3	59.0	.0	.0	
79.8	71.6	13.0	153.8	342.6	54.0	.0	.0	
61.9	47.5	18.4	256.3	282.6	58.0	.0	.0	
53.0	37.9	8.4	231.3	518.1	13.0	.0	.0	
57.7	45.1	9.4	108.8	501.1	2.0	.0	.0	
61.0	57.0	6.8	72.5	172.6	96.0	.0	.0	
62.3	59.0	7.0	226.3	212.3	98.0	.0	.0	
64.2	57.0	3.6	177.5	451.7	11.0	.0	.0	
61.7	53.8	7.8	266.3	435.4	41.0	.0	.0	
57.4	46.0	11.8	227.5	299.7	77.0	.0	.0	
55.2	42.9	7.4	292.5	183.1	98.0	.0	.0	
53.2	45.5	4.0	132.5	201.4	98.0	.0	.0	
54.3	40.3	2.0	118.8	237.5	89.0	.0	.0	
58.9	47.1	4.6	256.3	449.0	27.0	.0	.0	
60.4	51.2	5.3	110.0	400.9	45.0	.0	.0	
66.7	60.4	10.1	161.3	240.8	66.0	.0	.0	
73.8	67.1	14.8	168.8	303.3	84.0	.0	.0	
65.9	61.6	7.9	153.8	286.5	57.0	.0	.0	
64.3	58.0	4.9	130.0	407.5	30.0	.0	.0	
70.7	64.0	10.1	158.8	384.7	14.0	.0	.0	
75.2	67.7	11.1	187.5	242.5	83.0	.0	.0	
57.3	50.5	12.0	290.0	175.6	77.0	.0	.0	
52.7	37.6	6.8	211.3	444.9	2.0	.0	.0	
53.8	38.4	7.0	205.0	429.5	4.0	.0	.0	
58.5	40.7	9.1	171.3	428.8	2.0	.0	.0	
61.5	48.0	6.9	147.5	409.7	20.0	.0	.0	
  11    30    1970
51.9	42.5	11.8	320.0	280.0	70.0	.0	.0	
48.0	35.4	8.3	333.8	413.0	3.0	.0	.0	
46.7	30.3	11.2	313.8	364.3	10.0	.0	.0	
47.0	31.8	12.7	320.0	337.5	16.0	.0	.0	
50.4	36.8	5.9	221.3	396.8	10.0	.0	.0	
57.6	39.5	10.0	181.3	388.9	28.0	.0	.0	
62.4	49.9	7.8	136.3	352.8	35.0	.0	.0	
69.2	54.4	14.0	221.3	241.3	56.0	.0	.0	
57.0	38.5	10.8	235.0	389.4	2.0	.0	.0	
52.9	40.2	4.9	97.5	377.5	7.0	.0	.0	
57.4	41.5	12.1	270.0	349.7	28.0	.0	.0	
48.6	36.0	6.5	202.5	348.4	3.0	.0	.0	
48.5	44.6	13.4	140.0	131.5	83.0	.0	.0	
45.6	37.6	16.9	335.0	166.4	98.0	.0	.0	
39.3	24.2	8.5	243.8	372.2	30.0	.0	.0	
48.4	31.8	10.3	177.5	362.4	9.0	.0	.0	
54.0	34.3	9.8	252.5	349.1	6.0	.0	.0	
56.6	37.8	8.7	163.8	342.5	13.0	.0	.0	
63.3	41.7	15.7	246.3	329.0	39.0	.0	.0	
52.3	35.1	5.8	155.0	337.5	2.0	.0	.0	
63.7	50.5	15.0	182.5	251.1	33.0	.0	.0	
55.6	34.7	16.3	321.3	202.2	71.0	.0	.0	
38.2	7.0	14.5	310.0	333.9	39.0	.0	.0	
35.6	11.6	8.9	142.5	328.2	31.0	.0	.0	
53.3	37.0	18.6	188.8	330.9	14.0	.0	.0	
66.8	57.1	17.6	195.0	318.0	31.0	.0	.0	
65.2	58.6	9.1	198.8	166.8	56.0	.0	.0	
62.1	57.9	6.5	177.5	174.4	76.0	.0	.0	
64.3	58.9	10.5	182.5	255.5	39.0	.0	.0	
68.0	59.2	15.7	181.3	227.2	58.0	.0	.0	
  12    31    1970
68.2	58.5	8.7	215.0	301.1	2.0	.0	.0	
65.2	59.6	9.4	183.8	205.9	23.0	.0	.0	
68.6	51.1	11.7	230.0	297.1	31.0	.0	.0	
57.7	37.6	7.2	103.8	294.5	2.0	.0	.0	
60.4	49.1	12.6	152.5	255.3	26.0	.0	.0	
48.8	28.0	7.2	57.5	316.0	15.0	.0	.0	
50.4	34.0	8.4	131.3	296.3	46.0	.0	.0	
58.9	53.6	15.3	178.8	168.3	89.0	.0	.0	
66.1	59.7	13.0	176.3	199.2	55.0	.0	.0	
67.5	59.1	15.7	193.8	170.9	84.0	.0	.0	
38.6	26.1	13.8	330.0	213.7	53.0	.0	.0	
39.6	27.4	4.5	146.3	277.9	51.0	.0	.0	
44.0	30.7	3.9	177.5	266.6	50.0	.0	.0	
44.8	30.1	8.5	117.5	197.1	71.0	.0	.0	
54.0	40.4	11.9	207.5	170.2	84.0	.0	.0	
48.1	31.2	12.7	275.0	305.7	29.0	.0	.0	
52.4	31.0	12.7	175.0	279.4	42.0	.0	.0	
64.4	57.9	13.4	182.5	179.4	90.0	.0	.0	
47.4	34.5	11.5	205.0	183.7	89.0	.0	.0	
44.2	41.8	3.6	136.3	124.9	98.0	.0	.0	
57.0	57.0	6.2	148.8	146.5	94.0	.0	.0	
66.3	62.5	8.1	210.0	174.5	78.0	.0	.0	
43.8	26.0	11.5	336.3	300.4	3.0	.0	.0	
39.6	25.0	7.1	160.0	304.6	18.0	.0	.0	
42.3	20.0	13.1	317.5	295.3	15.0	.0	.0	
37.4	18.1	5.1	112.5	305.6	18.0	.0	.0	
47.9	32.2	5.5	153.8	252.8	40.0	.0	.0	
53.7	47.1	5.8	185.0	204.0	75.0	.0	.0	
51.0	35.4	5.7	211.3	171.4	96.0	.0	.0	
51.3	36.8	14.1	258.8	272.6	43.0	.0	.0	
45.1	29.3	7.4	240.0	298.4	45.0	.0	.0	
