   1    31    1983
26.9	25.2	10.8	285.8	174.4	98.0	.0	162.6	
15.0	12.2	10.7	312.5	312.6	3.0	.0	.0	
16.9	12.2	10.6	247.9	283.0	33.0	.0	.0	
23.1	19.2	11.3	274.2	287.4	21.0	.0	.0	
20.7	17.0	8.4	276.7	293.5	4.0	.0	.0	
29.9	26.0	9.9	272.5	302.0	3.0	.0	.0	
33.6	29.0	7.9	221.7	261.3	39.0	.0	.0	
38.1	33.5	8.9	252.9	301.7	24.0	.0	.0	
42.2	31.8	11.1	185.8	297.5	5.0	.0	.0	
38.2	25.1	9.3	231.7	291.3	11.0	.0	.0	
40.8	29.0	7.9	145.0	296.1	29.0	.0	.0	
43.7	29.4	8.7	205.8	298.7	2.0	.0	.0	
45.1	28.5	9.4	252.5	312.2	2.0	.0	.0	
41.0	23.1	14.0	113.3	291.2	25.0	.0	.0	
34.1	16.5	7.9	179.2	235.6	44.0	.0	.0	
38.2	23.3	7.8	185.0	319.1	2.0	.0	.0	
34.7	25.2	7.8	152.1	156.1	62.0	2.0	.0	
35.4	35.2	11.1	100.8	94.2	98.0	6.0	.0	
37.8	37.7	10.1	135.0	149.3	98.0	.0	.0	
28.8	28.6	12.9	79.6	141.1	98.0	.0	287.0	
24.9	24.6	9.2	164.6	206.5	98.0	.0	129.5	
21.0	20.4	8.3	305.4	188.6	96.0	.0	.0	
20.8	19.0	5.5	178.8	358.5	80.0	.0	.0	
27.5	24.2	13.4	304.2	322.2	31.0	.0	.0	
28.1	25.4	8.4	212.9	288.0	68.0	.0	.0	
29.8	26.9	17.5	237.5	227.2	68.0	.0	.0	
27.7	25.3	7.9	156.7	344.4	83.0	.0	.0	
41.5	33.1	14.9	225.8	284.8	55.0	.0	.0	
39.0	32.4	10.2	257.5	329.7	41.0	.0	.0	
43.9	36.9	8.2	118.3	225.3	93.0	.0	.0	
34.9	33.4	15.7	222.5	109.4	98.0	39.0	.0	
   2    28    1983
27.3	24.6	22.0	328.3	132.9	93.0	.0	12.7	
30.3	24.1	12.5	273.3	313.5	20.0	.0	.0	
28.1	24.0	11.7	85.4	157.5	85.0	.0	.0	
24.3	23.3	14.2	103.3	169.8	98.0	.0	48.3	
32.6	28.6	14.2	232.1	329.7	58.0	.0	.0	
27.4	24.2	9.4	147.9	172.0	81.0	.0	.0	
39.8	29.9	11.5	224.2	311.4	45.0	.0	.0	
44.9	35.4	8.9	177.5	295.3	59.0	.0	.0	
41.9	34.7	9.6	238.3	356.7	44.0	.0	.0	
42.3	31.0	9.4	215.0	321.0	59.0	.0	.0	
40.6	30.9	10.2	106.3	330.9	53.0	.0	.0	
40.7	28.2	8.0	212.5	374.4	2.0	.0	.0	
48.8	29.6	13.2	182.5	316.2	44.0	.0	.0	
47.3	32.3	14.1	209.6	392.7	30.0	.0	.0	
42.9	34.9	16.9	217.5	365.1	35.0	.0	.0	
44.3	31.5	7.2	210.8	366.4	15.0	.0	.0	
44.8	31.3	14.0	269.6	378.0	25.0	.0	.0	
46.3	26.8	9.3	232.5	392.8	41.0	.0	.0	
51.8	25.9	15.6	247.5	387.9	48.0	.0	.0	
40.3	32.2	23.9	335.8	159.4	89.0	.0	.0	
39.9	35.1	18.0	307.9	184.8	98.0	1.0	.0	
47.3	40.4	10.9	150.8	300.0	86.0	.0	.0	
50.5	36.3	7.2	234.6	368.8	67.0	.0	.0	
49.6	31.7	11.5	140.0	426.8	43.0	.0	.0	
36.7	34.0	11.4	115.4	162.8	98.0	5.0	.0	
42.9	39.7	10.7	149.2	215.6	91.0	2.0	.0	
46.2	36.7	8.1	166.3	321.0	51.0	.0	.0	
54.3	31.0	11.1	255.4	424.6	29.0	.0	.0	
   3    31    1983
57.0	33.4	9.9	273.8	369.7	63.0	.0	.0	
60.8	34.7	8.7	220.0	368.7	87.0	.0	.0	
62.4	46.3	11.4	179.6	319.6	92.0	.0	.0	
54.2	36.3	15.1	237.1	328.1	75.0	.0	.0	
51.7	34.2	20.0	283.8	222.3	80.0	.0	.0	
49.7	30.1	12.0	250.0	486.1	5.0	.0	.0	
49.2	26.1	8.1	134.6	485.0	32.0	.0	.0	
50.8	29.9	8.9	62.5	362.5	72.0	.0	.0	
48.7	31.0	10.5	223.8	385.1	55.0	.0	.0	
49.0	28.6	7.4	164.6	501.1	2.0	.0	.0	
47.3	24.3	10.2	153.3	445.4	48.0	.0	.0	
57.5	33.7	10.4	193.8	443.9	72.0	.0	.0	
64.2	37.1	9.6	202.5	511.7	44.0	.0	.0	
62.9	29.8	10.0	206.3	451.0	63.0	.0	.0	
54.8	39.1	11.0	195.8	337.7	81.0	.0	.0	
37.2	29.3	30.5	313.3	221.0	98.0	.0	.0	
39.1	27.0	16.3	156.7	506.3	47.0	.0	.0	
38.7	30.5	10.9	105.0	384.9	56.0	.0	.0	
35.2	32.2	16.7	60.0	189.2	98.0	.0	.0	
30.1	20.2	13.6	157.9	236.9	74.0	.0	.0	
33.0	18.1	8.0	174.6	369.0	73.0	.0	.0	
44.5	27.2	15.6	152.1	464.2	80.0	.0	.0	
43.4	36.1	9.1	146.3	403.0	74.0	.0	.0	
52.7	33.2	12.7	182.5	485.5	50.0	.0	.0	
51.0	41.6	16.3	213.3	363.1	64.0	55.0	.0	
45.4	27.3	19.1	292.9	421.0	43.0	.0	.0	
44.1	22.0	13.3	259.6	554.7	11.0	.0	.0	
50.0	30.0	15.4	164.6	469.1	55.0	.0	.0	
54.0	36.5	11.4	152.5	511.3	53.0	.0	.0	
54.4	30.6	7.7	236.3	519.3	23.0	.0	.0	
66.1	23.7	12.5	255.0	530.2	21.0	.0	.0	
   4    30    1983
49.3	26.8	26.2	284.6	384.0	58.0	8.0	.0	
50.2	21.5	13.4	284.2	590.3	20.0	.0	.0	
59.3	22.6	11.6	212.9	558.5	36.0	.0	.0	
38.2	30.4	22.9	204.2	256.9	89.0	5.0	.0	
33.7	26.5	19.5	174.2	314.8	98.0	2.0	.0	
34.3	26.2	14.2	53.8	292.9	98.0	.0	.0	
31.4	28.9	9.9	90.8	275.9	98.0	.0	104.1	
34.9	29.9	8.6	314.2	337.0	83.0	3.0	.0	
45.2	29.0	9.2	245.8	598.2	12.0	.0	.0	
56.6	28.9	9.7	244.6	583.2	7.0	.0	.0	
65.3	24.8	17.2	232.9	579.3	5.0	.0	.0	
59.5	24.0	15.9	258.8	578.5	31.0	.0	.0	
47.7	25.7	15.4	295.4	554.1	33.0	.0	.0	
40.9	15.6	11.4	240.8	623.3	17.0	.0	.0	
48.1	18.6	7.9	127.5	625.4	13.0	.0	.0	
54.6	25.2	10.6	170.4	618.8	11.0	.0	.0	
60.7	23.5	10.3	229.2	663.0	4.0	.0	.0	
63.2	26.5	9.7	135.0	658.7	7.0	.0	.0	
63.8	33.1	16.3	240.8	600.1	2.0	.0	.0	
52.0	42.9	10.3	102.9	582.3	55.0	7.0	.0	
62.6	38.4	11.6	225.0	642.1	30.0	6.0	.0	
59.6	37.0	17.0	297.5	535.5	46.0	5.0	.0	
55.4	40.1	13.6	201.3	527.8	38.0	.0	.0	
58.7	37.3	9.0	133.8	678.1	2.0	.0	.0	
66.9	37.7	16.9	176.7	669.8	6.0	.0	.0	
70.7	32.1	10.2	240.8	669.5	9.0	.0	.0	
70.8	30.2	9.4	233.3	659.8	18.0	.0	.0	
70.2	32.9	8.5	235.0	534.1	89.0	.0	.0	
71.5	41.8	7.0	220.0	474.2	96.0	.0	.0	
72.3	30.4	9.2	232.5	477.4	93.0	.0	.0	
   5    31    1983
68.5	23.4	16.0	271.3	602.6	62.0	.0	.0	
56.2	31.4	10.6	205.0	600.5	39.0	.0	.0	
57.2	32.2	7.2	251.7	621.7	9.0	.0	.0	
67.0	27.4	9.9	173.8	633.6	32.0	.0	.0	
74.1	28.5	15.0	204.6	710.7	2.0	.0	.0	
76.3	25.3	15.8	245.4	693.3	2.0	.0	.0	
64.4	27.1	9.2	205.0	704.0	2.0	.0	.0	
61.2	39.3	11.7	111.3	494.1	43.0	.0	.0	
65.3	45.4	13.1	155.4	607.0	75.0	60.0	.0	
65.4	56.4	12.7	140.8	510.1	64.0	16.0	.0	
67.8	60.1	13.5	168.3	522.8	34.0	.0	.0	
70.9	50.1	10.0	207.5	681.8	8.0	.0	.0	
70.3	51.4	15.4	190.0	521.3	57.0	.0	.0	
50.0	41.8	18.4	122.9	334.6	88.0	.0	.0	
56.1	40.7	9.7	199.2	646.5	36.0	.0	.0	
64.4	44.7	17.9	137.5	652.8	15.0	.0	.0	
67.9	27.0	13.7	257.5	707.0	5.0	.0	.0	
59.8	28.3	11.5	272.9	642.4	3.0	.0	.0	
68.7	36.1	12.4	176.3	431.6	63.0	.0	.0	
64.1	54.8	13.9	157.5	567.1	63.0	.0	.0	
63.1	41.6	11.2	263.3	689.3	25.0	.0	.0	
67.9	45.3	10.7	149.2	661.3	15.0	.0	.0	
65.9	50.0	9.5	85.4	639.9	15.0	.0	.0	
69.2	53.4	11.5	160.8	563.3	39.0	7.0	.0	
67.8	54.9	10.2	157.9	471.1	68.0	34.0	.0	
70.1	58.2	9.2	147.1	621.5	57.0	.0	.0	
72.8	55.1	8.7	184.2	619.1	49.0	.0	.0	
72.8	50.0	7.2	158.3	632.5	32.0	.0	.0	
70.8	51.2	9.4	167.1	573.5	50.0	6.0	.0	
59.3	53.9	13.8	125.8	393.8	93.0	.0	.0	
49.5	40.2	10.4	67.1	321.5	97.0	.0	.0	
   6    30    1983
59.1	49.4	10.7	165.4	413.2	62.0	.0	.0	
77.0	45.0	13.2	227.5	722.1	2.0	.0	.0	
73.1	44.1	8.0	167.9	738.6	2.0	.0	.0	
67.6	58.0	10.4	106.3	508.7	47.0	88.0	.0	
65.9	58.9	10.4	127.5	566.3	63.0	.0	.0	
56.7	50.5	12.3	80.0	315.0	80.0	2.0	.0	
62.2	50.1	8.4	164.2	604.0	35.0	31.0	.0	
68.4	57.8	8.9	138.3	658.9	53.0	8.0	.0	
71.0	60.7	11.0	140.0	531.4	55.0	.0	.0	
67.6	62.5	11.2	142.5	398.5	78.0	1.0	.0	
72.5	61.1	13.2	135.8	490.1	72.0	.0	.0	
78.6	58.8	14.3	178.3	693.0	49.0	.0	.0	
76.3	50.2	11.9	219.2	690.9	8.0	.0	.0	
66.9	44.0	10.2	98.8	705.6	3.0	.0	.0	
70.2	49.2	9.6	144.2	674.9	44.0	.0	.0	
73.3	56.0	8.1	159.6	660.4	71.0	.0	.0	
74.2	61.1	11.2	141.3	635.7	61.0	.0	.0	
78.4	61.8	9.4	156.3	653.3	53.0	.0	.0	
82.0	59.3	10.7	172.5	708.7	2.0	.0	.0	
82.6	58.3	12.2	169.2	709.8	18.0	.0	.0	
80.0	59.4	12.2	155.0	695.1	10.0	.0	.0	
79.1	58.6	10.5	126.3	686.4	3.0	.0	.0	
75.2	57.4	9.3	95.0	533.6	32.0	.0	.0	
75.1	52.7	7.3	108.8	595.3	32.0	.0	.0	
77.3	53.2	9.1	180.0	622.0	40.0	.0	.0	
80.7	47.1	12.4	219.2	713.1	11.0	.0	.0	
79.4	46.3	11.6	174.6	693.9	8.0	.0	.0	
70.3	53.0	10.3	269.6	566.2	43.0	.0	.0	
79.8	50.5	11.3	160.0	600.5	96.0	.0	.0	
78.6	57.5	19.0	160.0	586.7	48.0	49.0	.0	
   7    31    1983
81.1	59.7	15.7	190.0	553.1	61.0	.0	.0	
84.7	59.6	18.2	186.3	641.2	44.0	.0	.0	
88.3	53.8	19.1	211.3	657.3	70.0	.0	.0	
80.8	60.8	18.5	126.3	694.1	12.0	.0	.0	
76.8	52.9	14.7	91.7	625.8	84.0	.0	.0	
76.1	55.0	10.2	145.0	662.2	67.0	.0	.0	
75.1	54.3	11.1	134.6	673.9	15.0	.0	.0	
76.6	56.2	10.6	136.7	650.9	12.0	.0	.0	
77.9	56.6	11.2	150.4	674.3	8.0	.0	.0	
80.2	57.3	12.6	165.0	679.3	9.0	.0	.0	
79.8	55.6	11.0	170.0	623.5	19.0	.0	.0	
78.1	55.0	9.6	167.5	624.7	20.0	.0	.0	
78.0	57.2	9.7	146.3	597.2	17.0	.0	.0	
75.4	61.8	10.8	153.8	573.0	62.0	2.0	.0	
74.5	65.2	12.0	172.1	678.8	41.0	36.0	.0	
76.8	67.2	12.8	137.1	513.2	58.0	.0	.0	
76.6	66.4	11.5	153.8	488.0	45.0	.0	.0	
79.5	60.9	10.8	161.3	651.8	3.0	.0	.0	
80.1	62.6	11.4	173.8	602.1	16.0	.0	.0	
78.8	59.6	14.2	181.7	654.7	8.0	.0	.0	
80.1	57.2	13.4	166.3	708.0	2.0	.0	.0	
81.3	52.2	11.8	167.9	701.1	13.0	.0	.0	
81.7	56.4	10.4	181.3	713.7	2.0	.0	.0	
83.6	57.6	10.6	167.9	694.0	2.0	.0	.0	
82.1	58.8	8.1	134.6	635.1	38.0	.0	.0	
83.7	55.0	10.1	178.3	648.5	44.0	.0	.0	
85.3	55.2	12.9	187.9	651.9	40.0	.0	.0	
85.0	55.8	12.0	180.4	680.7	26.0	.0	.0	
82.4	57.4	8.0	120.4	555.3	46.0	.0	.0	
81.9	54.4	7.9	142.5	593.2	48.0	.0	.0	
76.1	61.8	7.3	115.0	352.3	68.0	3.0	.0	
   8    31    1983
77.9	59.8	7.0	137.9	612.0	60.0	.0	.0	
79.9	56.1	6.6	124.6	590.3	56.0	.0	.0	
79.4	56.0	7.2	120.0	602.9	18.0	.0	.0	
77.5	57.4	8.5	85.0	597.6	16.0	.0	.0	
77.3	61.0	6.2	111.3	520.4	38.0	.0	.0	
79.7	58.8	6.7	159.6	621.3	30.0	.0	.0	
74.7	61.2	6.9	130.4	347.4	68.0	5.0	.0	
77.2	58.2	7.6	72.1	570.6	29.0	.0	.0	
74.1	62.5	7.4	135.8	421.0	55.0	7.0	.0	
77.2	63.3	7.4	144.2	589.7	32.0	.0	.0	
81.9	63.6	8.6	185.4	619.2	14.0	.0	.0	
83.3	60.7	7.4	196.3	602.3	13.0	.0	.0	
81.9	59.4	9.2	152.1	594.9	30.0	15.0	.0	
80.8	58.3	6.8	211.7	635.2	17.0	.0	.0	
82.2	57.8	7.5	197.5	565.6	29.0	.0	.0	
81.2	57.3	7.1	193.8	570.6	19.0	.0	.0	
82.4	57.2	7.4	184.2	638.1	6.0	.0	.0	
80.5	58.3	9.0	122.5	556.8	15.0	.0	.0	
77.9	59.6	6.7	123.8	523.7	61.0	5.0	.0	
81.8	59.2	11.2	152.9	592.7	43.0	.0	.0	
84.7	59.6	12.5	173.8	588.4	53.0	.0	.0	
81.1	57.3	9.6	172.1	622.6	4.0	.0	.0	
81.4	59.3	11.6	175.4	600.4	24.0	.0	.0	
80.7	58.7	10.2	154.6	571.5	32.0	.0	.0	
80.6	58.0	8.0	170.0	600.7	14.0	.0	.0	
80.4	57.8	6.9	150.8	592.5	10.0	.0	.0	
81.0	56.5	5.9	153.8	601.9	12.0	.0	.0	
81.5	57.0	7.4	130.4	582.9	13.0	.0	.0	
80.9	60.5	9.6	171.7	591.1	7.0	.0	.0	
82.7	58.6	9.9	200.0	593.2	3.0	.0	.0	
83.3	57.1	9.3	204.2	550.6	12.0	.0	.0	
   9    30    1983
78.4	59.5	9.5	75.0	611.6	6.0	.0	.0	
76.4	48.3	7.4	124.6	587.8	2.0	.0	.0	
78.1	47.7	8.6	150.8	616.9	6.0	.0	.0	
82.5	52.5	13.8	187.1	586.4	10.0	.0	.0	
82.0	56.3	12.5	183.8	487.9	52.0	.0	.0	
84.1	59.6	11.4	188.8	508.0	46.0	.0	.0	
81.3	59.6	10.2	135.8	510.2	59.0	7.0	.0	
77.5	61.7	11.4	177.5	492.4	48.0	.0	.0	
77.5	61.0	11.2	177.1	567.4	4.0	.0	.0	
78.0	61.9	10.8	170.0	551.8	11.0	.0	.0	
74.2	60.9	8.5	168.3	445.9	30.0	5.0	.0	
74.6	58.5	6.4	86.7	465.8	44.0	.0	.0	
69.2	57.9	11.9	66.3	359.4	61.0	.0	.0	
68.8	57.4	8.9	159.2	342.9	52.0	.0	.0	
75.8	56.6	9.7	155.4	477.3	32.0	25.0	.0	
78.3	54.8	10.4	174.6	550.4	12.0	.0	.0	
79.7	56.1	13.6	192.1	524.8	25.0	.0	.0	
78.5	57.4	13.5	183.8	539.2	2.0	.0	.0	
80.3	59.3	12.8	182.1	517.7	10.0	.0	.0	
54.1	32.8	21.1	127.5	352.7	43.0	.0	.0	
53.3	19.9	9.2	188.3	563.0	2.0	.0	.0	
63.2	28.5	9.0	155.8	556.5	2.0	.0	.0	
65.5	37.5	11.6	135.4	495.8	19.0	.0	.0	
72.2	45.3	12.4	184.6	490.9	41.0	.0	.0	
69.6	48.2	8.6	152.1	485.2	24.0	.0	.0	
70.6	52.5	6.4	150.4	464.0	13.0	.0	.0	
74.0	57.3	11.2	180.4	442.1	54.0	.0	.0	
73.9	61.3	11.7	177.5	355.4	82.0	.0	.0	
71.5	61.9	12.2	175.0	338.2	86.0	2.0	.0	
70.5	61.3	11.3	178.3	264.9	95.0	.0	.0	
  10    31    1983
73.5	61.5	10.0	182.5	429.7	88.0	.0	.0	
72.2	60.9	12.5	209.6	339.9	65.0	28.0	.0	
70.4	57.8	9.1	254.2	379.9	62.0	.0	.0	
66.2	46.4	7.9	238.8	473.7	30.0	.0	.0	
69.0	47.1	9.4	139.2	453.7	20.0	.0	.0	
71.1	58.7	10.1	171.7	366.4	57.0	3.0	.0	
71.2	56.1	8.5	185.4	425.9	45.0	.0	.0	
61.6	60.7	11.2	63.3	178.0	98.0	27.0	.0	
63.3	61.0	9.0	105.0	268.0	77.0	100.0	.0	
66.5	59.8	13.2	182.1	306.8	55.0	.0	.0	
63.6	50.2	14.3	129.6	402.6	31.0	.0	.0	
55.7	38.8	8.3	169.6	426.2	40.0	.0	.0	
60.3	40.1	11.4	171.7	470.7	2.0	.0	.0	
66.6	45.7	16.8	187.1	440.7	5.0	.0	.0	
67.7	48.7	9.3	230.8	428.0	14.0	.0	.0	
65.8	53.2	10.2	197.1	384.8	48.0	140.0	.0	
60.3	58.9	7.8	119.6	184.4	81.0	10.0	.0	
65.3	62.1	9.2	167.5	215.4	98.0	124.0	.0	
58.3	58.0	14.1	47.9	122.5	98.0	543.0	.0	
47.7	46.9	18.9	189.6	124.3	98.0	50.0	.0	
54.0	47.0	8.9	290.8	239.5	61.0	.0	.0	
58.2	47.9	4.3	212.9	428.9	2.0	.0	.0	
61.3	51.0	8.0	157.5	428.7	2.0	.0	.0	
59.1	52.4	14.7	112.5	399.8	34.0	.0	.0	
51.9	46.6	11.1	51.7	245.5	60.0	55.0	.0	
56.1	47.4	7.7	258.8	402.2	2.0	.0	.0	
58.2	49.2	8.7	225.0	321.8	40.0	.0	.0	
60.2	50.7	8.1	200.0	264.6	70.0	.0	.0	
59.5	51.4	7.4	192.5	394.2	18.0	.0	.0	
57.9	55.1	8.0	155.8	153.0	59.0	.0	.0	
61.3	57.2	8.8	175.0	267.7	60.0	.0	.0	
  11    30    1983
63.3	59.3	9.2	184.2	184.3	78.0	.0	.0	
63.1	58.7	7.5	164.6	174.9	87.0	.0	.0	
62.5	59.4	7.1	173.3	215.6	95.0	9.0	.0	
60.0	59.4	7.3	130.8	182.6	98.0	.0	.0	
57.0	56.0	8.0	144.2	150.6	98.0	16.0	.0	
59.4	55.0	6.2	227.9	210.8	70.0	.0	.0	
59.4	54.4	8.6	169.2	313.0	25.0	.0	.0	
63.8	53.3	12.8	210.8	342.8	21.0	.0	.0	
44.7	32.2	16.3	293.3	367.6	14.0	.0	.0	
43.7	30.8	5.0	219.6	345.0	35.0	.0	.0	
52.6	37.7	12.2	185.0	325.8	18.0	.0	.0	
58.5	39.7	9.2	212.1	358.9	2.0	.0	.0	
58.6	41.0	11.0	213.8	333.4	2.0	.0	.0	
59.1	36.6	15.9	231.7	326.3	20.0	.0	.0	
47.8	29.1	7.3	234.6	309.6	15.0	.0	.0	
54.6	33.3	11.1	206.3	290.5	55.0	.0	.0	
57.4	31.4	9.7	241.7	286.9	40.0	.0	.0	
59.4	35.4	15.4	241.7	160.7	69.0	.0	.0	
45.7	30.6	17.8	300.0	225.2	40.0	2.0	.0	
52.5	28.7	12.3	237.1	329.1	10.0	.0	.0	
60.7	31.8	15.8	202.9	323.9	9.0	.0	.0	
48.1	40.5	11.3	268.8	133.9	73.0	21.0	.0	
38.9	32.1	8.8	217.1	243.1	57.0	.0	.0	
39.6	25.8	9.8	257.5	303.9	11.0	.0	.0	
52.0	29.6	17.3	205.4	297.9	18.0	.0	.0	
41.2	32.7	14.7	270.4	113.6	74.0	6.0	.0	
29.2	12.3	22.8	312.9	172.6	50.0	.0	.0	
37.6	18.7	13.1	276.7	322.5	3.0	.0	.0	
43.9	24.9	12.7	169.6	325.0	2.0	.0	.0	
32.5	23.4	12.8	75.8	286.2	50.0	.0	.0	
  12    31    1983
36.8	27.9	10.1	177.1	179.9	84.0	.0	.0	
44.6	38.4	9.3	177.1	184.6	96.0	13.0	.0	
42.1	37.9	9.0	198.8	239.1	51.0	.0	.0	
52.3	35.8	13.9	235.4	284.2	3.0	.0	.0	
39.6	29.4	10.5	240.8	285.1	7.0	.0	.0	
36.4	17.7	8.7	244.2	281.9	6.0	.0	.0	
49.3	21.8	14.6	227.5	261.8	26.0	.0	.0	
48.5	28.0	9.0	177.9	283.6	34.0	.0	.0	
43.4	31.1	8.5	185.8	261.1	41.0	.0	.0	
50.3	30.4	18.3	250.8	279.6	13.0	.0	.0	
48.6	25.3	11.9	228.8	303.2	7.0	.0	.0	
48.9	27.7	14.6	195.4	182.3	37.0	.0	.0	
42.9	24.4	13.9	206.7	238.0	50.0	.0	.0	
38.1	21.9	9.3	277.1	262.2	25.0	.0	.0	
28.5	20.1	12.2	97.5	127.1	74.0	.0	2.5	
31.3	24.8	8.6	166.7	220.9	69.0	.0	.0	
32.2	28.7	13.3	141.3	142.0	98.0	.0	.0	
11.3	8.2	15.4	42.9	142.9	98.0	.0	5.1	
16.1	14.1	9.6	149.2	150.8	98.0	.0	5.1	
19.0	18.3	9.1	126.7	140.2	98.0	.0	5.1	
7.2	5.6	11.9	65.8	135.8	98.0	.0	12.7	
6.9	1.3	8.2	94.2	160.4	98.0	.0	.0	
7.2	2.8	12.9	84.6	168.8	98.0	.0	.0	
4.4	-6.0	13.0	51.3	212.9	95.0	.0	.0	
11.5	.0	9.8	164.2	123.1	98.0	.0	.0	
31.0	15.6	13.8	205.8	257.2	28.0	.0	.0	
30.3	24.8	10.6	91.3	176.3	81.0	.0	.0	
15.2	11.2	17.2	126.7	144.1	66.0	.0	27.9	
13.5	-.4	5.9	256.7	277.8	2.0	.0	.0	
25.3	9.7	12.6	208.3	301.3	4.0	.0	.0	
37.3	19.2	13.0	215.0	276.2	33.0	.0	.0	
