01	31	2016
46.9	36.9	13.6	143.1	159.0	35.9	1	0.0
47.2	36.3	8.9	89.4	207.3	55.2	0	0.0
49.8	39.1	6.7	314.0	193.4	54.2	1	0.0
48.2	35.9	7.3	148.5	274.0	100.0	0	0.0
42.7	33.5	9.4	51.7	246.1	89.6	0	0.0
52.7	47.2	11.4	87.3	112.2	24.5	3	0.0
60.9	56.5	6.2	114.0	199.5	43.5	47	0.0
61.0	60.1	9.3	110.5	226.9	30.1	83	0.0
54.5	47.6	13.3	296.7	226.2	41.2	11	0.0
44.6	32.0	11.1	278.2	279.0	75.7	0	0.0
44.1	34.9	5.0	52.3	215.5	86.5	0	0.0
46.5	37.4	2.6	155.4	281.9	97.9	0	0.0
48.7	40.6	4.0	83.7	285.7	100.0	0	0.0
54.0	52.0	6.0	75.2	160.0	54.2	0	0.0
60.7	50.2	6.9	246.1	269.5	63.9	0	0.0
51.3	42.8	10.0	139.3	203.1	53.1	26	0.0
46.5	37.0	7.2	156.5	292.6	74.1	0	0.0
47.0	37.3	4.6	121.0	295.2	100.0	0	0.0
54.6	46.8	8.6	124.2	254.3	75.5	0	0.0
59.9	56.2	4.6	140.6	197.0	38.7	1	0.0
60.7	56.4	14.8	213.3	196.4	34.9	25	0.0
45.0	33.1	15.1	316.2	230.6	51.0	0	0.0
42.2	31.3	4.7	172.1	306.7	100.0	0	0.0
50.5	46.0	9.4	99.4	228.9	59.5	0	0.0
65.2	58.6	7.4	165.4	149.1	17.7	15	0.0
54.0	50.4	11.7	102.4	181.4	17.2	64	0.0
47.8	34.0	12.6	194.4	312.0	86.5	0	0.0
47.5	34.5	5.7	262.1	319.8	100.0	0	0.0
54.3	43.0	5.9	170.9	322.7	100.0	0	0.0
62.3	56.1	9.6	186.4	228.1	68.1	0	0.0
66.7	62.5	9.8	179.7	200.2	40.2	0	0.0
02	29	2016
68.0	65.9	9.3	143.7	233.7	68.5	0	0.0
62.9	56.7	6.8	195.7	144.6	35.4	2	0.0
52.4	34.9	9.3	251.2	237.9	71.9	0	0.0
46.4	28.0	9.3	223.5	340.8	100.0	0	0.0
44.5	28.3	5.7	110.2	344.0	100.0	0	0.0
46.4	41.0	6.1	95.5	212.2	49.0	7	0.0
46.1	39.3	4.1	124.2	349.1	98.4	0	0.0
50.9	26.4	12.5	297.5	341.2	93.8	0	0.0
49.9	23.5	10.8	295.0	355.2	99.0	0	0.0
50.8	34.7	6.3	187.9	358.8	97.9	0	0.0
61.6	54.2	9.1	216.4	364.2	99.8	0	0.0
62.8	56.1	4.9	170.6	346.2	89.6	0	0.0
58.7	46.6	10.8	105.1	262.4	46.4	0	0.0
64.7	58.3	11.7	150.1	288.6	37.1	0	0.0
64.9	56.8	10.0	165.1	265.1	54.1	24	0.0
59.5	49.1	6.0	187.6	381.4	95.8	0	0.0
57.9	41.3	7.3	86.2	381.4	96.9	0	0.0
60.4	53.6	11.0	119.0	388.8	84.4	0	0.0
67.1	60.2	10.3	160.2	320.1	64.6	0	0.0
66.5	60.6	8.3	167.6	314.8	75.9	0	0.0
68.8	65.2	7.1	172.3	325.8	44.7	0	0.0
65.6	62.5	5.0	184.3	209.9	33.0	1	0.0
61.5	55.4	12.2	186.9	218.5	19.9	51	0.0
52.9	35.1	14.7	294.0	407.7	79.2	0	0.0
56.5	35.0	9.5	212.5	416.0	100.0	0	0.0
50.6	33.5	6.8	72.9	419.9	100.0	0	0.0
52.6	42.1	3.6	70.8	421.6	99.0	0	0.0
61.4	52.2	9.7	176.5	387.0	69.8	0	0.0
66.2	59.8	7.7	163.1	186.7	55.2	0	0.0
03	31	2016
67.1	62.7	8.7	176.8	222.3	45.0	0	0.0
62.3	48.3	13.2	99.1	358.2	58.9	0	0.0
71.6	58.5	11.2	253.5	282.0	46.7	1	0.0
60.7	46.2	6.7	162.9	446.9	100.0	0	0.0
59.6	52.3	5.0	126.1	436.1	93.7	0	0.0
62.7	55.8	9.8	105.4	436.6	89.5	0	0.0
69.8	61.3	16.6	146.0	360.8	59.9	0	0.0
70.5	67.6	20.7	135.5	186.3	7.6	32	0.0
71.5	69.6	15.1	144.0	197.4	8.4	98	0.0
71.2	69.0	9.3	108.8	236.5	11.0	58	0.0
67.1	62.1	10.2	144.1	348.7	43.1	6	0.0
67.2	61.5	7.6	178.9	363.5	64.9	3	0.0
69.3	64.2	11.7	196.8	337.4	40.8	0	0.0
71.1	65.1	9.7	194.0	461.3	50.4	0	0.0
72.8	66.4	13.1	186.0	355.9	36.7	0	0.0
72.4	66.7	6.2	83.8	333.7	30.9	0	0.0
73.0	68.3	7.6	130.9	308.3	24.5	0	0.0
71.9	66.4	7.8	123.4	292.2	29.7	1	0.0
63.4	51.9	16.5	200.8	359.1	49.5	0	0.0
54.8	30.0	14.8	296.5	507.9	100.0	0	0.0
49.6	35.0	5.0	108.5	511.6	100.0	0	0.0
61.1	50.8	11.7	172.1	338.1	62.5	0	0.0
69.9	62.6	15.7	169.0	222.1	17.7	0	0.0
63.6	53.2	12.1	289.0	425.4	55.6	40	0.0
57.9	44.9	6.1	132.1	526.3	100.0	0	0.0
63.5	57.1	4.2	81.1	500.6	82.8	0	0.0
71.7	64.6	7.6	238.2	323.8	41.7	0	0.0
65.8	54.2	7.2	116.5	458.9	73.4	0	0.0
68.5	63.4	10.9	88.5	232.6	15.1	0	0.0
73.4	70.8	15.8	158.9	228.6	7.6	4	0.0
73.4	71.4	8.5	165.7	229.7	5.9	5	0.0
04	30	2016
63.0	52.0	14.5	150.2	248.5	29.2	7	0.0
60.4	41.5	10.2	301.0	554.2	100.0	0	0.0
60.0	42.4	5.0	149.6	557.5	100.0	0	0.0
64.3	52.7	4.0	145.8	546.4	95.8	0	0.0
65.7	54.5	5.0	161.3	564.0	99.4	0	0.0
67.3	56.6	8.9	233.5	449.7	78.7	0	0.0
65.8	46.5	3.9	157.7	570.5	100.0	0	0.0
67.6	43.2	8.1	82.5	573.7	100.0	0	0.0
64.8	52.0	8.9	106.7	535.3	90.6	1	0.0
71.0	63.4	14.9	149.7	383.7	41.0	0	0.0
73.5	69.3	11.3	181.7	297.9	19.3	1	0.0
72.7	68.1	8.6	67.8	326.1	35.3	1	0.0
69.8	65.5	9.0	103.2	365.8	19.4	48	0.0
70.8	64.6	7.3	174.5	369.9	25.8	0	0.0
70.3	63.2	7.3	149.6	380.1	35.2	0	0.0
73.5	67.3	16.7	98.8	266.8	10.5	4	0.0
73.3	68.5	20.8	105.0	252.9	8.3	1	0.0
69.9	67.6	13.6	156.2	332.5	19.0	230	0.0
72.8	69.5	9.8	128.6	254.4	11.5	5	0.0
72.0	68.7	7.5	156.0	343.3	21.7	19	0.0
68.6	66.2	4.7	116.0	394.4	47.0	16	0.0
71.1	58.9	6.4	253.5	570.1	88.0	0	0.0
69.0	56.4	4.4	106.7	510.4	79.7	0	0.0
69.8	61.6	7.3	110.8	517.9	66.2	2	0.0
75.2	70.5	12.0	161.7	288.2	27.3	2	0.0
77.3	71.6	13.2	155.6	350.4	19.9	0	0.0
74.4	69.2	10.7	156.1	568.6	67.2	36	0.0
77.0	72.0	9.6	92.5	461.2	43.5	0	0.0
78.1	72.9	15.7	157.6	336.2	17.5	0	0.0
78.5	71.9	9.5	180.3	566.9	41.6	5	0.0
05	31	2016
72.5	70.9	8.6	104.0	288.3	10.9	164	0.0
70.4	67.2	9.6	185.5	292.2	11.6	13	0.0
68.8	57.5	9.9	294.1	614.9	68.1	0	0.0
69.0	54.3	7.3	292.3	634.7	97.9	0	0.0
71.4	53.0	7.5	195.8	642.6	100.0	0	0.0
70.0	54.6	3.5	117.5	644.5	100.0	0	0.0
70.3	59.1	5.1	105.4	589.3	90.1	0	0.0
72.4	62.7	10.7	164.0	528.4	65.1	0	0.0
75.6	69.4	13.9	174.5	471.9	46.7	0	0.0
78.4	72.8	12.2	160.0	463.5	19.6	0	0.0
78.2	71.4	8.6	141.7	534.4	59.1	0	0.0
78.7	72.9	4.7	128.7	488.6	52.3	1	0.0
79.6	70.2	5.6	103.6	588.4	83.3	0	0.0
76.6	70.4	5.2	132.8	532.7	64.9	16	0.0
74.5	67.7	7.7	64.6	571.8	65.1	0	0.0
71.2	67.5	8.1	86.6	347.2	20.1	17	0.0
78.0	70.0	6.7	90.6	493.3	45.1	0	0.0
77.2	68.4	7.8	85.6	551.9	70.8	1	0.0
69.1	64.4	10.6	115.2	296.6	36.8	87	0.0
72.9	66.0	5.9	196.6	502.7	47.4	0	0.0
76.8	70.3	4.6	83.8	492.9	53.4	3	0.0
76.6	71.7	8.0	84.2	534.1	62.1	363	0.0
78.0	70.3	9.2	125.2	602.6	66.9	0	0.0
79.7	73.5	11.7	136.0	368.3	39.8	0	0.0
82.5	75.0	12.2	154.8	512.0	41.3	0	0.0
79.1	73.6	11.5	169.0	483.8	34.4	4	0.0
75.2	70.8	14.7	143.7	327.7	26.1	78	0.0
78.3	67.9	7.2	135.1	676.7	97.1	1	0.0
78.7	71.8	4.6	88.1	577.0	79.6	0	0.0
78.0	70.0	3.9	107.8	632.6	89.4	0	0.0
79.1	70.3	5.6	120.0	641.9	84.9	0	0.0
06	30	2016
75.6	71.4	5.0	126.2	419.7	53.3	53	0.0
74.2	70.9	8.1	157.0	464.8	38.4	73	0.0
74.2	69.3	6.6	128.1	490.0	50.6	47	0.0
73.5	70.1	8.2	96.5	464.1	34.8	35	0.0
76.6	70.0	6.5	103.8	463.9	37.1	0	0.0
79.7	71.2	4.9	157.5	586.1	59.2	48	0.0
81.5	70.2	4.9	159.2	597.5	64.1	0	0.0
81.4	70.5	4.2	70.4	659.9	90.6	0	0.0
82.7	71.3	7.4	114.4	682.2	99.0	0	0.0
82.3	74.2	6.1	113.9	454.8	46.9	1	0.0
83.8	75.9	7.9	164.2	558.1	70.8	1	0.0
81.0	76.3	7.0	161.9	499.4	61.4	12	0.0
81.7	77.2	6.6	150.9	508.5	71.4	2	0.0
83.5	76.2	8.5	174.8	527.0	72.9	0	0.0
84.8	76.4	7.9	191.9	656.4	86.5	0	0.0
83.9	76.2	6.3	179.4	650.2	88.5	0	0.0
84.1	75.5	4.2	156.9	650.0	88.8	0	0.0
81.8	74.9	6.0	222.4	581.8	78.5	140	0.0
81.3	73.2	5.1	101.2	646.2	86.5	4	0.0
81.9	73.8	4.0	72.3	534.1	69.6	0	0.0
81.0	74.5	4.0	116.8	484.9	61.4	0	0.0
82.8	72.6	7.1	163.1	640.4	86.5	0	0.0
82.6	73.2	6.8	152.5	562.9	76.6	0	0.0
81.6	73.7	4.8	125.4	495.4	78.1	0	0.0
83.9	75.2	5.6	140.3	652.6	90.3	0	0.0
83.2	75.1	2.7	108.3	627.4	87.5	0	0.0
83.7	75.8	3.1	139.6	566.2	73.4	23	0.0
80.6	75.5	6.0	235.0	517.7	66.4	86	0.0
82.5	73.5	6.2	104.9	606.4	74.5	3	0.0
83.2	73.5	5.4	67.4	627.2	79.5	0	0.0
07	31	2016
83.8	75.2	4.2	116.7	512.3	78.1	3	0.0
83.3	75.8	4.0	133.2	627.9	86.6	8	0.0
85.3	76.2	9.4	171.5	620.0	78.7	0	0.0
86.4	76.8	11.2	193.3	577.8	76.6	0	0.0
86.3	77.1	10.2	192.1	627.1	77.3	0	0.0
85.7	76.5	10.7	190.0	590.9	75.5	0	0.0
85.5	76.9	9.5	181.2	599.9	75.9	0	0.0
85.1	76.6	7.5	152.1	648.4	86.5	0	0.0
84.2	76.0	5.6	156.6	628.4	87.7	0	0.0
84.1	76.6	6.2	161.5	601.0	83.5	0	0.0
85.5	75.7	9.5	181.7	605.8	81.2	0	0.0
84.6	75.4	8.5	164.8	598.3	81.2	1	0.0
85.9	76.5	7.7	168.6	629.6	83.8	0	0.0
84.7	75.9	7.0	166.9	649.0	88.5	0	0.0
84.6	75.8	6.1	162.6	563.0	78.6	15	0.0
83.7	74.5	4.3	139.2	593.3	81.9	2	0.0
80.9	75.3	3.9	90.0	385.2	63.8	135	0.0
83.3	76.3	4.4	83.5	545.7	69.2	2	0.0
83.2	75.4	6.8	72.8	601.5	78.0	7	0.0
84.7	75.7	4.0	77.7	514.2	74.5	1	0.0
85.5	74.8	4.7	178.2	611.6	87.3	0	0.0
83.8	76.4	3.7	141.9	581.2	88.0	11	0.0
83.8	75.8	5.3	207.0	565.6	83.7	1	0.0
84.9	76.6	3.7	142.9	526.7	75.4	0	0.0
79.0	76.4	3.3	177.7	446.4	62.8	184	0.0
81.2	74.3	5.6	159.0	553.6	65.6	0	0.0
78.8	74.9	4.6	153.8	512.0	60.8	61	0.0
82.5	75.7	5.7	178.1	612.0	90.1	0	0.0
83.0	74.7	3.3	84.9	611.7	89.5	13	0.0
82.5	76.2	4.0	164.3	498.8	78.2	11	0.0
83.4	76.5	5.0	171.1	574.7	75.0	0	0.0
08	31	2016
84.3	75.8	3.8	139.6	579.7	74.0	0	0.0
85.0	76.2	4.0	164.2	585.5	87.0	0	0.0
85.7	76.7	3.7	176.0	628.1	93.8	0	0.0
85.4	76.8	4.7	166.9	529.2	79.2	0	0.0
84.5	76.8	3.8	157.5	585.1	89.6	8	0.0
85.3	76.3	5.6	201.7	570.2	88.0	0	0.0
85.9	76.2	5.0	178.2	586.3	84.4	0	0.0
85.5	75.5	4.7	135.6	598.5	75.5	0	0.0
84.4	75.8	4.8	106.9	550.9	81.4	15	0.0
84.4	77.6	4.8	195.3	567.7	81.0	15	0.0
84.9	79.2	6.1	210.4	603.3	90.6	0	0.0
84.6	77.5	8.3	204.0	586.3	89.1	0	0.0
80.7	76.2	9.3	226.3	485.9	35.6	134	0.0
78.0	73.9	5.4	112.5	371.5	27.0	49	0.0
79.8	76.0	7.1	117.9	407.4	49.4	30	0.0
78.8	76.0	7.4	108.2	483.2	59.7	53	0.0
78.5	75.4	5.1	70.6	463.6	75.7	82	0.0
80.1	76.1	5.5	90.6	439.6	59.5	3	0.0
81.8	76.6	4.6	131.2	557.0	82.8	3	0.0
83.3	75.9	6.8	164.6	568.4	83.3	0	0.0
80.4	76.2	3.4	92.8	534.8	72.7	16	0.0
79.6	75.8	4.3	87.8	495.1	80.6	26	0.0
83.2	75.9	5.7	127.5	548.1	84.4	0	0.0
83.4	75.7	3.8	102.8	543.0	88.5	0	0.0
82.9	74.9	6.2	125.4	475.8	69.8	0	0.0
79.8	74.6	4.4	102.2	490.6	68.1	7	0.0
78.5	74.2	8.8	54.6	476.1	64.0	136	0.0
77.3	74.4	7.6	39.2	320.2	54.7	13	0.0
80.0	73.5	8.7	60.8	427.7	64.1	0	0.0
82.5	72.7	6.5	40.6	535.6	80.2	0	0.0
85.0	74.3	6.1	114.2	555.5	89.1	0	0.0
09	30	2016
85.6	73.1	7.4	103.5	537.8	90.6	2	0.0
84.5	73.3	8.2	48.3	572.6	96.9	0	0.0
83.4	69.5	7.5	33.1	546.5	93.2	0	0.0
83.3	74.4	6.1	95.6	444.7	68.9	2	0.0
83.8	75.4	6.5	147.3	486.7	75.0	0	0.0
82.6	76.4	5.6	102.2	454.2	66.2	7	0.0
82.0	74.7	4.8	117.7	411.0	75.0	2	0.0
83.0	74.8	4.6	141.0	513.5	87.5	0	0.0
82.2	73.3	6.4	159.4	431.6	78.1	0	0.0
80.0	73.7	4.0	175.8	519.0	76.6	9	0.0
80.0	71.6	6.5	129.8	499.2	86.5	1	0.0
80.8	73.1	5.8	84.0	427.9	72.7	0	0.0
81.4	74.4	8.3	68.5	419.7	76.7	1	0.0
82.4	72.9	8.0	48.8	435.9	76.0	0	0.0
82.4	73.9	9.1	63.1	408.2	78.7	5	0.0
80.6	76.5	7.2	88.1	340.9	53.0	155	0.0
81.4	75.8	3.2	147.0	459.5	82.8	0	0.0
83.5	76.3	3.7	173.1	470.8	85.9	0	0.0
84.3	75.9	3.5	157.3	452.0	75.3	2	0.0
83.1	72.2	6.3	66.2	476.1	81.8	0	0.0
82.2	70.2	5.0	85.4	451.1	84.4	0	0.0
82.7	75.0	6.7	145.6	384.7	58.9	0	0.0
81.8	74.5	6.9	118.1	346.3	67.7	1	0.0
82.1	73.5	7.4	116.8	446.8	67.7	0	0.0
79.6	73.9	6.0	119.8	402.3	64.8	18	0.0
77.4	72.9	5.3	163.1	312.2	67.2	13	0.0
77.2	68.0	7.5	141.5	491.1	85.9	0	0.0
75.9	63.9	4.7	200.8	426.7	89.6	0	0.0
72.0	58.9	7.9	134.4	493.0	99.0	0	0.0
68.8	54.4	5.4	102.7	489.2	100.0	0	0.0
10	31	2016
71.0	58.5	4.2	92.3	482.8	99.0	0	0.0
73.9	60.9	5.7	60.6	467.1	96.3	0	0.0
73.4	61.9	5.6	52.6	471.7	97.0	0	0.0
77.1	70.4	8.7	91.5	364.2	69.8	19	0.0
79.6	73.0	9.8	118.8	328.7	59.4	1	0.0
78.9	70.9	6.2	78.9	409.0	87.8	0	0.0
80.3	68.2	8.9	197.9	438.2	91.7	0	0.0
77.3	61.7	11.4	79.0	458.3	100.0	0	0.0
67.7	46.9	8.3	87.1	454.4	100.0	0	0.0
68.9	55.1	4.7	129.6	450.5	99.0	0	0.0
76.7	69.9	10.7	108.4	232.8	39.4	8	0.0
76.6	70.2	7.7	123.7	300.9	75.3	0	0.0
76.2	67.8	4.0	81.9	415.6	88.5	0	0.0
75.1	66.7	3.5	58.1	368.1	84.0	0	0.0
77.5	70.9	7.0	105.6	316.7	72.7	0	0.0
77.6	70.7	6.0	123.0	337.5	78.5	0	0.0
78.3	71.1	7.5	155.0	372.8	80.2	0	0.0
79.8	72.7	6.9	155.8	391.1	81.1	0	0.0
79.0	71.8	6.0	117.8	304.7	65.6	0	0.0
74.5	69.3	7.1	179.2	312.0	60.7	6	0.0
64.3	50.8	9.7	135.2	407.6	100.0	0	0.0
59.9	45.1	4.8	90.8	403.3	99.0	0	0.0
64.2	54.6	5.2	131.9	384.1	91.7	0	0.0
69.3	60.5	5.0	94.8	395.7	87.5	0	0.0
67.1	58.0	3.8	58.8	390.2	99.0	0	0.0
68.4	60.1	3.5	70.8	359.5	91.2	0	0.0
71.2	62.6	4.8	70.1	380.6	97.6	0	0.0
72.2	62.8	5.2	59.5	381.5	99.6	0	0.0
71.4	63.0	4.8	79.6	377.9	97.1	0	0.0
69.0	60.5	3.2	61.5	331.1	88.1	0	0.0
69.3	61.6	5.3	120.9	352.2	90.9	0	0.0
11	30	2016
75.1	67.9	8.8	118.3	272.6	76.0	0	0.0
76.0	71.2	10.1	95.0	182.7	40.1	3	0.0
75.3	68.6	5.7	83.2	282.9	72.6	0	0.0
74.7	66.2	3.6	136.0	280.1	68.8	0	0.0
71.7	55.1	7.3	49.2	231.6	46.4	0	0.0
71.1	61.3	8.8	82.9	313.6	55.7	63	0.0
68.6	63.5	11.1	61.4	249.2	27.3	126	0.0
69.1	64.7	8.3	58.0	167.3	11.6	0	0.0
68.9	59.8	11.2	33.3	332.1	67.7	0	0.0
62.3	51.1	7.6	105.6	338.5	100.0	0	0.0
62.9	49.0	5.3	154.2	335.5	99.7	0	0.0
65.8	51.4	5.9	114.6	332.6	94.8	0	0.0
58.2	44.9	5.9	107.5	278.4	92.7	0	0.0
60.5	50.7	2.5	116.1	325.4	95.8	0	0.0
65.8	56.8	4.0	196.5	322.5	97.4	0	0.0
64.1	55.5	3.3	81.8	321.2	100.0	0	0.0
70.5	62.6	9.8	136.2	284.1	71.6	0	0.0
72.0	62.9	10.7	205.5	234.2	41.5	16	0.0
53.0	34.0	12.9	188.8	313.4	95.3	0	0.0
48.9	33.0	4.7	78.1	310.9	100.0	0	0.0
57.8	49.6	8.2	95.8	308.4	94.8	0	0.0
69.4	61.0	11.6	133.9	239.4	60.4	0	0.0
67.0	59.6	8.2	231.8	232.4	73.5	19	0.0
59.6	51.5	4.4	67.9	301.4	100.0	0	0.0
63.9	54.1	6.1	55.4	280.6	75.0	0	0.0
60.9	50.1	8.2	53.3	297.1	100.0	0	0.0
60.8	53.0	9.7	112.7	295.1	91.7	0	0.0
73.0	67.3	13.6	170.4	136.3	30.6	2	0.0
74.6	70.5	7.7	183.8	201.3	39.2	2	0.0
60.0	41.8	10.6	253.7	209.5	55.2	0	0.0
12	31	2016
53.2	36.2	6.7	101.0	287.6	88.5	0	0.0
57.9	45.1	12.5	67.3	168.2	20.8	7	0.0
55.1	52.2	15.4	98.5	110.5	2.6	408	0.0
53.1	50.9	10.7	141.0	126.3	7.8	37	0.0
53.2	50.8	10.0	130.3	121.1	8.7	71	0.0
58.2	51.8	5.0	202.0	258.0	42.1	0	0.0
57.9	52.7	7.0	65.8	146.4	10.1	0	0.0
49.0	41.8	17.5	34.0	135.1	13.3	11	0.0
44.7	26.8	11.5	83.1	272.3	46.9	0	0.0
47.0	29.9	9.4	80.4	232.2	56.2	0	0.0
64.6	57.2	12.4	141.4	137.9	14.9	0	0.0
70.2	66.5	4.3	110.5	118.7	8.1	17	0.0
71.7	67.2	7.3	238.5	128.1	8.1	10	0.0
58.9	53.8	8.8	123.0	117.2	21.9	0	0.0
48.8	37.8	10.1	38.3	249.5	63.0	0	0.0
61.2	55.4	11.6	125.8	107.5	6.6	6	0.0
73.4	70.0	12.6	177.0	116.5	6.0	7	0.0
43.0	31.1	19.1	244.6	186.4	48.4	14	0.0
40.3	19.3	13.8	170.6	261.3	79.2	0	0.0
44.5	27.6	5.7	69.8	233.0	92.7	0	0.0
58.0	47.8	4.9	143.3	265.1	65.6	0	0.0
64.7	59.3	4.1	105.0	143.0	12.5	0	0.0
65.1	62.0	8.5	111.6	116.0	20.5	0	0.0
69.5	65.1	8.5	126.3	225.8	37.4	0	0.0
70.8	67.7	14.1	131.4	125.2	12.0	2	0.0
72.9	69.3	9.4	132.1	136.0	12.2	0	0.0
71.7	68.1	3.4	96.5	156.8	74.5	0	0.0
71.2	68.2	6.9	168.9	163.6	36.2	0	0.0
63.6	45.0	12.1	215.2	251.4	64.7	0	0.0
51.3	30.9	7.6	87.5	235.8	66.7	0	0.0
63.3	60.1	5.3	115.5	126.6	19.8	263	0.0
