01	31	2009
51.0	26.5	10.1	196.2	257.4	100.0	0	0.0
58.8	33.6	9.5	222.0	258.2	100.0	0	0.0
62.8	39.0	10.1	218.3	259.1	100.0	0	0.0
38.8	18.8	12.3	81.5	212.0	62.5	0	0.0
38.4	17.0	7.7	229.4	199.8	39.1	1	2.5
48.4	21.2	14.3	236.7	258.1	81.8	0	0.0
46.6	17.9	9.6	232.3	263.4	100.0	0	0.0
53.6	21.4	6.3	190.8	264.7	100.0	0	0.0
59.4	28.1	10.3	211.9	266.0	100.0	0	0.0
43.3	21.0	11.8	251.5	267.5	100.0	0	0.0
39.8	12.2	5.0	195.6	269.0	100.0	0	0.0
47.6	15.4	11.4	200.4	270.6	100.0	0	0.0
41.5	10.8	5.4	123.1	272.3	100.0	0	0.0
46.4	15.9	6.5	168.1	274.0	100.0	0	0.0
35.3	17.3	9.1	59.2	119.6	37.0	0	0.0
44.9	26.8	8.8	118.5	139.3	11.6	0	0.0
54.6	40.6	11.6	228.1	257.4	60.1	0	0.0
50.4	21.4	8.5	276.0	281.8	100.0	0	0.0
55.8	17.1	12.3	294.6	283.9	100.0	0	0.0
50.4	16.4	8.8	311.9	286.1	100.0	0	0.0
52.1	18.5	6.7	241.0	288.3	100.0	0	0.0
61.8	21.7	12.8	208.5	290.7	100.0	0	0.0
66.2	36.2	13.1	213.3	290.0	97.9	0	0.0
37.2	15.2	10.0	144.0	295.5	100.0	0	0.0
48.7	24.5	6.0	121.7	298.1	100.0	0	0.0
55.1	46.8	10.6	137.6	158.9	21.4	0	0.0
28.6	25.4	10.5	192.7	130.0	11.1	3	10.0
38.8	24.2	4.5	185.6	287.4	63.5	0	0.0
35.8	24.5	5.1	48.0	283.0	91.2	0	0.0
40.6	16.7	5.7	230.8	311.7	100.0	0	0.0
46.0	18.4	8.9	197.1	314.6	100.0	0	0.0
02	28	2009
54.1	25.0	14.5	217.9	317.5	100.0	0	0.0
42.4	9.0	5.8	239.0	320.5	100.0	0	0.0
49.4	10.6	7.8	181.0	323.6	100.0	0	0.0
49.4	18.0	4.1	90.8	326.7	100.0	0	0.0
59.6	40.5	15.3	190.6	329.9	100.0	0	0.0
64.6	45.4	16.9	185.6	333.1	100.0	0	0.0
65.8	50.3	11.7	167.5	321.5	75.1	0	0.0
63.4	50.1	17.9	164.2	176.5	31.9	13	0.0
56.7	36.3	11.5	210.6	343.0	87.5	19	0.0
61.6	35.7	21.9	220.2	344.5	93.4	0	0.0
53.6	23.8	19.9	257.5	349.8	100.0	0	0.0
55.8	25.6	9.7	188.8	353.2	100.0	0	0.0
62.3	36.0	7.2	207.1	356.8	94.8	0	0.0
42.1	26.1	9.2	46.6	177.1	55.7	0	0.0
44.1	28.3	7.4	64.8	363.8	100.0	0	0.0
49.6	37.3	8.7	110.8	156.2	21.9	0	0.0
62.0	51.0	11.2	209.7	287.9	55.6	0	0.0
58.0	28.0	9.8	261.5	374.9	99.7	0	0.0
46.1	21.5	6.4	110.2	378.6	100.0	0	0.0
53.8	28.0	13.6	170.0	382.4	100.0	0	0.0
48.2	22.2	12.9	237.0	386.3	89.8	0	0.0
44.1	9.3	6.1	172.9	390.3	100.0	0	0.0
58.7	13.0	12.9	187.7	394.2	100.0	0	0.0
70.3	33.0	14.6	216.0	398.2	100.0	0	0.0
68.6	31.4	8.0	238.1	402.2	100.0	0	0.0
73.4	31.1	11.4	229.6	406.3	100.0	0	0.0
62.9	38.7	7.2	144.0	410.3	100.0	0	0.0
47.0	17.3	15.3	99.8	414.4	100.0	0	0.0
03	31	2009
41.5	10.7	4.1	106.9	418.5	100.0	0	0.0
53.5	13.7	7.8	141.5	422.5	100.0	0	0.0
63.2	28.6	11.6	181.9	426.6	100.0	0	0.0
69.7	42.6	12.2	177.9	430.7	100.0	0	0.0
73.1	47.5	14.2	199.0	434.8	100.0	1	0.0
71.1	51.5	12.6	178.5	358.1	74.2	0	0.0
68.3	54.8	13.0	194.4	364.9	67.4	0	0.0
69.2	29.6	7.0	149.4	447.1	96.7	0	0.0
72.2	57.6	11.4	164.1	339.1	75.7	0	0.0
70.2	48.3	5.7	225.2	410.1	59.9	1	0.0
40.2	34.2	13.8	109.0	187.3	8.6	88	0.0
37.6	33.7	10.9	43.8	187.7	6.6	0	0.0
38.7	35.9	10.7	89.8	164.1	4.1	16	0.0
44.4	36.9	6.5	242.7	199.6	6.2	0	0.0
55.9	41.6	7.3	182.6	442.5	67.5	0	0.0
64.1	37.2	8.1	227.5	479.6	100.0	0	0.0
67.2	40.2	12.0	187.5	483.6	100.0	0	0.0
69.2	47.8	10.2	185.2	487.5	100.0	0	0.0
66.3	51.6	4.3	78.3	412.6	76.6	0	0.0
67.9	44.2	8.5	156.0	495.4	100.0	0	0.0
68.8	49.1	10.5	147.8	481.4	84.2	0	0.0
68.9	54.8	14.5	167.8	250.6	47.2	0	0.0
71.1	57.0	18.9	179.3	379.7	69.1	0	0.0
68.1	31.3	10.1	222.5	510.9	81.6	0	0.0
61.6	33.9	7.9	175.1	409.8	70.3	42	0.0
64.5	26.4	12.3	214.6	518.5	100.0	0	0.0
49.9	30.0	18.0	283.1	402.4	81.6	0	0.0
49.1	18.5	15.5	285.4	525.9	100.0	0	0.0
59.0	21.6	13.4	178.5	529.6	100.0	0	0.0
70.1	33.9	16.6	246.9	533.2	100.0	0	0.0
57.5	22.3	6.6	254.6	536.8	100.0	0	0.0
04	30	2009
67.9	30.1	16.1	190.4	540.4	93.8	0	0.0
60.2	22.9	18.6	260.0	543.9	100.0	0	0.0
63.9	28.8	13.6	157.5	547.4	100.0	0	0.0
73.8	34.7	14.3	222.5	550.9	100.0	0	0.0
55.9	21.0	16.8	272.7	554.2	100.0	0	0.0
48.8	16.5	10.5	149.4	557.6	100.0	0	0.0
55.7	13.2	9.9	214.2	560.9	100.0	0	0.0
74.3	25.4	12.5	213.5	564.2	100.0	0	0.0
73.0	24.9	15.4	252.1	567.5	100.0	0	0.0
57.0	28.5	9.7	65.8	570.6	100.0	0	0.0
61.6	43.3	13.1	111.4	310.9	22.6	7	0.0
63.3	41.0	11.6	234.9	577.0	73.8	6	0.0
59.4	39.6	9.3	277.3	580.2	97.4	0	0.0
64.7	37.0	7.5	164.6	583.3	100.0	0	0.0
68.0	44.2	11.9	144.2	586.4	100.0	0	0.0
67.6	57.4	13.6	141.2	378.1	27.9	1	0.0
66.8	47.4	5.7	121.6	508.0	55.8	71	0.0
66.6	37.5	8.3	245.3	595.4	93.1	0	0.0
62.9	39.7	11.6	273.8	598.5	100.0	0	0.0
63.3	35.9	5.6	210.2	601.3	100.0	0	0.0
74.1	33.1	10.7	217.1	604.2	100.0	0	0.0
82.4	34.5	16.8	189.2	607.0	100.0	0	0.0
75.5	48.0	13.2	175.8	609.7	93.8	0	0.0
76.3	54.6	18.7	175.6	570.6	87.5	0	0.0
76.4	63.1	14.1	173.3	391.1	62.5	0	0.0
75.1	64.2	15.6	158.2	441.1	45.3	7	0.0
65.8	58.1	9.5	123.5	577.9	60.7	158	0.0
66.3	62.3	9.3	76.8	259.7	25.4	0	0.0
72.8	65.9	9.4	154.5	361.1	44.1	0	0.0
74.2	65.2	8.5	161.2	434.5	65.1	0	0.0
05	31	2009
77.3	67.6	9.7	178.2	455.7	51.6	0	0.0
66.7	62.1	5.9	117.0	249.4	20.5	1	0.0
64.4	54.8	8.6	91.9	565.8	83.3	0	0.0
65.5	56.3	7.4	84.6	353.2	56.8	0	0.0
77.3	66.2	10.6	159.8	617.4	73.6	0	0.0
79.9	64.9	10.1	127.1	641.0	96.9	0	0.0
83.8	66.4	9.6	155.3	605.1	73.3	0	0.0
87.7	64.3	14.6	183.1	645.1	100.0	0	0.0
73.5	61.6	12.8	68.8	346.0	40.6	0	0.0
76.0	58.2	8.0	103.5	580.2	63.5	0	0.0
72.5	63.0	12.3	63.8	470.5	70.5	0	0.0
79.8	62.4	11.8	141.2	644.0	84.4	4	0.0
80.2	63.6	12.4	185.8	597.6	86.3	0	0.0
79.0	63.3	9.5	148.8	352.4	60.4	0	0.0
79.5	61.6	11.4	184.6	622.9	80.6	0	0.0
69.6	58.4	13.1	81.3	426.8	33.7	0	0.0
68.5	42.5	9.5	49.6	661.3	77.1	0	0.0
68.6	46.5	5.4	89.0	662.9	100.0	0	0.0
69.8	40.5	7.5	99.2	664.5	100.0	0	0.0
70.8	47.3	7.7	124.2	665.1	99.5	0	0.0
73.9	49.2	8.2	133.8	655.1	94.8	0	0.0
72.7	55.1	5.8	121.5	564.2	59.4	0	0.0
68.9	60.0	5.9	115.1	645.1	81.1	2	0.0
69.0	59.9	4.6	89.0	577.3	72.4	1	0.0
74.9	56.1	4.6	165.7	670.9	98.7	0	0.0
79.2	52.9	8.7	203.9	673.1	94.7	0	0.0
73.5	54.5	7.3	52.1	634.9	93.2	0	0.0
75.9	56.8	5.6	100.2	671.5	91.7	0	0.0
76.1	50.9	6.0	135.2	665.1	97.4	0	0.0
77.2	55.0	4.3	109.2	636.0	88.0	0	0.0
80.1	56.9	9.5	165.0	657.0	84.9	0	0.0
06	30	2009
76.6	59.6	7.7	153.9	680.6	82.5	54	0.0
78.2	63.2	10.7	149.3	637.1	78.3	14	0.0
73.2	61.7	8.3	178.5	613.3	87.8	0	0.0
72.8	58.3	4.1	51.5	683.2	100.0	0	0.0
78.9	55.1	6.3	152.5	684.0	100.0	0	0.0
87.0	58.5	12.9	184.6	684.8	97.9	0	0.0
83.7	59.5	13.6	177.3	685.5	100.0	0	0.0
83.8	64.2	10.5	180.6	655.3	95.8	0	0.0
81.8	64.7	6.9	171.2	686.8	95.8	0	0.0
81.7	65.7	10.7	157.9	625.0	86.5	0	0.0
85.6	58.2	9.3	187.1	687.9	100.0	0	0.0
89.6	61.0	9.3	125.6	688.4	100.0	0	0.0
91.6	61.4	11.5	175.2	688.8	100.0	0	0.0
89.7	56.4	11.4	176.5	689.2	100.0	0	0.0
87.9	60.0	13.7	175.6	689.6	100.0	0	0.0
88.8	61.0	11.8	177.3	689.9	100.0	0	0.0
86.2	62.1	13.6	166.5	687.9	99.0	0	0.0
85.2	63.9	12.5	187.7	573.8	63.5	0	0.0
77.5	69.5	7.1	167.1	429.1	33.2	39	0.0
80.8	67.9	9.8	155.9	378.9	46.9	0	0.0
83.2	66.8	10.3	179.5	517.7	79.0	0	0.0
85.6	62.3	8.6	173.8	683.8	96.9	0	0.0
86.6	59.6	6.8	158.5	669.6	91.2	0	0.0
86.7	59.2	3.8	70.4	650.8	93.8	0	0.0
89.2	57.8	5.1	115.0	646.8	84.9	0	0.0
88.3	60.1	5.3	115.0	647.2	90.6	0	0.0
89.3	60.4	6.9	158.3	614.4	80.7	0	0.0
87.8	62.3	7.5	224.0	655.3	72.9	0	0.0
83.9	64.0	5.1	151.7	651.7	92.2	0	0.0
77.7	66.5	7.9	69.2	630.5	77.6	2	0.0
07	31	2009
78.1	67.6	6.3	97.8	619.3	64.1	16	0.0
84.2	64.1	5.1	87.3	660.0	87.0	0	0.0
86.5	62.6	7.8	183.1	686.9	97.9	0	0.0
90.0	63.3	10.7	171.2	671.1	92.7	0	0.0
82.2	67.0	6.8	161.5	663.6	86.5	0	0.0
78.8	69.7	6.0	78.5	484.8	48.7	113	0.0
83.2	66.7	3.2	94.6	683.7	99.0	0	0.0
89.0	63.8	7.9	170.0	686.4	100.0	0	0.0
91.4	60.7	9.8	178.8	684.4	99.0	0	0.0
89.0	60.0	9.2	178.1	685.0	100.0	0	0.0
86.3	59.8	7.3	162.3	673.5	95.8	0	0.0
87.9	62.0	7.0	171.2	664.7	90.6	0	0.0
89.0	59.8	9.4	166.9	682.7	100.0	0	0.0
89.0	58.0	10.5	178.3	681.8	100.0	0	0.0
89.5	59.9	10.6	167.9	680.9	100.0	0	0.0
89.7	59.2	6.4	128.8	679.9	100.0	0	0.0
86.8	63.2	7.9	102.5	678.9	92.4	5	0.0
87.0	61.7	6.6	85.0	677.9	96.9	0	0.0
85.1	61.5	8.0	183.1	668.0	81.8	4	0.0
79.6	64.1	11.9	178.9	616.4	93.1	23	0.0
81.8	66.0	7.2	105.6	660.3	94.8	0	0.0
76.0	67.3	9.2	90.7	542.3	68.9	51	0.0
72.8	65.6	8.1	85.6	655.5	72.9	5	0.0
82.7	58.9	6.4	129.0	670.6	91.7	0	0.0
85.9	59.0	9.2	172.3	666.1	99.0	0	0.0
86.1	60.0	7.0	167.3	667.9	96.9	0	0.0
84.9	65.2	8.1	136.0	654.0	94.8	1	0.0
86.0	67.0	6.4	101.2	658.4	89.1	0	0.0
80.9	69.7	7.5	149.1	588.9	68.1	26	0.0
76.1	68.4	7.2	103.8	615.3	70.0	27	0.0
77.3	70.7	4.3	96.4	515.2	54.9	12	0.0
08	31	2009
79.4	70.5	4.6	55.2	568.6	69.3	67	0.0
80.2	69.6	3.2	108.8	656.7	100.0	0	0.0
82.7	61.5	6.7	167.5	654.9	100.0	0	0.0
84.6	65.7	7.5	169.2	649.9	99.0	0	0.0
84.2	64.5	6.3	167.3	650.3	99.5	0	0.0
83.4	63.1	6.5	165.6	649.2	100.0	0	0.0
85.0	59.4	9.1	175.4	647.3	100.0	0	0.0
85.0	61.7	10.8	174.2	645.2	100.0	0	0.0
85.0	64.5	11.2	164.0	641.2	99.0	0	0.0
86.3	63.7	10.2	170.0	641.1	100.0	0	0.0
85.2	66.5	8.7	134.3	620.0	92.2	0	0.0
80.4	68.2	4.0	97.7	598.6	86.9	19	0.0
80.0	67.5	5.4	84.8	631.0	92.2	0	0.0
85.2	63.6	7.8	153.5	612.2	94.8	0	0.0
87.9	64.2	11.1	174.4	626.8	90.1	0	0.0
88.9	63.6	11.2	171.9	626.4	99.0	0	0.0
87.8	61.9	9.3	161.7	619.0	97.9	0	0.0
86.4	61.8	8.3	165.4	586.7	92.2	0	0.0
87.7	61.9	11.0	179.2	619.3	99.0	0	0.0
87.9	63.6	9.1	137.1	598.8	95.3	0	0.0
86.1	64.6	5.3	89.6	565.6	79.7	0	0.0
83.2	66.0	4.7	110.2	578.4	95.6	9	0.0
85.8	62.1	5.6	163.5	604.8	93.8	0	0.0
87.7	54.8	9.0	176.5	607.6	95.8	0	0.0
86.2	55.2	6.7	170.0	593.3	93.8	0	0.0
85.8	57.3	6.0	197.1	586.5	93.8	0	0.0
81.1	60.3	5.9	162.9	554.8	92.2	2	0.0
79.3	60.6	6.4	116.9	571.1	80.7	0	0.0
77.6	52.6	4.1	125.2	593.6	96.9	0	0.0
78.2	55.5	7.6	70.4	575.6	96.3	0	0.0
78.2	54.5	6.7	80.0	576.2	92.7	0	0.0
09	30	2009
80.7	56.6	6.7	144.0	574.6	89.1	0	0.0
80.1	58.9	7.2	175.0	574.9	97.9	0	0.0
81.2	59.4	5.6	179.8	578.5	100.0	0	0.0
79.3	60.5	8.3	110.0	545.9	72.2	0	0.0
74.5	63.5	7.3	122.8	522.8	58.2	14	0.0
74.8	64.7	3.3	61.8	493.0	88.2	15	0.0
79.5	62.3	5.3	121.9	534.9	90.6	0	0.0
78.5	63.4	7.8	149.4	495.0	76.9	13	0.0
74.3	69.1	2.5	79.1	474.0	77.3	14	0.0
74.9	67.9	5.0	83.8	546.7	60.9	67	0.0
71.5	67.3	5.6	79.7	326.8	33.0	52	0.0
67.8	65.1	9.9	264.1	240.8	9.2	145	0.0
69.1	64.2	12.4	331.6	236.2	9.0	10	0.0
72.3	62.1	8.8	254.0	398.1	55.7	0	0.0
71.7	63.1	4.4	72.9	509.4	91.7	0	0.0
73.2	62.4	8.7	165.8	416.8	74.5	0	0.0
72.1	60.0	11.9	196.7	393.9	70.3	0	0.0
71.3	62.8	6.8	197.1	282.9	46.9	0	0.0
72.0	61.0	2.7	104.4	515.8	97.9	0	0.0
74.7	62.0	6.2	125.2	517.9	99.0	0	0.0
80.5	64.4	9.9	172.3	516.1	92.7	0	0.0
65.6	50.8	12.5	120.0	325.2	46.4	0	0.0
62.7	48.9	4.7	94.2	474.6	61.5	0	0.0
63.4	49.3	6.4	74.2	412.7	56.2	0	0.0
66.9	54.8	3.5	84.2	471.8	87.5	0	0.0
73.9	58.3	4.4	120.5	497.8	100.0	0	0.0
78.8	60.5	7.7	181.9	493.9	100.0	0	0.0
75.0	59.0	9.7	79.0	441.0	86.5	0	0.0
70.3	54.8	6.9	93.3	365.0	61.3	0	0.0
78.6	65.4	11.6	181.2	466.9	84.5	0	0.0
10	31	2009
81.2	56.6	13.9	207.1	472.7	94.4	1	0.0
64.9	40.6	6.9	74.8	398.8	83.8	0	0.0
69.4	56.9	6.6	137.8	299.0	34.9	0	0.0
72.4	66.9	4.5	77.3	255.4	28.1	8	0.0
78.7	69.0	10.1	125.0	396.2	76.0	0	0.0
71.8	64.3	12.2	119.3	208.2	24.8	0	0.0
66.6	59.7	8.8	53.8	271.1	31.6	0	0.0
80.4	68.7	13.0	195.6	367.7	56.4	10	0.0
55.2	48.9	9.7	205.3	235.1	42.7	57	0.0
54.6	48.4	7.1	56.2	302.6	45.7	0	0.0
54.4	49.4	9.4	72.7	185.6	7.3	0	0.0
64.5	59.3	3.6	79.7	202.1	24.5	0	0.0
72.7	65.9	5.4	153.6	417.6	67.4	27	0.0
76.6	67.0	5.8	156.1	415.9	89.4	0	0.0
69.4	61.8	7.2	111.6	356.4	89.2	0	0.0
60.7	49.4	8.0	79.4	419.6	98.1	0	0.0
61.0	48.0	4.4	86.9	415.7	93.2	0	0.0
63.5	45.9	8.7	132.9	411.8	100.0	0	0.0
69.1	54.2	13.7	185.8	407.9	100.0	0	0.0
70.5	55.8	15.0	174.8	404.0	100.0	0	0.0
65.0	58.2	10.0	214.9	193.8	14.4	68	0.0
56.9	43.0	11.7	299.5	396.2	81.2	0	0.0
54.4	40.4	3.7	136.7	392.4	100.0	0	0.0
62.1	46.0	12.9	191.2	388.6	100.0	0	0.0
68.2	55.9	12.6	166.2	384.7	96.9	0	0.0
51.7	41.9	11.8	222.5	327.5	53.5	13	0.0
53.2	39.2	8.8	200.2	377.2	100.0	0	0.0
68.6	54.4	14.7	173.1	373.4	100.0	0	0.0
54.7	41.8	13.1	258.3	188.2	20.7	0	0.0
51.8	30.7	8.8	257.1	366.0	80.2	0	0.0
52.6	30.6	4.6	162.9	362.4	100.0	0	0.0
11	30	2009
55.7	35.6	6.0	170.2	358.1	97.9	0	0.0
55.5	41.5	3.8	99.2	355.1	100.0	0	0.0
56.2	43.4	3.0	102.3	351.6	100.0	0	0.0
59.2	45.5	5.6	165.4	348.1	100.0	0	0.0
59.2	46.2	5.2	162.3	344.6	100.0	0	0.0
62.7	48.2	8.8	167.5	341.1	100.0	0	0.0
65.3	52.6	8.2	172.3	323.6	87.7	0	0.0
66.1	56.9	7.9	147.1	295.5	64.9	0	0.0
61.9	55.0	3.5	56.4	223.2	53.3	0	0.0
57.3	49.3	4.8	161.7	321.0	95.5	0	0.0
59.6	48.5	4.2	137.9	324.7	100.0	0	0.0
60.9	49.7	8.8	164.8	321.5	100.0	0	0.0
65.3	50.4	9.9	187.1	318.4	100.0	0	0.0
65.2	53.9	7.6	177.5	315.4	100.0	0	0.0
66.3	47.3	7.6	236.7	303.4	67.0	0	0.0
47.5	26.9	11.7	314.8	309.5	100.0	0	0.0
45.3	21.8	4.7	199.6	306.6	100.0	0	0.0
50.9	25.1	8.1	192.5	303.8	100.0	0	0.0
63.9	43.7	10.1	201.9	298.8	76.6	1	0.0
52.3	40.7	5.8	213.8	298.4	89.4	0	0.0
48.1	34.0	3.9	171.2	295.8	100.0	0	0.0
52.5	33.8	5.2	162.6	292.6	93.4	0	0.0
56.1	42.5	10.3	205.5	286.6	88.6	0	0.0
50.8	22.9	10.5	109.8	288.3	74.0	0	0.0
42.6	20.4	3.9	138.1	286.1	100.0	0	0.0
44.2	22.7	4.0	193.5	283.8	100.0	0	0.0
50.5	31.4	7.2	179.8	281.6	96.9	0	0.0
60.2	43.7	9.9	189.8	279.5	100.0	0	0.0
53.4	46.1	9.4	138.4	115.4	24.3	0	0.0
47.9	28.0	9.7	62.5	262.1	72.4	0	0.0
12	31	2009
41.9	34.8	5.8	168.2	95.8	6.6	62	0.0
40.5	33.8	9.8	307.6	111.8	22.6	4	0.0
35.8	22.5	9.9	107.3	127.5	26.0	0	0.0
30.9	22.5	7.8	111.4	193.9	38.3	5	12.2
37.0	26.5	10.2	197.5	267.3	100.0	0	0.0
47.8	34.4	8.0	196.7	265.9	100.0	0	0.0
35.8	32.0	9.6	44.3	114.4	21.5	0	0.0
48.5	36.1	9.0	154.0	194.7	62.1	1	1.9
32.2	17.1	8.2	66.0	262.1	100.0	0	0.0
34.7	22.5	6.7	61.9	261.0	75.0	0	0.0
46.6	36.1	5.9	118.9	112.5	8.3	0	0.0
51.8	44.8	4.3	124.7	197.3	62.9	0	0.0
54.1	38.3	7.3	184.8	258.1	100.0	0	0.0
54.6	41.5	6.3	129.8	234.7	74.5	0	0.0
39.5	25.0	10.0	42.9	256.6	92.7	0	0.0
36.1	23.6	3.3	59.8	240.1	95.8	0	0.0
44.8	30.7	3.6	140.3	253.3	90.6	0	0.0
46.1	32.2	5.5	81.9	255.0	100.0	0	0.0
43.3	28.8	3.0	122.7	241.9	86.5	0	0.0
46.0	30.2	9.1	204.2	254.4	100.0	0	0.0
55.1	39.6	11.9	197.1	254.2	100.0	0	0.0
57.2	49.1	9.1	196.2	254.0	100.0	0	0.0
58.3	46.1	9.7	201.7	248.2	44.4	30	0.0
36.8	27.8	16.6	291.3	151.6	47.9	3	0.0
35.6	18.8	7.8	191.0	254.2	100.0	0	0.0
34.8	23.6	3.9	47.1	254.4	100.0	0	0.0
33.8	21.7	2.8	116.0	254.7	100.0	0	0.0
35.2	24.9	4.8	134.8	255.1	100.0	0	0.0
38.0	33.4	3.8	84.6	111.9	10.2	7	0.0
49.9	35.2	11.0	229.8	256.1	74.0	0	0.0
46.8	34.7	10.6	272.1	227.0	44.3	0	0.0
