01	31	2002
29.5	26.4	7.4	81.1	257.4	100.0	7	18.2
31.6	26.8	6.1	229.3	258.2	100.0	0	0.0
35.6	24.7	7.3	162.6	241.6	100.0	0	0.0
42.1	32.1	13.6	181.7	260.0	100.0	2	0.0
43.7	34.9	14.1	276.3	261.1	100.0	0	0.0
40.4	26.2	4.7	130.0	262.2	100.0	0	0.0
41.0	23.8	5.9	160.6	263.4	100.0	0	0.0
49.9	29.5	6.6	204.6	264.7	100.0	0	0.0
58.0	34.8	11.7	197.1	266.0	100.0	0	0.0
52.0	35.9	11.9	183.3	267.5	100.0	0	0.0
45.8	28.3	7.8	198.8	269.0	100.0	0	0.0
44.0	24.3	7.7	233.1	270.6	100.0	0	0.0
50.9	25.1	13.8	206.9	272.3	100.0	0	0.0
46.1	20.7	6.2	116.9	274.0	100.0	0	0.0
52.3	28.8	12.1	131.5	275.8	100.0	0	0.0
58.2	43.1	13.4	161.9	277.7	100.0	0	0.0
44.5	31.2	7.2	69.8	279.7	100.0	0	0.0
45.1	32.6	7.5	76.5	281.8	100.0	0	0.0
45.6	25.4	10.5	157.9	283.9	100.0	0	0.0
51.4	20.5	11.5	199.8	286.1	100.0	0	0.0
48.7	17.1	6.8	177.1	288.3	100.0	0	0.0
60.9	44.8	11.7	191.5	290.7	100.0	0	0.0
64.1	47.7	10.1	170.1	293.1	100.0	0	0.0
43.9	30.2	14.9	175.2	295.5	100.0	5	0.0
40.9	23.9	5.8	221.7	298.1	100.0	0	0.0
48.0	23.9	10.0	192.7	300.7	100.0	0	0.0
56.7	33.1	12.3	194.4	303.3	100.0	0	0.0
63.6	51.5	12.3	189.6	306.1	100.0	0	0.0
64.4	58.5	10.0	162.3	308.8	100.0	0	0.0
49.2	47.7	7.8	116.9	311.7	100.0	4	0.0
42.9	32.1	13.8	280.9	314.6	100.0	0	0.0
02	28	2002
36.9	15.2	6.6	109.2	317.5	100.0	0	0.0
41.0	20.5	4.7	132.7	320.5	100.0	0	0.0
50.4	28.2	8.5	226.7	323.6	100.0	0	0.0
42.9	38.3	7.8	51.7	326.7	100.0	18	0.0
40.9	39.3	7.8	71.2	329.9	100.0	48	0.0
41.6	33.5	9.2	232.0	333.1	100.0	0	0.0
43.5	31.7	5.2	204.2	336.3	100.0	0	0.0
50.5	30.6	12.4	199.4	339.6	100.0	0	0.0
52.6	24.8	16.7	284.0	343.0	100.0	0	0.0
41.8	18.5	17.4	334.8	346.4	100.0	0	0.0
37.1	12.2	7.6	236.7	349.8	100.0	0	0.0
46.5	15.3	9.0	234.8	353.2	100.0	0	0.0
42.4	22.6	10.4	155.2	356.8	100.0	0	0.0
47.8	27.3	10.8	182.9	360.3	100.0	0	0.0
50.7	28.8	14.2	157.3	363.8	100.0	0	0.0
44.6	25.9	4.9	167.7	367.4	100.0	0	0.0
49.6	26.0	8.3	182.9	371.1	100.0	0	0.0
58.4	47.4	14.1	172.8	374.9	100.0	0	0.0
57.9	32.3	14.0	250.8	378.6	100.0	2	0.0
54.2	25.2	10.7	233.1	382.4	100.0	0	0.0
50.1	31.6	12.7	201.0	386.3	100.0	2	0.0
46.9	22.9	7.8	225.4	390.3	100.0	0	0.0
58.2	19.8	11.4	190.2	394.2	100.0	0	0.0
65.0	22.2	17.4	191.5	398.2	100.0	0	0.0
50.9	29.7	12.2	210.8	402.2	100.0	0	0.0
29.0	3.8	15.6	207.1	406.3	100.0	0	0.0
34.9	3.5	11.2	173.9	410.3	100.0	0	0.0
43.5	24.9	12.4	163.8	414.4	100.0	0	0.0
03	31	2002
60.1	39.3	12.8	200.8	418.5	100.0	0	0.0
31.1	9.0	18.8	247.8	422.5	100.0	0	0.0
30.5	5.2	6.0	127.7	426.6	100.0	0	0.0
39.4	2.7	10.3	190.0	430.7	100.0	0	0.0
47.9	15.8	13.0	186.7	434.8	100.0	0	0.0
61.7	38.4	16.2	199.8	438.9	100.0	0	0.0
66.1	51.6	15.9	179.0	443.0	100.0	0	0.0
66.4	54.7	15.7	185.7	447.1	100.0	0	0.0
46.8	16.2	14.6	64.8	451.2	100.0	0	0.0
45.2	14.2	7.6	95.8	455.3	100.0	0	0.0
60.1	21.6	18.8	229.2	459.4	100.0	0	0.0
58.2	21.7	5.5	198.5	463.4	100.0	0	0.0
71.3	26.5	16.1	185.8	467.5	100.0	0	0.0
72.7	35.6	13.9	205.6	471.5	100.0	0	0.0
55.7	32.3	10.2	109.4	475.6	100.0	0	0.0
49.8	29.8	8.3	70.3	479.6	100.0	0	0.0
57.8	37.3	5.5	97.7	483.6	100.0	0	0.0
62.0	51.3	6.1	62.0	487.5	100.0	0	0.0
60.3	56.9	9.7	128.4	471.4	100.0	35	0.0
51.7	45.2	10.1	196.6	495.4	100.0	1	0.0
44.7	35.8	12.4	98.3	499.3	100.0	0	0.0
37.8	24.9	8.3	59.6	503.2	100.0	0	0.0
56.3	41.8	12.9	164.4	507.1	100.0	0	0.0
68.0	49.5	14.1	196.7	510.9	100.0	0	0.0
47.2	36.7	11.9	125.6	514.7	100.0	0	0.0
46.2	31.4	9.5	108.7	518.5	100.0	0	0.0
58.6	41.5	10.2	124.0	522.2	100.0	0	0.0
70.8	46.9	12.4	208.8	525.9	100.0	0	0.0
74.7	55.6	12.9	176.2	529.6	100.0	15	0.0
61.5	52.2	14.3	205.5	533.2	100.0	12	0.0
57.5	50.0	8.4	223.1	536.8	100.0	0	0.0
04	30	2002
65.3	48.0	10.8	155.2	540.4	100.0	0	0.0
64.1	46.7	17.4	106.2	543.9	100.0	0	0.0
49.7	27.5	15.3	57.3	547.4	100.0	0	0.0
52.9	36.1	12.0	61.5	550.9	100.0	0	0.0
59.5	44.9	10.8	104.8	554.2	100.0	0	0.0
58.4	52.1	12.3	124.2	557.6	100.0	0	0.0
65.3	54.9	12.0	159.2	560.9	100.0	2	0.0
66.5	44.0	14.0	224.2	564.2	100.0	0	0.0
60.4	48.0	8.0	49.2	567.5	100.0	0	0.0
66.6	47.8	7.6	140.0	570.6	100.0	0	0.0
72.0	56.0	13.4	177.3	573.8	100.0	0	0.0
75.0	57.6	8.3	166.0	577.0	100.0	7	0.0
74.0	60.1	10.6	142.1	580.2	100.0	9	0.0
71.3	57.1	8.9	188.8	583.3	100.0	0	0.0
76.1	59.5	13.4	177.7	586.4	100.0	0	0.0
79.2	52.7	15.8	175.4	589.5	100.0	0	0.0
77.3	63.5	13.1	162.2	514.9	100.0	0	0.0
77.5	64.2	14.7	173.8	595.5	100.0	0	0.0
74.3	62.0	13.7	166.3	598.5	100.0	0	0.0
76.2	62.9	13.6	162.7	601.3	100.0	0	0.0
70.6	55.4	8.0	110.9	532.4	100.0	0	0.0
73.1	58.6	8.9	111.4	607.0	100.0	0	0.0
79.5	60.9	10.2	180.4	609.7	100.0	0	0.0
80.2	56.2	14.2	157.9	612.4	100.0	0	0.0
61.1	47.1	14.6	48.5	615.1	100.0	0	0.0
63.8	56.1	10.9	118.5	617.7	100.0	3	0.0
78.4	55.6	14.3	199.8	620.2	100.0	0	0.0
78.8	46.4	6.0	107.7	622.7	100.0	0	0.0
84.1	59.0	7.1	128.5	625.2	100.0	0	0.0
86.8	59.7	11.6	192.1	627.6	100.0	0	0.0
05	31	2002
87.5	49.6	10.1	226.5	630.0	100.0	0	0.0
70.5	50.5	11.5	82.9	632.3	100.0	1	0.0
70.9	42.9	6.7	148.5	634.5	100.0	0	0.0
74.1	58.3	9.1	109.9	636.7	100.0	1	0.0
81.9	64.2	14.1	143.8	638.9	100.0	0	0.0
82.2	64.0	14.3	169.8	641.0	100.0	0	0.0
83.8	63.6	16.1	169.4	643.1	100.0	0	0.0
83.8	61.2	12.2	187.3	645.1	100.0	0	0.0
74.0	56.6	12.6	91.9	647.0	100.0	0	0.0
77.6	61.2	14.9	123.3	649.0	100.0	0	0.0
82.0	62.6	17.1	163.8	650.8	100.0	0	0.0
78.6	61.7	15.7	134.8	573.7	100.0	0	0.0
63.9	38.0	11.3	58.0	626.4	100.0	0	0.0
68.0	40.8	8.2	96.9	656.2	100.0	0	0.0
75.9	55.3	14.2	166.0	657.9	100.0	0	0.0
83.2	59.0	14.0	180.6	659.6	100.0	0	0.0
76.6	53.0	15.9	127.3	661.3	100.0	0	0.0
66.7	44.5	11.2	55.2	662.9	100.0	0	0.0
67.3	37.9	8.2	100.4	664.5	100.0	0	0.0
69.6	39.8	10.0	149.2	666.0	100.0	0	0.0
70.0	51.9	13.9	145.4	667.4	100.0	0	0.0
75.4	58.0	18.0	160.0	668.9	100.0	0	0.0
77.1	60.0	16.3	161.9	670.2	100.0	0	0.0
81.2	61.3	14.3	161.3	671.6	100.0	0	0.0
76.2	62.4	11.6	131.2	672.9	100.0	0	0.0
79.1	58.4	10.5	134.4	674.1	100.0	0	0.0
73.9	61.8	13.4	141.8	675.3	100.0	17	0.0
72.1	64.8	9.5	128.6	676.4	100.0	0	0.0
78.7	63.0	6.7	142.1	677.5	100.0	0	0.0
77.8	60.9	7.1	78.1	678.6	100.0	0	0.0
76.7	58.1	7.4	60.0	648.9	100.0	0	0.0
06	30	2002
79.8	57.4	8.2	131.7	680.6	100.0	0	0.0
82.3	57.3	11.9	164.4	681.5	100.0	0	0.0
83.6	61.0	13.8	154.2	682.4	100.0	0	0.0
82.8	65.4	14.5	163.8	683.2	100.0	0	0.0
74.3	64.2	6.5	137.7	684.0	100.0	0	0.0
77.1	62.8	5.5	60.6	678.2	100.0	0	0.0
74.6	66.2	6.8	122.3	685.5	100.0	0	0.0
79.5	65.4	9.4	115.0	686.1	100.0	0	0.0
82.8	64.9	12.7	158.8	686.8	100.0	0	0.0
84.5	66.7	14.8	159.4	687.4	100.0	0	0.0
84.0	66.9	12.6	156.0	687.9	100.0	0	0.0
86.7	65.5	11.2	159.8	688.4	100.0	0	0.0
85.2	65.0	14.9	165.7	590.3	100.0	38	0.0
77.2	66.3	9.9	54.0	689.2	100.0	0	0.0
76.6	63.3	11.2	125.7	605.2	100.0	13	0.0
73.4	61.8	11.8	58.8	689.9	100.0	0	0.0
77.7	62.6	8.1	80.6	690.2	100.0	0	0.0
84.1	60.5	12.1	148.5	650.6	100.0	0	0.0
83.8	60.3	13.2	147.6	619.4	100.0	0	0.0
84.6	62.2	12.7	133.3	690.8	100.0	0	0.0
84.5	61.1	9.9	135.7	606.8	100.0	0	0.0
83.3	59.8	8.9	120.0	691.0	100.0	0	0.0
83.6	54.9	7.7	129.6	691.0	100.0	0	0.0
84.2	51.3	7.8	107.9	691.0	100.0	0	0.0
85.9	56.1	7.2	150.2	691.0	100.0	0	0.0
86.1	58.9	7.2	116.0	690.9	100.0	0	0.0
79.1	62.5	7.6	105.6	690.7	100.0	2	0.0
81.3	63.3	6.6	156.0	690.5	100.0	0	0.0
79.7	64.8	8.8	144.4	690.3	100.0	5	0.0
77.5	65.9	7.4	84.6	617.5	100.0	0	0.0
07	31	2002
76.4	65.7	10.9	134.4	689.7	100.0	0	0.0
75.7	68.6	8.9	106.0	689.4	100.0	20	0.0
72.6	66.6	5.1	118.8	689.0	100.0	1	0.0
76.5	67.3	9.0	124.7	688.5	100.0	0	0.0
76.8	69.1	7.0	104.0	688.1	100.0	4	0.0
76.8	69.6	9.5	109.2	687.5	100.0	8	0.0
75.1	70.0	5.0	87.2	687.0	100.0	61	0.0
80.0	68.7	7.7	60.4	686.4	100.0	0	0.0
81.4	66.4	6.2	113.0	685.7	100.0	0	0.0
80.0	65.0	6.3	93.8	685.0	100.0	0	0.0
80.6	64.9	6.9	131.2	684.3	100.0	0	0.0
79.9	66.4	5.9	168.4	683.5	100.0	3	0.0
78.6	66.1	6.2	154.9	682.7	100.0	59	0.0
77.4	66.8	5.2	80.9	681.8	100.0	3	0.0
76.5	64.2	6.1	103.0	661.6	100.0	0	0.0
77.1	65.9	6.1	116.7	679.9	100.0	0	0.0
79.1	66.4	9.7	142.1	678.9	100.0	0	0.0
81.1	67.0	11.1	158.1	677.9	100.0	0	0.0
83.5	64.7	11.4	167.5	676.8	100.0	0	0.0
82.3	62.4	11.5	165.0	596.6	100.0	0	0.0
83.7	63.8	11.1	163.9	674.5	100.0	0	0.0
84.0	64.1	10.9	175.2	673.2	100.0	0	0.0
84.6	62.2	8.0	176.9	672.0	100.0	0	0.0
86.6	58.9	7.6	161.7	670.6	100.0	0	0.0
87.9	58.3	9.5	173.3	669.3	100.0	0	0.0
88.0	61.2	13.5	172.0	665.9	100.0	0	0.0
86.3	65.8	15.9	167.7	666.4	100.0	0	0.0
85.1	67.6	14.2	163.0	663.1	100.0	3	0.0
75.3	69.5	8.7	142.4	663.3	100.0	12	0.0
76.0	68.3	6.3	148.6	608.4	100.0	0	0.0
82.2	66.6	8.9	140.8	660.1	100.0	0	0.0
08	31	2002
84.7	65.4	11.0	162.3	658.4	100.0	0	0.0
84.8	64.3	8.2	118.3	656.7	100.0	0	0.0
85.1	61.8	8.0	108.1	654.9	100.0	0	0.0
83.2	62.6	7.3	140.8	653.0	100.0	0	0.0
78.8	62.9	6.8	153.5	651.2	100.0	0	0.0
77.3	65.2	4.2	75.4	581.7	100.0	12	0.0
82.7	64.3	5.3	59.4	647.3	100.0	0	0.0
83.0	64.3	5.8	74.3	544.0	100.0	0	0.0
82.2	65.5	5.7	84.1	643.2	100.0	0	0.0
82.5	64.3	7.1	106.3	641.1	100.0	0	0.0
82.1	63.5	6.3	96.5	638.9	100.0	0	0.0
84.2	62.8	10.7	165.8	636.7	100.0	0	0.0
85.7	65.2	14.6	166.2	634.4	100.0	16	0.0
81.6	63.1	9.9	113.5	551.4	100.0	1	0.0
85.6	66.9	12.8	165.2	629.9	100.0	0	0.0
85.7	67.0	11.8	152.7	627.6	100.0	0	0.0
85.9	65.7	12.9	162.8	625.2	100.0	0	0.0
84.4	65.4	11.7	163.5	622.9	100.0	0	0.0
86.0	63.2	11.5	162.2	620.4	100.0	0	0.0
85.1	65.4	13.2	160.2	618.0	100.0	0	0.0
85.9	63.3	11.8	163.0	614.2	100.0	0	0.0
86.7	62.7	12.0	163.3	612.9	100.0	0	0.0
87.5	62.0	9.9	185.8	610.3	100.0	0	0.0
87.7	60.9	10.2	179.4	607.6	100.0	0	0.0
88.9	60.6	10.4	152.7	604.9	100.0	0	0.0
90.0	57.9	8.7	180.6	602.1	100.0	0	0.0
91.8	56.9	11.0	178.1	599.4	100.0	0	0.0
88.8	59.9	7.3	107.3	596.5	100.0	0	0.0
79.9	63.2	11.7	92.8	519.4	100.0	7	0.0
81.0	59.9	7.1	74.4	590.7	100.0	0	0.0
80.5	55.9	6.0	85.7	587.7	100.0	0	0.0
09	30	2002
81.6	57.4	5.7	145.6	584.7	100.0	0	0.0
83.8	58.9	7.0	142.5	581.6	100.0	0	0.0
83.2	59.4	7.1	132.1	578.5	100.0	0	0.0
81.4	62.1	6.9	95.0	502.3	100.0	0	0.0
80.8	59.7	6.8	82.3	455.3	100.0	0	0.0
81.6	57.9	6.4	71.7	568.9	100.0	0	0.0
79.3	62.8	12.0	46.9	565.7	100.0	0	0.0
75.7	67.4	10.8	53.5	562.4	100.0	9	0.0
73.9	66.3	8.5	52.3	559.1	100.0	33	0.0
75.5	67.5	6.8	47.3	555.8	100.0	0	0.0
75.8	61.8	4.5	52.3	552.4	100.0	1	0.0
78.4	58.4	5.0	111.9	549.0	100.0	0	0.0
79.8	57.0	7.7	146.0	545.6	100.0	0	0.0
77.0	60.0	8.4	138.7	542.1	100.0	78	0.0
69.7	64.3	6.2	78.5	538.6	100.0	0	0.0
73.1	63.7	4.8	89.6	535.0	100.0	0	0.0
78.2	62.2	10.4	181.0	531.4	100.0	0	0.0
82.6	66.8	16.1	182.5	527.8	100.0	0	0.0
68.6	57.6	11.8	255.2	524.1	100.0	40	0.0
69.2	48.6	5.6	181.2	520.5	100.0	0	0.0
77.3	49.0	8.2	141.2	516.7	100.0	0	0.0
72.6	53.2	9.5	45.6	513.0	100.0	0	0.0
69.9	53.3	6.6	53.1	509.2	100.0	0	0.0
67.2	45.8	6.3	44.6	505.4	100.0	0	0.0
66.2	48.5	3.7	57.1	501.6	100.0	0	0.0
71.3	50.8	5.1	155.2	474.8	100.0	0	0.0
75.9	46.3	5.5	168.5	493.9	100.0	0	0.0
76.0	48.9	8.8	141.1	490.0	100.0	0	0.0
75.0	56.4	9.2	163.3	486.1	100.0	0	0.0
76.4	61.9	10.2	151.2	482.2	100.0	0	0.0
10	31	2002
79.4	63.4	11.8	146.5	478.2	100.0	0	0.0
80.4	63.7	13.1	152.9	474.3	100.0	0	0.0
78.9	64.1	8.8	151.7	470.4	100.0	0	0.0
76.0	42.3	8.2	118.1	466.5	100.0	0	0.0
74.3	51.7	9.0	100.4	462.7	100.0	0	0.0
79.3	63.0	10.3	114.6	458.8	100.0	0	0.0
62.5	60.9	10.8	39.8	447.6	100.0	158	0.0
66.3	62.2	7.0	118.5	451.0	100.0	37	0.0
63.6	60.8	6.6	62.3	447.1	100.0	1	0.0
62.2	57.0	3.3	62.5	443.2	100.0	0	0.0
65.7	60.2	7.4	133.8	439.3	100.0	1	0.0
70.7	61.8	13.8	116.2	435.4	100.0	0	0.0
56.3	37.4	15.1	20.4	431.4	100.0	0	0.0
50.1	43.1	4.0	124.6	427.5	100.0	14	0.0
55.5	46.3	4.0	96.9	423.6	100.0	0	0.0
59.8	47.7	8.0	150.7	419.6	100.0	0	0.0
62.9	51.1	6.3	100.2	415.7	100.0	1	0.0
65.2	62.0	6.7	166.9	411.8	100.0	64	0.0
61.8	54.4	5.4	157.9	407.9	100.0	4	0.0
54.5	51.0	5.5	164.0	404.0	100.0	1	0.0
60.6	58.2	5.6	69.6	400.1	100.0	11	0.0
66.1	63.0	9.1	78.9	396.2	100.0	31	0.0
63.9	61.1	5.5	56.9	392.4	100.0	0	0.0
52.4	51.6	9.6	47.1	388.6	100.0	10	0.0
49.7	48.4	7.8	46.7	384.7	100.0	39	0.0
51.7	50.9	8.8	59.6	380.9	100.0	10	0.0
59.0	57.6	5.8	52.3	377.2	100.0	0	0.0
62.7	58.2	9.3	133.8	373.4	100.0	5	0.0
58.6	47.0	5.8	151.0	369.7	100.0	0	0.0
50.9	47.7	10.0	54.5	366.0	100.0	0	0.0
44.6	42.5	11.1	50.9	308.7	100.0	1	0.0
11	30	2002
45.0	44.6	10.0	44.6	358.7	100.0	13	0.0
48.8	47.8	6.5	45.8	351.8	100.0	8	0.0
51.7	50.4	7.7	18.6	351.6	100.0	2	0.0
45.8	42.0	8.1	62.9	348.1	100.0	7	0.0
51.7	40.4	9.5	259.1	344.6	100.0	0	0.0
50.0	37.2	3.3	140.0	289.6	100.0	0	0.0
53.3	37.5	7.2	133.4	308.1	100.0	0	0.0
61.5	45.5	15.4	187.5	334.4	100.0	0	0.0
67.7	47.5	14.6	211.9	331.1	100.0	0	0.0
65.2	44.1	11.6	242.9	327.9	100.0	0	0.0
56.4	35.4	9.5	258.1	324.7	100.0	0	0.0
51.0	38.6	8.6	176.1	270.7	100.0	0	0.0
50.4	37.1	10.4	175.7	278.3	100.0	0	0.0
57.4	40.8	12.3	211.7	315.4	100.0	0	0.0
47.1	40.6	8.5	175.4	310.9	100.0	21	0.0
47.7	38.6	7.7	254.6	309.5	100.0	1	0.0
52.3	35.0	11.8	193.9	306.6	100.0	0	0.0
56.6	37.2	11.8	242.3	302.7	100.0	0	0.0
50.3	35.2	4.3	166.8	301.1	100.0	0	0.0
50.9	32.3	7.9	269.3	252.4	100.0	0	0.0
53.6	35.7	7.3	243.7	295.8	100.0	0	0.0
52.7	38.5	4.6	131.8	293.3	100.0	0	0.0
57.2	41.2	11.8	178.2	279.7	100.0	0	0.0
58.8	45.5	13.2	155.2	288.4	100.0	0	0.0
41.8	28.5	12.0	50.4	286.1	100.0	0	0.0
40.1	19.9	13.1	21.4	237.6	100.0	0	0.0
38.0	18.4	5.4	44.8	280.2	100.0	0	0.0
40.9	24.9	4.1	164.1	267.2	100.0	0	0.0
45.2	37.3	9.3	193.4	240.6	100.0	0	0.0
49.3	31.2	9.2	109.4	275.6	100.0	0	0.0
12	31	2002
49.0	28.6	6.3	108.9	251.4	100.0	0	0.0
56.4	41.9	7.5	197.7	272.1	100.0	0	0.0
51.2	43.2	7.8	169.6	270.4	100.0	84	0.0
37.7	32.6	12.7	306.9	268.8	100.0	1	0.0
35.8	29.8	8.2	230.9	258.6	100.0	0	0.0
38.2	33.5	6.5	187.0	224.4	100.0	0	0.0
45.8	37.1	9.4	160.7	264.6	100.0	0	0.0
46.9	45.2	8.1	63.5	263.3	100.0	17	0.0
42.0	39.0	7.9	278.0	250.2	100.0	2	0.0
43.0	36.2	2.9	106.1	261.0	100.0	0	0.0
44.5	39.6	9.7	175.6	258.7	100.0	0	0.0
49.2	39.1	10.9	223.8	234.5	100.0	0	0.0
42.7	29.5	5.9	220.0	218.0	100.0	0	0.0
46.0	32.4	8.2	180.7	257.4	100.0	0	0.0
52.2	37.6	8.6	207.1	237.2	100.0	0	0.0
56.9	38.8	9.8	216.4	256.0	100.0	0	0.0
63.5	40.4	14.3	178.5	255.5	100.0	0	0.0
57.4	35.7	10.3	252.8	215.5	100.0	0	0.0
47.0	28.9	15.3	255.8	254.7	100.0	0	0.0
43.5	23.1	6.9	159.8	254.4	100.0	0	0.0
50.2	22.8	12.9	177.3	254.2	100.0	0	0.0
43.9	27.3	8.2	47.1	254.0	100.0	0	0.0
43.6	39.6	10.8	201.3	218.5	100.0	19	0.0
35.0	26.9	13.9	292.4	252.2	100.0	0	0.0
37.2	27.9	6.7	164.0	254.2	100.0	0	0.0
40.5	29.9	6.8	165.0	254.4	100.0	0	0.0
41.1	28.0	5.1	182.0	212.6	100.0	0	0.0
46.8	32.7	8.5	181.3	255.1	100.0	0	0.0
56.6	50.4	14.3	180.9	255.5	100.0	0	0.0
56.6	41.7	14.8	238.7	226.1	100.0	0	0.0
45.8	28.0	6.8	208.8	256.7	100.0	0	0.0
