   1    31    1981
40.9	23.3	7.7	130.0	270.6	5.0	.0	.0	
45.1	27.9	11.8	202.5	265.8	13.0	.0	.0	
40.9	24.8	7.8	132.5	276.5	5.0	.0	.0	
47.2	29.0	11.4	222.5	219.0	73.0	.0	.0	
47.4	32.4	11.7	217.5	227.7	63.0	.0	.0	
39.4	22.6	7.6	202.5	245.7	28.0	.0	.0	
42.4	25.6	10.7	196.3	198.9	61.0	.0	.0	
38.3	20.1	5.8	63.8	177.1	58.0	.0	.0	
37.7	18.4	9.5	176.3	303.6	2.0	.0	.0	
33.4	26.1	5.6	203.8	144.9	75.0	.0	.0	
32.7	21.6	5.3	155.0	256.5	59.0	.0	.0	
38.0	24.6	8.9	233.8	256.7	77.0	.0	.0	
40.6	17.5	8.5	187.5	273.8	29.0	.0	.0	
39.4	15.1	7.5	257.5	305.6	2.0	.0	.0	
34.7	15.3	4.8	131.3	292.0	5.0	.0	.0	
26.3	18.5	10.8	67.5	139.5	79.0	.0	.0	
26.6	22.3	5.5	120.0	163.1	98.0	.0	.0	
29.2	25.1	8.4	206.3	169.5	98.0	.0	.0	
39.4	25.6	7.9	190.0	290.0	43.0	.0	.0	
37.1	21.2	11.4	280.0	290.7	17.0	.0	.0	
35.2	16.7	5.8	228.8	329.9	7.0	.0	.0	
38.9	11.4	7.2	218.8	336.6	2.0	.0	.0	
45.7	17.1	6.7	181.3	333.3	10.0	.0	.0	
51.7	13.1	13.2	250.0	285.0	74.0	.0	.0	
47.9	10.0	12.8	268.8	237.4	76.0	.0	.0	
40.2	14.0	9.6	167.5	326.9	18.0	.0	.0	
42.0	10.0	5.5	231.3	325.0	51.0	.0	.0	
47.4	21.5	10.5	267.5	296.2	38.0	.0	.0	
46.6	21.6	13.4	215.0	331.9	13.0	.0	.0	
34.8	22.2	10.8	123.8	275.1	53.0	.0	.0	
39.4	14.8	15.9	240.0	303.5	30.0	.0	.0	
   2    28    1981
28.9	15.1	9.9	142.5	289.2	40.0	.0	.0	
29.2	11.8	5.9	141.3	369.0	2.0	.0	.0	
37.5	15.9	7.8	90.0	300.2	68.0	.0	.0	
30.9	19.4	12.4	110.0	154.7	93.0	.0	.0	
37.7	22.3	7.8	105.0	333.3	41.0	.0	.0	
42.8	20.1	14.0	205.0	313.0	63.0	.0	.0	
38.3	14.2	10.7	187.5	360.2	15.0	.0	.0	
41.2	9.6	10.5	198.8	263.5	54.0	.0	.0	
41.6	25.5	12.4	153.8	221.5	91.0	.0	.0	
15.1	6.5	13.8	61.3	166.0	65.0	.0	.0	
27.4	.8	13.4	215.0	316.1	53.0	.0	.0	
39.3	13.1	11.0	128.8	403.9	5.0	.0	.0	
43.2	14.9	9.4	237.5	407.9	17.0	.0	.0	
49.2	19.6	14.7	217.5	360.7	41.0	.0	.0	
49.1	19.6	10.2	188.8	273.6	69.0	.0	.0	
48.7	21.0	7.1	210.0	391.1	13.0	.0	.0	
57.4	26.0	14.5	228.8	411.2	31.0	.0	.0	
53.2	24.2	8.5	123.8	389.0	52.0	.0	.0	
56.1	19.6	7.5	177.5	376.1	25.0	.0	.0	
61.2	15.9	14.3	247.5	385.7	52.0	.0	.0	
37.8	29.3	13.3	233.8	217.3	90.0	.0	.0	
42.8	25.5	8.5	226.3	441.5	14.0	.0	.0	
48.9	20.4	9.1	225.0	455.9	2.0	.0	.0	
55.3	16.0	12.9	226.3	456.9	2.0	.0	.0	
57.7	21.8	9.8	241.3	416.1	18.0	.0	.0	
60.0	26.4	14.4	217.5	417.7	69.0	.0	.0	
52.3	32.1	11.0	173.8	206.4	70.0	.0	.0	
46.5	40.4	8.9	87.5	265.6	89.0	.0	.0	
   3    31    1981
53.4	34.8	12.4	236.3	423.8	46.0	.0	.0	
42.6	36.5	10.3	87.5	206.3	76.0	.0	.0	
50.4	39.6	14.7	195.0	251.8	71.0	.0	.0	
41.9	25.4	17.8	258.8	265.8	50.0	.0	.0	
40.1	23.3	5.5	146.3	368.1	50.0	.0	.0	
44.7	33.1	9.8	218.8	413.5	36.0	.0	.0	
36.9	29.0	13.0	142.5	254.2	62.0	.0	.0	
33.1	23.5	5.8	88.8	365.5	35.0	.0	.0	
42.0	25.5	6.0	165.0	402.7	40.0	.0	.0	
41.2	32.4	7.0	146.3	218.0	74.0	.0	.0	
43.7	40.9	7.7	103.8	202.4	97.0	.0	.0	
49.1	39.1	10.7	225.0	373.3	85.0	.0	.0	
45.4	36.3	6.9	77.5	361.8	70.0	.0	.0	
41.3	37.9	6.5	263.8	283.8	70.0	.0	.0	
49.7	28.5	9.4	226.3	511.9	6.0	.0	.0	
53.8	29.2	14.8	212.5	465.5	71.0	.0	.0	
52.6	15.9	21.9	270.0	491.2	25.0	.0	.0	
43.6	21.6	8.5	107.5	435.8	42.0	.0	.0	
50.1	19.3	9.5	117.5	483.9	51.0	.0	.0	
54.8	25.0	19.0	231.3	330.1	90.0	.0	.0	
47.5	21.8	26.3	303.8	398.7	59.0	.0	.0	
45.0	26.7	10.8	178.8	496.9	14.0	.0	.0	
50.4	25.3	6.7	168.8	481.3	23.0	.0	.0	
56.5	29.9	15.4	201.3	399.9	61.0	.0	.0	
51.7	27.7	12.9	188.8	484.3	45.0	.0	.0	
61.1	25.7	18.4	205.0	478.8	71.0	.0	.0	
64.1	23.6	17.8	193.8	587.1	12.0	.0	.0	
50.7	25.6	23.0	241.3	441.2	68.0	.0	.0	
55.1	26.0	14.4	222.5	580.1	4.0	.0	.0	
61.8	21.5	17.7	243.8	579.4	13.0	.0	.0	
54.0	8.0	12.9	267.5	611.7	5.0	.0	.0	
   4    30    1981
59.2	13.9	13.4	222.5	615.5	2.0	.0	.0	
66.5	28.1	18.8	218.8	436.3	81.0	.0	.0	
57.2	17.1	25.2	247.5	563.2	41.0	.0	.0	
42.6	32.4	9.1	108.8	350.5	69.0	.0	.0	
47.8	22.0	8.8	237.5	637.2	2.0	.0	.0	
57.5	27.1	16.0	202.5	394.2	67.0	.0	.0	
64.4	21.9	15.5	228.8	595.4	10.0	.0	.0	
61.5	17.8	13.7	202.5	635.6	2.0	.0	.0	
60.9	26.2	8.9	176.3	647.2	2.0	.0	.0	
70.3	32.9	10.7	221.3	570.0	26.0	.0	.0	
68.3	16.5	13.4	241.3	591.5	28.0	.0	.0	
68.0	20.6	10.9	242.5	499.6	75.0	.0	.0	
67.0	39.0	16.9	196.3	459.0	74.0	.0	.0	
50.5	27.6	15.2	53.8	286.0	98.0	.0	.0	
47.9	33.3	8.9	121.3	379.3	80.0	.0	.0	
63.8	40.6	14.6	202.5	611.9	41.0	.0	.0	
66.6	46.9	9.9	215.0	523.0	93.0	.0	.0	
59.5	52.1	10.9	237.5	317.8	83.0	.0	.0	
65.7	34.6	11.7	237.5	606.2	33.0	.0	.0	
63.3	47.6	10.4	96.3	535.8	45.0	.0	.0	
64.3	50.6	15.3	193.8	459.2	57.0	.0	.0	
60.6	36.0	14.7	101.3	621.7	41.0	.0	.0	
59.4	31.2	5.6	183.8	618.5	19.0	.0	.0	
64.4	28.3	11.5	203.8	690.0	2.0	.0	.0	
69.7	35.6	11.7	195.0	634.7	3.0	.0	.0	
74.5	36.7	13.0	205.0	633.3	38.0	.0	.0	
73.7	37.8	12.1	215.0	548.4	55.0	.0	.0	
66.2	48.5	10.7	103.8	456.6	55.0	.0	.0	
72.3	44.6	10.8	228.8	626.4	23.0	.0	.0	
72.9	43.0	7.6	216.3	618.2	48.0	.0	.0	
   5    31    1981
65.5	50.4	10.3	85.0	533.6	66.0	.0	.0	
66.0	55.2	16.0	195.0	397.4	88.0	.0	.0	
72.2	47.9	15.9	215.0	552.6	33.0	.0	.0	
65.2	43.4	15.1	77.5	648.5	30.0	.0	.0	
60.1	45.1	11.7	92.5	532.5	83.0	.0	.0	
62.9	50.4	12.4	183.8	362.6	61.0	.0	.0	
70.6	37.9	16.2	195.0	643.0	53.0	.0	.0	
65.2	27.9	13.8	168.8	648.5	41.0	.0	.0	
53.1	32.7	17.2	215.0	599.9	60.0	.0	.0	
57.0	29.6	10.4	221.3	676.0	36.0	.0	.0	
70.0	27.8	18.0	206.3	645.0	47.0	.0	.0	
72.3	26.9	13.1	183.8	683.4	35.0	.0	.0	
57.6	38.5	14.3	83.8	571.2	31.0	.0	.0	
59.9	38.1	12.4	185.0	696.5	36.0	.0	.0	
64.1	50.9	17.3	187.5	555.8	74.0	.0	.0	
66.9	33.2	16.6	247.5	606.2	57.0	.0	.0	
66.3	29.1	16.3	275.0	649.0	46.0	.0	.0	
59.6	35.1	15.1	185.0	682.4	17.0	.0	.0	
55.7	34.2	7.4	46.3	623.6	64.0	.0	.0	
60.3	41.0	14.3	152.5	397.1	62.0	.0	.0	
69.8	35.7	15.9	235.0	676.9	39.0	.0	.0	
69.1	22.9	10.7	226.3	640.6	31.0	.0	.0	
66.5	35.7	7.4	97.5	569.5	84.0	.0	.0	
65.0	44.0	5.5	132.5	540.9	89.0	.0	.0	
70.8	39.6	6.1	146.3	632.8	45.0	.0	.0	
75.6	37.5	5.6	231.3	609.8	64.0	.0	.0	
76.0	43.4	8.5	216.3	523.2	70.0	.0	.0	
71.4	46.5	10.4	163.8	458.4	62.0	.0	.0	
63.4	51.8	11.7	223.8	432.3	80.0	.0	.0	
58.0	52.8	7.9	140.0	334.1	98.0	.0	.0	
67.6	50.4	7.8	177.5	640.0	58.0	.0	.0	
   6    30    1981
73.2	46.6	9.4	271.3	623.5	38.0	.0	.0	
68.6	50.0	7.5	153.8	565.1	48.0	.0	.0	
65.8	52.9	6.8	92.5	597.9	69.0	.0	.0	
66.2	54.9	5.2	191.3	610.2	75.0	.0	.0	
72.8	51.2	5.8	158.8	630.4	64.0	.0	.0	
77.1	49.5	6.3	186.3	638.1	34.0	.0	.0	
84.5	43.2	10.1	222.5	733.0	13.0	.0	.0	
87.8	37.5	10.5	247.5	688.1	26.0	.0	.0	
88.6	32.4	8.2	207.5	774.7	2.0	.0	.0	
77.3	57.8	14.3	101.3	676.6	16.0	.0	.0	
81.0	54.8	10.1	156.3	627.0	48.0	.0	.0	
81.6	55.0	15.0	182.5	708.0	28.0	.0	.0	
85.4	38.8	18.3	203.8	751.7	5.0	.0	.0	
83.4	35.8	15.1	220.0	736.7	9.0	.0	.0	
64.9	31.3	15.2	77.5	692.9	29.0	.0	.0	
69.3	30.0	8.1	200.0	757.7	2.0	.0	.0	
76.0	28.6	19.3	202.5	778.5	2.0	.0	.0	
77.3	35.8	13.7	157.5	746.3	13.0	.0	.0	
82.4	37.1	8.8	266.3	696.9	18.0	.0	.0	
87.7	40.0	7.9	171.3	708.3	2.0	.0	.0	
89.3	38.2	8.1	182.5	773.6	8.0	.0	.0	
80.8	57.0	13.4	111.3	697.9	30.0	.0	.0	
78.8	58.3	11.5	217.5	649.8	75.0	.0	.0	
80.5	55.4	11.3	183.8	664.9	47.0	.0	.0	
79.2	53.9	8.1	98.8	636.7	52.0	.0	.0	
80.6	53.4	9.7	171.3	713.6	15.0	.0	.0	
80.7	54.0	13.1	202.5	714.0	13.0	.0	.0	
80.7	56.0	13.3	200.0	596.1	52.0	.0	.0	
74.3	59.6	9.3	195.0	494.0	85.0	.0	.0	
73.1	63.9	4.9	126.3	578.0	81.0	.0	.0	
   7    31    1981
77.2	61.6	6.1	125.0	608.5	62.0	.0	.0	
80.0	61.4	9.1	202.5	694.6	40.0	.0	.0	
78.2	63.0	11.6	102.5	576.1	71.0	.0	.0	
75.7	61.5	6.5	133.8	702.5	34.0	.0	.0	
77.4	55.6	4.4	161.3	692.9	13.0	.0	.0	
79.6	54.2	7.1	148.8	731.7	4.0	.0	.0	
78.6	54.9	11.4	155.0	590.2	59.0	.0	.0	
75.6	60.0	12.1	160.0	613.3	57.0	.0	.0	
72.7	62.4	4.3	78.8	484.7	75.0	.0	.0	
77.2	59.5	12.1	197.5	659.2	27.0	.0	.0	
81.6	58.6	14.5	200.0	689.3	16.0	.0	.0	
81.8	52.7	12.7	200.0	689.6	20.0	.0	.0	
82.4	53.3	12.7	200.0	680.9	25.0	.0	.0	
83.5	55.4	11.1	175.0	712.9	30.0	.0	.0	
76.2	57.6	5.8	110.0	472.9	73.0	.0	.0	
78.1	58.8	8.2	118.8	600.7	65.0	.0	.0	
81.4	58.9	8.0	192.5	605.5	72.0	.0	.0	
81.5	57.7	8.4	220.0	631.6	51.0	.0	.0	
79.7	56.9	5.6	187.5	661.3	33.0	.0	.0	
84.7	51.4	8.1	206.3	670.0	18.0	.0	.0	
89.0	50.6	13.1	183.8	682.6	10.0	.0	.0	
88.6	44.6	14.3	221.3	685.3	29.0	.0	.0	
86.5	48.6	7.8	212.5	696.2	24.0	.0	.0	
85.3	51.9	10.1	176.3	585.3	67.0	.0	.0	
83.8	51.8	13.3	192.5	592.2	63.0	.0	.0	
81.4	55.6	10.8	190.0	626.3	38.0	.0	.0	
74.1	60.9	5.4	125.0	464.5	80.0	.0	.0	
73.6	59.6	6.2	137.5	528.3	68.0	.0	.0	
77.1	60.0	7.9	160.0	519.6	55.0	.0	.0	
79.6	61.3	11.1	187.5	552.2	37.0	.0	.0	
83.2	57.5	7.9	212.2	555.2	50.0	.0	.0	
   8    31    1981
82.3	59.3	11.5	206.3	586.5	52.0	.0	.0	
79.1	61.7	8.9	196.3	546.4	75.0	.0	.0	
76.8	66.6	5.5	148.3	492.6	85.0	.0	.0	
78.0	65.8	9.3	175.4	491.8	72.0	.0	.0	
81.1	62.3	11.2	197.1	558.9	58.0	.0	.0	
77.3	64.0	9.1	184.2	529.6	89.0	.0	.0	
72.4	60.6	7.1	117.1	541.7	80.0	.0	.0	
73.9	60.8	5.4	191.7	503.9	88.0	.0	.0	
75.6	57.6	9.1	213.3	563.5	85.0	.0	.0	
69.2	60.6	8.0	154.6	509.8	86.0	.0	.0	
64.3	61.7	8.7	113.8	247.5	98.0	.0	.0	
67.3	62.6	8.8	155.4	298.1	88.0	.0	.0	
71.8	61.5	9.5	196.3	553.6	69.0	.0	.0	
74.8	61.7	8.4	192.1	600.2	51.0	.0	.0	
74.6	62.3	6.1	167.9	494.1	76.0	.0	.0	
71.3	61.4	7.7	166.7	439.8	85.0	.0	.0	
67.9	60.0	9.1	161.7	473.2	75.0	.0	.0	
70.0	60.7	5.4	149.2	497.8	60.0	.0	.0	
73.1	61.6	5.0	139.6	517.3	40.0	.0	.0	
74.4	58.1	6.5	155.4	609.9	13.0	.0	.0	
73.5	56.1	9.6	207.5	617.0	11.0	.0	.0	
76.3	57.1	12.1	204.2	577.1	30.0	.0	.0	
72.0	56.4	5.6	157.5	625.2	2.0	.0	.0	
75.0	55.4	5.3	169.2	645.0	2.0	.0	.0	
76.4	56.3	8.4	201.3	612.4	12.0	.0	.0	
75.6	55.2	6.3	158.3	528.5	49.0	.0	.0	
69.9	61.0	7.4	113.8	537.3	69.0	.0	.0	
72.1	60.8	7.9	208.3	590.6	16.0	.0	.0	
77.7	60.0	13.3	212.9	607.9	4.0	.0	.0	
80.5	56.8	8.3	205.0	623.7	2.0	.0	.0	
76.7	56.3	7.1	174.2	521.2	53.0	.0	.0	
   9    30    1981
67.6	54.9	7.1	112.9	531.3	48.0	.0	.0	
75.3	57.7	9.4	208.3	605.6	8.0	.0	.0	
74.1	58.7	9.0	120.8	519.5	62.0	.0	.0	
68.6	60.0	8.0	102.5	437.2	87.0	.0	.0	
66.9	62.9	8.8	160.0	276.6	89.0	.0	.0	
71.9	62.4	9.0	197.9	510.6	50.0	.0	.0	
64.4	55.9	10.5	185.8	223.3	98.0	.0	.0	
64.3	53.1	3.5	138.8	301.9	98.0	.0	.0	
66.6	56.3	7.8	174.2	462.2	50.0	.0	.0	
72.2	57.3	9.5	220.4	528.9	33.0	.0	.0	
72.4	53.1	6.8	226.7	522.7	27.0	.0	.0	
71.1	54.7	5.8	146.3	552.6	20.0	.0	.0	
71.6	53.8	7.3	231.3	505.9	23.0	.0	.0	
68.9	52.2	7.9	190.8	505.6	18.0	.0	.0	
65.5	50.0	5.8	80.8	573.1	9.0	.0	.0	
57.1	50.1	10.8	94.2	211.5	85.0	.0	.0	
53.6	47.1	7.0	110.4	281.1	90.0	.0	.0	
60.8	47.8	7.8	172.5	555.1	33.0	.0	.0	
68.7	47.2	7.5	210.4	533.0	8.0	.0	.0	
70.4	43.7	5.5	188.8	554.6	2.0	.0	.0	
72.9	44.1	5.9	193.3	543.6	6.0	.0	.0	
72.6	49.6	7.6	184.2	403.0	57.0	.0	.0	
66.9	59.8	8.5	161.7	257.2	98.0	.0	.0	
69.8	57.6	9.8	207.1	470.9	35.0	.0	.0	
71.2	51.1	10.5	238.3	515.5	4.0	.0	.0	
65.3	45.3	9.6	118.8	535.8	2.0	.0	.0	
66.5	48.8	4.1	145.0	504.5	2.0	.0	.0	
72.6	53.4	12.4	211.7	455.7	30.0	.0	.0	
72.6	51.6	11.3	194.6	481.7	12.0	.0	.0	
71.9	55.2	11.0	135.4	417.1	71.0	.0	.0	
  10    31    1981
59.5	44.9	7.1	77.5	342.2	78.0	.0	.0	
64.2	56.0	10.7	177.5	269.4	90.0	.0	.0	
66.3	48.7	13.8	217.1	472.0	20.0	.0	.0	
67.0	42.6	11.7	230.8	507.0	3.0	.0	.0	
67.5	44.6	8.2	196.3	334.9	80.0	.0	.0	
52.7	49.2	10.1	42.9	130.4	97.0	.0	.0	
52.6	47.4	6.8	135.0	245.3	98.0	.0	.0	
59.5	53.2	15.3	212.9	331.5	67.0	.0	.0	
62.5	48.7	8.1	117.5	469.5	2.0	.0	.0	
59.5	52.5	7.2	107.5	284.6	88.0	.0	.0	
65.4	55.3	13.0	179.6	302.0	61.0	.0	.0	
66.7	50.9	13.1	210.8	421.6	39.0	.0	.0	
66.3	50.9	9.6	213.8	446.3	22.0	.0	.0	
65.5	47.7	8.9	195.0	447.8	12.0	.0	.0	
49.6	48.1	11.9	67.1	180.7	96.0	.0	.0	
56.9	50.8	5.6	118.3	326.4	55.0	.0	.0	
53.5	41.8	11.2	183.8	427.1	2.0	.0	.0	
47.9	39.1	5.0	169.6	398.8	12.0	.0	.0	
53.0	40.3	13.1	197.1	417.3	5.0	.0	.0	
60.3	34.1	8.0	223.8	439.7	2.0	.0	.0	
45.7	31.8	12.6	76.7	263.2	76.0	.0	.0	
44.5	33.6	4.6	52.9	232.7	98.0	.0	.0	
44.5	32.2	13.1	189.2	204.6	48.0	.0	.0	
53.2	32.5	15.6	202.1	292.7	63.0	.0	.0	
45.7	29.3	11.0	41.3	313.9	48.0	.0	.0	
52.4	29.0	5.8	193.8	404.9	5.0	.0	.0	
58.1	29.7	8.9	247.1	331.8	39.0	.0	.0	
64.6	35.4	9.8	231.7	286.7	73.0	.0	.0	
62.9	41.6	12.9	201.7	265.0	48.0	.0	.0	
56.5	27.0	13.8	241.7	381.3	3.0	.0	.0	
45.9	34.2	12.0	97.1	300.4	54.0	.0	.0	
  11    30    1981
52.5	29.3	11.8	315.0	361.3	25.0	.0	.0	
56.0	37.4	12.4	255.0	308.6	67.0	.0	.0	
49.2	40.4	6.8	153.3	295.8	51.0	.0	.0	
47.3	37.6	4.8	172.5	325.4	22.0	.0	.0	
50.7	37.5	6.7	117.1	368.7	37.0	.0	.0	
51.8	43.0	9.3	212.9	259.1	45.0	.0	.0	
56.1	45.0	10.8	239.6	255.0	69.0	.0	.0	
49.2	31.3	15.6	117.9	357.1	35.0	.0	.0	
42.3	24.3	2.2	74.6	349.0	2.0	.0	.0	
47.8	25.5	5.3	158.3	361.1	2.0	.0	.0	
47.6	26.4	5.4	177.9	325.3	26.0	.0	.0	
51.5	28.5	8.9	187.1	334.9	2.0	.0	.0	
54.1	27.7	6.2	190.0	302.9	32.0	.0	.0	
59.4	25.0	11.2	265.4	187.3	77.0	.0	.0	
55.3	29.3	7.3	198.3	325.3	49.0	.0	.0	
57.3	33.4	6.8	170.4	314.9	20.0	.0	.0	
56.7	33.2	7.8	250.4	300.7	35.0	.0	.0	
60.5	27.8	11.3	195.4	288.8	37.0	.0	.0	
42.7	24.5	8.0	175.8	293.1	46.0	.0	.0	
45.8	21.0	11.8	162.1	286.4	36.0	.0	.0	
48.9	14.9	5.1	136.3	301.5	30.0	.0	.0	
55.2	22.6	8.9	229.6	240.5	78.0	.0	.0	
52.0	27.4	6.9	147.5	265.0	81.0	.0	.0	
59.4	27.3	13.6	224.6	276.2	50.0	.0	.0	
59.9	22.7	15.8	240.8	248.6	42.0	.0	.0	
41.5	24.0	8.3	165.4	289.7	42.0	.0	.0	
44.0	29.2	11.5	196.3	155.5	89.0	.0	.0	
46.0	39.0	6.2	145.0	91.2	98.0	.0	.0	
49.0	42.6	13.1	187.9	127.2	92.0	.0	.0	
45.2	21.8	18.8	278.8	312.6	2.0	.0	.0	
  12    31    1981
36.0	14.5	9.7	225.0	272.5	19.0	.0	.0	
44.7	19.7	11.7	238.3	262.4	32.0	.0	.0	
46.0	22.3	9.6	142.1	283.9	2.0	.0	.0	
40.2	19.7	11.1	215.0	270.0	15.0	.0	.0	
50.0	25.8	9.3	216.3	216.2	76.0	.0	.0	
48.3	25.2	5.7	209.2	293.5	7.0	.0	.0	
49.2	22.7	7.1	182.1	283.6	2.0	.0	.0	
46.9	27.0	2.9	103.3	291.5	2.0	.0	.0	
48.7	27.8	8.0	189.2	275.3	2.0	.0	.0	
56.3	24.3	12.0	205.8	200.2	73.0	.0	.0	
52.9	25.5	6.5	167.1	153.1	98.0	.0	.0	
39.5	29.5	8.0	118.8	206.2	87.0	.0	.0	
46.9	31.0	12.7	178.8	208.9	86.0	.0	.0	
41.4	27.2	9.4	155.0	256.7	43.0	.0	.0	
39.0	22.6	6.9	170.8	258.0	29.0	.0	.0	
44.8	20.8	11.3	128.8	237.0	33.0	.0	.0	
26.1	17.3	3.6	51.3	268.7	13.0	.0	.0	
31.3	12.3	4.2	125.4	275.1	25.0	.0	.0	
40.1	20.3	4.0	92.1	228.6	63.0	.0	.0	
50.7	26.6	9.1	186.3	250.8	32.0	.0	.0	
56.4	23.3	15.1	235.0	285.1	8.0	.0	.0	
32.3	24.2	11.4	124.2	176.7	54.0	.0	.0	
25.1	16.1	4.8	73.3	201.0	40.0	.0	.0	
29.5	11.8	4.8	157.9	289.8	16.0	.0	.0	
41.5	14.5	10.7	228.8	188.0	65.0	.0	.0	
36.5	11.8	7.9	177.4	246.4	42.0	.0	.0	
43.8	23.3	14.6	144.2	173.6	53.0	.0	.0	
32.6	19.5	6.8	157.9	194.1	49.0	.0	.0	
37.5	20.4	8.6	171.6	267.4	22.0	.0	.0	
47.1	25.5	19.9	229.5	222.7	37.0	.0	.0	
40.3	22.6	12.5	127.1	215.2	65.0	.0	.0	
