   1    31    1977
-2.3	-16.4	9.5	308.8	203.1	2.0	.0	.0	
3.3	-6.7	5.4	176.7	86.8	86.0	.0	7.6	
9.6	.2	8.5	226.3	90.0	65.0	.0	10.2	
-.4	-9.7	8.0	138.8	131.8	67.0	.0	.0	
.7	-9.1	5.9	269.2	179.6	34.0	.0	.0	
5.1	-5.2	12.0	275.0	140.6	54.0	.0	.0	
-.1	-12.6	11.4	224.2	165.4	48.0	.0	5.1	
-3.7	-15.7	17.2	314.6	178.8	68.0	.0	12.7	
-14.1	-27.3	9.1	215.4	141.3	71.0	.0	.0	
-10.0	-23.1	14.4	312.1	217.1	33.0	.0	7.6	
-7.9	-20.4	10.3	218.3	150.8	38.0	.0	.0	
-8.0	-21.8	9.9	205.0	208.6	43.0	.0	.0	
11.7	3.3	13.1	236.3	105.8	76.0	.0	5.1	
3.1	-3.4	8.6	250.8	114.6	71.0	.0	.0	
-10.3	-22.3	18.5	318.8	187.2	50.0	.0	.0	
-18.6	-30.5	12.3	288.8	216.4	3.0	.0	.0	
-14.0	-23.6	10.4	205.0	185.3	38.0	.0	.0	
-2.6	-11.2	17.1	314.2	229.8	20.0	.0	.0	
3.0	-2.6	12.7	208.8	106.5	84.0	.0	25.4	
13.7	8.3	11.2	304.6	110.7	65.0	.0	.0	
10.6	5.2	10.9	315.4	223.3	23.0	.0	.0	
4.6	-1.7	8.9	114.6	136.8	96.0	.0	.0	
20.3	15.7	10.2	212.5	144.2	64.0	.0	.0	
17.5	11.7	12.3	275.0	128.6	85.0	.0	.0	
19.4	10.9	14.7	290.8	141.8	96.0	.0	.0	
8.2	-1.6	22.9	282.9	180.2	57.0	.0	10.2	
1.6	-9.6	15.8	265.8	130.5	80.0	.0	10.2	
-10.8	-22.8	25.1	301.7	123.8	80.0	.0	.0	
-1.5	-16.5	19.2	295.0	214.6	42.0	.0	.0	
.9	-11.7	18.9	301.7	218.0	39.0	.0	.0	
4.5	-5.5	15.6	293.8	244.4	11.0	.0	.0	
   2    28    1977
4.6	-3.7	9.0	235.8	260.4	9.0	.0	.0	
17.5	8.3	11.3	214.6	120.8	87.0	.0	.0	
26.2	17.1	12.0	275.8	176.1	91.0	.0	.0	
20.2	12.8	17.4	305.8	165.8	69.0	.0	17.8	
-.7	-12.0	11.7	320.4	291.8	2.0	.0	.0	
-4.1	-14.9	9.3	323.8	287.1	3.0	.0	.0	
3.0	-8.9	8.3	220.8	161.5	45.0	.0	.0	
20.3	8.4	12.0	191.7	287.3	30.0	.0	.0	
34.1	20.5	8.1	219.6	271.0	27.0	.0	.0	
36.8	23.8	6.0	171.3	294.3	9.0	.0	.0	
37.2	25.7	4.5	115.8	300.1	10.0	.0	.0	
33.9	26.0	17.6	282.1	148.0	72.0	.0	.0	
32.5	19.6	16.7	319.2	254.8	82.0	.0	.0	
20.3	10.1	17.0	330.4	169.6	73.0	.0	.0	
12.4	.3	8.1	293.3	332.2	2.0	.0	.0	
15.5	.9	6.3	132.5	227.6	50.0	.0	.0	
29.5	16.7	11.9	187.1	163.1	94.0	.0	.0	
30.7	16.5	11.3	309.2	237.9	69.0	.0	.0	
22.9	7.7	14.8	327.5	316.8	48.0	.0	.0	
20.8	7.5	10.4	260.0	260.3	37.0	.0	.0	
27.2	11.5	11.3	148.8	268.9	38.0	.0	.0	
36.1	20.0	11.3	152.9	190.4	73.0	.0	.0	
43.1	33.0	18.5	140.4	139.9	98.0	51.0	.0	
28.8	17.5	22.3	262.5	166.8	98.0	.0	25.4	
30.6	16.2	18.4	297.1	169.2	97.0	.0	.0	
27.2	13.3	13.6	265.0	161.8	93.0	.0	.0	
23.9	11.3	14.5	315.0	166.4	71.0	.0	.0	
23.4	9.1	9.9	312.5	264.0	42.0	.0	.0	
   3    31    1977
21.2	5.8	9.1	253.8	374.0	12.0	.0	.0	
29.5	19.2	16.2	122.5	175.2	95.0	.0	22.9	
36.7	35.0	14.9	142.9	182.0	87.0	8.0	.0	
31.6	28.1	12.7	269.6	164.9	98.0	.0	.0	
28.7	19.8	15.7	294.2	371.1	27.0	.0	.0	
27.2	18.9	8.4	277.1	382.7	6.0	.0	.0	
36.7	21.1	9.8	175.0	403.9	2.0	.0	.0	
49.1	27.5	11.4	187.9	372.0	33.0	.0	.0	
46.3	29.6	7.4	214.6	416.9	38.0	.0	.0	
49.4	35.6	15.6	135.0	285.0	65.0	.0	.0	
50.0	45.3	17.3	122.9	109.6	98.0	148.0	.0	
47.4	42.7	10.8	178.3	168.3	98.0	4.0	.0	
42.9	38.9	11.1	256.3	194.7	98.0	1.0	.0	
50.4	41.3	13.3	149.2	400.6	28.0	.0	.0	
44.1	32.5	17.6	301.7	334.2	38.0	.0	.0	
38.7	22.7	11.5	255.0	446.2	20.0	.0	.0	
37.8	27.9	19.2	123.8	164.0	98.0	20.0	.0	
33.7	26.6	13.3	262.9	226.0	95.0	3.0	.0	
31.1	26.6	8.2	107.9	202.3	88.0	.0	58.4	
32.8	27.5	8.4	242.9	303.8	98.0	.0	.0	
31.3	22.7	13.9	105.0	224.1	85.0	.0	.0	
34.8	24.0	11.1	221.3	406.9	50.0	.0	.0	
34.1	18.1	12.7	233.3	472.8	16.0	.0	.0	
39.8	24.8	19.4	139.6	433.9	23.0	.0	.0	
49.1	33.2	15.8	151.3	400.9	45.0	.0	.0	
57.1	42.1	16.5	163.8	232.1	95.0	10.0	.0	
56.5	51.7	11.8	175.0	177.4	98.0	6.0	.0	
51.8	48.2	18.4	112.1	152.2	98.0	63.0	.0	
48.9	32.2	22.6	215.4	433.4	55.0	3.0	.0	
41.7	31.0	20.7	230.8	250.9	85.0	6.0	.0	
32.7	22.9	12.7	224.6	283.7	89.0	.0	.0	
   4    30    1977
40.0	34.0	15.5	140.8	194.8	98.0	58.0	.0	
39.7	36.5	15.9	230.4	253.1	79.0	25.0	.0	
37.8	28.9	9.4	140.4	250.5	72.0	11.0	.0	
32.8	30.4	16.6	250.8	253.0	98.0	39.0	.0	
29.9	23.9	22.3	317.9	392.1	71.0	.0	.0	
30.3	17.5	12.6	266.7	356.3	48.0	.0	.0	
44.3	27.1	15.0	303.8	460.9	50.0	.0	.0	
40.6	25.6	11.9	130.4	564.9	12.0	.0	.0	
56.2	36.3	16.3	167.9	567.4	5.0	.0	.0	
67.4	39.8	19.0	201.7	532.6	11.0	.0	.0	
67.3	40.8	20.2	212.1	519.4	39.0	.0	.0	
64.3	43.0	17.2	208.8	341.7	71.0	.0	.0	
57.0	49.2	6.6	222.9	294.4	80.0	.0	.0	
56.9	50.5	11.9	136.3	283.4	91.0	.0	.0	
62.0	49.2	9.0	143.8	494.9	65.0	.0	.0	
66.6	46.9	8.6	146.3	503.4	73.0	.0	.0	
63.6	51.3	8.8	149.2	273.8	95.0	4.0	.0	
66.0	49.1	10.3	160.8	470.2	76.0	.0	.0	
61.5	52.4	9.1	146.7	318.3	83.0	13.0	.0	
60.1	54.4	9.8	145.0	346.5	83.0	27.0	.0	
50.9	46.3	15.2	256.7	274.1	89.0	27.0	.0	
50.8	37.8	10.6	122.9	530.7	78.0	.0	.0	
55.7	37.8	8.6	255.0	475.7	68.0	.0	.0	
47.5	27.5	15.8	304.6	571.8	15.0	.0	.0	
46.4	27.1	10.2	280.4	555.8	8.0	.0	.0	
55.0	29.1	8.0	167.1	542.5	33.0	.0	.0	
66.0	36.8	12.5	241.7	560.6	42.0	.0	.0	
48.3	35.3	12.2	79.6	478.7	66.0	22.0	.0	
45.9	25.0	7.1	140.8	496.3	68.0	.0	.0	
52.7	29.1	10.3	143.8	642.7	25.0	.0	.0	
   5    31    1977
62.1	45.9	8.3	184.2	369.6	88.0	.0	.0	
60.7	36.5	11.8	67.5	618.1	51.0	.0	.0	
55.0	42.6	14.7	121.7	258.1	98.0	.0	.0	
60.4	56.8	15.7	152.1	289.5	98.0	48.0	.0	
60.2	46.0	10.0	262.5	651.6	11.0	.0	.0	
57.8	43.8	4.4	86.3	368.6	62.0	.0	.0	
54.6	36.9	9.1	79.6	562.7	50.0	.0	.0	
58.1	35.7	7.5	128.8	550.8	46.0	.0	.0	
49.7	25.0	9.9	116.3	593.3	23.0	.0	.0	
54.4	32.8	7.9	123.8	670.0	10.0	.0	.0	
61.1	37.3	7.8	165.8	597.5	29.0	.0	.0	
65.7	43.6	8.4	195.0	682.5	5.0	.0	.0	
70.4	43.8	10.4	222.5	665.1	36.0	.0	.0	
72.7	54.2	10.4	180.8	564.5	44.0	.0	.0	
74.3	58.4	14.1	176.7	557.2	54.0	15.0	.0	
74.4	60.1	13.6	167.5	531.7	79.0	2.0	.0	
71.6	59.5	12.7	185.0	470.2	82.0	7.0	.0	
75.8	60.7	12.2	189.2	601.0	55.0	.0	.0	
76.5	58.1	12.7	180.8	635.7	54.0	.0	.0	
63.9	57.7	6.3	180.0	230.0	75.0	.0	.0	
63.4	57.1	13.2	133.3	411.1	90.0	43.0	.0	
63.5	53.4	18.9	192.1	274.1	72.0	.0	.0	
68.1	55.9	9.5	178.8	538.9	51.0	.0	.0	
72.7	59.5	8.1	137.1	634.6	29.0	.0	.0	
73.9	59.7	7.5	137.9	594.4	39.0	.0	.0	
71.3	60.8	8.9	140.8	445.7	59.0	5.0	.0	
73.0	52.6	12.2	146.3	613.9	76.0	.0	.0	
71.5	59.9	5.9	198.3	519.1	80.0	19.0	.0	
69.0	61.0	6.7	143.8	367.3	70.0	8.0	.0	
69.7	60.2	9.0	110.8	481.9	79.0	.0	.0	
64.7	52.3	17.0	299.2	324.1	60.0	.0	.0	
   6    30    1977
63.5	46.9	11.3	257.9	568.5	29.0	.0	.0	
61.3	46.1	7.9	115.4	644.8	40.0	.0	.0	
68.4	47.0	13.7	165.0	587.1	77.0	.0	.0	
78.7	61.4	13.0	191.7	543.4	79.0	.0	.0	
81.6	62.8	12.5	244.6	598.8	87.0	.0	.0	
64.1	46.0	17.0	177.9	642.3	20.0	.0	.0	
63.1	49.5	8.5	268.8	482.9	64.0	9.0	.0	
64.1	52.1	13.6	160.4	508.4	59.0	3.0	.0	
58.6	41.8	9.7	133.8	502.2	73.0	.0	.0	
70.0	53.4	17.9	158.3	683.5	56.0	71.0	.0	
75.1	66.4	12.8	147.1	527.5	92.0	16.0	.0	
64.7	52.7	13.1	76.3	488.4	98.0	.0	.0	
61.6	51.4	8.4	100.0	455.8	84.0	.0	.0	
64.8	52.6	7.3	104.6	642.9	40.0	.0	.0	
69.2	55.0	10.2	140.8	539.8	60.0	.0	.0	
72.9	60.4	10.5	249.2	440.0	84.0	1.0	.0	
70.8	63.6	8.0	186.7	369.2	80.0	50.0	.0	
69.2	54.7	12.2	285.4	643.9	35.0	.0	.0	
69.4	53.0	8.7	276.3	633.2	29.0	.0	.0	
64.9	51.1	10.7	299.2	641.5	27.0	.0	.0	
64.3	52.5	8.4	103.3	431.4	90.0	3.0	.0	
70.2	53.8	12.4	137.1	673.0	64.0	.0	.0	
70.5	61.7	9.4	188.8	453.4	72.0	22.0	.0	
72.0	64.0	7.9	210.8	531.0	72.0	89.0	.0	
72.8	59.5	7.0	227.9	660.2	10.0	.0	.0	
76.2	60.0	8.6	170.4	668.5	21.0	.0	.0	
80.5	63.2	9.7	199.2	684.8	33.0	.0	.0	
70.5	56.9	13.3	287.1	513.9	59.0	20.0	.0	
71.9	52.0	11.1	241.7	680.5	25.0	.0	.0	
66.9	53.3	15.7	247.1	531.1	59.0	127.0	.0	
   7    31    1977
66.7	49.2	12.5	237.9	705.4	6.0	.0	.0	
72.9	53.8	14.0	172.9	571.3	73.0	.0	.0	
81.4	68.9	14.7	196.7	622.8	50.0	14.0	.0	
84.3	67.1	12.0	202.5	662.2	8.0	.0	.0	
84.6	65.1	16.4	204.6	727.2	2.0	.0	.0	
80.7	66.6	12.7	187.1	578.9	54.0	84.0	.0	
75.9	68.9	6.0	229.2	471.7	80.0	.0	.0	
73.4	59.9	10.2	272.9	549.3	61.0	.0	.0	
67.7	56.5	7.3	117.9	621.6	39.0	.0	.0	
69.9	57.1	11.7	122.9	509.4	64.0	.0	.0	
75.3	63.5	10.3	205.8	543.3	71.0	5.0	.0	
72.2	60.2	7.8	244.2	671.5	11.0	.0	.0	
78.7	64.5	13.4	138.3	628.1	26.0	.0	.0	
84.2	65.3	14.0	212.1	658.3	23.0	.0	.0	
76.1	67.7	8.3	100.0	472.2	86.0	1.0	.0	
78.5	67.3	14.4	168.3	593.6	65.0	104.0	.0	
71.0	65.5	11.9	148.3	301.1	82.0	4.0	.0	
77.3	68.9	14.1	178.3	388.6	72.0	138.0	.0	
83.0	68.7	13.4	200.4	601.8	40.0	.0	.0	
79.4	70.0	10.1	200.4	569.7	42.0	2.0	.0	
72.8	64.3	8.5	126.3	433.3	64.0	2.0	.0	
70.0	54.7	8.9	105.8	646.4	12.0	.0	.0	
74.3	61.5	10.3	160.8	507.7	63.0	.0	.0	
77.7	69.3	7.8	233.3	381.9	93.0	2.0	.0	
69.7	56.5	11.9	131.7	629.0	29.0	.0	.0	
63.3	49.0	6.9	108.8	464.0	53.0	.0	.0	
66.6	50.6	11.4	155.0	610.3	40.0	.0	.0	
71.2	59.5	10.7	198.8	435.7	92.0	37.0	.0	
72.9	62.9	6.6	153.8	607.2	31.0	.0	.0	
78.1	64.4	11.7	179.2	546.5	65.0	.0	.0	
67.1	53.6	11.9	282.9	589.9	23.0	.0	.0	
   8    31    1977
67.8	51.8	8.4	230.8	619.4	33.0	8.0	.0	
67.2	59.2	6.7	164.6	388.9	68.0	6.0	.0	
72.5	59.2	7.4	187.5	567.0	67.0	.0	.0	
72.0	62.6	8.8	180.8	314.8	73.0	.0	.0	
69.8	63.2	7.2	235.4	249.2	81.0	20.0	.0	
66.4	58.2	7.0	135.4	396.7	87.0	.0	.0	
73.9	67.2	6.7	170.0	433.7	92.0	27.0	.0	
71.7	66.2	6.9	130.4	408.2	79.0	9.0	.0	
71.0	65.4	9.4	188.8	268.1	84.0	8.0	.0	
67.3	59.1	9.5	318.3	373.1	57.0	1.0	.0	
61.1	48.9	7.5	253.8	541.1	43.0	.0	.0	
67.2	51.2	10.4	215.4	612.8	2.0	.0	.0	
66.2	56.1	9.7	267.9	386.5	41.0	2.0	.0	
61.7	49.0	4.7	125.8	376.9	49.0	.0	.0	
64.0	56.8	12.4	109.2	330.9	61.0	213.0	.0	
64.5	59.0	10.8	282.1	295.2	80.0	.0	.0	
61.4	49.8	10.2	315.0	612.3	22.0	.0	.0	
58.9	46.7	5.5	205.4	599.7	36.0	2.0	.0	
57.9	53.4	11.1	121.7	227.1	98.0	42.0	.0	
62.3	55.8	6.5	173.8	373.8	90.0	1.0	.0	
65.5	56.5	8.2	240.4	424.0	58.0	.0	.0	
65.0	56.3	7.3	210.0	354.5	68.0	.0	.0	
56.8	52.5	8.6	94.2	245.9	70.0	3.0	.0	
58.7	49.6	5.8	119.6	551.6	27.0	.0	.0	
63.8	56.5	15.5	149.6	309.2	77.0	103.0	.0	
73.7	68.0	15.9	167.1	356.9	86.0	11.0	.0	
77.6	68.5	17.4	193.3	514.5	45.0	30.0	.0	
64.3	59.8	8.0	244.2	260.4	83.0	27.0	.0	
62.7	53.8	3.8	124.2	479.6	45.0	.0	.0	
69.3	63.5	14.1	165.0	255.2	78.0	.0	.0	
73.8	66.6	15.5	217.5	360.9	92.0	32.0	.0	
   9    30    1977
69.6	62.1	7.8	179.2	330.2	85.0	.0	.0	
66.0	59.8	8.5	193.8	364.0	85.0	.0	.0	
62.0	58.0	8.1	128.3	237.0	91.0	2.0	.0	
69.4	63.6	10.5	255.8	264.9	82.0	.0	.0	
63.4	57.1	3.5	116.7	363.4	33.0	.0	.0	
67.7	61.0	6.9	145.0	442.2	29.0	.0	.0	
65.8	60.7	6.6	61.3	315.1	54.0	2.0	.0	
70.5	63.2	15.9	173.3	395.9	52.0	1.0	.0	
61.6	46.3	15.2	290.0	520.5	20.0	10.0	.0	
57.0	45.3	6.0	249.2	505.6	2.0	.0	.0	
61.7	48.5	10.1	155.0	472.6	43.0	.0	.0	
60.9	57.8	6.4	120.8	194.6	98.0	72.0	.0	
60.3	53.6	7.7	174.6	368.7	74.0	.0	.0	
57.9	48.2	4.8	95.8	417.1	52.0	.0	.0	
55.2	50.8	8.6	75.8	253.7	91.0	6.0	.0	
57.8	55.0	5.0	180.4	244.2	98.0	.0	.0	
66.4	63.2	9.7	148.3	276.2	95.0	212.0	.0	
65.2	59.5	11.1	226.7	203.5	67.0	64.0	.0	
55.3	49.0	13.1	315.4	218.5	98.0	.0	.0	
55.1	48.1	6.3	136.3	391.2	63.0	.0	.0	
58.5	51.7	15.1	134.6	351.3	85.0	12.0	.0	
60.3	55.2	6.4	178.8	307.8	68.0	.0	.0	
58.2	57.0	11.5	120.0	140.9	90.0	92.0	.0	
58.1	50.0	9.9	201.3	207.6	64.0	.0	.0	
57.9	48.7	4.9	165.4	342.0	34.0	.0	.0	
58.4	44.6	10.7	290.4	375.9	42.0	.0	.0	
52.7	45.3	7.5	254.6	378.3	18.0	.0	.0	
54.9	44.9	4.6	94.2	380.6	59.0	.0	.0	
58.9	53.8	5.4	124.2	180.9	96.0	24.0	.0	
55.8	53.9	14.2	80.4	178.0	98.0	112.0	.0	
  10    31    1977
50.5	44.9	12.8	68.3	203.5	98.0	.0	.0	
46.0	35.1	9.1	173.8	429.4	8.0	.0	.0	
46.2	34.3	2.1	106.3	411.7	2.0	.0	.0	
51.1	41.3	10.4	159.2	267.3	63.0	.0	.0	
49.8	36.1	11.8	317.5	361.7	46.0	.0	.0	
42.2	33.6	4.9	187.5	387.9	21.0	.0	.0	
43.3	41.4	16.5	143.8	107.3	98.0	96.0	.0	
40.8	36.5	17.7	285.4	175.6	98.0	.0	.0	
44.4	36.2	10.6	248.8	339.9	41.0	.0	.0	
41.9	38.2	11.8	226.3	160.6	85.0	16.0	.0	
37.8	30.0	17.6	290.4	187.4	92.0	.0	.0	
38.5	30.1	7.8	215.0	353.3	18.0	.0	.0	
43.8	32.4	8.2	157.9	385.8	2.0	.0	.0	
48.9	36.4	10.7	266.3	338.2	43.0	.0	.0	
42.7	29.7	14.7	326.3	328.1	49.0	.0	.0	
38.7	27.0	6.3	179.2	360.5	2.0	.0	.0	
47.9	32.3	14.5	255.4	299.6	19.0	.0	.0	
43.2	33.7	14.0	300.0	190.1	31.0	.0	.0	
41.9	33.5	3.7	140.8	358.5	2.0	.0	.0	
49.6	38.5	11.6	160.4	234.2	49.0	.0	.0	
54.6	46.6	7.7	204.6	281.8	52.0	18.0	.0	
46.0	39.3	10.5	96.7	113.9	98.0	12.0	.0	
42.1	41.4	14.8	99.6	101.9	98.0	99.0	.0	
49.6	49.0	9.9	186.7	134.5	98.0	16.0	.0	
47.3	44.7	6.8	229.6	155.5	98.0	.0	.0	
49.7	45.8	8.3	170.8	314.0	3.0	.0	.0	
47.0	45.7	6.9	112.9	143.0	51.0	.0	.0	
47.0	40.5	9.2	89.2	180.2	74.0	.0	.0	
47.8	38.1	10.6	127.1	178.9	57.0	.0	.0	
45.5	40.0	17.0	132.5	158.7	76.0	9.0	.0	
51.1	48.0	10.1	210.8	183.1	56.0	28.0	.0	
  11    30    1977
45.1	41.2	8.5	274.2	135.9	94.0	1.0	.0	
48.7	46.5	8.0	158.3	132.3	98.0	.0	.0	
51.9	47.4	8.0	254.2	194.5	52.0	10.0	.0	
46.3	34.6	9.4	140.8	290.0	2.0	.0	.0	
48.4	41.4	7.9	90.0	121.9	69.0	.0	.0	
53.0	48.9	7.0	79.2	113.8	98.0	.0	.0	
54.5	51.2	3.6	129.6	135.2	98.0	.0	.0	
57.6	52.7	11.3	150.8	98.3	98.0	1.0	.0	
43.6	34.2	25.9	205.4	119.9	98.0	21.0	.0	
32.3	17.0	23.4	310.8	160.7	60.0	.0	.0	
30.5	12.6	14.1	310.0	216.9	17.0	.0	.0	
27.5	12.0	8.2	195.8	250.6	11.0	.0	.0	
33.7	18.6	12.1	142.5	140.1	52.0	.0	.0	
40.1	29.6	9.5	137.1	183.4	61.0	.0	.0	
44.3	32.9	12.0	254.6	152.1	74.0	.0	.0	
37.8	27.3	9.5	251.7	151.4	60.0	.0	.0	
36.8	23.1	18.7	285.0	146.3	66.0	.0	.0	
36.5	22.3	8.3	229.2	188.3	77.0	.0	.0	
40.8	29.3	20.7	122.5	112.2	98.0	.0	.0	
42.5	29.9	24.3	227.1	118.3	80.0	44.0	.0	
20.6	5.1	13.3	264.6	193.8	45.0	.0	.0	
29.3	11.4	14.3	130.4	156.7	88.0	.0	.0	
30.8	23.5	9.7	217.1	119.1	98.0	.0	144.8	
14.0	4.9	10.7	256.3	213.1	72.0	.0	61.0	
1.7	-8.7	16.7	293.8	217.2	25.0	.0	15.2	
.7	-12.0	8.6	162.9	128.5	75.0	.0	22.9	
16.9	9.3	14.8	235.4	118.4	75.0	.0	20.3	
8.5	-1.7	5.8	130.0	207.7	57.0	.0	.0	
23.5	12.6	10.9	150.0	207.5	33.0	.0	.0	
26.9	16.8	6.6	143.3	140.0	86.0	.0	20.3	
  12    31    1977
27.7	19.4	13.6	271.3	111.3	88.0	.0	5.1	
24.6	14.6	9.7	284.6	108.1	94.0	.0	.0	
14.2	5.0	7.1	276.7	166.6	82.0	.0	.0	
20.6	10.0	11.8	110.0	136.2	95.0	.0	30.5	
16.5	8.5	19.9	286.3	112.5	78.0	.0	104.1	
-1.3	-16.1	16.9	307.5	170.5	38.0	.0	.0	
.3	-13.1	8.5	137.9	142.7	65.0	.0	10.2	
10.4	.7	16.0	219.2	121.2	98.0	.0	94.0	
-7.4	-21.7	23.4	302.9	118.7	70.0	.0	.0	
-6.5	-20.6	6.6	201.7	170.8	56.0	.0	.0	
11.2	-1.0	15.1	139.2	184.7	68.0	.0	.0	
33.9	25.2	12.4	184.6	89.1	89.0	.0	.0	
35.0	28.8	9.4	290.4	161.7	82.0	.0	.0	
31.7	26.6	9.2	210.4	108.9	98.0	.0	.0	
36.8	30.3	11.2	145.0	123.3	85.0	.0	.0	
37.9	33.1	17.0	124.6	134.0	68.0	.0	.0	
39.6	36.4	15.8	161.3	60.1	98.0	7.0	.0	
32.8	28.5	10.3	280.0	98.5	98.0	.0	.0	
29.2	24.0	11.5	320.0	102.6	98.0	.0	17.8	
17.3	11.4	19.9	313.3	102.8	98.0	.0	2.5	
15.6	10.1	18.0	309.2	107.2	60.0	.0	.0	
23.2	14.4	10.6	185.4	102.8	76.0	.0	.0	
20.1	15.2	10.0	239.2	154.4	50.0	.0	.0	
17.8	12.8	18.9	267.5	116.8	68.0	.0	.0	
-.4	-10.2	17.8	305.4	139.4	57.0	.0	.0	
.2	-8.3	14.7	307.9	171.9	12.0	.0	.0	
-1.0	-11.2	9.1	259.6	197.2	22.0	.0	.0	
16.8	12.7	9.2	225.0	171.0	68.0	.0	.0	
18.1	14.6	6.1	104.6	186.0	46.0	.0	.0	
14.3	10.7	5.9	163.8	168.1	59.0	.0	.0	
22.8	19.9	12.8	122.5	103.9	98.0	.0	157.5	
