   1    31    1963
34.3	21.0	6.9	9.6	256.6	13.0	.0	.0	
35.8	14.8	10.2	122.9	171.4	38.0	.0	.0	
37.0	23.8	2.6	81.3	264.0	16.0	.0	.0	
39.6	32.1	2.0	54.2	182.4	70.0	.0	.0	
46.3	35.5	6.3	122.5	129.0	98.0	.0	.0	
44.1	40.2	3.2	92.9	128.0	93.0	4.0	.0	
39.8	36.6	7.5	253.8	125.8	98.0	.0	.0	
39.4	31.0	6.2	224.6	274.9	35.0	.0	.0	
50.1	34.5	13.0	170.8	242.5	43.0	.0	.0	
59.0	52.3	16.5	174.2	129.0	85.0	.0	.0	
59.7	56.1	10.2	167.1	104.6	94.0	70.0	.0	
42.3	39.1	13.3	299.2	142.9	98.0	16.0	.0	
19.4	10.2	13.0	327.9	191.8	60.0	.0	2.5	
18.6	9.3	3.3	94.2	237.4	27.0	.0	.0	
24.2	13.3	3.8	57.9	302.1	4.0	.0	.0	
32.0	19.5	3.7	56.3	311.8	2.0	.0	.0	
41.3	24.9	11.4	155.8	177.5	63.0	.0	.0	
46.1	43.6	4.5	91.7	91.4	98.0	15.0	.0	
50.7	48.6	12.4	152.5	111.8	98.0	58.0	.0	
33.4	29.1	13.1	278.3	121.7	81.0	16.0	.0	
21.4	9.3	10.3	258.8	322.2	2.0	.0	.0	
40.6	24.7	13.1	163.8	324.1	27.0	.0	.0	
22.5	14.8	21.1	191.3	143.8	75.0	.0	104.1	
7.0	-7.8	10.3	126.7	322.5	2.0	.0	.0	
25.2	7.9	9.6	109.6	238.5	62.0	.0	.0	
34.7	28.9	11.1	187.9	82.6	98.0	75.0	.0	
19.4	7.5	19.0	225.0	277.6	49.0	.0	.0	
23.1	4.0	9.1	82.1	310.3	8.0	.0	.0	
36.2	18.7	16.6	153.3	183.5	75.0	11.0	.0	
41.5	40.3	11.4	136.7	102.3	98.0	52.0	.0	
35.7	29.0	9.0	97.1	221.5	86.0	.0	.0	
   2    28    1963
51.0	48.8	14.5	159.2	148.4	98.0	5.0	.0	
50.5	47.9	18.2	97.5	115.9	98.0	54.0	.0	
28.6	15.9	17.6	7.5	370.0	14.0	.0	.0	
37.3	22.0	5.9	117.9	270.8	65.0	.0	.0	
45.2	26.0	5.7	91.7	351.1	25.0	.0	.0	
46.3	30.3	4.6	146.3	361.8	20.0	.0	.0	
41.6	35.2	13.9	156.3	166.3	95.0	.0	.0	
35.6	29.1	11.7	76.3	188.0	76.0	.0	.0	
36.1	31.0	5.4	128.8	202.4	40.0	.0	.0	
50.2	39.6	14.6	172.9	182.0	89.0	.0	.0	
33.7	27.7	21.0	45.8	171.9	98.0	15.0	.0	
26.2	16.1	15.8	180.4	199.2	65.0	.0	.0	
34.0	16.9	12.0	207.9	410.9	2.0	.0	.0	
35.6	17.9	13.2	241.7	357.6	10.0	.0	.0	
26.6	8.7	16.3	41.7	415.1	3.0	.0	.0	
32.0	9.8	11.7	74.2	363.7	47.0	.0	.0	
39.6	10.7	9.3	122.9	403.9	10.0	.0	.0	
40.1	19.1	9.7	133.8	191.7	95.0	82.0	.0	
38.2	33.2	13.1	161.3	188.3	74.0	22.0	.0	
46.6	36.2	10.0	180.4	331.0	71.0	.0	.0	
26.2	11.9	19.8	135.8	294.1	63.0	.0	.0	
18.4	1.6	7.2	96.3	447.3	2.0	.0	.0	
35.7	14.6	8.3	123.8	361.4	58.0	.0	.0	
39.7	30.9	10.0	226.7	280.6	55.0	10.0	.0	
46.9	31.6	12.6	161.7	382.2	42.0	.0	.0	
29.1	16.8	20.0	116.3	368.4	45.0	.0	.0	
33.8	8.3	11.9	145.4	429.3	22.0	.0	.0	
50.1	37.0	11.1	163.3	171.4	97.0	.0	.0	
   3    31    1963
47.8	42.6	17.9	232.5	172.0	98.0	36.0	.0	
43.7	31.9	5.7	196.3	442.5	40.0	.0	.0	
53.3	33.4	10.4	94.6	478.4	2.0	.0	.0	
64.7	52.9	18.5	160.8	258.1	81.0	14.0	.0	
60.9	57.6	14.9	188.3	169.2	98.0	152.0	.0	
43.9	26.2	15.2	272.1	474.8	42.0	.0	.0	
45.4	28.7	7.5	170.8	470.1	10.0	.0	.0	
50.9	28.8	8.3	161.7	489.5	20.0	.0	.0	
49.0	39.0	8.4	170.0	182.6	88.0	20.0	.0	
49.5	35.9	4.3	82.5	427.6	75.0	.0	.0	
63.3	56.4	20.9	187.5	163.4	98.0	376.0	.0	
62.4	60.4	12.0	167.9	192.6	80.0	225.0	.0	
65.7	49.7	8.6	134.2	479.0	33.0	.0	.0	
45.4	36.4	19.1	13.8	240.1	65.0	.0	.0	
47.5	38.8	11.9	100.8	230.9	69.0	8.0	.0	
64.1	54.9	17.8	165.8	291.3	95.0	.0	.0	
69.3	50.2	11.0	195.4	438.5	54.0	2.0	.0	
67.0	51.9	6.8	134.6	257.9	78.0	.0	.0	
71.8	60.7	17.1	230.4	294.0	78.0	49.0	.0	
51.8	28.9	17.8	310.0	531.7	2.0	.0	.0	
44.4	19.3	18.8	327.5	511.5	3.0	.0	.0	
43.5	23.4	9.9	70.4	566.5	2.0	.0	.0	
51.1	29.7	2.1	83.3	550.9	2.0	.0	.0	
59.3	33.2	9.3	149.6	462.0	50.0	.0	.0	
58.8	49.8	12.1	158.8	180.3	98.0	66.0	.0	
58.5	45.7	14.0	239.2	505.6	32.0	98.0	.0	
57.0	39.9	3.3	82.5	529.4	43.0	.0	.0	
64.6	41.2	5.2	134.2	567.2	25.0	.0	.0	
67.1	39.9	8.3	139.6	578.6	19.0	.0	.0	
68.0	41.4	5.9	124.2	574.4	2.0	.0	.0	
68.2	43.4	3.4	90.8	544.2	20.0	.0	.0	
   4    30    1963
71.2	47.0	9.0	123.8	544.0	23.0	.0	.0	
72.2	51.5	9.8	170.0	557.8	18.0	.0	.0	
73.1	54.3	13.0	210.8	530.7	46.0	.0	.0	
61.6	37.3	15.2	131.3	575.0	45.0	.0	.0	
55.2	34.0	10.9	84.2	244.1	97.0	7.0	.0	
50.4	45.6	13.2	129.6	163.9	98.0	150.0	.0	
58.8	43.4	10.8	57.5	589.3	32.0	9.0	.0	
62.7	43.2	6.3	128.8	550.0	44.0	.0	.0	
68.3	54.1	10.6	170.0	323.3	74.0	.0	.0	
61.3	37.6	12.0	92.9	577.5	49.0	2.0	.0	
64.3	37.9	10.8	64.2	468.4	78.0	.0	.0	
60.2	33.5	13.7	29.6	581.0	25.0	.0	.0	
53.3	36.1	12.0	160.0	604.2	12.0	.0	.0	
53.9	31.9	9.9	163.8	639.3	2.0	.0	.0	
56.4	33.4	3.9	80.8	609.3	36.0	.0	.0	
70.6	46.6	15.7	184.6	403.3	88.0	.0	.0	
73.2	54.5	13.7	193.3	544.3	40.0	.0	.0	
72.6	58.2	13.3	188.8	362.9	65.0	.0	.0	
72.8	61.1	15.5	197.5	293.5	84.0	2.0	.0	
73.1	51.9	7.5	160.4	635.3	35.0	7.0	.0	
76.0	65.2	10.1	188.8	495.0	58.0	.0	.0	
77.2	62.5	13.6	196.3	536.0	47.0	.0	.0	
65.4	44.0	13.8	179.2	301.5	69.0	.0	.0	
55.7	33.6	9.1	118.8	481.1	66.0	.0	.0	
55.7	48.7	4.1	116.3	272.2	98.0	9.0	.0	
62.1	42.4	6.2	66.3	596.4	44.0	.0	.0	
59.9	48.0	6.3	107.9	199.3	98.0	37.0	.0	
62.1	59.7	11.6	130.8	195.3	98.0	350.0	.0	
66.0	62.9	12.9	151.3	213.3	98.0	332.0	.0	
60.3	49.4	15.7	199.6	366.9	61.0	.0	.0	
   5    31    1963
51.6	28.3	10.9	39.6	673.8	2.0	.0	.0	
59.0	39.9	7.7	109.6	598.3	45.0	.0	.0	
63.9	46.8	4.7	93.3	534.6	42.0	.0	.0	
67.3	50.5	3.2	85.8	627.1	18.0	.0	.0	
71.4	57.8	4.8	140.4	575.8	58.0	.0	.0	
70.8	60.1	5.4	113.8	486.4	76.0	.0	.0	
71.9	56.2	5.7	138.3	649.9	2.0	.0	.0	
74.9	59.3	5.1	115.8	631.3	9.0	.0	.0	
77.0	61.8	7.8	172.9	603.1	22.0	.0	.0	
77.8	64.0	9.4	204.6	536.4	68.0	.0	.0	
77.2	64.5	8.8	102.1	646.0	35.0	.0	.0	
73.7	60.8	10.7	102.1	514.6	45.0	.0	.0	
65.0	59.5	14.8	140.4	279.3	94.0	5.0	.0	
73.0	63.4	4.2	135.8	505.5	58.0	.0	.0	
76.4	65.6	5.1	121.3	452.3	45.0	.0	.0	
78.4	62.7	7.6	164.6	605.6	62.0	.0	.0	
76.5	65.2	10.7	205.8	440.6	69.0	1.0	.0	
71.2	54.5	6.7	122.1	582.8	40.0	.0	.0	
71.8	52.8	3.7	78.8	620.3	43.0	.0	.0	
70.9	59.3	7.7	101.3	499.0	63.0	.0	.0	
68.3	55.0	4.8	118.8	469.5	44.0	2.0	.0	
61.4	47.2	13.4	32.9	449.2	76.0	8.0	.0	
59.5	40.5	12.6	19.2	662.0	17.0	.0	.0	
67.1	50.2	9.9	126.3	522.8	78.0	.0	.0	
62.5	59.0	11.9	117.5	210.7	98.0	122.0	.0	
67.0	63.8	9.9	139.6	249.4	98.0	120.0	.0	
72.8	66.5	11.7	155.4	323.2	98.0	48.0	.0	
71.1	65.1	5.4	118.8	265.2	98.0	3.0	.0	
72.2	63.1	6.4	169.2	492.8	56.0	.0	.0	
71.1	56.8	11.6	26.7	639.0	21.0	.0	.0	
74.8	60.1	10.8	101.7	600.6	28.0	.0	.0	
   6    30    1963
75.5	58.4	10.3	134.2	642.0	20.0	.0	.0	
73.7	56.3	3.7	72.1	663.6	14.0	.0	.0	
74.7	61.3	4.7	129.2	566.6	32.0	.0	.0	
73.2	61.5	4.0	62.9	355.8	78.0	.0	.0	
76.6	63.1	3.4	99.2	643.4	28.0	.0	.0	
79.1	63.1	3.9	123.3	679.1	19.0	.0	.0	
81.5	65.9	5.0	142.1	658.4	9.0	.0	.0	
82.2	66.6	6.6	165.4	624.1	26.0	.0	.0	
82.9	66.7	3.5	124.6	665.0	8.0	.0	.0	
83.8	69.0	4.9	146.7	583.5	20.0	.0	.0	
81.6	63.9	9.5	219.6	646.7	33.0	.0	.0	
77.8	59.4	5.0	97.5	620.5	35.0	.0	.0	
82.9	64.8	6.4	168.3	695.2	33.0	.0	.0	
83.3	61.5	8.4	152.9	639.1	51.0	2.0	.0	
79.1	61.3	5.5	129.2	375.0	92.0	13.0	.0	
72.9	69.1	7.3	119.6	309.8	98.0	165.0	.0	
72.4	65.1	7.7	19.2	328.4	98.0	3.0	.0	
75.2	64.7	5.8	100.4	540.9	74.0	.0	.0	
77.5	68.6	9.0	142.1	430.5	90.0	4.0	.0	
72.8	69.5	9.3	172.1	272.2	98.0	214.0	.0	
72.3	68.9	4.7	91.3	238.8	98.0	25.0	.0	
71.8	67.4	9.1	112.5	291.8	97.0	37.0	.0	
72.0	65.7	13.2	117.5	295.9	95.0	33.0	.0	
74.4	64.9	10.4	117.5	392.8	63.0	.0	.0	
74.2	61.4	7.8	112.5	528.2	62.0	.0	.0	
72.7	63.9	5.1	71.3	295.6	98.0	3.0	.0	
74.0	66.7	3.6	110.8	436.0	88.0	23.0	.0	
73.5	66.5	3.9	81.7	509.9	77.0	132.0	.0	
75.7	67.0	4.2	113.3	540.5	36.0	.0	.0	
77.5	69.0	4.4	104.2	520.3	77.0	.0	.0	
   7    31    1963
77.3	69.6	3.2	107.9	480.7	63.0	.0	.0	
76.8	69.8	5.5	150.4	467.3	65.0	1.0	.0	
80.6	70.1	6.1	97.5	639.8	23.0	.0	.0	
79.1	63.7	7.0	70.8	708.6	2.0	.0	.0	
80.1	67.3	4.2	101.3	655.9	28.0	.0	.0	
78.8	70.9	6.3	125.4	494.5	63.0	45.0	.0	
78.8	70.6	6.3	167.1	491.0	66.0	4.0	.0	
78.8	70.1	5.7	67.9	472.4	54.0	2.0	.0	
75.0	60.4	10.6	13.3	620.5	36.0	.0	.0	
70.9	52.0	7.5	25.0	696.3	2.0	.0	.0	
71.9	55.2	3.4	76.3	636.7	12.0	.0	.0	
76.5	60.7	5.7	114.2	652.7	19.0	.0	.0	
74.2	65.5	11.4	177.1	214.4	92.0	46.0	.0	
75.4	70.7	8.7	215.8	321.7	93.0	6.0	.0	
76.9	69.7	4.6	139.6	362.1	95.0	.0	.0	
75.8	70.7	6.2	181.7	374.4	70.0	38.0	.0	
78.7	71.5	6.7	138.3	520.5	42.0	.0	.0	
78.0	70.9	6.9	127.1	510.6	65.0	84.0	.0	
80.9	72.0	6.1	164.6	584.8	20.0	.0	.0	
79.5	72.9	9.4	200.8	480.3	62.0	100.0	.0	
77.0	66.2	6.6	16.3	666.1	24.0	.0	.0	
76.9	65.3	2.3	36.7	608.0	29.0	.0	.0	
77.7	66.1	3.7	111.7	628.3	44.0	190.0	.0	
72.7	65.2	10.5	109.6	382.0	91.0	.0	.0	
75.5	67.2	10.4	126.7	416.7	67.0	.0	.0	
79.3	70.2	10.9	148.8	495.9	61.0	.0	.0	
81.3	70.2	7.5	155.4	578.6	23.0	.0	.0	
76.4	70.9	3.1	102.9	358.7	70.0	53.0	.0	
78.7	70.8	4.9	121.3	403.5	81.0	.0	.0	
78.7	70.9	6.8	174.6	520.7	74.0	39.0	.0	
78.4	70.8	3.2	117.1	374.9	66.0	.0	.0	
   8    31    1963
79.5	72.0	2.9	91.3	428.4	49.0	.0	.0	
79.4	66.2	3.5	40.0	656.4	10.0	.0	.0	
79.4	66.4	2.5	72.9	676.0	2.0	.0	.0	
80.8	67.0	2.6	87.9	658.5	9.0	.0	.0	
82.9	69.7	2.2	67.1	612.1	18.0	.0	.0	
83.9	71.4	3.2	105.4	615.8	10.0	.0	.0	
83.4	70.7	6.4	152.1	614.7	42.0	1.0	.0	
79.7	68.5	7.8	28.8	583.6	27.0	.0	.0	
78.0	63.9	3.3	40.0	589.0	45.0	.0	.0	
76.2	66.4	5.9	57.9	398.1	62.0	.0	.0	
79.3	66.9	3.3	65.4	574.3	45.0	.0	.0	
81.8	69.7	5.6	145.8	512.6	76.0	.0	.0	
80.0	71.9	11.0	215.4	342.0	78.0	24.0	.0	
69.9	57.4	14.0	18.8	575.6	45.0	.0	.0	
70.7	57.1	12.1	17.5	570.9	9.0	.0	.0	
74.9	61.2	4.0	84.6	574.2	23.0	.0	.0	
78.9	64.3	3.1	93.8	548.2	29.0	.0	.0	
80.5	66.6	2.7	76.7	565.1	25.0	.0	.0	
80.4	67.3	9.0	159.6	446.8	89.0	.0	.0	
76.7	67.4	5.2	110.0	266.7	97.0	.0	.0	
76.5	66.3	4.2	113.8	567.5	17.0	.0	.0	
78.7	65.4	2.7	99.6	571.7	23.0	.0	.0	
80.1	63.8	3.0	97.9	589.4	13.0	.0	.0	
79.4	64.2	2.3	63.8	562.1	49.0	.0	.0	
79.8	70.2	2.4	68.3	363.5	70.0	36.0	.0	
80.2	71.0	6.8	15.4	532.2	16.0	.0	.0	
79.9	70.2	7.7	125.0	499.0	28.0	.0	.0	
79.0	70.4	10.9	150.8	289.7	74.0	.0	.0	
76.1	71.5	6.2	121.3	284.5	90.0	52.0	.0	
77.0	67.3	9.1	34.2	373.8	77.0	.0	.0	
74.7	58.2	8.8	74.6	565.7	26.0	.0	.0	
   9    30    1963
75.5	59.8	7.3	131.7	578.5	2.0	.0	.0	
79.4	65.9	9.3	148.3	461.5	35.0	.0	.0	
81.7	66.9	5.7	151.3	484.9	57.0	.0	.0	
77.8	71.0	5.9	153.8	254.3	93.0	23.0	.0	
77.3	66.0	8.3	156.7	485.8	54.0	.0	.0	
72.9	60.6	7.4	55.8	546.5	13.0	.0	.0	
72.2	60.1	2.1	49.2	404.2	35.0	.0	.0	
74.1	60.2	3.6	74.6	543.2	2.0	.0	.0	
75.5	60.0	3.4	72.1	556.5	9.0	.0	.0	
76.9	61.9	3.7	53.8	512.4	21.0	.0	.0	
79.1	62.5	4.0	84.2	515.4	30.0	.0	.0	
74.6	66.9	4.9	114.2	338.9	81.0	18.0	.0	
70.6	65.4	11.2	83.3	238.5	90.0	.0	.0	
68.8	62.6	10.1	82.5	239.2	96.0	26.0	.0	
69.2	60.6	13.5	127.9	342.0	74.0	.0	.0	
73.6	60.1	8.8	103.3	439.4	48.0	.0	.0	
74.6	60.2	4.1	52.9	321.5	88.0	.0	.0	
75.1	59.5	3.0	82.5	472.0	43.0	.0	.0	
74.0	57.5	4.1	101.7	516.0	3.0	.0	.0	
73.5	55.0	5.0	63.8	517.7	2.0	.0	.0	
75.6	57.3	6.8	110.4	457.7	8.0	.0	.0	
70.9	51.3	16.4	19.6	496.0	2.0	.0	.0	
67.4	44.3	13.3	104.6	469.4	13.0	.0	.0	
63.9	35.0	14.0	113.8	521.3	2.0	.0	.0	
67.7	46.2	10.7	101.7	483.2	7.0	.0	.0	
69.9	56.5	7.1	87.1	238.3	80.0	6.0	.0	
67.0	61.9	2.3	127.5	137.3	98.0	.0	.0	
63.3	60.7	7.2	125.0	140.8	98.0	24.0	.0	
59.4	54.6	12.5	201.3	240.6	86.0	.0	.0	
59.8	44.1	13.0	42.9	495.6	3.0	.0	.0	
  10    31    1963
67.6	49.4	13.1	155.4	446.3	13.0	.0	.0	
71.0	54.8	8.8	162.5	414.2	30.0	.0	.0	
71.4	56.5	4.5	113.8	462.8	2.0	.0	.0	
70.5	48.2	5.2	124.6	472.7	2.0	.0	.0	
71.7	49.6	12.2	122.5	432.6	12.0	.0	.0	
68.8	47.0	7.4	122.5	477.2	2.0	.0	.0	
64.4	46.1	2.0	76.3	480.4	2.0	.0	.0	
65.9	48.8	2.5	85.8	397.2	27.0	.0	.0	
69.0	45.5	9.6	106.7	440.8	2.0	.0	.0	
67.5	47.8	8.2	114.2	460.5	2.0	.0	.0	
67.9	50.8	4.7	131.7	392.5	10.0	.0	.0	
70.7	53.0	5.2	131.7	409.1	27.0	.0	.0	
70.7	54.9	8.6	165.8	447.0	2.0	.0	.0	
70.5	51.3	12.5	140.0	413.5	8.0	.0	.0	
67.2	47.9	7.0	134.6	422.9	2.0	.0	.0	
63.7	47.0	2.3	76.3	437.0	4.0	.0	.0	
61.8	43.0	2.6	54.6	391.4	40.0	.0	.0	
62.0	37.8	2.1	55.4	400.2	28.0	.0	.0	
62.5	40.6	2.0	49.6	419.3	2.0	.0	.0	
63.9	40.8	2.3	74.2	425.4	8.0	.0	.0	
67.1	47.5	2.7	93.3	395.3	7.0	.0	.0	
69.0	49.9	3.9	99.2	413.1	2.0	.0	.0	
71.2	57.6	11.8	142.9	343.1	65.0	.0	.0	
70.6	58.8	8.9	107.1	265.8	86.0	.0	.0	
71.2	57.4	3.9	99.6	344.3	27.0	.0	.0	
69.6	55.7	2.4	57.5	344.0	8.0	.0	.0	
70.0	55.7	3.7	92.9	297.1	50.0	.0	.0	
64.4	46.3	14.4	225.8	261.3	33.0	.0	.0	
51.8	25.0	13.1	129.2	381.6	2.0	.0	.0	
48.6	30.3	2.0	89.6	334.7	27.0	.0	.0	
60.9	31.2	10.2	137.1	339.4	36.0	.0	.0	
  11    30    1963
49.7	43.5	13.8	236.3	120.1	63.0	86.0	.0	
41.5	24.5	6.2	130.8	378.1	2.0	.0	.0	
42.1	26.4	2.0	41.7	271.4	32.0	.0	.0	
53.2	33.2	8.6	148.8	169.9	92.0	7.0	.0	
56.3	52.9	9.5	151.7	110.7	98.0	66.0	.0	
54.7	52.8	4.7	167.9	176.4	67.0	1.0	.0	
52.6	45.7	7.0	164.2	264.3	48.0	.0	.0	
51.8	40.6	7.1	118.8	293.1	68.0	.0	.0	
52.0	40.5	4.5	93.8	125.6	98.0	.0	.0	
57.4	39.9	5.9	56.3	328.8	18.0	.0	.0	
55.5	33.5	11.8	37.5	309.8	19.0	.0	.0	
46.3	22.9	8.8	192.1	330.3	4.0	.0	.0	
38.9	23.8	13.4	274.6	172.5	74.0	.0	.0	
40.1	26.9	8.5	167.9	251.7	41.0	.0	.0	
40.8	28.0	3.6	98.8	308.8	3.0	.0	.0	
51.8	34.0	9.2	142.5	315.7	3.0	.0	.0	
58.3	46.6	11.6	163.3	164.0	45.0	.0	.0	
62.3	53.3	8.1	162.1	156.8	78.0	.0	.0	
63.5	53.1	3.9	92.5	298.6	31.0	.0	.0	
63.9	51.8	11.8	152.1	107.6	80.0	5.0	.0	
64.8	54.1	13.9	144.2	169.6	88.0	.0	.0	
67.2	55.4	18.3	164.6	130.2	91.0	40.0	.0	
49.7	44.7	14.4	224.6	146.0	79.0	28.0	.0	
45.2	29.3	9.7	55.4	313.1	2.0	.0	.0	
54.7	32.4	17.3	132.5	223.5	53.0	.0	.0	
52.1	45.3	9.7	115.0	112.1	98.0	6.0	.0	
56.0	52.0	3.4	45.0	131.9	98.0	.0	.0	
56.8	53.7	9.9	54.6	125.2	97.0	183.0	.0	
39.0	27.8	19.4	313.3	136.5	62.0	22.0	.0	
35.8	21.8	13.2	249.2	231.4	22.0	.0	.0	
  12    31    1963
37.6	22.5	7.1	128.3	283.7	35.0	.0	.0	
41.7	35.2	6.6	179.6	110.3	80.0	20.0	.0	
35.5	26.3	7.1	193.3	282.3	4.0	.0	.0	
40.5	28.4	7.7	197.1	282.7	15.0	.0	.0	
37.2	28.3	5.7	110.4	189.8	34.0	.0	.0	
41.2	31.1	5.0	105.0	252.1	52.0	.0	.0	
49.4	33.5	11.0	141.7	201.7	66.0	.0	.0	
42.9	26.0	18.0	251.3	228.4	43.0	30.0	.0	
36.5	21.4	13.2	243.8	280.0	4.0	.0	.0	
37.2	26.4	2.0	37.5	249.9	56.0	17.0	.0	
44.1	42.0	11.8	137.9	71.8	98.0	292.0	.0	
40.6	38.5	9.3	299.6	105.3	98.0	3.0	.0	
35.1	31.5	12.5	36.7	87.3	98.0	12.0	.0	
26.5	15.4	15.1	129.2	171.6	55.0	.0	5.1	
23.1	8.9	10.0	96.3	271.6	14.0	.0	.0	
24.0	7.6	11.6	15.4	210.2	23.0	.0	.0	
29.8	13.9	4.4	101.3	233.9	40.0	.0	.0	
27.7	16.3	12.6	175.4	204.7	47.0	.0	.0	
21.5	8.7	5.4	132.1	265.5	16.0	.0	.0	
25.3	8.3	12.7	57.1	150.3	77.0	.0	.0	
24.9	8.0	13.2	8.3	224.9	21.0	.0	.0	
31.0	20.7	10.6	92.9	113.4	98.0	.0	241.3	
28.8	25.0	10.7	197.1	173.7	98.0	.0	33.0	
25.2	19.7	8.0	234.6	224.0	49.0	.0	.0	
29.5	25.0	2.5	73.3	275.0	2.0	.0	.0	
44.8	35.9	9.7	183.3	273.5	20.0	.0	.0	
35.0	30.0	6.0	148.3	144.2	61.0	.0	.0	
32.9	22.6	9.9	20.4	205.8	69.0	.0	.0	
33.0	16.7	9.2	116.7	280.0	22.0	.0	.0	
28.7	16.2	14.3	51.7	151.7	79.0	.0	.0	
29.0	21.8	15.3	45.4	135.7	98.0	.0	365.8	
