   1    31    1986
34.1	25.0	6.2	137.9	263.9	10.0	.0	.0	
42.4	34.8	7.8	128.8	256.8	45.0	.0	.0	
45.3	35.1	6.5	185.4	240.4	70.0	.0	.0	
43.9	33.5	9.9	178.8	143.2	72.0	.0	.0	
30.1	18.0	9.8	254.6	270.8	27.0	.0	.0	
31.0	17.8	4.0	109.2	214.8	68.0	.0	.0	
36.0	17.4	11.7	214.2	276.3	31.0	.0	.0	
27.5	9.7	9.3	66.3	230.8	47.0	.0	.0	
36.4	12.4	4.5	76.3	224.4	72.0	.0	.0	
42.1	23.7	6.1	172.1	187.6	86.0	1.0	.0	
38.2	22.8	5.7	211.3	283.5	2.0	.0	.0	
40.2	24.4	8.0	207.1	298.5	7.0	.0	.0	
34.1	16.3	9.9	264.6	248.5	16.0	.0	.0	
39.1	21.5	10.3	203.3	270.9	28.0	.0	.0	
39.7	21.2	6.5	144.2	307.7	3.0	.0	.0	
48.3	31.0	6.9	120.8	228.5	60.0	.0	.0	
51.4	37.7	7.3	108.3	194.1	87.0	.0	.0	
50.9	49.1	7.3	130.4	116.3	91.0	55.0	.0	
42.6	37.6	12.5	290.4	145.0	91.0	5.0	.0	
40.5	32.9	5.8	212.9	294.8	29.0	.0	.0	
50.9	41.8	9.7	135.8	312.0	10.0	.0	.0	
49.0	37.3	12.5	275.4	224.6	70.0	.0	.0	
39.7	20.6	11.4	200.4	311.2	33.0	.0	.0	
42.1	19.6	12.1	116.7	290.8	44.0	.0	.0	
38.2	33.4	9.1	152.9	90.5	98.0	70.0	.0	
32.5	27.9	13.7	301.3	129.3	80.0	1.0	.0	
10.6	-1.6	16.8	301.7	266.1	43.0	.0	.0	
25.6	8.8	9.5	165.0	239.8	57.0	.0	.0	
44.2	32.2	12.5	236.7	205.0	53.0	.0	.0	
32.2	20.1	6.2	185.8	323.9	17.0	.0	.0	
43.6	27.2	6.0	125.8	298.5	27.0	.0	.0	
   2    28    1986
53.5	34.7	8.5	125.0	263.3	74.0	.0	.0	
59.8	46.5	7.5	170.4	168.3	90.0	.0	.0	
60.4	50.0	9.6	167.5	274.4	77.0	.0	.0	
62.7	56.1	14.4	178.8	213.1	93.0	57.0	.0	
59.5	54.9	6.3	179.2	225.7	50.0	10.0	.0	
55.9	48.1	15.3	184.6	201.2	81.0	1.0	.0	
45.2	37.1	9.8	231.7	234.4	63.0	.0	.0	
45.4	35.6	8.7	189.6	277.5	55.0	.0	.0	
41.7	35.7	9.4	170.4	152.0	97.0	.0	.0	
32.5	30.5	13.2	223.3	165.0	98.0	51.0	.0	
23.0	18.7	10.9	328.8	190.9	85.0	.0	.0	
23.1	15.3	9.0	301.3	347.0	27.0	.0	.0	
25.3	11.7	6.3	125.0	392.6	23.0	.0	.0	
37.8	30.0	15.4	217.5	94.6	98.0	65.0	.0	
35.6	25.2	7.7	202.9	398.4	40.0	.0	.0	
50.8	31.1	13.0	157.5	203.7	59.0	.0	.0	
58.5	55.9	14.2	163.8	170.0	98.0	243.0	.0	
56.4	53.6	6.4	143.3	261.9	83.0	2.0	.0	
63.1	54.5	9.1	219.2	318.0	77.0	.0	.0	
63.0	52.2	9.3	157.5	342.2	61.0	.0	.0	
51.3	46.8	11.3	226.7	144.2	90.0	.0	.0	
42.2	38.3	8.9	296.3	173.8	88.0	1.0	.0	
42.8	32.2	5.1	171.3	404.2	12.0	.0	.0	
44.7	34.7	11.6	255.4	342.5	86.0	9.0	.0	
40.0	25.7	9.6	149.6	410.3	58.0	.0	.0	
54.9	37.1	12.3	209.2	397.9	72.0	.0	.0	
48.6	38.5	13.7	312.9	249.7	85.0	4.0	.0	
33.0	16.2	13.4	341.7	354.2	55.0	.0	.0	
   3    31    1986
31.4	15.0	9.4	303.3	465.5	2.0	.0	.0	
43.2	25.6	8.8	142.9	434.5	23.0	.0	.0	
48.8	34.0	8.3	250.8	390.6	38.0	.0	.0	
39.3	28.6	9.8	297.5	199.9	67.0	.0	.0	
45.1	28.4	8.3	148.8	433.5	51.0	.0	.0	
47.1	28.6	14.6	288.8	480.5	20.0	.0	.0	
41.7	25.4	10.1	152.1	467.9	16.0	.0	.0	
46.8	21.4	10.3	107.9	421.5	48.0	.0	.0	
60.6	42.0	14.6	154.2	471.4	9.0	.0	.0	
66.9	55.6	17.8	186.3	280.0	80.0	4.0	.0	
63.5	50.1	7.8	175.8	428.6	73.0	.0	.0	
68.2	59.4	13.9	182.9	256.8	98.0	190.0	.0	
62.0	55.7	8.0	186.7	335.1	96.0	36.0	.0	
57.1	51.1	5.5	185.8	291.0	86.0	.0	.0	
57.5	48.3	6.4	221.7	333.8	89.0	.0	.0	
56.8	39.6	8.3	190.0	496.7	31.0	.0	.0	
56.5	36.2	4.6	75.0	459.8	55.0	.0	.0	
67.7	49.1	17.7	147.1	287.1	97.0	65.0	.0	
57.7	49.3	16.2	269.6	224.8	97.0	31.0	.0	
42.1	26.7	15.4	300.8	351.5	65.0	.0	.0	
31.0	12.7	12.9	264.6	531.4	3.0	.0	.0	
37.8	15.6	5.6	177.5	563.1	2.0	.0	.0	
49.1	27.0	5.0	128.3	549.9	23.0	.0	.0	
57.3	38.0	3.2	106.7	561.1	2.0	.0	.0	
64.0	39.3	10.0	139.2	561.1	2.0	.0	.0	
63.0	43.4	7.2	184.6	412.7	61.0	.0	.0	
60.6	37.4	10.4	151.3	528.4	24.0	.0	.0	
57.6	31.5	4.6	148.8	577.4	9.0	.0	.0	
62.1	39.7	6.5	127.5	546.6	2.0	.0	.0	
66.0	40.4	5.2	126.3	586.0	2.0	.0	.0	
66.7	43.7	4.6	120.0	552.2	11.0	.0	.0	
   4    30    1986
65.8	44.6	5.0	138.3	486.3	33.0	.0	.0	
66.3	46.8	4.4	125.4	532.3	41.0	.0	.0	
67.3	49.4	8.4	126.7	398.3	61.0	1.0	.0	
68.6	49.9	9.2	139.6	455.2	61.0	.0	.0	
70.2	51.1	9.8	155.4	417.6	84.0	.0	.0	
69.9	58.4	7.3	164.2	486.5	74.0	.0	.0	
69.9	61.0	5.8	140.8	234.0	77.0	.0	.0	
66.1	53.3	11.4	257.1	260.3	74.0	2.0	.0	
52.3	28.4	15.1	308.3	591.4	9.0	.0	.0	
53.6	29.4	8.9	280.4	577.0	28.0	.0	.0	
58.2	35.9	8.8	207.5	628.9	7.0	.0	.0	
58.0	45.5	6.6	138.8	401.4	48.0	.0	.0	
63.3	47.6	3.8	119.2	580.5	15.0	.0	.0	
65.0	50.5	11.4	184.2	419.9	74.0	1.0	.0	
57.4	34.5	16.4	273.8	603.7	12.0	.0	.0	
45.9	34.2	13.3	300.0	337.7	50.0	.0	.0	
48.1	37.1	10.1	211.7	352.3	59.0	.0	.0	
57.5	40.2	5.4	101.7	628.4	33.0	.0	.0	
66.2	46.0	7.8	122.5	424.2	78.0	.0	.0	
63.3	53.3	17.1	215.0	278.2	95.0	27.0	.0	
51.2	44.4	11.1	255.8	327.2	64.0	5.0	.0	
48.3	29.8	10.3	285.4	547.1	26.0	.0	.0	
49.8	26.3	5.9	210.8	674.0	2.0	.0	.0	
59.5	28.4	4.0	121.7	662.0	2.0	.0	.0	
68.5	45.8	5.4	159.6	653.3	5.0	.0	.0	
71.5	51.0	5.2	118.8	660.6	2.0	.0	.0	
71.2	48.1	7.4	142.5	545.3	60.0	.0	.0	
68.7	50.5	11.3	227.1	482.7	43.0	6.0	.0	
66.4	44.3	4.7	123.8	621.7	40.0	.0	.0	
71.2	44.9	6.9	135.0	632.2	42.0	.0	.0	
   5    31    1986
70.4	55.8	8.3	232.5	456.7	78.0	.0	.0	
61.2	38.6	11.8	296.7	631.4	14.0	.0	.0	
58.9	27.9	13.4	181.7	590.3	16.0	.0	.0	
62.4	33.5	6.0	121.7	692.0	22.0	.0	.0	
71.8	49.2	10.9	157.1	642.4	45.0	.0	.0	
75.0	61.3	10.5	179.2	509.3	79.0	.0	.0	
75.8	62.6	7.2	188.3	522.4	58.0	.0	.0	
78.6	58.0	5.7	153.3	627.2	37.0	.0	.0	
77.2	53.6	5.8	127.5	611.8	40.0	.0	.0	
73.8	58.7	11.7	137.9	529.5	80.0	.0	.0	
66.8	62.6	7.4	145.4	248.3	88.0	25.0	.0	
67.2	62.7	6.6	136.7	408.7	83.0	172.0	.0	
72.0	62.8	5.1	130.8	596.6	35.0	.0	.0	
74.6	60.8	9.2	144.6	591.5	43.0	.0	.0	
74.8	60.2	12.6	150.4	417.7	78.0	.0	.0	
75.3	62.6	9.0	155.4	574.9	78.0	.0	.0	
77.3	61.3	10.5	159.6	579.6	70.0	.0	.0	
68.2	64.8	8.9	156.7	217.0	98.0	54.0	.0	
64.7	58.9	9.8	243.8	299.5	97.0	8.0	.0	
62.0	50.4	10.2	241.7	583.4	50.0	.0	.0	
59.8	44.1	8.8	240.8	567.9	25.0	.0	.0	
59.2	51.6	7.2	150.8	413.6	67.0	.0	.0	
71.2	60.2	10.4	162.5	421.0	83.0	.0	.0	
71.0	66.7	9.0	152.9	343.3	95.0	91.0	.0	
70.4	64.9	5.7	140.4	367.4	97.0	.0	.0	
67.9	66.1	8.5	131.7	229.4	98.0	59.0	.0	
69.9	67.3	7.4	153.8	297.4	98.0	65.0	.0	
69.7	68.1	7.7	131.7	280.9	95.0	94.0	.0	
75.2	68.5	3.4	168.8	510.5	59.0	.0	.0	
76.1	66.6	4.0	153.3	580.1	42.0	.0	.0	
76.2	66.9	3.6	122.9	535.8	78.0	.0	.0	
   6    30    1986
75.8	67.5	4.0	168.3	437.0	71.0	.0	.0	
75.7	68.7	6.0	251.7	372.5	78.0	1.0	.0	
73.3	68.5	8.3	95.4	411.1	77.0	1.0	.0	
72.4	66.3	10.1	102.5	277.3	98.0	.0	.0	
75.5	68.8	8.5	108.8	401.9	94.0	.0	.0	
73.6	69.7	6.1	133.8	311.1	85.0	13.0	.0	
75.0	70.9	6.2	164.6	353.8	77.0	3.0	.0	
76.5	71.0	5.4	168.8	474.2	74.0	129.0	.0	
78.7	72.3	7.9	163.3	444.3	79.0	.0	.0	
76.0	71.9	8.6	160.0	401.2	85.0	2.0	.0	
76.9	71.1	11.6	193.8	447.0	83.0	45.0	.0	
75.4	67.4	10.2	225.4	595.4	48.0	.0	.0	
74.8	64.3	6.4	187.1	579.8	19.0	.0	.0	
75.5	64.2	4.0	130.0	595.1	24.0	.0	.0	
76.7	64.5	5.2	127.9	603.6	33.0	.0	.0	
78.2	64.5	5.5	162.5	635.0	5.0	.0	.0	
76.6	67.5	6.9	211.7	583.6	54.0	15.0	.0	
75.7	58.1	9.7	153.8	707.0	13.0	.0	.0	
77.8	64.3	6.4	78.3	677.4	20.0	.0	.0	
80.5	67.7	5.1	112.9	636.6	31.0	.0	.0	
81.8	69.8	4.8	155.8	689.9	18.0	.0	.0	
82.8	69.9	6.4	146.7	633.8	18.0	.0	.0	
83.4	70.4	6.4	201.3	662.2	21.0	.0	.0	
79.7	70.4	7.1	188.8	583.4	68.0	1.0	.0	
80.0	65.8	6.1	105.8	620.1	20.0	.0	.0	
81.5	68.2	3.8	115.8	656.2	26.0	.0	.0	
83.4	71.6	7.1	179.6	645.7	46.0	.0	.0	
77.8	70.8	11.1	197.5	374.4	83.0	.0	.0	
76.5	73.5	4.8	172.5	316.3	94.0	275.0	.0	
78.9	72.4	8.2	196.3	564.3	73.0	.0	.0	
   7    31    1986
77.8	73.6	8.3	183.8	448.4	69.0	37.0	.0	
75.2	70.3	12.5	264.2	340.1	70.0	81.0	.0	
75.2	64.7	6.2	120.8	639.9	18.0	.0	.0	
75.2	63.1	4.1	90.4	659.4	32.0	.0	.0	
79.0	69.2	6.8	109.2	649.2	14.0	.0	.0	
79.8	71.2	5.3	90.8	609.6	34.0	.0	.0	
82.4	71.4	4.3	120.4	619.4	13.0	.0	.0	
83.5	73.4	4.7	185.0	633.8	21.0	.0	.0	
83.5	72.1	6.8	163.8	608.1	26.0	.0	.0	
82.6	71.2	9.3	197.5	630.6	19.0	.0	.0	
79.5	71.2	11.4	215.4	552.2	52.0	.0	.0	
80.4	70.3	11.4	214.6	548.8	48.0	.0	.0	
77.0	71.1	9.4	194.6	459.8	67.0	117.0	.0	
77.3	71.7	6.7	194.6	508.2	89.0	5.0	.0	
74.7	72.0	4.1	150.8	381.9	70.0	15.0	.0	
81.8	73.8	4.3	164.6	628.2	30.0	.0	.0	
84.3	73.8	5.5	163.3	654.9	43.0	.0	.0	
84.8	74.8	4.6	188.3	621.0	22.0	.0	.0	
84.8	76.2	5.3	213.3	622.2	23.0	1.0	.0	
86.2	74.2	5.4	200.4	649.4	18.0	.0	.0	
84.4	71.6	8.1	274.6	583.2	38.0	.0	.0	
84.5	69.6	6.7	171.3	602.8	48.0	.0	.0	
84.8	69.7	4.3	187.9	662.3	16.0	.0	.0	
83.7	72.9	4.7	111.7	597.2	40.0	.0	.0	
81.6	73.7	6.6	129.6	549.4	34.0	50.0	.0	
82.9	73.2	5.9	187.9	606.3	37.0	.0	.0	
83.7	70.0	7.4	232.9	600.1	44.0	.0	.0	
83.9	72.8	6.1	182.5	554.8	57.0	1.0	.0	
85.1	71.8	6.6	106.7	600.5	34.0	.0	.0	
85.6	69.8	5.7	89.6	628.3	7.0	.0	.0	
83.1	70.3	7.4	116.7	604.7	29.0	.0	.0	
   8    31    1986
83.4	68.9	9.2	247.5	589.5	52.0	.0	.0	
79.1	67.4	9.1	261.3	452.0	61.0	.0	.0	
78.4	60.9	8.9	250.4	593.6	24.0	.0	.0	
76.9	57.6	6.3	162.9	568.0	38.0	.0	.0	
77.7	59.4	5.5	125.8	607.8	23.0	.0	.0	
78.2	63.9	8.0	161.7	450.7	60.0	.0	.0	
78.4	67.9	8.4	164.6	521.1	57.0	129.0	.0	
76.8	68.8	7.3	182.5	527.1	74.0	.0	.0	
73.3	70.0	6.1	135.8	339.8	90.0	159.0	.0	
76.4	70.8	8.8	178.3	499.5	73.0	429.0	.0	
76.0	68.6	6.6	210.8	422.6	79.0	60.0	.0	
77.2	63.3	7.4	126.3	579.0	27.0	.0	.0	
76.7	68.7	7.2	118.3	503.6	18.0	.0	.0	
78.6	69.2	4.9	112.5	566.4	25.0	.0	.0	
79.6	71.2	4.8	147.9	584.7	20.0	.0	.0	
74.7	71.7	5.4	131.3	324.8	69.0	121.0	.0	
77.1	71.8	7.1	272.1	381.0	71.0	3.0	.0	
77.9	69.2	9.3	260.4	507.5	20.0	.0	.0	
77.6	67.7	8.1	220.8	575.6	15.0	.0	.0	
75.2	67.9	6.5	154.6	486.8	63.0	.0	.0	
75.6	67.9	4.7	75.0	558.4	24.0	.0	.0	
78.7	69.4	6.5	140.8	549.0	36.0	.0	.0	
78.8	70.5	6.1	191.3	505.0	34.0	.0	.0	
79.3	71.0	5.5	207.5	538.9	45.0	.0	.0	
78.9	71.4	4.0	126.7	543.7	40.0	.0	.0	
77.6	71.3	6.5	149.2	479.2	55.0	12.0	.0	
74.6	70.2	5.7	145.4	427.1	80.0	35.0	.0	
68.0	56.1	12.5	175.0	464.8	70.0	21.0	.0	
65.2	53.6	10.2	91.3	494.6	85.0	.0	.0	
65.8	54.0	10.8	98.8	278.1	97.0	.0	.0	
63.7	61.0	8.8	95.8	220.0	98.0	12.0	.0	
   9    30    1986
69.4	66.5	7.8	112.1	265.5	97.0	4.0	.0	
73.5	69.6	6.8	124.6	330.7	85.0	8.0	.0	
76.1	71.1	6.6	130.4	374.3	85.0	.0	.0	
76.5	72.1	6.8	186.7	321.0	94.0	24.0	.0	
75.0	68.8	5.8	177.9	336.9	92.0	1.0	.0	
72.8	56.2	8.5	172.1	486.6	47.0	.0	.0	
72.4	56.7	6.6	175.0	549.2	23.0	.0	.0	
68.2	57.5	8.3	160.4	561.6	8.0	.0	.0	
72.9	64.0	7.8	119.2	498.3	13.0	.0	.0	
74.5	67.5	10.7	128.3	377.8	53.0	.0	.0	
77.2	70.0	12.5	173.8	391.8	80.0	58.0	.0	
72.7	63.0	8.5	257.1	476.2	35.0	52.0	.0	
69.6	58.3	7.7	232.5	485.5	12.0	.0	.0	
71.0	60.2	7.5	103.3	487.9	46.0	.0	.0	
74.4	66.5	6.5	133.8	372.3	78.0	.0	.0	
75.6	67.1	5.6	65.8	456.4	61.0	.0	.0	
71.0	66.7	10.4	108.3	349.1	75.0	4.0	.0	
72.1	66.9	9.6	140.8	232.1	98.0	115.0	.0	
74.7	69.3	6.8	148.3	390.6	50.0	55.0	.0	
76.3	70.8	4.6	117.1	403.3	40.0	22.0	.0	
73.8	70.2	4.3	129.6	315.5	65.0	10.0	.0	
74.0	69.7	3.4	108.8	313.2	71.0	129.0	.0	
76.2	69.8	5.0	132.5	449.3	40.0	.0	.0	
76.7	70.0	7.5	160.0	406.3	33.0	.0	.0	
76.7	69.6	6.4	140.4	438.9	15.0	.0	.0	
73.8	70.0	5.6	128.8	393.6	42.0	28.0	.0	
77.4	70.5	5.6	142.5	420.3	18.0	.0	.0	
78.6	70.1	4.4	106.3	468.3	5.0	.0	.0	
78.7	69.0	7.3	115.4	453.3	13.0	.0	.0	
77.4	68.2	9.1	149.2	450.1	14.0	.0	.0	
  10    31    1986
76.7	69.7	8.1	159.6	351.2	72.0	3.0	.0	
75.5	70.3	5.5	131.7	348.2	43.0	.0	.0	
77.1	69.1	8.6	155.0	375.6	40.0	.0	.0	
79.1	69.1	11.4	222.1	385.9	41.0	.0	.0	
71.4	64.4	8.4	305.8	297.6	78.0	.0	.0	
61.7	53.6	7.9	257.9	325.8	54.0	1.0	.0	
57.9	44.5	6.2	208.3	457.4	4.0	.0	.0	
62.9	52.7	4.2	122.9	374.2	68.0	23.0	.0	
64.1	61.4	3.9	100.8	194.1	85.0	27.0	.0	
64.2	57.5	7.7	92.1	375.6	33.0	.0	.0	
62.9	57.6	13.4	112.1	183.9	98.0	.0	.0	
61.7	60.4	9.7	115.4	172.7	98.0	118.0	.0	
66.6	64.9	9.5	205.0	181.1	98.0	9.0	.0	
54.9	46.0	8.9	267.9	374.2	56.0	1.0	.0	
52.7	40.5	8.0	240.4	427.7	20.0	.0	.0	
51.5	41.2	4.7	189.2	407.7	18.0	.0	.0	
55.0	45.1	3.4	104.6	432.7	2.0	.0	.0	
57.6	47.0	5.4	80.8	384.3	6.0	.0	.0	
57.6	47.6	5.3	133.3	354.4	28.0	.0	.0	
55.9	46.9	2.9	133.8	381.8	26.0	.0	.0	
56.7	47.7	3.6	79.2	365.0	18.0	.0	.0	
57.0	47.4	5.4	110.8	228.7	70.0	.0	.0	
59.7	49.7	6.2	106.3	167.4	97.0	.0	.0	
61.2	57.2	11.8	99.2	124.6	98.0	195.0	.0	
60.9	58.9	8.8	174.6	181.1	87.0	13.0	.0	
57.8	53.1	8.5	194.2	208.5	93.0	.0	.0	
57.0	49.6	7.1	237.9	361.0	47.0	.0	.0	
55.4	47.4	2.3	65.8	367.0	2.0	.0	.0	
57.0	48.6	3.3	115.0	370.8	2.0	.0	.0	
60.4	50.3	3.8	110.8	349.4	12.0	.0	.0	
61.9	50.3	10.4	96.3	337.1	35.0	.0	.0	
  11    30    1986
62.3	56.1	5.8	110.0	234.5	60.0	.0	.0	
60.3	51.9	6.8	153.3	287.0	55.0	.0	.0	
59.3	52.2	5.8	221.7	269.1	75.0	.0	.0	
60.2	53.5	5.7	134.6	257.2	90.0	13.0	.0	
64.0	60.1	9.9	198.8	133.4	93.0	1.0	.0	
60.0	54.0	4.1	145.4	246.9	82.0	.0	.0	
63.1	61.6	8.6	128.3	90.5	94.0	51.0	.0	
74.4	67.5	15.0	177.1	158.4	75.0	2.0	.0	
63.1	53.8	11.9	176.7	199.8	79.0	72.0	.0	
57.0	45.1	8.1	107.1	289.2	59.0	6.0	.0	
50.7	47.8	9.9	243.3	119.9	98.0	53.0	.0	
47.0	39.0	11.3	298.3	254.0	88.0	.0	.0	
31.0	16.5	16.2	227.5	242.9	82.0	.0	.0	
35.8	22.8	8.9	124.6	267.1	87.0	7.0	.0	
44.8	41.4	6.3	141.7	139.3	98.0	5.0	.0	
58.2	54.3	7.0	172.9	143.5	98.0	.0	.0	
63.0	58.7	4.5	180.4	242.8	60.0	.0	.0	
60.3	56.3	8.8	209.6	164.8	73.0	.0	.0	
47.8	37.9	9.6	121.7	128.8	90.0	75.0	.0	
50.8	46.1	12.4	239.2	116.6	81.0	65.0	.0	
42.1	33.5	5.5	251.3	314.8	2.0	.0	.0	
46.0	36.8	7.3	108.3	235.3	55.0	2.0	.0	
53.2	50.9	10.9	111.3	102.8	98.0	302.0	.0	
53.7	52.3	7.2	153.3	119.5	98.0	34.0	.0	
63.4	61.3	11.0	105.8	147.5	98.0	29.0	.0	
55.7	49.3	12.6	265.0	144.0	93.0	64.0	.0	
48.0	42.1	10.8	170.4	131.0	98.0	.0	.0	
49.7	45.5	6.5	175.0	133.8	98.0	.0	.0	
54.0	48.4	8.5	80.8	263.4	48.0	.0	.0	
56.3	50.8	12.0	85.0	104.8	98.0	6.0	.0	
  12    31    1986
49.5	45.8	15.9	119.6	124.7	98.0	6.0	.0	
46.3	41.9	10.6	194.6	118.9	98.0	2.0	.0	
42.7	33.2	11.9	282.9	197.8	54.0	.0	.0	
38.7	25.3	5.9	257.1	209.2	36.0	.0	.0	
37.2	22.6	6.1	192.9	228.5	41.0	.0	.0	
38.3	25.5	4.5	97.1	285.4	7.0	.0	.0	
44.6	32.1	5.9	107.1	179.2	85.0	3.0	.0	
53.2	51.7	7.8	114.2	99.7	98.0	96.0	.0	
60.5	58.4	10.0	175.8	83.7	98.0	177.0	.0	
41.0	35.7	12.8	287.9	140.0	98.0	30.0	.0	
39.0	35.1	7.5	250.4	122.6	98.0	8.0	.0	
38.8	29.6	8.3	329.6	165.2	56.0	3.0	.0	
32.6	19.4	7.5	145.0	255.7	12.0	.0	.0	
37.8	26.8	8.2	102.1	114.0	86.0	.0	.0	
45.7	38.3	3.7	102.5	130.1	92.0	.0	.0	
48.9	41.2	3.0	91.7	230.9	54.0	.0	.0	
53.5	51.3	5.7	166.3	93.5	98.0	15.0	.0	
44.4	38.3	9.2	295.4	132.4	64.0	1.0	.0	
40.7	31.2	6.6	250.4	203.0	77.0	.0	.0	
43.0	31.1	6.9	250.0	253.9	55.0	.0	.0	
40.5	28.4	7.8	174.6	236.7	75.0	.0	.0	
40.0	30.3	8.8	97.1	127.2	97.0	.0	.0	
43.0	39.0	14.8	97.9	93.5	98.0	135.0	.0	
44.6	43.4	11.5	226.3	89.0	98.0	10.0	.0	
41.5	37.2	7.3	270.0	137.5	98.0	.0	.0	
39.0	34.2	6.3	110.0	146.6	65.0	.0	.0	
38.7	31.5	7.9	249.2	211.3	45.0	.0	.0	
35.7	30.0	5.4	227.9	191.0	41.0	.0	.0	
33.5	29.7	4.9	130.8	227.7	59.0	.0	.0	
35.5	28.8	9.1	176.7	131.1	93.0	.0	.0	
37.4	28.4	6.2	116.7	144.3	88.0	.0	.0	
