   1    31    1965
61.5	58.0	11.1	137.5	209.3	35.0	.0	.0	
65.6	61.6	12.0	203.8	191.5	79.0	5.0	.0	
53.7	45.5	14.8	38.8	141.4	85.0	3.0	.0	
46.3	37.4	10.1	96.3	322.8	2.0	.0	.0	
54.2	48.2	7.4	175.0	261.5	37.0	.0	.0	
57.4	52.6	7.8	212.5	256.0	61.0	.0	.0	
61.4	56.1	11.0	162.5	308.6	13.0	.0	.0	
62.5	59.5	10.8	156.3	205.9	57.0	.0	.0	
67.1	63.4	15.0	196.3	176.0	74.0	1.0	.0	
46.5	41.4	18.6	255.0	159.3	98.0	50.0	.0	
42.7	34.7	10.5	98.8	321.0	39.0	.0	.0	
47.0	41.7	7.0	165.0	282.6	32.0	.0	.0	
55.3	52.4	6.5	172.5	148.1	76.0	.0	.0	
52.2	41.2	12.7	65.0	127.9	92.0	.0	.0	
49.7	43.3	10.4	166.3	203.0	73.0	1.0	.0	
35.7	20.6	23.7	352.5	235.9	56.0	.0	.0	
28.0	10.3	14.4	332.5	348.6	2.0	.0	.0	
40.3	20.4	10.8	286.3	344.9	10.0	.0	.0	
44.7	32.7	7.9	123.8	342.9	2.0	.0	.0	
53.5	49.0	7.1	123.8	193.0	67.0	.0	.0	
56.4	50.7	10.4	125.0	287.7	47.0	.0	.0	
61.9	58.6	17.1	161.3	183.9	65.0	370.0	.0	
61.3	60.0	12.0	186.3	160.7	98.0	464.0	.0	
52.6	43.1	11.1	278.8	365.3	17.0	.0	.0	
55.8	51.1	12.4	182.5	337.1	28.0	5.0	.0	
63.2	47.0	16.1	308.8	326.9	43.0	20.0	.0	
44.1	26.8	14.0	171.3	373.2	2.0	.0	.0	
46.9	30.6	10.3	193.8	378.7	2.0	.0	.0	
55.6	49.8	13.7	240.0	221.9	41.0	1.0	.0	
54.8	46.2	19.5	226.3	191.6	56.0	15.0	.0	
32.9	20.3	12.2	118.8	363.9	5.0	.0	.0	
   2    28    1965
51.6	48.9	15.0	113.8	142.0	85.0	10.0	.0	
37.9	21.5	17.0	25.0	292.4	60.0	.0	.0	
35.4	18.1	13.4	43.8	176.7	97.0	.0	.0	
45.7	23.1	11.4	55.0	192.7	80.0	.0	.0	
51.2	31.5	11.8	98.8	179.9	98.0	.0	.0	
59.0	58.1	10.7	136.3	168.3	98.0	164.0	.0	
63.8	61.4	9.7	212.5	211.4	93.0	7.0	.0	
66.1	64.8	10.6	141.3	179.6	98.0	.0	.0	
67.5	65.1	18.3	158.8	255.7	93.0	.0	.0	
69.6	66.6	16.4	178.8	237.5	94.0	.0	.0	
69.1	66.2	15.9	177.5	185.5	96.0	1.0	.0	
55.6	51.5	14.7	225.0	194.5	98.0	62.0	.0	
42.0	33.9	14.0	27.5	175.3	94.0	16.0	.0	
42.8	27.0	12.8	110.0	381.8	43.0	.0	.0	
45.5	32.0	8.7	161.3	410.9	32.0	.0	.0	
46.5	43.6	14.0	63.8	156.1	98.0	50.0	.0	
47.6	46.7	14.6	45.0	181.0	98.0	142.0	.0	
55.4	45.4	11.7	112.5	371.6	58.0	.0	.0	
57.3	39.0	11.2	182.5	421.2	27.0	.0	.0	
52.7	39.5	10.2	102.5	202.1	71.0	1.0	.0	
59.7	47.0	12.6	285.0	405.8	34.0	.0	.0	
44.7	23.5	14.7	35.0	313.0	62.0	.0	.0	
52.4	40.9	13.0	107.5	384.8	68.0	.0	.0	
54.5	48.9	18.7	208.8	203.5	98.0	41.0	.0	
35.7	17.7	19.7	311.3	450.8	23.0	.0	.0	
46.9	28.9	13.4	263.8	460.3	2.0	.0	.0	
52.5	38.9	11.1	227.5	409.4	26.0	.0	.0	
60.9	52.7	16.1	148.8	256.6	83.0	.0	.0	
   3    31    1965
64.5	61.6	15.0	135.0	187.9	98.0	172.0	.0	
62.5	56.5	12.3	328.8	326.7	76.0	42.0	.0	
52.2	48.2	13.0	226.3	186.7	98.0	25.0	.0	
43.4	28.6	16.2	298.8	440.8	45.0	.0	.0	
46.3	28.9	16.5	287.5	494.1	28.0	.0	.0	
46.3	33.9	10.8	263.8	467.8	17.0	.0	.0	
45.5	32.0	13.7	305.0	474.6	11.0	.0	.0	
45.3	31.5	9.5	256.3	526.1	4.0	.0	.0	
53.1	44.8	12.3	252.5	436.6	26.0	.0	.0	
53.8	47.1	10.2	110.0	213.1	98.0	.0	.0	
55.2	47.9	11.3	101.3	244.0	98.0	.0	.0	
63.8	59.5	13.7	135.0	216.8	98.0	.0	.0	
52.5	49.8	11.7	63.8	242.5	98.0	4.0	.0	
56.8	50.2	7.7	190.0	449.8	50.0	.0	.0	
60.0	51.6	8.0	216.3	473.1	42.0	.0	.0	
61.7	57.3	12.0	122.5	293.8	89.0	4.0	.0	
70.3	67.5	17.7	238.8	237.1	98.0	2.0	.0	
65.9	53.6	12.1	190.0	354.5	52.0	.0	.0	
45.7	29.8	18.8	147.5	356.4	72.0	13.0	.0	
41.1	20.7	17.6	106.3	558.3	19.0	.0	.0	
43.7	15.5	11.1	76.3	523.8	46.0	.0	.0	
52.3	40.0	10.8	128.8	522.5	40.0	.0	.0	
67.4	65.0	15.5	201.3	252.7	98.0	8.0	.0	
71.4	66.1	12.8	202.5	293.1	91.0	.0	.0	
70.1	67.9	14.1	170.0	229.7	98.0	.0	.0	
65.0	61.5	13.0	216.3	251.7	98.0	107.0	.0	
55.4	53.2	11.5	103.8	257.4	92.0	93.0	.0	
66.0	63.2	12.1	138.8	439.3	70.0	.0	.0	
68.8	64.2	10.4	182.5	256.8	90.0	.0	.0	
67.0	59.6	11.4	111.3	336.7	81.0	14.0	.0	
62.6	58.3	9.6	113.8	317.5	82.0	13.0	.0	
   4    30    1965
62.8	58.3	9.8	135.0	470.1	50.0	.0	.0	
67.1	60.6	8.7	208.8	504.2	53.0	.0	.0	
66.8	61.1	10.5	202.5	414.8	64.0	.0	.0	
69.5	65.1	9.4	191.3	356.0	71.0	.0	.0	
70.8	66.1	13.3	173.8	355.9	82.0	.0	.0	
73.9	67.2	12.8	198.8	413.8	80.0	.0	.0	
73.3	65.8	9.8	220.0	474.0	67.0	.0	.0	
73.2	65.5	12.3	213.8	471.2	51.0	.0	.0	
76.3	68.4	13.1	255.0	430.2	58.0	.0	.0	
74.1	66.7	10.2	222.5	323.5	78.0	.0	.0	
75.1	69.3	14.4	192.5	297.1	86.0	.0	.0	
76.8	68.3	9.2	272.5	404.5	64.0	.0	.0	
74.9	55.9	8.5	95.0	407.5	65.0	.0	.0	
70.5	55.0	11.4	145.0	573.5	35.0	.0	.0	
73.5	67.0	14.7	236.3	356.7	76.0	.0	.0	
66.9	44.3	15.5	63.8	637.2	9.0	.0	.0	
63.9	45.3	9.7	143.8	640.5	15.0	.0	.0	
69.8	62.1	11.3	177.5	355.2	72.0	.0	.0	
73.1	67.4	11.2	197.5	305.3	91.0	51.0	.0	
65.9	55.8	10.3	106.3	307.9	78.0	.0	.0	
69.3	58.9	10.7	112.5	591.5	36.0	.0	.0	
71.4	65.1	9.8	115.0	452.7	55.0	.0	.0	
72.8	65.6	9.7	140.0	488.8	43.0	.0	.0	
73.6	65.6	11.2	127.5	557.8	33.0	.0	.0	
72.0	69.4	9.2	120.0	330.9	57.0	6.0	.0	
73.7	67.2	10.4	202.5	457.8	42.0	.0	.0	
70.0	62.7	11.7	268.8	490.4	50.0	3.0	.0	
63.3	48.0	13.3	300.0	614.7	13.0	.0	.0	
60.2	39.8	13.4	66.3	662.6	2.0	.0	.0	
63.3	45.3	8.1	158.8	686.2	2.0	.0	.0	
   5    31    1965
67.7	48.8	8.9	278.8	686.2	2.0	.0	.0	
67.7	55.1	9.1	247.5	570.9	44.0	.0	.0	
70.2	57.0	9.4	163.8	552.3	41.0	.0	.0	
69.3	56.8	8.6	166.3	616.0	14.0	.0	.0	
70.6	57.4	9.3	142.5	592.8	36.0	.0	.0	
71.5	62.4	10.0	132.5	591.5	30.0	.0	.0	
72.7	61.8	9.1	151.3	421.3	44.0	.0	.0	
73.5	60.3	10.5	160.0	580.9	43.0	.0	.0	
75.0	62.6	10.4	163.8	515.3	41.0	.0	.0	
74.2	61.8	10.1	151.3	541.3	43.0	.0	.0	
75.5	62.1	9.3	217.5	337.5	69.0	.0	.0	
79.0	65.3	10.8	280.0	556.5	36.0	.0	.0	
75.9	56.1	9.5	153.8	514.8	67.0	.0	.0	
75.3	59.2	9.5	136.3	545.5	51.0	.0	.0	
75.4	63.5	11.8	147.5	539.0	43.0	.0	.0	
74.6	63.9	11.0	152.5	437.3	50.0	.0	.0	
74.8	62.9	10.0	176.3	535.4	46.0	.0	.0	
76.2	64.5	7.9	163.8	482.3	65.0	.0	.0	
75.0	62.3	8.2	140.0	547.4	76.0	.0	.0	
74.2	63.6	9.7	138.8	308.8	95.0	.0	.0	
75.6	67.1	12.0	128.8	322.2	93.0	3.0	.0	
73.4	69.3	9.8	122.5	347.8	85.0	380.0	.0	
77.0	70.7	12.1	121.3	395.7	69.0	.0	.0	
78.6	68.8	10.4	163.8	590.0	33.0	.0	.0	
77.5	68.8	9.7	152.5	522.4	31.0	.0	.0	
78.0	69.4	10.7	182.5	448.0	33.0	.0	.0	
80.6	71.9	10.4	227.5	354.7	70.0	.0	.0	
75.0	70.6	9.4	262.5	364.7	81.0	50.0	.0	
77.1	65.7	8.9	235.0	535.0	49.0	.0	.0	
75.9	55.5	9.4	120.0	698.9	2.0	.0	.0	
76.8	56.3	8.4	115.0	702.3	2.0	.0	.0	
   6    30    1965
77.5	65.5	9.8	141.3	669.9	6.0	.0	.0	
78.8	66.2	9.6	167.5	665.4	13.0	.0	.0	
80.2	67.0	9.1	270.0	615.9	26.0	.0	.0	
80.8	67.8	10.3	242.5	617.8	16.0	.0	.0	
80.4	68.1	8.1	141.3	502.8	43.0	.0	.0	
78.0	72.0	10.2	127.5	281.5	90.0	50.0	.0	
74.0	69.3	8.5	151.3	315.2	77.0	18.0	.0	
74.7	68.1	7.5	167.5	312.4	58.0	3.0	.0	
77.7	69.9	9.1	178.8	485.5	71.0	.0	.0	
74.1	70.5	12.9	96.3	272.5	98.0	26.0	.0	
76.9	71.4	7.4	170.0	387.7	75.0	.0	.0	
79.4	73.1	8.7	223.8	533.5	53.0	25.0	.0	
79.5	72.0	10.1	155.0	399.3	88.0	22.0	.0	
74.5	71.1	10.7	115.0	285.2	84.0	2.0	.0	
74.5	70.5	7.5	213.8	353.7	84.0	110.0	.0	
78.0	71.0	9.3	210.0	481.0	65.0	16.0	.0	
77.4	71.4	9.0	191.3	338.6	78.0	6.0	.0	
76.7	66.4	10.5	48.8	514.2	60.0	.0	.0	
74.1	56.0	8.6	110.0	708.6	9.0	.0	.0	
75.4	60.6	7.4	167.5	614.9	15.0	.0	.0	
77.9	63.9	9.3	167.5	642.2	11.0	.0	.0	
77.1	65.0	9.7	136.3	590.7	23.0	.0	.0	
80.4	70.5	8.2	175.0	558.6	43.0	.0	.0	
80.0	70.1	8.6	228.8	416.7	65.0	33.0	.0	
79.3	69.7	8.4	286.3	535.3	57.0	35.0	.0	
78.6	71.2	7.7	133.8	442.1	40.0	.0	.0	
78.8	72.5	8.5	106.3	368.0	68.0	24.0	.0	
78.2	71.3	10.4	121.3	461.5	65.0	.0	.0	
79.9	69.3	8.1	170.0	535.2	19.0	.0	.0	
82.3	70.0	8.5	281.3	561.2	26.0	.0	.0	
   7    31    1965
82.8	70.9	8.2	232.5	448.0	75.0	2.0	.0	
81.1	73.7	5.9	153.8	398.0	70.0	62.0	.0	
78.9	73.6	8.9	257.5	290.0	89.0	218.0	.0	
81.2	73.2	8.7	213.8	529.6	43.0	1.0	.0	
82.7	72.1	7.9	225.0	630.7	34.0	.0	.0	
81.7	73.0	7.1	240.0	545.8	45.0	.0	.0	
78.7	71.6	7.4	188.8	389.3	74.0	11.0	.0	
76.9	71.4	6.8	210.0	352.4	68.0	31.0	.0	
76.4	70.8	6.8	142.5	416.1	69.0	56.0	.0	
79.1	73.1	8.4	185.0	402.3	76.0	30.0	.0	
79.9	74.0	9.3	277.5	433.7	77.0	124.0	.0	
81.6	73.7	6.9	182.5	501.0	58.0	.0	.0	
79.5	74.8	8.8	120.0	404.7	65.0	.0	.0	
76.9	73.6	7.7	147.5	294.1	89.0	96.0	.0	
80.4	73.8	9.2	253.8	526.5	50.0	.0	.0	
81.0	72.6	9.5	280.0	581.6	74.0	.0	.0	
83.1	73.2	7.5	258.8	472.0	81.0	.0	.0	
82.1	72.1	7.9	292.5	557.8	44.0	.0	.0	
84.2	72.5	6.2	146.3	543.2	42.0	.0	.0	
85.0	70.7	7.6	112.5	608.2	20.0	.0	.0	
79.2	74.6	7.9	87.5	390.2	53.0	93.0	.0	
79.7	73.4	9.1	98.8	513.6	35.0	13.0	.0	
80.8	71.4	6.4	177.5	533.1	45.0	.0	.0	
82.2	71.8	6.1	237.5	294.1	75.0	.0	.0	
82.5	73.4	7.0	168.8	554.0	37.0	.0	.0	
79.8	72.9	6.8	222.5	446.6	53.0	23.0	.0	
78.7	75.0	6.5	211.3	310.4	83.0	44.0	.0	
79.0	75.4	6.2	155.0	356.3	76.0	.0	.0	
77.1	71.0	7.2	126.3	297.7	94.0	9.0	.0	
78.4	71.5	7.9	86.3	514.9	62.0	.0	.0	
79.3	74.2	7.8	160.0	497.8	53.0	.0	.0	
   8    31    1965
80.3	72.6	8.7	265.0	369.4	88.0	.0	.0	
78.6	67.5	6.9	230.0	423.2	63.0	.0	.0	
79.7	67.1	5.7	171.3	504.6	50.0	.0	.0	
74.8	71.3	7.2	136.3	265.4	87.0	24.0	.0	
75.4	71.6	6.7	122.5	346.8	53.0	65.0	.0	
78.6	74.0	7.9	143.8	355.9	59.0	1.0	.0	
79.0	74.0	7.4	163.8	314.8	73.0	26.0	.0	
76.0	72.1	6.8	190.0	374.3	69.0	106.0	.0	
76.6	72.7	8.5	210.0	368.2	55.0	.0	.0	
75.9	72.5	6.4	200.0	313.0	72.0	25.0	.0	
75.1	70.6	6.8	133.8	367.3	75.0	.0	.0	
78.9	72.9	8.1	121.3	458.9	63.0	.0	.0	
81.3	75.1	8.3	122.5	451.5	69.0	.0	.0	
81.9	74.4	6.0	142.5	519.7	46.0	.0	.0	
83.8	73.1	6.9	348.8	546.3	35.0	.0	.0	
80.0	72.7	7.2	183.8	398.7	85.0	38.0	.0	
78.6	73.2	7.8	267.5	452.3	83.0	84.0	.0	
78.3	74.1	6.7	223.8	361.7	68.0	.0	.0	
75.3	72.3	7.4	247.5	292.0	80.0	51.0	.0	
77.8	71.9	7.4	250.0	456.6	70.0	2.0	.0	
78.9	74.4	6.9	208.8	368.7	78.0	.0	.0	
80.6	74.9	8.8	202.5	443.1	40.0	12.0	.0	
81.5	73.4	8.0	207.5	437.2	30.0	.0	.0	
81.7	73.6	7.5	193.8	483.7	29.0	.0	.0	
81.4	74.0	7.4	187.5	465.7	40.0	.0	.0	
82.5	74.4	7.4	207.5	559.6	10.0	.0	.0	
81.5	74.4	6.4	165.0	474.3	28.0	.0	.0	
78.4	72.5	8.9	130.0	438.6	58.0	33.0	.0	
78.3	71.2	6.2	152.5	530.6	33.0	5.0	.0	
82.0	73.6	6.8	98.8	523.6	19.0	.0	.0	
81.8	74.6	8.8	126.3	463.2	31.0	.0	.0	
   9    30    1965
78.9	73.4	7.4	128.8	335.8	57.0	2.0	.0	
77.8	71.1	9.4	86.3	246.0	78.0	.0	.0	
78.8	71.8	10.3	102.5	362.3	65.0	12.0	.0	
76.0	72.5	8.4	116.3	227.3	84.0	137.0	.0	
78.8	72.6	7.9	136.3	405.0	54.0	1.0	.0	
79.8	68.2	9.8	56.3	512.9	12.0	.0	.0	
77.5	65.3	9.4	58.8	466.4	13.0	.0	.0	
74.9	57.8	10.4	61.3	561.0	4.0	.0	.0	
77.2	69.6	20.6	82.5	248.2	85.0	102.0	.0	
80.9	74.3	18.7	172.5	253.6	89.0	117.0	.0	
81.5	75.9	12.7	197.5	359.1	72.0	2.0	.0	
80.3	74.5	7.9	191.3	383.8	37.0	28.0	.0	
81.9	74.9	7.7	273.8	393.0	66.0	.0	.0	
80.4	70.9	4.5	65.0	508.3	6.0	.0	.0	
81.1	72.3	5.8	212.5	440.7	18.0	.0	.0	
81.1	72.1	8.2	180.0	464.5	26.0	.0	.0	
80.0	71.5	8.7	126.3	393.0	37.0	.0	.0	
79.9	72.0	10.1	97.5	438.1	33.0	1.0	.0	
79.3	72.5	10.4	107.5	313.6	52.0	.0	.0	
81.1	72.7	11.7	131.3	413.1	62.0	.0	.0	
81.3	72.7	11.2	153.8	395.5	48.0	.0	.0	
80.8	72.6	9.4	147.5	338.6	42.0	.0	.0	
77.9	69.6	7.7	98.8	365.7	75.0	.0	.0	
75.7	65.9	10.6	143.8	366.5	51.0	.0	.0	
66.9	51.9	10.7	73.8	452.9	28.0	.0	.0	
69.8	56.5	9.8	50.0	217.1	83.0	.0	.0	
73.3	67.3	13.7	68.8	246.8	98.0	5.0	.0	
70.0	64.0	17.7	67.5	244.5	98.0	.0	.0	
74.8	71.9	16.3	117.5	226.9	98.0	98.0	.0	
75.9	72.9	11.7	197.5	210.2	98.0	540.0	.0	
  10    31    1965
76.8	70.4	7.5	178.8	266.6	96.0	1.0	.0	
73.5	66.4	7.5	48.8	346.4	75.0	.0	.0	
70.8	57.1	9.3	223.8	418.0	44.0	.0	.0	
68.2	54.0	8.9	42.5	198.4	95.0	.0	.0	
67.3	61.3	9.7	72.5	226.6	98.0	4.0	.0	
70.1	65.5	11.8	157.5	222.7	90.0	154.0	.0	
67.9	58.8	10.1	285.0	405.8	35.0	.0	.0	
70.6	60.3	9.5	263.8	469.9	4.0	.0	.0	
74.6	64.0	10.1	253.8	463.2	2.0	.0	.0	
74.7	64.5	8.1	233.8	472.5	2.0	.0	.0	
73.0	62.5	6.7	153.8	403.3	34.0	.0	.0	
69.8	60.1	5.6	61.3	302.4	83.0	.0	.0	
71.5	58.8	6.7	90.0	399.8	45.0	.0	.0	
72.7	63.3	10.3	97.5	358.1	24.0	.0	.0	
73.1	63.9	9.2	115.0	341.8	41.0	.0	.0	
73.0	61.0	9.1	111.3	393.1	10.0	.0	.0	
72.2	59.9	9.1	76.3	431.1	2.0	.0	.0	
69.7	53.2	10.7	73.8	465.1	8.0	.0	.0	
68.0	58.1	11.5	67.5	290.3	70.0	.0	.0	
68.8	61.7	9.5	108.8	249.0	58.0	.0	.0	
67.3	53.9	9.4	352.5	282.7	42.0	.0	.0	
58.1	46.4	10.1	333.8	391.5	19.0	.0	.0	
59.5	43.1	8.4	296.3	437.4	2.0	.0	.0	
57.9	35.3	13.1	66.3	441.6	2.0	.0	.0	
51.6	35.5	7.1	112.5	446.8	2.0	.0	.0	
54.7	36.7	6.7	133.8	440.9	2.0	.0	.0	
59.7	40.1	6.4	153.8	433.9	2.0	.0	.0	
60.8	38.6	9.5	117.5	429.6	2.0	.0	.0	
60.8	39.4	9.1	48.8	410.0	2.0	.0	.0	
62.3	49.5	8.7	81.3	272.5	35.0	.0	.0	
62.9	48.9	8.7	42.5	388.2	3.0	.0	.0	
  11    30    1965
64.5	44.4	8.9	85.0	382.5	2.0	.0	.0	
62.8	44.0	8.2	105.0	345.0	41.0	.0	.0	
65.1	53.1	9.8	95.0	218.4	63.0	.0	.0	
69.6	56.6	10.2	106.3	278.4	76.0	.0	.0	
70.3	59.0	11.4	100.0	165.3	98.0	3.0	.0	
68.9	57.6	10.5	98.8	272.0	65.0	.0	.0	
67.8	54.9	8.2	96.3	338.8	8.0	.0	.0	
67.0	55.0	5.8	125.0	360.3	19.0	.0	.0	
67.0	60.0	6.4	91.3	216.5	84.0	.0	.0	
69.2	60.5	8.6	48.8	276.0	47.0	.0	.0	
67.5	61.6	8.6	102.5	364.0	37.0	.0	.0	
66.3	64.6	8.0	98.8	134.2	91.0	58.0	.0	
63.6	59.3	8.9	56.3	214.2	60.0	.0	.0	
61.8	56.9	6.0	75.0	294.7	13.0	.0	.0	
61.1	56.8	7.5	117.5	319.3	22.0	.0	.0	
67.3	61.1	9.8	217.5	318.5	38.0	.0	.0	
63.2	41.7	12.3	182.5	343.3	42.0	.0	.0	
52.3	34.7	6.9	150.0	322.5	25.0	.0	.0	
60.4	52.5	6.8	201.3	155.3	79.0	1.0	.0	
66.1	62.5	6.9	217.5	181.9	84.0	.0	.0	
71.9	65.5	14.6	227.5	240.2	67.0	.0	.0	
67.2	54.1	11.0	166.3	274.4	43.0	2.0	.0	
55.6	43.1	8.2	51.3	278.3	68.0	.0	.0	
61.3	52.6	8.5	165.0	232.5	78.0	.0	.0	
70.9	65.2	10.2	213.8	232.0	78.0	.0	.0	
72.0	66.5	12.8	205.0	199.5	71.0	.0	.0	
61.8	44.4	10.7	140.0	275.2	54.0	4.0	.0	
52.8	38.4	7.8	68.8	142.8	84.0	.0	.0	
46.2	36.2	9.5	196.3	143.1	78.0	5.0	.0	
44.8	26.2	9.2	236.3	332.1	2.0	.0	.0	
  12    31    1965
40.5	24.3	9.2	81.3	317.6	42.0	.0	.0	
49.2	38.4	8.8	78.8	204.8	84.0	.0	.0	
56.9	48.8	8.5	72.5	146.3	98.0	.0	.0	
56.7	38.0	9.8	73.8	293.2	38.0	.0	.0	
52.3	34.0	7.1	217.5	290.8	15.0	.0	.0	
56.1	31.8	13.1	166.3	316.7	2.0	.0	.0	
43.4	23.5	11.7	42.5	334.9	2.0	.0	.0	
47.2	34.9	6.9	133.8	316.7	3.0	.0	.0	
51.3	42.9	6.0	146.3	216.1	44.0	.0	.0	
52.3	41.2	7.6	121.3	314.7	33.0	.0	.0	
58.7	52.4	9.4	125.0	136.2	87.0	.0	.0	
65.1	61.9	10.8	218.8	116.0	91.0	55.0	.0	
59.4	55.9	6.2	262.5	246.0	73.0	.0	.0	
55.4	53.2	10.0	87.5	133.0	97.0	55.0	.0	
57.7	56.1	9.3	68.8	132.1	98.0	8.0	.0	
58.9	56.6	7.7	237.5	135.6	98.0	36.0	.0	
54.3	51.0	9.1	88.8	153.3	98.0	.0	.0	
48.5	47.0	12.6	56.3	122.0	98.0	143.0	.0	
46.6	41.5	14.9	113.8	138.9	87.0	75.0	.0	
45.4	36.2	9.4	303.8	306.6	2.0	.0	.0	
48.5	39.9	7.5	290.0	308.8	2.0	.0	.0	
50.5	39.9	7.6	138.8	261.9	19.0	.0	.0	
55.0	49.1	11.7	116.3	202.2	60.0	.0	.0	
64.3	61.1	13.8	186.3	138.3	85.0	25.0	.0	
48.8	38.9	13.1	272.5	290.0	35.0	.0	.0	
40.9	30.4	10.8	127.5	295.6	4.0	.0	.0	
46.2	36.6	8.4	56.3	305.4	18.0	.0	.0	
52.2	42.1	8.8	91.3	216.3	78.0	.0	.0	
59.3	54.3	10.1	123.8	201.3	83.0	.0	.0	
63.3	59.0	11.0	133.8	236.8	41.0	.0	.0	
65.0	61.0	11.0	146.3	186.1	62.0	.0	.0	
