   1    31    1971
20.6	15.5	5.8	187.9	168.6	65.0	.0	.0	
29.5	24.4	14.1	239.6	93.5	87.0	.0	5.1	
30.5	21.0	8.5	192.9	132.2	83.0	.0	.0	
37.9	33.6	13.8	182.9	85.0	98.0	15.0	.0	
27.5	20.7	19.9	264.6	97.5	98.0	.0	.0	
16.9	10.1	16.2	287.9	125.9	90.0	.0	7.6	
14.0	3.0	17.8	285.8	173.4	45.0	.0	.0	
16.8	9.3	8.6	167.5	103.0	81.0	.0	10.2	
16.0	6.2	8.0	146.7	134.6	51.0	.0	.0	
29.9	23.4	16.3	250.8	83.7	98.0	.0	.0	
30.9	24.9	10.9	269.6	106.2	98.0	.0	10.2	
16.2	8.6	12.5	217.1	167.8	59.0	.0	7.6	
15.2	6.9	12.7	118.3	114.4	96.0	.0	2.5	
33.4	28.9	15.6	239.6	106.9	98.0	16.0	.0	
24.2	18.4	16.0	305.4	122.7	95.0	.0	12.7	
10.3	5.1	10.0	255.8	106.1	78.0	.0	10.2	
14.5	6.3	10.9	288.3	154.7	75.0	.0	.0	
6.1	-.8	8.7	194.6	144.2	73.0	.0	7.6	
5.7	-.7	9.7	300.0	113.4	90.0	.0	7.6	
14.3	6.4	12.1	272.1	181.6	84.0	.0	7.6	
28.2	17.8	20.8	243.3	104.1	95.0	.0	5.1	
31.6	21.2	13.5	233.3	150.4	95.0	.0	2.5	
29.3	18.0	18.1	260.0	168.5	59.0	.0	5.1	
32.5	19.6	12.0	225.8	140.4	67.0	.0	.0	
36.0	29.4	10.4	223.3	130.6	91.0	.0	.0	
24.3	20.1	21.5	240.4	103.9	87.0	.0	40.6	
5.2	-2.5	21.4	296.3	120.3	90.0	.0	17.8	
9.8	-.6	19.7	275.0	133.2	71.0	.0	.0	
14.7	9.5	18.0	231.3	119.0	95.0	.0	78.7	
14.8	9.5	21.5	271.3	143.3	81.0	.0	43.2	
2.2	-7.6	13.8	267.9	134.5	47.0	.0	10.2	
   2    28    1971
1.8	-8.4	15.1	272.1	215.0	53.0	.0	.0	
3.0	-5.5	15.1	251.7	258.8	47.0	.0	.0	
13.8	3.0	6.3	145.0	126.1	86.0	.0	.0	
23.1	15.8	9.8	143.3	127.1	82.0	.0	5.1	
35.7	29.0	19.8	221.7	123.1	98.0	30.0	.0	
27.2	19.8	16.8	259.2	148.9	78.0	.0	.0	
24.6	20.3	7.6	132.1	159.1	75.0	.0	27.9	
28.8	26.5	9.7	91.3	164.7	98.0	.0	154.9	
17.0	12.8	19.9	285.0	186.4	95.0	.0	40.6	
12.1	8.2	25.1	242.5	157.0	76.0	.0	17.8	
29.8	18.4	16.4	222.5	212.6	90.0	.0	5.1	
36.3	33.3	9.6	184.2	127.1	98.0	14.0	.0	
20.5	18.2	17.2	127.1	185.8	98.0	.0	116.8	
13.9	8.7	20.2	270.0	273.5	83.0	.0	7.6	
22.4	18.1	14.1	264.2	179.3	97.0	.0	5.1	
21.9	13.9	5.8	196.3	264.1	70.0	.0	.0	
30.8	26.2	14.6	220.4	127.0	98.0	.0	48.3	
34.6	30.8	16.6	246.3	240.9	83.0	.0	.0	
32.4	28.0	11.2	92.9	175.0	97.0	.0	.0	
39.8	35.1	15.8	225.8	151.3	98.0	17.0	.0	
30.3	24.6	10.6	215.8	205.8	98.0	.0	2.5	
30.6	25.3	15.7	91.3	204.6	98.0	.0	83.8	
33.7	28.5	19.0	238.3	217.9	96.0	30.0	.0	
31.3	26.6	14.9	263.8	157.8	98.0	.0	.0	
33.1	27.3	13.2	235.0	255.6	54.0	4.0	.0	
44.4	31.0	10.3	167.5	253.3	73.0	3.0	.0	
41.3	31.1	23.5	239.6	361.3	47.0	2.0	.0	
33.9	25.5	30.6	254.2	185.9	72.0	.0	.0	
   3    31    1971
30.7	22.4	9.8	265.8	276.8	53.0	.0	.0	
26.0	19.0	6.3	70.8	230.4	49.0	.0	.0	
22.2	17.7	12.1	42.5	180.9	98.0	.0	78.7	
21.1	15.1	22.2	263.3	249.4	76.0	.0	96.5	
29.3	20.9	15.2	257.5	271.5	69.0	.0	.0	
34.9	28.4	8.8	146.7	215.2	98.0	16.0	.0	
32.2	26.5	23.7	235.4	204.7	93.0	13.0	.0	
19.1	14.3	22.8	270.4	160.0	98.0	.0	33.0	
20.5	15.4	17.1	265.0	256.9	78.0	.0	17.8	
23.5	19.2	8.7	124.2	216.8	82.0	.0	17.8	
29.4	25.1	12.3	242.1	261.2	98.0	.0	33.0	
29.3	20.0	6.6	151.7	312.7	95.0	.0	.0	
32.8	27.2	5.3	171.7	226.1	98.0	.0	.0	
43.7	28.2	9.6	161.3	392.3	44.0	.0	.0	
48.3	38.4	22.6	230.8	173.5	95.0	4.0	.0	
32.5	26.9	18.9	268.8	232.8	95.0	6.0	.0	
27.8	19.1	12.4	308.8	220.8	89.0	.0	5.1	
30.0	19.3	8.5	238.8	240.7	86.0	.0	.0	
34.4	27.9	11.8	170.8	168.0	98.0	25.0	.0	
31.6	28.7	16.3	270.4	225.1	98.0	.0	50.8	
30.5	23.9	17.0	276.7	286.7	80.0	.0	7.6	
29.0	21.1	8.7	279.2	307.4	58.0	.0	2.5	
25.4	16.8	10.4	282.9	345.8	55.0	.0	2.5	
22.6	12.3	17.9	312.5	245.6	84.0	.0	12.7	
23.3	14.7	10.4	262.5	335.5	35.0	.0	.0	
25.8	14.1	7.7	119.6	487.5	19.0	.0	.0	
30.0	15.0	7.3	96.7	475.8	37.0	.0	.0	
38.0	24.4	9.8	160.8	227.4	98.0	.0	.0	
36.1	29.6	14.2	268.8	190.8	98.0	.0	.0	
30.9	22.5	13.2	294.2	250.6	88.0	.0	5.1	
33.3	19.4	7.2	177.9	427.6	45.0	.0	.0	
   4    30    1971
50.7	35.6	13.0	195.0	250.1	88.0	3.0	.0	
39.2	30.5	18.4	243.8	386.7	71.0	3.0	.0	
33.4	25.8	17.4	239.6	214.1	86.0	1.0	.0	
28.8	16.6	13.3	265.8	452.0	49.0	.0	.0	
29.3	18.2	5.4	107.1	344.1	44.0	.0	.0	
31.6	20.1	10.7	71.3	273.2	76.0	.0	.0	
35.8	23.3	12.7	326.3	491.7	22.0	.0	.0	
34.3	9.8	10.0	265.4	540.5	33.0	.0	.0	
52.0	29.2	16.1	245.8	461.3	63.0	7.0	.0	
35.2	25.3	14.2	296.3	495.2	47.0	13.0	.0	
44.0	21.5	8.9	222.9	574.4	30.0	.0	.0	
59.7	27.7	9.9	210.4	426.4	80.0	.0	.0	
50.3	41.7	12.6	199.6	244.9	97.0	65.0	.0	
34.7	21.5	13.8	323.8	568.5	22.0	1.0	.0	
36.5	23.4	10.4	255.0	533.9	44.0	.0	.0	
42.9	27.4	12.6	257.5	511.2	43.0	.0	.0	
43.8	31.6	10.2	119.2	307.1	67.0	.0	.0	
47.8	29.5	8.5	82.5	583.1	23.0	.0	.0	
51.0	29.6	5.6	135.4	587.0	43.0	.0	.0	
50.6	32.7	8.1	238.8	367.1	69.0	.0	.0	
45.7	32.2	15.5	312.1	337.9	89.0	.0	.0	
43.0	31.4	18.2	317.5	448.8	61.0	11.0	.0	
42.7	27.8	15.4	255.8	595.6	20.0	.0	.0	
39.1	29.4	15.9	250.8	301.1	96.0	8.0	.0	
36.1	34.7	14.1	255.8	207.7	98.0	7.0	.0	
38.4	34.5	10.7	295.0	227.7	97.0	9.0	.0	
44.3	34.2	8.4	168.8	366.0	63.0	.0	.0	
46.0	39.9	12.3	202.9	258.6	97.0	19.0	.0	
39.2	38.7	12.6	245.8	182.9	98.0	.0	.0	
41.6	36.7	10.1	243.3	295.3	95.0	1.0	.0	
   5    31    1971
44.9	39.2	10.2	225.4	328.7	85.0	7.0	.0	
44.6	39.5	10.5	249.6	440.3	81.0	.0	.0	
45.4	36.0	9.8	207.9	259.9	96.0	3.0	.0	
44.0	29.6	15.0	280.4	621.0	6.0	.0	.0	
48.6	37.3	11.4	237.9	456.1	68.0	.0	.0	
53.9	38.8	8.6	207.1	430.1	62.0	.0	.0	
55.3	30.8	8.3	155.4	606.5	60.0	.0	.0	
49.5	43.4	12.4	57.5	181.5	98.0	63.0	.0	
52.4	44.8	8.4	160.4	357.6	98.0	.0	.0	
55.4	41.8	9.1	234.6	667.3	23.0	.0	.0	
62.3	38.7	6.8	173.3	495.6	73.0	.0	.0	
51.5	46.5	13.4	225.4	231.2	82.0	16.0	.0	
44.3	29.4	9.9	256.3	362.3	83.0	.0	.0	
49.5	28.2	10.7	266.3	699.4	3.0	.0	.0	
59.5	38.4	10.1	214.6	528.6	72.0	.0	.0	
62.3	47.0	12.5	226.3	445.2	55.0	.0	.0	
55.6	37.4	9.8	244.6	708.6	7.0	.0	.0	
67.4	47.0	10.7	210.0	604.5	33.0	.0	.0	
72.9	55.6	8.5	220.0	456.1	64.0	.0	.0	
59.7	44.7	9.3	252.9	305.9	78.0	2.0	.0	
55.5	36.4	8.2	296.7	406.7	64.0	.0	.0	
52.5	33.2	12.2	291.7	689.7	35.0	.0	.0	
54.9	36.9	7.2	160.4	707.4	8.0	.0	.0	
59.5	45.7	10.0	157.1	243.3	98.0	51.0	.0	
58.0	52.4	18.5	234.2	277.5	98.0	9.0	.0	
49.3	44.2	18.8	254.6	303.2	98.0	4.0	.0	
48.6	43.7	9.2	243.3	258.3	95.0	1.0	.0	
55.3	38.9	6.0	137.9	541.8	40.0	.0	.0	
58.6	38.5	6.5	103.8	701.8	4.0	.0	.0	
62.4	40.5	6.1	100.4	719.9	18.0	.0	.0	
58.5	38.6	7.4	87.5	629.9	49.0	.0	.0	
   6    30    1971
59.2	35.4	6.5	107.5	635.2	70.0	.0	.0	
62.0	54.8	10.0	185.8	258.7	87.0	165.0	.0	
60.9	57.0	17.6	247.1	467.6	73.0	.0	.0	
65.3	57.7	9.2	222.9	678.3	13.0	1.0	.0	
62.1	45.9	7.3	87.9	416.0	71.0	.0	.0	
67.6	60.1	9.6	214.2	482.4	83.0	.0	.0	
70.7	61.9	11.6	232.5	537.0	65.0	16.0	.0	
61.9	58.7	10.2	247.5	317.0	96.0	20.0	.0	
58.2	43.9	5.2	104.6	657.7	44.0	.0	.0	
58.7	40.2	5.9	68.3	718.6	2.0	.0	.0	
64.5	44.9	5.7	161.7	611.9	65.0	.0	.0	
68.1	60.5	11.0	219.2	527.0	91.0	.0	.0	
67.2	62.9	7.2	233.3	307.6	98.0	130.0	.0	
64.4	61.1	6.0	78.3	291.2	90.0	27.0	.0	
63.1	56.9	5.8	69.2	435.7	63.0	.0	.0	
62.5	56.3	3.4	92.9	323.6	74.0	.0	.0	
66.4	57.5	6.5	161.7	635.7	31.0	.0	.0	
70.8	59.3	7.7	222.9	662.1	25.0	.0	.0	
74.1	64.0	9.9	213.8	577.6	53.0	.0	.0	
76.0	65.5	13.4	224.6	623.8	55.0	15.0	.0	
69.8	63.9	12.2	270.4	351.6	85.0	25.0	.0	
65.7	50.5	7.0	64.2	588.4	68.0	.0	.0	
68.7	52.2	7.4	173.3	658.0	45.0	.0	.0	
72.2	55.2	8.9	253.8	630.4	40.0	.0	.0	
71.0	61.6	12.3	218.3	405.3	68.0	3.0	.0	
65.9	55.5	8.1	59.6	527.8	66.0	.0	.0	
72.3	58.3	9.5	198.8	667.5	39.0	.0	.0	
78.7	66.7	11.6	211.3	500.7	67.0	10.0	.0	
78.9	66.0	13.2	236.3	659.6	43.0	13.0	.0	
78.5	65.1	13.9	230.4	569.8	67.0	.0	.0	
   7    31    1971
73.2	65.3	13.2	247.1	402.6	83.0	34.0	.0	
66.4	49.9	10.1	144.2	700.5	25.0	.0	.0	
65.2	47.4	7.3	130.8	706.0	7.0	.0	.0	
71.5	50.3	9.6	201.7	568.2	66.0	.0	.0	
76.2	59.8	11.5	201.7	539.1	92.0	.0	.0	
72.5	64.5	13.3	258.8	579.1	58.0	9.0	.0	
74.5	59.2	13.2	246.3	651.0	48.0	.0	.0	
76.1	58.6	10.5	216.3	546.1	82.0	.0	.0	
75.4	54.7	10.7	295.0	545.5	79.0	.0	.0	
72.3	51.6	7.0	233.8	568.0	84.0	.0	.0	
67.2	50.6	10.1	82.1	503.2	65.0	.0	.0	
66.5	45.7	8.5	126.7	688.3	26.0	.0	.0	
70.7	57.7	18.4	237.9	278.1	75.0	9.0	.0	
66.9	51.6	13.2	295.0	409.6	51.0	.0	.0	
67.7	49.8	10.8	230.8	602.1	45.0	.0	.0	
71.1	55.6	17.7	232.1	494.2	54.0	.0	.0	
65.8	52.1	18.0	270.8	496.9	50.0	61.0	.0	
64.2	47.2	16.0	241.3	559.3	44.0	.0	.0	
60.3	53.0	12.4	147.9	233.9	89.0	68.0	.0	
64.3	52.3	8.2	254.6	631.7	26.0	.0	.0	
68.5	51.2	6.7	230.4	667.5	7.0	.0	.0	
71.5	53.8	10.0	220.4	484.6	44.0	.0	.0	
74.4	57.3	10.2	227.1	674.9	33.0	.0	.0	
67.3	64.0	6.7	169.2	187.0	98.0	233.0	.0	
69.5	61.9	6.5	227.1	516.8	51.0	.0	.0	
71.7	64.0	11.5	232.1	270.0	77.0	24.0	.0	
63.4	48.1	9.2	263.8	607.2	31.0	.0	.0	
68.5	48.8	9.7	188.3	530.8	64.0	.0	.0	
66.0	58.4	7.5	208.3	408.8	80.0	10.0	.0	
64.9	54.5	7.8	120.4	340.2	68.0	2.0	.0	
67.5	54.9	12.2	194.6	575.9	69.0	.0	.0	
   8    31    1971
68.6	53.0	6.6	169.2	369.1	87.0	.0	.0	
72.5	59.5	8.0	221.3	626.0	47.0	.0	.0	
70.6	60.9	10.4	213.3	295.5	98.0	5.0	.0	
63.3	51.9	5.6	36.7	332.7	85.0	1.0	.0	
65.5	49.3	4.9	110.0	619.5	20.0	.0	.0	
66.8	53.8	9.2	240.4	568.2	29.0	.0	.0	
70.2	59.8	11.2	247.1	568.8	34.0	.0	.0	
73.5	63.2	11.3	239.6	658.5	5.0	.0	.0	
73.3	59.6	12.8	235.0	554.5	55.0	.0	.0	
77.6	66.0	15.1	233.3	389.5	95.0	7.0	.0	
68.3	57.2	14.2	286.3	458.3	62.0	25.0	.0	
62.5	48.8	8.3	263.3	615.4	18.0	.0	.0	
69.9	55.0	12.3	226.7	618.4	32.0	.0	.0	
71.0	58.5	11.0	222.9	426.7	73.0	1.0	.0	
62.1	57.3	10.2	68.8	248.1	72.0	.0	.0	
62.9	50.8	7.7	123.3	577.4	16.0	.0	.0	
67.4	50.2	5.1	196.3	634.0	2.0	.0	.0	
71.7	52.5	6.1	180.0	594.6	2.0	.0	.0	
71.8	56.5	11.6	218.8	605.7	3.0	.0	.0	
72.0	68.2	15.3	242.5	294.7	81.0	63.0	.0	
71.1	61.5	13.1	242.9	434.3	55.0	.0	.0	
69.7	60.7	10.0	185.4	408.3	58.0	129.0	.0	
58.0	46.9	11.8	252.1	452.1	65.0	13.0	.0	
55.6	41.5	10.0	239.2	550.2	45.0	.0	.0	
64.2	56.5	11.5	202.1	248.0	96.0	19.0	.0	
68.1	64.7	7.5	135.4	191.2	98.0	108.0	.0	
69.1	62.7	9.5	163.8	287.3	92.0	69.0	.0	
65.1	62.4	9.1	290.4	235.8	97.0	.0	.0	
69.0	61.0	11.4	240.8	565.8	23.0	.0	.0	
69.7	60.7	14.2	172.9	401.6	74.0	3.0	.0	
64.0	52.5	9.2	76.3	389.7	73.0	.0	.0	
   9    30    1971
67.1	52.3	10.0	116.7	459.2	48.0	.0	.0	
70.0	62.9	8.7	202.9	276.9	69.0	.0	.0	
72.5	66.2	11.8	221.3	430.2	64.0	.0	.0	
73.6	67.6	11.8	229.2	319.5	70.0	.0	.0	
75.3	68.2	10.8	227.5	459.3	45.0	.0	.0	
77.7	67.8	8.8	207.9	497.0	22.0	.0	.0	
73.8	68.4	13.0	228.3	260.9	68.0	.0	.0	
75.7	65.5	14.1	238.3	457.3	57.0	.0	.0	
69.9	62.9	8.5	176.7	307.5	64.0	.0	.0	
68.2	56.9	7.7	173.3	466.1	50.0	.0	.0	
71.2	62.8	8.4	225.4	253.4	98.0	.0	.0	
66.2	63.9	8.2	55.0	197.8	98.0	18.0	.0	
67.6	66.0	10.6	40.0	199.0	98.0	59.0	.0	
67.0	65.0	8.9	172.5	202.9	98.0	2.0	.0	
66.2	59.3	10.1	245.4	418.6	35.0	.0	.0	
59.4	52.7	7.3	95.0	242.0	87.0	.0	.0	
60.4	55.3	9.7	52.1	237.8	97.0	1.0	.0	
59.6	50.0	9.3	58.3	451.1	48.0	.0	.0	
58.5	55.8	9.4	122.1	142.0	90.0	40.0	.0	
67.3	61.7	13.9	223.3	194.7	91.0	43.0	.0	
56.5	48.1	8.6	250.0	321.3	31.0	.0	.0	
56.2	45.9	8.0	138.3	481.7	5.0	.0	.0	
58.7	50.2	15.2	235.8	233.7	72.0	8.0	.0	
53.5	41.2	8.6	283.8	375.3	38.0	.0	.0	
52.9	42.0	6.4	139.2	313.7	67.0	.0	.0	
53.6	49.4	9.0	117.9	202.1	98.0	17.0	.0	
59.5	56.1	5.9	100.8	201.4	98.0	.0	.0	
71.0	64.5	8.4	179.2	276.6	74.0	.0	.0	
69.8	64.1	13.2	207.9	179.4	78.0	.0	.0	
60.7	53.5	5.2	77.5	383.9	19.0	.0	.0	
  10    31    1971
67.0	56.1	5.7	148.8	425.3	5.0	.0	.0	
69.9	62.5	5.6	192.5	410.2	11.0	.0	.0	
68.3	63.1	5.0	71.7	354.4	56.0	.0	.0	
66.7	59.7	14.6	218.3	219.8	69.0	16.0	.0	
61.2	52.2	11.2	237.1	294.7	48.0	.0	.0	
56.3	48.5	13.0	270.8	177.3	92.0	13.0	.0	
46.0	37.0	11.1	287.9	195.7	90.0	2.0	.0	
50.3	40.8	9.1	204.2	230.9	65.0	1.0	.0	
55.7	52.1	9.9	217.5	148.9	98.0	66.0	.0	
54.5	47.4	7.0	220.8	240.8	94.0	5.0	.0	
52.4	42.4	17.4	262.1	198.4	73.0	3.0	.0	
48.7	37.6	11.2	260.8	207.0	60.0	.0	.0	
55.9	45.2	9.2	168.3	208.1	92.0	.0	.0	
58.1	52.3	12.0	223.3	229.7	48.0	.0	.0	
58.9	50.3	8.8	210.4	291.2	70.0	.0	.0	
59.3	53.1	8.1	116.3	179.1	85.0	.0	.0	
57.9	52.9	9.8	107.1	268.3	55.0	.0	.0	
55.4	47.9	7.0	134.6	345.6	11.0	.0	.0	
57.9	44.6	6.7	137.5	320.4	9.0	.0	.0	
59.4	46.8	7.6	160.8	337.0	3.0	.0	.0	
58.0	49.1	7.0	126.3	246.8	35.0	.0	.0	
59.5	52.3	7.1	198.8	183.2	85.0	5.0	.0	
57.7	56.7	11.3	82.1	150.0	98.0	21.0	.0	
52.9	52.0	10.5	77.1	93.5	98.0	24.0	.0	
58.7	57.0	6.1	218.8	127.2	98.0	1.0	.0	
56.0	53.1	8.4	250.0	137.9	84.0	.0	.0	
61.1	53.1	8.6	184.2	275.1	30.0	.0	.0	
62.3	52.5	9.4	220.0	261.9	4.0	.0	.0	
56.8	46.0	7.0	109.6	278.7	34.0	.0	.0	
59.4	49.2	7.1	138.3	259.0	46.0	.0	.0	
62.0	55.7	13.2	213.3	149.0	43.0	.0	.0	
  11    30    1971
50.6	39.7	7.6	182.9	206.2	64.0	.0	.0	
60.1	53.1	17.8	230.0	169.3	80.0	.0	.0	
47.5	35.4	12.8	268.8	173.3	66.0	8.0	.0	
39.8	30.8	14.6	266.3	136.4	66.0	16.0	.0	
45.2	28.6	11.1	184.6	255.4	40.0	.0	.0	
47.0	30.9	16.9	234.2	107.2	86.0	18.0	.0	
32.2	23.3	16.3	279.6	242.7	63.0	.0	.0	
29.6	22.6	7.5	212.1	144.5	74.0	.0	10.2	
29.8	23.8	11.5	185.8	113.0	98.0	.0	10.2	
37.1	32.1	13.9	291.7	105.5	98.0	8.0	.0	
34.4	27.9	6.7	277.5	125.6	98.0	.0	.0	
42.7	37.8	8.1	232.9	126.8	97.0	.0	.0	
40.0	36.6	8.3	117.5	115.7	78.0	.0	.0	
40.0	33.5	8.9	107.9	188.1	60.0	9.0	.0	
50.4	48.8	9.0	203.3	89.9	91.0	.0	.0	
47.4	43.9	7.2	145.8	108.2	98.0	.0	.0	
48.0	41.4	7.5	184.2	204.5	65.0	.0	.0	
57.2	45.0	11.3	192.9	179.6	78.0	.0	.0	
49.7	46.1	15.6	254.2	64.3	98.0	47.0	.0	
35.3	31.2	13.6	223.8	89.8	95.0	79.0	.0	
32.9	30.9	13.2	310.0	107.6	98.0	19.0	.0	
24.8	20.6	13.0	326.3	120.2	81.0	.0	20.3	
20.5	13.3	7.1	124.2	194.7	55.0	.0	.0	
28.5	21.1	9.7	146.3	104.0	98.0	.0	50.8	
31.9	28.1	8.3	267.5	110.1	87.0	.0	10.2	
35.7	32.7	7.7	237.5	126.2	98.0	4.0	.0	
37.0	34.2	10.1	184.2	84.8	98.0	14.0	.0	
37.1	33.9	9.1	239.2	91.5	98.0	.0	.0	
34.1	31.7	12.2	79.6	85.0	98.0	34.0	.0	
28.1	25.9	11.6	256.7	118.1	98.0	.0	27.9	
  12    31    1971
21.9	17.6	8.6	301.3	113.8	60.0	.0	2.5	
21.9	15.8	8.4	256.3	193.8	29.0	.0	.0	
29.9	23.8	12.6	269.6	102.9	75.0	.0	.0	
29.7	25.8	8.7	152.1	98.9	74.0	.0	.0	
29.9	21.2	9.9	135.4	102.4	84.0	.0	.0	
40.5	38.8	9.8	209.6	60.8	98.0	49.0	.0	
40.0	39.1	12.3	98.8	95.5	98.0	2.0	.0	
37.6	36.6	7.1	147.9	67.0	98.0	2.0	.0	
43.7	41.7	8.7	215.4	62.5	98.0	19.0	.0	
51.0	47.0	14.6	180.4	64.2	93.0	7.0	.0	
42.5	32.9	21.2	243.3	191.0	31.0	15.0	.0	
38.2	28.7	9.9	217.5	112.0	60.0	.0	.0	
31.9	23.4	15.6	274.2	99.1	55.0	.0	.0	
28.7	25.7	8.2	130.0	71.6	75.0	.0	17.8	
47.4	42.0	23.4	165.0	75.8	98.0	54.0	.0	
41.4	33.2	22.0	270.8	73.9	98.0	.0	.0	
30.1	21.4	13.4	275.8	66.9	88.0	.0	61.0	
19.6	12.8	13.6	311.3	113.1	90.0	.0	5.1	
27.6	19.2	11.9	192.1	81.3	98.0	.0	17.8	
35.9	33.2	10.7	238.8	90.0	98.0	9.0	.0	
35.1	27.7	14.2	275.8	96.7	87.0	.0	.0	
22.4	11.2	11.0	192.5	149.7	22.0	.0	.0	
32.9	11.8	14.2	177.9	90.4	84.0	.0	.0	
41.8	33.1	24.5	258.8	68.1	98.0	8.0	.0	
27.5	19.0	8.7	147.1	115.5	84.0	.0	2.5	
38.7	35.9	13.1	255.8	89.3	98.0	25.0	.0	
35.0	32.5	12.4	104.6	86.3	98.0	24.0	.0	
34.7	28.5	16.8	283.8	90.1	98.0	2.0	.0	
32.3	24.1	21.0	262.5	128.3	90.0	.0	.0	
28.5	25.9	13.6	87.1	71.6	98.0	.0	243.8	
16.7	12.8	7.7	232.9	151.7	78.0	.0	17.8	
