   1    31    1983
62.7	58.8	9.6	212.1	148.7	94.0	.0	.0	
69.3	62.2	6.8	238.8	199.0	95.0	25.0	.0	
59.8	54.3	9.1	256.3	103.6	91.0	.0	.0	
56.2	49.8	12.7	259.2	202.9	80.0	.0	.0	
55.3	51.2	9.2	324.2	158.1	98.0	.0	.0	
50.8	40.6	6.9	209.2	300.8	76.0	.0	.0	
50.9	41.0	5.2	180.4	234.4	68.0	.0	.0	
59.3	51.7	6.8	253.3	151.8	79.0	.0	.0	
62.7	57.5	5.5	142.5	241.0	78.0	10.0	.0	
58.0	54.2	6.2	212.5	134.5	95.0	.0	.0	
54.6	48.3	7.7	280.8	220.5	60.0	.0	.0	
44.4	26.8	11.1	307.1	329.7	2.0	.0	.0	
38.9	24.6	6.6	191.7	362.7	3.0	.0	.0	
44.2	34.2	4.8	152.9	308.2	30.0	.0	.0	
51.3	36.1	10.7	277.1	301.2	7.0	.0	.0	
39.7	26.5	6.1	226.7	306.7	32.0	.0	.0	
42.3	24.1	6.6	247.9	373.1	2.0	.0	.0	
44.9	31.2	9.3	159.2	361.6	12.0	.0	.0	
53.0	40.6	10.9	101.7	230.2	68.0	.0	.0	
59.8	53.1	14.6	96.7	98.2	98.0	127.0	.0	
63.6	57.1	10.7	127.9	218.5	90.0	23.0	.0	
56.2	51.9	6.1	79.6	151.5	98.0	1.0	.0	
54.7	50.5	7.2	250.4	152.9	79.0	18.0	.0	
46.9	38.0	5.2	211.7	329.0	36.0	.0	.0	
47.7	39.2	4.6	149.6	324.5	40.0	.0	.0	
47.9	40.7	3.3	131.3	234.0	51.0	.0	.0	
55.7	49.1	8.1	153.3	180.3	75.0	47.0	.0	
49.6	41.5	8.2	215.8	192.3	90.0	.0	.0	
51.1	45.0	4.7	104.6	356.2	17.0	.0	.0	
60.6	51.6	7.1	213.8	275.3	39.0	.0	.0	
59.7	53.9	5.3	177.1	276.3	80.0	.0	.0	
   2    28    1983
67.6	57.6	10.3	139.6	308.4	72.0	.0	.0	
63.8	58.4	10.1	200.8	123.4	79.0	195.0	.0	
55.7	43.4	15.4	268.3	333.1	24.0	.0	.0	
46.5	30.7	8.0	288.8	346.9	42.0	.0	.0	
51.5	39.4	7.3	155.8	378.1	15.0	.0	.0	
61.4	55.5	8.9	171.3	141.4	91.0	74.0	.0	
54.2	45.8	9.6	276.7	272.8	71.0	.0	.0	
42.5	32.6	5.6	177.9	419.7	2.0	.0	.0	
46.8	37.3	3.4	63.8	418.5	2.0	.0	.0	
57.0	51.5	5.3	112.5	146.9	57.0	40.0	.0	
58.8	51.5	9.5	210.0	333.5	60.0	.0	.0	
56.0	49.6	9.0	122.9	157.9	98.0	85.0	.0	
57.9	53.7	14.3	120.4	158.0	98.0	150.0	.0	
50.0	40.3	19.4	270.0	264.9	73.0	.0	.0	
53.7	42.7	6.6	109.2	427.8	4.0	.0	.0	
60.3	53.7	9.6	101.7	155.7	85.0	36.0	.0	
57.1	52.7	8.6	246.3	191.1	63.0	4.0	.0	
54.4	42.3	5.6	97.5	451.3	2.0	.0	.0	
57.0	46.6	5.3	69.6	334.0	61.0	.0	.0	
61.2	49.5	8.7	75.0	416.3	20.0	.0	.0	
64.3	52.4	9.4	104.6	196.1	87.0	2.0	.0	
65.5	58.2	10.6	136.7	273.2	81.0	2.0	.0	
63.3	51.5	13.4	259.2	364.6	68.0	.0	.0	
58.7	47.5	8.4	248.3	440.8	20.0	.0	.0	
59.2	46.0	10.2	275.4	451.1	14.0	.0	.0	
52.0	36.2	14.1	139.6	221.7	98.0	.0	.0	
60.0	49.5	13.6	91.7	210.6	98.0	1.0	.0	
64.6	55.6	11.4	170.4	290.8	80.0	7.0	.0	
   3    31    1983
57.5	50.0	11.1	266.7	250.3	62.0	12.0	.0	
60.6	43.1	8.9	273.8	500.7	2.0	.0	.0	
60.4	52.4	6.4	172.1	425.3	30.0	.0	.0	
63.2	52.8	8.3	92.5	454.4	26.0	.0	.0	
68.5	60.4	12.6	135.4	357.1	58.0	.0	.0	
74.7	65.0	11.3	154.6	366.6	90.0	.0	.0	
64.9	60.0	8.5	165.4	151.8	98.0	150.0	.0	
66.0	58.4	5.9	173.8	316.5	63.0	1.0	.0	
61.5	44.4	10.4	258.8	518.5	2.0	.0	.0	
55.2	40.7	15.4	249.6	427.1	43.0	.0	.0	
44.4	27.8	14.1	287.1	516.7	15.0	.0	.0	
49.8	32.5	12.8	280.0	526.7	2.0	.0	.0	
50.7	37.5	5.6	205.0	341.3	48.0	.0	.0	
55.2	45.3	4.9	138.8	424.0	72.0	.0	.0	
59.5	54.8	5.4	85.0	147.8	98.0	248.0	.0	
68.9	61.6	9.6	148.8	409.6	76.0	.0	.0	
65.7	58.0	10.9	168.8	381.8	76.0	154.0	.0	
62.8	53.4	17.4	249.2	307.4	74.0	2.0	.0	
64.2	52.2	10.0	256.7	497.7	18.0	.0	.0	
62.8	55.4	6.7	130.0	367.4	78.0	.0	.0	
63.5	49.5	16.2	255.0	522.6	27.0	39.0	.0	
52.1	33.8	9.0	298.3	539.4	44.0	.0	.0	
54.9	41.6	7.6	160.0	519.7	40.0	.0	.0	
62.2	49.8	20.4	226.7	463.9	67.0	37.0	.0	
49.9	34.8	11.6	179.2	571.7	35.0	.0	.0	
60.6	46.4	11.7	127.1	527.2	31.0	.0	.0	
64.7	57.5	10.5	181.3	160.0	98.0	48.0	.0	
66.2	47.7	10.7	259.6	587.3	22.0	.0	.0	
53.7	42.3	7.0	143.8	556.1	2.0	.0	.0	
59.6	49.1	5.8	75.0	538.1	36.0	.0	.0	
61.9	55.2	9.1	205.0	466.6	68.0	80.0	.0	
   4    30    1983
59.0	50.1	6.0	140.0	590.9	21.0	.0	.0	
66.0	58.4	10.8	203.3	229.9	79.0	4.0	.0	
62.7	47.4	8.6	261.3	594.8	16.0	.0	.0	
61.3	52.2	7.2	138.8	600.7	7.0	.0	.0	
69.7	61.0	9.3	129.2	556.3	24.0	.0	.0	
71.2	63.2	6.3	128.3	555.6	21.0	.0	.0	
72.7	66.5	7.6	130.0	417.5	82.0	186.0	.0	
73.9	69.2	6.6	150.8	307.7	95.0	1.0	.0	
71.4	68.7	6.5	177.1	237.0	98.0	95.0	.0	
64.6	55.2	7.4	267.1	503.2	48.0	26.0	.0	
63.1	49.6	6.9	237.5	618.8	2.0	.0	.0	
63.9	54.3	7.3	120.0	621.1	2.0	.0	.0	
66.4	58.4	7.0	77.5	585.1	14.0	.0	.0	
70.6	61.3	9.8	145.0	304.1	82.0	.0	.0	
69.5	64.6	7.0	165.8	272.0	88.0	128.0	.0	
58.6	48.6	7.8	187.1	642.9	8.0	.0	.0	
56.5	39.3	7.6	225.0	635.0	2.0	.0	.0	
60.2	49.9	11.0	240.8	524.6	61.0	63.0	.0	
55.7	48.2	7.2	185.8	608.5	36.0	.0	.0	
56.9	44.1	5.0	145.8	605.8	28.0	.0	.0	
58.2	44.2	4.6	89.6	664.0	2.0	.0	.0	
65.5	56.8	7.0	74.2	606.9	28.0	.0	.0	
69.6	67.0	10.9	180.8	190.4	93.0	114.0	.0	
66.9	54.9	18.3	264.6	652.2	10.0	.0	.0	
61.2	45.2	9.5	282.1	646.4	2.0	.0	.0	
60.6	48.5	6.0	129.6	667.5	2.0	.0	.0	
63.1	50.7	4.1	87.1	666.5	2.0	.0	.0	
65.4	54.5	4.2	59.2	628.7	3.0	.0	.0	
65.8	56.2	4.1	50.0	626.0	22.0	.0	.0	
68.7	61.7	5.5	83.3	598.9	25.0	.0	.0	
   5    31    1983
69.7	62.5	4.7	84.6	614.2	41.0	.0	.0	
70.5	63.8	5.2	100.4	601.8	70.0	.0	.0	
76.0	64.1	6.9	187.9	615.9	64.0	.0	.0	
64.0	60.6	6.9	269.2	284.2	62.0	22.0	.0	
64.1	52.3	5.6	157.5	681.9	2.0	.0	.0	
66.3	52.1	4.2	119.6	657.0	2.0	.0	.0	
67.2	56.5	4.5	67.9	658.3	2.0	.0	.0	
68.7	57.9	5.3	102.5	619.2	35.0	.0	.0	
71.6	62.7	5.2	106.3	582.4	35.0	.0	.0	
70.6	63.6	5.3	53.3	595.1	43.0	.0	.0	
70.3	63.7	4.2	45.4	474.0	58.0	.0	.0	
70.5	63.8	5.8	100.4	594.6	48.0	.0	.0	
70.3	59.1	5.9	84.2	624.1	8.0	.0	.0	
70.3	60.9	8.1	117.1	660.1	2.0	.0	.0	
72.7	64.6	7.6	121.3	580.6	38.0	.0	.0	
77.8	67.2	8.8	221.7	514.5	72.0	.0	.0	
75.6	68.8	9.4	144.2	649.0	26.0	.0	.0	
75.9	66.8	12.9	93.3	638.7	20.0	.0	.0	
76.0	68.5	13.1	125.4	437.4	62.0	4.0	.0	
75.9	67.1	11.4	122.9	577.1	31.0	.0	.0	
76.4	67.0	11.1	127.5	639.9	36.0	.0	.0	
76.2	67.8	8.0	149.2	623.2	25.0	.0	.0	
79.1	67.4	7.9	208.8	516.5	70.0	.0	.0	
78.3	68.8	8.1	185.8	598.4	55.0	.0	.0	
74.8	66.8	7.2	162.9	613.8	24.0	6.0	.0	
74.3	61.6	5.7	155.8	663.9	27.0	.0	.0	
75.2	63.7	7.8	119.6	672.8	7.0	.0	.0	
75.3	66.6	7.5	82.9	620.7	16.0	.0	.0	
73.0	68.0	6.6	97.9	408.2	77.0	261.0	.0	
70.3	67.7	6.7	169.2	233.4	87.0	93.0	.0	
74.0	68.9	6.8	192.9	462.2	89.0	.0	.0	
   6    30    1983
77.8	69.0	7.6	208.8	637.0	31.0	.0	.0	
76.7	71.5	9.0	117.9	565.4	40.0	.0	.0	
77.5	71.4	7.7	97.5	649.8	38.0	.0	.0	
77.4	70.6	7.2	183.3	602.1	33.0	18.0	.0	
73.5	69.6	6.3	168.8	308.6	71.0	86.0	.0	
76.2	70.2	7.9	202.9	480.1	70.0	19.0	.0	
74.6	71.2	7.7	196.7	383.9	86.0	224.0	.0	
73.7	70.4	6.6	180.4	315.6	94.0	14.0	.0	
75.6	69.4	9.6	47.5	553.5	43.0	.0	.0	
76.5	70.2	14.2	52.9	542.2	65.0	.0	.0	
77.6	72.6	10.2	86.7	567.7	46.0	10.0	.0	
77.5	72.6	8.9	88.3	547.0	66.0	83.0	.0	
74.9	70.2	6.5	64.6	443.7	66.0	4.0	.0	
77.0	70.3	9.2	50.8	592.7	37.0	.0	.0	
75.2	67.1	5.9	70.8	663.9	20.0	.0	.0	
74.8	68.0	8.0	122.9	665.8	18.0	.0	.0	
76.0	68.2	6.0	75.0	614.4	26.0	.0	.0	
75.9	68.3	5.4	77.1	628.2	35.0	.0	.0	
76.3	69.0	5.1	87.9	646.4	41.0	.0	.0	
78.4	71.5	6.0	86.7	365.6	90.0	.0	.0	
77.7	74.3	7.2	124.2	300.6	95.0	126.0	.0	
76.5	72.8	5.1	146.3	345.9	79.0	12.0	.0	
75.9	73.0	4.5	121.3	310.3	78.0	40.0	.0	
75.6	71.7	3.9	112.1	393.4	94.0	.0	.0	
77.1	70.3	4.4	91.7	626.6	14.0	.0	.0	
78.6	71.9	6.0	100.8	629.9	68.0	.0	.0	
78.0	69.5	7.0	110.8	605.5	60.0	.0	.0	
79.6	70.6	6.3	103.3	647.7	60.0	.0	.0	
79.7	71.6	5.6	123.8	573.2	77.0	.0	.0	
78.7	73.2	3.6	80.0	610.3	53.0	1.0	.0	
   7    31    1983
78.5	73.3	3.9	145.4	525.3	66.0	6.0	.0	
79.0	73.5	5.1	170.0	549.6	65.0	.0	.0	
79.8	73.8	5.8	130.8	612.6	48.0	.0	.0	
79.8	72.1	4.4	122.5	595.9	41.0	.0	.0	
78.5	71.5	4.4	135.4	556.5	51.0	.0	.0	
79.7	72.5	7.7	204.6	516.8	52.0	1.0	.0	
78.5	71.6	6.5	137.5	559.6	64.0	.0	.0	
79.0	71.6	6.4	105.4	451.7	85.0	.0	.0	
79.9	72.0	8.4	106.7	597.6	47.0	.0	.0	
77.6	64.1	5.2	114.2	679.2	34.0	.0	.0	
78.9	66.2	5.9	144.2	675.0	2.0	.0	.0	
78.9	69.3	5.9	123.3	649.2	15.0	.0	.0	
79.5	69.1	5.1	105.8	475.1	51.0	.0	.0	
80.5	70.6	6.6	128.3	627.7	40.0	.0	.0	
81.9	72.0	8.6	190.4	619.7	32.0	.0	.0	
82.8	73.0	8.1	231.7	584.8	62.0	.0	.0	
83.4	72.6	7.3	211.7	613.0	9.0	.0	.0	
84.9	73.7	6.2	185.8	602.1	10.0	.0	.0	
81.7	73.4	5.9	105.8	598.2	31.0	.0	.0	
82.3	72.3	8.8	171.3	659.5	23.0	.0	.0	
81.1	73.1	5.7	151.3	621.7	33.0	.0	.0	
82.9	72.2	6.3	175.8	622.6	34.0	.0	.0	
81.6	73.8	7.6	209.6	312.2	87.0	.0	.0	
85.1	74.4	10.3	254.6	618.6	21.0	.0	.0	
85.9	74.5	10.7	244.6	612.5	33.0	.0	.0	
79.1	72.8	8.8	251.3	419.4	68.0	57.0	.0	
80.6	72.7	9.8	132.9	556.2	50.0	.0	.0	
82.8	71.9	13.0	72.1	611.4	40.0	.0	.0	
80.3	72.4	11.2	112.1	495.7	77.0	49.0	.0	
78.1	71.9	6.6	82.5	422.6	68.0	4.0	.0	
79.5	74.4	7.1	125.0	339.3	66.0	75.0	.0	
   8    31    1983
82.3	74.6	7.5	114.2	621.4	35.0	.0	.0	
81.1	73.6	5.6	112.1	537.1	68.0	.0	.0	
81.7	73.6	5.7	102.5	597.6	31.0	.0	.0	
78.9	74.2	3.2	79.2	401.4	67.0	36.0	.0	
79.1	73.8	4.2	62.5	541.9	38.0	.0	.0	
78.4	72.9	5.8	131.7	520.4	64.0	21.0	.0	
76.9	72.8	5.5	144.2	406.0	85.0	35.0	.0	
77.9	73.6	6.1	209.6	370.0	70.0	2.0	.0	
78.4	73.4	5.9	215.8	438.5	42.0	215.0	.0	
79.1	73.7	5.8	184.6	529.5	48.0	.0	.0	
81.1	72.7	6.5	182.5	518.5	54.0	.0	.0	
77.6	72.2	7.4	225.8	385.1	56.0	67.0	.0	
76.0	72.3	6.1	194.2	308.0	70.0	104.0	.0	
74.5	71.8	4.5	172.1	263.1	84.0	156.0	.0	
77.4	71.9	7.0	128.3	535.7	51.0	.0	.0	
78.5	72.0	8.2	163.3	543.2	41.0	1.0	.0	
78.9	71.0	6.2	102.1	539.6	58.0	.0	.0	
79.6	71.7	5.6	79.6	562.7	27.0	.0	.0	
80.1	72.3	4.2	69.2	600.6	7.0	.0	.0	
81.9	73.4	5.2	149.2	604.7	6.0	.0	.0	
82.4	73.0	4.9	133.3	608.7	2.0	.0	.0	
82.0	73.8	5.1	93.3	591.0	17.0	.0	.0	
81.2	73.5	5.4	103.8	582.8	43.0	.0	.0	
82.2	73.2	8.9	49.2	597.7	41.0	.0	.0	
80.9	74.9	12.6	90.0	265.2	74.0	21.0	.0	
80.6	72.9	6.5	88.3	574.3	35.0	.0	.0	
80.6	72.3	4.8	109.2	542.4	21.0	.0	.0	
81.3	73.2	6.9	206.7	519.9	62.0	.0	.0	
82.3	74.1	8.4	225.8	548.7	69.0	24.0	.0	
79.4	73.3	6.3	197.9	483.4	72.0	.0	.0	
78.4	70.8	5.4	163.8	438.6	66.0	.0	.0	
   9    30    1983
76.7	71.0	7.1	173.8	427.6	68.0	231.0	.0	
76.0	71.8	7.1	189.2	272.4	94.0	110.0	.0	
78.5	72.5	7.1	192.5	430.8	72.0	41.0	.0	
81.9	76.2	8.2	105.4	510.4	24.0	.0	.0	
82.4	75.1	6.8	145.0	514.6	17.0	.0	.0	
81.5	73.5	4.2	98.3	555.2	5.0	.0	.0	
80.4	73.1	4.5	80.8	521.6	41.0	.0	.0	
79.5	72.8	4.5	65.4	523.4	49.0	.0	.0	
80.1	73.2	3.9	58.8	483.4	70.0	.0	.0	
79.3	72.9	3.6	70.0	475.8	35.0	.0	.0	
80.0	71.6	4.2	95.4	423.5	56.0	.0	.0	
80.7	72.8	4.2	99.6	391.6	90.0	.0	.0	
77.4	69.1	5.8	164.6	295.6	92.0	.0	.0	
76.2	70.5	10.9	214.2	336.0	90.0	6.0	.0	
75.5	69.0	8.6	198.8	355.2	63.0	.0	.0	
75.7	68.3	5.2	156.7	489.9	43.0	3.0	.0	
73.2	70.1	4.2	155.8	186.5	90.0	120.0	.0	
76.5	70.9	5.5	92.5	265.5	96.0	25.0	.0	
76.3	71.2	6.7	104.2	401.0	75.0	15.0	.0	
77.7	72.7	4.2	80.4	235.6	93.0	113.0	.0	
77.5	71.2	4.5	137.1	451.8	72.0	9.0	.0	
72.4	65.0	9.2	195.8	227.8	85.0	.0	.0	
76.1	62.0	13.7	42.9	321.4	73.0	.0	.0	
76.6	62.7	12.6	62.5	465.0	42.0	168.0	.0	
76.0	60.8	11.4	66.7	309.9	65.0	1.0	.0	
73.0	64.1	8.5	195.0	380.6	79.0	6.0	.0	
75.3	62.0	9.8	137.1	457.9	52.0	.0	.0	
71.4	61.1	8.1	197.1	492.6	41.0	.0	.0	
71.0	63.0	8.4	148.8	407.8	53.0	9.0	.0	
70.8	62.0	5.4	120.0	483.2	25.0	.0	.0	
  10    31    1983
73.6	66.5	4.4	42.5	466.7	11.0	.0	.0	
74.3	67.9	4.0	50.0	456.6	22.0	.0	.0	
74.6	66.7	3.5	55.0	457.2	74.0	.0	.0	
72.8	64.8	2.7	22.5	452.9	30.0	.0	.0	
73.3	64.6	3.8	103.3	478.1	24.0	.0	.0	
75.4	68.6	6.1	187.9	407.0	39.0	.0	.0	
74.7	68.1	3.7	73.8	448.8	56.0	.0	.0	
74.6	68.9	3.7	72.1	350.1	71.0	18.0	.0	
75.9	69.3	5.0	77.5	435.5	62.0	5.0	.0	
75.8	69.6	6.0	79.6	404.9	73.0	14.0	.0	
73.8	69.9	3.2	106.3	259.1	65.0	157.0	.0	
76.4	71.4	6.3	161.3	339.8	72.0	14.0	.0	
75.1	69.3	7.5	160.8	317.4	74.0	5.0	.0	
74.3	70.4	8.7	128.3	221.3	92.0	2.0	.0	
75.5	71.2	10.2	72.5	257.4	98.0	248.0	.0	
75.3	70.7	9.0	80.4	307.4	80.0	136.0	.0	
75.5	67.5	11.7	85.8	241.9	96.0	290.0	.0	
76.5	67.7	11.7	62.1	278.2	70.0	3.0	.0	
76.0	68.4	11.5	34.2	393.4	48.0	.0	.0	
76.7	70.0	9.3	42.5	374.6	45.0	.0	.0	
74.7	69.5	9.4	130.0	325.7	65.0	12.0	.0	
75.2	68.9	10.4	109.2	216.6	98.0	102.0	.0	
76.2	70.1	8.2	165.4	351.1	74.0	3.0	.0	
73.1	67.6	8.3	275.8	199.5	79.0	.0	.0	
65.6	54.7	9.2	270.8	451.6	18.0	.0	.0	
66.1	58.0	7.8	226.7	405.6	18.0	.0	.0	
63.6	49.5	12.4	213.8	446.6	3.0	.0	.0	
65.7	55.6	6.3	105.4	346.7	44.0	.0	.0	
64.3	56.9	4.5	119.6	381.0	29.0	.0	.0	
66.6	59.4	6.4	96.3	363.4	32.0	.0	.0	
71.0	60.4	12.0	118.3	312.6	64.0	2.0	.0	
  11    30    1983
73.4	62.9	14.4	60.0	321.7	50.0	14.0	.0	
73.3	62.1	14.3	59.6	368.6	46.0	.0	.0	
67.2	61.3	7.2	166.3	386.1	10.0	.0	.0	
65.8	57.7	7.5	220.8	354.8	61.0	.0	.0	
65.3	60.5	7.3	274.6	203.5	60.0	16.0	.0	
59.6	51.3	5.0	148.8	376.1	41.0	.0	.0	
64.5	59.7	3.9	107.1	154.3	88.0	1.0	.0	
67.8	63.2	4.3	143.8	273.3	78.0	.0	.0	
66.9	64.2	5.6	183.8	236.7	68.0	1.0	.0	
67.1	60.8	9.5	237.1	304.9	81.0	.0	.0	
60.9	51.5	13.4	262.5	371.7	29.0	2.0	.0	
51.8	43.6	7.1	266.7	392.8	5.0	.0	.0	
53.3	40.3	7.4	253.3	364.0	2.0	.0	.0	
56.0	45.7	4.1	141.7	389.7	2.0	.0	.0	
64.3	55.5	6.7	150.4	318.1	41.0	34.0	.0	
57.1	46.3	11.4	287.5	360.0	10.0	2.0	.0	
47.7	35.2	8.0	256.3	339.8	2.0	.0	.0	
52.0	42.7	3.8	93.3	362.0	33.0	.0	.0	
62.0	53.7	5.2	87.1	310.3	69.0	.0	.0	
66.9	62.1	10.0	180.0	113.6	94.0	63.0	.0	
60.3	55.2	5.9	135.4	349.9	18.0	.0	.0	
58.3	51.6	3.1	36.7	362.8	2.0	.0	.0	
66.5	59.7	6.9	94.6	333.5	31.0	.0	.0	
74.2	67.6	12.7	188.8	227.0	81.0	17.0	.0	
55.0	40.0	11.5	251.3	364.0	23.0	.0	.0	
57.0	48.3	5.6	171.3	281.2	66.0	.0	.0	
70.1	64.3	7.5	115.0	286.7	62.0	.0	.0	
70.8	64.9	10.6	215.8	165.1	77.0	.0	.0	
56.1	51.8	7.5	252.9	155.5	91.0	51.0	.0	
56.2	47.4	7.8	218.8	233.6	71.0	.0	.0	
  12    31    1983
59.1	51.3	5.8	149.6	257.6	56.0	.0	.0	
64.9	58.8	5.0	74.2	276.4	65.0	.0	.0	
73.4	66.5	9.1	190.8	292.2	56.0	.0	.0	
74.4	68.3	11.1	225.8	242.7	68.0	5.0	.0	
71.7	68.5	5.4	155.8	174.0	81.0	.0	.0	
72.0	65.8	13.7	226.7	250.2	77.0	.0	.0	
50.9	33.7	11.5	287.5	317.5	31.0	.0	.0	
49.3	35.5	7.4	213.3	301.9	2.0	.0	.0	
56.5	47.1	3.7	102.1	320.9	46.0	.0	.0	
63.8	56.1	6.4	75.0	297.3	31.0	.0	.0	
68.7	60.4	9.1	107.9	286.1	52.0	365.0	.0	
63.3	56.7	11.0	235.4	284.1	73.0	157.0	.0	
54.4	47.8	6.9	224.2	286.7	27.0	.0	.0	
62.6	57.1	9.6	181.3	136.8	74.0	3.0	.0	
55.0	50.3	6.5	251.7	163.1	91.0	15.0	.0	
58.2	49.0	8.3	124.6	208.0	88.0	.0	.0	
66.2	62.1	11.4	187.1	113.8	94.0	79.0	.0	
66.6	63.3	9.7	158.8	118.1	98.0	57.0	.0	
59.8	56.3	11.8	215.4	140.0	98.0	7.0	.0	
63.4	60.6	12.3	254.2	100.2	98.0	251.0	.0	
60.6	58.0	7.8	281.3	113.1	98.0	61.0	.0	
61.3	58.8	3.3	156.3	181.7	89.0	.0	.0	
63.0	59.6	6.1	194.2	166.7	90.0	.0	.0	
51.7	37.3	19.0	295.4	318.5	55.0	.0	.0	
26.6	3.3	14.4	319.6	315.5	58.0	.0	.0	
29.3	13.4	9.7	302.1	291.3	54.0	.0	.0	
47.9	38.6	5.6	151.3	262.2	83.0	.0	.0	
69.0	62.0	10.6	178.3	141.6	83.0	14.0	.0	
63.8	60.8	9.6	200.4	99.8	98.0	184.0	.0	
42.2	33.8	17.0	339.2	165.5	98.0	.0	.0	
43.3	33.4	17.7	247.5	219.7	80.0	.0	.0	
