   1    31    1962
47.9	45.4	14.8	305.4	163.2	98.0	.0	.0	
41.8	33.9	13.8	309.2	325.8	43.0	.0	.0	
42.6	33.3	5.4	177.9	314.8	10.0	.0	.0	
45.8	39.1	6.5	125.4	236.0	59.0	.0	.0	
57.0	54.7	12.5	144.6	203.1	84.0	6.0	.0	
57.6	55.0	16.5	230.4	120.4	75.0	71.0	.0	
44.9	36.4	10.1	252.9	329.3	18.0	.0	.0	
46.2	39.4	10.9	247.5	341.3	26.0	18.0	.0	
44.4	32.7	8.8	62.5	349.7	13.0	.0	.0	
38.7	32.1	19.7	3.3	152.0	82.0	5.0	.0	
31.4	19.1	16.3	39.6	159.2	93.0	.0	.0	
33.4	21.3	11.3	227.9	245.9	45.0	.0	.0	
33.2	17.4	8.4	112.9	355.7	2.0	.0	.0	
52.0	45.7	12.9	81.7	170.1	62.0	.0	.0	
56.2	52.7	9.2	200.0	243.8	48.0	2.0	.0	
48.2	39.7	9.6	103.8	314.9	45.0	.0	.0	
46.4	33.6	10.8	33.8	335.3	39.0	.0	.0	
54.5	42.5	10.0	79.6	262.2	70.0	.0	.0	
55.0	50.9	9.2	103.3	146.3	98.0	.0	.0	
53.1	49.7	9.4	37.5	181.8	98.0	.0	.0	
53.4	50.4	9.5	65.8	214.5	83.0	.0	.0	
60.4	57.9	8.7	148.3	201.1	91.0	.0	.0	
64.5	62.1	6.3	187.1	207.1	91.0	1.0	.0	
64.0	62.0	6.0	175.8	184.3	85.0	1.0	.0	
64.2	61.3	7.1	188.8	257.8	79.0	.0	.0	
63.6	61.8	9.1	173.3	218.8	92.0	.0	.0	
64.2	63.6	12.2	185.8	129.9	93.0	64.0	.0	
51.6	48.7	15.1	284.2	197.8	75.0	.0	.0	
45.5	37.4	6.4	260.4	399.3	8.0	.0	.0	
50.6	38.8	9.7	218.8	402.3	4.0	.0	.0	
54.4	42.3	8.2	204.6	393.8	2.0	.0	.0	
   2    28    1962
53.1	44.6	7.5	173.3	383.2	20.0	.0	.0	
55.8	48.4	5.0	134.2	309.9	76.0	.0	.0	
56.2	49.6	3.4	141.7	349.1	53.0	.0	.0	
57.4	53.1	5.6	164.2	247.4	60.0	5.0	.0	
60.1	55.7	9.1	200.4	281.2	62.0	.0	.0	
50.1	39.8	14.2	89.6	409.4	34.0	46.0	.0	
42.5	27.3	7.2	66.3	375.0	36.0	.0	.0	
52.1	43.8	6.8	112.9	403.8	24.0	.0	.0	
63.9	61.0	12.0	205.4	203.3	86.0	6.0	.0	
53.6	44.9	14.3	80.0	397.3	25.0	4.0	.0	
48.9	36.2	7.3	68.3	445.0	2.0	.0	.0	
56.4	48.3	9.4	209.6	456.2	2.0	.0	.0	
65.2	56.4	7.8	255.4	409.1	35.0	.0	.0	
67.4	55.6	12.4	263.8	423.1	32.0	.0	.0	
64.3	59.4	10.0	242.1	263.4	82.0	.0	.0	
65.5	59.9	12.4	230.8	309.5	60.0	78.0	.0	
59.3	53.9	7.6	87.9	345.7	44.0	.0	.0	
65.5	60.4	9.9	145.0	374.2	89.0	.0	.0	
68.8	67.1	9.7	211.3	197.0	96.0	79.0	.0	
58.0	41.9	9.9	47.1	436.7	30.0	.0	.0	
63.9	55.7	12.4	155.0	239.1	95.0	.0	.0	
71.6	67.7	16.5	197.5	362.5	91.0	.0	.0	
71.4	67.6	14.5	184.6	280.2	95.0	21.0	.0	
66.1	64.9	9.2	77.9	186.8	77.0	4.0	.0	
68.2	66.6	8.0	118.3	279.7	77.0	.0	.0	
69.7	65.5	10.2	136.7	302.6	61.0	.0	.0	
72.2	66.3	11.3	179.6	389.8	69.0	.0	.0	
72.3	68.5	10.2	192.5	310.1	73.0	.0	.0	
   3    31    1962
63.7	57.9	10.6	114.2	248.0	95.0	17.0	.0	
49.3	49.2	13.7	74.2	176.4	98.0	119.0	.0	
42.1	41.5	13.5	50.8	214.8	98.0	7.0	.0	
49.6	47.7	8.3	67.9	241.5	89.0	2.0	.0	
49.3	32.8	17.4	310.8	520.7	12.0	.0	.0	
39.7	24.5	20.7	320.4	526.1	2.0	.0	.0	
43.9	33.8	12.1	272.9	506.1	29.0	.0	.0	
49.7	39.2	8.2	173.8	457.9	60.0	.0	.0	
61.6	57.8	14.5	175.4	294.2	74.0	.0	.0	
67.8	65.9	10.5	172.1	226.6	87.0	.0	.0	
68.7	67.3	14.8	182.1	225.3	98.0	5.0	.0	
68.9	48.3	13.9	260.0	505.8	57.0	.0	.0	
59.6	37.0	12.4	310.8	511.8	53.0	.0	.0	
54.6	42.0	10.8	90.8	323.9	83.0	40.0	.0	
52.1	50.3	11.8	86.7	249.3	98.0	119.0	.0	
54.0	38.8	14.0	213.8	530.7	31.0	.0	.0	
50.5	33.3	13.3	198.3	536.0	16.0	.0	.0	
50.6	34.9	8.2	62.1	574.6	6.0	.0	.0	
54.4	40.1	8.8	126.3	536.6	29.0	.0	.0	
59.8	56.6	10.6	132.5	258.6	98.0	.0	.0	
72.8	66.1	20.1	228.8	361.3	93.0	.0	.0	
61.5	53.4	8.2	112.9	222.3	98.0	7.0	.0	
60.0	53.0	7.8	73.8	522.3	39.0	38.0	.0	
62.2	53.3	8.7	118.3	463.9	58.0	.0	.0	
63.5	60.1	13.7	156.7	228.6	77.0	3.0	.0	
60.4	52.2	15.5	306.3	368.1	45.0	.0	.0	
59.1	49.5	9.2	190.8	553.1	10.0	.0	.0	
59.7	45.5	7.7	176.3	605.8	17.0	.0	.0	
62.0	53.3	8.5	112.9	511.4	54.0	.0	.0	
67.5	60.7	11.6	153.3	476.6	63.0	.0	.0	
66.9	66.3	15.5	167.1	197.6	98.0	709.0	.0	
   4    30    1962
61.5	49.6	14.3	289.2	565.8	43.0	7.0	.0	
53.8	36.6	12.3	208.3	600.1	18.0	.0	.0	
52.9	39.2	8.3	20.0	541.6	25.0	.0	.0	
59.1	44.8	11.2	87.9	431.7	65.0	.0	.0	
63.0	55.3	13.4	111.3	267.2	98.0	.0	.0	
67.3	62.6	13.4	155.4	273.8	91.0	95.0	.0	
66.4	66.0	8.0	189.6	238.9	98.0	40.0	.0	
68.4	59.9	10.0	233.8	552.7	42.0	1.0	.0	
68.3	60.9	9.0	214.6	557.4	19.0	.0	.0	
68.8	63.4	5.5	135.4	510.5	49.0	.0	.0	
73.0	68.9	12.9	180.8	450.7	63.0	.0	.0	
71.3	68.8	10.8	182.1	280.9	94.0	56.0	.0	
62.0	46.4	13.6	314.6	559.2	43.0	.0	.0	
58.2	42.1	11.3	165.8	632.0	23.0	.0	.0	
63.9	51.0	15.0	230.4	445.6	49.0	.0	.0	
51.9	34.0	12.7	82.9	647.3	2.0	.0	.0	
56.0	38.1	7.6	180.4	640.8	25.0	.0	.0	
62.2	47.3	7.9	133.3	652.4	12.0	.0	.0	
66.3	54.3	10.8	292.5	555.4	14.0	.0	.0	
71.4	54.9	10.5	232.5	637.5	24.0	.0	.0	
67.0	45.0	12.6	66.7	618.4	3.0	.0	.0	
65.1	50.9	8.6	138.8	644.5	2.0	.0	.0	
64.9	52.2	8.0	157.9	673.5	5.0	.0	.0	
68.0	54.7	7.1	157.5	527.3	59.0	.0	.0	
68.6	57.5	8.1	144.6	542.4	70.0	.0	.0	
69.7	66.0	8.6	141.3	397.7	78.0	1.0	.0	
70.7	65.2	5.8	112.1	574.7	56.0	.0	.0	
70.6	64.0	11.1	158.8	482.3	61.0	35.0	.0	
73.2	65.8	10.9	161.3	620.5	31.0	6.0	.0	
75.0	64.4	5.6	151.7	622.1	37.0	.0	.0	
   5    31    1962
75.4	65.3	8.8	206.7	643.9	18.0	.0	.0	
73.4	59.8	10.9	300.4	558.8	37.0	.0	.0	
69.0	46.1	10.8	67.9	637.3	58.0	.0	.0	
71.4	51.5	6.4	93.8	508.2	77.0	.0	.0	
70.5	54.5	6.7	92.5	583.1	36.0	5.0	.0	
72.3	54.4	7.3	133.8	637.2	11.0	.0	.0	
75.2	56.8	7.7	182.1	605.6	10.0	.0	.0	
77.7	61.2	8.8	223.8	609.2	14.0	.0	.0	
78.6	59.2	11.6	256.3	685.0	2.0	.0	.0	
78.3	63.3	8.4	162.1	592.4	33.0	.0	.0	
74.2	65.3	7.4	148.3	560.0	63.0	3.0	.0	
76.0	62.6	7.9	191.3	584.9	52.0	24.0	.0	
77.3	64.1	11.0	97.9	589.3	55.0	.0	.0	
76.1	62.0	11.8	99.2	421.2	58.0	.0	.0	
76.8	60.7	8.9	111.3	570.3	48.0	.0	.0	
80.1	62.8	11.0	73.8	647.1	30.0	14.0	.0	
77.2	64.5	9.1	73.3	508.1	42.0	.0	.0	
78.6	62.6	8.9	117.1	592.1	17.0	.0	.0	
81.0	64.7	7.6	121.3	623.0	21.0	.0	.0	
79.8	65.1	7.6	245.8	527.5	39.0	6.0	.0	
81.9	65.8	9.6	205.8	665.2	22.0	.0	.0	
81.7	65.0	7.2	207.1	625.2	18.0	.0	.0	
80.5	63.0	10.4	280.8	688.7	17.0	.0	.0	
78.9	65.3	9.2	275.0	604.7	43.0	.0	.0	
81.2	66.0	9.0	247.9	626.9	47.0	.0	.0	
80.3	62.7	7.2	166.3	627.5	26.0	.0	.0	
81.2	64.3	7.5	146.3	617.1	56.0	.0	.0	
82.0	64.7	7.9	221.7	608.1	21.0	.0	.0	
80.5	67.1	11.9	137.1	560.2	48.0	.0	.0	
77.4	66.4	9.6	137.9	440.3	82.0	46.0	.0	
76.4	68.0	7.3	136.7	535.2	68.0	.0	.0	
   6    30    1962
75.1	66.0	7.2	110.0	416.1	61.0	9.0	.0	
78.5	65.6	8.6	101.7	574.2	60.0	.0	.0	
79.8	66.6	7.3	95.0	644.8	24.0	.0	.0	
81.4	68.5	7.8	177.9	615.4	29.0	3.0	.0	
80.1	68.1	8.8	235.0	574.7	42.0	.0	.0	
81.0	65.6	10.6	247.9	581.2	40.0	3.0	.0	
76.3	67.9	8.9	204.6	502.9	65.0	30.0	.0	
76.0	69.1	8.5	98.3	557.3	73.0	115.0	.0	
74.5	68.7	11.0	79.6	447.2	63.0	26.0	.0	
77.7	68.5	12.5	122.5	579.5	53.0	.0	.0	
76.1	70.9	8.7	142.9	377.1	73.0	2.0	.0	
74.7	71.4	8.1	178.8	336.6	89.0	45.0	.0	
76.6	70.7	10.0	207.5	471.3	44.0	17.0	.0	
76.1	70.3	6.6	184.6	448.6	43.0	102.0	.0	
78.3	70.0	6.6	107.9	574.3	43.0	.0	.0	
80.9	70.3	8.0	105.4	632.9	28.0	.0	.0	
82.8	70.5	10.4	101.7	648.8	25.0	.0	.0	
81.3	68.5	7.1	128.8	560.8	44.0	.0	.0	
80.4	68.2	6.8	130.0	586.0	43.0	.0	.0	
80.1	67.2	6.7	188.8	598.4	61.0	.0	.0	
77.8	71.0	5.4	103.8	362.7	90.0	84.0	.0	
77.4	71.5	6.6	175.4	476.7	73.0	99.0	.0	
76.9	72.5	5.6	179.6	420.3	68.0	20.0	.0	
78.7	71.6	7.7	221.3	456.9	58.0	.0	.0	
79.4	67.8	7.0	218.8	498.5	54.0	.0	.0	
80.6	70.1	6.8	233.8	567.6	49.0	.0	.0	
79.6	71.0	7.0	197.1	504.9	74.0	60.0	.0	
76.3	71.2	7.5	130.4	445.6	83.0	63.0	.0	
76.2	71.7	7.4	99.6	421.0	76.0	20.0	.0	
79.8	71.4	6.4	115.0	623.6	43.0	.0	.0	
   7    31    1962
80.2	71.8	6.0	145.0	604.1	36.0	3.0	.0	
81.9	70.2	6.0	154.2	655.2	35.0	.0	.0	
82.4	70.8	8.1	195.8	596.7	93.0	.0	.0	
77.5	72.6	7.5	245.4	357.7	84.0	31.0	.0	
79.4	72.9	8.2	209.6	432.7	64.0	.0	.0	
81.7	73.3	7.0	185.4	561.7	48.0	3.0	.0	
82.3	74.3	8.4	251.3	447.1	84.0	3.0	.0	
82.7	71.9	9.4	267.5	599.6	60.0	.0	.0	
86.7	73.6	11.8	302.9	612.1	62.0	.0	.0	
83.5	65.0	6.9	135.0	661.4	38.0	.0	.0	
83.2	68.1	7.4	132.9	650.7	50.0	.0	.0	
83.3	70.3	7.7	210.8	608.6	68.0	.0	.0	
80.6	74.8	8.2	196.7	475.8	74.0	25.0	.0	
80.5	73.8	7.8	151.3	528.8	56.0	65.0	.0	
80.9	74.2	7.4	175.4	493.4	53.0	6.0	.0	
80.2	74.4	9.1	262.9	413.4	61.0	.0	.0	
81.3	74.0	9.5	258.3	472.8	69.0	90.0	.0	
81.0	73.2	6.1	77.5	593.2	89.0	35.0	.0	
81.1	73.5	6.5	128.8	564.5	83.0	5.0	.0	
80.1	73.6	6.4	127.9	533.8	55.0	37.0	.0	
80.0	74.2	6.0	139.2	469.7	38.0	10.0	.0	
81.9	74.0	8.2	212.5	512.8	46.0	10.0	.0	
77.9	72.9	5.7	163.3	389.7	58.0	7.0	.0	
81.2	72.4	8.7	180.8	576.3	38.0	.0	.0	
78.3	74.0	6.8	197.9	462.0	66.0	15.0	.0	
80.1	74.4	8.5	264.2	389.9	73.0	8.0	.0	
79.6	71.8	7.2	199.2	560.2	50.0	42.0	.0	
79.2	71.5	7.4	133.8	487.1	72.0	1.0	.0	
78.2	72.9	6.5	145.4	349.8	80.0	.0	.0	
77.3	73.7	6.4	149.6	373.5	71.0	73.0	.0	
79.3	72.1	7.4	220.8	534.5	55.0	18.0	.0	
   8    31    1962
77.3	71.4	5.2	165.0	483.4	78.0	107.0	.0	
79.8	72.0	6.1	137.9	583.7	60.0	.0	.0	
80.1	72.6	8.1	214.2	447.4	53.0	3.0	.0	
80.8	71.5	7.8	245.8	545.2	71.0	.0	.0	
81.7	72.2	6.3	176.7	532.8	37.0	.0	.0	
83.3	72.3	4.9	140.4	602.3	27.0	.0	.0	
81.3	72.1	8.6	183.3	430.5	68.0	13.0	.0	
74.2	70.3	10.8	204.2	337.5	90.0	318.0	.0	
78.5	69.8	7.7	227.1	587.2	58.0	.0	.0	
81.1	63.2	9.5	156.3	651.7	28.0	.0	.0	
82.0	68.9	10.9	84.2	606.2	26.0	.0	.0	
78.5	64.6	8.4	89.2	600.0	11.0	.0	.0	
78.7	66.4	5.9	139.6	529.8	22.0	.0	.0	
80.7	66.8	7.5	160.8	612.7	26.0	.0	.0	
81.3	67.8	7.5	149.2	615.0	28.0	.0	.0	
80.8	69.9	7.0	199.6	558.3	25.0	.0	.0	
74.9	71.4	5.1	120.0	278.8	58.0	103.0	.0	
78.9	70.7	5.5	124.2	562.0	26.0	.0	.0	
79.6	71.2	5.6	95.4	516.7	35.0	.0	.0	
79.2	70.2	6.5	76.7	517.3	46.0	23.0	.0	
76.9	72.2	6.8	122.9	403.6	77.0	.0	.0	
76.4	71.6	6.9	110.8	379.2	82.0	5.0	.0	
77.1	71.4	7.6	80.0	457.0	75.0	2.0	.0	
76.4	70.8	11.1	68.3	447.4	74.0	3.0	.0	
75.8	71.1	10.5	61.7	379.3	72.0	18.0	.0	
77.8	71.6	10.4	54.2	411.2	58.0	.0	.0	
77.1	71.2	9.8	99.2	414.9	45.0	.0	.0	
79.0	72.2	6.5	149.6	467.1	30.0	.0	.0	
82.6	70.4	5.2	114.2	577.6	13.0	.0	.0	
82.9	70.3	5.8	147.9	552.6	30.0	.0	.0	
81.9	68.1	9.3	77.1	520.8	40.0	.0	.0	
   9    30    1962
81.5	72.7	7.3	110.8	423.4	54.0	15.0	.0	
80.6	73.8	7.2	111.3	447.1	54.0	.0	.0	
82.4	72.7	5.3	125.0	496.3	28.0	.0	.0	
83.3	73.6	5.8	140.0	502.1	53.0	.0	.0	
85.0	73.3	8.9	252.9	541.6	50.0	.0	.0	
82.8	72.8	6.6	185.8	491.0	69.0	.0	.0	
77.5	73.2	6.7	153.3	318.0	88.0	72.0	.0	
76.0	73.8	8.2	102.9	247.3	90.0	124.0	.0	
79.8	74.4	6.3	108.3	363.8	72.0	.0	.0	
81.4	74.8	4.9	116.7	448.2	48.0	9.0	.0	
81.4	75.4	6.2	123.3	421.4	52.0	10.0	.0	
82.8	75.3	6.4	108.3	456.2	64.0	4.0	.0	
81.8	73.8	6.4	117.5	540.9	59.0	3.0	.0	
78.4	72.6	6.6	125.4	460.8	65.0	4.0	.0	
80.1	70.8	6.5	108.8	479.1	33.0	.0	.0	
80.3	72.3	8.4	135.4	424.5	59.0	.0	.0	
77.2	72.5	6.3	155.8	288.4	73.0	23.0	.0	
78.4	72.6	6.4	216.3	274.8	93.0	.0	.0	
78.8	70.3	7.8	73.8	382.4	94.0	.0	.0	
76.4	61.7	10.8	52.5	409.4	61.0	.0	.0	
71.8	54.3	15.6	59.2	361.8	56.0	.0	.0	
68.8	62.9	14.0	48.3	229.7	91.0	12.0	.0	
70.2	65.9	13.8	59.6	233.3	98.0	284.0	.0	
73.2	65.5	12.5	68.3	275.7	97.0	2.0	.0	
75.8	68.8	9.9	121.3	393.2	73.0	.0	.0	
75.6	72.0	9.9	156.7	228.3	96.0	110.0	.0	
71.5	64.6	11.3	264.2	329.3	67.0	.0	.0	
63.3	54.3	6.2	45.0	244.6	76.0	.0	.0	
62.3	50.4	7.7	28.8	540.0	2.0	.0	.0	
71.0	62.7	9.1	63.3	394.0	65.0	.0	.0	
  10    31    1962
74.3	70.8	7.6	128.3	220.4	83.0	1.0	.0	
76.2	71.6	7.0	131.3	295.2	86.0	.0	.0	
76.6	71.6	5.2	172.1	326.4	75.0	.0	.0	
76.6	71.3	7.1	116.7	366.8	73.0	.0	.0	
73.8	62.4	8.9	62.5	510.1	2.0	.0	.0	
73.4	60.6	6.1	127.5	506.5	4.0	.0	.0	
74.6	65.2	6.0	185.8	500.9	7.0	.0	.0	
76.0	71.6	7.8	204.2	314.8	54.0	33.0	.0	
77.0	69.8	10.4	222.9	437.7	42.0	.0	.0	
72.7	59.2	7.9	43.8	500.3	6.0	.0	.0	
71.5	60.6	6.7	112.9	402.4	50.0	.0	.0	
75.5	65.5	6.7	75.8	378.3	48.0	.0	.0	
73.7	64.1	5.3	66.3	416.9	19.0	.0	.0	
75.2	64.5	6.9	55.8	458.4	11.0	.0	.0	
76.0	66.0	8.6	75.8	412.1	17.0	.0	.0	
74.6	64.9	8.3	49.2	398.1	20.0	.0	.0	
73.8	63.4	9.1	58.8	433.9	13.0	.0	.0	
73.3	64.5	10.2	22.1	370.3	64.0	.0	.0	
67.2	51.6	8.7	64.6	474.5	2.0	.0	.0	
66.5	52.3	5.7	154.6	450.7	2.0	.0	.0	
71.7	64.7	9.6	200.4	351.8	70.0	11.0	.0	
71.5	63.5	9.0	225.8	400.9	40.0	.0	.0	
65.6	52.5	10.8	128.8	463.8	2.0	.0	.0	
55.7	34.2	13.8	53.8	445.5	2.0	.0	.0	
51.5	35.0	8.4	140.8	438.7	2.0	.0	.0	
49.8	30.9	9.5	35.0	426.8	2.0	.0	.0	
50.7	31.5	8.4	58.3	462.1	2.0	.0	.0	
55.6	45.0	6.7	95.8	417.6	23.0	.0	.0	
61.8	53.0	5.9	69.6	389.3	48.0	.0	.0	
65.8	57.9	7.0	74.2	206.0	98.0	.0	.0	
63.9	50.3	13.1	69.6	377.9	28.0	.0	.0	
  11    30    1962
53.6	35.8	9.9	34.2	353.2	49.0	.0	.0	
54.7	37.6	7.3	92.5	371.9	53.0	.0	.0	
55.5	45.3	7.2	108.8	251.1	83.0	37.0	.0	
53.9	45.1	7.8	224.2	350.2	33.0	.0	.0	
52.0	38.7	11.2	210.0	422.2	2.0	.0	.0	
49.3	34.5	7.2	46.7	382.8	27.0	.0	.0	
61.6	49.8	9.9	87.1	272.4	84.0	.0	.0	
64.2	58.9	12.6	99.6	146.0	98.0	139.0	.0	
57.2	51.3	12.7	260.8	248.0	64.0	34.0	.0	
48.9	33.5	10.5	257.9	416.8	2.0	.0	.0	
52.5	41.4	3.5	72.9	380.4	2.0	.0	.0	
58.9	53.4	11.5	258.8	281.4	68.0	51.0	.0	
58.9	50.2	14.4	87.9	320.1	48.0	.0	.0	
51.5	38.5	8.2	33.3	361.7	7.0	.0	.0	
48.9	39.2	2.0	70.8	393.4	17.0	.0	.0	
56.5	51.3	5.3	101.7	274.6	79.0	.0	.0	
65.8	61.1	7.7	140.4	260.2	75.0	19.0	.0	
68.1	64.2	11.9	177.5	192.8	82.0	86.0	.0	
61.3	52.9	5.1	38.3	345.8	48.0	.0	.0	
64.6	62.4	8.4	127.1	179.8	93.0	.0	.0	
69.1	66.9	14.0	196.3	146.3	90.0	54.0	.0	
56.0	44.9	14.6	252.5	313.1	15.0	.0	.0	
49.6	32.8	8.3	58.8	374.5	2.0	.0	.0	
53.5	46.3	5.5	52.9	266.5	39.0	.0	.0	
58.5	49.6	8.2	96.7	285.2	55.0	.0	.0	
48.4	33.3	12.6	34.2	347.3	14.0	.0	.0	
50.6	37.7	10.9	60.4	356.6	19.0	.0	.0	
53.8	48.5	11.2	32.9	151.6	98.0	.0	.0	
54.7	53.6	8.9	31.7	111.0	98.0	140.0	.0	
54.6	53.5	10.0	30.8	124.2	98.0	182.0	.0	
  12    31    1962
57.2	51.4	10.4	12.9	313.2	38.0	.0	.0	
55.0	45.8	8.3	51.7	304.7	27.0	.0	.0	
52.9	40.6	4.5	90.0	316.1	21.0	.0	.0	
55.0	49.4	3.8	128.3	292.0	28.0	.0	.0	
49.9	47.3	8.0	157.1	130.1	75.0	14.0	.0	
38.9	24.8	11.6	230.4	343.7	2.0	.0	.0	
42.2	29.6	6.5	156.7	343.1	11.0	.0	.0	
50.3	47.6	8.1	180.8	135.5	66.0	20.0	.0	
41.8	24.5	11.9	303.8	327.2	2.0	.0	.0	
37.2	17.1	10.7	272.1	351.5	2.0	.0	.0	
43.4	36.1	10.3	136.7	224.2	58.0	28.0	.0	
27.9	10.0	18.8	54.6	315.2	29.0	.0	.0	
22.6	7.2	7.0	180.0	362.4	2.0	.0	.0	
34.1	19.5	6.1	200.4	316.6	4.0	.0	.0	
40.6	29.0	3.4	100.8	329.0	28.0	.0	.0	
51.9	47.7	2.5	77.1	180.2	82.0	.0	.0	
54.7	49.0	4.9	125.4	292.8	43.0	.0	.0	
52.2	45.8	2.0	75.0	308.4	37.0	.0	.0	
54.0	47.4	3.0	70.4	166.3	59.0	.0	.0	
60.6	53.0	5.9	125.8	193.8	80.0	.0	.0	
59.7	53.7	5.4	103.8	254.8	68.0	.0	.0	
61.5	58.7	4.3	154.6	157.2	90.0	5.0	.0	
57.4	47.5	7.8	56.3	217.5	65.0	.0	.0	
55.0	43.9	12.8	80.8	146.2	61.0	.0	.0	
62.0	59.8	7.0	131.7	156.9	86.0	41.0	.0	
53.5	52.5	8.4	26.3	104.5	98.0	125.0	.0	
57.7	55.2	6.0	35.0	155.8	98.0	.0	.0	
58.6	56.2	6.3	80.0	165.3	98.0	.0	.0	
62.7	59.2	13.1	223.8	104.7	96.0	11.0	.0	
50.7	35.5	11.5	58.3	278.3	58.0	.0	.0	
44.9	29.4	8.6	18.3	323.5	30.0	.0	.0	
