1 31 1994
36.8	12.7	19.3	247.8	62.9	70.4	.0	.0	
31.8	16.7	26.4	279.0	155.9	38.3	.0	.0	
35.0	18.2	26.5	289.0	127.9	52.5	.0	.0	
35.7	16.9	14.5	222.6	97.3	58.8	.0	.0	
37.5	18.6	23.5	264.2	130.1	63.3	.0	.0	
19.2	11.6	15.1	244.6	125.3	80.4	.0	10.0	
23.7	6.5	24.1	261.4	58.2	75.4	.0	.0	
32.8	12.0	11.6	212.2	65.5	83.3	.0	.0	
28.8	15.6	9.5	250.6	59.1	88.3	.0	.0	
28.7	11.7	14.0	273.4	170.2	12.1	.0	.0	
30.8	9.0	12.8	258.6	114.3	67.1	.0	.0	
28.9	12.9	14.0	265.8	137.0	31.7	.0	.0	
35.6	18.0	23.8	279.4	89.0	62.1	.0	.0	
39.7	20.8	23.6	269.4	175.1	35.0	.0	.0	
37.8	17.6	15.4	227.8	100.4	48.8	.0	.0	
28.2	18.2	17.7	298.6	156.9	62.5	.0	10.0	
16.4	8.2	10.1	153.4	63.7	96.2	.0	.0	
37.3	11.4	19.3	256.2	171.4	52.1	.0	.0	
39.3	9.5	16.5	267.8	178.1	17.5	.0	.0	
28.6	17.0	7.9	178.6	188.1	.0	.0	.0	
37.0	11.2	8.3	234.2	190.3	.0	.0	.0	
40.3	9.9	15.3	270.6	180.7	24.2	.0	.0	
39.4	7.0	9.5	220.2	190.1	15.8	.0	.0	
40.8	15.5	13.6	256.2	119.3	42.5	.0	.0	
34.4	18.8	10.7	183.0	69.9	82.1	.0	.0	
23.3	21.0	14.2	240.6	70.8	100.0	.0	70.0	
25.1	20.8	18.9	323.8	77.4	93.3	.0	30.0	
20.5	11.3	18.0	289.0	166.3	38.3	.0	.0	
19.2	13.4	14.9	301.0	77.0	85.8	.0	30.0	
7.8	1.5	14.9	315.4	119.1	61.7	.0	.0	
9.6	-1.8	17.4	281.4	214.9	36.2	.0	.0	
2 28 1994
18.1	4.7	22.8	277.8	204.0	25.4	.0	.0	
23.5	4.8	12.9	227.8	222.3	1.7	.0	.0	
25.4	4.5	13.8	252.2	125.6	61.2	.0	.0	
23.1	9.8	14.5	213.0	209.0	18.8	.0	.0	
28.1	7.2	24.2	251.4	231.9	.0	.0	.0	
31.1	10.4	19.2	217.4	205.0	49.2	.0	.0	
20.8	15.9	9.6	173.0	130.4	94.6	.0	.0	
2.7	-2.6	11.8	141.0	84.7	95.4	.0	10.0	
19.2	6.8	16.0	231.8	226.0	35.8	.0	.0	
29.6	17.0	12.9	201.8	87.2	87.9	.0	.0	
22.0	18.6	17.1	226.2	127.6	81.7	.0	140.0	
18.5	4.8	15.8	277.0	256.0	15.4	.0	.0	
32.7	6.3	18.0	251.8	248.1	22.9	.0	.0	
36.7	4.2	9.4	211.4	242.2	26.2	.0	.0	
34.3	11.1	9.9	209.8	265.0	19.2	.0	.0	
42.0	9.0	14.2	241.4	112.3	90.8	.0	.0	
38.3	16.6	7.7	199.8	153.6	64.2	.0	.0	
40.3	21.1	17.5	263.0	197.2	73.8	.0	.0	
29.0	17.4	11.7	253.8	99.4	95.0	.0	.0	
28.4	10.7	12.8	218.6	260.4	57.1	.0	.0	
22.8	21.7	9.0	160.2	102.4	99.6	.0	10.0	
19.0	16.0	10.4	211.8	109.6	92.9	.0	.0	
24.8	6.4	18.5	257.0	254.0	35.4	.0	.0	
26.6	12.1	25.5	259.8	197.0	76.7	.0	60.0	
9.7	3.9	12.3	191.0	163.0	71.2	.0	.0	
34.8	24.0	8.1	200.6	173.1	82.1	.0	.0	
40.5	27.5	7.6	211.8	122.4	98.3	3.9	.0	
32.7	29.7	11.8	289.8	122.5	83.3	3.9	.0	
3 31 1994
36.9	25.4	16.1	292.2	227.7	48.8	.0	.0	
44.2	26.2	11.8	268.2	331.3	10.4	.0	.0	
47.4	22.2	12.5	248.6	337.5	.0	.0	.0	
47.9	22.5	13.1	281.8	272.5	38.8	.0	.0	
45.0	27.7	9.0	223.4	252.2	63.8	19.7	.0	
37.4	30.6	7.3	125.8	123.0	97.9	3.9	.0	
27.5	26.0	10.3	135.4	124.7	93.8	.0	.0	
20.2	18.2	7.0	156.6	126.3	90.0	.0	30.0	
28.2	14.3	14.1	271.4	320.8	17.9	.0	.0	
42.6	14.1	15.2	259.8	297.1	41.7	.0	.0	
41.3	21.8	12.3	221.8	194.8	83.3	.0	.0	
34.2	26.0	10.7	289.4	230.4	66.2	.0	.0	
45.6	18.9	15.5	276.6	239.7	51.2	.0	.0	
49.9	19.6	18.2	248.6	293.6	49.2	.0	.0	
47.2	18.4	9.6	241.0	332.3	46.2	.0	.0	
54.4	15.1	13.1	233.8	139.8	85.8	.0	.0	
49.4	17.6	25.9	268.2	339.3	32.9	.0	.0	
49.0	19.8	14.8	218.6	251.2	48.8	.0	.0	
54.3	23.7	18.5	237.8	302.6	46.2	.0	.0	
36.1	15.3	18.0	265.8	365.3	44.2	.0	.0	
46.6	10.1	15.2	245.0	412.9	8.3	.0	.0	
46.9	16.2	9.4	201.4	276.4	36.2	.0	.0	
34.9	8.3	29.5	255.4	430.1	29.2	.0	.0	
29.2	15.6	12.0	174.6	187.8	91.2	.0	.0	
32.7	23.1	8.8	179.8	177.6	71.7	3.9	.0	
26.2	16.4	16.1	284.6	182.0	63.3	.0	.0	
19.2	11.3	18.0	311.0	309.9	50.8	.0	.0	
28.7	15.8	20.5	299.0	160.3	79.2	.0	.0	
24.0	15.2	12.6	272.6	318.5	43.8	.0	.0	
38.8	10.6	16.9	273.0	439.2	12.5	.0	.0	
44.6	11.3	10.4	256.6	472.7	.0	.0	.0	
4 30 1994
47.1	12.9	14.0	205.0	294.8	65.0	.0	.0	
38.9	28.1	11.3	251.8	366.9	62.5	.0	.0	
46.6	22.5	11.3	228.6	205.9	57.5	.0	.0	
34.9	23.3	22.2	297.0	264.5	87.1	.0	.0	
26.4	16.7	7.9	129.0	182.3	88.8	.0	.0	
37.1	21.7	9.3	214.6	203.3	77.5	.0	.0	
38.5	23.0	14.0	238.6	190.5	72.5	3.9	.0	
38.3	8.4	13.7	253.0	497.6	15.8	.0	.0	
33.5	27.4	12.0	139.8	180.4	93.3	15.7	.0	
28.7	27.2	13.3	116.6	182.0	100.0	.0	80.0	
31.8	24.4	11.7	232.2	216.4	74.6	.0	.0	
46.4	21.9	18.4	272.2	525.8	15.8	.0	.0	
53.4	22.7	18.4	260.6	360.7	29.6	.0	.0	
42.0	28.4	19.1	277.8	313.2	71.7	.0	10.0	
45.1	20.6	17.3	290.6	491.6	33.8	.0	.0	
55.7	22.2	12.0	211.4	536.1	12.1	.0	.0	
59.0	20.8	13.8	258.6	341.5	65.8	.0	.0	
59.3	28.6	13.4	194.2	366.6	55.4	.0	.0	
54.9	36.7	14.4	178.2	386.8	75.0	.0	.0	
56.7	38.7	9.8	205.0	295.0	68.8	.0	.0	
57.2	40.7	10.6	177.4	510.7	14.2	.0	.0	
58.1	42.5	13.6	166.6	465.7	49.6	.0	.0	
61.1	33.6	11.3	179.8	457.8	50.8	.0	.0	
59.6	28.0	13.8	223.4	346.9	63.8	.0	.0	
39.6	35.0	18.4	318.6	203.8	97.1	63.0	.0	
26.9	19.7	20.3	223.0	262.6	96.2	.0	.0	
22.9	19.3	13.2	121.0	206.4	100.0	.0	.0	
28.6	25.0	9.0	95.0	214.2	99.6	.0	50.0	
28.3	27.2	13.1	143.4	208.9	100.0	.0	.0	
39.2	28.6	10.1	196.6	543.0	54.2	.0	.0	
5 31 1994
46.6	29.0	9.5	250.6	303.8	79.6	.0	.0	
45.0	35.7	9.9	235.8	345.9	64.6	15.7	.0	
47.0	32.7	10.5	255.8	213.6	65.0	.0	.0	
51.5	34.4	10.2	199.8	543.0	21.7	.0	.0	
56.2	41.2	8.4	243.4	216.0	74.6	3.9	.0	
50.1	42.8	11.1	132.2	234.6	91.2	.0	.0	
55.2	43.0	12.8	171.0	494.4	73.3	19.7	.0	
48.5	38.8	16.7	288.6	310.4	69.6	.0	.0	
52.2	38.6	8.8	176.6	548.3	25.4	.0	.0	
56.2	39.3	8.3	188.6	626.1	6.2	.0	.0	
59.3	37.9	13.1	137.8	574.6	16.2	.0	.0	
59.4	42.3	15.8	165.8	543.0	32.5	.0	.0	
50.9	44.0	13.3	223.4	238.8	66.7	110.2	.0	
53.0	39.3	10.3	227.0	527.5	33.3	.0	.0	
58.8	38.5	9.8	174.2	254.0	59.6	.0	.0	
65.3	36.4	13.0	190.2	642.4	11.2	.0	.0	
64.5	35.0	12.0	168.6	286.0	60.8	.0	.0	
63.6	36.1	11.0	149.0	327.6	65.8	.0	.0	
63.5	45.0	14.6	161.4	492.7	61.7	.0	.0	
56.9	37.6	13.0	250.2	518.0	50.4	3.9	.0	
58.1	25.5	9.5	201.4	660.1	10.0	.0	.0	
64.0	36.6	10.7	174.6	546.6	23.8	.0	.0	
61.4	37.4	11.8	166.6	381.9	57.9	.0	.0	
54.5	42.6	9.3	190.2	475.5	27.9	.0	.0	
56.8	40.8	12.1	138.6	524.2	43.8	.0	.0	
52.5	42.7	13.4	153.0	359.2	67.9	.0	.0	
58.6	42.7	8.3	190.2	469.4	53.8	3.9	.0	
58.5	40.4	13.2	245.4	265.4	76.7	3.9	.0	
65.3	34.9	14.1	248.6	567.9	38.3	.0	.0	
69.5	32.8	11.6	233.4	662.9	10.4	.0	.0	
57.9	43.2	12.1	127.0	482.9	64.2	47.2	.0	
6 30 1994
63.3	43.2	12.4	250.6	594.2	35.0	.0	.0	
58.8	47.9	10.3	145.0	445.5	54.2	102.4	.0	
62.7	53.8	12.8	161.4	452.0	71.7	.0	.0	
69.7	38.0	12.9	233.8	626.1	27.9	.0	.0	
67.4	40.1	10.2	171.4	668.0	13.3	.0	.0	
68.9	40.5	11.0	185.8	563.9	36.7	.0	.0	
66.9	30.5	13.2	239.0	529.9	47.9	.0	.0	
59.0	31.0	12.3	216.2	651.2	31.2	.0	.0	
55.5	29.3	10.4	217.0	531.6	37.9	.0	.0	
61.3	27.1	10.3	255.4	675.6	12.9	.0	.0	
65.6	37.0	11.3	242.2	662.5	17.5	.0	.0	
69.8	38.1	13.1	242.6	312.0	61.7	.0	.0	
72.1	33.8	12.9	212.6	283.6	83.3	.0	.0	
71.4	31.3	12.1	246.6	407.5	65.4	.0	.0	
62.5	42.5	12.9	182.6	662.0	22.9	.0	.0	
59.7	48.6	13.5	173.0	540.7	47.1	.0	.0	
63.4	54.0	12.2	91.4	527.8	63.8	.0	.0	
67.9	57.5	13.7	166.2	473.5	85.8	.0	.0	
66.9	49.5	12.6	247.8	348.0	80.4	31.5	.0	
62.0	55.9	10.9	187.4	269.1	95.8	.0	.0	
64.1	57.0	9.3	187.4	394.6	88.3	7.9	.0	
61.8	52.8	13.8	266.6	304.6	83.3	.0	.0	
66.1	44.3	11.3	286.6	595.4	30.4	.0	.0	
72.1	33.7	12.9	274.6	688.6	17.5	.0	.0	
71.5	35.2	13.5	186.6	670.8	30.8	.0	.0	
77.0	32.6	13.5	214.2	693.8	.0	.0	.0	
74.4	19.4	18.9	255.0	685.0	18.8	.0	.0	
68.6	30.9	10.3	197.0	581.4	20.8	.0	.0	
71.9	37.6	11.4	208.2	502.9	37.5	.0	.0	
76.6	29.4	15.3	257.8	691.1	5.8	.0	.0	
7 31 1994
76.8	37.2	15.1	234.2	456.6	43.8	.0	.0	
66.9	46.9	10.0	190.6	247.5	85.0	3.9	.0	
66.4	45.1	13.3	191.4	485.9	59.6	.0	.0	
71.7	41.6	11.7	220.6	612.0	44.2	.0	.0	
71.2	41.3	9.4	167.0	625.1	25.8	.0	.0	
68.4	43.7	14.3	244.6	497.7	44.2	.0	.0	
53.6	37.1	15.4	211.0	380.3	58.8	.0	.0	
61.5	42.1	7.6	178.6	637.1	15.8	.0	.0	
71.5	39.0	9.1	187.8	650.9	9.6	.0	.0	
76.9	34.7	11.6	247.4	506.8	26.7	.0	.0	
66.5	45.3	13.7	201.8	463.4	45.8	51.2	.0	
68.9	41.9	13.6	169.8	516.9	40.4	.0	.0	
60.3	46.6	12.4	125.4	578.3	42.5	43.3	.0	
59.8	51.9	10.7	149.4	422.1	82.5	11.8	.0	
63.3	53.3	9.6	111.8	455.4	71.7	51.2	.0	
60.0	55.1	9.3	117.0	260.4	75.4	.0	.0	
67.3	51.1	9.5	164.2	604.6	32.9	.0	.0	
75.9	39.7	12.6	239.4	372.2	57.5	.0	.0	
67.3	45.2	16.4	133.0	598.6	41.2	.0	.0	
61.9	45.9	9.0	152.2	449.4	65.0	.0	.0	
65.7	37.7	9.2	215.8	662.6	.0	.0	.0	
73.0	39.3	8.5	143.0	657.7	5.0	.0	.0	
68.4	49.4	11.2	176.6	322.7	69.2	.0	.0	
69.2	53.1	12.6	195.0	586.1	66.2	39.4	.0	
68.1	53.4	12.4	201.8	596.8	31.7	.0	.0	
63.5	51.7	7.0	108.6	340.8	62.5	.0	.0	
67.7	47.9	9.4	166.6	625.3	27.9	.0	.0	
70.1	45.1	8.8	160.2	403.0	60.8	.0	.0	
69.7	46.5	9.7	171.0	440.8	61.7	3.9	.0	
72.9	43.5	9.7	177.8	477.6	39.6	.0	.0	
69.1	50.0	11.4	224.6	244.4	82.5	7.9	.0	
8 31 1994
64.9	53.2	11.2	218.2	326.3	62.9	63.0	.0	
63.1	54.7	8.7	192.2	451.0	60.4	27.6	.0	
66.4	51.8	13.0	223.4	553.6	28.8	.0	.0	
66.8	51.5	10.8	162.2	532.9	33.8	.0	.0	
68.5	51.7	13.8	186.2	453.3	48.8	3.9	.0	
76.7	38.4	10.5	247.4	530.8	20.6	.0	.0	
73.5	40.0	13.1	176.6	269.7	58.3	.0	.0	
68.3	52.5	9.9	171.0	255.5	75.0	.0	.0	
71.5	50.7	11.0	229.0	257.7	85.8	.0	.0	
71.8	52.8	14.1	182.6	523.6	46.2	.0	.0	
69.9	57.3	12.5	183.8	466.3	44.6	.0	.0	
72.3	51.9	12.4	253.0	455.7	55.4	.0	.0	
65.3	54.5	10.7	189.8	391.4	54.2	19.7	.0	
66.7	49.5	7.5	182.6	513.8	30.0	.0	.0	
70.3	44.7	8.6	185.0	586.6	19.2	.0	.0	
72.7	39.9	12.1	233.8	407.6	33.8	.0	.0	
72.2	44.3	9.5	191.0	581.3	7.5	.0	.0	
73.5	37.2	12.2	237.8	202.5	79.6	.0	.0	
64.8	47.0	10.4	208.2	298.5	72.1	.0	.0	
65.6	45.8	6.5	154.2	569.3	5.4	.0	.0	
69.2	44.3	8.5	209.4	403.2	32.1	.0	.0	
71.2	43.9	12.1	233.8	426.0	29.6	7.9	.0	
71.7	36.5	9.8	203.0	555.5	10.0	.0	.0	
74.2	38.3	7.0	179.4	440.9	40.8	.0	.0	
75.2	35.8	10.9	233.0	432.2	50.0	.0	.0	
75.8	38.2	8.8	193.4	529.7	7.5	.0	.0	
74.4	36.3	14.8	157.0	375.1	70.8	7.9	.0	
61.8	51.4	11.0	192.2	254.4	72.1	7.9	.0	
69.6	41.1	14.5	266.6	389.9	44.2	.0	.0	
62.6	38.7	11.3	163.8	376.1	48.3	.0	.0	
51.6	50.4	14.3	125.0	183.6	100.0	7.9	.0	
9 30 1994
55.9	51.1	9.7	159.0	243.5	87.1	3.9	.0	
64.4	46.1	9.2	157.4	486.2	41.7	.0	.0	
65.9	47.2	7.9	213.0	223.7	71.7	.0	.0	
69.1	33.0	15.0	276.2	505.4	1.2	.0	.0	
60.7	36.6	11.9	195.4	475.2	14.2	.0	.0	
66.2	30.6	10.0	218.2	395.1	40.8	.0	.0	
66.5	33.9	10.3	254.2	390.9	52.1	.0	.0	
69.3	29.6	7.6	191.4	358.6	40.8	.0	.0	
69.5	35.5	9.6	198.6	302.2	44.2	.0	.0	
68.9	32.8	8.8	241.8	316.5	61.7	.0	.0	
68.8	39.4	11.1	225.4	259.2	56.2	.0	.0	
68.8	42.8	7.5	202.2	287.6	59.6	3.9	.0	
65.0	46.4	12.8	226.6	203.4	80.0	19.7	.0	
59.6	37.2	14.6	258.2	287.0	75.0	.0	.0	
54.9	34.2	18.9	280.2	302.1	37.1	.0	.0	
55.0	32.5	8.7	185.0	408.8	13.3	.0	.0	
58.1	34.4	9.4	202.2	402.9	14.2	.0	.0	
64.3	29.8	11.2	251.4	309.4	48.8	.0	.0	
59.8	36.3	10.9	264.6	159.4	98.3	.0	.0	
59.0	37.8	7.9	205.4	250.3	92.9	.0	.0	
40.0	31.9	18.8	311.0	171.0	68.8	11.8	.0	
46.5	20.3	17.0	299.4	259.8	68.3	.0	.0	
56.7	28.1	16.5	271.8	407.4	17.5	.0	.0	
55.9	27.0	11.0	201.4	408.9	.0	.0	.0	
56.9	27.2	9.8	212.6	402.3	4.6	.0	.0	
63.3	19.4	13.4	299.4	367.6	26.7	.0	.0	
61.8	20.1	11.4	264.6	211.3	64.6	.0	.0	
66.7	19.9	10.3	243.0	389.7	.4	.0	.0	
68.3	27.0	13.2	237.8	199.7	67.5	.0	.0	
59.7	43.0	7.6	121.0	167.0	95.4	.0	.0	
10 31 1994
51.2	47.0	8.6	180.2	131.8	99.6	.0	.0	
51.8	39.8	11.5	197.8	193.3	87.5	11.8	.0	
46.2	46.2	13.9	121.8	127.9	99.6	43.3	.0	
48.7	48.7	12.7	135.8	126.2	100.0	.0	.0	
53.0	48.0	11.4	194.6	124.6	100.0	15.7	.0	
47.4	34.1	23.6	280.2	122.9	100.0	.0	.0	
45.0	31.2	14.6	264.2	178.6	85.8	3.9	.0	
45.4	28.3	12.1	280.6	341.9	3.8	.0	.0	
51.7	26.0	10.4	216.2	337.3	.0	.0	.0	
55.0	22.5	9.2	227.8	330.9	13.8	.0	.0	
57.1	23.9	10.2	199.4	325.7	18.8	.0	.0	
51.9	28.6	13.7	188.6	286.6	41.7	.0	.0	
43.6	37.6	11.9	167.8	111.6	86.7	.0	.0	
49.5	32.7	15.7	144.6	187.0	53.8	.0	.0	
41.1	38.5	14.1	210.2	108.5	89.6	39.4	.0	
39.3	34.9	10.2	240.2	143.4	79.6	7.9	.0	
37.0	30.6	9.8	251.0	106.9	95.8	23.6	.0	
44.8	32.1	15.8	273.8	153.5	83.3	.0	.0	
44.1	31.8	10.0	241.8	170.7	55.0	3.9	.0	
47.2	25.2	11.7	237.8	288.3	.0	.0	.0	
50.8	24.7	16.1	236.6	234.1	25.8	.0	.0	
40.4	28.9	7.9	131.8	271.5	25.8	.0	.0	
44.8	22.2	15.7	251.4	264.8	20.0	.0	.0	
36.5	23.5	9.1	198.2	255.6	12.5	.0	.0	
41.5	18.9	7.9	199.0	267.8	.0	.0	.0	
49.7	18.4	11.4	246.2	263.4	4.2	.0	.0	
56.4	24.2	18.2	234.6	123.4	90.8	.0	.0	
52.2	21.8	17.3	219.8	197.4	57.1	.0	.0	
37.9	23.6	9.6	186.2	161.8	58.8	.0	.0	
32.7	17.9	10.7	187.8	117.8	49.6	.0	.0	
43.5	7.7	16.0	252.2	218.2	53.8	.0	.0	
11 30 1994
53.8	16.2	14.1	219.8	84.8	97.9	.0	.0	
35.5	26.6	11.5	137.8	83.6	95.8	.0	.0	
25.3	24.4	9.8	133.8	82.4	100.0	.0	20.0	
27.9	20.0	10.2	194.6	214.1	34.2	.0	.0	
41.7	25.4	10.6	219.8	153.9	64.2	.0	.0	
44.2	32.7	7.3	203.0	155.6	44.2	.0	.0	
47.8	31.7	7.5	211.0	139.9	67.5	.0	.0	
29.5	28.4	9.9	96.6	76.8	100.0	.0	20.0	
30.9	29.0	12.3	187.8	171.9	60.4	.0	.0	
40.9	28.4	7.3	213.0	98.7	79.2	.0	.0	
47.7	25.8	11.6	206.6	73.7	91.7	.0	.0	
45.5	33.1	10.7	235.0	89.3	72.1	3.9	.0	
35.4	23.3	14.1	279.4	154.2	62.1	.0	.0	
25.1	15.1	10.4	243.4	201.7	26.7	.0	.0	
28.4	8.2	11.5	189.0	197.2	29.2	.0	.0	
37.8	14.5	9.2	212.2	69.5	88.8	.0	.0	
29.6	6.4	24.9	267.4	176.3	40.4	.0	.0	
20.4	11.4	10.0	139.8	139.9	68.3	.0	.0	
25.5	16.1	7.8	159.0	190.0	9.6	.0	.0	
34.2	16.2	21.0	279.8	187.4	17.1	.0	.0	
23.8	15.6	13.9	193.0	129.7	48.3	.0	.0	
23.7	-1.0	13.5	265.0	183.6	5.8	.0	.0	
40.1	-4.2	13.1	214.6	168.7	22.5	.0	.0	
41.7	3.8	14.8	249.8	95.9	59.6	.0	.0	
37.3	8.7	7.9	209.8	163.9	26.7	.0	.0	
31.1	10.9	16.7	260.6	106.3	57.5	.0	.0	
22.2	-.2	25.6	273.8	174.2	42.9	.0	.0	
21.4	.7	19.5	263.4	144.3	39.2	.0	.0	
24.7	4.4	19.8	254.6	88.6	56.7	.0	.0	
43.6	22.8	29.1	250.2	78.1	56.2	.0	.0	
12 31 1994
48.4	19.6	16.8	235.4	165.6	27.9	.0	.0	
43.0	11.4	15.1	266.2	136.1	28.3	.0	.0	
39.5	13.0	9.8	204.6	124.6	53.8	.0	.0	
35.7	18.0	12.8	213.0	74.3	88.3	.0	.0	
31.1	20.6	5.1	139.4	62.6	67.5	.0	.0	
28.7	25.0	5.4	177.0	57.0	76.7	.0	20.0	
30.4	20.7	13.9	203.4	99.7	61.2	.0	.0	
19.1	6.4	13.6	293.0	153.6	37.9	.0	.0	
22.0	-3.0	15.9	251.4	82.6	42.5	.0	.0	
20.6	4.1	10.5	205.8	157.8	20.8	.0	.0	
30.4	6.7	18.1	230.6	58.0	80.4	.0	.0	
27.8	8.5	12.2	230.6	122.8	35.9	.0	.0	
30.3	19.0	5.2	110.2	84.8	89.2	.0	30.0	
25.7	11.4	12.8	266.2	124.9	42.9	.0	.0	
27.7	7.3	17.8	258.6	84.0	65.0	.0	.0	
35.4	11.3	21.8	249.4	88.3	51.2	.0	.0	
41.2	19.1	14.0	237.4	62.1	63.8	.0	.0	
41.5	13.3	12.1	248.2	146.0	35.0	.0	.0	
33.6	13.5	30.2	276.2	108.8	36.2	.0	.0	
36.7	12.7	22.0	290.6	155.3	.0	.0	.0	
43.4	6.1	15.0	281.4	138.1	33.3	.0	.0	
39.0	8.3	10.4	205.0	155.4	10.4	.0	.0	
33.3	11.6	6.8	222.2	56.6	70.8	.0	.0	
37.6	17.9	8.9	227.4	78.3	62.5	.0	.0	
41.4	22.1	10.9	255.0	125.5	59.2	.0	.0	
39.4	21.6	9.7	259.8	155.3	34.6	.0	.0	
37.1	16.3	9.0	244.6	140.0	23.3	.0	.0	
33.2	19.3	7.7	199.8	132.2	38.3	.0	.0	
32.7	21.3	9.4	168.2	55.3	95.4	.0	10.0	
18.7	16.1	7.9	54.2	55.5	99.6	.0	60.0	
3.5	-.8	7.6	156.2	82.0	62.1	.0	.0	
