01	31	2017
39.8	37.6	7.5	137.6	137.7	14.0	3	0.0
37.2	33.5	9.0	166.7	97.0	15.6	0	0.0
37.3	32.5	4.3	128.3	224.8	95.8	0	0.0
43.0	28.9	5.3	143.8	211.3	74.0	0	0.0
46.8	38.4	14.6	198.5	136.8	9.6	14	0.0
36.0	23.2	7.9	222.1	228.1	82.8	0	0.0
34.7	25.8	3.1	108.3	95.5	43.8	0	0.0
45.9	30.9	3.8	127.1	230.5	100.0	0	0.0
48.3	37.8	8.9	177.6	107.4	51.4	7	0.0
46.2	31.6	8.6	175.8	198.4	81.2	0	0.0
45.8	30.5	8.3	177.1	214.9	68.8	0	0.0
42.2	36.9	7.0	143.6	103.8	20.5	0	0.0
43.3	33.1	7.1	135.0	97.0	20.8	0	0.0
43.6	38.4	5.9	150.6	161.9	34.0	12	0.0
40.2	37.5	5.2	206.4	127.2	21.0	10	0.0
40.6	35.0	3.2	123.5	172.7	41.7	0	0.0
38.6	31.7	3.5	120.3	160.2	50.5	0	0.0
39.2	29.5	5.0	133.8	243.0	94.8	0	0.0
37.2	33.0	7.5	173.9	87.4	21.4	9	0.0
35.7	33.1	9.7	170.8	99.8	8.8	34	55.9
33.8	30.0	12.8	227.4	177.6	39.1	14	31.0
35.1	29.4	8.3	147.3	97.2	15.6	0	0.0
36.6	33.6	13.8	211.0	92.9	8.8	24	1.7
30.7	26.2	6.0	176.4	137.2	17.6	2	5.4
26.5	19.6	2.8	73.1	194.4	67.2	0	0.0
26.7	13.4	6.5	238.3	266.7	96.9	0	0.0
27.2	10.0	10.2	161.7	269.4	100.0	0	0.0
31.9	13.1	5.3	267.1	272.2	100.0	0	0.0
37.1	19.3	4.9	132.1	275.0	100.0	0	0.0
40.0	22.7	5.0	198.8	277.9	100.0	0	0.0
42.6	23.5	4.6	132.5	280.9	100.0	0	0.0
02	28	2017
42.6	22.0	5.7	149.2	283.9	100.0	0	0.0
42.7	22.8	5.3	180.4	287.0	100.0	0	0.0
44.2	27.2	5.0	182.1	290.1	100.0	0	0.0
44.4	28.9	6.0	155.0	293.3	100.0	0	0.0
45.0	20.9	6.0	147.9	296.5	92.7	0	0.0
47.3	31.2	7.9	166.2	134.7	51.6	0	0.0
48.2	39.8	10.0	181.2	194.4	41.7	0	0.0
49.0	40.9	4.3	170.3	297.9	92.5	0	0.0
53.5	40.8	4.9	129.6	310.1	100.0	0	0.0
56.6	36.2	7.6	159.6	313.6	99.0	0	0.0
54.2	40.7	8.0	175.8	254.0	56.2	4	0.0
48.3	44.4	4.7	236.4	135.4	10.8	14	0.0
46.4	39.3	5.2	247.5	248.3	59.4	0	0.0
44.7	32.2	3.8	150.2	317.6	89.6	0	0.0
44.5	28.3	4.1	143.3	327.9	96.9	0	0.0
46.4	28.1	4.9	164.2	336.4	100.0	0	0.0
49.4	31.0	10.1	136.2	283.5	52.1	0	0.0
43.4	39.0	14.0	148.8	120.5	3.1	22	0.0
40.7	37.2	7.3	177.3	121.9	2.1	2	0.0
45.9	39.4	2.9	102.9	188.9	41.7	0	0.0
49.4	39.8	5.2	165.8	340.9	90.6	0	0.0
49.6	37.6	11.3	159.2	331.8	82.8	0	0.0
37.1	17.9	8.3	235.0	306.2	77.1	0	0.0
34.4	11.0	5.5	176.7	368.4	100.0	0	0.0
37.3	12.4	6.0	146.7	372.6	79.2	0	0.0
40.4	23.8	5.6	153.3	149.4	12.5	0	0.0
39.3	34.1	10.0	174.2	151.1	5.2	45	0.0
39.5	33.8	8.7	214.1	209.3	31.8	32	26.7
03	31	2017
38.7	22.0	5.1	175.8	389.2	100.0	0	0.0
40.4	17.2	4.2	146.2	393.4	100.0	0	0.0
44.0	22.6	6.6	184.6	397.6	100.0	0	0.0
48.8	24.9	9.1	178.3	401.8	100.0	0	0.0
49.0	25.4	15.9	173.8	403.6	97.9	0	0.0
41.8	15.5	6.0	201.2	410.3	84.4	0	0.0
45.0	14.7	4.2	120.8	414.7	100.0	0	0.0
52.0	24.2	4.9	160.4	419.1	100.0	0	0.0
55.2	29.0	5.9	160.8	423.4	100.0	0	0.0
56.2	27.0	6.2	154.2	427.8	100.0	0	0.0
57.8	28.6	6.7	172.1	432.2	100.0	0	0.0
57.9	29.4	5.9	210.0	436.6	100.0	0	0.0
59.2	26.3	4.9	170.0	440.9	100.0	0	0.0
60.2	26.9	5.2	147.5	445.3	100.0	0	0.0
58.5	26.2	7.0	167.9	449.6	100.0	0	0.0
58.5	30.9	6.6	166.7	454.0	100.0	0	0.0
59.0	33.1	6.9	164.2	458.3	100.0	0	0.0
59.1	30.5	6.1	140.4	462.6	100.0	0	0.0
60.3	29.4	8.1	172.1	466.9	100.0	0	0.0
63.0	30.0	8.5	139.6	458.7	94.8	0	0.0
61.0	30.1	9.0	195.0	475.4	100.0	0	0.0
53.6	37.7	10.6	163.4	425.9	62.0	26	0.0
42.9	34.3	11.6	222.1	296.9	34.4	13	0.0
49.5	29.2	4.5	146.2	488.1	100.0	0	0.0
50.2	30.1	9.7	197.1	432.7	83.3	0	0.0
50.2	27.7	6.1	180.0	496.4	100.0	0	0.0
50.8	31.6	11.5	203.3	350.2	42.2	1	0.0
47.8	28.5	11.3	296.7	423.2	76.0	0	0.0
53.2	23.4	8.8	274.6	508.7	100.0	0	0.0
54.0	25.4	14.5	201.9	510.0	74.5	0	0.0
38.1	26.6	7.3	179.8	242.0	27.1	9	0.0
04	30	2017
43.4	30.7	4.3	153.2	353.4	50.0	0	0.0
52.2	31.6	9.5	205.4	455.6	87.5	0	0.0
51.9	32.0	12.4	213.8	510.3	83.3	7	0.0
45.8	25.4	9.1	309.6	530.6	99.0	0	0.0
50.4	20.9	4.6	186.2	536.1	100.0	0	0.0
56.8	26.0	7.3	159.2	539.9	100.0	0	0.0
60.5	21.5	9.5	191.7	543.6	100.0	0	0.0
57.2	20.6	14.0	210.8	461.3	84.4	0	0.0
50.3	17.8	7.1	205.0	550.9	100.0	0	0.0
51.0	18.1	5.2	161.7	554.5	100.0	0	0.0
55.1	17.0	6.3	155.0	558.0	100.0	0	0.0
58.4	19.9	7.0	159.2	561.5	100.0	0	0.0
60.3	25.7	10.5	179.6	565.0	100.0	0	0.0
57.8	26.2	10.0	169.2	568.4	100.0	0	0.0
56.1	25.8	5.3	160.4	571.8	100.0	0	0.0
58.8	22.3	5.8	144.6	575.1	100.0	0	0.0
60.3	26.5	9.2	209.2	578.4	100.0	0	0.0
61.1	30.2	9.9	209.2	578.7	99.0	0	0.0
61.2	25.8	6.5	164.2	584.7	100.0	0	0.0
59.6	21.3	9.5	225.0	588.0	100.0	0	0.0
60.7	19.7	8.2	258.3	591.3	100.0	0	0.0
62.5	22.8	5.6	195.8	594.5	100.0	0	0.0
63.7	22.9	10.7	199.2	597.7	100.0	0	0.0
61.9	25.1	9.1	179.2	600.9	100.0	0	0.0
58.3	21.4	11.6	257.9	557.5	84.4	0	0.0
57.8	22.0	8.2	203.3	588.3	94.8	0	0.0
63.8	31.5	12.4	238.3	588.8	94.8	0	0.0
51.8	16.5	14.0	274.6	594.6	89.6	0	0.0
48.9	15.4	11.5	319.2	531.3	81.2	0	0.0
55.5	15.8	7.5	262.5	618.8	100.0	0	0.0
05	31	2017
60.5	20.5	8.2	191.7	621.5	100.0	0	0.0
64.4	27.0	8.0	227.9	621.7	99.0	0	0.0
66.8	29.8	5.5	160.8	627.0	100.0	0	0.0
68.0	27.8	6.7	170.0	629.6	100.0	0	0.0
71.6	27.5	7.8	179.2	609.0	93.8	0	0.0
67.4	28.6	14.5	166.7	602.9	88.5	0	0.0
51.3	33.3	12.5	157.5	385.3	58.0	0	0.0
53.9	31.9	6.7	122.7	495.6	47.9	0	0.0
45.5	41.1	7.2	161.7	278.1	34.4	25	0.0
49.3	38.0	7.0	220.8	365.0	58.3	0	0.0
61.0	41.3	5.9	152.5	611.5	89.6	0	0.0
66.2	39.2	7.8	163.3	615.0	91.7	0	0.0
63.6	30.3	10.8	171.2	651.1	100.0	0	0.0
60.2	25.8	11.3	172.5	653.2	100.0	0	0.0
57.1	24.8	12.9	186.7	599.6	83.3	0	0.0
52.5	22.5	9.0	203.3	569.7	82.3	0	0.0
54.9	34.0	12.7	217.9	538.8	60.4	0	0.0
50.3	27.0	10.4	315.2	627.6	77.1	0	0.0
53.5	25.3	8.0	219.5	552.7	98.8	0	0.0
59.9	26.0	5.4	202.7	664.8	100.0	0	0.0
66.3	23.3	4.5	155.0	629.0	89.6	0	0.0
69.3	27.7	7.5	227.9	606.9	88.5	0	0.0
70.2	23.9	5.6	160.8	669.8	100.0	0	0.0
73.0	23.1	10.0	156.2	671.4	100.0	0	0.0
71.4	16.8	11.1	187.5	672.9	100.0	0	0.0
65.2	23.2	10.0	177.5	674.4	100.0	0	0.0
66.3	26.3	6.2	188.8	673.1	99.0	0	0.0
68.3	25.0	6.2	177.5	673.8	99.0	0	0.0
70.8	21.2	6.2	167.5	678.5	100.0	0	0.0
70.7	31.3	8.5	173.3	625.2	87.7	5	0.0
68.3	40.3	5.8	131.3	568.0	82.5	8	0.0
06	30	2017
69.7	31.8	7.5	174.6	672.2	90.6	0	0.0
71.7	30.3	6.5	167.1	628.5	88.5	0	0.0
76.2	29.7	6.5	150.8	670.8	97.9	0	0.0
77.2	32.4	7.3	157.9	678.4	96.9	0	0.0
76.5	36.2	7.8	202.1	647.3	91.7	0	0.0
77.1	36.6	7.7	137.9	677.2	96.9	0	0.0
76.0	31.5	9.6	193.3	687.9	100.0	0	0.0
72.9	23.5	8.8	187.9	688.7	100.0	0	0.0
73.8	31.5	11.5	194.6	689.5	100.0	0	0.0
71.9	29.2	11.3	170.8	690.1	100.0	0	0.0
70.2	37.4	12.9	187.1	690.8	100.0	0	0.0
64.0	21.9	12.5	193.8	691.4	100.0	0	0.0
63.6	7.2	6.1	164.8	691.9	100.0	0	0.0
69.7	12.3	6.1	157.5	692.4	100.0	0	0.0
74.0	9.3	6.6	165.8	692.8	100.0	0	0.0
77.1	12.4	6.8	149.2	693.2	100.0	0	0.0
79.0	19.5	7.8	184.6	693.5	100.0	0	0.0
83.4	24.4	7.3	157.9	693.8	100.0	0	0.0
86.1	32.4	6.6	166.5	694.0	100.0	0	0.0
85.6	32.2	6.4	165.4	694.2	100.0	0	0.0
86.6	27.7	8.0	193.3	694.3	100.0	0	0.0
86.1	30.3	10.5	206.7	694.4	100.0	0	0.0
86.0	34.4	8.4	196.2	694.4	100.0	0	0.0
84.5	33.5	6.6	181.2	684.0	94.8	0	0.0
85.8	38.3	10.3	158.3	663.2	91.7	0	0.0
82.2	34.2	9.9	207.1	694.2	100.0	0	0.0
80.2	14.4	12.1	215.0	694.0	100.0	0	0.0
78.0	24.0	9.2	188.3	693.8	100.0	0	0.0
77.2	25.9	8.5	199.2	693.5	100.0	0	0.0
78.8	27.0	6.7	144.6	693.1	100.0	0	0.0
07	31	2017
80.5	25.1	7.0	153.3	692.8	100.0	0	0.0
79.3	24.3	9.9	189.6	692.3	100.0	0	0.0
79.8	41.6	7.3	175.0	690.1	85.4	0	0.0
80.6	29.5	7.5	175.8	691.3	100.0	0	0.0
83.9	24.7	7.0	149.6	690.7	100.0	0	0.0
83.0	36.4	5.3	161.7	690.1	97.6	0	0.0
83.3	40.5	7.4	162.3	641.7	91.7	1	0.0
80.4	47.8	7.0	168.4	617.5	70.8	1	0.0
79.5	53.2	8.0	201.7	653.2	66.8	15	0.0
76.7	55.2	7.3	218.4	599.5	67.7	0	0.0
76.0	57.5	7.7	175.2	625.0	76.0	0	0.0
73.1	57.0	5.1	181.5	512.2	75.7	50	0.0
78.8	53.4	6.0	130.8	633.4	81.8	0	0.0
79.0	53.6	6.0	109.6	609.8	85.2	1	0.0
77.0	56.3	5.7	160.1	578.6	77.1	42	0.0
74.9	58.1	5.8	126.2	603.4	82.3	1	0.0
73.0	60.4	4.6	166.2	588.4	78.1	2	0.0
73.0	62.9	5.9	140.5	523.3	45.5	20	0.0
69.9	63.3	4.9	160.5	500.6	69.4	72	0.0
70.0	60.3	4.8	139.4	507.3	71.3	0	0.0
72.0	60.2	4.3	112.3	553.5	61.5	1	0.0
73.9	61.1	6.3	128.5	572.2	62.9	27	0.0
72.4	63.3	5.4	147.5	612.9	55.2	1	0.0
70.8	64.8	6.6	145.8	369.3	30.2	1	0.0
70.2	63.5	6.8	158.1	321.6	44.8	2	0.0
74.7	59.6	4.8	153.8	542.0	76.0	0	0.0
76.1	59.8	4.8	130.1	493.3	62.3	0	0.0
72.2	62.0	5.7	146.7	529.0	39.2	51	0.0
70.8	63.1	5.5	181.0	594.8	62.3	46	0.0
71.8	62.1	5.7	149.0	360.8	21.5	3	0.0
75.2	61.2	4.6	162.9	577.8	52.4	0	0.0
08	31	2017
74.4	62.1	7.2	142.2	560.2	54.7	31	0.0
74.4	60.6	5.9	119.6	593.5	80.2	0	0.0
71.8	62.7	3.9	114.8	475.0	57.8	13	0.0
73.2	59.9	5.4	127.5	571.7	68.9	0	0.0
72.9	60.5	6.5	153.9	543.4	56.2	29	0.0
73.0	52.3	5.9	172.1	512.6	78.1	0	0.0
74.2	48.0	5.0	121.2	498.5	71.9	0	0.0
74.0	44.2	6.2	172.1	635.3	97.9	0	0.0
76.3	44.9	6.4	170.4	599.8	91.7	0	0.0
75.8	54.3	6.3	172.0	535.1	66.9	28	0.0
74.2	58.2	4.4	117.5	554.6	76.0	0	0.0
71.6	61.0	5.8	151.2	462.5	48.2	39	0.0
73.1	60.9	5.8	145.4	503.8	74.0	0	0.0
73.2	53.3	8.6	180.4	532.2	76.0	5	0.0
67.9	34.3	7.6	174.6	622.2	100.0	0	0.0
69.5	39.0	8.2	151.2	619.5	100.0	0	0.0
71.3	40.8	4.9	107.5	616.6	100.0	0	0.0
73.0	36.4	4.9	113.3	613.8	100.0	0	0.0
74.0	42.8	7.5	193.3	563.1	88.5	0	0.0
71.5	51.4	5.7	165.4	513.3	66.0	0	0.0
69.7	53.1	6.6	191.9	444.6	56.8	0	0.0
72.6	48.3	5.3	175.8	513.5	71.9	0	0.0
75.7	48.6	6.2	183.3	467.6	67.7	0	0.0
73.0	53.2	9.1	161.0	541.7	54.7	3	0.0
75.5	49.8	4.0	115.8	537.0	81.2	0	0.0
76.3	48.7	5.2	135.8	580.3	94.8	0	0.0
76.3	50.2	6.0	141.9	551.7	84.9	2	0.0
75.3	49.5	4.8	129.6	544.4	89.4	0	0.0
75.5	48.3	6.2	157.7	536.8	84.9	0	0.0
75.2	49.7	5.4	141.9	538.7	83.0	7	0.0
76.1	49.8	5.3	121.2	543.6	77.1	0	0.0
09	30	2017
76.2	44.8	4.4	127.9	557.5	95.8	0	0.0
75.9	46.6	5.7	152.5	566.2	99.0	0	0.0
76.7	47.9	6.0	147.1	558.0	97.9	0	0.0
77.1	49.3	7.4	181.0	541.2	85.1	0	0.0
75.8	48.7	6.1	149.8	538.7	79.2	5	0.0
72.9	51.0	6.9	165.4	484.0	84.9	5	0.0
72.3	47.6	6.0	145.3	536.6	89.1	0	0.0
70.5	52.1	5.1	181.7	467.5	64.9	1	0.0
65.5	56.8	4.5	206.4	358.4	40.6	26	0.0
67.9	56.4	4.0	141.0	462.6	82.6	9	0.0
73.1	51.7	5.9	182.9	495.7	89.6	0	0.0
73.0	52.2	6.1	217.9	478.1	77.1	1	0.0
71.3	52.8	6.8	166.3	403.5	75.4	2	0.0
68.2	43.5	11.2	174.6	364.9	68.8	0	0.0
65.3	39.5	7.9	169.6	506.5	92.7	0	0.0
64.7	37.3	6.2	157.1	515.3	100.0	0	0.0
64.8	33.4	8.0	157.1	511.4	100.0	0	0.0
63.8	31.0	6.9	156.2	507.4	100.0	0	0.0
66.3	30.5	9.5	175.8	503.4	100.0	0	0.0
67.0	35.6	10.4	160.4	499.3	100.0	0	0.0
65.9	38.4	11.3	186.2	495.3	100.0	0	0.0
59.7	31.0	10.9	171.7	470.5	93.8	0	0.0
53.7	22.4	7.8	200.4	487.1	100.0	0	0.0
51.8	18.4	5.0	152.1	482.9	100.0	0	0.0
55.5	19.3	5.5	151.2	478.8	100.0	0	0.0
56.6	21.2	3.8	113.3	474.6	100.0	0	0.0
59.4	26.5	4.9	146.0	423.1	87.0	0	0.0
59.5	33.3	4.9	167.9	464.8	99.0	0	0.0
63.0	34.6	7.3	192.1	451.5	96.9	0	0.0
64.7	28.5	9.2	182.9	457.6	100.0	0	0.0
10	31	2017
64.1	29.6	9.9	177.9	453.4	100.0	0	0.0
61.4	35.4	8.6	169.2	445.4	96.9	0	0.0
61.6	28.1	10.4	155.8	444.8	100.0	0	0.0
66.8	32.5	7.7	177.9	440.5	100.0	0	0.0
65.4	29.7	7.2	185.4	436.2	100.0	0	0.0
60.2	18.1	8.7	235.0	431.9	100.0	0	0.0
59.0	15.3	5.5	179.6	427.6	100.0	0	0.0
62.5	17.6	9.3	177.1	423.3	100.0	0	0.0
54.2	13.8	9.3	200.0	418.9	100.0	0	0.0
53.5	18.7	5.4	163.3	414.6	100.0	0	0.0
61.1	28.6	7.1	195.8	409.8	97.9	0	0.0
61.0	25.3	8.6	171.7	406.2	100.0	0	0.0
60.2	30.2	7.1	120.0	402.1	100.0	0	0.0
58.8	19.6	4.6	216.7	397.9	100.0	0	0.0
56.5	13.0	5.2	255.8	393.8	100.0	0	0.0
60.8	23.1	4.7	142.2	358.4	100.0	0	0.0
63.2	29.3	4.4	133.3	385.5	100.0	0	0.0
64.0	32.8	5.7	182.9	369.5	89.6	0	0.0
64.4	33.8	7.3	145.8	357.8	78.1	0	0.0
60.9	35.8	10.9	183.8	373.2	94.8	0	0.0
54.0	21.4	6.3	217.5	369.1	100.0	0	0.0
56.5	17.5	4.2	159.2	365.0	100.0	0	0.0
61.2	23.8	5.7	221.2	361.0	100.0	0	0.0
60.5	25.7	4.2	147.5	357.0	100.0	0	0.0
58.9	23.2	4.8	151.2	353.0	100.0	0	0.0
59.3	22.0	6.2	191.1	349.0	100.0	0	0.0
57.6	20.6	5.5	175.8	345.1	100.0	0	0.0
57.8	22.7	5.1	181.7	341.2	100.0	0	0.0
58.2	25.0	5.1	152.1	337.3	100.0	0	0.0
57.1	28.5	6.2	151.7	332.5	97.9	0	0.0
55.4	35.1	7.5	162.7	328.6	99.0	0	0.0
11	30	2017
53.6	37.6	6.5	179.2	312.7	91.7	0	0.0
53.4	41.0	5.9	139.6	296.5	89.6	0	0.0
55.2	41.5	7.7	147.8	316.8	97.2	0	0.0
58.3	35.1	9.2	157.1	314.9	91.7	0	0.0
53.0	39.5	7.7	171.7	296.4	94.8	0	0.0
53.3	38.0	7.2	189.2	289.9	82.3	0	0.0
54.5	41.0	6.0	172.5	273.6	74.0	0	0.0
51.9	38.7	3.9	103.3	299.0	99.0	0	0.0
54.7	35.8	6.0	181.7	297.5	96.9	0	0.0
53.5	26.0	7.6	171.7	294.3	100.0	0	0.0
54.0	23.0	4.5	130.4	291.1	100.0	0	0.0
52.1	17.8	4.0	176.2	288.0	95.8	0	0.0
57.2	16.8	5.3	135.0	284.9	100.0	0	0.0
54.2	19.6	6.8	190.4	281.9	100.0	0	0.0
51.8	20.0	4.5	121.2	278.9	97.9	0	0.0
56.4	24.7	4.2	156.2	196.6	77.1	0	0.0
55.5	35.6	8.3	167.1	191.6	60.4	0	0.0
43.7	16.9	3.2	187.1	270.4	100.0	0	0.0
40.5	8.3	4.0	129.2	267.7	100.0	0	0.0
47.0	14.1	2.8	108.3	265.1	100.0	0	0.0
53.8	20.7	4.2	175.4	262.5	100.0	0	0.0
54.1	28.3	4.0	137.9	260.0	100.0	0	0.0
54.7	28.7	4.7	173.8	257.6	100.0	0	0.0
56.1	25.2	6.1	172.5	255.2	100.0	0	0.0
56.3	24.6	4.8	171.7	252.9	100.0	0	0.0
57.7	23.2	5.5	135.0	250.7	100.0	0	0.0
54.0	22.7	13.0	210.8	248.5	99.0	0	0.0
45.2	25.6	4.4	163.3	246.4	100.0	0	0.0
50.5	24.3	3.4	141.2	129.6	40.6	0	0.0
53.8	29.2	3.5	132.1	139.6	21.9	0	0.0
12	31	2017
54.9	32.6	4.3	137.5	184.9	51.0	0	0.0
50.0	30.8	4.3	117.1	225.6	89.6	0	0.0
52.1	33.4	10.0	186.2	237.2	100.0	0	0.0
42.8	9.2	7.2	220.8	235.5	100.0	0	0.0
38.2	12.0	5.0	141.7	228.0	86.5	0	0.0
39.1	5.1	5.0	182.1	232.5	100.0	0	0.0
37.5	1.0	8.6	190.8	231.1	100.0	0	0.0
40.7	8.4	5.5	262.5	229.8	100.0	0	0.0
39.9	5.9	4.7	174.2	228.6	100.0	0	0.0
40.3	4.5	3.0	124.2	227.5	100.0	0	0.0
37.8	1.9	4.9	218.8	226.4	100.0	0	0.0
41.5	0.6	4.8	164.2	225.4	100.0	0	0.0
41.3	3.2	4.5	141.7	224.5	100.0	0	0.0
41.4	11.0	9.2	177.1	223.7	100.0	0	0.0
39.8	3.1	4.8	143.3	223.0	100.0	0	0.0
39.4	7.4	5.5	144.6	222.3	100.0	0	0.0
37.2	20.3	3.9	195.0	168.6	63.5	0	0.0
38.6	16.0	5.1	193.8	221.3	100.0	0	0.0
38.4	14.2	4.0	151.2	220.9	100.0	0	0.0
42.0	19.9	12.0	190.8	220.6	100.0	0	0.0
30.2	14.5	11.9	296.0	172.3	61.5	0	0.0
31.2	7.6	4.2	196.2	220.2	100.0	0	0.0
37.9	6.5	3.8	125.4	220.1	100.0	0	0.0
45.9	5.6	3.1	83.8	220.2	100.0	0	0.0
47.6	2.4	5.1	152.9	220.3	93.8	0	0.0
43.9	7.9	4.2	156.2	220.4	100.0	0	0.0
44.5	8.5	5.6	146.7	220.7	100.0	0	0.0
45.5	3.2	5.7	209.2	221.1	100.0	0	0.0
46.8	3.3	5.0	132.5	221.5	100.0	0	0.0
46.6	2.9	5.2	133.8	222.1	100.0	0	0.0
43.1	6.8	4.6	108.3	222.7	100.0	0	0.0
