01	31	2006
58.2	24.3	4.7	118.3	249.3	99.0	0	0.0
63.5	24.3	7.9	168.3	250.1	100.0	0	0.0
58.1	32.4	3.9	186.0	250.9	100.0	0	0.0
52.2	25.6	4.8	161.9	251.8	100.0	0	0.0
56.8	15.9	8.7	124.6	252.8	100.0	0	0.0
64.3	11.5	16.2	111.9	253.9	100.0	0	0.0
62.9	11.9	8.7	188.8	255.1	100.0	0	0.0
55.3	11.3	4.5	179.6	256.4	100.0	0	0.0
51.6	9.9	5.2	183.5	257.7	100.0	0	0.0
55.0	6.0	6.6	168.1	259.1	100.0	0	0.0
53.3	6.0	7.0	187.1	260.6	100.0	0	0.0
52.2	7.1	5.5	126.9	262.2	100.0	0	0.0
59.1	11.5	10.1	116.0	263.8	100.0	0	0.0
64.4	12.0	7.0	181.5	265.6	92.2	0	0.0
54.9	22.0	8.2	259.4	265.7	84.4	0	0.0
44.8	18.4	8.7	273.5	269.2	85.4	0	0.0
43.2	7.3	5.3	169.8	271.2	100.0	0	0.0
49.6	1.8	6.2	174.0	273.2	100.0	0	0.0
50.4	16.8	7.7	204.8	275.3	100.0	0	0.0
44.1	14.0	4.4	186.0	277.5	100.0	0	0.0
46.0	7.4	5.7	188.1	279.8	100.0	0	0.0
46.2	7.0	7.2	183.5	282.1	100.0	0	0.0
53.1	13.5	10.2	123.5	284.4	100.0	0	0.0
62.8	22.6	17.5	109.0	286.9	99.0	0	0.0
58.7	19.6	9.6	184.0	281.8	72.4	0	0.0
48.4	16.7	4.2	138.3	292.0	100.0	0	0.0
50.5	12.0	7.9	194.4	294.6	100.0	0	0.0
47.1	16.8	4.8	135.8	297.4	100.0	0	0.0
50.2	14.8	6.4	203.3	300.2	100.0	0	0.0
54.4	21.1	4.9	136.7	303.1	100.0	0	0.0
54.9	24.1	9.1	211.7	305.7	97.4	0	0.0
02	28	2006
52.8	25.5	5.9	156.2	309.2	100.0	0	0.0
55.0	20.9	7.4	212.3	312.3	100.0	0	0.0
56.4	22.2	5.3	180.8	315.5	100.0	0	0.0
59.5	17.6	6.5	178.1	318.7	100.0	0	0.0
58.9	15.2	6.5	192.1	322.0	100.0	0	0.0
56.0	4.0	10.1	107.0	325.3	100.0	0	0.0
61.1	0.0	16.3	114.2	328.7	100.0	0	0.0
67.0	0.1	10.3	106.5	332.2	100.0	0	0.0
61.7	23.8	10.3	164.6	289.8	72.9	0	0.0
55.6	34.0	6.2	193.8	339.2	100.0	0	0.0
56.1	17.1	4.3	169.6	342.7	100.0	0	0.0
60.9	7.1	9.9	91.0	346.4	100.0	0	0.0
58.0	6.2	4.7	174.2	350.0	100.0	0	0.0
62.1	3.5	8.3	193.5	353.7	100.0	0	0.0
64.7	10.6	11.2	158.1	357.4	100.0	0	0.0
57.2	25.6	4.4	236.7	361.2	100.0	0	0.0
56.1	32.0	7.0	139.8	342.7	68.8	0	0.0
58.5	34.9	4.8	192.3	368.8	92.7	0	0.0
52.5	23.6	4.7	184.0	372.6	100.0	0	0.0
49.9	19.5	5.9	161.2	376.5	100.0	0	0.0
51.2	19.4	5.8	188.8	380.4	100.0	0	0.0
49.5	16.4	3.7	124.4	384.4	99.0	0	0.0
54.4	13.2	4.7	145.0	388.3	100.0	0	0.0
56.0	12.8	6.7	195.8	392.2	100.0	0	0.0
57.0	8.3	4.8	166.2	396.2	100.0	0	0.0
64.4	5.7	6.5	195.6	400.2	100.0	0	0.0
62.6	7.5	5.7	155.2	404.2	100.0	0	0.0
67.4	22.5	8.0	211.2	408.2	100.0	0	0.0
03	31	2006
61.6	40.5	4.7	120.2	280.3	62.0	0	0.0
60.4	26.2	5.3	161.0	416.3	100.0	0	0.0
61.5	15.8	7.3	161.0	420.3	100.0	0	0.0
57.1	11.1	5.8	188.1	424.3	100.0	0	0.0
60.0	1.7	6.5	159.6	428.4	100.0	0	0.0
63.5	4.5	8.3	221.0	432.4	100.0	0	0.0
63.6	20.0	6.3	179.2	436.0	92.7	0	0.0
53.8	26.0	8.7	256.9	359.1	66.7	0	0.0
53.6	17.5	9.1	193.8	444.5	100.0	0	0.0
55.0	29.1	15.3	215.2	346.5	78.1	0	0.0
50.3	36.7	16.0	197.9	391.5	42.2	4	0.0
45.6	23.9	8.8	259.1	448.6	73.3	17	0.0
46.6	22.0	4.2	119.4	461.0	100.0	0	0.0
56.6	27.0	5.4	167.1	465.1	99.5	0	0.0
62.3	30.1	5.9	211.7	469.2	92.2	0	0.0
61.6	28.2	6.7	178.3	473.3	100.0	0	0.0
62.4	24.6	7.4	163.5	477.4	100.0	0	0.0
58.4	22.6	10.0	197.7	469.4	90.6	0	0.0
44.1	29.9	8.5	173.6	315.5	61.1	11	0.0
48.6	30.8	6.5	173.5	416.6	63.0	0	0.0
52.9	31.5	9.7	209.2	480.0	79.2	0	0.0
52.4	26.9	6.3	281.9	497.5	92.7	0	0.0
61.1	19.5	9.8	86.7	501.5	100.0	0	0.0
66.4	16.8	9.3	140.6	505.4	100.0	0	0.0
66.7	16.2	6.9	173.3	509.3	100.0	0	0.0
66.7	20.4	5.0	135.4	513.2	99.5	0	0.0
69.7	23.2	5.0	159.6	517.0	76.0	0	0.0
65.7	32.1	7.8	126.5	479.7	67.7	1	0.0
64.9	29.2	11.8	197.3	520.5	95.8	0	0.0
61.2	39.7	3.6	156.9	528.4	100.0	0	0.0
66.4	29.5	8.0	178.1	532.1	97.9	0	0.0
04	30	2006
64.8	30.2	7.3	265.8	535.0	85.4	0	0.0
64.5	21.8	5.3	161.0	539.4	100.0	0	0.0
71.9	22.1	5.4	194.4	543.0	100.0	0	0.0
70.5	29.5	5.8	167.5	544.6	87.0	0	0.0
66.5	32.9	12.3	238.5	444.2	64.6	0	0.0
57.1	20.3	6.1	224.4	553.6	100.0	0	0.0
62.7	15.1	5.7	191.9	557.0	100.0	0	0.0
69.8	11.1	6.8	217.7	560.4	100.0	0	0.0
71.8	12.7	7.6	186.5	563.8	100.0	0	0.0
71.5	25.4	9.1	196.0	525.9	82.8	0	0.0
68.0	27.1	4.9	200.2	570.4	100.0	0	0.0
74.0	16.9	7.3	199.2	573.6	100.0	0	0.0
75.0	18.1	6.7	195.6	576.8	100.0	0	0.0
77.7	28.2	13.4	188.3	579.9	96.9	0	0.0
65.3	33.8	6.6	204.8	583.0	100.0	0	0.0
69.1	26.5	6.9	173.8	586.1	100.0	0	0.0
70.1	23.8	7.5	231.9	589.1	100.0	0	0.0
67.3	20.5	6.3	246.0	592.2	100.0	0	0.0
69.6	16.7	6.5	169.2	595.1	100.0	0	0.0
70.2	12.2	5.7	196.2	598.1	100.0	0	0.0
75.3	9.6	7.1	180.8	601.0	100.0	0	0.0
77.6	18.0	11.2	195.0	603.8	100.0	0	0.0
69.7	20.6	9.3	197.1	606.6	100.0	0	0.0
64.5	22.0	5.3	176.0	609.3	100.0	0	0.0
69.6	17.0	4.7	162.7	612.0	100.0	0	0.0
72.3	15.9	7.9	177.9	614.7	100.0	0	0.0
61.9	31.8	9.9	211.4	600.9	85.6	0	0.0
61.0	33.8	6.2	212.5	613.9	89.6	0	0.0
69.8	32.9	5.4	192.9	622.5	100.0	0	0.0
75.8	29.5	5.9	191.2	625.1	100.0	0	0.0
05	31	2006
79.6	25.4	6.1	171.7	627.6	100.0	0	0.0
79.8	21.0	6.7	176.7	630.1	100.0	0	0.0
77.7	22.2	8.8	177.5	632.5	100.0	0	0.0
77.1	23.5	10.3	187.3	634.9	100.0	0	0.0
71.8	22.4	9.0	214.4	637.2	100.0	0	0.0
73.4	23.4	6.8	224.8	639.5	100.0	0	0.0
74.7	24.1	6.0	176.9	641.7	100.0	0	0.0
76.9	27.5	5.8	159.2	643.9	100.0	0	0.0
79.2	19.6	7.1	197.9	646.0	100.0	0	0.0
80.3	20.9	6.8	204.4	648.1	100.0	0	0.0
82.1	19.6	7.3	207.7	650.1	100.0	0	0.0
82.9	18.9	7.4	181.5	652.1	100.0	0	0.0
82.8	25.7	6.0	122.7	654.0	100.0	0	0.0
84.4	25.2	6.1	212.3	655.9	100.0	0	0.0
84.0	24.4	8.2	146.9	657.7	100.0	0	0.0
83.6	37.7	12.8	129.3	659.5	100.0	0	0.0
83.0	42.5	10.3	134.2	660.4	99.5	0	0.0
83.8	34.1	5.7	155.2	662.9	100.0	0	0.0
85.7	30.3	7.0	213.8	664.6	100.0	0	0.0
85.6	32.4	6.0	160.4	666.1	100.0	0	0.0
86.2	30.4	10.5	155.4	667.7	100.0	0	0.0
78.1	32.0	14.0	221.7	669.2	100.0	0	0.0
74.8	31.5	5.5	230.8	670.6	100.0	0	0.0
82.0	24.2	5.9	226.2	672.0	100.0	0	0.0
84.2	24.5	6.5	149.2	673.4	100.0	0	0.0
82.9	18.6	9.8	174.0	674.6	100.0	0	0.0
81.0	28.9	11.5	176.2	675.7	99.5	0	0.0
77.7	29.4	9.5	256.2	677.1	100.0	0	0.0
77.5	22.1	7.7	198.8	678.2	100.0	0	0.0
79.2	19.8	6.0	223.3	679.3	100.0	0	0.0
83.0	15.1	6.2	173.3	680.4	100.0	0	0.0
06	30	2006
87.3	15.0	6.9	156.1	613.9	100.0	0	0.0
90.3	39.7	11.9	134.8	675.6	96.9	0	0.0
90.3	37.8	8.0	146.8	683.3	98.8	0	0.0
91.8	35.2	6.8	206.7	684.2	100.0	0	0.0
89.8	41.3	8.5	221.0	685.0	100.0	0	0.0
84.2	51.5	6.7	194.3	673.6	94.1	22	0.0
85.0	51.6	10.2	119.8	671.8	79.7	0	0.0
87.3	48.3	8.9	152.3	684.4	99.0	0	0.0
88.3	38.2	8.7	183.5	684.4	99.0	0	0.0
87.5	23.4	6.9	161.7	688.4	100.0	0	0.0
87.0	18.1	9.2	193.1	689.0	100.0	1	0.0
88.3	18.8	7.3	156.0	689.5	100.0	0	0.0
90.9	26.0	6.2	239.4	689.9	100.0	0	0.0
92.9	30.4	7.8	197.9	690.3	100.0	0	0.0
88.3	25.6	12.4	222.1	690.7	100.0	0	0.0
85.5	31.2	6.7	231.7	691.0	100.0	0	0.0
87.6	33.6	5.8	226.5	691.3	100.0	0	0.0
90.4	31.6	5.5	214.2	691.6	100.0	0	0.0
92.1	34.3	7.2	185.2	691.8	100.0	0	0.0
91.9	37.0	6.6	209.4	691.9	100.0	0	0.0
89.2	50.3	8.5	153.3	691.9	99.6	0	0.0
85.8	48.9	7.0	215.2	692.1	100.0	0	0.0
91.0	42.7	6.3	152.9	692.1	100.0	0	0.0
92.6	47.5	8.6	176.5	692.0	100.0	0	0.0
92.6	46.1	10.9	116.3	692.0	97.9	0	0.0
86.3	51.9	10.2	89.6	688.3	91.7	0	0.0
86.3	51.8	10.8	127.1	690.7	86.5	5	0.0
85.9	55.6	6.9	211.7	689.2	95.8	0	0.0
85.8	57.9	7.1	96.2	688.0	89.1	11	0.0
87.1	56.6	9.4	219.4	690.5	95.3	0	0.0
07	31	2006
87.7	55.7	7.3	140.6	684.6	96.3	0	0.0
87.5	57.6	6.8	160.5	689.4	96.9	0	0.0
88.2	56.3	7.4	217.7	683.1	94.8	1	0.0
86.7	59.1	9.6	186.8	683.2	87.2	25	0.0
78.0	64.9	6.4	107.0	658.4	75.1	44	0.0
82.6	62.4	8.2	117.7	686.7	92.7	0	0.0
80.8	62.2	8.8	130.6	655.3	84.9	3	0.0
84.8	56.5	5.5	148.5	687.0	100.0	0	0.0
90.5	53.1	6.5	189.2	686.3	96.9	0	0.0
91.7	51.8	7.3	180.2	685.6	99.0	0	0.0
92.3	48.6	5.6	214.0	684.8	100.0	0	0.0
92.9	54.8	7.2	236.7	684.0	100.0	0	0.0
93.1	57.8	8.9	172.5	683.1	95.8	0	0.0
93.8	55.4	6.8	197.5	682.2	95.1	16	0.0
92.4	54.3	7.9	229.8	681.2	100.0	0	0.0
89.2	54.8	7.6	173.0	680.2	99.0	0	0.0
88.9	58.4	6.7	123.3	678.0	95.3	0	0.0
88.3	59.1	7.2	117.8	667.3	95.3	3	0.0
90.5	56.3	10.7	153.8	676.1	93.8	0	0.0
92.7	54.3	6.5	126.0	675.5	95.8	0	0.0
96.9	46.6	7.8	138.1	674.5	100.0	0	0.0
98.9	44.2	12.0	100.8	673.2	100.0	0	0.0
94.9	49.8	9.4	135.9	671.9	96.9	2	0.0
94.5	51.9	6.2	188.3	670.5	100.0	0	0.0
89.1	62.2	10.2	131.5	667.5	97.9	0	0.0
86.3	63.9	10.2	278.1	616.9	75.5	0	0.0
77.1	67.6	6.3	195.6	477.5	41.1	17	0.0
77.6	66.3	5.4	160.1	592.7	61.4	10	0.0
75.8	67.5	6.9	112.5	464.6	49.6	100	0.0
78.0	67.5	5.9	156.9	599.6	57.8	1	0.0
78.6	65.9	6.8	132.4	532.8	50.2	89	0.0
08	31	2006
82.9	62.6	7.4	150.0	599.8	58.3	0	0.0
84.8	64.1	5.0	173.5	604.0	71.9	0	0.0
79.3	65.0	5.8	108.5	621.7	74.0	0	0.0
79.8	64.3	6.3	123.5	617.8	80.2	2	0.0
83.0	58.9	5.8	205.6	650.3	100.0	0	0.0
85.0	57.0	5.8	157.9	648.1	91.7	0	0.0
85.4	64.8	8.0	134.4	642.9	98.4	0	0.0
84.9	65.3	6.9	112.9	634.5	78.2	61	0.0
82.5	66.1	6.2	124.8	642.0	97.9	0	0.0
85.2	65.7	6.5	147.9	639.8	100.0	0	0.0
82.7	64.1	6.4	189.8	620.2	94.8	0	0.0
82.0	65.4	6.7	191.8	606.3	87.8	0	0.0
82.4	64.2	6.9	135.0	632.1	99.0	0	0.0
78.8	65.6	7.1	144.7	534.3	79.7	12	0.0
80.2	65.9	6.3	113.5	573.2	80.7	0	0.0
78.8	66.1	8.4	146.8	531.4	79.9	50	0.0
82.0	63.0	7.1	144.0	595.8	93.8	0	0.0
84.3	56.7	6.4	215.0	621.2	100.0	0	0.0
84.3	57.6	8.0	122.1	613.0	92.7	0	0.0
85.8	58.5	8.5	138.0	614.6	91.9	15	0.0
85.0	61.5	10.5	122.5	613.4	100.0	0	0.0
81.9	62.3	12.2	120.5	607.7	87.0	1	0.0
83.3	62.7	5.9	151.9	606.2	95.3	1	0.0
79.9	64.1	6.8	190.4	597.7	90.6	0	0.0
79.4	62.0	7.3	131.9	565.6	81.2	9	0.0
81.5	59.5	5.5	132.0	599.4	96.5	19	0.0
83.7	54.2	7.3	200.6	596.5	100.0	0	0.0
84.8	45.8	6.0	124.8	593.5	100.0	0	0.0
86.6	57.0	9.0	116.7	587.5	97.9	0	0.0
83.9	60.6	6.3	125.0	584.5	99.0	0	0.0
85.6	59.6	4.0	169.4	584.4	96.9	0	0.0
09	30	2006
86.7	59.9	6.9	115.0	580.1	99.0	0	0.0
84.1	57.2	8.6	136.5	562.8	90.6	0	0.0
77.0	62.0	11.3	140.2	555.7	84.4	0	0.0
77.4	62.4	11.5	132.1	509.3	69.1	8	0.0
77.9	61.4	11.5	116.0	550.7	64.1	0	0.0
79.9	60.5	7.3	127.1	537.5	95.3	0	0.0
72.0	64.0	8.2	157.2	455.7	50.8	94	0.0
75.2	64.1	4.7	145.8	512.5	65.7	2	0.0
75.8	63.1	5.3	182.4	502.6	85.4	19	0.0
77.8	57.9	5.4	218.5	552.3	100.0	0	0.0
78.2	54.6	7.8	139.0	545.9	82.3	0	0.0
74.3	58.5	11.2	119.7	514.0	80.2	4	0.0
77.1	58.3	7.5	129.6	518.6	87.0	0	0.0
79.1	53.9	9.1	169.8	535.2	91.7	0	0.0
76.4	47.7	8.1	169.8	534.7	99.0	0	0.0
74.2	43.9	5.7	184.4	531.1	100.0	0	0.0
74.5	45.1	6.3	197.5	527.4	100.0	0	0.0
74.8	42.3	5.9	181.0	523.7	100.0	0	0.0
77.3	44.0	6.9	145.6	520.0	98.4	0	0.0
78.0	49.8	9.5	194.2	462.6	73.4	0	0.0
75.5	44.5	7.1	231.5	512.5	99.5	0	0.0
77.3	46.0	10.8	200.2	508.6	96.9	0	0.0
74.3	50.5	5.7	182.7	457.4	81.8	0	0.0
78.6	49.0	4.8	102.3	500.9	93.8	0	0.0
82.1	49.4	8.7	86.5	497.0	100.0	0	0.0
83.8	50.8	5.0	125.0	492.3	96.9	0	0.0
80.5	44.6	5.7	177.1	487.7	99.0	0	0.0
78.3	32.0	5.3	142.7	485.2	100.0	0	0.0
77.2	30.0	5.4	135.0	481.2	100.0	0	0.0
78.1	30.3	5.8	134.6	477.2	100.0	0	0.0
10	31	2006
78.9	36.2	5.6	120.4	473.2	100.0	0	0.0
79.6	42.0	7.1	180.6	467.1	99.0	0	0.0
79.9	45.0	6.0	145.4	463.1	99.0	0	0.0
80.1	48.8	4.8	124.8	457.6	91.2	3	0.0
80.1	56.4	8.4	119.9	454.6	84.3	0	0.0
76.4	55.7	8.8	137.9	443.4	79.2	6	0.0
75.7	45.2	7.3	148.8	448.7	86.5	0	0.0
72.3	50.5	6.9	138.1	411.6	75.5	9	0.0
68.0	48.5	7.1	145.6	411.9	80.2	1	0.0
67.6	37.5	5.8	122.1	436.4	100.0	0	0.0
70.0	31.5	5.7	166.5	432.3	100.0	0	0.0
72.5	37.1	5.7	148.8	428.2	99.5	0	0.0
75.3	36.9	5.4	108.3	411.8	87.0	0	0.0
72.2	45.6	10.1	213.1	345.9	57.3	0	0.0
61.7	40.2	4.7	180.8	277.3	52.6	0	0.0
63.6	37.3	5.0	143.8	411.8	100.0	0	0.0
69.7	41.9	10.4	184.6	376.2	84.4	0	0.0
62.6	36.5	6.2	193.8	391.0	95.8	0	0.0
61.0	26.3	3.7	137.5	399.9	100.0	0	0.0
64.0	24.1	5.4	137.1	396.0	100.0	0	0.0
66.1	27.0	5.5	154.6	392.1	100.0	0	0.0
69.1	30.2	4.9	157.5	388.2	100.0	0	0.0
71.7	38.8	7.3	145.6	384.3	93.8	0	0.0
69.8	52.9	2.5	97.5	328.4	63.5	3	0.0
67.4	50.5	4.1	156.0	360.7	80.2	0	0.0
62.6	26.8	5.2	228.3	372.8	95.8	0	0.0
61.7	21.9	4.9	107.5	369.0	100.0	0	0.0
71.0	18.4	12.6	107.7	365.2	100.0	0	0.0
63.8	34.5	7.0	117.5	286.1	67.2	2	0.0
63.2	34.2	4.2	97.9	357.8	96.9	0	0.0
63.5	26.6	4.2	75.0	354.1	100.0	0	0.0
11	30	2006
62.6	19.8	4.6	85.8	350.5	100.0	0	0.0
63.6	20.7	4.6	121.9	346.9	100.0	0	0.0
66.2	26.8	4.5	146.2	343.3	100.0	0	0.0
66.2	24.8	5.0	135.6	339.8	100.0	0	0.0
64.3	27.5	4.7	149.0	336.3	100.0	0	0.0
64.8	27.8	3.8	91.7	332.8	100.0	0	0.0
67.6	26.0	4.2	105.8	329.5	100.0	0	0.0
69.4	24.4	4.8	101.0	326.2	100.0	0	0.0
68.4	28.5	6.3	145.2	323.0	100.0	0	0.0
64.8	34.5	3.5	65.2	319.8	100.0	0	0.0
68.4	29.3	7.8	172.3	316.7	100.0	0	0.0
62.3	29.1	3.7	139.0	313.6	100.0	0	0.0
59.4	27.8	4.1	125.4	310.6	100.0	0	0.0
61.6	32.9	5.4	164.8	232.4	85.4	0	0.0
60.0	23.8	6.0	108.5	304.8	100.0	0	0.0
62.0	13.7	4.2	132.7	301.9	100.0	0	0.0
63.2	15.6	5.1	123.5	299.1	100.0	0	0.0
64.3	19.6	5.9	122.5	296.4	100.0	0	0.0
67.0	22.4	10.1	90.3	293.7	100.0	0	0.0
71.2	25.6	16.0	108.1	291.1	100.0	0	0.0
68.5	27.2	5.0	75.6	288.5	100.0	0	0.0
64.4	25.0	5.5	113.1	286.1	100.0	0	0.0
62.9	22.9	4.9	97.9	283.6	100.0	0	0.0
62.9	21.9	5.0	112.1	281.3	100.0	0	0.0
60.7	21.4	5.9	102.3	279.0	100.0	0	0.0
57.2	22.7	2.8	83.3	276.8	100.0	0	0.0
53.8	30.0	4.0	101.9	266.3	91.2	0	0.0
55.3	36.0	7.2	168.3	270.7	91.7	0	0.0
48.0	21.6	8.2	179.2	204.8	63.5	0	0.0
39.5	1.7	3.2	94.4	268.7	100.0	0	0.0
12	31	2006
46.8	2.1	3.1	64.0	266.8	100.0	0	0.0
48.9	8.0	2.8	98.8	265.0	100.0	0	0.0
50.8	11.5	10.8	62.7	263.3	100.0	0	0.0
55.5	14.8	18.6	106.0	261.7	100.0	0	0.0
56.7	18.8	4.1	66.2	260.2	100.0	0	0.0
52.9	16.9	3.6	114.4	258.7	100.0	0	0.0
58.2	13.9	12.4	91.7	257.3	100.0	0	0.0
57.5	27.5	19.2	109.0	256.0	99.0	0	0.0
58.3	34.1	7.3	93.3	207.9	76.6	0	0.0
55.3	32.6	6.8	153.8	253.6	86.5	0	0.0
48.8	25.9	2.9	90.2	252.6	100.0	0	0.0
47.1	18.8	3.3	94.0	251.6	100.0	0	0.0
49.7	16.6	4.0	128.8	250.7	100.0	0	0.0
53.3	19.5	4.7	115.8	249.8	100.0	0	0.0
56.7	23.7	4.7	93.1	249.1	100.0	0	0.0
62.1	21.2	10.7	149.2	248.5	100.0	0	0.0
55.2	38.1	5.4	172.9	172.6	54.7	0	0.0
48.7	32.8	4.6	143.5	144.7	39.1	1	0.0
41.9	29.8	4.3	126.9	210.1	51.9	1	0.0
38.4	19.7	3.2	105.0	246.7	100.0	0	0.0
39.4	17.9	5.6	160.4	246.4	100.0	0	0.0
41.9	24.1	4.6	139.9	212.8	64.2	3	0.0
42.9	33.1	2.0	81.7	237.9	81.2	0	0.0
45.8	26.9	4.6	137.5	246.2	100.0	0	0.0
48.2	13.6	3.8	49.6	246.3	100.0	0	0.0
53.2	10.5	2.9	54.4	246.5	100.0	0	0.0
56.4	19.5	11.8	161.2	246.8	80.2	9	0.0
41.1	37.4	3.0	61.4	134.1	20.6	30	0.0
42.8	36.9	3.6	154.4	156.8	44.4	4	0.0
43.1	33.6	5.2	150.8	246.1	92.7	0	0.0
44.9	31.4	3.6	75.6	248.7	100.0	0	0.0
