   1    31    1966
43.3	33.2	7.1	217.5	236.4	34.0	.0	.0	
40.5	26.5	6.4	171.3	320.3	2.0	.0	.0	
46.9	20.9	12.4	98.8	332.8	2.0	.0	.0	
44.3	23.8	7.1	178.8	336.8	2.0	.0	.0	
45.4	24.8	6.9	212.5	327.3	9.0	.0	.0	
46.2	26.4	8.0	203.8	315.1	6.0	.0	.0	
53.1	27.4	9.6	178.8	327.7	2.0	.0	.0	
59.0	24.1	13.0	112.5	276.3	75.0	.0	.0	
54.1	27.1	7.9	177.5	331.8	2.0	.0	.0	
56.2	26.5	8.4	141.3	329.2	18.0	.0	.0	
54.6	31.3	8.5	192.5	201.9	85.0	.0	.0	
48.9	30.2	8.5	225.0	343.9	2.0	.0	.0	
44.6	22.2	5.5	175.0	325.2	3.0	.0	.0	
46.6	24.1	6.2	181.3	347.8	2.0	.0	.0	
44.2	25.2	5.3	186.3	284.0	34.0	.0	.0	
50.6	23.2	11.7	110.0	296.7	67.0	.0	.0	
50.3	30.0	23.1	111.3	266.4	59.0	39.0	.0	
44.6	40.1	8.5	185.0	148.3	98.0	49.0	.0	
46.1	37.2	4.2	183.8	325.8	46.0	.0	.0	
42.0	37.6	7.8	153.8	222.1	60.0	29.0	.0	
42.0	34.7	8.7	248.8	284.4	51.0	.0	.0	
41.9	27.9	9.8	127.5	353.9	2.0	.0	.0	
41.1	25.2	7.2	246.3	340.9	36.0	.0	.0	
39.5	25.0	7.5	196.3	371.9	2.0	.0	.0	
40.1	24.4	5.8	195.0	378.7	2.0	.0	.0	
48.8	19.3	17.4	113.8	308.1	69.0	.0	.0	
47.0	27.1	12.7	128.8	143.0	65.0	19.0	.0	
44.5	37.2	6.5	237.5	305.1	58.0	.0	.0	
46.3	33.8	7.9	202.5	361.3	51.0	.0	.0	
52.5	29.6	11.8	165.0	259.1	83.0	9.0	.0	
46.4	35.0	10.3	240.0	334.5	38.0	29.0	.0	
   2    28    1966
44.1	32.6	5.3	128.8	368.0	27.0	.0	.0	
46.6	34.0	6.8	187.5	395.8	25.0	.0	.0	
50.4	27.3	12.5	86.3	382.6	2.0	.0	.0	
54.0	25.1	10.1	172.5	376.3	40.0	.0	.0	
53.0	26.5	7.9	203.8	384.2	66.0	.0	.0	
54.6	25.6	10.1	132.5	262.8	98.0	.0	.0	
46.4	36.5	8.9	151.3	161.1	98.0	126.0	.0	
39.0	34.1	11.1	197.5	182.3	90.0	44.0	.0	
36.2	31.9	6.0	136.3	235.1	80.0	14.0	.0	
39.9	31.1	7.7	136.3	279.3	98.0	20.0	.0	
44.3	34.5	9.2	178.8	359.9	60.0	3.0	.0	
43.6	30.4	7.6	190.0	410.6	2.0	.0	.0	
41.2	29.0	7.7	262.5	418.3	4.0	.0	.0	
42.1	24.2	7.6	173.8	453.0	2.0	.0	.0	
42.9	23.3	10.3	222.5	441.4	2.0	.0	.0	
42.9	20.4	6.4	135.0	446.9	2.0	.0	.0	
44.9	21.0	7.7	202.5	445.5	2.0	.0	.0	
49.2	25.0	8.8	160.0	464.1	24.0	.0	.0	
52.9	25.6	9.4	187.5	462.4	2.0	.0	.0	
51.9	27.6	8.9	193.8	471.3	2.0	.0	.0	
52.5	24.6	7.6	227.5	473.6	2.0	.0	.0	
53.3	25.5	14.1	91.3	363.0	66.0	.0	.0	
51.0	23.1	20.3	97.5	450.8	55.0	.0	.0	
52.6	27.7	17.4	102.5	217.5	96.0	.0	.0	
52.1	31.4	8.7	161.3	332.2	81.0	.0	.0	
43.1	36.4	8.8	195.0	203.2	72.0	18.0	.0	
45.0	32.6	8.1	227.5	473.7	2.0	.0	.0	
50.8	29.8	8.7	170.0	498.3	2.0	.0	.0	
   3    31    1966
52.3	28.0	9.8	205.0	310.6	88.0	.0	.0	
47.1	32.7	16.9	227.5	297.9	71.0	8.0	.0	
39.3	15.9	7.6	228.8	519.7	2.0	.0	.0	
40.8	10.5	6.0	197.5	526.0	2.0	.0	.0	
51.8	13.9	11.0	181.3	436.2	75.0	.0	.0	
60.5	16.9	7.7	158.8	383.3	93.0	.0	.0	
59.2	28.0	9.1	185.0	530.3	26.0	.0	.0	
61.1	30.7	9.1	155.0	515.8	50.0	.0	.0	
60.9	31.5	7.2	176.3	486.4	74.0	.0	.0	
60.0	28.5	8.4	181.3	430.2	66.0	.0	.0	
60.9	28.9	6.4	185.0	542.6	37.0	.0	.0	
65.5	31.9	9.0	150.0	547.6	9.0	.0	.0	
67.3	30.6	7.6	211.3	429.3	68.0	.0	.0	
67.1	33.8	8.4	202.5	554.4	30.0	.0	.0	
65.7	31.3	9.5	216.3	518.4	41.0	.0	.0	
64.7	30.2	8.6	218.8	555.1	20.0	.0	.0	
63.0	27.0	8.6	180.0	550.5	2.0	.0	.0	
65.6	27.9	9.8	150.0	587.2	41.0	.0	.0	
66.2	32.0	8.3	192.5	528.5	79.0	.0	.0	
66.0	28.0	10.2	208.8	478.6	74.0	.0	.0	
63.4	25.9	8.0	200.0	541.8	35.0	.0	.0	
60.4	24.6	9.6	270.0	590.5	2.0	.0	.0	
60.5	14.4	16.3	110.0	292.9	75.0	.0	.0	
66.7	24.9	18.7	185.0	318.0	93.0	.0	.0	
58.4	38.5	7.1	253.8	460.1	90.0	.0	.0	
53.3	43.0	7.2	275.0	459.9	59.0	10.0	.0	
54.9	42.8	8.1	233.8	449.5	48.0	1.0	.0	
60.4	40.9	8.5	265.0	524.7	39.0	.0	.0	
64.4	35.9	7.2	130.0	584.6	11.0	.0	.0	
67.9	28.5	9.5	123.8	593.9	11.0	.0	.0	
68.6	28.6	8.1	227.5	624.2	2.0	.0	.0	
   4    30    1966
70.4	31.7	9.2	212.5	615.6	2.0	.0	.0	
71.8	36.6	10.7	218.8	622.8	15.0	.0	.0	
71.1	44.0	11.4	242.5	607.5	10.0	.0	.0	
66.6	33.8	8.1	268.8	622.4	37.0	.0	.0	
62.6	16.0	9.1	193.8	611.5	53.0	.0	.0	
66.6	18.7	9.5	180.0	620.3	80.0	.0	.0	
69.0	24.4	10.1	193.8	636.9	50.0	.0	.0	
67.6	26.4	8.6	161.3	636.2	8.0	.0	.0	
67.0	28.6	11.1	200.0	472.6	49.0	.0	.0	
67.0	26.0	9.0	220.0	641.2	3.0	.0	.0	
65.9	30.5	10.6	242.5	658.1	2.0	.0	.0	
66.8	28.7	8.9	228.8	649.5	4.0	.0	.0	
65.0	30.4	6.3	213.8	670.0	2.0	.0	.0	
70.4	31.3	14.3	117.5	536.7	78.0	.0	.0	
71.0	39.9	12.3	115.0	520.4	42.0	.0	.0	
65.4	44.3	9.1	200.0	458.6	46.0	12.0	.0	
67.8	40.7	10.0	197.5	612.3	30.0	.0	.0	
68.2	28.3	22.3	228.8	679.7	7.0	.0	.0	
60.3	34.6	14.6	270.0	509.1	65.0	.0	.0	
58.0	28.2	7.4	226.3	663.0	48.0	.0	.0	
61.6	26.6	9.1	228.8	498.3	80.0	.0	.0	
60.6	20.6	7.9	220.0	693.9	2.0	.0	.0	
63.6	22.3	8.8	217.5	582.3	65.0	.0	.0	
66.8	29.1	8.8	238.8	644.9	13.0	.0	.0	
69.8	28.9	7.9	180.0	688.7	3.0	.0	.0	
71.2	26.6	9.2	196.3	678.4	2.0	.0	.0	
71.7	26.7	9.1	180.0	666.6	2.0	.0	.0	
71.3	28.2	9.3	217.5	654.7	62.0	.0	.0	
71.2	31.9	7.8	183.8	703.1	22.0	.0	.0	
69.4	24.5	8.9	207.5	702.5	2.0	.0	.0	
   5    31    1966
73.4	29.6	9.8	127.5	674.7	4.0	.0	.0	
78.7	40.0	21.2	115.0	652.1	13.0	.0	.0	
74.4	44.0	18.2	122.5	604.4	68.0	.0	.0	
77.1	44.1	14.6	131.3	604.4	24.0	.0	.0	
80.4	44.4	12.3	151.3	615.2	23.0	.0	.0	
78.7	42.4	6.6	146.3	655.8	10.0	.0	.0	
80.6	40.4	8.9	223.8	670.7	40.0	.0	.0	
78.9	39.0	8.6	187.5	574.2	57.0	.0	.0	
73.5	39.7	13.5	203.8	717.9	2.0	.0	.0	
65.9	37.2	9.8	227.5	635.2	19.0	.0	.0	
67.5	35.6	8.2	195.0	718.7	3.0	.0	.0	
69.8	35.0	8.2	246.3	737.5	2.0	.0	.0	
72.4	34.0	7.4	161.3	736.8	29.0	.0	.0	
76.9	34.0	11.7	196.3	691.1	19.0	.0	.0	
73.2	34.7	9.9	141.3	587.7	48.0	.0	.0	
77.6	34.1	11.1	221.3	702.0	16.0	.0	.0	
76.2	27.5	9.1	232.5	695.6	22.0	.0	.0	
79.6	32.9	8.2	233.8	733.6	2.0	.0	.0	
80.5	32.2	8.7	185.0	722.1	25.0	.0	.0	
79.8	43.1	12.0	242.5	505.9	80.0	4.0	.0	
79.0	47.7	10.9	195.0	622.5	24.0	7.0	.0	
79.9	46.4	9.1	205.0	676.9	9.0	.0	.0	
78.7	39.2	7.5	183.8	739.8	2.0	.0	.0	
79.3	34.0	7.4	197.5	714.7	2.0	.0	.0	
81.3	26.4	9.5	201.3	735.6	2.0	.0	.0	
79.9	23.3	11.5	192.5	733.4	2.0	.0	.0	
76.2	16.2	10.5	181.3	741.6	2.0	.0	.0	
76.7	20.1	11.2	178.8	752.3	2.0	.0	.0	
79.8	37.1	11.0	208.8	701.6	27.0	.0	.0	
84.3	46.5	12.2	196.3	650.3	76.0	.0	.0	
84.9	42.0	8.2	245.0	644.0	52.0	.0	.0	
   6    30    1966
80.7	34.8	10.1	216.3	635.8	18.0	.0	.0	
80.5	28.0	9.6	175.0	679.5	24.0	.0	.0	
79.3	22.5	8.5	216.3	755.0	2.0	.0	.0	
78.4	22.1	7.7	175.0	752.3	2.0	.0	.0	
79.6	28.4	7.2	176.3	758.2	10.0	.0	.0	
80.4	27.5	9.2	188.8	735.7	24.0	.0	.0	
79.6	37.5	11.7	248.8	709.5	2.0	.0	.0	
78.4	39.9	9.1	176.3	754.7	2.0	.0	.0	
76.8	37.9	8.5	201.3	623.9	74.0	.0	.0	
77.0	37.9	7.0	236.3	666.9	42.0	.0	.0	
79.7	41.9	8.8	187.5	742.3	2.0	.0	.0	
82.0	42.6	6.3	228.8	728.6	2.0	.0	.0	
86.9	38.1	5.6	213.8	712.0	14.0	.0	.0	
87.1	39.3	10.2	147.5	519.2	49.0	.0	.0	
89.4	41.4	7.8	176.3	704.7	40.0	.0	.0	
90.6	42.8	10.0	193.8	628.0	68.0	.0	.0	
87.5	45.1	8.2	156.3	558.5	50.0	.0	.0	
87.2	36.6	5.8	173.8	665.1	41.0	.0	.0	
86.7	42.3	14.6	191.3	606.3	52.0	.0	.0	
81.4	51.5	8.7	146.3	628.8	58.0	2.0	.0	
84.8	43.6	8.8	167.5	736.6	5.0	.0	.0	
84.4	36.7	9.2	192.5	752.8	2.0	.0	.0	
84.4	35.0	9.7	180.0	760.7	2.0	.0	.0	
85.6	27.5	10.8	208.8	730.5	2.0	.0	.0	
88.5	35.0	8.8	240.0	678.3	17.0	.0	.0	
90.0	53.0	13.6	143.8	671.4	37.0	.0	.0	
89.5	53.4	9.8	223.8	715.0	11.0	.0	.0	
87.5	57.1	13.3	177.5	601.4	53.0	.0	.0	
83.6	56.8	7.9	232.5	445.7	71.0	.0	.0	
84.0	55.0	10.1	236.3	618.7	19.0	.0	.0	
   7    31    1966
84.3	54.7	6.5	198.8	616.6	23.0	.0	.0	
87.4	54.2	7.5	217.5	703.5	31.0	.0	.0	
88.5	48.6	9.7	210.0	650.4	56.0	.0	.0	
89.3	52.5	8.4	257.5	644.6	50.0	.0	.0	
91.1	43.2	10.2	283.8	726.1	2.0	.0	.0	
89.9	34.7	9.1	247.5	682.7	5.0	.0	.0	
90.4	51.6	11.7	267.5	661.1	55.0	.0	.0	
83.0	59.3	12.0	226.3	590.1	76.0	.0	.0	
84.7	58.7	9.1	207.5	518.5	76.0	.0	.0	
86.7	57.9	7.6	233.8	622.8	33.0	.0	.0	
88.7	49.0	8.1	210.0	708.2	6.0	.0	.0	
88.1	48.9	7.1	257.5	463.8	65.0	.0	.0	
86.8	47.5	8.6	213.8	668.3	35.0	.0	.0	
89.5	53.1	8.4	156.3	585.2	80.0	.0	.0	
87.6	56.3	7.5	132.5	600.4	83.0	1.0	.0	
84.1	60.1	8.1	190.0	575.4	70.0	5.0	.0	
85.7	60.7	8.1	195.0	593.8	69.0	.0	.0	
84.4	59.8	12.5	211.3	639.3	67.0	3.0	.0	
81.3	63.0	11.0	205.0	605.1	63.0	67.0	.0	
80.8	64.8	8.4	197.5	602.8	73.0	.0	.0	
78.5	67.6	7.9	117.5	535.2	70.0	12.0	.0	
82.2	65.8	6.7	183.8	581.5	53.0	.0	.0	
86.5	64.0	7.0	262.5	601.9	66.0	.0	.0	
85.4	63.4	10.1	200.0	601.9	86.0	101.0	.0	
83.6	66.4	6.2	231.3	655.7	56.0	5.0	.0	
87.6	63.9	9.2	251.3	629.8	79.0	.0	.0	
84.1	64.5	7.7	242.5	627.7	86.0	1.0	.0	
81.7	65.4	9.1	195.0	545.8	91.0	62.0	.0	
79.2	66.9	6.4	205.0	604.9	60.0	.0	.0	
77.4	68.0	9.1	191.3	533.5	71.0	.0	.0	
81.1	67.6	7.4	182.5	588.6	57.0	.0	.0	
   8    31    1966
84.5	66.6	7.5	163.8	670.5	21.0	.0	.0	
87.5	65.5	6.5	237.5	605.1	66.0	.0	.0	
84.6	64.5	11.2	208.8	521.0	96.0	.0	.0	
86.1	61.4	8.9	175.0	585.1	61.0	.0	.0	
87.8	62.6	7.4	228.8	634.1	78.0	.0	.0	
84.3	63.0	10.4	218.8	543.0	83.0	.0	.0	
85.7	64.1	6.7	237.5	633.2	36.0	.0	.0	
86.1	62.6	11.6	211.3	560.2	73.0	41.0	.0	
87.0	60.2	9.9	167.5	608.1	58.0	.0	.0	
82.5	67.0	9.7	185.0	575.5	47.0	70.0	.0	
81.4	63.7	7.1	235.0	665.8	17.0	.0	.0	
79.1	66.9	9.1	163.8	497.6	56.0	138.0	.0	
79.0	63.7	10.2	211.3	638.7	26.0	14.0	.0	
82.8	63.0	6.5	167.5	648.7	25.0	.0	.0	
84.5	59.9	6.1	263.8	641.3	12.0	.0	.0	
82.6	64.4	8.7	211.3	605.2	39.0	.0	.0	
78.9	63.9	8.1	230.0	581.3	73.0	.0	.0	
76.6	66.5	9.7	182.5	532.6	65.0	39.0	.0	
75.7	67.5	7.2	177.5	414.2	90.0	26.0	.0	
78.5	67.0	8.4	203.8	521.0	73.0	1.0	.0	
81.7	61.6	6.3	213.8	661.3	4.0	.0	.0	
81.4	58.1	6.9	187.5	587.5	22.0	.0	.0	
82.7	60.5	10.4	202.5	616.2	33.0	.0	.0	
80.9	64.5	7.9	183.8	587.6	50.0	.0	.0	
82.1	61.4	10.1	160.0	587.0	47.0	.0	.0	
81.9	56.3	8.2	226.3	652.0	2.0	.0	.0	
81.5	61.5	8.4	241.3	599.5	17.0	.0	.0	
82.0	61.7	7.7	202.5	617.4	22.0	.0	.0	
78.8	61.3	10.0	201.3	494.1	51.0	.0	.0	
76.5	60.0	9.4	137.5	550.8	71.0	1.0	.0	
79.0	59.9	12.0	191.3	532.7	42.0	1.0	.0	
   9    30    1966
77.7	56.6	9.3	191.3	583.5	29.0	.0	.0	
74.9	61.1	6.5	177.5	441.3	50.0	8.0	.0	
77.9	55.0	7.1	222.5	596.8	3.0	.0	.0	
80.7	51.3	7.8	217.5	583.8	3.0	.0	.0	
82.8	52.3	12.5	147.5	592.9	18.0	.0	.0	
81.6	50.8	9.5	197.5	594.2	5.0	.0	.0	
84.2	56.0	13.3	120.0	600.1	2.0	.0	.0	
84.4	60.8	10.5	122.5	606.8	2.0	.0	.0	
83.3	52.5	15.7	133.8	595.4	14.0	.0	.0	
83.4	52.5	9.7	155.0	503.3	31.0	.0	.0	
77.7	61.8	9.6	160.0	451.9	70.0	138.0	.0	
67.7	63.7	7.5	191.3	262.4	80.0	148.0	.0	
69.1	64.9	8.1	177.5	321.5	84.0	9.0	.0	
72.2	65.7	8.8	180.0	306.9	98.0	10.0	.0	
72.0	66.4	7.9	138.8	280.7	87.0	25.0	.0	
75.2	63.5	6.9	196.3	562.5	2.0	.0	.0	
77.0	60.6	6.5	176.3	580.5	2.0	.0	.0	
78.5	60.5	7.2	181.3	547.5	22.0	1.0	.0	
78.8	61.3	8.5	175.0	548.9	9.0	.0	.0	
78.3	60.6	6.5	210.0	566.4	10.0	.0	.0	
82.4	56.6	7.0	125.0	569.0	2.0	.0	.0	
81.7	50.6	7.7	110.0	565.1	2.0	.0	.0	
82.6	51.5	6.5	241.3	530.9	2.0	.0	.0	
81.4	52.5	8.4	208.8	535.2	4.0	.0	.0	
79.7	52.0	6.7	237.5	476.7	35.0	.0	.0	
77.8	50.7	9.1	187.5	494.6	15.0	.0	.0	
75.4	51.0	10.4	166.3	341.3	91.0	.0	.0	
73.1	55.6	14.1	166.3	378.2	98.0	4.0	.0	
68.5	62.8	6.7	188.8	247.0	98.0	10.0	.0	
72.7	59.1	6.0	216.3	482.9	35.0	.0	.0	
  10    31    1966
72.8	59.5	8.1	170.0	418.7	38.0	.0	.0	
70.6	52.5	8.2	201.3	470.4	26.0	.0	.0	
67.3	52.9	8.2	217.5	355.1	67.0	6.0	.0	
65.5	57.5	4.9	122.5	293.5	82.0	26.0	.0	
69.0	56.2	8.9	118.8	398.9	30.0	.0	.0	
73.3	53.5	7.8	170.0	465.8	13.0	.0	.0	
68.9	55.4	6.8	181.3	459.6	18.0	.0	.0	
70.1	50.8	7.5	215.0	471.5	2.0	.0	.0	
72.5	49.6	7.1	98.8	506.7	2.0	.0	.0	
75.7	49.4	9.4	163.8	484.0	3.0	.0	.0	
69.6	53.0	7.9	253.8	498.1	2.0	.0	.0	
68.4	45.6	7.6	142.5	498.0	2.0	.0	.0	
69.3	42.3	10.2	251.3	496.2	5.0	.0	.0	
59.2	18.0	8.2	236.3	493.7	2.0	.0	.0	
66.0	29.6	9.1	188.8	487.2	2.0	.0	.0	
59.4	25.1	10.1	233.8	477.7	2.0	.0	.0	
58.9	26.5	9.1	252.5	481.0	2.0	.0	.0	
61.3	30.1	6.5	240.0	471.0	2.0	.0	.0	
68.8	27.9	10.8	142.5	475.3	3.0	.0	.0	
69.0	28.9	10.7	145.0	401.2	64.0	.0	.0	
67.3	32.2	8.4	191.3	451.2	71.0	.0	.0	
64.7	31.9	8.7	210.0	440.7	14.0	.0	.0	
62.9	27.9	7.2	215.0	449.4	2.0	.0	.0	
67.4	23.3	13.9	133.8	455.3	2.0	.0	.0	
72.7	19.9	13.9	137.5	434.9	2.0	.0	.0	
74.0	24.1	13.6	127.5	432.0	2.0	.0	.0	
69.4	27.6	9.1	156.3	436.0	5.0	.0	.0	
67.9	30.1	7.6	126.3	357.1	80.0	.0	.0	
73.5	28.8	12.1	117.5	383.4	98.0	.0	.0	
68.8	26.3	8.5	98.8	342.7	86.0	.0	.0	
65.9	25.9	9.8	232.5	420.2	20.0	.0	.0	
  11    30    1966
63.5	27.3	16.2	116.3	427.6	2.0	.0	.0	
65.1	23.4	13.7	163.8	403.0	2.0	.0	.0	
65.4	23.9	7.7	166.3	365.1	50.0	.0	.0	
64.0	30.5	6.8	151.3	373.7	16.0	.0	.0	
63.0	34.4	6.6	152.5	354.3	29.0	.0	.0	
64.2	36.1	11.1	165.0	385.4	3.0	.0	.0	
62.2	40.9	11.8	185.0	291.1	72.0	.0	.0	
56.6	47.8	10.7	223.8	141.8	87.0	6.0	.0	
52.1	41.6	7.2	220.0	315.0	43.0	.0	.0	
50.2	38.6	6.3	195.0	344.4	14.0	.0	.0	
53.9	38.5	5.4	116.3	371.9	14.0	.0	.0	
57.4	40.3	7.0	202.5	376.5	2.0	.0	.0	
62.0	38.1	6.9	150.0	374.7	2.0	.0	.0	
65.9	38.7	8.6	160.0	366.0	2.0	.0	.0	
66.0	40.5	9.4	186.3	371.9	2.0	.0	.0	
63.3	39.0	10.0	195.0	345.3	37.0	.0	.0	
59.6	34.6	7.2	135.0	340.6	57.0	.0	.0	
58.6	34.9	8.1	203.8	364.5	25.0	.0	.0	
61.5	30.2	8.6	196.3	365.2	5.0	.0	.0	
65.4	32.5	7.3	166.3	335.8	41.0	.0	.0	
63.7	35.0	9.8	198.8	319.8	51.0	.0	.0	
66.2	35.5	12.0	191.3	268.7	93.0	.0	.0	
59.7	35.4	4.3	201.3	289.5	94.0	.0	.0	
55.9	35.9	5.1	253.8	222.0	96.0	.0	.0	
54.4	35.1	6.0	222.5	321.7	73.0	.0	.0	
48.5	22.3	7.5	255.0	349.8	2.0	.0	.0	
53.5	18.9	14.6	133.8	295.0	28.0	.0	.0	
62.4	20.4	13.4	126.3	327.3	62.0	.0	.0	
61.3	25.5	7.7	212.5	324.8	7.0	.0	.0	
60.7	37.0	6.3	165.0	335.0	5.0	.0	.0	
  12    31    1966
60.3	31.5	9.8	212.5	336.0	19.0	.0	.0	
59.8	26.0	9.5	165.0	315.0	43.0	.0	.0	
59.9	32.6	7.4	186.3	278.1	95.0	.0	.0	
61.3	40.1	4.9	157.5	265.8	85.0	.0	.0	
63.7	42.9	9.6	181.3	154.0	98.0	.0	.0	
66.6	45.6	12.3	236.3	293.3	58.0	.0	.0	
61.2	44.2	14.1	238.8	236.4	63.0	1.0	.0	
50.9	33.6	6.9	211.3	324.4	2.0	.0	.0	
45.6	21.8	5.9	217.5	325.1	30.0	.0	.0	
46.7	15.1	9.3	147.5	321.0	2.0	.0	.0	
47.3	17.3	8.2	158.8	322.9	2.0	.0	.0	
56.2	19.9	10.8	102.5	310.1	6.0	.0	.0	
57.5	17.0	12.5	102.5	324.2	2.0	.0	.0	
52.1	17.0	8.9	181.3	311.7	6.0	.0	.0	
50.3	17.3	8.5	178.8	319.8	23.0	.0	.0	
58.8	17.9	19.2	120.0	296.5	2.0	.0	.0	
52.9	13.4	7.9	157.5	294.3	75.0	.0	.0	
52.4	12.8	6.8	166.3	303.3	51.0	.0	.0	
51.7	12.4	6.9	190.0	310.5	2.0	.0	.0	
52.3	13.6	6.7	145.0	211.3	45.0	.0	.0	
54.5	27.7	5.5	147.5	230.9	55.0	.0	.0	
51.1	25.1	5.7	182.5	314.5	2.0	.0	.0	
51.8	19.3	18.5	107.5	272.7	63.0	.0	.0	
50.5	20.8	20.6	116.3	182.3	92.0	.0	.0	
51.3	30.5	5.9	200.0	238.9	61.0	.0	.0	
50.6	36.8	14.5	222.5	233.4	73.0	18.0	.0	
40.9	26.9	8.1	245.0	308.1	13.0	.0	.0	
35.6	20.5	5.5	175.0	326.7	2.0	.0	.0	
33.3	19.4	7.9	216.3	212.5	35.0	.0	.0	
35.1	22.3	9.5	107.5	133.5	75.0	.0	.0	
40.2	27.8	6.9	160.0	323.5	8.0	.0	.0	
