   1    31    1966
56.1	46.4	13.4	282.5	108.9	90.0	.0	.0	
44.3	37.2	10.6	112.5	94.6	98.0	15.0	.0	
42.9	35.2	10.1	231.3	118.4	83.0	6.0	.0	
33.4	20.2	10.9	290.0	205.1	28.0	.0	.0	
33.4	27.1	6.8	191.3	147.5	72.0	1.0	.0	
43.6	41.8	14.4	86.3	93.5	98.0	98.0	.0	
39.8	34.7	7.6	260.0	211.7	58.0	.0	.0	
28.1	15.4	22.5	302.5	147.2	51.0	.0	.0	
19.3	-5.1	17.0	287.5	236.9	6.0	.0	.0	
34.0	20.8	13.4	218.8	218.6	45.0	.0	.0	
27.3	9.3	18.1	301.3	239.6	4.0	.0	.0	
15.7	-1.5	13.7	311.3	229.2	6.0	.0	.0	
22.6	10.9	7.9	200.0	104.7	83.0	.0	2.5	
30.8	21.7	11.0	306.3	234.0	18.0	.0	.0	
27.7	20.5	4.8	246.3	116.0	64.0	.0	.0	
19.7	2.8	19.0	333.8	205.8	61.0	.0	.0	
27.9	14.0	18.1	305.0	238.6	4.0	.0	.0	
26.9	12.0	15.8	305.0	235.8	10.0	.0	.0	
26.7	17.0	16.6	313.8	194.7	42.0	.0	.0	
32.3	21.2	11.2	266.3	213.9	63.0	.0	.0	
32.8	23.2	6.2	286.3	106.3	82.0	.0	.0	
30.1	23.9	11.7	143.8	119.1	67.0	.0	76.2	
35.9	31.5	30.7	201.3	132.0	95.0	71.0	.0	
28.8	16.4	19.7	316.3	237.8	22.0	.0	.0	
21.6	11.3	10.3	346.3	169.4	74.0	.0	.0	
23.7	17.2	14.8	71.3	132.8	98.0	.0	99.1	
22.0	14.9	18.5	323.8	249.9	62.0	.0	38.1	
6.8	-9.2	19.9	298.8	280.2	2.0	.0	.0	
10.4	-3.1	10.3	240.0	175.3	58.0	.0	81.3	
19.7	15.8	31.5	201.3	177.5	90.0	.0	94.0	
15.8	4.1	29.5	283.8	308.2	33.0	.0	.0	
   2    28    1966
19.8	10.4	12.0	278.8	272.8	55.0	.0	7.6	
26.7	24.0	8.2	102.5	157.9	98.0	.0	40.6	
25.1	22.4	9.7	323.8	196.9	73.0	.0	20.3	
20.8	14.2	10.7	317.5	227.7	84.0	.0	.0	
19.4	10.8	13.2	317.5	319.6	2.0	.0	.0	
14.7	3.7	11.1	311.3	311.2	30.0	.0	.0	
22.5	13.6	3.9	166.3	144.9	98.0	.0	.0	
25.6	16.5	4.8	173.8	325.8	36.0	.0	.0	
25.3	16.8	5.1	182.5	292.8	58.0	.0	.0	
40.2	32.9	11.0	190.0	167.8	98.0	.0	.0	
48.6	43.7	10.5	208.8	134.9	98.0	4.0	.0	
43.1	37.0	6.0	156.3	167.3	94.0	1.0	.0	
47.9	44.0	18.0	155.0	146.6	98.0	258.0	.0	
44.6	30.5	14.6	268.8	305.1	48.0	.0	.0	
42.7	28.0	11.1	206.3	139.8	98.0	.0	.0	
37.9	33.4	10.4	152.5	151.9	98.0	40.0	.0	
33.0	19.9	13.5	302.5	334.6	35.0	.0	.0	
30.7	19.6	7.7	193.8	206.6	75.0	.0	.0	
32.2	26.0	8.6	57.5	198.3	85.0	.0	.0	
12.0	-.5	16.7	318.8	369.8	12.0	.0	10.2	
20.2	5.7	16.0	300.0	382.9	3.0	.0	.0	
25.7	14.0	11.7	315.0	381.8	2.0	.0	.0	
25.3	18.0	8.2	235.0	338.2	44.0	.0	.0	
29.6	27.6	8.4	42.5	158.4	98.0	.0	218.4	
36.5	31.0	17.3	238.8	194.7	71.0	12.0	.0	
35.6	22.1	18.5	311.3	309.3	28.0	.0	.0	
34.1	22.2	7.9	267.5	264.3	58.0	.0	.0	
43.3	39.1	10.8	153.8	141.4	98.0	85.0	.0	
   3    31    1966
50.1	37.2	22.6	266.3	341.4	46.0	3.0	.0	
45.3	21.4	19.0	282.5	340.5	34.0	.0	.0	
44.7	34.5	7.5	151.3	274.5	54.0	.0	.0	
49.9	47.0	7.9	175.0	168.9	98.0	9.0	.0	
51.6	49.3	11.7	212.5	249.7	77.0	6.0	.0	
36.2	26.5	16.7	303.8	189.2	73.0	2.0	.0	
30.8	18.1	9.4	272.5	257.3	41.0	.0	.0	
28.2	15.4	10.4	256.3	400.5	30.0	.0	.0	
29.8	20.3	7.8	176.3	336.1	28.0	.0	.0	
37.5	23.6	7.6	225.0	459.5	6.0	.0	.0	
42.0	30.4	8.1	166.3	243.3	77.0	.0	.0	
38.1	36.7	12.4	126.3	188.7	98.0	.0	.0	
40.0	36.5	8.1	58.8	320.4	76.0	1.0	.0	
38.2	31.5	8.1	123.8	202.0	98.0	.0	.0	
44.1	27.6	11.8	135.0	418.2	71.0	.0	.0	
34.8	16.1	11.6	110.0	493.5	2.0	.0	.0	
35.8	21.0	8.1	215.0	454.7	5.0	.0	.0	
46.7	30.6	13.4	221.3	468.8	15.0	.0	.0	
48.2	40.5	9.1	233.8	276.9	64.0	11.0	.0	
46.9	35.5	9.8	302.5	327.7	55.0	.0	.0	
42.2	27.5	9.6	272.5	495.8	5.0	.0	.0	
48.3	36.6	10.0	181.3	402.6	72.0	.0	.0	
46.5	41.7	13.7	91.3	205.8	91.0	.0	.0	
50.0	43.5	15.0	210.0	338.3	83.0	23.0	.0	
34.8	20.9	15.2	298.8	463.3	10.0	.0	.0	
38.3	26.7	12.4	150.0	388.5	60.0	.0	.0	
34.1	15.0	15.9	338.8	497.2	23.0	.0	.0	
30.0	9.1	14.9	283.8	459.5	24.0	.0	.0	
36.0	12.6	15.0	277.5	502.7	2.0	.0	.0	
44.8	29.5	10.8	207.5	293.2	78.0	5.0	.0	
42.6	26.1	12.4	266.3	441.3	53.0	10.0	.0	
   4    30    1966
42.0	28.5	8.3	222.5	245.3	75.0	.0	.0	
42.7	26.9	14.7	260.0	301.4	40.0	.0	.0	
44.6	26.6	12.7	251.3	435.7	45.0	.0	.0	
43.2	35.4	8.6	88.8	259.4	98.0	1.0	.0	
41.8	22.6	14.3	296.3	447.5	48.0	.0	.0	
42.0	26.5	10.0	260.0	360.9	45.0	.0	.0	
46.1	31.4	10.0	185.0	395.3	83.0	.0	.0	
44.0	26.1	12.0	293.8	420.7	74.0	.0	.0	
44.5	29.1	6.8	153.8	358.5	78.0	.0	.0	
40.8	27.3	8.9	296.3	366.6	40.0	.0	.0	
43.6	25.8	8.4	302.5	424.3	50.0	.0	.0	
42.0	30.4	9.6	110.0	246.8	98.0	40.0	.0	
41.8	37.4	19.3	62.5	234.0	98.0	64.0	.0	
44.1	33.4	9.4	290.0	396.1	58.0	.0	.0	
45.5	31.1	8.5	233.8	481.5	34.0	.0	.0	
46.3	32.7	6.7	162.5	357.3	50.0	.0	.0	
44.9	32.8	6.9	98.8	548.0	32.0	.0	.0	
52.4	37.4	9.9	202.5	303.2	68.0	.0	.0	
49.0	37.8	12.7	88.8	297.3	94.0	.0	.0	
49.8	43.0	11.7	100.0	350.4	90.0	.0	.0	
60.0	50.8	12.7	157.5	502.5	51.0	.0	.0	
56.4	49.8	7.5	53.8	250.4	98.0	23.0	.0	
52.8	46.0	8.9	103.8	276.8	98.0	1.0	.0	
59.6	53.4	10.1	190.0	300.9	96.0	7.0	.0	
60.5	51.5	8.6	305.0	418.9	65.0	22.0	.0	
56.7	32.7	8.7	233.8	532.4	68.0	.0	.0	
45.8	31.4	18.4	71.3	252.7	98.0	17.0	.0	
41.7	36.7	18.6	76.3	258.2	98.0	60.0	.0	
46.6	39.0	7.9	183.8	285.0	98.0	.0	.0	
49.6	43.2	10.4	181.3	264.1	94.0	23.0	.0	
   5    31    1966
62.9	51.5	8.8	315.0	358.9	95.0	6.0	.0	
50.6	34.5	9.4	77.5	272.0	98.0	1.0	.0	
53.1	37.1	12.0	221.3	665.0	17.0	.0	.0	
50.5	26.9	13.3	282.5	629.6	7.0	.0	.0	
53.5	32.0	13.6	145.0	681.5	13.0	.0	.0	
71.3	44.0	19.9	216.3	585.6	21.0	.0	.0	
49.1	35.9	11.1	230.0	683.0	5.0	.0	.0	
60.0	49.4	11.1	162.5	414.4	77.0	.0	.0	
44.1	42.6	13.1	117.5	266.3	98.0	1.0	.0	
41.1	19.1	15.7	321.3	656.7	8.0	.0	.0	
45.9	24.9	10.1	222.5	573.5	68.0	.0	.0	
52.7	39.6	16.9	175.0	341.6	98.0	.0	.0	
63.5	47.1	15.0	205.0	476.2	74.0	.0	.0	
46.2	39.4	10.8	61.3	282.4	98.0	22.0	.0	
50.2	36.2	9.5	131.3	587.5	38.0	.0	.0	
49.3	35.0	10.3	86.3	557.9	59.0	.0	.0	
51.4	46.5	10.7	100.0	483.2	90.0	.0	.0	
56.5	51.5	10.7	126.3	474.4	91.0	25.0	.0	
60.0	56.7	13.5	153.8	326.8	91.0	51.0	.0	
63.9	55.2	4.6	91.3	565.8	51.0	.0	.0	
64.8	58.8	6.5	130.0	525.3	60.0	14.0	.0	
61.4	55.0	8.8	122.5	331.8	72.0	24.0	.0	
62.4	48.2	8.2	177.5	661.1	11.0	.0	.0	
61.1	49.5	10.0	140.0	619.1	54.0	.0	.0	
64.4	60.1	6.4	98.8	293.7	98.0	36.0	.0	
66.1	59.9	7.2	52.5	443.0	66.0	83.0	.0	
65.6	60.5	10.0	183.8	432.1	88.0	5.0	.0	
65.8	63.0	5.6	176.3	324.1	96.0	49.0	.0	
67.3	54.0	10.1	277.5	460.7	80.0	.0	.0	
55.3	41.9	6.9	110.0	345.6	80.0	.0	.0	
50.6	42.5	5.5	172.5	286.5	75.0	.0	.0	
   6    30    1966
52.8	43.6	6.5	177.5	502.5	43.0	.0	.0	
54.7	36.9	9.3	326.3	558.9	31.0	.0	.0	
62.8	43.9	10.9	251.3	661.7	40.0	.0	.0	
70.2	53.6	11.2	223.8	654.7	39.0	.0	.0	
74.0	60.0	9.9	215.0	705.9	5.0	.0	.0	
71.1	58.9	11.2	188.8	671.8	12.0	.0	.0	
72.0	61.6	10.6	210.0	480.1	67.0	3.0	.0	
74.0	62.1	9.9	225.0	563.4	66.0	.0	.0	
76.1	62.4	10.4	232.5	625.8	46.0	.0	.0	
72.0	63.0	15.0	208.8	294.7	94.0	20.0	.0	
57.4	46.3	11.4	130.0	517.6	73.0	.0	.0	
58.1	49.5	15.1	55.0	324.5	98.0	1.0	.0	
63.5	61.6	13.1	142.5	290.6	96.0	14.0	.0	
72.3	64.8	10.4	200.0	582.3	65.0	1.0	.0	
72.0	61.4	8.8	243.8	542.0	63.0	.0	.0	
71.7	63.0	11.1	191.3	549.5	60.0	128.0	.0	
67.9	64.0	7.1	242.5	299.9	88.0	.0	.0	
67.7	62.2	4.3	92.5	519.1	95.0	.0	.0	
65.7	58.1	5.6	128.8	405.1	72.0	20.0	.0	
64.9	56.0	7.1	152.5	676.6	18.0	.0	.0	
75.2	61.6	6.3	190.0	617.6	19.0	.0	.0	
68.1	56.7	10.0	123.8	655.8	21.0	.0	.0	
71.8	59.5	6.9	175.0	644.6	57.0	.0	.0	
82.1	62.0	11.0	321.3	564.5	35.0	.0	.0	
73.9	61.5	8.9	165.0	670.7	39.0	.0	.0	
71.0	63.5	7.5	107.5	606.1	64.0	.0	.0	
80.2	65.1	10.2	225.0	654.7	50.0	.0	.0	
80.3	64.4	9.6	178.8	573.0	75.0	.0	.0	
77.8	63.5	9.1	211.3	396.2	73.0	.0	.0	
78.4	58.5	8.4	203.8	690.0	2.0	.0	.0	
   7    31    1966
73.8	61.1	8.9	195.0	639.9	31.0	.0	.0	
82.9	62.6	10.2	256.3	674.5	35.0	.0	.0	
88.1	65.3	10.1	238.8	714.1	2.0	.0	.0	
85.9	64.6	12.0	257.5	616.0	51.0	2.0	.0	
75.8	69.7	7.8	80.0	361.1	95.0	22.0	.0	
76.2	70.9	8.2	148.8	402.4	71.0	.0	.0	
79.9	70.5	7.8	233.8	442.4	73.0	61.0	.0	
77.3	64.0	7.6	161.3	593.7	56.0	2.0	.0	
74.5	59.0	8.8	182.5	608.1	51.0	.0	.0	
79.6	67.6	12.1	211.3	478.1	74.0	.0	.0	
84.0	62.8	10.4	282.5	613.0	36.0	.0	.0	
83.3	66.0	10.9	262.5	631.0	36.0	.0	.0	
85.8	70.3	13.0	230.0	618.5	29.0	.0	.0	
81.0	67.8	7.8	215.0	489.7	59.0	.0	.0	
67.5	62.0	7.5	166.3	383.6	61.0	20.0	.0	
68.5	54.2	8.7	122.5	644.0	9.0	.0	.0	
68.2	53.0	7.4	182.5	653.8	8.0	.0	.0	
74.8	58.2	11.2	196.3	627.5	45.0	.0	.0	
76.6	63.4	12.8	183.8	596.4	70.0	101.0	.0	
69.6	59.6	9.8	212.5	503.8	50.0	.0	.0	
66.1	49.5	7.5	228.8	647.4	8.0	.0	.0	
70.9	58.1	9.8	225.0	612.6	16.0	.0	.0	
69.7	58.9	4.9	96.3	610.7	48.0	.0	.0	
67.8	56.5	6.5	122.5	649.9	20.0	.0	.0	
70.8	55.3	5.6	92.5	624.0	15.0	.0	.0	
78.6	67.6	10.7	221.3	608.5	44.0	.0	.0	
76.5	68.4	9.5	111.3	563.3	78.0	14.0	.0	
77.5	72.7	11.4	193.8	328.8	98.0	13.0	.0	
77.8	69.6	8.5	287.5	373.5	86.0	24.0	.0	
64.0	57.0	7.5	27.5	281.7	90.0	.0	.0	
66.9	57.1	8.4	86.3	563.7	46.0	.0	.0	
   8    31    1966
74.2	58.0	10.8	241.3	594.6	32.0	.0	.0	
73.8	63.4	15.3	218.8	332.0	89.0	115.0	.0	
68.3	57.0	11.0	236.3	596.4	41.0	16.0	.0	
68.5	56.8	6.2	186.3	483.8	74.0	4.0	.0	
68.5	57.3	9.1	75.0	295.9	97.0	10.0	.0	
72.1	58.5	7.7	158.8	614.7	42.0	.0	.0	
71.4	64.8	8.0	130.0	446.1	74.0	.0	.0	
73.9	69.0	9.8	160.0	468.6	77.0	14.0	.0	
73.3	69.5	7.8	127.5	326.0	93.0	.0	.0	
77.1	71.1	10.1	217.5	437.0	66.0	1.0	.0	
77.8	68.8	14.7	207.5	449.3	59.0	50.0	.0	
74.8	66.6	11.4	248.8	411.8	61.0	.0	.0	
68.7	55.6	7.9	227.5	522.2	70.0	.0	.0	
72.0	60.3	7.9	120.0	313.7	98.0	.0	.0	
74.7	71.2	8.2	230.0	255.2	86.0	54.0	.0	
75.3	71.2	6.8	111.3	407.3	85.0	.0	.0	
76.4	62.4	11.7	282.5	593.8	11.0	.0	.0	
75.3	61.0	7.7	218.8	585.0	16.0	.0	.0	
78.4	71.3	6.5	205.0	476.6	66.0	.0	.0	
72.7	64.5	9.2	95.0	376.5	60.0	.0	.0	
73.6	65.5	7.4	110.0	531.2	57.0	.0	.0	
78.4	71.4	9.6	181.3	360.6	83.0	.0	.0	
79.6	72.5	11.4	228.8	330.1	68.0	640.0	.0	
69.5	54.9	9.8	305.0	556.2	37.0	.0	.0	
66.1	54.7	5.8	238.8	430.7	53.0	.0	.0	
68.3	57.7	7.5	247.5	527.7	35.0	.0	.0	
69.4	61.0	5.3	230.0	521.8	42.0	.0	.0	
72.5	62.9	5.5	240.0	558.1	10.0	.0	.0	
74.4	67.5	5.3	127.5	576.5	3.0	.0	.0	
75.9	67.8	7.8	206.3	480.2	68.0	.0	.0	
75.6	69.3	5.2	201.3	475.0	64.0	.0	.0	
   9    30    1966
71.1	67.7	6.3	117.5	286.8	98.0	.0	.0	
74.3	62.9	7.5	293.8	414.8	98.0	.0	.0	
72.1	66.6	9.3	178.8	487.8	53.0	.0	.0	
77.3	71.6	10.4	187.5	323.5	90.0	.0	.0	
77.5	65.3	7.8	260.0	421.1	63.0	4.0	.0	
73.6	56.3	5.8	207.5	489.5	34.0	.0	.0	
67.7	53.5	5.6	285.0	457.3	52.0	.0	.0	
62.3	57.4	6.6	208.8	280.7	59.0	5.0	.0	
66.0	56.0	7.5	290.0	334.2	63.0	.0	.0	
68.3	53.9	7.2	302.5	425.6	41.0	.0	.0	
68.7	57.9	7.1	210.0	491.3	19.0	.0	.0	
67.8	57.0	8.4	111.3	380.8	70.0	.0	.0	
65.3	58.3	6.2	115.0	256.4	95.0	.0	.0	
71.1	66.7	10.2	108.8	221.2	98.0	91.0	.0	
65.3	58.8	10.3	282.5	224.1	88.0	.0	.0	
55.3	41.2	7.2	263.8	475.1	27.0	.0	.0	
59.3	48.7	3.6	122.5	452.0	41.0	.0	.0	
60.6	52.6	2.9	95.0	395.2	61.0	.0	.0	
64.6	58.9	4.3	75.0	299.6	90.0	9.0	.0	
63.1	59.7	16.0	86.3	190.7	98.0	78.0	.0	
69.5	66.7	15.5	142.5	199.7	89.0	263.0	.0	
64.5	61.4	7.9	216.3	207.5	75.0	56.0	.0	
60.8	48.2	11.2	258.8	444.2	15.0	.0	.0	
55.7	40.0	10.9	277.5	421.6	27.0	.0	.0	
55.9	47.3	6.7	270.0	242.3	96.0	3.0	.0	
53.1	42.8	4.6	222.5	273.2	63.0	.0	.0	
52.9	48.9	3.7	158.8	181.2	95.0	16.0	.0	
58.0	56.1	5.5	188.8	201.0	98.0	26.0	.0	
61.3	59.5	6.1	182.5	189.6	98.0	76.0	.0	
64.3	54.0	8.4	232.5	417.6	40.0	.0	.0	
  10    31    1966
51.5	48.4	8.7	222.5	170.3	90.0	97.0	.0	
48.7	41.5	5.5	221.3	422.0	2.0	.0	.0	
49.5	41.9	2.6	72.5	418.0	10.0	.0	.0	
62.5	58.0	6.3	131.3	237.0	78.0	.0	.0	
60.1	51.9	10.0	278.8	200.2	62.0	46.0	.0	
48.2	35.5	8.9	267.5	382.6	5.0	.0	.0	
50.8	38.9	6.7	268.8	428.4	2.0	.0	.0	
58.3	49.0	6.9	226.3	422.8	13.0	.0	.0	
63.5	56.2	6.7	212.5	378.3	44.0	.0	.0	
65.3	56.9	9.5	248.8	247.5	58.0	2.0	.0	
55.5	37.5	9.4	201.3	378.4	24.0	.0	.0	
53.9	39.4	9.3	225.0	331.3	38.0	.0	.0	
50.8	45.3	6.8	75.0	329.5	33.0	.0	.0	
56.2	51.5	9.0	101.3	322.2	36.0	.0	.0	
57.0	52.9	7.8	150.0	240.1	52.0	.0	.0	
61.6	54.5	14.3	257.5	214.8	57.0	20.0	.0	
46.3	39.1	10.8	286.3	288.6	44.0	.0	.0	
45.9	38.5	8.3	210.0	226.7	64.0	5.0	.0	
61.7	57.4	10.3	168.8	149.2	98.0	203.0	.0	
51.3	38.1	19.3	292.5	318.9	36.0	.0	.0	
46.7	34.1	9.0	256.3	353.4	8.0	.0	.0	
52.4	42.4	10.8	203.8	365.7	15.0	.0	.0	
62.7	55.7	7.8	243.8	265.7	85.0	.0	.0	
58.4	45.4	8.9	193.8	185.5	86.0	.0	.0	
53.8	38.9	8.1	73.8	158.0	88.0	.0	.0	
50.0	37.5	9.3	121.3	287.4	40.0	.0	.0	
45.0	38.5	7.5	156.3	298.2	23.0	.0	.0	
46.6	37.9	7.1	203.8	340.2	2.0	.0	.0	
54.8	38.2	13.3	301.3	326.9	9.0	.0	.0	
40.4	19.6	11.0	307.5	323.2	27.0	.0	.0	
43.5	31.7	9.4	203.8	305.4	35.0	.0	.0	
  11    30    1966
56.9	52.2	10.1	153.8	266.2	65.0	.0	.0	
65.4	60.6	12.8	106.3	126.7	85.0	15.0	.0	
53.5	43.0	19.2	238.8	239.2	65.0	42.0	.0	
36.0	19.1	12.5	262.5	320.1	2.0	.0	.0	
44.5	30.2	10.4	211.3	264.6	45.0	.0	.0	
45.9	36.8	13.7	305.0	235.8	54.0	2.0	.0	
44.9	35.8	8.4	216.3	253.6	56.0	.0	.0	
54.5	45.3	12.8	200.0	197.8	68.0	.0	.0	
62.4	50.9	12.6	206.3	214.2	86.0	.0	.0	
63.8	59.8	16.4	195.0	127.1	98.0	10.0	.0	
63.1	56.4	11.0	211.3	268.6	51.0	22.0	.0	
51.9	48.8	9.3	300.0	116.0	76.0	15.0	.0	
42.0	29.3	10.9	302.5	265.0	20.0	.0	.0	
40.5	27.9	8.3	331.3	261.1	2.0	.0	.0	
40.0	28.0	11.4	338.8	237.4	19.0	.0	.0	
43.9	34.9	9.8	231.3	226.3	56.0	.0	.0	
54.2	43.9	11.4	208.8	231.9	80.0	.0	.0	
55.8	44.9	11.4	220.0	112.0	72.0	.0	.0	
44.4	30.5	15.7	326.3	151.5	62.0	.0	.0	
32.8	22.3	12.1	161.3	237.2	4.0	.0	.0	
37.1	25.9	11.5	118.8	244.6	37.0	.0	.0	
36.5	26.9	10.1	201.3	249.8	18.0	.0	.0	
36.9	24.5	8.6	306.3	232.7	23.0	.0	.0	
48.1	35.0	10.4	297.5	232.3	43.0	.0	.0	
55.0	41.4	8.8	215.0	191.6	79.0	.0	.0	
53.0	47.3	10.8	262.5	153.8	52.0	9.0	.0	
47.2	43.3	8.6	163.8	127.9	68.0	.0	.0	
51.7	49.6	23.1	155.0	105.6	98.0	76.0	.0	
39.0	29.9	16.7	220.0	195.3	62.0	.0	.0	
35.0	29.5	15.7	258.8	156.2	62.0	.0	.0	
  12    31    1966
37.4	29.9	10.0	238.8	195.0	55.0	.0	.0	
34.9	22.4	13.2	277.5	94.9	94.0	.0	.0	
18.9	4.4	14.8	320.0	206.3	13.0	.0	.0	
17.1	1.6	8.7	261.3	236.4	2.0	.0	.0	
28.9	18.6	3.0	130.0	121.9	78.0	.0	2.5	
39.5	35.4	3.7	156.3	151.1	85.0	.0	.0	
48.0	43.4	8.3	171.3	80.6	94.0	.0	.0	
60.0	53.6	9.5	221.3	151.8	70.0	.0	.0	
58.6	53.4	7.9	206.3	197.0	10.0	.0	.0	
59.2	56.1	11.9	187.5	155.1	74.0	.0	.0	
51.1	44.4	12.0	293.8	143.3	60.0	14.0	.0	
32.4	24.5	8.6	180.0	210.1	14.0	.0	.0	
37.5	33.8	12.1	78.8	89.3	98.0	86.0	.0	
36.8	35.8	11.8	253.8	112.5	97.0	10.0	.0	
34.4	27.6	10.1	292.5	208.8	10.0	.0	.0	
34.8	27.5	6.5	260.0	161.1	59.0	.0	.0	
42.5	31.9	7.8	215.0	209.1	16.0	.0	.0	
50.9	37.0	8.8	242.5	166.8	73.0	.0	.0	
31.5	19.6	10.0	178.8	196.4	25.0	.0	.0	
36.1	29.9	6.2	117.5	90.8	94.0	95.0	.0	
33.6	31.9	12.1	248.8	129.2	83.0	56.0	.0	
31.0	25.1	7.5	288.8	202.0	9.0	.0	.0	
30.8	22.1	6.4	200.0	143.4	68.0	.0	.0	
26.7	23.4	17.2	101.3	103.9	98.0	.0	154.9	
28.6	18.9	19.2	263.8	210.0	36.0	.0	5.1	
28.3	15.3	14.5	266.3	223.5	20.0	.0	.0	
25.7	16.5	10.8	276.3	150.5	33.0	.0	.0	
25.4	19.2	4.8	165.0	110.9	77.0	.0	38.1	
41.5	32.4	18.7	236.3	180.6	52.0	141.0	.0	
32.2	19.0	16.3	275.0	189.7	18.0	.0	.0	
29.1	20.5	3.9	160.0	182.6	50.0	.0	.0	
