   1    31    1964
29.7	24.4	14.9	88.8	55.9	98.0	.0	99.1	
38.0	27.0	15.8	263.3	150.7	51.0	.0	.0	
40.2	29.7	7.6	222.9	188.6	16.0	.0	.0	
41.5	27.2	14.1	271.3	190.6	13.0	.0	.0	
38.7	22.0	10.4	252.9	207.8	3.0	.0	.0	
41.0	26.9	8.4	220.4	126.7	86.0	2.0	.0	
41.0	28.8	9.9	297.9	117.5	55.0	14.0	.0	
35.1	21.4	8.7	68.3	215.2	28.0	.0	.0	
42.8	40.1	13.8	122.9	50.9	98.0	129.0	.0	
34.4	17.4	20.9	277.9	198.9	33.0	.0	.0	
28.6	10.4	12.0	291.7	229.5	2.0	.0	.0	
19.8	.9	16.6	102.5	96.7	77.0	.0	20.3	
17.0	13.8	27.1	59.6	120.6	98.0	.0	281.9	
15.2	-.5	16.4	317.5	247.1	32.0	.0	2.5	
19.2	2.8	10.3	266.3	225.7	3.0	.0	.0	
25.5	8.2	10.2	234.2	231.8	14.0	.0	.0	
31.9	16.0	8.0	240.0	214.7	35.0	.0	.0	
31.3	20.3	8.0	181.7	227.9	41.0	.0	.0	
34.8	24.4	5.7	141.7	207.7	53.0	.0	.0	
39.8	37.0	10.8	163.3	87.1	98.0	142.0	.0	
45.1	28.3	21.2	295.0	195.7	49.0	6.0	.0	
42.6	26.3	9.4	201.3	219.9	35.0	.0	.0	
38.3	28.7	6.2	115.8	239.7	28.0	.0	.0	
39.0	36.3	5.1	182.1	108.9	84.0	.0	.0	
47.9	40.4	15.3	219.2	68.2	93.0	52.0	.0	
40.2	19.6	15.3	250.8	220.0	18.0	.0	.0	
39.3	17.7	8.8	224.6	238.9	42.0	.0	.0	
31.4	19.8	19.0	242.5	145.5	60.0	.0	17.8	
26.0	6.3	11.3	301.3	246.1	28.0	.0	.0	
33.7	17.5	13.0	296.7	197.1	51.0	.0	.0	
32.6	23.6	8.0	168.8	167.3	63.0	1.0	.0	
   2    29    1964
36.3	34.2	9.2	159.2	104.1	98.0	16.0	.0	
36.9	20.8	19.0	309.6	252.3	41.0	.0	.0	
24.7	4.1	18.4	317.9	262.6	3.0	.0	.0	
32.4	9.4	13.7	275.8	256.1	51.0	.0	.0	
44.5	21.7	14.4	267.1	278.4	34.0	.0	.0	
39.1	33.5	12.5	132.9	81.9	93.0	52.0	.0	
42.8	34.6	14.6	263.8	120.0	90.0	10.0	.0	
33.2	21.2	15.6	290.4	201.4	62.0	8.0	.0	
30.2	12.2	13.2	243.3	294.3	22.0	.0	.0	
23.1	17.5	10.8	82.9	150.9	80.0	.0	61.0	
23.6	11.2	13.8	40.0	143.4	87.0	.0	7.6	
30.9	12.3	11.7	156.7	330.0	22.0	.0	.0	
32.3	21.3	8.0	215.0	140.6	81.0	2.0	.0	
36.1	23.7	15.0	312.1	273.7	34.0	.0	.0	
32.3	20.4	9.7	244.2	269.7	55.0	11.0	.0	
32.3	27.0	18.1	249.6	170.8	75.0	33.0	.0	
29.1	10.5	10.7	297.9	293.8	31.0	.0	.0	
33.3	24.1	8.5	130.0	145.7	83.0	10.0	.0	
30.6	27.7	17.8	198.3	191.4	98.0	.0	144.8	
32.1	22.3	14.8	293.8	319.4	65.0	6.0	.0	
26.8	12.5	14.7	302.5	285.7	39.0	.0	.0	
22.2	6.9	14.3	303.3	382.4	2.0	.0	.0	
26.3	11.3	9.1	286.3	386.5	2.0	.0	.0	
29.7	14.1	13.7	264.2	301.4	55.0	.0	.0	
26.5	11.9	8.0	208.8	266.5	59.0	.0	.0	
35.5	24.7	12.4	267.5	281.8	67.0	.0	.0	
29.7	9.1	11.1	292.5	384.8	10.0	.0	.0	
30.3	19.5	12.4	85.0	188.2	61.0	.0	68.6	
35.0	17.3	17.4	301.7	355.9	20.0	.0	.0	
   3    31    1964
38.2	22.0	11.4	231.3	308.8	34.0	.0	.0	
45.9	31.6	7.3	230.4	330.9	82.0	.0	.0	
45.9	39.1	5.5	128.3	133.5	83.0	13.0	.0	
42.2	37.8	7.4	136.7	177.9	92.0	16.0	.0	
58.9	46.5	19.2	213.8	194.7	73.0	4.0	.0	
42.8	19.5	13.6	264.2	386.1	8.0	.0	.0	
45.1	31.4	9.7	215.4	272.3	62.0	.0	.0	
44.6	29.4	10.4	103.8	187.4	86.0	5.0	.0	
48.1	44.5	8.8	151.3	213.4	98.0	10.0	.0	
40.4	36.8	14.8	57.1	133.3	98.0	41.0	.0	
33.2	20.2	13.0	272.1	223.6	86.0	.0	.0	
31.7	26.4	6.7	142.9	209.4	70.0	.0	71.1	
39.4	23.8	10.1	275.0	455.3	14.0	.0	.0	
44.8	36.7	11.9	206.7	252.5	73.0	.0	.0	
48.5	33.5	12.7	282.5	198.3	83.0	1.0	.0	
44.6	15.9	13.6	281.7	427.8	2.0	.0	.0	
45.8	28.3	9.7	225.8	210.7	75.0	.0	.0	
32.1	12.2	24.3	311.7	440.5	38.0	.0	.0	
33.3	12.1	18.4	308.8	453.2	2.0	.0	.0	
40.0	16.9	10.5	189.2	392.0	65.0	.0	.0	
38.1	29.1	15.2	101.3	220.8	98.0	5.0	.0	
39.8	28.5	14.3	101.3	286.1	82.0	36.0	.0	
44.7	21.1	11.0	180.8	492.2	15.0	.0	.0	
44.3	29.2	8.4	117.1	391.3	52.0	.0	.0	
59.9	45.3	11.3	231.3	328.0	73.0	.0	.0	
50.8	42.1	12.5	150.8	196.8	74.0	11.0	.0	
39.8	14.9	16.9	279.6	495.9	3.0	.0	.0	
40.6	23.7	10.7	127.5	441.8	73.0	56.0	.0	
43.2	26.7	13.4	303.3	482.3	45.0	1.0	.0	
33.7	12.4	15.1	323.8	236.6	62.0	.0	.0	
29.8	8.6	14.6	294.6	418.1	49.0	.0	.0	
   4    30    1964
35.7	9.0	12.0	244.2	499.8	10.0	.0	.0	
40.3	23.5	13.3	225.4	466.6	49.0	11.0	.0	
49.2	39.6	17.4	269.6	328.2	75.0	21.0	.0	
36.7	13.0	16.5	319.6	533.2	8.0	.0	.0	
38.4	14.8	9.7	215.4	565.0	25.0	.0	.0	
39.2	34.0	8.0	150.0	160.4	83.0	109.0	.0	
49.7	47.9	7.2	216.7	234.8	98.0	39.0	.0	
53.7	49.5	10.6	252.1	164.6	93.0	63.0	.0	
42.9	25.8	15.5	288.8	371.2	48.0	.0	.0	
49.9	25.0	9.9	267.1	588.4	14.0	.0	.0	
51.1	27.4	8.9	210.0	570.5	14.0	.0	.0	
47.9	34.2	7.7	142.9	463.5	74.0	.0	.0	
51.1	45.5	9.0	97.1	354.7	81.0	.0	.0	
52.4	50.8	6.5	112.1	179.9	98.0	79.0	.0	
54.1	48.2	9.7	191.3	267.2	90.0	31.0	.0	
52.2	21.0	13.2	312.1	585.0	9.0	.0	.0	
57.1	39.7	7.6	150.0	549.2	44.0	.0	.0	
69.5	47.3	10.5	228.3	509.9	61.0	3.0	.0	
54.7	47.4	10.2	84.2	234.2	98.0	30.0	.0	
44.7	38.3	12.4	95.0	236.1	98.0	60.0	.0	
41.8	35.6	11.0	85.0	272.6	98.0	2.0	.0	
44.2	41.8	7.5	154.6	250.6	98.0	7.0	.0	
58.3	44.0	9.1	252.5	590.0	50.0	.0	.0	
52.7	36.9	13.5	110.8	412.2	72.0	.0	.0	
49.7	38.3	9.7	100.8	388.4	66.0	.0	.0	
51.4	39.4	10.2	200.8	625.2	5.0	.0	.0	
53.2	41.2	9.3	178.3	585.0	47.0	1.0	.0	
53.0	50.7	10.7	104.6	174.7	98.0	45.0	.0	
45.3	40.8	15.5	66.7	194.1	98.0	47.0	.0	
46.9	42.1	12.6	68.8	243.5	98.0	8.0	.0	
   5    31    1964
51.5	32.9	14.3	80.4	300.5	93.0	.0	.0	
48.8	32.5	13.4	84.6	538.4	50.0	.0	.0	
51.3	35.6	10.0	111.3	540.3	43.0	.0	.0	
56.3	42.5	7.0	127.1	644.8	3.0	.0	.0	
57.8	47.4	9.7	92.1	555.2	15.0	.0	.0	
57.5	44.3	8.5	101.3	630.0	17.0	.0	.0	
67.7	49.8	8.9	228.8	503.8	44.0	.0	.0	
76.5	58.7	8.4	244.6	476.2	53.0	.0	.0	
78.0	54.9	14.3	243.3	441.0	94.0	.0	.0	
69.0	43.6	15.8	287.1	451.2	48.0	.0	.0	
68.0	39.5	12.5	266.3	630.5	33.0	.0	.0	
64.2	44.8	8.2	87.5	446.8	66.0	.0	.0	
61.2	56.4	7.8	80.4	292.0	83.0	27.0	.0	
62.9	57.5	9.5	135.8	361.5	95.0	16.0	.0	
56.6	48.4	10.3	113.8	340.1	67.0	8.0	.0	
63.1	50.2	13.7	226.3	636.4	13.0	.0	.0	
68.2	51.0	8.6	226.7	564.1	34.0	.0	.0	
71.7	42.7	10.5	273.8	590.6	29.0	.0	.0	
76.1	55.0	13.7	212.1	665.4	40.0	.0	.0	
67.9	45.5	15.9	300.8	602.7	52.0	1.0	.0	
58.2	36.0	12.1	142.1	688.6	23.0	.0	.0	
70.0	51.0	13.1	240.4	602.8	63.0	.0	.0	
81.7	57.7	9.8	243.8	647.3	40.0	.0	.0	
82.0	59.9	12.0	242.1	619.9	15.0	.0	.0	
74.2	45.2	16.8	294.6	631.8	25.0	.0	.0	
71.1	43.0	12.3	258.8	651.1	51.0	.0	.0	
73.4	47.0	14.1	285.4	511.8	70.0	.0	.0	
62.3	35.6	14.1	326.7	624.6	59.0	.0	.0	
59.0	36.4	12.2	291.3	622.6	31.0	.0	.0	
60.4	40.1	8.3	123.3	688.0	45.0	.0	.0	
61.5	44.4	7.6	159.6	321.8	78.0	.0	.0	
   6    30    1964
58.1	50.4	7.3	142.9	244.9	95.0	8.0	.0	
61.6	50.8	8.6	212.9	393.5	73.0	.0	.0	
58.2	48.6	8.1	197.1	405.9	51.0	60.0	.0	
63.3	42.1	12.4	278.8	596.0	24.0	.0	.0	
62.5	35.6	10.8	222.1	698.8	30.0	.0	.0	
59.6	49.6	9.4	159.6	281.2	72.0	17.0	.0	
66.2	60.0	7.8	167.1	308.2	93.0	46.0	.0	
66.7	60.9	6.2	198.8	272.1	73.0	9.0	.0	
64.5	59.4	9.4	108.8	477.5	85.0	.0	.0	
78.3	60.3	14.9	250.8	534.5	35.0	.0	.0	
70.0	43.0	14.2	316.7	727.0	10.0	.0	.0	
73.5	47.4	9.2	175.8	635.5	55.0	.0	.0	
73.2	60.2	9.1	240.4	354.8	68.0	.0	.0	
80.3	58.2	11.9	265.8	649.6	20.0	.0	.0	
71.3	57.4	8.6	141.3	464.7	73.0	117.0	.0	
64.5	41.3	17.4	319.6	615.9	30.0	.0	.0	
66.6	39.6	15.2	297.1	720.5	6.0	.0	.0	
69.5	45.7	8.9	213.8	673.4	39.0	.0	.0	
73.0	66.0	8.0	176.3	290.5	70.0	25.0	.0	
83.7	67.6	10.0	249.2	656.7	65.0	.0	.0	
82.5	64.5	7.6	183.8	625.2	75.0	.0	.0	
76.0	66.1	9.7	131.7	379.2	76.0	26.0	.0	
68.9	64.6	7.4	152.9	383.2	91.0	.0	.0	
74.3	69.6	10.0	212.1	304.9	95.0	1.0	.0	
70.7	53.6	13.2	317.1	675.8	11.0	.0	.0	
73.5	54.6	8.3	195.8	699.6	2.0	.0	.0	
80.3	57.8	13.6	277.9	623.3	18.0	.0	.0	
74.9	48.3	10.1	152.5	695.4	7.0	.0	.0	
75.2	51.2	9.5	131.7	696.2	14.0	.0	.0	
84.6	63.1	10.3	274.6	693.0	20.0	.0	.0	
   7    31    1964
86.6	62.6	10.7	271.7	655.9	45.0	2.0	.0	
80.4	65.5	7.8	215.0	418.2	87.0	.0	.0	
83.5	67.0	10.4	243.8	597.2	63.0	.0	.0	
75.8	62.3	11.5	292.1	334.0	85.0	1.0	.0	
72.3	51.0	13.4	329.2	502.6	26.0	.0	.0	
75.3	49.8	11.5	257.5	629.6	14.0	.0	.0	
75.9	52.7	9.4	220.0	625.7	46.0	.0	.0	
68.9	64.0	9.0	153.3	224.8	93.0	160.0	.0	
63.0	60.6	15.0	53.8	220.6	98.0	43.0	.0	
71.6	60.9	9.8	141.3	578.1	57.0	20.0	.0	
71.4	65.2	8.3	120.8	559.6	60.0	.0	.0	
72.8	66.4	9.9	117.5	466.4	98.0	.0	.0	
66.3	63.6	11.5	66.3	196.0	98.0	108.0	.0	
75.7	63.3	9.2	255.4	560.6	47.0	3.0	.0	
79.4	63.2	10.1	244.2	641.2	30.0	7.0	.0	
77.4	64.0	7.3	170.4	549.8	46.0	.0	.0	
80.5	66.2	9.2	230.0	573.2	26.0	.0	.0	
82.3	68.3	11.6	231.3	636.3	18.0	.0	.0	
82.0	70.1	13.0	235.8	653.4	53.0	.0	.0	
77.5	68.9	9.7	150.0	361.5	91.0	.0	.0	
76.6	70.4	7.5	134.6	416.9	84.0	20.0	.0	
77.0	71.2	8.9	222.9	258.1	88.0	26.0	.0	
76.3	70.0	8.1	162.1	569.4	69.0	1.0	.0	
67.8	63.3	14.5	66.3	300.8	98.0	2.0	.0	
66.6	59.3	12.0	69.6	401.2	77.0	1.0	.0	
70.5	61.0	9.4	173.8	305.7	98.0	.0	.0	
79.4	69.2	10.2	232.5	592.0	51.0	.0	.0	
78.1	71.0	9.6	185.0	577.4	47.0	.0	.0	
81.7	72.1	11.0	233.3	512.7	80.0	80.0	.0	
75.9	55.1	12.8	322.1	590.2	19.0	.0	.0	
71.6	47.2	10.0	165.8	614.6	17.0	.0	.0	
   8    31    1964
72.4	53.3	9.7	175.8	558.8	55.0	.0	.0	
74.7	61.8	12.7	215.4	371.3	91.0	1.0	.0	
68.9	56.0	11.9	87.5	384.9	77.0	.0	.0	
69.5	51.4	9.6	150.4	578.9	35.0	.0	.0	
70.7	60.0	9.7	250.0	360.0	51.0	.0	.0	
72.3	54.0	9.6	250.0	629.8	11.0	.0	.0	
72.4	59.6	11.2	198.8	608.3	65.0	.0	.0	
76.3	61.0	12.9	256.3	373.7	64.0	.0	.0	
67.8	44.8	12.0	305.4	564.0	10.0	.0	.0	
68.8	50.2	9.3	143.3	420.4	86.0	.0	.0	
74.2	67.5	9.1	158.8	364.6	83.0	.0	.0	
77.6	62.8	13.5	238.8	461.3	72.0	1.0	.0	
67.4	48.0	12.5	296.3	521.1	27.0	.0	.0	
65.4	44.2	11.2	287.1	536.3	23.0	.0	.0	
67.9	45.1	10.1	282.1	523.3	30.0	.0	.0	
69.1	52.6	12.1	207.5	514.0	44.0	.0	.0	
71.4	59.3	8.0	222.5	333.1	59.0	.0	.0	
71.8	59.1	9.9	256.7	387.9	72.0	38.0	.0	
68.8	50.4	10.7	305.4	528.6	26.0	.0	.0	
69.4	49.0	9.4	210.8	414.1	58.0	.0	.0	
69.9	56.3	7.9	165.4	340.7	83.0	.0	.0	
80.1	68.3	11.4	205.0	534.8	47.0	10.0	.0	
81.7	70.4	8.0	233.8	277.0	73.0	.0	.0	
81.5	58.6	8.7	281.7	497.0	41.0	.0	.0	
77.5	62.6	10.6	139.6	503.9	35.0	.0	.0	
76.5	63.0	10.0	280.0	352.9	63.0	.0	.0	
71.4	53.5	9.3	77.9	582.2	8.0	.0	.0	
71.6	61.0	8.5	89.2	527.0	45.0	.0	.0	
78.3	66.7	8.2	152.9	529.2	61.0	.0	.0	
79.6	69.4	8.1	186.3	423.5	46.0	.0	.0	
79.4	72.1	10.4	221.3	230.6	90.0	.0	.0	
   9    30    1964
76.3	57.0	13.8	165.8	454.1	48.0	.0	.0	
69.2	50.1	10.4	120.8	566.4	2.0	.0	.0	
73.2	52.2	9.1	217.1	550.5	7.0	.0	.0	
80.1	58.1	9.8	233.3	488.7	55.0	3.0	.0	
79.6	55.0	11.7	280.8	523.8	8.0	.0	.0	
71.0	49.0	7.9	247.9	511.5	23.0	.0	.0	
70.5	55.9	9.0	112.5	528.7	5.0	.0	.0	
72.4	59.3	9.8	224.2	501.7	4.0	.0	.0	
77.5	61.3	9.4	212.1	489.4	16.0	.0	.0	
75.3	64.2	9.7	175.0	507.6	42.0	.0	.0	
79.1	65.5	13.0	194.2	425.5	81.0	11.0	.0	
66.1	50.8	11.1	82.5	270.0	95.0	5.0	.0	
59.1	39.7	10.4	40.8	235.2	98.0	.0	.0	
63.3	38.3	9.3	138.8	417.0	45.0	.0	.0	
64.8	39.1	11.4	237.9	437.3	5.0	.0	.0	
59.6	41.5	10.1	127.5	453.4	49.0	.0	.0	
72.5	56.7	10.3	229.6	429.1	55.0	.0	.0	
73.3	56.3	8.0	92.9	432.5	70.0	.0	.0	
61.7	49.2	12.7	85.0	177.0	98.0	1.0	.0	
60.7	48.8	10.1	84.2	340.8	80.0	.0	.0	
62.3	52.2	10.4	61.3	417.5	31.0	.0	.0	
67.0	56.6	14.2	49.6	190.2	95.0	.0	.0	
74.1	61.4	10.7	136.3	386.2	40.0	.0	.0	
72.6	40.4	13.5	264.2	441.2	5.0	.0	.0	
62.6	40.9	11.6	273.3	340.9	33.0	.0	.0	
62.3	45.3	8.7	203.8	468.8	4.0	.0	.0	
67.5	55.7	14.5	230.0	281.0	77.0	.0	.0	
56.0	45.0	9.7	170.0	153.0	98.0	23.0	.0	
54.9	53.0	8.3	73.8	136.8	98.0	87.0	.0	
58.0	51.5	7.8	193.3	185.5	83.0	.0	.0	
  10    31    1964
57.9	48.0	10.3	79.6	375.1	41.0	.0	.0	
59.1	55.9	6.5	82.1	139.9	93.0	67.0	.0	
64.3	42.6	10.9	288.3	417.0	25.0	21.0	.0	
61.8	50.2	10.9	245.8	180.0	80.0	.0	.0	
52.7	32.7	12.0	290.4	173.1	77.0	.0	.0	
51.2	33.0	8.0	125.4	340.3	53.0	.0	.0	
49.5	24.7	14.2	98.8	347.1	24.0	.0	.0	
49.3	30.4	8.6	117.1	397.2	8.0	.0	.0	
54.8	47.0	7.5	137.5	285.2	63.0	.0	.0	
48.9	29.1	16.4	305.8	276.1	46.0	.0	.0	
46.7	20.9	13.6	307.9	409.4	10.0	.0	.0	
51.0	29.3	9.5	223.3	378.7	24.0	.0	.0	
58.5	37.9	7.4	208.8	243.7	83.0	.0	.0	
58.9	40.1	7.9	274.6	369.2	5.0	.0	.0	
61.9	41.9	7.5	236.3	270.8	53.0	.0	.0	
63.5	46.9	8.4	112.1	188.8	93.0	.0	.0	
60.9	58.1	15.9	37.1	104.0	98.0	49.0	.0	
67.0	50.7	11.1	229.2	206.6	47.0	.0	.0	
54.4	43.7	11.7	287.1	145.2	75.0	.0	.0	
49.5	38.7	8.7	211.7	163.6	98.0	15.0	.0	
50.1	34.5	11.3	232.1	317.3	48.0	3.0	.0	
51.0	34.2	11.4	296.7	266.7	21.0	.0	.0	
46.1	29.2	10.1	275.8	236.8	28.0	.0	.0	
43.8	25.5	10.0	295.4	314.1	26.0	.0	.0	
51.7	32.7	9.0	247.5	328.9	13.0	.0	.0	
62.9	39.6	7.9	245.8	317.7	2.0	.0	.0	
64.2	44.7	4.8	207.9	214.8	65.0	.0	.0	
60.8	47.0	7.7	194.2	220.7	52.0	.0	.0	
60.2	51.4	7.4	207.9	156.8	93.0	.0	.0	
55.7	34.4	12.8	316.3	309.7	26.0	.0	.0	
50.8	25.1	9.4	305.4	305.1	2.0	.0	.0	
  11    30    1964
50.6	25.0	6.7	183.3	285.3	2.0	.0	.0	
52.8	37.5	7.4	150.0	265.2	43.0	.0	.0	
53.4	43.6	6.3	161.3	251.2	43.0	.0	.0	
52.6	26.8	7.6	139.6	293.9	2.0	.0	.0	
51.4	39.6	9.6	268.3	121.8	65.0	6.0	.0	
49.6	37.3	13.1	330.0	165.4	34.0	.0	.0	
52.9	37.6	8.2	273.3	275.2	27.0	.0	.0	
54.2	42.5	6.7	255.8	276.1	23.0	.0	.0	
55.7	38.1	6.6	207.9	248.7	23.0	.0	.0	
57.5	40.6	7.4	232.1	258.2	28.0	.0	.0	
54.1	48.7	7.0	123.3	133.4	70.0	.0	.0	
54.3	48.8	5.2	185.4	207.8	84.0	.0	.0	
62.1	42.4	13.2	256.3	180.3	43.0	.0	.0	
53.9	32.2	13.9	300.4	239.3	3.0	.0	.0	
52.8	36.9	6.4	236.7	223.3	30.0	.0	.0	
52.9	46.3	10.7	185.4	105.3	85.0	4.0	.0	
47.8	28.8	14.2	274.2	209.9	33.0	.0	.0	
47.6	22.1	11.8	267.5	240.2	37.0	.0	.0	
47.3	39.8	8.3	92.9	60.4	98.0	51.0	.0	
50.8	39.9	12.1	247.1	103.8	73.0	11.0	.0	
37.3	20.2	13.3	265.0	221.1	15.0	.0	.0	
28.6	9.9	12.6	270.4	204.2	14.0	.0	.0	
33.8	13.3	10.9	236.7	239.2	2.0	.0	.0	
41.2	28.4	5.1	142.1	202.1	68.0	.0	.0	
50.4	47.4	11.5	71.7	93.6	98.0	95.0	.0	
55.9	48.6	12.2	240.0	125.5	69.0	24.0	.0	
48.4	32.4	10.3	206.3	194.7	8.0	.0	.0	
47.2	41.3	11.4	83.8	102.7	90.0	6.0	.0	
49.6	33.4	11.3	282.1	134.5	92.0	11.0	.0	
32.9	19.1	15.5	216.7	108.3	95.0	.0	.0	
  12    31    1964
24.8	5.7	22.4	315.8	197.1	3.0	.0	.0	
29.3	12.9	8.6	233.3	109.5	75.0	.0	.0	
39.9	29.5	7.3	155.8	73.5	98.0	14.0	.0	
39.3	38.1	13.4	38.3	62.9	98.0	114.0	.0	
35.8	34.3	10.9	38.3	95.5	98.0	34.0	.0	
28.7	22.1	13.8	310.0	145.0	55.0	.0	78.7	
24.7	13.1	8.4	271.3	198.1	11.0	.0	.0	
30.6	21.3	6.7	212.5	150.2	60.0	.0	.0	
33.5	21.6	11.8	298.3	207.9	33.0	.0	.0	
29.9	19.0	7.4	154.6	200.3	7.0	.0	.0	
40.5	33.6	4.2	217.9	73.9	93.0	1.0	.0	
48.6	46.6	4.5	218.8	60.3	88.0	83.0	.0	
43.6	40.3	6.9	158.3	87.6	98.0	.0	.0	
40.6	25.2	11.3	277.5	200.9	28.0	1.0	.0	
30.6	13.4	15.7	295.0	178.4	18.0	.0	.0	
29.3	15.9	9.1	230.8	169.6	23.0	.0	.0	
42.7	35.3	9.2	221.7	119.2	97.0	3.0	.0	
28.7	14.5	20.2	312.9	154.2	45.0	.0	7.6	
24.0	10.2	9.9	252.5	184.6	40.0	.0	.0	
30.2	25.4	8.3	212.1	104.3	86.0	.0	81.3	
29.4	22.0	9.3	56.7	200.7	50.0	.0	.0	
33.3	30.7	6.4	131.7	81.6	90.0	3.0	.0	
36.1	32.5	6.4	182.1	128.6	87.0	.0	.0	
41.2	39.7	5.0	111.7	57.8	98.0	.0	.0	
53.6	48.4	8.9	146.3	141.7	72.0	1.0	.0	
54.3	52.0	6.0	135.4	78.8	98.0	19.0	.0	
44.5	42.9	15.4	57.5	56.9	98.0	68.0	.0	
35.3	28.9	13.4	249.6	110.7	92.0	1.0	.0	
30.0	22.6	8.1	208.8	96.0	89.0	.0	.0	
39.1	35.6	6.6	209.6	78.2	88.0	2.0	.0	
40.7	25.2	23.1	301.7	176.6	22.0	.0	.0	
