01	31	2018
31.7	9.1	6.5	208.3	211.5	72.4	0	0.0
38.6	9.1	4.9	111.5	190.2	65.1	0	0.0
36.9	2.9	4.8	113.5	149.6	34.9	0	0.0
39.0	3.2	2.1	96.0	138.6	47.4	0	0.0
38.6	1.8	2.8	101.2	155.4	57.3	0	0.0
42.7	14.7	4.8	130.0	162.0	35.9	0	0.0
46.5	29.2	10.2	259.4	214.0	61.5	0	0.0
40.5	23.9	4.8	154.2	149.8	42.2	0	0.0
45.8	25.8	4.6	136.0	150.7	35.9	0	0.0
44.6	31.1	9.2	203.3	154.4	34.4	2	0.0
41.1	20.9	13.2	260.4	224.5	81.4	0	0.0
39.8	20.1	4.8	156.5	218.2	80.7	0	0.0
40.6	19.8	4.6	110.0	218.1	89.1	0	0.0
41.4	19.3	5.6	143.8	225.1	82.8	0	0.0
36.3	19.9	12.4	149.6	166.9	49.5	0	0.0
28.5	15.8	8.2	79.0	168.2	55.6	0	0.0
28.6	13.6	2.5	104.6	172.2	67.7	0	0.0
35.1	12.3	2.7	93.8	188.1	62.0	0	0.0
40.1	12.3	4.4	131.5	177.2	47.4	0	0.0
44.7	17.1	7.8	165.8	208.5	59.4	0	0.0
34.0	17.0	13.1	258.8	177.7	43.8	0	0.0
32.3	9.9	10.2	243.3	242.7	82.3	0	0.0
32.0	10.3	4.8	212.3	242.8	91.2	0	0.0
34.3	9.2	4.1	145.8	256.6	98.4	0	0.0
36.6	8.9	7.8	155.8	242.0	85.4	0	0.0
38.8	9.0	10.7	214.8	241.8	79.2	0	0.0
33.4	1.9	5.2	81.0	262.7	93.2	0	0.0
41.2	5.7	8.2	190.4	235.5	58.3	0	0.0
41.4	9.7	5.7	134.4	222.8	68.2	0	0.0
40.1	11.4	4.0	92.3	143.1	40.6	0	0.0
45.2	14.7	4.8	141.7	228.1	52.6	0	0.0
02	28	2018
49.0	11.3	4.0	71.2	200.9	41.7	0	0.0
46.7	17.6	5.5	187.9	269.1	74.0	0	0.0
49.1	17.8	10.4	192.1	277.1	83.3	0	0.0
49.2	18.5	4.0	132.7	219.8	74.5	0	0.0
49.0	16.5	7.0	147.1	228.8	65.1	0	0.0
46.6	18.1	10.0	233.8	234.6	54.7	0	0.0
43.4	14.8	7.9	182.3	289.1	92.2	0	0.0
47.8	15.3	4.6	159.6	253.4	66.2	0	0.0
48.7	16.6	5.2	157.7	227.3	49.5	0	0.0
52.3	14.9	15.6	224.3	237.8	42.7	0	0.0
38.0	15.5	7.2	225.4	304.8	76.0	0	0.0
45.7	20.6	14.6	172.5	296.1	51.0	0	0.0
48.9	17.6	6.2	197.7	207.4	33.9	0	0.0
49.1	23.3	6.0	196.4	166.3	20.1	15	0.0
44.1	38.1	5.2	139.8	175.2	23.4	21	0.0
41.8	33.5	5.0	149.6	199.5	28.1	0	0.0
44.5	29.1	5.1	173.1	250.8	53.0	0	0.0
49.6	34.2	7.6	164.1	259.8	41.1	0	0.0
50.4	33.6	19.3	197.0	267.8	41.4	2	0.0
34.3	17.4	9.5	242.4	253.1	35.2	1	1.3
39.3	21.1	9.6	132.8	305.1	43.3	0	0.0
37.3	18.5	8.1	215.7	293.2	57.7	1	0.0
40.2	13.5	12.7	211.0	361.0	93.2	0	0.0
34.9	10.7	9.9	254.8	363.1	95.3	0	0.0
34.3	9.8	10.5	237.3	369.3	100.0	0	0.0
40.2	8.2	10.1	191.9	370.7	90.6	0	0.0
46.5	6.2	10.0	196.5	304.0	60.9	0	0.0
40.2	18.0	7.7	194.0	270.5	56.2	0	0.0
03	31	2018
41.0	17.8	7.8	168.8	381.5	91.7	0	0.0
47.5	15.1	7.9	149.6	390.5	100.0	0	0.0
51.3	11.0	7.9	148.1	394.7	97.4	0	0.0
48.9	7.2	15.3	212.3	388.6	72.9	0	0.0
39.2	1.1	15.7	337.9	318.8	68.2	0	0.0
40.9	0.0	6.8	233.8	296.0	59.9	0	0.0
44.1	0.1	4.7	152.1	273.9	45.3	0	0.0
54.1	5.8	5.5	139.0	255.3	39.6	0	0.0
52.8	8.9	3.4	147.7	321.8	49.5	0	0.0
56.2	14.0	8.6	226.5	290.8	28.1	0	0.0
41.1	29.2	16.9	104.4	220.3	16.2	4	0.0
43.4	35.3	3.1	156.5	241.7	35.9	0	0.0
49.7	32.3	6.5	134.6	362.4	58.3	0	0.0
56.2	29.1	11.0	152.2	359.3	53.8	0	0.0
50.8	26.6	13.5	216.5	318.9	52.7	0	0.0
48.2	20.1	6.8	218.1	396.5	57.8	0	0.0
52.9	16.1	8.2	227.3	428.7	53.1	0	0.0
45.0	17.1	15.2	233.3	341.8	53.8	0	0.0
41.5	10.3	12.3	288.8	445.6	69.3	0	0.0
45.4	8.5	6.3	215.8	395.5	66.7	0	0.0
54.4	13.4	3.7	113.5	393.5	50.0	0	0.0
61.6	26.2	3.8	99.2	371.0	47.9	0	0.0
63.2	25.6	12.0	210.4	373.6	39.1	0	0.0
57.9	20.8	8.5	185.0	339.6	39.6	0	0.0
58.2	20.8	8.6	186.2	381.8	55.7	0	0.0
55.1	19.9	9.2	195.2	298.3	27.1	0	0.0
43.7	33.9	10.8	155.9	359.8	43.1	8	0.0
47.2	27.8	8.4	223.5	428.3	54.3	0	0.0
53.2	18.2	9.7	211.7	446.4	78.7	0	0.0
56.0	20.3	7.0	162.5	491.8	72.9	0	0.0
59.3	19.9	4.6	125.6	367.7	39.1	0	0.0
04	30	2018
60.0	19.2	7.9	171.2	329.0	31.8	0	0.0
61.1	12.2	14.8	211.5	380.0	54.2	0	0.0
60.3	11.7	15.2	242.9	489.7	69.3	0	0.0
57.1	16.0	7.2	217.9	459.4	61.5	0	0.0
61.5	17.7	6.3	164.7	314.4	48.6	0	0.0
62.8	23.9	6.5	169.8	330.8	30.7	0	0.0
67.3	31.8	10.8	231.5	390.5	40.1	0	0.0
68.3	27.7	18.0	287.5	500.8	70.3	0	0.0
58.6	13.6	11.0	195.8	535.6	88.0	0	0.0
58.3	21.7	5.4	169.2	407.9	54.7	0	0.0
66.4	15.8	8.6	187.9	351.9	53.6	0	0.0
65.7	12.3	16.9	198.5	414.7	55.2	0	0.0
45.1	11.2	22.3	290.2	424.2	54.7	0	0.0
49.9	8.7	10.3	243.5	567.3	100.0	0	0.0
56.4	8.7	4.6	99.2	537.2	75.0	0	0.0
63.6	3.4	8.9	167.3	412.5	38.5	0	0.0
61.9	4.7	20.9	242.7	573.3	84.4	0	0.0
53.9	4.4	8.2	92.5	575.9	92.7	0	0.0
60.9	17.2	26.6	115.6	446.8	50.5	0	0.0
55.1	21.0	15.8	238.8	491.4	45.6	0	0.0
51.4	28.8	5.3	129.6	501.2	69.8	0	0.0
59.1	27.6	6.3	172.3	490.6	67.7	0	0.0
65.9	26.5	7.1	180.6	535.5	70.8	0	0.0
64.9	23.9	12.6	149.2	434.0	51.0	0	0.0
59.0	30.7	11.5	100.6	573.8	74.5	0	0.0
64.1	21.2	12.4	165.8	588.5	85.8	0	0.0
61.9	26.2	11.5	151.5	461.6	51.0	0	0.0
66.1	33.4	9.7	190.8	502.6	47.4	0	0.0
68.9	24.4	11.1	153.5	508.6	57.3	0	0.0
66.0	13.1	10.5	200.6	519.8	39.6	0	0.0
05	31	2018
65.1	15.5	13.0	179.8	528.6	41.1	0	0.0
58.5	27.7	12.1	240.7	451.3	34.9	0	0.0
53.6	26.2	9.3	272.9	515.7	68.2	0	0.0
61.0	27.6	5.9	123.8	609.7	75.0	0	0.0
65.7	22.0	6.2	150.2	614.0	87.5	0	0.0
69.8	18.4	6.3	137.5	459.9	40.6	0	0.0
73.7	23.5	6.5	178.2	431.3	37.5	0	0.0
76.5	21.9	7.0	177.6	606.0	73.3	0	0.0
75.0	20.2	5.1	113.8	475.0	59.4	0	0.0
76.9	17.6	9.5	197.8	553.1	64.6	0	0.0
77.8	21.5	11.4	232.3	472.4	42.2	0	0.0
73.7	23.4	13.5	183.3	604.5	71.3	0	0.0
72.8	24.2	12.8	201.7	576.0	67.7	0	0.0
72.0	23.4	6.2	204.2	568.6	58.9	0	0.0
72.2	22.0	7.1	197.9	588.5	70.3	0	0.0
72.3	18.1	6.4	169.0	643.8	89.6	0	0.0
73.8	11.7	7.8	170.4	520.0	73.8	0	0.0
70.4	10.4	8.6	197.7	595.1	82.3	0	0.0
68.5	10.9	7.6	138.8	640.9	84.4	0	0.0
68.6	38.0	19.5	127.3	627.9	72.4	0	0.0
65.9	47.5	15.0	117.9	418.0	42.7	4	0.0
69.4	36.5	12.9	165.8	575.6	65.6	0	0.0
71.5	27.8	10.4	194.4	640.2	77.6	0	0.0
73.1	23.3	6.2	144.0	637.4	76.6	0	0.0
76.4	18.5	6.7	180.8	664.2	92.2	0	0.0
74.4	18.5	8.5	184.8	354.9	36.5	0	0.0
76.2	13.4	10.0	214.6	668.4	74.5	0	0.0
73.3	15.2	8.8	217.7	666.0	91.7	0	0.0
74.1	24.0	6.9	214.8	653.7	81.8	0	0.0
75.8	26.0	7.3	195.0	523.9	59.9	0	0.0
77.4	17.5	10.2	178.1	567.2	60.9	0	0.0
06	30	2018
78.6	11.8	9.4	240.6	673.4	81.8	0	0.0
77.0	23.5	12.8	109.2	605.4	57.3	0	0.0
69.2	46.6	22.6	94.0	523.1	48.9	23	0.0
73.4	44.1	6.0	179.8	665.8	81.2	0	0.0
80.4	27.7	6.5	178.8	526.7	50.5	0	0.0
80.0	30.9	6.8	179.3	483.3	36.7	0	0.0
82.1	30.6	8.2	202.9	637.4	54.7	0	0.0
81.2	29.6	5.2	113.3	651.3	70.3	0	0.0
81.2	38.3	9.4	160.0	544.5	50.0	0	0.0
83.4	25.5	11.2	228.3	664.4	68.8	0	0.0
80.4	19.8	6.0	147.9	686.1	94.8	0	0.0
82.9	21.0	6.7	176.7	667.2	88.0	0	0.0
81.7	35.7	15.0	142.3	616.8	58.9	0	0.0
80.5	40.8	6.2	171.7	603.8	52.6	0	0.0
80.3	42.3	8.8	146.5	462.6	38.5	0	0.0
65.7	58.8	8.2	178.7	442.9	28.9	52	0.0
71.3	50.9	8.9	187.3	581.9	50.0	0	0.0
76.1	43.6	6.0	152.1	673.9	85.9	0	0.0
80.8	31.6	6.8	203.3	693.5	100.0	0	0.0
80.7	29.2	7.0	202.7	693.7	100.0	0	0.0
81.9	40.7	7.0	111.5	672.7	88.0	0	0.0
84.8	29.4	9.5	222.9	680.6	88.0	0	0.0
83.4	18.8	8.2	165.4	671.1	80.7	0	0.0
83.3	28.5	10.2	235.4	665.5	88.5	0	0.0
81.0	37.0	9.6	165.0	681.4	89.1	0	0.0
83.7	29.4	6.3	192.1	677.3	88.5	0	0.0
85.8	30.0	6.8	141.9	602.8	74.5	0	0.0
85.3	30.6	8.0	178.1	644.1	66.2	0	0.0
82.4	35.2	7.3	155.6	412.4	33.9	0	0.0
80.7	36.3	8.6	161.5	532.0	44.3	0	0.0
07	31	2018
80.7	32.0	7.1	129.6	661.9	66.7	0	0.0
82.7	35.6	7.7	131.2	635.6	58.9	0	0.0
82.1	39.1	6.0	119.6	564.1	44.3	0	0.0
82.3	35.8	10.3	186.5	513.0	42.7	0	0.0
78.8	49.7	18.1	113.4	527.6	44.9	3	0.0
78.0	51.0	9.7	106.7	521.7	55.7	0	0.0
78.5	49.8	9.0	114.2	619.5	66.2	0	0.0
78.0	51.3	7.7	193.7	604.9	66.9	0	0.0
76.7	51.2	8.4	202.7	536.5	52.6	0	0.0
77.6	53.1	7.7	130.0	628.4	65.1	0	0.0
76.2	52.9	10.0	183.2	591.8	58.8	0	0.0
74.7	56.8	8.8	174.4	496.5	37.5	1	0.0
75.8	57.2	8.2	163.4	573.4	51.0	3	0.0
75.3	57.8	6.9	161.3	567.2	47.1	46	0.0
77.4	57.8	7.7	160.1	581.1	51.6	0	0.0
75.9	56.9	9.3	189.9	508.2	38.7	0	0.0
79.3	55.9	5.9	208.3	591.7	60.4	0	0.0
82.6	51.0	6.2	128.5	604.6	62.0	0	0.0
83.9	49.7	6.5	181.0	578.0	54.0	0	0.0
85.1	48.4	6.8	184.3	575.1	47.6	0	0.0
85.8	46.4	7.7	188.5	598.3	64.6	0	0.0
86.9	42.7	4.4	77.7	649.6	80.2	0	0.0
84.3	51.0	20.1	124.2	632.5	64.6	0	0.0
79.9	54.2	6.4	104.5	564.7	43.6	4	0.0
78.9	57.4	6.5	126.3	509.2	40.1	6	0.0
77.7	56.1	14.2	139.3	560.0	53.9	38	0.0
72.7	57.2	7.3	120.6	554.7	45.3	36	0.0
73.6	56.7	5.2	160.0	624.5	64.6	0	0.0
81.0	51.0	5.3	167.3	607.9	61.5	0	0.0
76.7	56.2	16.6	105.6	596.9	59.8	4	0.0
75.8	54.5	12.6	127.4	581.1	54.2	1	0.0
08	31	2018
76.9	55.5	7.3	151.9	607.2	68.0	8	0.0
77.8	53.9	6.6	141.9	573.9	55.2	2	0.0
77.4	55.3	7.6	204.7	509.5	54.2	0	0.0
80.7	50.2	4.5	110.0	615.7	78.7	0	0.0
84.1	48.9	5.9	178.1	529.0	63.0	0	0.0
83.8	47.8	5.7	123.8	563.3	59.9	0	0.0
81.4	49.5	7.3	113.1	594.4	69.3	0	0.0
80.1	47.4	7.6	120.8	578.4	58.9	0	0.0
75.2	50.8	8.9	186.5	582.7	47.1	11	0.0
72.2	52.0	8.4	183.6	537.4	42.0	0	0.0
69.6	49.7	6.8	233.2	535.6	53.8	15	0.0
72.0	46.3	6.9	130.2	568.3	66.7	0	0.0
76.4	47.8	8.0	159.8	588.9	65.9	0	0.0
79.1	45.9	4.7	174.2	591.1	72.4	0	0.0
79.3	50.7	7.5	126.6	526.5	46.9	0	0.0
79.7	53.0	7.7	155.2	561.7	51.6	0	0.0
76.6	56.2	6.3	180.0	521.9	40.5	3	0.0
74.9	57.7	3.8	171.5	506.4	52.6	0	0.0
77.2	43.5	9.7	217.1	512.1	60.4	0	0.0
76.8	50.5	11.7	114.6	589.6	79.7	0	0.0
76.3	54.5	7.5	121.0	425.9	40.8	0	0.0
69.1	58.4	8.1	171.7	402.4	29.0	13	0.0
72.0	57.8	4.4	123.0	493.1	42.2	0	0.0
73.7	53.6	5.0	152.1	439.8	47.4	0	0.0
72.4	55.8	5.9	147.8	502.2	54.2	2	0.0
73.7	53.4	8.0	176.9	529.7	56.9	0	0.0
76.7	48.1	7.3	206.7	510.8	64.6	0	0.0
76.0	36.8	6.4	183.8	488.1	71.3	0	0.0
76.9	34.8	5.8	134.0	540.3	77.6	0	0.0
80.2	42.2	5.0	156.3	371.6	37.0	0	0.0
79.2	45.3	7.9	171.4	492.8	54.7	2	0.0
09	30	2018
66.0	53.7	8.2	218.7	443.1	37.8	12	0.0
68.5	51.3	5.2	126.9	428.2	42.6	0	0.0
69.9	50.5	6.2	164.1	425.9	42.7	0	0.0
71.1	47.9	4.8	119.0	474.3	52.6	0	0.0
71.9	48.9	10.6	137.4	498.9	59.5	0	0.0
69.1	51.8	10.3	143.3	364.9	39.1	0	0.0
70.4	51.4	10.2	160.4	516.6	64.6	0	0.0
72.5	48.4	6.2	159.2	526.0	84.9	0	0.0
72.7	49.5	7.0	92.1	511.4	76.8	8	0.0
73.0	45.0	6.0	134.0	513.6	84.9	0	0.0
76.0	45.6	6.6	148.1	509.7	75.5	0	0.0
77.2	40.3	6.4	167.6	511.6	72.2	0	0.0
76.7	37.8	6.2	160.6	488.4	74.5	0	0.0
75.5	32.3	4.1	162.9	490.3	80.7	0	0.0
76.4	41.9	4.5	152.3	487.6	80.2	0	0.0
77.9	46.3	5.1	161.2	447.8	58.3	0	0.0
77.7	44.9	4.4	163.8	462.4	67.7	0	0.0
78.3	46.2	4.2	115.2	485.2	67.2	0	0.0
75.7	55.3	9.2	164.0	388.1	41.9	11	0.0
65.6	55.0	6.6	254.0	331.1	41.1	5	0.0
68.3	48.0	13.2	142.3	468.7	84.4	0	0.0
67.3	47.0	8.2	196.7	473.6	89.6	0	0.0
68.9	35.9	5.2	145.4	469.8	90.6	0	0.0
71.2	37.0	5.3	131.0	438.8	69.8	0	0.0
69.4	44.8	9.4	159.3	410.1	45.0	5	0.0
62.3	45.8	12.6	92.3	402.9	62.0	1	0.0
67.0	42.1	6.2	133.5	464.1	87.0	0	0.0
69.4	30.9	4.4	128.1	462.9	100.0	0	0.0
69.7	42.2	6.9	181.2	439.3	81.2	0	0.0
71.4	39.8	6.5	154.4	374.3	57.3	0	0.0
10	31	2018
73.0	44.1	8.8	206.0	349.1	34.7	1	0.0
66.6	57.5	7.7	173.4	297.1	38.3	3	0.0
68.9	56.6	4.0	159.0	367.6	54.7	1	0.0
68.7	47.4	6.1	194.4	371.1	77.6	0	0.0
65.3	35.0	4.0	125.0	425.3	91.2	0	0.0
65.4	32.3	13.7	134.0	411.0	70.8	0	0.0
61.1	40.4	15.8	183.1	317.8	34.9	10	0.0
53.6	38.5	7.9	212.0	322.5	37.5	2	0.0
52.3	38.0	7.4	230.2	305.3	38.5	2	0.0
54.2	33.3	7.3	156.9	346.9	59.5	0	0.0
58.7	36.8	8.1	184.8	290.7	39.6	0	0.0
59.1	41.7	6.5	191.5	237.7	33.3	0	0.0
60.0	45.0	5.8	181.9	321.9	43.4	0	0.0
51.3	42.7	15.4	136.7	284.1	28.1	1	0.0
38.6	25.0	23.7	91.7	216.8	25.4	0	0.0
44.2	25.9	20.9	97.9	268.3	38.0	0	0.0
47.1	34.8	24.0	95.4	326.1	43.2	0	0.0
49.5	38.6	11.8	98.1	205.5	25.0	0	0.0
57.0	36.0	7.3	177.1	344.4	49.0	0	0.0
61.0	30.4	15.7	99.6	354.0	59.9	0	0.0
57.3	38.3	7.5	233.8	331.6	55.7	0	0.0
59.6	43.9	5.8	141.2	196.1	32.8	0	0.0
55.0	49.3	11.0	115.0	192.2	21.9	46	0.0
52.2	47.8	7.2	242.3	196.2	34.4	33	0.0
53.8	39.2	5.7	132.7	284.6	64.6	0	0.0
55.3	35.9	6.2	197.9	317.4	77.6	0	0.0
55.8	35.4	3.9	126.5	329.0	73.4	0	0.0
57.6	35.2	3.5	136.5	318.5	67.7	0	0.0
57.9	37.8	6.4	150.2	246.5	45.8	0	0.0
56.2	39.2	9.4	160.3	208.4	35.9	18	0.0
42.5	36.4	12.3	104.4	215.9	38.0	6	0.0
11	30	2018
45.5	27.8	6.2	193.1	262.6	62.0	0	0.0
49.0	30.6	3.8	145.4	311.5	84.9	0	0.0
50.5	24.4	10.6	260.6	288.4	62.0	0	0.0
46.6	23.8	4.5	135.2	226.2	53.6	0	0.0
54.0	27.5	7.6	211.7	300.9	86.5	0	0.0
54.0	26.0	7.0	194.0	304.2	96.3	0	0.0
51.8	25.6	2.4	86.5	294.7	88.0	0	0.0
47.3	21.6	10.0	278.1	290.5	84.9	0	0.0
41.1	21.5	6.3	124.4	287.1	87.0	0	0.0
43.3	31.2	7.2	184.6	273.2	70.3	0	0.0
44.1	27.8	10.3	184.6	216.7	50.0	0	0.0
29.9	14.6	18.0	110.0	212.0	42.7	0	0.0
31.2	14.8	3.7	180.4	281.0	96.3	0	0.0
37.5	16.8	3.9	154.6	245.3	77.6	0	0.0
40.9	17.9	2.2	82.5	275.2	94.8	0	0.0
43.4	19.1	3.9	84.8	249.7	60.4	0	0.0
45.3	14.6	5.0	130.8	233.4	43.8	0	0.0
42.5	21.9	5.7	224.6	214.9	66.7	0	0.0
41.7	15.2	4.0	178.8	264.0	100.0	0	0.0
40.1	16.3	4.0	105.0	165.8	36.5	0	0.0
42.5	14.8	4.7	92.5	257.3	80.2	0	0.0
37.6	17.3	4.8	156.9	91.3	16.1	0	0.0
41.2	25.3	4.0	116.0	246.0	77.1	0	0.0
45.5	22.4	9.4	186.2	243.7	70.3	0	0.0
37.3	6.9	6.2	174.6	247.8	85.9	0	0.0
36.4	7.3	2.8	105.0	235.3	71.9	0	0.0
40.0	7.7	4.1	125.4	242.6	83.8	0	0.0
43.5	12.4	5.0	140.8	217.7	70.8	0	0.0
46.8	16.1	6.3	150.0	174.6	47.4	0	0.0
44.1	25.3	13.5	237.9	172.7	40.1	0	0.0
12	31	2018
40.9	21.4	10.1	251.5	196.8	54.7	0	0.0
35.8	26.3	7.8	185.7	162.8	36.5	4	7.2
30.6	17.0	3.3	152.7	219.7	82.3	0	0.0
31.5	11.0	8.2	296.5	200.1	71.3	0	0.0
30.8	13.3	2.9	134.2	169.3	51.6	0	0.0
39.9	23.4	5.5	148.3	155.3	28.6	0	0.0
40.8	32.8	8.0	221.1	137.0	27.8	1	0.0
41.3	29.0	8.7	254.0	192.3	60.9	0	0.0
38.1	25.1	7.5	218.3	208.4	87.0	0	0.0
34.4	19.8	2.9	121.5	143.5	52.6	0	0.0
36.9	20.3	4.6	107.3	145.4	43.8	0	0.0
38.9	21.9	9.0	176.2	202.1	62.5	0	0.0
36.0	10.5	11.5	329.2	215.3	77.6	0	0.0
34.0	10.2	4.3	162.7	179.9	66.7	0	0.0
35.6	12.7	2.0	82.1	162.9	38.5	0	0.0
39.5	14.2	5.4	183.1	168.5	37.5	0	0.0
41.7	23.4	3.9	126.2	126.3	27.6	0	0.0
45.2	25.8	10.9	249.9	187.3	52.6	0	0.0
45.4	20.1	16.2	282.5	210.7	92.2	0	0.0
42.2	16.2	4.5	207.9	212.1	90.1	0	0.0
41.4	18.4	5.0	130.2	146.0	41.7	0	0.0
44.3	16.0	10.5	232.1	184.0	78.1	0	0.0
36.8	8.3	3.1	87.5	171.8	51.6	0	0.0
40.5	15.8	2.5	84.6	204.5	55.2	0	0.0
42.7	20.1	6.8	114.0	156.6	41.7	0	0.0
36.5	29.2	7.5	204.6	111.0	28.8	16	30.1
34.4	24.8	8.1	211.6	167.0	41.4	5	13.8
22.7	14.0	20.0	92.0	118.3	34.7	1	3.1
18.1	10.8	4.7	158.1	210.5	90.6	0	0.0
19.0	11.7	4.5	152.1	217.3	93.2	0	0.0
24.0	17.0	5.5	142.1	145.3	47.9	0	0.0
