01	31	2007
19.7	15.5	3.4	178.1	128.0	28.5	0	0.0
22.1	18.1	2.6	119.9	164.3	52.7	0	0.0
20.4	15.4	2.8	85.4	211.6	71.9	0	0.0
27.5	20.5	4.9	121.2	221.0	77.1	0	0.0
33.6	25.0	8.7	154.0	161.4	33.9	0	0.8
28.5	20.8	6.3	233.3	203.8	60.5	0	0.0
30.2	9.8	12.1	264.8	223.6	95.8	0	0.0
33.8	13.1	8.0	236.2	225.9	100.0	0	0.0
30.8	19.5	5.0	163.5	164.6	56.2	0	0.0
31.5	22.0	1.8	71.9	118.5	25.5	0	0.0
40.1	30.5	6.3	113.1	196.4	42.7	0	0.0
44.9	35.9	15.8	168.1	148.4	41.1	0	0.0
45.3	28.4	14.2	198.3	173.3	33.3	0	0.0
28.5	11.2	10.8	285.2	219.4	56.2	0	0.0
21.9	5.2	7.9	265.0	232.3	96.3	0	0.0
24.1	4.0	13.2	211.2	225.4	77.1	0	0.0
30.1	12.8	5.2	244.4	230.6	39.1	0	0.0
30.1	13.3	8.5	270.0	141.0	18.2	0	0.0
31.2	17.9	7.1	205.8	131.6	14.9	1	0.4
32.3	26.6	8.7	170.2	100.5	15.6	0	0.8
31.8	22.3	8.6	130.2	168.9	27.4	0	0.8
30.2	16.9	11.8	117.1	210.3	64.6	0	0.0
31.1	14.1	10.1	255.2	239.7	91.2	0	0.0
35.2	17.3	6.8	219.6	256.6	100.0	0	0.0
35.0	20.0	5.9	217.3	257.3	96.9	0	0.0
33.3	21.3	5.0	162.8	229.9	67.5	0	0.0
33.3	24.8	2.6	68.9	193.1	54.3	0	0.0
37.2	21.9	4.0	223.1	243.7	57.8	0	0.0
38.4	20.2	5.9	204.2	208.0	40.6	0	0.0
32.5	21.8	7.1	266.9	191.9	32.1	6	15.9
36.2	30.3	11.0	189.6	172.8	33.6	0	0.0
02	28	2007
31.8	19.5	8.9	277.5	207.4	28.1	0	0.0
27.5	7.0	12.7	326.5	274.5	80.7	0	0.0
32.4	9.0	7.5	240.4	283.2	95.3	0	0.0
38.6	11.4	5.1	118.5	222.2	65.1	0	0.0
43.9	17.5	6.1	231.2	292.4	93.8	0	0.0
44.4	23.6	3.4	114.4	221.3	55.7	0	0.0
46.9	26.5	4.2	126.9	206.2	49.5	0	0.0
47.9	21.7	5.7	168.5	243.0	48.4	0	0.0
44.8	20.6	5.3	162.9	222.2	44.3	0	0.0
48.4	27.7	4.6	187.3	207.8	32.3	0	0.0
47.4	38.0	6.3	177.5	180.2	19.8	20	0.0
44.7	33.5	7.8	189.0	235.5	40.1	4	0.0
35.7	27.6	15.9	84.4	202.5	34.4	4	11.0
29.8	25.4	5.4	202.0	196.9	25.6	25	79.1
32.7	18.0	7.8	232.1	293.5	74.5	0	0.0
40.6	23.3	7.6	290.6	293.3	76.6	0	0.0
44.2	17.2	6.8	217.3	332.9	95.8	0	0.0
41.8	21.8	6.7	117.1	257.3	52.6	0	0.0
45.9	23.8	7.2	157.3	250.4	39.1	0	0.0
43.0	25.5	9.4	264.2	272.3	55.7	0	0.0
43.4	23.8	2.7	102.7	343.3	85.4	0	0.0
44.4	22.6	4.0	114.4	213.2	57.3	0	0.0
43.5	17.3	14.2	210.4	271.9	59.9	0	0.0
36.4	6.8	18.4	303.5	354.0	74.0	0	0.0
40.4	7.0	6.9	164.0	287.8	56.8	0	0.0
49.9	16.8	8.1	225.2	370.7	94.8	0	0.0
49.6	14.7	8.8	169.4	353.2	69.8	0	0.0
40.8	11.2	18.1	218.8	360.2	68.2	0	0.0
03	31	2007
34.3	5.1	12.7	282.9	368.8	81.8	0	0.0
33.4	4.2	11.4	238.5	333.8	75.0	0	0.0
30.5	0.0	7.2	231.0	389.9	92.2	0	0.0
35.9	1.7	3.3	116.2	397.8	95.8	0	0.0
42.2	4.1	5.1	128.1	236.2	40.6	0	0.0
49.3	7.1	3.7	124.4	348.6	62.5	0	0.0
54.4	18.4	5.2	160.2	300.3	44.8	0	0.0
53.9	26.3	8.5	286.9	291.0	40.1	0	0.0
52.4	23.6	5.1	172.3	397.9	76.0	0	0.0
52.6	21.8	7.8	240.4	224.8	32.1	0	0.0
51.6	28.2	8.1	180.4	367.5	62.5	0	0.0
51.6	28.2	8.3	180.4	354.6	65.6	0	0.0
56.1	28.3	5.7	202.3	421.4	80.2	0	0.0
61.4	20.2	6.7	172.3	335.4	56.2	0	0.0
60.7	19.9	9.4	200.6	402.1	71.9	0	0.0
55.3	26.0	6.7	183.5	440.7	90.1	0	0.0
60.0	20.3	4.3	105.2	436.1	85.9	0	0.0
62.8	21.6	5.7	174.4	383.1	54.2	0	0.0
59.5	17.0	9.2	114.2	336.3	47.9	0	0.0
60.4	24.1	7.6	179.8	409.2	70.8	0	0.0
57.4	28.8	8.2	168.8	360.6	43.2	1	0.0
54.2	42.1	5.7	151.9	345.4	34.4	5	0.0
51.9	41.4	7.9	184.4	352.7	32.5	19	0.0
47.0	38.0	9.4	186.0	324.0	27.4	22	0.0
53.6	33.0	4.0	114.6	473.3	81.2	0	0.0
58.0	31.6	6.1	211.9	431.2	71.9	0	0.0
59.9	27.8	12.9	146.9	466.8	67.7	0	0.0
46.4	14.0	14.5	279.4	387.9	55.7	0	0.0
43.2	16.0	7.8	214.4	385.1	44.4	0	0.0
42.6	23.2	13.3	131.2	334.8	36.5	0	0.0
48.4	20.8	10.0	220.0	502.2	83.0	0	0.0
04	30	2007
56.0	20.5	6.4	156.0	503.5	84.4	0	0.0
60.8	15.0	10.0	203.5	426.1	63.5	0	0.0
62.5	14.7	5.8	141.2	398.7	56.2	0	0.0
61.4	22.6	7.2	167.5	448.7	61.5	0	0.0
61.3	27.5	8.4	218.1	382.4	40.6	0	0.0
51.1	36.9	19.0	83.5	424.9	37.0	6	0.0
40.1	30.0	13.7	96.9	305.1	27.6	0	0.0
54.7	29.9	10.5	195.2	387.1	32.3	0	0.0
53.5	35.0	9.4	230.3	398.7	42.2	13	0.0
53.9	22.2	19.9	281.0	519.9	78.7	0	0.0
47.1	12.8	11.3	245.4	412.6	55.2	0	0.0
48.5	30.3	10.8	198.2	393.7	29.9	2	0.0
40.4	34.9	8.7	126.5	285.5	21.0	56	0.0
44.0	32.3	4.8	124.1	509.9	60.8	0	0.0
57.0	24.6	11.5	126.0	553.5	81.8	0	0.0
57.3	21.0	14.1	204.2	498.0	69.3	0	0.0
54.1	29.0	9.8	273.3	528.1	75.0	0	0.0
59.7	25.8	11.5	161.5	507.9	74.5	0	0.0
56.4	10.5	8.8	191.9	583.0	89.1	0	0.0
60.8	16.0	10.5	155.4	527.5	64.1	0	0.0
56.0	21.2	15.2	233.1	379.0	36.6	0	0.0
53.5	22.3	8.3	150.6	507.7	60.4	0	0.0
57.4	21.1	12.8	146.8	448.9	37.9	10	0.0
50.5	30.2	14.9	283.3	380.8	35.9	0	0.0
57.9	26.6	8.2	183.3	561.5	70.8	0	0.0
61.1	26.7	6.2	175.4	463.9	41.7	0	0.0
65.9	26.9	8.8	227.5	588.4	83.3	0	0.0
66.6	42.2	15.6	99.2	537.5	69.8	0	0.0
61.9	44.9	8.1	208.1	407.9	42.7	0	0.0
64.8	40.8	6.2	157.5	499.5	41.7	0	0.0
05	31	2007
64.7	41.8	10.3	148.5	500.8	31.2	45	0.0
56.5	48.2	6.5	141.5	440.1	34.9	5	0.0
62.6	36.1	7.2	172.5	603.6	65.1	0	0.0
64.4	25.5	13.0	186.0	444.2	50.0	0	0.0
52.4	27.7	12.8	274.6	405.4	28.6	0	0.0
50.0	28.6	6.9	218.3	435.9	35.4	2	0.0
55.9	27.5	5.1	219.6	535.2	60.4	0	0.0
57.6	39.7	15.6	109.6	441.5	19.3	10	0.0
60.6	39.1	6.7	212.1	535.0	35.9	0	0.0
67.8	34.9	7.0	177.9	600.4	77.6	0	0.0
70.8	35.9	9.5	132.5	507.6	61.5	0	0.0
69.5	39.9	7.4	186.8	531.7	64.1	0	0.0
69.9	39.3	6.5	175.0	503.4	53.1	0	0.0
67.0	43.1	6.2	181.7	452.1	33.9	5	0.0
64.3	44.4	17.0	113.3	440.1	29.2	0	0.0
62.7	46.4	11.0	112.1	433.7	38.0	37	0.0
58.8	47.8	7.8	103.1	434.6	22.9	0	0.0
63.7	45.2	6.3	159.2	575.6	52.9	3	0.0
64.8	45.7	8.5	194.4	426.9	23.4	0	0.0
64.1	46.6	7.1	208.4	466.5	30.7	0	0.0
68.8	35.3	8.4	185.0	476.8	38.0	0	0.0
66.8	27.4	11.5	241.2	563.9	55.2	0	0.0
60.0	35.9	12.8	240.4	505.5	48.4	0	0.0
60.9	35.9	11.4	157.9	610.5	69.3	0	0.0
63.8	45.0	11.7	110.2	495.2	43.2	30	0.0
65.8	42.4	4.7	90.2	502.6	38.0	0	0.0
68.2	37.6	7.3	158.8	474.2	32.8	0	0.0
69.9	33.3	7.2	162.1	619.5	66.7	0	0.0
71.7	21.2	8.1	177.9	633.3	83.3	0	0.0
71.6	14.3	6.9	141.7	674.2	93.2	0	0.0
71.4	22.7	7.7	156.7	495.6	50.0	0	0.0
06	30	2007
73.0	23.8	6.6	145.4	624.2	65.6	0	0.0
73.7	36.0	7.7	144.6	538.6	49.0	0	0.0
72.9	38.1	12.2	132.6	495.8	33.3	0	0.0
71.0	41.1	8.3	117.3	565.0	58.9	0	0.0
74.0	34.9	6.8	175.8	447.5	41.7	0	0.0
74.9	21.9	18.8	219.0	559.2	49.5	0	0.0
65.3	13.6	12.3	250.4	678.3	94.3	0	0.0
68.1	29.7	14.9	106.7	660.2	80.2	0	0.0
69.7	45.9	8.7	145.4	540.6	53.8	22	0.0
71.7	42.4	4.2	150.5	577.3	60.1	0	0.0
67.5	48.3	7.3	180.3	474.2	41.3	19	0.0
62.9	47.6	8.8	209.6	488.9	41.7	0	0.0
69.8	41.1	9.7	166.0	636.3	73.4	0	0.0
73.8	37.4	6.4	185.4	614.9	72.9	0	0.0
78.3	39.6	11.0	147.5	551.1	57.3	0	0.0
77.8	48.3	10.8	125.4	550.7	40.1	0	0.0
79.5	39.1	7.1	199.2	497.5	45.8	0	0.0
81.0	25.0	6.5	177.3	672.0	83.8	0	0.0
81.4	26.8	3.6	139.6	673.2	84.4	0	0.0
80.7	41.5	12.7	101.5	616.9	65.1	0	0.0
80.8	40.6	8.4	120.4	622.7	70.3	0	0.0
81.0	38.5	5.0	117.5	564.0	54.2	0	0.0
80.8	38.7	10.5	145.4	663.3	70.3	0	0.0
81.6	36.6	7.5	115.2	665.9	79.2	0	0.0
83.3	28.2	7.0	232.1	657.0	75.0	0	0.0
82.7	26.3	10.1	193.5	615.9	71.3	0	0.0
78.7	41.9	10.0	102.9	621.0	58.9	0	0.0
76.2	46.1	13.4	90.1	605.2	43.8	0	0.0
79.3	44.1	7.5	165.1	597.2	53.1	0	0.0
83.0	37.8	6.5	79.4	639.7	67.2	0	0.0
07	31	2007
85.5	36.6	7.2	79.4	644.5	50.0	0	0.0
83.7	39.9	8.0	114.6	463.7	29.7	0	0.0
84.9	37.7	9.3	133.3	501.5	39.6	0	0.0
78.9	52.3	17.5	120.3	554.9	56.9	17	0.0
73.4	53.3	8.2	126.7	541.9	45.5	0	0.0
77.5	49.0	8.2	84.8	511.0	45.8	0	0.0
76.7	51.8	7.5	147.7	510.4	36.2	1	0.0
79.8	47.0	6.7	98.0	495.7	38.9	0	0.0
82.6	41.7	9.8	108.3	639.9	59.4	0	0.0
80.1	44.9	13.3	128.8	515.6	44.3	0	0.0
78.3	50.8	8.6	146.5	520.2	42.2	0	0.0
77.0	53.4	5.8	118.3	545.1	46.9	0	0.0
76.1	53.4	11.1	169.8	531.3	55.3	0	0.0
78.1	50.1	6.6	183.8	598.1	63.0	0	0.0
80.9	48.3	6.5	131.5	617.0	55.2	1	0.0
82.5	46.9	5.8	164.4	589.8	53.6	0	0.0
84.2	45.7	5.4	106.0	574.1	53.1	0	0.0
83.7	44.9	6.6	120.6	556.8	56.2	0	0.0
80.5	50.0	7.7	161.6	547.4	49.0	3	0.0
78.8	51.1	8.2	142.3	572.1	47.4	0	0.0
75.8	55.3	7.4	177.4	495.3	42.5	16	0.0
72.4	59.5	4.0	112.7	463.7	34.4	4	0.0
78.3	54.5	6.0	156.0	584.7	53.1	0	0.0
74.6	56.7	5.0	106.5	522.4	39.1	1	0.0
75.9	51.7	5.5	164.2	483.8	42.7	0	0.0
77.3	49.6	9.0	162.1	491.8	38.5	0	0.0
75.5	50.0	6.0	136.2	503.2	44.8	0	0.0
75.2	51.0	7.8	120.6	537.0	46.4	0	0.0
75.3	52.9	8.8	89.6	501.6	40.2	7	0.0
73.3	56.8	5.9	125.6	494.1	38.8	5	0.0
74.1	57.9	5.7	124.6	547.5	47.4	16	0.0
08	31	2007
74.5	57.7	6.9	134.1	506.8	36.5	0	0.0
77.6	56.1	12.5	102.7	538.7	41.1	0	0.0
77.7	56.0	8.7	110.8	524.0	47.4	0	0.0
76.9	59.5	6.8	183.5	547.9	47.1	47	0.0
78.2	58.3	5.6	137.5	580.2	55.2	0	0.0
76.7	55.7	5.0	160.6	532.9	42.7	0	0.0
71.8	55.0	5.1	136.8	498.9	50.0	3	0.0
77.4	49.8	3.8	108.3	595.4	69.3	0	0.0
79.7	48.1	7.5	132.3	600.3	63.5	0	0.0
77.0	51.3	7.1	148.3	542.2	54.2	0	0.0
81.2	50.0	4.7	180.2	555.1	55.7	0	0.0
83.4	47.4	4.1	127.5	535.5	60.9	0	0.0
82.7	46.0	5.3	134.2	585.7	71.9	0	0.0
81.8	46.8	6.6	159.2	490.9	55.2	0	0.0
81.3	44.6	6.0	177.1	490.4	64.1	0	0.0
81.7	43.5	7.3	163.9	564.0	68.4	0	0.0
80.3	47.4	7.1	156.7	539.2	54.7	0	0.0
81.5	51.3	5.5	116.2	571.1	62.0	0	0.0
83.9	47.9	6.3	230.0	528.6	62.5	0	0.0
83.5	43.0	6.6	216.2	532.5	67.2	0	0.0
82.7	31.8	3.5	102.5	567.5	78.7	0	0.0
82.8	43.3	10.5	171.7	558.5	75.0	0	0.0
79.4	51.1	14.6	188.6	459.8	42.5	1	0.0
79.0	50.8	6.0	155.8	544.8	59.9	0	0.0
80.3	48.4	5.2	151.9	441.3	43.2	0	0.0
78.6	50.2	8.5	153.8	477.0	44.3	3	0.0
74.8	51.6	7.4	163.8	493.9	50.0	0	0.0
78.2	50.0	6.8	182.5	521.8	55.2	0	0.0
76.6	54.1	16.1	92.0	486.9	52.9	5	0.0
73.3	54.5	6.5	144.0	528.2	60.4	0	0.0
75.8	55.0	5.8	135.8	447.9	42.2	0	0.0
09	30	2007
72.6	54.6	6.1	140.5	478.1	46.4	1	0.0
73.3	51.4	5.3	98.5	470.7	45.8	0	0.0
75.0	44.6	4.8	153.8	500.9	63.0	0	0.0
75.6	44.8	5.5	156.2	518.8	69.3	0	0.0
75.9	48.2	6.3	165.9	504.6	66.7	0	0.0
70.1	51.7	9.2	145.8	328.2	49.0	0	0.0
73.7	50.4	6.9	166.2	468.4	66.3	0	0.0
76.3	47.7	5.7	128.5	472.1	58.3	0	0.0
71.8	54.7	15.2	98.7	388.4	40.6	0	0.0
71.3	52.0	8.9	136.5	468.8	56.2	0	0.0
70.3	48.3	6.6	169.0	472.7	64.1	0	0.0
73.4	39.8	7.3	201.2	463.0	67.2	0	0.0
73.8	34.0	3.9	81.2	501.8	87.5	0	0.0
75.7	31.5	5.1	115.6	504.0	78.7	0	0.0
76.8	42.4	6.3	168.5	472.5	59.4	0	0.0
76.1	41.2	8.1	184.4	377.4	49.5	0	0.0
71.2	50.8	10.1	210.1	395.3	43.8	3	0.0
69.3	34.9	7.0	155.0	487.5	81.2	0	0.0
71.0	39.4	7.8	145.4	466.8	75.5	0	0.0
65.8	54.4	6.2	157.8	332.4	37.5	27	0.0
65.2	53.7	3.6	155.9	415.0	57.8	0	0.0
71.5	46.2	5.8	114.0	423.4	59.9	0	0.0
69.2	51.5	10.6	181.0	379.7	44.8	1	0.0
67.1	37.3	7.2	236.5	465.0	78.7	0	0.0
64.2	30.0	5.1	152.5	467.8	90.1	0	0.0
66.8	30.1	5.7	114.0	462.9	93.8	0	0.0
67.0	24.6	6.5	140.2	373.7	67.2	0	0.0
72.5	43.2	12.0	157.3	329.9	35.4	0	0.0
71.0	46.9	16.4	188.5	355.9	52.3	0	0.0
64.1	24.4	7.0	191.9	451.9	90.6	0	0.0
10	31	2007
60.6	34.3	5.5	191.5	230.8	20.7	2	0.0
65.0	42.6	8.0	171.2	366.5	50.5	0	0.0
64.2	35.2	5.0	153.3	424.6	82.3	0	0.0
67.4	47.6	6.8	162.7	363.6	61.3	15	0.0
67.9	48.5	9.5	128.3	412.4	73.4	0	0.0
67.1	36.6	13.3	196.7	395.4	70.3	0	0.0
54.1	12.6	8.2	267.5	411.3	84.9	0	0.0
56.7	17.9	6.0	107.5	410.2	91.2	0	0.0
63.9	31.8	5.0	140.8	377.6	69.8	0	0.0
67.9	47.5	3.5	70.6	327.6	54.7	0	0.0
67.4	40.7	3.7	80.4	406.3	95.8	0	0.0
67.4	31.4	7.7	121.2	350.3	63.5	0	0.0
64.1	20.8	6.4	176.9	290.1	45.5	0	0.0
56.5	24.3	5.8	169.0	319.0	62.5	0	0.0
56.8	24.0	4.4	138.3	383.5	83.3	0	0.0
58.4	23.9	7.0	149.6	351.8	56.8	0	0.0
57.0	27.2	15.4	256.2	343.5	53.1	0	0.0
52.7	14.2	14.6	247.5	375.1	85.9	0	0.0
56.6	17.7	4.4	124.2	361.8	85.4	0	0.0
63.5	19.2	8.5	149.4	351.4	70.8	0	0.0
49.5	17.6	16.6	241.2	348.8	68.2	0	0.0
45.3	13.1	6.3	255.4	350.7	93.8	0	0.0
52.8	15.4	3.8	45.2	350.9	90.1	0	0.0
57.6	25.5	5.1	108.1	350.7	93.8	0	0.0
58.4	24.0	3.3	114.0	346.2	98.4	0	0.0
59.5	21.9	2.9	63.5	344.7	99.5	0	0.0
61.1	29.8	16.5	123.8	295.2	66.2	0	0.0
57.6	28.5	4.2	186.7	312.1	75.5	0	0.0
58.5	22.4	5.1	140.4	290.1	59.9	0	0.0
58.3	19.1	6.7	146.7	327.4	83.8	0	0.0
56.0	22.5	10.3	129.4	260.7	55.2	0	0.0
11	30	2007
50.7	25.7	5.3	189.4	317.3	91.2	0	0.0
53.9	23.2	10.0	184.6	303.0	74.5	0	0.0
51.9	20.4	4.4	124.8	298.3	86.5	0	0.0
54.2	14.3	3.8	121.9	297.1	85.4	0	0.0
57.1	6.6	8.4	102.9	256.8	65.1	0	0.0
50.4	24.9	8.2	152.9	229.2	63.5	0	0.0
52.4	22.5	1.9	80.2	218.3	58.3	0	0.0
57.5	22.4	4.4	126.7	287.1	78.1	0	0.0
56.5	21.5	3.2	122.9	243.6	62.0	0	0.0
55.1	22.8	4.3	94.4	227.8	53.6	0	0.0
55.0	22.0	3.2	125.6	278.9	78.1	0	0.0
54.5	24.8	4.0	108.8	197.8	53.6	0	0.0
55.0	29.6	4.9	155.0	277.0	85.9	0	0.0
52.9	23.9	11.0	130.6	275.2	96.3	0	0.0
45.5	14.1	7.8	128.1	268.4	87.5	0	0.0
48.6	21.0	4.2	123.8	206.4	55.7	0	0.0
51.1	23.8	3.0	122.3	219.6	72.9	0	0.0
53.6	21.8	3.2	113.3	200.7	64.1	0	0.0
53.2	16.5	5.2	153.5	264.0	94.3	0	0.0
55.9	14.3	7.9	176.0	238.3	68.8	0	0.0
47.5	11.7	12.4	198.1	240.0	68.2	0	0.0
36.2	19.9	8.4	130.4	140.7	23.7	4	9.1
33.7	28.4	9.8	192.6	125.3	10.8	3	6.3
34.4	19.0	8.4	106.0	220.8	58.2	0	0.0
34.0	18.3	3.6	144.6	244.6	82.8	0	0.0
36.4	19.6	2.0	87.9	163.9	43.8	0	0.0
37.5	19.8	4.6	101.2	177.6	36.5	0	0.0
43.7	17.2	9.8	240.4	199.9	55.2	0	0.0
35.2	18.4	4.1	133.5	133.2	35.9	1	0.0
43.0	35.1	6.9	149.9	129.2	23.4	7	0.0
12	31	2007
52.8	38.1	16.2	208.3	218.9	44.4	19	0.0
41.2	19.7	11.6	294.6	230.1	78.7	0	0.0
40.4	19.9	5.4	180.0	224.6	79.2	0	0.0
47.3	23.3	7.0	139.2	224.4	90.1	0	0.0
46.9	27.9	4.9	147.5	156.7	51.6	0	0.0
53.1	25.2	11.0	209.8	165.8	34.9	0	0.0
53.7	34.9	15.7	183.1	157.5	31.8	0	0.0
47.5	35.8	18.5	204.2	144.7	30.6	3	0.0
40.3	28.3	6.3	179.8	162.9	39.1	0	0.0
36.3	32.8	6.7	196.9	111.1	27.1	30	0.0
37.4	30.8	8.0	144.2	159.9	30.4	17	0.0
35.8	26.0	7.7	194.0	184.3	59.4	0	0.0
32.7	19.6	4.6	154.0	201.7	69.8	0	0.0
30.9	21.2	8.3	227.5	141.6	32.5	0	0.0
28.1	6.6	10.4	315.9	216.8	73.8	0	0.0
29.0	10.5	4.2	153.5	204.5	74.0	0	0.0
32.2	17.0	4.8	185.8	197.9	77.6	0	0.0
38.1	17.5	2.1	70.6	210.2	87.5	0	0.0
38.2	19.6	6.2	218.3	172.3	52.6	0	0.0
37.8	23.7	2.9	76.2	207.8	74.5	0	0.0
37.0	22.9	8.2	188.7	131.9	29.5	3	1.7
28.9	10.9	7.8	258.8	193.6	69.8	0	0.0
32.2	9.4	6.8	159.7	200.9	73.3	0	0.0
31.8	15.7	3.5	59.0	166.4	65.6	0	0.0
31.4	14.9	8.4	199.6	161.8	61.5	0	0.0
25.6	10.1	4.4	137.7	207.1	76.6	0	0.0
26.2	8.5	9.1	222.1	156.9	43.8	0	0.0
21.6	0.5	4.6	210.6	163.4	60.4	0	0.0
28.5	6.7	4.5	98.3	180.2	43.2	0	0.0
31.4	14.8	4.0	92.3	212.4	81.8	0	0.0
32.9	8.6	14.7	268.5	211.6	89.6	0	0.0
