01	31	2008
25.1	9.7	3.2	97.5	217.4	100.0	0	0.0
28.3	10.2	10.3	197.5	218.1	100.0	0	0.0
37.7	14.0	19.5	220.8	219.0	100.0	0	0.0
48.7	24.3	15.0	225.4	220.0	100.0	0	0.0
55.0	31.5	22.3	228.8	221.0	100.0	0	0.0
53.4	33.3	16.3	232.3	206.1	75.5	0	0.0
46.2	33.0	13.7	217.1	187.6	66.7	1	0.0
35.1	17.6	7.4	183.1	224.7	100.0	0	0.0
44.3	19.3	17.5	250.8	226.0	100.0	0	0.0
37.5	16.5	8.2	242.9	227.5	100.0	0	0.0
43.1	14.2	9.7	265.0	229.0	92.7	0	0.0
35.9	15.5	4.7	189.6	230.6	81.2	0	0.0
31.9	16.1	6.3	148.3	232.3	100.0	0	0.0
31.6	11.9	4.2	192.1	234.1	100.0	0	0.0
41.5	9.9	17.0	227.9	236.0	99.0	0	0.0
24.4	10.9	12.3	54.9	84.1	45.8	0	0.0
22.5	3.1	7.5	192.9	239.9	92.7	0	0.0
27.8	6.8	8.3	128.8	220.2	63.5	0	0.0
30.6	10.9	9.4	202.1	244.2	71.9	0	0.0
37.8	8.0	13.0	218.8	246.4	100.0	0	0.0
36.9	14.9	15.2	176.7	248.7	100.0	0	0.0
22.8	9.7	7.0	117.5	239.1	69.8	0	0.0
32.2	12.1	9.2	158.8	253.5	100.0	0	0.0
26.9	14.8	9.4	195.8	114.5	43.8	0	0.0
41.1	20.0	15.2	256.5	258.6	78.1	0	0.0
41.0	9.8	7.5	190.4	261.3	100.0	0	0.0
52.7	19.8	16.8	212.9	264.0	99.0	0	0.0
55.8	28.6	23.0	242.9	254.8	91.7	0	0.0
39.4	9.0	19.8	257.9	269.7	96.3	0	0.0
41.0	11.8	16.4	273.3	256.4	84.4	0	0.0
31.8	10.0	12.3	229.4	275.6	75.8	0	0.0
02	29	2008
45.6	7.4	18.5	254.6	278.6	100.0	0	0.0
39.6	16.0	9.7	185.8	281.8	100.0	0	0.0
49.9	19.3	15.0	230.8	278.2	80.2	0	0.0
52.8	22.0	13.3	210.4	274.9	81.2	0	0.0
29.6	17.4	11.3	48.4	104.8	22.9	0	0.0
35.4	9.8	12.5	235.4	294.7	94.8	0	0.0
40.7	13.8	13.4	193.3	298.1	95.8	0	0.0
46.1	15.1	11.0	201.2	301.5	100.0	0	0.0
44.1	6.4	6.5	179.2	305.0	100.0	0	0.0
44.0	16.0	7.1	150.4	308.5	100.0	0	0.0
45.9	13.7	8.3	149.6	312.1	99.0	0	0.0
38.3	18.8	5.1	109.2	315.7	100.0	0	0.0
48.4	17.0	14.6	209.6	319.4	100.0	0	0.0
47.1	21.2	14.8	145.6	323.2	82.3	0	0.0
33.0	18.7	8.2	87.7	274.1	43.8	0	0.0
36.5	31.5	8.2	239.3	142.8	29.2	12	31.0
37.4	27.8	8.6	146.6	140.4	32.6	1	0.0
37.1	25.8	3.7	94.0	311.3	68.2	0	0.0
45.0	20.7	7.8	232.5	342.8	100.0	0	0.0
36.4	25.0	8.5	109.6	244.1	52.6	0	0.0
41.3	29.5	9.3	140.4	294.6	41.5	1	0.0
44.1	25.9	7.0	229.6	355.0	88.5	0	0.0
50.9	29.0	19.0	269.6	347.9	65.6	2	0.0
50.0	27.9	11.6	231.2	363.2	100.0	0	0.0
47.9	26.6	15.3	156.9	313.6	81.2	0	0.0
39.4	24.0	7.2	151.2	331.4	69.1	0	0.0
45.8	16.8	7.2	147.1	375.8	100.0	0	0.0
52.7	14.6	9.3	172.1	380.0	100.0	0	0.0
48.5	22.0	5.7	176.7	384.3	100.0	0	0.0
03	31	2008
58.1	22.1	15.5	219.2	388.5	100.0	0	0.0
49.9	30.4	24.8	140.5	325.5	54.0	1	0.0
35.6	10.7	16.8	137.9	384.4	64.6	0	0.0
45.5	9.7	15.0	255.4	401.4	100.0	0	0.0
37.9	21.9	14.2	48.3	324.6	56.2	0	0.0
29.4	23.4	6.9	113.6	262.1	53.5	9	24.9
35.6	18.3	9.8	267.1	362.3	88.0	0	0.0
41.8	20.9	6.5	160.4	418.8	99.0	0	0.0
44.5	21.9	10.2	99.2	310.2	65.6	0	0.0
46.2	20.8	7.3	221.7	381.3	67.7	0	0.0
49.5	24.8	6.9	235.4	432.0	94.8	0	0.0
54.0	15.8	7.9	260.8	436.4	100.0	0	0.0
53.9	22.3	8.0	208.3	440.7	96.9	0	0.0
56.5	20.9	18.0	258.3	433.7	96.9	0	0.0
48.6	27.6	11.7	123.9	440.8	84.0	0	0.0
48.8	37.4	15.2	97.4	390.5	51.5	0	0.0
47.5	36.8	10.4	78.8	364.5	31.9	0	0.0
45.0	22.7	12.4	62.7	455.2	67.7	0	0.0
48.8	10.9	7.5	221.2	466.8	100.0	0	0.0
59.3	8.5	16.1	233.8	471.0	100.0	0	0.0
53.8	15.0	7.5	131.0	475.3	100.0	0	0.0
50.2	22.0	16.5	83.8	479.5	81.2	0	0.0
37.8	30.4	8.2	151.8	169.3	20.8	0	0.0
56.0	22.2	19.5	227.1	487.9	100.0	0	0.0
63.8	12.7	13.6	263.8	492.1	100.0	0	0.0
60.7	9.8	13.5	213.3	496.2	100.0	0	0.0
61.9	20.0	12.5	190.6	500.3	100.0	0	0.0
46.5	25.2	11.5	81.7	502.2	74.2	0	0.0
55.9	27.5	12.2	180.8	508.4	100.0	0	0.0
66.7	17.2	14.2	222.9	512.4	100.0	0	0.0
59.4	15.8	17.0	242.1	516.4	100.0	0	0.0
04	30	2008
46.0	21.9	11.2	97.5	520.5	95.3	0	0.0
56.4	26.7	13.6	177.1	524.5	100.0	0	0.0
60.1	17.7	18.1	195.5	526.4	84.9	0	0.0
49.4	28.3	4.6	96.9	478.5	80.9	0	0.0
60.8	13.2	15.0	231.7	536.5	100.0	0	0.0
59.6	18.4	13.9	156.7	540.4	99.0	0	0.0
62.0	18.3	15.5	212.7	544.3	100.0	0	0.0
52.7	26.2	10.3	140.0	546.4	94.4	0	0.0
47.4	40.3	11.1	107.4	240.6	19.0	1	0.0
49.3	24.3	22.6	169.7	469.4	72.0	0	0.0
42.0	31.3	8.0	142.5	227.3	14.1	28	0.0
47.6	26.8	10.6	235.2	491.1	67.7	0	0.0
48.5	26.4	4.1	135.8	566.6	100.0	0	0.0
62.6	17.2	14.7	206.7	570.2	100.0	0	0.0
71.4	11.8	19.6	219.2	573.7	100.0	0	0.0
67.5	6.3	15.9	188.1	577.2	100.0	0	0.0
42.1	33.7	13.5	107.5	205.8	22.9	28	0.0
53.4	24.9	7.9	242.1	584.0	99.0	0	0.0
65.7	12.8	9.2	223.3	587.4	100.0	0	0.0
68.5	9.3	16.2	243.8	590.7	100.0	0	0.0
64.4	6.7	11.5	253.3	593.9	100.0	0	0.0
58.7	35.1	10.0	84.3	538.2	80.0	0	0.0
62.5	49.9	11.5	135.3	511.2	71.7	1	0.0
69.2	16.9	16.0	251.2	603.3	100.0	0	0.0
58.1	19.7	9.2	140.2	606.3	100.0	0	0.0
57.7	9.9	12.2	126.2	607.5	85.9	0	0.0
50.0	15.3	9.2	148.8	612.2	88.5	0	0.0
63.2	4.4	11.8	237.5	615.1	100.0	0	0.0
70.6	3.3	11.1	247.1	617.9	100.0	0	0.0
75.8	4.9	22.4	244.6	620.7	100.0	0	0.0
05	31	2008
66.0	8.4	23.9	268.5	619.8	98.4	0	0.0
53.5	10.9	14.4	195.4	626.1	100.0	0	0.0
51.5	16.9	8.2	140.4	628.7	100.0	0	0.0
65.4	28.8	13.4	180.8	631.2	100.0	0	0.0
69.3	49.8	11.5	167.7	612.7	75.2	0	0.0
70.2	43.8	10.6	172.5	573.2	71.6	0	0.0
59.2	49.1	12.3	153.3	516.6	56.1	49	0.0
66.6	31.6	16.6	206.2	640.9	100.0	0	0.0
66.2	32.0	9.7	197.9	643.2	99.0	0	0.0
68.3	22.3	18.0	202.9	645.4	100.0	0	0.0
60.5	24.5	14.2	162.5	647.6	100.0	0	0.0
73.8	9.8	17.7	230.4	649.7	100.0	0	0.0
64.0	34.1	16.0	86.5	651.8	88.5	0	0.0
52.9	44.8	9.8	67.8	268.3	19.5	20	0.0
52.3	46.9	7.1	105.5	252.7	14.8	8	0.0
60.1	36.2	6.5	245.8	553.6	54.2	0	0.0
65.8	39.7	12.8	127.3	577.2	65.6	4	0.0
71.4	33.0	9.7	242.1	661.3	100.0	0	0.0
78.3	32.4	7.1	184.2	663.0	100.0	0	0.0
74.8	47.0	14.1	116.3	664.8	88.0	19	0.0
78.6	39.6	16.6	192.3	666.4	93.8	6	0.0
72.0	29.8	18.2	209.6	655.8	92.7	0	0.0
65.2	35.5	12.2	196.7	666.4	99.0	0	0.0
68.6	31.0	13.8	197.1	671.3	100.0	0	0.0
77.0	42.8	17.7	188.7	621.9	81.1	0	0.0
80.2	27.1	17.0	232.5	674.2	100.0	0	0.0
68.9	45.4	13.9	87.7	669.5	90.6	0	0.0
63.3	54.9	13.2	89.6	358.9	18.9	2	0.0
78.9	52.2	15.8	190.4	677.2	97.9	0	0.0
78.7	24.3	9.9	234.2	679.7	100.0	0	0.0
77.9	29.3	7.0	130.8	680.9	100.0	0	0.0
06	30	2008
76.5	49.6	6.3	105.8	619.4	78.5	0	0.0
89.6	27.8	18.1	225.4	683.2	100.0	0	0.0
83.0	20.5	15.0	260.0	684.3	100.0	0	0.0
82.9	12.8	19.3	234.0	685.3	95.3	0	0.0
72.5	22.6	23.1	254.6	686.2	100.0	0	0.0
75.2	27.5	11.0	182.1	687.1	100.0	0	0.0
86.3	46.6	22.8	211.7	687.9	100.0	0	0.0
84.6	35.5	18.8	231.9	688.7	93.8	0	0.0
72.8	38.1	10.0	113.8	688.4	89.6	0	0.0
83.6	49.2	19.1	197.3	679.9	83.8	0	0.0
86.6	29.8	20.6	213.1	690.8	100.0	0	0.0
76.2	27.3	11.2	155.8	691.3	100.0	0	0.0
74.7	31.3	9.0	70.0	691.8	100.0	0	0.0
83.3	38.8	8.1	170.8	692.3	100.0	0	0.0
87.2	34.5	9.8	196.7	692.7	100.0	0	0.0
79.9	54.4	15.1	94.4	693.0	90.1	0	0.0
78.1	57.3	10.5	119.8	685.6	79.3	0	0.0
82.0	51.4	14.2	215.0	693.6	99.0	0	0.0
76.4	58.9	13.5	95.8	627.0	80.2	0	0.0
75.0	50.9	7.8	141.3	647.6	75.1	26	0.0
71.7	54.8	8.5	138.5	621.8	59.7	38	0.0
75.6	54.2	10.2	208.1	644.7	90.7	24	0.0
74.1	52.5	9.1	180.9	668.5	95.0	0	0.0
74.8	51.8	9.9	192.3	659.1	93.4	0	0.0
80.8	50.3	10.3	212.5	691.2	97.4	2	0.0
85.3	44.5	14.2	201.7	693.6	100.0	0	0.0
86.8	43.0	10.1	191.7	693.3	100.0	0	0.0
78.4	56.8	13.4	129.9	627.9	73.9	143	0.0
72.3	59.0	8.8	188.8	650.7	69.8	4	0.0
74.8	55.3	10.5	186.7	689.2	93.8	0	0.0
07	31	2008
78.2	54.6	11.1	205.8	691.8	95.8	0	0.0
79.3	53.6	10.0	191.7	683.0	96.9	0	0.0
72.8	60.7	8.5	140.8	647.9	79.2	7	0.0
78.2	57.6	8.1	171.0	683.5	74.9	0	0.0
82.0	54.8	13.8	193.8	680.5	87.5	0	0.0
80.7	56.0	14.3	194.2	685.4	99.0	0	0.0
74.8	60.7	12.4	191.6	637.8	55.2	0	0.0
69.5	63.2	5.9	144.3	506.2	31.9	9	0.0
67.0	64.3	5.5	95.7	401.9	12.9	92	0.0
71.9	64.1	13.8	203.5	555.7	53.2	31	0.0
78.3	63.3	14.5	222.5	677.4	92.7	0	0.0
70.8	54.7	12.2	98.8	629.1	63.5	2	0.0
68.9	58.0	4.6	177.7	596.6	60.9	0	0.0
73.9	63.4	10.1	202.1	658.1	68.8	1	0.0
74.6	64.8	9.5	171.7	634.6	72.7	0	0.0
77.6	64.9	9.1	149.0	637.0	78.1	0	0.0
79.1	61.2	9.2	167.1	665.5	92.7	0	0.0
76.5	62.0	10.3	170.0	598.6	55.0	10	0.0
75.1	61.2	8.5	162.2	621.7	69.8	33	0.0
77.1	57.4	9.0	180.0	649.8	93.8	0	0.0
79.3	56.5	10.2	202.9	663.5	92.7	0	0.0
80.0	56.0	9.2	189.6	664.2	96.9	0	0.0
80.1	53.2	8.7	170.8	669.0	100.0	0	0.0
81.5	56.5	11.0	187.5	667.4	100.0	0	0.0
79.9	60.2	8.0	169.2	659.8	97.9	0	0.0
76.0	63.6	7.9	163.1	473.9	62.5	6	0.0
77.0	64.5	11.1	181.4	512.6	66.3	0	0.0
82.5	61.7	8.0	196.7	660.2	89.8	9	0.0
78.7	61.3	4.4	103.1	649.9	86.5	2	0.0
79.5	58.8	4.3	68.5	654.5	99.0	0	0.0
80.7	52.6	4.5	117.5	654.3	100.0	0	0.0
08	31	2008
81.2	47.8	4.9	137.9	652.2	100.0	0	0.0
81.2	54.9	7.8	167.5	650.1	100.0	0	0.0
83.1	55.3	10.7	208.8	647.9	100.0	0	0.0
84.8	53.6	12.3	184.6	615.1	86.5	0	0.0
81.9	51.5	5.1	160.4	641.6	94.8	0	0.0
82.6	54.1	7.0	140.4	638.1	83.3	0	0.0
76.5	61.2	8.3	147.6	527.1	63.3	54	0.0
77.7	60.5	7.2	184.4	634.6	94.3	1	0.0
80.2	59.0	9.0	214.2	616.2	80.0	35	0.0
75.7	64.4	7.4	123.2	615.8	76.0	8	0.0
74.7	65.2	2.6	99.4	508.1	60.1	0	0.0
77.3	58.7	5.6	185.8	623.2	99.0	1	0.0
76.2	60.8	10.1	126.5	621.1	87.7	4	0.0
72.2	58.9	9.4	186.2	610.9	93.6	6	0.0
69.0	56.1	9.6	90.9	390.9	30.4	50	0.0
66.9	60.1	8.0	90.0	460.1	27.4	100	0.0
65.4	59.3	3.8	90.3	344.4	21.9	7	0.0
66.7	56.1	8.3	121.0	575.7	56.2	0	0.0
66.1	57.5	6.5	133.8	368.9	53.5	0	0.0
67.8	60.7	5.3	136.6	295.9	35.2	0	0.0
74.7	58.5	8.3	196.2	601.1	100.0	0	0.0
79.1	54.7	9.3	195.0	598.0	100.0	0	0.0
76.0	59.5	7.2	158.8	567.3	83.3	0	0.0
75.0	57.5	3.8	128.8	589.5	99.0	0	0.0
76.0	56.8	8.1	183.3	588.5	100.0	0	0.0
77.8	55.4	14.2	206.7	575.8	79.2	0	0.0
77.6	55.8	9.2	210.4	579.9	99.0	0	0.0
76.6	55.8	6.4	151.7	575.5	95.8	0	0.0
73.3	61.2	7.3	138.5	513.4	67.7	0	0.0
70.6	58.3	9.5	191.7	360.4	49.0	0	0.0
71.4	61.3	12.4	181.6	341.5	31.4	6	0.0
09	30	2008
75.6	60.4	14.4	199.0	564.1	83.0	1	0.0
70.0	51.5	17.5	83.6	516.1	51.7	0	0.0
64.2	49.5	9.1	59.2	459.0	53.5	0	0.0
69.1	53.7	6.3	113.8	553.8	100.0	0	0.0
71.9	54.3	13.2	134.3	485.8	83.7	0	0.0
72.8	52.0	9.5	133.8	528.4	64.2	0	0.0
68.0	55.2	9.7	123.8	415.7	46.7	0	0.0
64.4	50.9	11.8	116.4	348.0	53.6	0	0.0
63.8	51.6	7.7	135.3	410.8	49.5	0	0.0
72.2	56.9	13.7	202.3	521.3	79.0	0	0.0
66.4	61.3	4.5	143.8	347.7	31.7	21	0.0
67.3	59.8	4.4	179.4	281.6	39.6	4	0.0
66.8	56.3	7.3	79.5	358.1	67.4	0	0.0
61.5	48.9	6.2	80.4	509.8	96.9	0	0.0
63.2	48.6	5.5	150.8	479.8	83.3	0	0.0
67.1	44.5	7.6	210.4	495.3	96.9	0	0.0
69.3	43.8	10.6	203.3	502.7	95.8	0	0.0
68.7	41.0	8.7	201.7	498.6	92.7	0	0.0
67.3	48.0	7.4	205.6	486.4	86.3	41	0.0
67.3	53.3	6.2	167.4	456.2	88.5	7	0.0
72.0	50.8	15.2	209.2	484.0	95.8	0	0.0
73.0	51.1	14.5	202.5	481.7	96.9	0	0.0
73.4	51.2	9.9	180.0	475.3	94.8	0	0.0
72.5	52.8	9.5	185.0	450.3	95.8	0	0.0
69.7	49.6	9.0	205.3	469.3	100.0	0	0.0
69.2	43.9	8.6	198.3	465.1	100.0	0	0.0
69.0	38.8	4.9	173.8	460.9	100.0	0	0.0
66.7	40.8	4.5	112.9	456.8	100.0	0	0.0
64.8	43.8	7.5	141.2	452.7	100.0	0	0.0
67.3	36.2	7.0	220.0	448.5	100.0	0	0.0
10	31	2008
67.3	37.8	4.5	109.6	444.3	100.0	0	0.0
70.6	39.0	8.1	190.1	416.9	89.3	0	0.0
69.3	31.3	9.2	234.6	435.9	99.0	0	0.0
73.0	38.3	14.2	210.0	429.6	85.4	0	0.0
59.3	51.5	11.7	206.2	354.7	56.2	16	0.0
58.7	43.6	8.3	139.6	254.2	65.6	1	0.0
60.0	39.6	7.6	166.7	419.0	90.6	0	0.0
66.0	39.2	6.0	155.0	414.8	100.0	0	0.0
69.5	39.3	13.0	194.2	410.5	100.0	0	0.0
70.4	39.5	13.3	217.5	404.3	96.9	0	0.0
66.4	58.6	18.0	166.3	290.0	38.9	52	0.0
67.0	61.5	17.5	185.3	295.1	48.4	12	0.0
48.3	43.9	12.7	68.5	137.8	7.0	13	0.0
43.9	41.5	9.6	68.4	136.3	7.3	35	0.0
50.5	41.5	6.6	127.5	372.1	95.8	0	0.0
51.4	43.7	7.4	182.2	360.9	83.3	0	0.0
58.0	41.8	6.5	130.4	376.8	100.0	0	0.0
61.3	42.3	9.8	202.1	372.6	100.0	0	0.0
63.8	38.3	7.9	174.2	368.4	100.0	0	0.0
52.5	47.1	8.5	132.8	138.0	33.3	30	0.0
60.6	50.8	11.2	202.1	342.3	77.0	0	0.0
46.5	26.3	14.2	78.3	355.7	60.4	0	0.0
44.9	24.0	7.2	152.9	352.1	83.3	0	0.0
46.9	29.2	5.9	158.8	348.0	100.0	0	0.0
52.8	34.2	4.6	151.7	344.0	100.0	0	0.0
52.5	33.3	10.9	100.0	340.1	100.0	0	0.0
48.8	30.0	12.2	233.3	336.1	100.0	0	0.0
52.9	33.6	5.2	161.2	332.2	100.0	0	0.0
56.9	38.3	4.6	183.8	328.4	100.0	0	0.0
63.0	35.0	6.3	206.2	324.5	100.0	0	0.0
58.2	37.5	5.5	156.7	320.7	100.0	0	0.0
11	30	2008
61.0	35.6	8.7	238.3	317.0	100.0	0	0.0
63.8	29.8	11.9	216.7	313.3	100.0	0	0.0
62.7	37.8	11.5	224.6	309.6	100.0	0	0.0
64.2	37.0	14.8	222.5	306.0	100.0	0	0.0
54.2	22.8	18.4	276.7	254.5	90.6	0	0.0
41.5	9.8	6.2	180.4	299.0	100.0	0	0.0
40.8	11.3	6.0	211.7	295.5	100.0	0	0.0
45.8	13.4	5.4	150.0	292.1	100.0	0	0.0
53.8	15.8	7.8	184.6	288.8	95.8	0	0.0
52.4	29.6	15.7	240.2	249.2	68.8	0	0.0
45.9	26.3	5.4	174.2	282.3	100.0	0	0.0
45.5	27.5	4.5	175.4	279.2	100.0	0	0.0
51.7	28.0	6.6	227.1	276.2	100.0	0	0.0
44.6	21.9	16.7	38.3	111.3	41.7	0	0.0
37.5	12.2	6.8	214.6	270.3	96.9	0	0.0
47.3	15.2	7.8	234.6	267.4	100.0	0	0.0
48.3	23.6	6.1	103.8	264.6	100.0	0	0.0
51.2	25.3	9.4	225.4	261.9	100.0	0	0.0
54.6	22.8	7.5	160.0	259.2	100.0	0	0.0
38.0	24.5	15.8	52.0	89.8	18.2	0	0.0
38.2	23.1	17.1	203.3	236.3	71.9	0	0.0
41.9	20.9	5.2	191.7	251.6	100.0	0	0.0
50.8	19.4	9.7	168.8	249.2	100.0	0	0.0
40.8	19.3	7.3	216.7	246.9	100.0	0	0.0
47.8	16.1	9.0	251.7	244.7	100.0	0	0.0
46.1	11.1	4.3	163.8	242.5	100.0	0	0.0
39.3	26.0	7.3	135.9	113.3	35.6	6	0.0
40.9	34.2	6.2	117.7	216.2	35.4	1	0.0
41.0	30.3	5.0	170.4	235.8	58.3	0	0.0
36.6	29.2	8.3	232.9	95.2	8.7	5	0.0
12	31	2008
41.9	27.8	8.5	240.4	232.7	82.3	0	0.0
57.5	24.4	15.2	255.8	231.0	100.0	0	0.0
38.1	21.9	11.3	110.2	140.3	63.0	0	0.0
28.0	12.2	6.5	119.6	227.9	95.8	0	0.0
32.0	12.6	10.1	207.1	226.5	100.0	0	0.0
40.1	16.0	3.4	131.2	225.2	100.0	0	0.0
51.9	21.0	10.5	241.7	223.9	100.0	0	0.0
52.9	29.3	16.7	200.0	205.8	73.4	0	0.0
28.1	23.1	15.5	86.4	106.1	37.5	4	9.5
27.8	21.4	6.5	264.6	220.6	100.0	0	0.0
37.5	27.4	3.0	150.4	219.6	100.0	0	0.0
40.6	27.5	8.5	140.0	218.8	100.0	0	0.0
54.0	26.0	16.1	223.3	218.0	96.9	0	0.0
41.4	19.8	19.8	190.8	192.7	67.7	0	0.0
18.6	2.0	6.9	94.2	107.7	11.5	0	0.0
34.3	12.2	12.8	220.0	216.1	100.0	0	0.0
48.7	28.3	9.5	223.8	212.7	86.5	0	0.0
51.4	28.8	16.1	220.7	191.7	80.6	0	0.0
45.3	15.8	15.5	245.4	214.9	100.0	0	0.0
35.9	11.6	13.2	147.1	214.7	100.0	0	0.0
22.7	3.0	8.1	127.5	211.8	96.9	0	0.0
29.6	6.6	17.1	202.1	190.8	87.5	0	0.0
42.8	23.1	19.2	246.9	151.6	47.9	0	0.0
39.0	17.7	12.8	242.1	214.6	95.8	0	0.0
47.6	28.2	13.9	225.0	191.6	88.5	0	0.0
47.3	25.5	18.2	228.8	214.2	78.1	0	0.0
32.2	9.0	13.6	234.6	199.3	66.7	0	0.0
37.0	10.3	6.0	207.1	215.8	100.0	0	0.0
44.4	15.8	10.0	246.7	216.2	100.0	0	0.0
52.8	19.6	12.0	169.6	216.8	100.0	0	0.0
37.4	17.1	13.6	181.2	217.5	100.0	0	0.0
