   1    31    1980
43.3	37.0	13.5	109.2	167.4	69.0	.0	.0	
40.6	29.5	11.2	254.2	242.4	20.0	.0	.0	
35.6	27.4	5.9	185.4	233.5	20.0	.0	.0	
41.8	36.2	13.4	51.3	99.3	98.0	52.0	.0	
34.1	32.9	15.4	315.4	124.3	98.0	60.0	.0	
29.8	23.8	7.7	180.0	272.9	15.0	.0	2.5	
39.4	31.6	11.3	217.1	122.0	69.0	1.0	.0	
41.7	33.5	7.8	115.4	134.8	98.0	1.0	.0	
39.9	36.4	8.3	66.7	110.9	80.0	8.0	.0	
37.5	31.9	7.6	50.4	209.9	45.0	.0	.0	
59.0	53.7	15.6	174.6	106.0	85.0	77.0	.0	
47.1	31.3	13.5	188.8	124.9	75.0	.0	.0	
38.6	28.3	14.3	33.3	108.1	98.0	.0	.0	
48.1	46.7	10.4	230.8	83.0	98.0	71.0	.0	
48.8	42.7	14.8	319.6	234.9	42.0	13.0	.0	
43.9	34.2	9.9	133.8	224.8	49.0	.0	.0	
43.8	39.3	7.0	97.9	130.5	87.0	.0	.0	
47.3	44.8	8.1	176.7	77.5	98.0	63.0	.0	
43.8	35.0	9.9	240.4	280.8	10.0	.0	.0	
41.8	33.1	5.8	165.0	233.3	33.0	.0	.0	
40.5	26.2	7.4	165.4	237.6	32.0	.0	.0	
47.5	36.9	10.0	202.5	109.5	93.0	31.0	.0	
40.5	35.0	11.5	225.8	116.7	80.0	42.0	.0	
34.2	13.9	14.5	247.9	226.4	32.0	.0	.0	
49.0	32.0	11.0	229.2	146.9	67.0	.0	.0	
39.4	29.1	7.9	78.8	130.3	94.0	.0	.0	
37.3	24.5	9.6	39.2	151.2	98.0	.0	.0	
36.9	25.6	6.2	82.5	256.1	45.0	.0	.0	
36.7	23.6	8.6	53.8	125.0	93.0	.0	.0	
29.2	9.9	11.6	264.6	201.9	71.0	.0	.0	
26.1	18.0	12.2	275.8	171.0	84.0	.0	86.4	
   2    29    1980
23.3	4.6	17.2	340.0	333.2	5.0	.0	.0	
23.9	5.0	14.7	335.4	318.4	8.0	.0	.0	
24.7	6.4	9.1	322.1	349.9	3.0	.0	.0	
27.1	11.1	10.7	335.4	208.5	60.0	.0	.0	
29.0	14.3	7.8	255.4	336.1	30.0	.0	.0	
29.5	25.2	10.2	137.5	149.4	86.0	.0	292.1	
30.5	21.9	12.3	333.8	354.4	42.0	.0	20.3	
31.2	19.5	7.8	256.3	352.7	47.0	.0	.0	
32.5	27.1	4.1	123.8	199.4	98.0	37.0	.0	
29.5	22.4	12.6	220.4	331.7	48.0	.0	101.6	
26.3	16.8	5.9	163.8	384.1	3.0	.0	.0	
29.8	17.1	9.0	219.6	351.4	36.0	.0	.0	
29.3	18.7	7.8	102.9	377.1	22.0	.0	.0	
35.8	21.5	7.7	223.8	387.3	2.0	.0	.0	
38.5	29.8	7.3	120.4	210.8	61.0	.0	.0	
42.5	32.3	14.0	213.3	142.3	97.0	14.0	.0	
27.6	12.4	9.8	202.5	374.4	6.0	.0	.0	
30.3	18.2	6.7	130.4	390.1	2.0	.0	.0	
35.0	26.3	6.1	67.1	308.3	47.0	.0	.0	
44.6	39.1	7.8	81.7	261.1	69.0	1.0	.0	
50.9	40.7	7.5	182.1	347.5	44.0	.0	.0	
60.2	51.1	12.2	216.3	201.2	85.0	6.0	.0	
54.2	46.1	11.6	153.3	249.2	75.0	49.0	.0	
48.6	40.9	8.0	138.8	357.7	34.0	1.0	.0	
40.1	36.8	10.6	47.9	128.6	92.0	19.0	.0	
36.1	20.5	15.3	247.5	265.5	63.0	1.0	.0	
36.7	15.3	10.4	243.3	276.4	43.0	.0	.0	
37.8	25.7	10.5	145.8	185.8	98.0	.0	.0	
30.4	12.4	14.7	143.8	403.8	48.0	.0	.0	
   3    31    1980
21.0	12.5	16.2	41.3	196.7	98.0	.0	193.0	
21.8	18.8	26.8	22.1	286.7	98.0	.0	119.4	
26.3	8.3	16.5	309.6	476.7	36.0	.0	.0	
39.2	13.0	11.1	225.0	413.2	50.0	.0	.0	
46.5	36.3	11.6	217.9	223.9	96.0	.0	.0	
41.8	31.6	10.0	130.0	467.6	23.0	.0	.0	
50.8	39.3	10.6	202.5	343.6	76.0	.0	.0	
62.1	56.1	14.3	217.9	198.4	94.0	2.0	.0	
51.6	40.5	10.9	137.5	421.5	24.0	.0	.0	
51.5	42.6	8.9	153.8	260.9	37.0	.0	.0	
46.3	26.9	12.4	206.3	467.8	14.0	13.0	.0	
37.4	18.7	11.1	85.4	238.3	78.0	.0	.0	
44.7	39.8	17.3	155.8	152.5	98.0	62.0	.0	
44.6	28.6	16.7	283.8	468.3	28.0	.0	.0	
45.6	23.4	10.6	260.0	459.8	11.0	.0	.0	
49.5	33.0	8.5	142.9	466.0	35.0	.0	.0	
60.4	49.3	17.4	186.7	208.1	98.0	.0	.0	
51.1	40.7	11.7	126.7	380.2	50.0	60.0	.0	
42.4	28.1	8.4	101.3	459.4	48.0	.0	.0	
57.0	46.8	11.9	186.3	216.0	98.0	6.0	.0	
60.5	46.9	19.2	225.8	293.4	74.0	35.0	.0	
44.5	22.0	22.0	303.3	315.5	68.0	.0	.0	
44.4	28.3	8.7	166.7	482.6	29.0	.0	.0	
51.1	40.4	11.0	182.1	206.0	98.0	6.0	.0	
51.8	42.7	14.0	179.6	416.4	55.0	29.0	.0	
43.1	31.5	9.5	105.0	305.7	78.0	.0	.0	
44.4	31.2	9.7	48.3	532.1	40.0	.0	.0	
47.3	42.1	7.5	79.2	188.6	98.0	14.0	.0	
55.2	50.8	9.3	134.6	288.8	80.0	68.0	.0	
52.8	49.8	7.4	96.3	222.1	96.0	22.0	.0	
51.8	47.8	9.4	256.3	281.4	84.0	.0	.0	
   4    30    1980
43.6	35.1	10.5	127.1	399.3	47.0	.0	.0	
55.7	41.3	8.4	182.5	518.3	40.0	.0	.0	
55.0	46.5	11.1	122.5	497.0	73.0	.0	.0	
65.1	56.0	14.5	218.3	298.4	70.0	30.0	.0	
52.7	31.3	12.6	264.6	567.7	10.0	.0	.0	
54.0	32.5	8.4	176.7	458.0	43.0	.0	.0	
56.5	42.5	8.9	149.6	264.8	83.0	.0	.0	
62.3	49.4	12.2	147.1	364.2	91.0	.0	.0	
67.2	59.4	16.9	178.8	285.1	80.0	36.0	.0	
64.1	41.1	7.7	215.4	573.1	11.0	.0	.0	
57.2	43.6	8.6	90.0	574.5	13.0	.0	.0	
65.9	47.9	12.1	199.6	324.3	82.0	.0	.0	
60.6	54.1	8.8	157.9	223.0	98.0	7.0	.0	
67.2	62.4	14.7	174.6	188.6	93.0	28.0	.0	
57.2	36.8	15.3	255.8	475.0	53.0	.0	.0	
51.1	29.4	14.7	278.3	377.5	45.0	.0	.0	
44.8	27.8	10.4	96.3	628.3	6.0	.0	.0	
52.2	37.9	8.9	182.5	459.0	43.0	.0	.0	
58.8	37.7	8.0	159.2	641.3	2.0	.0	.0	
61.1	44.4	8.1	158.3	601.1	34.0	.0	.0	
57.5	47.2	7.5	105.4	544.9	42.0	.0	.0	
59.0	39.2	8.0	134.6	638.9	20.0	.0	.0	
58.5	42.2	7.9	89.2	615.2	20.0	.0	.0	
64.2	55.4	9.5	88.8	540.1	66.0	2.0	.0	
67.1	56.6	7.8	92.9	561.6	55.0	1.0	.0	
57.5	47.4	12.5	53.3	364.8	91.0	2.0	.0	
65.8	58.1	11.5	179.2	414.0	82.0	102.0	.0	
59.5	56.1	8.6	216.3	231.7	98.0	75.0	.0	
58.6	52.0	7.8	152.5	548.9	55.0	34.0	.0	
59.0	50.7	4.4	228.3	265.9	93.0	8.0	.0	
   5    31    1980
55.4	49.9	13.0	199.6	234.4	87.0	6.0	.0	
58.3	47.8	7.7	164.6	588.5	40.0	.0	.0	
63.5	50.7	6.3	212.1	611.4	35.0	.0	.0	
67.7	49.1	7.8	175.0	661.4	6.0	.0	.0	
71.9	50.8	5.8	217.1	662.4	7.0	.0	.0	
72.4	54.6	9.2	215.8	524.0	78.0	4.0	.0	
70.7	54.8	8.6	183.8	654.8	37.0	.0	.0	
59.2	49.8	11.2	211.7	243.9	89.0	1.0	.0	
53.8	35.7	9.2	248.3	617.1	24.0	.0	.0	
57.6	39.4	6.8	115.8	621.6	31.0	.0	.0	
68.7	55.5	13.2	207.9	494.7	55.0	.0	.0	
76.6	62.4	13.1	215.0	489.7	68.0	.0	.0	
78.7	63.9	12.0	221.3	333.3	93.0	.0	.0	
76.7	56.4	13.0	208.8	363.8	97.0	.0	.0	
61.6	46.0	10.9	41.3	412.5	69.0	2.0	.0	
59.5	41.8	6.2	61.3	657.4	9.0	.0	.0	
61.1	45.5	8.3	102.1	611.8	51.0	.0	.0	
70.0	64.7	11.6	176.3	311.3	74.0	57.0	.0	
73.8	64.0	8.5	166.7	499.8	67.0	44.0	.0	
67.9	64.4	9.4	121.3	316.1	98.0	45.0	.0	
68.3	62.2	11.5	297.1	328.9	82.0	10.0	.0	
70.2	58.0	5.2	217.1	465.7	75.0	.0	.0	
72.7	64.4	6.8	172.1	282.0	97.0	.0	.0	
71.1	66.5	6.1	152.1	255.9	96.0	341.0	.0	
70.2	65.4	5.5	116.3	372.4	88.0	.0	.0	
65.9	51.6	10.2	36.7	605.0	28.0	.0	.0	
65.5	43.4	8.2	143.8	686.9	6.0	.0	.0	
67.8	50.6	6.2	142.1	647.0	28.0	.0	.0	
74.8	61.3	7.2	139.6	646.9	25.0	.0	.0	
75.4	66.2	7.7	150.8	441.1	92.0	7.0	.0	
77.4	64.5	11.2	219.2	598.7	79.0	.0	.0	
   6    30    1980
79.5	65.4	12.2	224.2	584.9	80.0	.0	.0	
80.2	64.5	14.3	225.8	500.6	80.0	.0	.0	
82.6	67.7	11.6	247.5	609.7	60.0	.0	.0	
73.5	57.7	11.3	167.9	644.2	35.0	.0	.0	
70.1	54.1	8.2	91.7	638.7	28.0	.0	.0	
71.0	58.9	10.2	149.6	307.6	74.0	13.0	.0	
78.8	69.0	14.1	230.4	585.6	66.0	.0	.0	
78.8	67.2	14.6	207.1	373.7	78.0	21.0	.0	
66.2	44.0	11.9	220.0	670.6	15.0	.0	.0	
70.6	55.1	10.5	185.4	626.8	42.0	36.0	.0	
66.3	58.5	8.6	60.4	549.0	57.0	.0	.0	
65.5	50.3	9.3	63.3	676.2	14.0	.0	.0	
63.8	49.6	6.7	34.6	676.8	2.0	.0	.0	
68.1	56.1	6.9	178.8	496.3	45.0	.0	.0	
80.3	63.9	11.5	227.9	661.9	28.0	.0	.0	
77.6	66.2	11.7	140.8	528.5	63.0	.0	.0	
67.6	54.7	11.1	85.4	633.1	64.0	36.0	.0	
65.0	56.6	5.3	68.8	316.1	81.0	.0	.0	
68.2	57.6	8.8	77.9	676.1	33.0	.0	.0	
72.2	59.0	12.7	175.4	592.0	23.0	.0	.0	
70.1	49.9	6.5	164.6	520.5	68.0	.0	.0	
72.1	51.0	5.6	99.2	727.6	7.0	.0	.0	
75.5	56.3	8.8	193.8	617.0	59.0	.0	.0	
75.8	61.4	9.2	192.5	444.0	97.0	.0	.0	
73.6	64.9	9.4	114.2	332.1	98.0	2.0	.0	
73.3	70.6	8.0	129.6	265.9	98.0	7.0	.0	
81.9	66.5	7.5	264.6	627.5	53.0	.0	.0	
84.3	69.2	7.9	174.6	629.4	45.0	.0	.0	
87.4	70.7	12.0	230.8	629.5	51.0	4.0	.0	
77.0	65.0	10.2	117.9	570.3	65.0	20.0	.0	
   7    31    1980
75.8	60.6	7.8	144.6	673.1	15.0	.0	.0	
81.7	67.3	11.1	208.8	587.6	30.0	.0	.0	
83.3	71.4	12.5	226.7	318.8	93.0	1.0	.0	
82.6	69.3	8.4	212.9	507.1	65.0	.0	.0	
81.7	70.7	10.0	245.4	524.8	72.0	2.0	.0	
79.0	68.0	9.3	157.5	653.4	16.0	.0	.0	
73.7	52.5	9.4	70.4	710.8	3.0	.0	.0	
75.1	64.5	11.8	237.9	337.0	80.0	3.0	.0	
78.7	68.5	7.8	172.1	596.7	85.0	12.0	.0	
78.9	69.8	7.3	206.3	452.7	90.0	1.0	.0	
81.5	69.5	6.8	186.7	638.7	35.0	.0	.0	
82.5	68.3	6.6	200.0	623.9	48.0	76.0	.0	
75.6	64.1	8.4	107.1	670.6	23.0	.0	.0	
75.0	59.9	6.3	68.3	687.2	7.0	.0	.0	
78.6	61.0	7.8	167.5	677.6	18.0	.0	.0	
83.9	70.8	13.8	206.3	639.9	26.0	.0	.0	
82.7	70.9	14.8	221.3	670.0	36.0	30.0	.0	
80.1	70.1	6.7	152.5	509.3	68.0	.0	.0	
84.0	74.1	7.4	169.6	535.8	38.0	.0	.0	
87.1	73.4	10.2	227.1	611.6	10.0	.0	.0	
87.1	72.7	12.0	221.7	583.5	17.0	.0	.0	
86.0	70.4	13.7	212.9	585.7	55.0	.0	.0	
76.3	70.7	8.7	205.8	272.3	90.0	60.0	.0	
75.3	67.3	6.1	85.0	475.2	56.0	.0	.0	
77.8	62.8	5.6	130.4	676.1	8.0	.0	.0	
78.3	64.8	6.9	150.4	630.5	14.0	.0	.0	
78.8	65.7	8.8	95.4	595.1	30.0	.0	.0	
79.1	70.2	9.2	87.1	504.7	61.0	.0	.0	
81.3	72.4	6.8	235.0	438.1	81.0	.0	.0	
82.5	69.0	6.3	150.0	607.8	34.0	.0	.0	
84.6	70.9	7.2	178.3	556.1	19.0	.0	.0	
   8    31    1980
86.7	70.6	12.2	192.9	636.5	55.0	.0	.0	
86.0	68.6	9.7	197.9	658.0	4.0	.0	.0	
86.4	72.3	11.0	205.4	554.5	35.0	2.0	.0	
86.0	72.3	6.9	190.8	539.0	60.0	9.0	.0	
86.8	72.6	12.0	202.5	570.2	49.0	.0	.0	
86.2	69.7	9.0	191.7	575.8	74.0	.0	.0	
82.9	68.5	7.1	140.8	619.9	49.0	.0	.0	
84.7	68.3	7.4	130.8	610.7	33.0	.0	.0	
85.2	66.0	8.9	216.7	446.2	59.0	15.0	.0	
83.6	65.4	7.4	232.5	384.2	83.0	2.0	.0	
85.8	65.8	12.6	215.0	553.2	55.0	.0	.0	
82.2	66.5	11.4	205.8	457.8	81.0	.0	.0	
79.4	62.7	8.2	118.8	630.6	20.0	.0	.0	
84.1	67.4	9.4	189.2	511.5	47.0	.0	.0	
81.2	70.5	12.9	228.8	394.6	77.0	413.0	.0	
76.3	61.1	10.5	200.0	485.8	59.0	.0	.0	
72.4	55.3	11.0	59.2	427.1	65.0	.0	.0	
73.1	64.3	5.9	161.3	228.3	95.0	12.0	.0	
76.7	70.3	6.7	152.5	260.9	96.0	1.0	.0	
76.7	69.1	8.1	112.9	424.6	73.0	.0	.0	
72.3	63.7	9.2	50.0	366.5	89.0	.0	.0	
72.0	63.2	13.0	25.4	295.9	72.0	.0	.0	
72.4	61.2	9.1	59.6	577.2	25.0	.0	.0	
74.0	58.4	4.6	77.5	586.6	13.0	.0	.0	
74.0	60.7	5.4	133.3	560.6	2.0	.0	.0	
73.9	61.9	4.7	85.8	604.4	2.0	.0	.0	
77.6	63.7	6.6	195.0	560.6	3.0	.0	.0	
80.5	63.6	7.5	194.2	593.2	2.0	.0	.0	
79.0	66.2	7.8	171.7	533.7	22.0	.0	.0	
79.1	68.8	9.5	186.3	404.9	45.0	.0	.0	
80.6	69.8	9.8	186.7	484.3	21.0	.0	.0	
   9    30    1980
84.1	70.8	10.1	198.3	518.8	20.0	.0	.0	
84.2	70.9	9.7	206.3	495.7	22.0	.0	.0	
79.8	69.5	9.3	117.5	464.8	70.0	.0	.0	
78.6	68.6	7.3	90.4	386.7	82.0	.0	.0	
78.1	70.2	4.9	105.0	391.0	68.0	.0	.0	
79.5	68.6	6.6	185.0	526.9	44.0	.0	.0	
78.4	63.9	10.3	149.2	465.2	63.0	.0	.0	
73.9	56.1	5.5	110.4	497.7	21.0	.0	.0	
74.4	58.4	7.0	138.3	508.7	17.0	.0	.0	
72.3	64.4	9.5	210.0	199.9	76.0	15.0	.0	
70.8	54.8	8.5	133.8	522.6	6.0	.0	.0	
70.5	56.2	4.8	112.1	508.9	13.0	.0	.0	
72.9	65.0	5.3	62.5	471.5	30.0	.0	.0	
79.3	70.0	7.1	212.5	404.6	65.0	.0	.0	
76.6	65.1	11.4	147.1	438.6	65.0	.0	.0	
74.0	61.3	9.0	89.2	304.3	73.0	.0	.0	
81.9	71.0	13.0	190.4	350.0	81.0	9.0	.0	
78.2	70.0	10.3	169.2	272.0	84.0	.0	.0	
73.7	65.3	7.0	72.9	378.4	66.0	.0	.0	
73.4	62.0	6.0	116.3	465.8	33.0	.0	.0	
79.7	67.9	9.5	210.0	417.9	38.0	.0	.0	
84.3	70.0	11.3	224.2	443.2	44.0	.0	.0	
83.0	71.3	10.7	187.5	400.5	66.0	.0	.0	
73.7	63.3	11.6	70.0	199.4	92.0	.0	.0	
76.9	70.1	6.4	205.8	218.2	98.0	43.0	.0	
74.6	59.7	11.9	175.4	324.1	91.0	2.0	.0	
61.5	45.4	9.1	146.7	315.5	80.0	.0	.0	
60.7	49.2	3.7	121.7	219.4	88.0	.0	.0	
69.3	56.0	11.1	73.8	297.7	92.0	.0	.0	
70.5	65.0	16.7	62.9	127.1	98.0	78.0	.0	
  10    31    1980
69.6	64.8	13.3	37.1	182.8	98.0	20.0	.0	
70.1	63.9	6.2	185.0	324.0	59.0	11.0	.0	
64.8	58.7	9.8	150.4	169.3	93.0	13.0	.0	
59.4	48.9	6.1	235.0	356.6	28.0	.0	.0	
61.6	49.3	13.5	48.8	244.2	55.0	.0	.0	
60.3	41.1	14.1	192.5	412.6	39.0	.0	.0	
57.2	42.0	5.6	223.8	448.7	6.0	.0	.0	
63.1	48.1	8.8	214.2	435.1	2.0	.0	.0	
68.3	55.1	6.8	185.8	404.3	2.0	.0	.0	
69.8	61.4	6.7	141.3	342.4	46.0	.0	.0	
71.3	57.6	12.3	220.8	406.1	40.0	20.0	.0	
58.9	38.5	12.1	332.5	342.5	34.0	.0	.0	
54.1	32.6	11.3	306.3	424.9	2.0	.0	.0	
53.8	34.5	8.2	276.7	417.3	2.0	.0	.0	
60.2	43.3	8.8	204.2	406.3	12.0	.0	.0	
65.1	52.8	9.1	200.4	351.6	12.0	.0	.0	
69.1	58.4	8.6	167.9	318.9	36.0	.0	.0	
73.5	61.6	14.7	199.6	142.9	98.0	.0	.0	
63.2	55.9	7.7	135.8	134.0	98.0	94.0	.0	
57.3	41.0	10.3	265.8	352.8	22.0	.0	.0	
58.6	39.8	10.2	222.1	337.9	38.0	.0	.0	
60.1	45.3	6.3	141.3	238.8	47.0	.0	.0	
55.8	38.8	16.6	48.8	161.4	87.0	.0	.0	
59.4	45.6	15.7	66.7	148.7	98.0	27.0	.0	
59.2	45.2	20.9	207.5	140.2	78.0	187.0	.0	
47.9	25.4	11.6	222.5	357.7	22.0	.0	.0	
50.3	34.7	8.4	117.1	242.6	55.0	.0	.0	
61.5	51.4	9.9	234.6	137.1	98.0	7.0	.0	
50.9	37.2	14.0	54.2	176.9	98.0	7.0	.0	
46.4	37.3	12.2	108.8	134.4	98.0	35.0	.0	
47.7	37.0	5.2	192.1	350.0	10.0	.0	.0	
  11    30    1980
55.8	34.9	11.2	219.2	341.3	17.0	.0	.0	
46.0	31.8	8.8	94.2	342.4	2.0	.0	.0	
48.0	38.1	5.2	92.1	296.5	44.0	.0	.0	
59.3	52.9	9.5	205.4	157.3	88.0	34.0	.0	
55.0	41.9	10.5	232.5	284.2	61.0	.0	.0	
49.5	30.7	8.7	157.9	327.2	34.0	.0	.0	
57.1	36.0	14.1	215.4	314.8	23.0	.0	.0	
63.5	46.1	10.3	226.7	313.3	18.0	.0	.0	
64.0	53.3	10.3	212.5	289.4	16.0	10.0	.0	
58.6	40.4	15.5	288.8	311.9	3.0	.0	.0	
42.5	19.6	18.7	329.6	287.1	8.0	.0	.0	
43.6	23.6	15.1	337.1	300.5	2.0	.0	.0	
49.8	28.3	8.0	260.8	299.8	22.0	.0	.0	
59.4	35.3	10.4	205.4	228.3	59.0	.0	.0	
55.3	49.5	7.1	115.0	106.4	98.0	3.0	.0	
46.0	34.9	14.3	42.1	211.6	58.0	.0	.0	
50.7	40.1	13.7	80.8	158.9	91.0	28.0	.0	
42.6	34.6	13.6	210.4	150.9	96.0	24.0	.0	
37.7	26.4	11.1	232.9	240.2	27.0	.0	.0	
36.2	28.9	5.2	108.8	251.5	23.0	.0	.0	
41.9	35.1	6.7	287.5	140.4	52.0	65.0	.0	
41.6	27.4	8.2	213.3	250.4	25.0	.0	.0	
43.4	36.2	3.8	130.0	112.3	85.0	.0	.0	
58.7	54.0	10.7	184.6	107.1	98.0	25.0	.0	
49.0	37.8	12.6	265.8	141.9	62.0	.0	.0	
41.3	28.2	11.6	161.7	246.6	33.0	.0	.0	
51.7	44.0	13.0	96.7	111.4	98.0	11.0	.0	
51.7	45.0	12.7	222.5	137.9	86.0	1.0	.0	
42.6	26.7	14.7	244.6	195.9	40.0	.0	.0	
44.2	26.4	9.9	237.5	263.3	16.0	.0	.0	
  12    31    1980
54.0	29.6	12.7	223.8	247.4	13.0	.0	.0	
57.3	37.5	13.9	217.9	216.3	45.0	.0	.0	
44.4	16.5	16.6	317.1	247.3	24.0	.0	.0	
37.4	16.9	8.9	263.3	236.9	20.0	.0	.0	
39.9	24.1	8.0	204.2	160.9	43.0	.0	.0	
45.5	27.0	6.5	245.4	208.2	47.0	.0	.0	
53.0	37.7	4.6	124.6	190.3	81.0	.0	.0	
60.2	42.1	9.6	222.1	221.0	46.0	.0	.0	
65.2	47.6	13.9	230.0	120.5	90.0	.0	.0	
48.8	43.4	11.5	139.6	75.0	95.0	91.0	.0	
39.6	29.1	8.1	106.7	213.6	44.0	.0	.0	
42.0	29.0	8.8	222.9	239.5	15.0	.0	.0	
50.6	34.4	11.1	227.1	178.0	60.0	.0	.0	
42.1	25.2	10.1	211.3	161.6	37.0	.0	.0	
43.4	32.6	8.2	90.0	132.8	78.0	.0	.0	
44.3	41.3	8.4	129.2	97.0	98.0	23.0	.0	
35.1	25.1	12.3	197.9	172.3	51.0	.0	.0	
40.1	28.5	10.9	202.9	255.9	2.0	.0	.0	
44.8	30.1	16.0	130.0	206.4	54.0	.0	.0	
26.6	9.5	17.6	229.2	232.3	52.0	.0	.0	
25.6	11.4	12.0	176.7	210.2	65.0	.0	.0	
32.3	23.1	10.5	52.9	178.4	50.0	.0	.0	
37.2	35.5	8.2	294.2	75.1	98.0	52.0	.0	
41.3	37.1	12.6	227.9	122.3	98.0	1.0	.0	
21.4	2.8	21.3	310.4	242.3	38.0	.0	.0	
23.9	14.1	6.5	79.6	165.3	65.0	.0	.0	
34.4	31.3	18.1	38.8	60.9	98.0	15.0	.0	
45.0	42.5	19.1	35.0	127.9	97.0	6.0	.0	
43.7	41.3	17.4	273.8	71.2	98.0	76.0	.0	
41.3	33.6	11.8	267.5	136.5	75.0	.0	.0	
32.9	20.4	11.2	32.1	125.3	98.0	.0	.0	
