1 31 1992
41.0	32.9	7.7	138.2	68.3	100.0	.0	.0	
44.3	42.5	7.0	165.4	68.6	100.0	3.9	.0	
53.2	50.5	13.7	47.4	69.0	98.3	15.7	.0	
49.4	47.4	14.6	266.6	69.3	100.0	82.7	.0	
47.4	40.8	14.8	304.6	72.8	86.2	.0	.0	
39.5	32.2	4.1	190.6	88.4	67.1	.0	.0	
37.0	28.3	4.8	192.6	201.6	.0	.0	.0	
37.8	27.3	3.9	124.2	202.7	33.8	.0	.0	
47.0	43.7	8.6	181.8	71.5	92.9	15.7	.0	
44.6	39.7	6.4	183.4	87.4	83.8	.0	.0	
39.9	24.4	8.7	239.4	206.3	12.9	.0	.0	
42.8	28.7	7.5	129.4	183.4	51.7	.0	.0	
53.2	46.3	9.9	173.8	73.8	100.0	.0	.0	
55.6	40.5	20.3	215.4	170.3	53.8	3.9	.0	
32.5	8.4	9.7	254.6	214.2	5.4	.0	.0	
25.7	-1.6	14.9	246.2	216.3	9.6	.0	.0	
37.3	11.8	12.6	218.6	201.8	64.2	.0	.0	
38.5	8.5	9.3	233.4	131.2	82.9	.0	.0	
23.7	2.2	8.3	146.6	192.2	52.1	.0	.0	
31.6	14.8	9.8	178.6	181.2	27.9	.0	.0	
42.7	23.8	8.9	185.8	222.5	3.8	.0	.0	
40.5	33.8	8.3	63.4	98.6	70.0	.0	.0	
46.6	43.7	10.8	193.0	81.5	86.2	51.2	.0	
40.3	18.4	18.3	251.4	198.6	24.6	.0	.0	
32.0	12.8	7.7	170.6	88.3	78.8	.0	.0	
32.8	18.3	8.0	150.2	220.3	20.0	.0	.0	
35.8	23.8	5.6	113.4	94.7	91.7	.0	.0	
43.4	35.0	5.8	66.2	172.0	50.8	.0	.0	
36.7	30.3	4.6	181.8	114.5	43.3	.0	.0	
41.2	34.6	5.3	169.4	88.2	66.2	.0	.0	
43.8	30.7	8.1	261.0	127.8	56.2	.0	.0	
2 29 1992
37.3	19.0	12.7	310.2	129.6	47.1	.0	.0	
34.5	8.4	8.0	234.2	259.0	4.6	.0	.0	
39.5	18.5	5.2	210.6	260.8	12.9	.0	.0	
46.7	29.2	9.0	161.4	227.2	39.6	.0	.0	
38.2	18.0	8.6	163.4	217.6	47.1	.0	.0	
35.2	20.3	8.8	80.6	125.5	68.8	.0	.0	
36.2	27.1	7.8	250.6	107.0	58.3	.0	.0	
34.7	25.6	6.8	249.4	128.3	70.8	11.8	.0	
31.7	10.9	8.2	210.2	282.9	.0	.0	.0	
30.4	13.8	6.2	85.4	275.9	30.8	.0	.0	
44.1	27.8	7.6	197.4	192.3	55.8	.0	.0	
34.9	13.9	10.4	131.8	183.1	67.5	.0	.0	
32.2	24.2	5.2	163.8	104.1	95.0	.0	.0	
43.3	34.9	6.4	103.8	213.7	49.6	.0	.0	
49.1	46.9	8.6	147.4	106.7	94.2	86.6	.0	
54.8	46.4	12.6	247.8	276.0	18.3	.0	.0	
41.3	33.5	6.1	77.8	114.9	70.4	11.8	.0	
43.2	42.5	7.7	155.8	110.7	100.0	7.9	.0	
54.2	47.1	8.4	211.0	147.3	77.1	7.9	.0	
49.0	34.4	10.1	256.6	317.6	22.1	.0	.0	
50.2	31.3	8.5	174.6	301.4	14.2	.0	.0	
52.3	35.0	8.3	129.8	302.0	50.8	.0	.0	
52.3	47.0	5.5	116.2	117.9	92.5	7.9	.0	
49.0	48.5	8.1	49.4	119.4	100.0	27.6	.0	
42.6	41.8	8.2	83.0	120.8	100.0	74.8	.0	
42.9	41.2	8.7	244.2	122.3	94.2	55.1	.0	
45.2	34.2	9.3	199.0	286.2	36.2	.0	.0	
53.3	34.9	14.3	207.8	287.9	24.2	.0	.0	
44.3	21.7	13.4	248.2	342.2	25.0	.0	.0	
3 31 1992
46.6	18.5	10.1	171.4	367.4	.0	.0	.0	
57.2	32.3	7.4	145.8	369.0	12.1	.0	.0	
54.2	42.1	9.1	139.4	359.4	53.8	.0	.0	
44.5	42.4	6.1	69.0	133.2	100.0	.0	.0	
49.9	48.5	4.5	121.4	134.8	95.4	.0	.0	
53.6	52.8	7.3	86.6	136.4	100.0	59.1	.0	
61.5	58.8	8.1	178.6	185.1	87.1	315.0	.0	
60.3	50.2	9.0	250.2	251.6	44.6	.0	.0	
58.8	45.0	6.9	185.0	402.9	20.8	.0	.0	
59.5	53.1	11.8	148.6	143.8	99.2	59.1	.0	
42.8	26.7	17.3	238.2	322.1	48.3	11.8	.0	
39.2	19.3	10.9	235.4	341.0	45.4	.0	.0	
38.2	17.1	9.9	263.4	368.1	54.2	.0	.0	
37.0	17.5	9.2	211.8	253.7	45.4	.0	.0	
37.1	22.7	7.7	233.8	254.5	45.8	.0	.0	
31.0	8.5	10.8	265.0	435.8	14.6	.0	.0	
49.9	28.1	11.9	204.2	341.1	55.0	3.9	.0	
47.6	38.6	9.8	66.2	155.9	100.0	.0	.0	
45.8	41.8	10.0	208.2	172.4	97.9	.0	.0	
39.2	26.4	6.6	247.8	159.2	90.8	.0	.0	
38.2	22.6	8.1	174.6	400.6	16.2	.0	.0	
40.7	34.2	9.1	138.2	162.4	86.7	.0	.0	
40.3	21.5	13.0	300.2	454.4	35.4	.0	.0	
38.5	19.7	5.5	156.2	460.8	5.0	.0	.0	
47.2	30.8	10.7	142.6	276.4	56.7	.0	.0	
48.2	46.9	10.4	165.0	168.7	97.9	145.7	.0	
47.8	32.9	12.9	241.8	297.2	49.6	.0	.0	
46.9	20.8	10.9	273.0	490.3	.8	.0	.0	
50.8	18.2	7.0	231.8	198.4	72.5	.0	.0	
57.6	40.7	10.5	169.8	197.3	98.3	.0	.0	
51.6	39.3	11.6	256.2	368.3	43.3	.0	.0	
4 30 1992
49.2	37.4	10.5	196.2	215.5	72.1	3.9	.0	
40.3	20.3	13.2	287.4	382.2	37.1	.0	.0	
40.5	15.9	12.0	257.8	480.3	26.2	.0	.0	
38.1	26.4	6.4	174.2	238.7	68.8	3.9	.0	
45.3	24.7	11.7	295.8	449.5	14.6	.0	.0	
48.5	21.0	6.8	247.8	378.7	52.9	.0	.0	
59.3	39.3	10.7	184.2	277.3	80.4	.0	.0	
60.8	42.2	8.3	201.0	396.3	52.5	.0	.0	
62.1	45.3	7.8	133.8	373.5	63.8	.0	.0	
71.6	50.1	9.9	188.6	437.0	56.2	.0	.0	
73.8	53.8	13.2	187.0	504.4	47.1	.0	.0	
67.7	54.8	10.3	158.6	345.1	62.5	66.9	.0	
46.4	25.5	12.5	145.8	557.5	7.9	.0	.0	
49.7	32.8	5.2	151.0	372.9	79.2	.0	.0	
53.3	38.7	7.4	94.2	240.6	92.1	.0	.0	
60.9	53.3	9.6	146.2	210.8	88.8	.0	.0	
73.9	56.9	13.8	209.8	439.4	61.7	.0	.0	
69.3	57.9	10.3	139.4	264.3	80.8	.0	.0	
56.6	53.0	8.0	57.0	203.4	100.0	.0	.0	
62.7	57.1	8.5	95.8	214.9	93.3	.0	.0	
68.8	64.7	14.2	145.4	205.9	97.5	90.6	.0	
68.8	59.3	10.6	184.2	355.7	59.6	23.6	.0	
67.9	46.6	6.3	190.6	595.1	.0	.0	.0	
68.2	54.3	11.5	173.8	478.9	40.4	7.9	.0	
59.5	51.8	8.0	187.0	411.3	70.8	11.8	.0	
49.5	45.8	8.4	211.0	211.7	99.2	11.8	.0	
50.8	41.2	5.6	222.6	442.3	39.6	.0	.0	
50.8	40.2	7.8	175.0	344.5	61.7	.0	.0	
52.2	38.1	6.4	174.6	521.1	14.6	.0	.0	
55.7	45.0	8.3	182.2	219.8	75.4	3.9	.0	
5 31 1992
58.6	48.3	6.4	232.2	531.1	31.7	.0	.0	
72.5	52.9	14.8	194.2	587.6	19.2	.0	.0	
71.6	50.3	9.0	271.0	523.4	26.7	.0	.0	
58.1	38.9	11.0	264.6	494.6	30.0	.0	.0	
52.0	45.9	7.5	147.0	273.7	88.8	11.8	.0	
51.1	38.8	12.7	39.0	318.5	77.5	.0	.0	
46.9	42.0	14.8	36.2	222.9	96.2	31.5	.0	
54.9	54.2	10.0	61.8	236.4	85.0	66.9	.0	
56.9	50.3	8.9	201.0	254.4	84.6	.0	.0	
59.9	49.4	7.7	235.0	484.8	30.4	.0	.0	
64.7	53.9	7.5	143.8	636.0	5.0	.0	.0	
60.6	52.2	7.0	137.8	501.1	30.4	.0	.0	
65.2	55.8	3.5	124.6	535.1	35.4	.0	.0	
68.5	60.3	5.8	129.8	552.1	37.5	.0	.0	
65.9	64.1	6.7	95.8	229.6	100.0	35.4	.0	
66.0	64.9	5.7	58.6	230.3	100.0	.0	.0	
66.8	62.9	6.3	95.8	391.4	60.8	.0	.0	
69.8	65.0	6.6	207.8	459.7	67.1	169.3	.0	
62.7	55.8	10.2	38.6	295.9	82.5	.0	.0	
57.2	46.5	8.8	162.6	663.1	2.9	.0	.0	
61.3	41.4	6.0	138.6	667.8	.0	.0	.0	
67.3	46.3	2.9	165.4	423.4	60.8	.0	.0	
72.2	52.6	2.8	82.6	553.2	27.1	.0	.0	
71.7	59.6	7.7	176.2	560.9	45.4	3.9	.0	
54.2	50.0	10.1	145.4	236.1	100.0	7.9	.0	
53.6	52.2	7.4	69.4	236.7	99.2	27.6	.0	
56.3	49.7	4.5	122.2	268.8	77.9	.0	.0	
59.4	48.8	5.7	107.4	257.1	87.9	.0	.0	
60.8	49.4	6.7	71.8	238.2	100.0	.0	.0	
62.6	62.0	10.2	105.4	238.7	100.0	118.1	.0	
67.4	61.8	6.1	253.4	311.7	80.8	27.6	.0	
6 30 1992
65.0	54.4	8.9	265.4	534.2	30.8	.0	.0	
64.5	56.5	6.7	158.2	274.8	61.7	.0	.0	
66.0	57.5	6.5	114.2	332.8	55.4	.0	.0	
63.2	61.9	8.1	91.4	240.6	90.0	23.6	.0	
69.0	66.1	6.5	124.2	248.4	78.8	15.7	.0	
74.5	65.3	4.8	185.4	662.8	11.2	.0	.0	
77.9	68.8	6.9	163.0	252.5	66.7	.0	.0	
81.1	72.3	8.7	199.0	489.8	67.1	.0	.0	
72.1	70.0	7.6	224.6	242.1	99.2	3.9	.0	
71.0	60.2	7.2	97.8	468.1	72.5	.0	.0	
69.8	57.3	5.0	107.8	298.9	82.9	.0	.0	
69.1	55.2	5.5	96.2	264.7	83.3	.0	.0	
70.0	57.9	4.8	101.4	248.1	98.3	.0	.0	
71.4	63.7	6.0	148.2	295.1	90.4	.0	.0	
77.0	64.0	5.7	121.4	614.6	54.2	.0	.0	
71.4	62.8	9.4	76.6	304.8	83.8	.0	.0	
68.6	54.2	8.4	108.6	506.2	44.6	.0	.0	
71.7	60.5	8.9	154.2	471.3	61.2	.0	.0	
72.4	67.7	11.4	167.4	380.2	89.6	129.9	.0	
72.4	64.7	6.1	128.2	434.4	57.1	.0	.0	
61.8	54.3	9.8	165.0	251.3	92.5	3.9	.0	
60.6	46.2	7.2	253.4	596.6	33.8	.0	.0	
67.3	53.7	8.6	152.2	566.3	44.2	.0	.0	
72.5	64.9	10.1	187.4	343.7	84.6	15.7	.0	
72.2	68.4	5.5	173.8	285.5	72.1	.0	.0	
70.9	66.0	5.5	141.0	256.9	90.8	23.6	.0	
74.1	63.6	7.1	240.2	649.6	44.2	.0	.0	
71.8	57.7	5.7	170.2	692.2	19.6	.0	.0	
74.3	62.4	6.2	123.4	619.3	24.2	.0	.0	
78.0	68.7	9.6	172.2	611.4	42.5	.0	.0	
7 31 1992
78.0	71.7	8.6	175.4	279.8	88.3	35.4	.0	
74.4	69.2	6.3	102.2	474.5	55.0	.0	.0	
73.0	66.5	8.9	146.2	299.5	88.3	59.1	.0	
75.9	71.1	6.2	184.6	462.4	64.2	27.6	.0	
77.1	68.3	7.5	164.6	383.1	73.3	.0	.0	
74.4	70.5	6.0	167.8	268.8	81.2	157.5	.0	
72.1	60.0	8.7	293.0	619.0	46.2	.0	.0	
75.6	65.6	9.1	134.2	275.4	87.5	.0	.0	
84.8	74.6	12.2	211.8	416.2	76.2	.0	.0	
87.0	74.4	10.2	233.4	668.3	23.8	.0	.0	
85.5	72.8	7.0	201.4	658.0	20.8	.0	.0	
85.5	73.2	8.1	197.0	639.4	22.9	.0	.0	
85.6	71.3	11.3	205.8	256.7	80.8	.0	.0	
86.0	70.4	9.8	191.0	677.6	.8	.0	.0	
84.5	71.7	13.9	205.0	616.7	45.0	63.0	.0	
80.3	72.7	7.9	191.0	453.8	80.4	3.9	.0	
81.6	73.1	11.7	189.0	342.9	70.4	.0	.0	
77.1	71.2	7.9	179.8	315.7	75.8	31.5	.0	
77.1	71.7	6.8	154.2	392.6	65.8	3.9	.0	
79.0	68.2	5.7	186.6	660.9	7.5	.0	.0	
80.6	71.1	8.8	193.4	598.2	35.8	19.7	.0	
75.5	72.4	6.7	113.4	268.6	97.9	66.9	.0	
76.6	72.5	8.2	159.4	279.5	88.8	.0	.0	
74.3	71.9	7.7	96.2	231.3	87.5	.0	.0	
75.4	71.1	6.9	93.4	394.5	75.0	.0	.0	
75.7	72.3	7.4	158.2	299.2	93.3	7.9	.0	
78.5	73.4	8.0	224.6	398.5	82.9	31.5	.0	
74.7	65.0	7.9	225.4	642.0	24.2	.0	.0	
77.1	67.8	5.7	140.2	619.3	12.1	.0	.0	
79.0	68.3	6.1	131.0	626.2	5.0	.0	.0	
79.9	72.8	11.8	202.2	577.6	63.8	74.8	.0	
8 31 1992
71.0	59.4	8.9	240.6	584.5	26.7	.0	.0	
71.0	60.6	5.0	119.8	539.8	28.8	.0	.0	
75.8	67.8	6.0	129.4	608.9	40.8	98.4	.0	
76.0	70.0	7.1	188.2	233.7	65.0	.0	.0	
72.2	62.1	6.7	103.4	339.4	80.0	.0	.0	
70.6	65.1	5.8	113.4	223.7	97.5	.0	.0	
73.2	64.0	6.4	105.8	306.4	71.7	.0	.0	
76.0	67.3	7.3	151.0	308.3	67.5	.0	.0	
78.7	70.6	8.4	197.0	355.4	61.2	.0	.0	
79.5	68.2	5.5	177.8	587.9	10.8	.0	.0	
80.3	71.4	9.5	212.2	536.2	35.0	102.4	.0	
74.6	65.8	7.1	148.6	237.5	91.7	.0	.0	
68.1	66.4	8.3	97.4	212.8	100.0	165.4	.0	
68.0	65.0	9.2	116.6	211.7	100.0	27.6	.0	
66.4	65.2	9.7	200.6	210.5	100.0	126.0	.0	
66.6	65.5	6.6	288.2	209.4	100.0	7.9	.0	
69.4	68.5	5.9	235.4	208.2	100.0	70.9	.0	
74.2	68.3	4.6	202.2	396.9	56.7	.0	.0	
75.3	65.5	5.9	226.2	435.9	47.9	.0	.0	
71.2	62.8	7.4	97.4	204.6	97.9	.0	.0	
70.6	60.6	5.4	71.0	340.4	69.2	.0	.0	
70.3	61.5	3.6	43.4	246.2	90.4	.0	.0	
70.9	62.7	3.8	82.2	211.0	87.9	.0	.0	
74.3	64.5	3.6	88.6	535.0	15.8	.0	.0	
78.1	69.5	5.3	158.6	532.9	27.9	.0	.0	
79.2	70.5	5.6	194.2	333.4	78.3	.0	.0	
78.1	70.1	6.6	143.8	508.4	53.8	15.7	.0	
75.1	68.6	13.4	181.4	234.9	66.2	27.6	.0	
68.9	53.4	7.4	195.4	545.8	4.2	.0	.0	
68.8	56.8	6.3	123.0	545.8	1.7	.0	.0	
74.6	64.3	7.5	181.0	268.1	70.8	.0	.0	
9 30 1992
71.5	58.4	6.9	155.8	470.4	50.8	.0	.0	
73.7	65.0	8.8	135.4	212.3	86.7	.0	.0	
76.0	69.7	10.7	175.8	263.9	89.6	51.2	.0	
76.5	70.6	5.1	127.8	275.4	74.6	.0	.0	
74.8	70.9	6.0	80.6	207.1	96.7	.0	.0	
74.4	70.9	6.4	145.0	198.4	97.9	63.0	.0	
74.1	70.8	6.0	195.0	259.1	87.9	59.1	.0	
75.6	70.6	5.0	125.8	350.6	69.6	.0	.0	
78.6	71.4	6.0	143.8	443.1	38.8	.0	.0	
77.7	70.5	9.1	168.2	375.1	49.2	3.9	.0	
69.0	61.8	8.3	296.2	217.7	63.8	15.7	.0	
62.4	52.7	5.3	173.8	436.6	15.8	.0	.0	
63.1	53.5	5.8	149.0	316.6	42.1	.0	.0	
63.6	55.0	5.8	131.4	442.4	11.7	.0	.0	
65.9	57.7	4.6	130.6	472.5	4.6	.0	.0	
68.7	61.4	2.9	117.0	383.1	36.7	.0	.0	
73.1	64.6	5.0	153.4	408.8	19.6	.0	.0	
76.7	68.9	10.0	177.4	221.2	74.2	.0	.0	
72.8	67.5	9.3	144.6	169.2	96.7	.0	.0	
69.7	62.8	8.1	103.8	162.3	97.9	.0	.0	
73.6	68.6	5.6	76.2	172.9	96.7	.0	.0	
79.7	72.4	8.6	180.6	208.7	87.5	.0	.0	
63.1	50.4	13.8	282.6	361.9	52.5	.0	.0	
56.9	46.4	13.7	153.0	232.8	67.5	.0	.0	
55.9	53.7	14.5	316.2	150.9	100.0	.0	.0	
65.8	58.7	4.8	165.4	279.7	51.2	.0	.0	
73.1	69.1	5.9	176.2	169.5	97.9	7.9	.0	
66.3	63.0	9.2	163.4	146.1	100.0	23.6	.0	
59.7	47.6	12.1	316.6	308.9	66.7	7.9	.0	
51.8	39.7	9.9	277.8	405.2	7.1	.0	.0	
10 31 1992
51.4	41.0	6.2	230.2	377.0	8.3	.0	.0	
55.0	44.3	6.6	167.0	399.5	.4	.0	.0	
60.8	49.6	7.1	171.8	384.7	12.9	.0	.0	
57.0	55.4	6.3	140.2	136.7	97.5	59.1	.0	
54.6	45.5	12.5	113.4	270.2	61.2	.0	.0	
49.8	42.0	5.6	115.8	329.1	14.2	.0	.0	
53.3	45.8	4.6	140.6	287.6	34.6	.0	.0	
63.3	55.1	7.2	106.6	274.8	84.6	.0	.0	
68.7	65.5	10.6	145.4	144.4	70.0	15.7	.0	
64.6	55.6	7.3	94.2	318.8	53.8	.0	.0	
58.7	55.8	7.4	195.8	155.3	76.2	35.4	.0	
55.0	45.1	8.3	211.0	317.4	12.5	.0	.0	
58.4	46.6	7.3	218.2	345.8	16.2	.0	.0	
62.8	51.0	7.8	154.2	338.6	24.6	.0	.0	
68.6	57.1	8.9	185.0	296.5	42.1	.0	.0	
68.0	58.4	10.9	188.2	310.1	35.0	.0	.0	
51.0	34.7	12.4	259.4	178.9	48.8	.0	.0	
47.6	35.8	7.5	243.8	155.1	73.8	.0	.0	
44.9	27.7	11.3	293.4	298.7	31.2	.0	.0	
43.8	27.0	6.9	169.4	235.7	53.8	.0	.0	
58.2	40.8	9.4	189.8	181.8	70.4	.0	.0	
50.2	40.2	6.3	151.0	312.9	.0	.0	.0	
49.2	40.0	4.1	184.6	308.9	.0	.0	.0	
58.9	47.4	10.2	207.8	276.7	49.6	7.9	.0	
51.2	34.0	10.8	288.2	297.3	5.4	.0	.0	
50.2	35.9	6.6	169.4	295.6	9.6	.0	.0	
55.6	44.5	6.8	105.0	214.4	55.0	.0	.0	
55.0	52.3	4.1	117.4	102.9	88.8	.0	.0	
58.1	54.6	3.7	94.6	190.3	80.8	.0	.0	
56.7	56.1	7.1	53.0	98.9	100.0	39.4	.0	
52.0	50.7	8.8	86.6	97.6	100.0	47.2	.0	
11 30 1992
50.3	49.8	5.5	87.4	96.4	100.0	.0	.0	
57.8	55.9	8.5	98.6	95.2	100.0	27.6	.0	
63.1	52.9	7.6	137.8	240.5	48.3	39.4	.0	
62.3	57.3	7.9	162.6	93.0	96.7	7.9	.0	
56.4	55.0	8.5	152.6	91.7	100.0	31.5	.0	
45.0	34.0	8.8	277.0	191.2	62.1	.0	.0	
44.9	31.6	6.6	275.0	130.7	94.6	.0	.0	
40.5	30.7	6.6	244.2	176.6	49.6	.0	.0	
39.2	27.3	4.2	137.8	249.8	.0	.0	.0	
43.5	33.9	4.6	107.4	205.1	14.6	.0	.0	
54.6	45.7	8.3	187.8	214.9	35.4	.0	.0	
60.6	56.3	13.3	158.2	84.5	82.5	27.6	.0	
52.6	32.0	9.8	243.0	237.7	26.2	3.9	.0	
40.5	23.1	4.0	175.4	236.0	20.8	.0	.0	
37.3	22.7	6.7	202.2	200.1	31.2	.0	.0	
33.2	18.6	5.5	197.0	231.1	14.6	.0	.0	
45.7	27.1	10.3	182.6	168.4	69.2	.0	.0	
54.6	38.9	4.9	135.4	150.1	62.1	.0	.0	
46.2	44.2	8.6	50.6	78.4	92.1	.0	.0	
46.6	39.6	9.1	34.2	89.6	91.2	.0	.0	
60.2	53.3	9.7	108.2	115.8	94.6	.0	.0	
67.6	62.3	13.2	163.4	76.3	100.0	7.9	.0	
66.8	53.5	12.6	172.2	95.1	87.9	74.8	.0	
54.0	44.4	7.6	88.2	83.9	83.3	3.9	.0	
56.4	54.4	5.7	205.4	74.3	100.0	.0	.0	
61.7	60.3	6.6	159.0	73.7	98.8	11.8	.0	
48.2	41.4	8.5	133.0	73.2	90.4	15.7	.0	
45.8	35.2	6.2	261.0	108.5	90.4	.0	.0	
42.5	33.2	5.3	285.8	98.1	55.0	.0	.0	
38.8	27.9	4.4	156.2	177.0	46.7	.0	.0	
12 31 1992
40.0	31.9	6.3	234.6	74.4	70.0	.0	.0	
39.2	30.9	8.4	190.6	161.3	45.0	.0	.0	
41.3	23.9	10.4	240.6	168.7	31.7	.0	.0	
43.0	26.1	10.1	148.6	109.2	90.0	.0	.0	
39.0	16.2	16.3	270.6	183.0	36.7	.0	.0	
34.8	11.5	8.6	209.0	177.1	46.7	.0	.0	
39.9	21.5	9.6	201.4	187.8	21.7	.0	.0	
33.6	21.9	7.8	310.2	75.4	52.9	.0	.0	
32.4	20.6	7.2	172.6	187.1	32.5	.0	.0	
41.9	37.8	13.9	113.0	67.9	100.0	102.4	.0	
40.7	35.8	15.4	266.6	69.6	99.6	31.5	.0	
41.1	35.8	18.2	318.2	67.5	100.0	.0	.0	
41.7	33.2	14.7	319.8	72.1	99.2	.0	.0	
39.0	33.6	9.1	283.0	67.2	88.8	.0	.0	
37.6	33.0	5.5	177.0	67.8	94.6	.0	.0	
44.1	41.4	5.6	165.8	70.9	99.6	.0	.0	
55.7	54.4	9.9	181.4	66.9	92.5	3.9	.0	
41.3	34.2	6.5	72.6	134.7	54.2	.0	.0	
42.3	36.9	4.1	120.2	85.8	86.2	.0	.0	
49.4	45.9	9.6	201.0	66.8	100.0	43.3	.0	
38.0	24.2	7.0	150.6	70.8	75.4	.0	.0	
44.4	38.4	6.0	171.0	79.4	62.9	.0	.0	
52.3	50.6	9.2	219.8	66.9	100.0	11.8	.0	
36.0	18.3	12.2	248.6	173.5	29.2	.0	.0	
32.8	14.1	9.5	179.4	101.1	63.3	.0	.0	
39.1	17.7	9.1	237.4	136.4	59.6	.0	.0	
30.4	18.2	7.2	67.0	70.5	68.3	.0	.0	
35.0	34.7	9.6	289.0	67.7	100.0	90.6	.0	
44.3	44.3	8.0	257.8	67.9	99.6	.0	.0	
51.1	50.6	7.9	180.2	68.2	87.9	.0	.0	
58.7	52.8	10.7	202.2	74.8	66.7	.0	.0	
