   1    31    1963
27.6	2.1	11.5	308.3	252.4	2.0	.0	.0	
29.5	16.6	7.6	95.8	250.6	6.0	.0	.0	
32.9	25.0	6.4	116.3	116.8	87.0	.0	.0	
32.3	22.0	8.5	153.3	252.5	2.0	.0	.0	
32.5	23.0	4.1	125.8	208.7	46.0	.0	.0	
36.2	29.5	4.0	145.4	164.1	55.0	.0	.0	
33.2	28.2	4.2	44.2	225.3	57.0	.0	.0	
37.5	28.3	6.8	167.5	168.7	90.0	.0	.0	
41.7	30.7	7.8	204.2	227.1	34.0	.0	.0	
48.7	37.8	9.2	220.0	218.1	53.0	1.0	.0	
54.0	48.4	8.5	209.6	174.6	65.0	2.0	.0	
57.1	52.4	7.2	211.3	174.3	73.0	11.0	.0	
44.5	42.2	9.2	101.3	97.5	98.0	61.0	.0	
25.9	19.3	5.0	132.1	166.7	56.0	.0	.0	
26.3	19.8	3.3	108.8	201.4	50.0	.0	.0	
32.0	21.2	4.4	184.2	280.6	5.0	.0	.0	
38.2	24.4	4.7	149.2	227.7	40.0	.0	.0	
43.1	42.2	3.9	82.1	73.0	98.0	20.0	.0	
45.3	44.8	5.8	120.0	111.4	98.0	31.0	.0	
52.6	49.9	9.0	226.3	134.5	98.0	19.0	.0	
32.8	16.6	9.9	119.6	265.1	24.0	.0	.0	
30.7	15.5	7.9	182.9	286.3	2.0	.0	.0	
42.0	26.3	15.2	232.1	213.0	54.0	1.0	.0	
19.7	-5.7	11.7	277.9	307.3	2.0	.0	.0	
24.3	1.0	6.6	226.7	284.3	29.0	.0	.0	
30.4	22.7	6.1	94.2	129.1	98.0	.0	7.6	
32.2	18.7	12.6	276.7	262.8	47.0	.0	.0	
20.8	.9	8.6	228.3	315.3	3.0	.0	.0	
23.1	9.4	5.8	116.7	260.4	32.0	.0	.0	
36.0	30.2	7.5	179.6	90.8	98.0	4.0	.0	
33.4	24.9	8.0	31.7	226.4	83.0	2.0	.0	
   2    28    1963
29.8	24.5	6.5	54.2	147.5	98.0	.0	27.9	
34.9	33.0	7.7	190.4	185.5	98.0	17.0	.0	
33.9	19.3	10.4	61.3	268.3	51.0	19.0	.0	
27.3	12.2	6.6	86.7	302.0	20.0	.0	.0	
37.4	30.0	7.1	34.6	193.9	85.0	.0	.0	
44.3	32.7	6.9	57.5	213.6	63.0	.0	.0	
46.8	31.9	5.5	172.5	198.2	80.0	.0	.0	
32.3	12.9	13.0	19.2	339.4	49.0	.0	.0	
28.3	16.2	5.6	85.8	193.6	49.0	.0	.0	
38.1	24.7	5.0	206.7	219.1	66.0	.0	.0	
48.8	42.2	9.2	150.8	196.8	84.0	69.0	.0	
34.1	31.3	11.2	74.6	106.3	98.0	72.0	.0	
30.2	20.1	9.3	255.4	294.4	32.0	.0	.0	
33.7	19.9	11.5	238.3	220.9	37.0	.0	.0	
25.4	4.4	12.1	254.6	385.4	2.0	.0	.0	
20.4	1.0	7.7	53.8	386.8	11.0	.0	.0	
29.0	12.6	4.4	163.8	345.8	24.0	.0	.0	
37.6	18.9	4.1	118.8	358.8	30.0	.0	.0	
36.8	32.5	9.5	155.4	98.7	98.0	39.0	.0	
45.3	31.0	11.1	239.6	369.1	18.0	.0	.0	
32.5	18.4	11.0	99.6	191.4	70.0	.0	.0	
19.1	-1.1	7.2	152.9	415.1	9.0	.0	.0	
24.7	8.6	5.9	170.4	414.1	20.0	.0	.0	
32.8	26.9	6.8	239.6	139.5	44.0	30.0	.0	
37.3	26.7	7.5	164.2	377.8	15.0	.0	.0	
23.3	18.3	12.1	34.6	182.9	92.0	.0	104.1	
21.0	3.5	9.9	192.5	432.8	43.0	.0	.0	
37.2	21.5	9.5	213.3	296.2	91.0	.0	.0	
   3    31    1963
41.1	35.1	6.1	154.2	184.5	89.0	29.0	.0	
43.2	36.3	6.9	138.3	211.3	76.0	.0	.0	
39.5	26.2	6.0	207.5	450.1	2.0	.0	.0	
53.4	40.8	13.7	208.3	324.0	51.0	.0	.0	
54.0	52.0	11.5	121.7	131.6	98.0	30.0	.0	
47.4	35.8	14.2	216.3	310.8	52.0	96.0	.0	
43.8	24.0	10.7	265.4	429.7	20.0	.0	.0	
44.0	25.5	9.1	224.6	419.1	10.0	.0	.0	
48.8	29.9	11.0	197.5	332.6	65.0	.0	.0	
49.5	28.5	9.7	232.9	451.7	8.0	.0	.0	
39.2	30.0	9.2	95.4	167.8	88.0	12.0	.0	
50.2	49.1	9.2	221.3	149.2	98.0	120.0	.0	
62.3	48.4	11.3	237.1	410.5	48.0	.0	.0	
49.7	35.0	9.0	34.6	209.5	76.0	.0	.0	
43.3	22.9	8.3	92.1	491.5	20.0	.0	.0	
43.6	36.3	5.8	152.5	154.2	90.0	104.0	.0	
59.9	52.5	11.2	232.5	368.7	52.0	70.0	.0	
59.5	40.0	8.5	103.3	499.3	33.0	.0	.0	
43.2	33.9	8.4	92.9	162.2	98.0	38.0	.0	
50.1	34.3	10.8	267.9	373.0	75.0	.0	.0	
42.7	21.0	14.9	297.1	223.5	70.0	.0	.0	
42.0	20.0	13.5	217.1	452.0	37.0	.0	.0	
42.7	22.0	7.0	212.1	540.8	2.0	.0	.0	
54.7	29.5	6.1	208.8	516.1	30.0	.0	.0	
62.5	34.3	10.2	210.8	457.2	35.0	.0	.0	
60.0	46.9	12.6	190.8	264.0	67.0	63.0	.0	
57.5	40.6	9.1	245.0	465.0	33.0	.0	.0	
60.0	35.0	7.2	227.1	499.5	23.0	.0	.0	
59.3	42.2	8.0	95.8	533.3	12.0	.0	.0	
63.0	40.1	8.9	178.8	431.5	51.0	.0	.0	
61.4	39.6	10.4	84.6	419.2	80.0	.0	.0	
   4    30    1963
55.2	42.1	6.3	130.8	318.4	76.0	.0	.0	
70.3	50.0	9.1	225.8	507.7	61.0	.0	.0	
77.0	49.3	11.3	233.8	487.3	48.0	.0	.0	
69.0	36.6	15.5	274.2	536.7	30.0	.0	.0	
51.5	19.0	7.3	175.8	492.4	67.0	.0	.0	
53.0	35.7	9.1	161.3	274.7	98.0	.0	.0	
54.7	41.3	6.3	96.3	307.2	64.0	.0	.0	
54.1	30.0	7.0	141.7	456.3	60.0	.0	.0	
56.5	47.7	8.4	175.0	211.6	88.0	6.0	.0	
49.1	20.3	12.1	187.5	576.2	30.0	.0	.0	
50.6	22.5	12.7	257.9	565.0	10.0	.0	.0	
53.5	25.3	10.8	159.6	624.6	2.0	.0	.0	
53.3	25.9	9.0	236.3	430.2	30.0	.0	.0	
55.9	23.7	9.7	313.3	526.6	37.0	.0	.0	
52.5	26.5	8.9	236.7	568.0	18.0	.0	.0	
55.3	28.0	7.2	185.4	539.3	53.0	.0	.0	
63.7	48.5	9.8	191.7	290.2	73.0	12.0	.0	
74.3	55.7	8.5	215.0	379.9	77.0	.0	.0	
76.2	55.3	9.9	203.3	516.8	49.0	.0	.0	
75.1	42.5	13.1	270.4	619.3	23.0	.0	.0	
68.7	38.3	9.5	179.2	628.4	12.0	.0	.0	
64.3	48.0	7.6	129.6	439.2	59.0	.0	.0	
60.5	41.4	13.3	236.7	505.3	54.0	19.0	.0	
51.0	26.8	11.1	227.9	564.7	28.0	.0	.0	
49.7	26.5	7.2	171.3	584.2	33.0	.0	.0	
55.0	32.5	7.6	89.6	627.4	40.0	.0	.0	
55.6	34.3	6.5	171.3	568.5	24.0	.0	.0	
54.8	34.2	8.6	106.3	588.4	27.0	.0	.0	
51.5	42.1	9.9	148.3	240.0	75.0	11.0	.0	
64.3	57.6	14.5	214.6	383.6	80.0	16.0	.0	
   5    31    1963
45.5	30.3	11.6	292.9	266.5	75.0	.0	.0	
52.1	25.8	11.2	282.9	689.6	5.0	.0	.0	
59.2	34.9	5.4	176.3	651.6	24.0	.0	.0	
64.9	39.6	8.4	197.9	676.0	3.0	.0	.0	
66.2	46.7	7.1	155.0	619.7	8.0	.0	.0	
62.3	52.0	9.2	90.4	537.9	22.0	.0	.0	
62.5	42.1	9.0	165.4	668.6	39.0	.0	.0	
72.5	54.2	12.1	222.1	574.6	65.0	.0	.0	
79.2	58.7	8.5	230.8	593.9	52.0	.0	.0	
81.2	57.9	9.5	241.3	566.6	38.0	.0	.0	
66.4	51.9	11.4	108.8	529.1	34.0	.0	.0	
52.1	41.2	7.6	85.0	306.9	82.0	.0	.0	
54.0	39.8	9.8	198.8	296.2	91.0	.0	.0	
66.7	55.7	10.5	235.4	389.0	63.0	16.0	.0	
66.0	44.2	9.8	107.5	661.5	55.0	.0	.0	
58.3	52.0	8.0	163.3	303.1	98.0	11.0	.0	
62.5	59.1	7.5	135.0	229.8	93.0	132.0	.0	
70.9	59.1	9.7	252.1	608.7	46.0	.0	.0	
69.4	51.8	8.5	214.2	631.8	51.0	.0	.0	
67.8	59.9	10.9	158.3	318.2	78.0	12.0	.0	
62.8	60.1	8.1	118.8	289.8	98.0	13.0	.0	
65.4	55.5	7.7	215.8	583.0	72.0	7.0	.0	
54.8	42.8	8.6	88.3	656.4	40.0	16.0	.0	
55.3	42.4	8.3	100.0	647.2	43.0	.0	.0	
59.7	45.7	6.8	163.3	629.0	79.0	.0	.0	
61.9	51.9	6.4	159.2	403.7	93.0	.0	.0	
60.2	52.6	9.1	93.8	317.5	97.0	.0	.0	
66.0	58.3	8.3	169.6	347.0	97.0	10.0	.0	
71.5	67.8	7.8	197.5	349.6	85.0	5.0	.0	
68.7	59.6	9.1	90.0	600.5	50.0	17.0	.0	
66.8	56.1	8.2	105.4	642.8	16.0	.0	.0	
   6    30    1963
64.9	53.4	8.3	56.7	537.4	41.0	.0	.0	
64.0	60.9	10.1	39.2	198.0	98.0	146.0	.0	
65.1	62.9	13.9	178.8	252.8	89.0	341.0	.0	
71.6	63.4	8.1	180.8	645.0	36.0	.0	.0	
72.2	67.1	8.8	190.0	406.1	74.0	1.0	.0	
75.9	67.0	6.6	206.3	654.3	26.0	.0	.0	
77.6	68.3	6.2	191.7	568.0	55.0	113.0	.0	
67.0	65.3	7.7	60.0	317.4	98.0	3.0	.0	
76.4	69.2	8.5	244.2	564.2	78.0	.0	.0	
82.6	71.5	9.1	229.6	676.4	40.0	.0	.0	
75.3	65.9	7.9	207.5	383.6	63.0	5.0	.0	
69.8	55.3	9.2	175.8	619.0	23.0	.0	.0	
68.0	51.9	10.3	255.0	587.6	50.0	.0	.0	
73.4	62.6	7.0	216.3	569.2	58.0	.0	.0	
70.0	57.1	9.4	191.7	671.4	36.0	.0	.0	
66.8	57.4	5.4	190.4	254.3	90.0	.0	.0	
68.6	60.0	6.3	125.0	467.0	91.0	.0	.0	
70.6	60.0	5.6	159.2	471.3	88.0	.0	.0	
70.7	60.1	6.6	149.6	649.8	41.0	.0	.0	
73.6	67.6	9.5	208.8	489.7	64.0	76.0	.0	
64.3	59.6	8.4	140.4	289.8	83.0	16.0	.0	
65.3	53.2	5.5	103.3	626.9	51.0	.0	.0	
68.1	58.3	4.9	180.8	614.6	31.0	.0	.0	
70.5	58.0	4.9	113.3	701.9	11.0	.0	.0	
72.5	59.7	5.4	183.8	603.9	40.0	.0	.0	
75.1	60.4	6.5	208.3	709.2	6.0	.0	.0	
78.8	66.5	8.2	222.9	629.5	31.0	.0	.0	
78.2	69.6	8.5	191.3	580.8	49.0	.0	.0	
79.8	71.6	8.7	194.2	598.2	42.0	.0	.0	
79.7	71.8	6.9	215.4	578.4	53.0	.0	.0	
   7    31    1963
79.0	71.2	5.6	202.1	561.7	57.0	1.0	.0	
77.0	70.0	7.0	228.3	563.6	48.0	.0	.0	
77.2	65.6	8.1	100.4	587.8	35.0	.0	.0	
69.0	47.6	8.9	148.3	699.9	10.0	.0	.0	
71.0	51.9	5.9	205.0	678.6	12.0	.0	.0	
73.2	55.4	6.9	117.1	488.6	40.0	.0	.0	
73.7	60.2	6.9	184.2	660.2	19.0	.0	.0	
76.4	66.7	7.5	120.8	474.4	74.0	9.0	.0	
66.3	51.8	9.3	73.3	346.4	77.0	.0	.0	
66.9	52.1	7.9	153.8	516.1	61.0	.0	.0	
68.6	55.1	6.5	173.8	641.4	23.0	.0	.0	
69.6	57.4	5.8	132.1	616.1	22.0	.0	.0	
70.7	58.8	6.5	159.6	589.2	28.0	.0	.0	
67.3	65.4	10.3	184.6	266.5	86.0	42.0	.0	
77.7	67.4	7.5	237.5	589.7	40.0	.0	.0	
78.2	65.7	5.6	206.3	589.7	53.0	.0	.0	
78.3	70.2	6.9	189.6	395.3	68.0	.0	.0	
83.3	72.1	9.6	227.5	547.3	64.0	.0	.0	
83.5	71.0	8.0	214.6	588.8	50.0	.0	.0	
83.2	67.8	10.7	260.8	425.7	72.0	.0	.0	
76.2	63.0	8.7	275.0	463.2	45.0	.0	.0	
74.5	64.8	7.7	126.7	511.1	41.0	.0	.0	
73.7	65.0	7.8	101.7	485.7	64.0	.0	.0	
73.5	64.4	6.7	105.4	527.7	43.0	.0	.0	
75.5	65.7	5.5	124.6	559.5	23.0	.0	.0	
77.3	69.2	5.5	173.8	436.4	48.0	.0	.0	
81.6	69.6	6.2	192.1	544.4	30.0	.0	.0	
80.4	70.7	8.0	178.8	419.4	81.0	.0	.0	
80.6	69.1	8.9	216.3	555.0	63.0	.0	.0	
78.9	69.2	7.1	176.7	375.8	65.0	.0	.0	
77.4	70.2	6.9	137.5	287.5	75.0	.0	.0	
   8    31    1963
76.5	71.6	7.1	187.1	428.9	57.0	32.0	.0	
76.1	62.8	7.5	157.9	589.7	34.0	.0	.0	
80.6	64.4	8.0	205.4	510.3	49.0	.0	.0	
81.8	66.6	11.2	245.8	376.2	77.0	.0	.0	
76.0	55.8	8.2	182.9	578.2	46.0	.0	.0	
75.9	58.0	6.6	127.1	502.9	66.0	.0	.0	
75.5	65.2	6.4	181.3	290.0	65.0	.0	.0	
77.3	64.4	7.6	139.6	537.6	19.0	.0	.0	
77.0	66.1	6.6	162.5	520.1	31.0	.0	.0	
74.6	64.9	6.7	92.1	329.7	90.0	.0	.0	
73.4	66.9	6.3	184.6	452.3	81.0	46.0	.0	
76.4	63.8	6.5	139.6	587.8	53.0	.0	.0	
77.1	72.7	10.6	201.3	260.1	83.0	8.0	.0	
72.4	52.4	10.8	200.4	548.1	25.0	.0	.0	
66.8	51.6	6.5	142.5	628.3	8.0	.0	.0	
68.8	56.4	7.0	164.2	587.3	16.0	.0	.0	
73.6	58.8	7.4	184.6	614.9	13.0	.0	.0	
77.0	62.0	7.7	147.1	505.9	41.0	.0	.0	
73.6	65.6	7.5	117.5	249.4	94.0	30.0	.0	
76.1	70.0	8.2	190.0	459.1	85.0	.0	.0	
73.5	69.9	5.9	172.9	351.1	84.0	219.0	.0	
76.5	70.8	5.3	157.5	449.5	73.0	.0	.0	
78.0	70.8	5.4	127.9	518.3	18.0	.0	.0	
76.9	66.4	6.7	163.8	474.3	54.0	10.0	.0	
67.9	57.1	8.6	87.9	398.9	77.0	.0	.0	
67.4	57.5	6.0	155.8	383.5	70.0	.0	.0	
67.0	57.6	6.1	177.5	397.4	48.0	.0	.0	
67.8	57.2	6.5	167.1	508.1	35.0	.0	.0	
74.0	65.7	9.0	197.5	282.3	78.0	.0	.0	
75.3	70.1	6.6	147.1	363.7	66.0	30.0	.0	
73.9	62.8	6.9	119.2	520.5	51.0	.0	.0	
   9    30    1963
69.5	56.6	7.8	46.3	554.1	25.0	.0	.0	
69.3	57.9	5.7	127.1	514.4	30.0	.0	.0	
75.3	65.7	9.1	198.3	454.8	52.0	.0	.0	
74.4	68.2	6.1	140.4	254.8	91.0	1.0	.0	
66.5	63.8	8.6	40.8	208.6	98.0	52.0	.0	
63.2	57.3	7.6	95.8	398.4	58.0	5.0	.0	
65.8	58.8	5.4	166.7	493.6	24.0	.0	.0	
68.2	60.3	5.4	114.2	472.1	17.0	.0	.0	
70.1	61.2	4.6	177.5	486.2	2.0	.0	.0	
72.3	60.1	6.6	102.5	517.2	8.0	.0	.0	
71.9	62.9	9.3	113.3	463.0	25.0	.0	.0	
77.2	66.5	11.2	198.8	488.8	41.0	.0	.0	
64.8	58.0	10.5	51.3	230.1	88.0	.0	.0	
58.3	52.0	10.3	27.5	225.5	95.0	25.0	.0	
56.2	53.3	10.6	15.0	146.9	98.0	115.0	.0	
59.8	56.2	9.7	46.7	251.2	98.0	2.0	.0	
63.1	57.3	7.9	132.9	281.7	79.0	.0	.0	
64.7	61.3	7.4	90.4	221.8	84.0	.0	.0	
69.6	60.9	5.4	191.3	480.1	14.0	.0	.0	
71.0	61.3	6.3	198.3	506.0	5.0	.0	.0	
63.8	61.7	8.7	72.1	205.9	75.0	17.0	.0	
56.6	46.4	12.0	14.2	480.1	34.0	19.0	.0	
52.7	39.0	10.7	40.8	478.4	5.0	.0	.0	
49.6	39.6	8.0	49.2	467.0	11.0	.0	.0	
54.0	47.4	6.0	89.6	466.5	6.0	.0	.0	
60.4	54.1	5.5	140.8	419.8	13.0	.0	.0	
64.4	56.0	6.0	178.3	355.7	63.0	.0	.0	
63.6	56.3	6.3	190.4	259.3	82.0	36.0	.0	
66.3	61.2	9.4	195.4	330.3	73.0	48.0	.0	
56.4	44.0	10.0	78.3	467.7	6.0	.0	.0	
  10    31    1963
57.5	46.9	5.0	182.5	433.6	2.0	.0	.0	
60.1	49.9	7.8	197.1	443.9	2.0	.0	.0	
66.1	55.1	9.8	215.4	430.5	11.0	.0	.0	
57.3	45.6	7.8	88.8	466.2	2.0	.0	.0	
52.5	41.1	5.6	105.8	453.5	2.0	.0	.0	
55.2	42.9	5.5	176.7	452.6	2.0	.0	.0	
60.4	47.3	7.1	192.5	407.1	2.0	.0	.0	
64.6	52.9	6.8	157.9	381.5	46.0	16.0	.0	
56.2	44.9	8.7	18.8	431.4	15.0	.0	.0	
52.5	42.7	6.6	133.3	441.6	2.0	.0	.0	
56.5	45.0	6.5	196.7	422.4	3.0	.0	.0	
57.8	44.7	9.2	82.9	422.5	2.0	.0	.0	
51.1	39.8	7.0	99.6	422.4	2.0	.0	.0	
50.9	39.1	4.9	167.1	414.0	2.0	.0	.0	
54.9	41.3	4.8	160.0	416.5	2.0	.0	.0	
56.7	43.4	5.5	177.9	414.8	2.0	.0	.0	
59.5	42.9	6.0	133.3	385.2	12.0	.0	.0	
60.9	46.5	6.3	158.8	405.0	2.0	.0	.0	
61.8	51.3	7.3	93.8	367.1	43.0	.0	.0	
63.6	54.3	10.6	17.1	223.5	70.0	.0	.0	
64.0	53.9	11.5	17.9	313.8	22.0	.0	.0	
59.7	53.1	12.0	39.6	163.6	93.0	.0	.0	
58.4	54.3	9.0	39.6	176.5	90.0	.0	.0	
59.0	51.4	6.8	53.3	307.3	28.0	.0	.0	
60.9	56.2	5.9	76.7	198.6	65.0	.0	.0	
63.1	58.8	5.7	58.3	158.1	98.0	.0	.0	
63.4	57.1	5.1	117.5	144.4	80.0	.0	.0	
59.0	44.9	9.9	70.4	271.1	38.0	.0	.0	
50.0	35.6	11.6	260.4	159.1	71.0	14.0	.0	
45.2	22.9	10.4	269.2	353.7	2.0	.0	.0	
49.0	27.8	7.8	182.9	330.6	42.0	.0	.0	
  11    30    1963
57.8	37.7	11.3	194.6	157.0	95.0	62.0	.0	
43.5	27.9	13.8	252.9	259.8	43.0	21.0	.0	
41.7	24.8	9.7	239.6	318.8	33.0	.0	.0	
43.8	27.2	6.9	179.2	211.4	65.0	.0	.0	
54.2	44.1	6.7	180.0	136.9	95.0	1.0	.0	
56.1	54.8	11.6	50.4	83.4	98.0	253.0	.0	
55.9	51.5	15.2	307.5	119.7	98.0	57.0	.0	
57.0	41.4	11.4	310.4	160.1	53.0	.0	.0	
52.3	40.2	6.8	231.3	289.3	17.0	.0	.0	
53.0	42.8	5.2	142.5	302.7	24.0	.0	.0	
50.4	38.1	6.1	202.1	313.1	3.0	.0	.0	
43.3	27.5	6.9	228.8	303.6	2.0	.0	.0	
41.8	25.7	8.0	248.8	257.9	44.0	.0	.0	
40.3	24.3	7.6	301.7	264.9	25.0	.0	.0	
40.1	26.1	6.2	221.7	274.4	5.0	.0	.0	
43.8	27.5	5.9	200.4	287.3	22.0	.0	.0	
59.2	34.1	7.5	212.9	286.5	28.0	.0	.0	
57.5	38.1	8.8	205.0	230.7	37.0	.0	.0	
54.7	40.5	7.4	88.8	273.6	19.0	.0	.0	
44.9	36.6	6.0	119.6	220.1	55.0	.0	.0	
53.8	46.0	6.6	196.7	160.3	67.0	1.0	.0	
57.2	49.2	7.5	180.4	200.6	62.0	.0	.0	
60.7	57.4	10.6	188.8	81.4	93.0	57.0	.0	
43.5	30.0	9.7	56.3	268.3	4.0	.0	.0	
36.1	23.7	6.4	77.5	254.7	3.0	.0	.0	
39.0	33.6	5.2	225.0	104.7	86.0	3.0	.0	
55.5	47.9	6.1	205.4	257.0	35.0	.0	.0	
56.6	50.0	7.0	74.6	172.4	55.0	.0	.0	
55.2	52.4	13.8	201.3	88.4	98.0	207.0	.0	
38.2	22.0	13.9	262.9	138.9	67.0	8.0	.0	
  12    31    1963
34.7	21.2	8.4	250.0	249.2	8.0	.0	.0	
37.5	25.1	8.2	193.8	150.0	85.0	.0	.0	
37.5	33.9	7.3	259.6	63.5	75.0	7.0	.0	
31.0	23.3	4.1	170.4	180.5	32.0	.0	.0	
34.4	27.7	5.2	102.5	102.1	73.0	.0	.0	
36.7	24.6	6.6	71.7	229.5	25.0	.0	.0	
37.8	27.9	4.8	145.0	231.1	10.0	.0	.0	
42.5	36.6	8.9	193.8	132.3	50.0	121.0	.0	
35.5	25.3	9.9	242.5	102.1	38.0	.0	.0	
36.3	22.5	9.2	213.3	223.6	23.0	.0	.0	
32.6	24.1	4.2	101.7	111.8	88.0	.0	.0	
39.0	36.7	5.4	172.5	102.0	98.0	17.0	.0	
41.8	34.6	5.8	77.9	108.9	98.0	6.0	.0	
35.1	31.4	7.7	101.7	82.9	86.0	58.0	.0	
23.7	10.9	7.4	235.8	226.8	2.0	.0	.0	
23.4	8.4	7.6	300.4	236.4	6.0	.0	.0	
22.3	9.7	4.8	198.3	237.5	13.0	.0	.0	
27.0	14.4	10.2	235.0	113.1	73.0	.0	5.1	
24.1	3.2	12.8	234.2	154.1	18.0	.0	.0	
18.6	-.3	8.1	288.3	246.8	14.0	.0	.0	
20.2	2.9	7.2	195.8	249.8	2.0	.0	.0	
23.2	11.8	5.6	130.4	228.3	6.0	.0	.0	
28.3	25.5	9.5	133.3	60.8	95.0	.0	175.3	
31.9	27.8	6.8	228.3	229.7	29.0	.0	.0	
35.6	22.6	8.9	250.8	224.7	2.0	.0	.0	
41.8	25.9	9.1	201.7	234.2	2.0	.0	.0	
42.8	29.6	6.7	204.2	204.5	45.0	.0	.0	
32.5	21.1	5.6	110.0	192.3	64.0	.0	.0	
30.1	17.1	5.8	125.8	232.7	39.0	.0	.0	
24.1	11.0	7.0	102.5	206.4	21.0	.0	.0	
24.9	15.0	10.6	32.1	124.8	70.0	.0	.0	
