   1    31    1984
30.4	9.8	4.4	85.8	231.8	13.0	.0	.0	
32.9	21.2	6.5	172.9	99.7	56.0	.0	.0	
36.9	26.7	6.9	252.9	178.5	25.0	.0	.0	
41.8	26.4	10.1	235.0	171.7	51.0	.0	.0	
42.3	30.5	9.2	265.0	218.1	47.0	.0	.0	
45.5	30.8	13.9	275.0	167.3	80.0	.0	.0	
36.5	17.3	12.0	311.3	241.2	35.0	.0	.0	
40.1	19.8	11.3	255.8	227.6	3.0	.0	.0	
42.5	23.3	6.7	200.8	208.4	46.0	.0	.0	
37.6	32.3	5.6	139.2	70.3	98.0	40.0	.0	
31.1	15.1	11.1	218.8	269.2	29.0	.0	.0	
22.4	5.0	9.4	100.0	244.7	35.0	.0	.0	
26.0	20.4	6.0	126.7	104.3	98.0	.0	15.2	
33.0	25.9	8.4	178.3	175.8	77.0	.0	.0	
30.8	22.4	5.8	149.6	115.0	93.0	.0	.0	
30.2	26.5	6.7	107.9	140.6	98.0	.0	25.4	
35.6	28.1	4.4	80.0	168.3	75.0	.0	.0	
32.5	29.7	2.0	66.7	91.4	98.0	67.0	.0	
24.6	13.5	12.1	288.3	265.2	32.0	.0	.0	
17.9	.1	9.7	277.1	195.8	91.0	.0	.0	
12.2	-3.5	7.1	240.0	302.9	19.0	.0	.0	
17.0	4.6	3.8	136.7	285.1	24.0	.0	.0	
28.4	15.5	2.6	69.6	266.1	67.0	.0	.0	
36.8	33.6	3.3	132.9	132.2	94.0	4.0	.0	
45.3	32.6	9.1	248.8	127.1	61.0	.0	.0	
42.7	28.2	6.0	187.9	298.6	2.0	.0	.0	
44.2	26.3	8.4	256.3	306.1	6.0	.0	.0	
40.1	25.2	7.5	201.3	236.8	83.0	.0	.0	
36.4	26.9	5.9	173.3	139.0	68.0	.0	.0	
33.1	26.0	9.6	193.8	165.4	63.0	8.0	.0	
27.9	12.8	15.8	302.9	229.2	48.0	.0	.0	
   2    29    1984
29.3	15.9	8.0	217.1	234.9	18.0	.0	.0	
36.1	22.5	7.5	155.0	318.0	3.0	.0	.0	
41.8	38.2	7.3	147.9	107.8	71.0	10.0	.0	
42.6	32.8	7.1	190.0	258.1	58.0	.0	.0	
35.1	23.5	8.8	227.1	262.2	56.0	5.0	.0	
28.6	16.4	11.8	275.0	198.1	83.0	.0	.0	
22.7	7.6	13.4	306.3	307.5	29.0	.0	.0	
29.9	7.8	6.4	227.1	340.0	2.0	.0	.0	
46.4	11.4	8.3	249.2	346.7	15.0	.0	.0	
44.1	29.5	5.4	156.3	187.8	73.0	.0	.0	
51.7	44.9	5.3	133.8	146.4	57.0	.0	.0	
52.4	45.0	6.0	100.4	262.8	51.0	.0	.0	
55.8	53.0	10.0	131.7	160.5	95.0	176.0	.0	
53.0	46.8	9.9	275.4	177.5	87.0	86.0	.0	
53.8	33.4	10.7	306.3	371.7	26.0	.0	.0	
50.1	38.0	5.6	159.6	273.0	75.0	.0	.0	
55.0	42.4	6.4	180.0	300.6	56.0	.0	.0	
55.2	37.3	7.5	209.6	363.2	27.0	.0	.0	
54.5	42.0	7.2	191.7	248.0	90.0	7.0	.0	
47.0	31.0	14.6	291.7	318.4	79.0	.0	.0	
43.2	22.4	11.4	280.4	383.6	5.0	.0	.0	
44.0	22.7	6.9	170.0	402.2	29.0	.0	.0	
42.4	36.6	10.5	207.9	106.4	98.0	147.0	.0	
54.7	33.1	9.9	237.5	341.8	58.0	.0	.0	
42.0	25.5	18.5	287.9	272.7	62.0	.0	.0	
40.2	18.9	7.6	165.8	424.8	18.0	.0	.0	
33.8	24.8	10.2	104.6	179.9	97.0	32.0	.0	
34.0	28.7	12.3	206.3	183.3	92.0	22.0	.0	
28.0	11.0	19.6	296.3	335.8	67.0	.0	.0	
   3    31    1984
30.6	9.5	14.0	289.6	431.9	25.0	.0	.0	
34.6	22.8	8.5	262.9	191.7	57.0	.0	.0	
36.7	20.1	7.3	228.8	438.5	10.0	.0	.0	
36.8	21.1	5.8	175.0	266.2	60.0	.0	.0	
40.2	36.8	4.2	112.1	160.9	98.0	30.0	.0	
43.5	31.8	9.9	296.7	300.2	98.0	3.0	.0	
36.7	19.2	9.3	270.4	457.2	33.0	2.0	.0	
35.7	22.2	11.9	190.0	205.1	75.0	2.0	.0	
25.0	4.6	11.8	296.7	481.2	8.0	.0	.0	
30.2	14.9	5.8	192.1	416.9	35.0	.0	.0	
38.6	19.5	13.9	284.2	423.1	33.0	.0	.0	
36.6	16.5	10.6	117.5	396.9	63.0	.0	.0	
36.7	33.9	5.8	163.3	219.2	95.0	96.0	.0	
49.8	35.1	12.2	299.2	447.0	20.0	.0	.0	
49.1	35.6	5.1	135.0	474.1	35.0	.0	.0	
56.0	43.6	11.0	243.8	375.8	68.0	.0	.0	
49.9	31.9	8.6	151.3	422.9	56.0	.0	.0	
51.8	39.2	9.5	132.9	330.7	79.0	.0	.0	
54.3	46.9	6.2	126.3	438.4	65.0	2.0	.0	
55.1	49.2	9.9	129.6	225.4	98.0	54.0	.0	
46.3	37.3	14.1	222.5	250.8	91.0	76.0	.0	
45.9	30.4	13.1	241.3	224.5	93.0	.0	.0	
46.9	24.1	16.2	285.8	516.7	33.0	.0	.0	
48.1	28.7	6.5	156.7	437.7	45.0	.0	.0	
48.8	45.8	7.8	89.2	238.0	98.0	20.0	.0	
50.3	41.5	7.3	197.9	252.8	93.0	.0	.0	
52.1	44.9	8.7	116.3	316.5	79.0	.0	.0	
46.9	45.0	9.2	89.6	158.0	98.0	124.0	.0	
43.5	32.7	17.7	265.0	272.4	97.0	21.0	.0	
42.6	23.6	15.9	312.5	369.1	70.0	.0	.0	
42.7	25.5	11.6	283.3	425.6	55.0	.0	.0	
   4    30    1984
44.0	26.6	8.9	270.0	501.8	38.0	.0	.0	
49.8	28.2	6.0	147.1	591.8	18.0	.0	.0	
51.3	36.4	8.1	100.4	214.9	98.0	.0	.0	
47.1	44.8	6.0	159.6	163.8	98.0	98.0	.0	
49.7	41.1	10.9	232.5	359.2	77.0	1.0	.0	
49.7	29.7	18.3	289.2	352.0	75.0	.0	.0	
51.2	29.3	15.0	309.6	537.4	41.0	.0	.0	
52.6	30.6	7.0	138.8	313.0	79.0	.0	.0	
49.8	33.4	9.5	112.5	223.7	98.0	38.0	.0	
43.0	32.7	4.5	162.5	320.7	61.0	68.0	.0	
49.9	31.4	6.0	127.5	584.2	2.0	.0	.0	
55.7	36.0	6.4	144.2	500.4	65.0	.0	.0	
63.0	47.0	6.4	140.4	451.6	67.0	2.0	.0	
59.3	54.2	8.1	179.2	253.2	94.0	71.0	.0	
55.5	51.0	6.0	202.1	318.7	86.0	6.0	.0	
52.9	42.6	8.5	268.8	348.6	67.0	4.0	.0	
50.4	38.8	9.4	221.3	473.1	44.0	.0	.0	
48.2	35.2	9.5	243.3	395.7	77.0	.0	.0	
47.7	38.5	5.0	214.6	265.7	70.0	3.0	.0	
54.2	39.9	6.7	185.0	581.6	50.0	.0	.0	
52.3	44.6	5.3	105.0	251.8	98.0	15.0	.0	
41.1	37.9	8.8	125.0	194.1	98.0	67.0	.0	
45.2	40.7	6.1	144.6	299.5	98.0	1.0	.0	
48.6	34.5	15.5	277.9	270.8	80.0	.0	.0	
65.3	39.7	14.7	295.4	644.2	2.0	.0	.0	
67.9	48.0	6.0	108.8	604.9	6.0	.0	.0	
74.8	51.2	7.1	154.2	541.6	56.0	.0	.0	
65.0	59.1	7.0	155.8	293.5	69.0	18.0	.0	
63.2	59.5	6.5	168.8	333.2	83.0	.0	.0	
70.1	55.8	11.0	224.6	395.9	63.0	5.0	.0	
   5    31    1984
61.9	30.2	14.2	287.5	658.7	23.0	.0	.0	
57.3	42.5	6.2	169.6	290.3	83.0	11.0	.0	
54.5	53.8	5.8	129.6	235.6	98.0	87.0	.0	
59.9	51.0	12.1	226.3	294.2	76.0	2.0	.0	
63.7	46.0	9.7	247.9	537.3	74.0	.0	.0	
59.1	56.2	7.4	155.0	261.5	98.0	122.0	.0	
69.0	61.0	12.2	211.7	366.5	98.0	44.0	.0	
62.6	52.2	13.1	235.0	313.9	81.0	23.0	.0	
53.6	34.2	12.2	262.9	496.1	45.0	.0	.0	
58.3	39.7	7.6	214.2	598.1	49.0	.0	.0	
63.9	48.9	7.6	128.8	584.6	57.0	.0	.0	
68.7	52.5	9.8	257.5	409.4	66.0	.0	.0	
66.0	47.5	8.4	205.4	463.4	71.0	.0	.0	
63.2	43.8	13.5	306.3	592.3	23.0	.0	.0	
56.5	33.0	13.8	304.6	709.9	2.0	.0	.0	
53.5	26.7	13.2	315.0	697.5	2.0	.0	.0	
55.9	32.5	7.4	173.8	684.7	35.0	.0	.0	
61.7	45.0	4.9	175.0	466.9	48.0	.0	.0	
73.1	49.2	11.8	274.2	670.3	15.0	.0	.0	
73.0	56.2	8.8	230.4	632.5	38.0	.0	.0	
73.9	59.0	7.9	211.7	603.0	67.0	.0	.0	
71.6	63.6	4.3	118.3	415.6	74.0	65.0	.0	
68.5	60.1	7.4	218.8	299.0	66.0	25.0	.0	
67.4	51.0	5.5	160.0	682.3	5.0	.0	.0	
69.4	55.8	6.0	185.8	672.1	28.0	.0	.0	
75.5	62.0	7.9	227.1	533.1	80.0	.0	.0	
67.4	63.0	6.7	135.4	275.3	98.0	28.0	.0	
69.4	66.8	7.2	155.4	274.1	98.0	26.0	.0	
65.9	58.7	7.9	297.1	287.4	96.0	16.0	.0	
53.2	38.6	11.9	308.3	626.1	31.0	.0	.0	
54.2	38.7	10.8	312.9	522.2	30.0	.0	.0	
   6    30    1984
61.6	43.6	11.5	257.9	616.0	25.0	.0	.0	
74.1	55.2	10.6	291.7	638.0	25.0	.0	.0	
76.5	60.4	11.4	293.8	680.2	35.0	.0	.0	
68.9	53.3	5.0	118.8	672.8	38.0	.0	.0	
71.6	61.7	5.4	103.8	628.8	37.0	.0	.0	
77.7	64.4	5.1	189.6	682.8	20.0	.0	.0	
79.1	64.6	5.7	205.4	636.1	65.0	.0	.0	
79.3	66.4	5.8	179.6	613.0	54.0	.0	.0	
78.9	66.1	5.2	167.9	606.5	52.0	.0	.0	
75.8	65.4	5.7	209.2	590.2	31.0	50.0	.0	
77.8	67.4	4.7	143.8	654.9	31.0	.0	.0	
78.3	67.3	4.5	132.9	613.9	17.0	.0	.0	
76.5	67.0	6.3	233.3	526.6	39.0	.0	.0	
80.1	65.4	9.1	282.9	588.1	67.0	.0	.0	
77.7	64.7	6.9	152.9	656.6	53.0	.0	.0	
67.7	63.8	7.3	137.5	296.4	98.0	2.0	.0	
75.2	66.2	6.3	220.4	520.5	75.0	.0	.0	
82.0	66.2	9.4	270.0	647.2	21.0	.0	.0	
82.3	63.7	8.7	282.9	540.6	35.0	.0	.0	
76.9	62.8	5.0	119.6	457.1	88.0	.0	.0	
75.0	63.3	4.9	132.5	377.5	95.0	.0	.0	
72.4	63.7	6.5	146.3	310.3	89.0	.0	.0	
67.1	63.2	3.7	107.1	226.6	98.0	19.0	.0	
70.6	67.5	5.8	142.1	348.0	71.0	38.0	.0	
71.3	52.6	8.4	283.8	690.9	10.0	.0	.0	
69.2	49.4	6.2	195.0	708.7	2.0	.0	.0	
72.4	55.0	8.5	221.3	671.9	32.0	.0	.0	
71.6	62.2	7.0	159.2	395.7	94.0	.0	.0	
69.8	64.4	5.6	101.7	287.8	96.0	.0	.0	
70.6	64.5	5.4	170.8	313.4	93.0	125.0	.0	
   7    31    1984
70.4	59.6	9.4	253.3	548.3	65.0	.0	.0	
67.6	62.4	2.9	106.3	386.0	83.0	4.0	.0	
72.5	60.2	5.8	232.1	664.5	17.0	.0	.0	
73.0	64.7	5.4	195.8	460.3	69.0	7.0	.0	
74.1	66.8	5.7	161.3	461.7	80.0	20.0	.0	
71.6	68.0	4.0	108.3	320.2	78.0	45.0	.0	
72.6	61.1	8.2	238.3	462.4	57.0	.0	.0	
66.9	51.3	5.6	141.7	720.6	10.0	.0	.0	
68.1	58.8	4.0	102.1	539.4	68.0	.0	.0	
76.9	66.8	8.0	176.3	399.6	85.0	.0	.0	
80.9	67.9	9.1	250.4	608.7	42.0	4.0	.0	
79.0	65.0	8.9	212.9	517.2	77.0	.0	.0	
75.0	65.4	6.4	152.5	494.6	59.0	16.0	.0	
75.7	65.8	4.5	104.2	557.2	35.0	.0	.0	
76.4	67.3	4.9	141.3	448.6	62.0	.0	.0	
76.1	68.2	8.2	255.8	338.4	74.0	10.0	.0	
73.0	66.9	6.9	230.0	281.1	87.0	23.0	.0	
72.9	60.7	8.5	253.3	496.8	56.0	36.0	.0	
69.6	54.6	5.4	179.2	656.8	7.0	.0	.0	
69.4	63.4	4.9	153.8	351.7	72.0	14.0	.0	
68.8	66.0	5.2	107.5	285.6	95.0	25.0	.0	
70.4	63.5	6.9	107.5	301.5	87.0	.0	.0	
75.0	67.6	5.1	108.3	492.1	60.0	21.0	.0	
78.9	65.5	9.6	288.8	621.5	38.0	.0	.0	
74.3	67.3	4.7	177.9	284.3	96.0	5.0	.0	
72.4	68.3	4.1	151.7	378.7	98.0	187.0	.0	
72.3	63.5	9.1	282.5	333.6	92.0	.0	.0	
67.3	59.4	7.7	118.8	339.2	96.0	.0	.0	
65.8	60.4	5.2	88.3	279.8	98.0	.0	.0	
67.3	61.3	4.7	109.6	341.9	92.0	.0	.0	
70.6	64.2	4.2	74.6	293.0	97.0	.0	.0	
   8    31    1984
76.0	69.3	5.1	90.8	484.8	92.0	1.0	.0	
77.9	69.7	4.4	147.1	519.7	62.0	.0	.0	
78.8	68.8	6.2	245.8	525.6	53.0	.0	.0	
78.5	66.3	6.6	246.3	562.5	30.0	.0	.0	
75.8	66.5	6.7	243.8	386.0	60.0	.0	.0	
75.4	68.1	5.9	215.4	499.6	38.0	32.0	.0	
78.4	66.2	8.1	282.1	560.2	39.0	.0	.0	
79.3	68.8	7.5	254.2	471.1	69.0	.0	.0	
76.6	70.1	5.6	208.3	409.9	59.0	42.0	.0	
74.1	70.0	6.1	163.3	362.5	89.0	279.0	.0	
71.2	68.7	4.6	147.1	275.3	95.0	316.0	.0	
74.2	69.9	3.7	90.4	393.7	95.0	18.0	.0	
75.9	70.7	6.0	128.8	409.4	92.0	25.0	.0	
76.7	68.5	5.6	237.5	423.5	58.0	.0	.0	
74.9	62.8	5.1	184.2	586.0	9.0	.0	.0	
74.4	61.2	5.7	280.0	586.1	7.0	.0	.0	
74.3	62.6	3.8	194.2	585.3	25.0	.0	.0	
68.8	64.4	5.4	68.3	253.0	93.0	.0	.0	
73.5	63.4	5.3	168.3	540.4	46.0	.0	.0	
70.3	59.9	6.3	95.8	598.1	16.0	.0	.0	
67.5	59.8	3.7	90.0	458.9	38.0	.0	.0	
70.8	64.2	4.1	99.6	563.0	39.0	.0	.0	
72.4	62.4	6.3	254.6	406.7	51.0	13.0	.0	
68.2	57.0	4.3	191.7	527.5	29.0	.0	.0	
69.1	57.7	5.1	125.4	590.5	19.0	.0	.0	
67.5	59.3	4.2	102.1	505.0	31.0	.0	.0	
70.6	64.0	3.8	110.4	505.1	32.0	.0	.0	
69.6	65.7	3.7	106.3	355.4	56.0	28.0	.0	
72.9	67.8	4.3	140.0	463.9	68.0	.0	.0	
72.7	66.1	6.2	201.7	486.3	49.0	200.0	.0	
70.6	56.9	8.4	247.9	503.9	22.0	.0	.0	
   9    30    1984
66.9	55.9	3.7	109.6	535.7	40.0	.0	.0	
74.3	63.1	5.6	178.8	551.4	10.0	.0	.0	
75.1	64.8	7.3	243.8	447.4	54.0	112.0	.0	
66.5	55.8	9.9	310.8	290.9	89.0	.0	.0	
62.4	50.7	5.4	184.2	548.5	37.0	4.0	.0	
59.5	49.5	5.2	148.3	517.2	11.0	.0	.0	
60.3	52.6	5.1	106.7	485.9	54.0	.0	.0	
60.3	52.1	5.4	134.6	531.6	13.0	.0	.0	
64.7	58.5	3.7	122.1	327.8	87.0	.0	.0	
69.2	62.6	3.9	119.6	479.2	46.0	.0	.0	
70.8	63.6	3.1	105.8	476.2	67.0	.0	.0	
71.8	64.2	7.9	146.3	473.2	32.0	.0	.0	
71.2	64.6	6.2	113.8	260.3	84.0	.0	.0	
72.8	66.1	5.6	209.2	471.6	37.0	6.0	.0	
65.3	55.0	9.0	277.1	386.4	44.0	.0	.0	
54.8	44.6	4.5	97.9	500.7	18.0	.0	.0	
56.1	43.0	8.3	152.1	487.5	38.0	.0	.0	
51.6	45.0	2.5	115.8	290.5	62.0	.0	.0	
57.0	47.6	2.6	117.1	510.9	2.0	.0	.0	
65.6	52.6	5.4	204.2	521.3	2.0	.0	.0	
72.1	57.2	4.5	160.0	499.1	2.0	.0	.0	
68.8	61.3	4.6	118.3	361.8	68.0	.0	.0	
70.0	61.5	4.8	117.5	406.8	60.0	.0	.0	
72.9	62.2	3.7	177.9	372.2	70.0	.0	.0	
72.8	61.7	4.0	120.0	374.2	43.0	.0	.0	
65.6	53.2	10.0	271.7	262.2	56.0	.0	.0	
49.0	38.7	8.5	80.4	204.9	98.0	8.0	.0	
46.5	45.2	7.5	187.9	203.8	98.0	7.0	.0	
52.3	47.1	9.4	131.7	226.1	98.0	.0	.0	
52.1	48.9	7.0	139.6	153.7	98.0	132.0	.0	
  10    31    1984
52.4	46.4	8.6	255.8	221.9	98.0	33.0	.0	
51.8	38.5	9.4	298.8	408.2	33.0	.0	.0	
54.9	40.2	7.9	235.8	418.9	10.0	.0	.0	
64.2	51.6	6.1	196.3	411.8	41.0	.0	.0	
63.0	54.2	3.7	120.4	385.9	68.0	.0	.0	
61.0	53.9	6.1	134.6	193.6	98.0	.0	.0	
60.0	53.3	6.8	131.3	212.7	98.0	.0	.0	
61.7	58.3	6.4	122.1	201.0	98.0	1.0	.0	
64.3	59.8	2.2	69.2	297.2	71.0	11.0	.0	
63.9	59.1	3.2	97.9	291.1	74.0	.0	.0	
61.7	55.5	3.7	88.3	351.5	39.0	.0	.0	
61.8	53.9	4.5	88.8	415.9	2.0	.0	.0	
61.9	49.7	5.1	134.6	398.2	9.0	.0	.0	
61.9	48.4	5.7	210.0	395.4	2.0	.0	.0	
60.4	51.9	3.6	100.0	254.7	66.0	6.0	.0	
65.8	58.9	5.2	142.5	402.9	44.0	.0	.0	
61.8	58.5	6.2	129.6	167.4	93.0	15.0	.0	
66.5	60.8	5.8	118.3	313.2	69.0	.0	.0	
69.8	64.0	4.9	120.0	285.7	75.0	.0	.0	
72.1	59.8	5.4	172.1	259.2	77.0	.0	.0	
73.3	61.2	10.3	166.7	312.2	66.0	.0	.0	
69.7	64.5	5.2	153.3	180.7	97.0	46.0	.0	
66.4	61.5	5.3	172.1	210.9	78.0	15.0	.0	
61.7	60.0	5.5	127.5	173.2	98.0	1.0	.0	
59.7	58.8	6.2	120.4	175.2	98.0	.0	.0	
67.7	61.6	3.3	94.2	312.9	47.0	.0	.0	
65.8	57.8	3.9	106.3	301.0	40.0	.0	.0	
69.1	63.6	4.6	141.7	242.8	63.0	14.0	.0	
69.7	61.0	6.9	267.1	267.2	28.0	.0	.0	
61.5	56.3	4.1	87.9	233.1	45.0	.0	.0	
58.0	54.8	2.9	101.3	183.2	37.0	.0	.0	
  11    30    1984
60.3	56.8	6.5	95.0	141.7	98.0	.0	.0	
55.1	42.2	7.9	215.8	174.7	81.0	.0	.0	
43.4	26.2	7.8	113.8	182.8	69.0	.0	.0	
45.7	40.1	3.0	110.4	90.8	98.0	92.0	.0	
53.7	44.9	7.7	223.3	186.4	83.0	13.0	.0	
45.0	30.5	12.6	300.4	207.0	77.0	.0	.0	
42.0	24.5	6.0	177.9	329.0	15.0	.0	.0	
42.3	26.3	4.0	106.7	266.4	38.0	.0	.0	
49.8	32.1	4.8	112.5	211.6	70.0	.0	.0	
53.0	38.4	5.4	130.0	290.1	50.0	8.0	.0	
53.3	38.0	12.3	260.8	181.8	90.0	2.0	.0	
41.6	21.6	14.1	297.9	122.7	68.0	.0	.0	
43.9	13.2	16.7	308.3	281.6	10.0	.0	.0	
46.1	18.3	6.1	172.9	269.6	22.0	.0	.0	
51.6	24.6	4.4	132.5	230.9	75.0	.0	.0	
51.4	19.5	12.2	265.4	242.7	45.0	.0	.0	
42.3	10.9	8.9	196.7	242.8	34.0	.0	.0	
39.8	25.5	4.8	119.2	111.1	89.0	24.0	.0	
43.4	34.3	7.8	159.6	136.8	98.0	38.0	.0	
37.6	15.0	10.6	240.4	255.4	34.0	.0	.0	
32.6	15.4	7.4	143.8	228.0	20.0	.0	.0	
33.3	15.1	6.8	144.6	284.7	2.0	.0	.0	
39.1	15.2	6.4	204.6	238.1	15.0	.0	.0	
45.0	16.9	6.6	205.8	277.7	2.0	.0	.0	
44.9	20.6	3.9	144.6	205.3	38.0	.0	.0	
45.6	24.9	4.4	85.8	274.0	7.0	.0	.0	
51.4	39.3	6.7	133.8	149.3	84.0	4.0	.0	
52.6	45.2	15.1	229.6	72.2	96.0	86.0	.0	
40.6	24.1	14.5	278.3	268.3	12.0	.0	.0	
43.5	28.0	9.2	201.3	222.4	28.0	.0	.0	
  12    31    1984
47.3	29.8	10.4	250.0	189.8	40.0	.0	.0	
41.4	29.8	8.3	133.3	151.0	70.0	2.0	.0	
46.4	29.6	11.4	220.0	203.0	46.0	.0	.0	
36.0	14.2	9.4	298.8	187.1	65.0	.0	.0	
34.5	20.7	6.4	130.0	73.3	98.0	58.0	.0	
29.8	21.5	12.3	279.6	135.6	66.0	.0	10.2	
23.0	5.9	10.0	277.9	255.3	26.0	.0	.0	
39.5	19.1	10.4	253.8	229.9	29.0	.0	.0	
40.4	24.5	4.9	139.6	236.0	49.0	.0	.0	
39.4	33.7	3.7	101.7	103.3	94.0	2.0	.0	
50.5	37.4	6.0	201.3	227.5	53.0	.0	.0	
43.7	38.7	2.2	115.4	134.2	98.0	.0	.0	
54.6	46.4	4.1	87.9	190.8	80.0	.0	.0	
52.5	47.6	4.0	65.4	197.9	30.0	.0	.0	
58.6	50.4	4.1	133.8	228.5	46.0	.0	.0	
51.8	49.8	6.1	113.3	93.3	93.0	2.0	.0	
58.5	50.4	5.9	180.0	225.4	46.0	1.0	.0	
59.6	52.2	7.0	163.8	111.9	76.0	.0	.0	
57.4	49.8	7.4	205.0	131.2	90.0	4.0	.0	
54.6	41.9	5.2	204.6	93.7	84.0	1.0	.0	
46.7	44.2	4.8	109.6	78.7	98.0	56.0	.0	
53.6	35.9	12.6	282.1	218.3	57.0	2.0	.0	
38.7	20.7	6.1	147.9	229.1	24.0	.0	.0	
37.5	28.7	3.2	109.6	107.3	71.0	.0	.0	
42.9	23.6	11.5	255.8	218.6	55.0	.0	.0	
35.0	18.5	4.5	141.7	242.3	13.0	.0	.0	
52.3	37.2	6.5	151.3	159.4	85.0	.0	.0	
61.8	46.6	9.4	246.3	188.9	49.0	.0	.0	
64.6	48.8	10.8	235.0	221.7	2.0	.0	.0	
58.7	50.9	9.4	217.9	102.5	70.0	32.0	.0	
45.5	44.4	6.2	136.3	130.4	98.0	20.0	.0	
