   1    31    1984
21.8	14.1	7.8	161.7	94.9	97.0	.0	10.2	
27.4	24.6	7.9	237.1	102.4	98.0	.0	2.5	
29.9	25.5	16.2	220.4	112.5	97.0	.0	.0	
32.6	29.0	13.0	250.4	99.0	98.0	.0	.0	
31.5	29.1	11.7	223.3	91.2	98.0	.0	15.2	
26.7	22.7	12.9	314.6	112.6	84.0	.0	.0	
10.9	5.3	6.2	208.8	104.7	54.0	.0	.0	
21.8	14.4	15.4	291.3	151.1	69.0	.0	5.1	
15.4	11.2	6.6	145.8	90.8	98.0	.0	33.0	
6.6	.2	7.2	269.2	199.8	28.0	.0	.0	
-2.0	-11.0	3.0	140.8	167.2	55.0	.0	.0	
10.1	.3	10.5	106.3	96.6	85.0	.0	.0	
16.3	8.9	8.3	143.8	110.0	91.0	.0	7.6	
14.6	9.8	10.5	205.0	161.6	53.0	.0	.0	
-4.7	-11.1	3.3	182.9	217.2	8.0	.0	.0	
5.2	.3	9.1	198.3	197.5	63.0	.0	.0	
15.6	12.0	10.7	249.6	99.1	82.0	.0	5.1	
4.4	-1.4	5.4	240.0	139.4	77.0	.0	2.5	
-.1	-8.0	11.9	231.3	200.5	25.0	.0	.0	
-1.2	-10.1	12.3	262.5	220.5	23.0	.0	.0	
-6.3	-17.0	13.7	207.1	185.6	63.0	.0	.0	
10.0	1.0	14.6	197.9	151.8	98.0	.0	.0	
20.7	10.8	10.6	162.5	136.4	80.0	.0	2.5	
31.6	27.8	13.6	217.5	121.7	68.0	.0	.0	
30.9	25.3	16.0	257.1	208.1	72.0	.0	2.5	
30.5	27.8	7.2	124.2	111.2	98.0	.0	15.2	
22.1	16.9	13.3	287.9	155.5	67.0	.0	25.4	
18.4	12.8	11.6	152.1	124.9	77.0	.0	.0	
28.4	24.6	9.6	270.4	146.5	98.0	.0	10.2	
22.5	16.7	11.9	174.6	116.6	94.0	.0	5.1	
12.8	6.8	6.6	225.0	210.9	78.0	.0	.0	
   2    29    1984
19.2	14.9	8.9	164.6	124.9	50.0	.0	.0	
30.6	25.5	12.2	174.6	175.5	81.0	.0	5.1	
33.2	29.2	14.6	229.6	127.1	98.0	9.0	.0	
32.4	29.7	10.3	209.2	144.4	98.0	7.0	.0	
20.4	15.9	10.1	269.2	131.9	91.0	.0	7.6	
11.0	6.0	9.4	305.0	141.1	98.0	.0	.0	
12.3	5.6	9.2	287.9	217.0	60.0	.0	.0	
19.0	11.4	9.3	218.3	233.0	79.0	.0	.0	
29.7	22.8	6.7	202.1	249.4	39.0	.0	.0	
36.1	29.8	8.3	162.5	101.5	79.0	7.0	.0	
35.5	34.8	7.6	211.7	135.7	98.0	2.0	.0	
45.1	42.5	11.7	153.3	200.1	84.0	.0	.0	
49.5	44.5	13.9	171.3	126.6	84.0	2.0	.0	
38.1	32.7	7.3	195.8	264.3	11.0	.0	.0	
36.4	29.9	4.9	47.5	289.0	47.0	.0	.0	
37.4	30.4	9.4	100.0	260.0	90.0	.0	.0	
37.9	36.0	6.0	184.6	127.8	85.0	.0	.0	
38.8	35.9	8.6	212.5	159.3	98.0	6.0	.0	
40.5	35.2	15.3	206.3	144.7	96.0	2.0	.0	
35.2	25.6	15.0	272.1	264.2	79.0	.0	.0	
32.4	23.7	10.1	264.2	164.4	72.0	.0	.0	
41.9	28.9	11.9	207.1	316.8	20.0	.0	.0	
46.4	29.5	10.0	215.0	351.3	3.0	.0	.0	
35.0	27.7	9.6	234.6	161.6	61.0	.0	.0	
27.5	15.6	11.9	290.0	232.1	63.0	.0	.0	
22.9	12.9	6.7	235.0	213.8	27.0	.0	.0	
24.4	15.4	17.4	60.0	157.3	80.0	.0	5.1	
22.9	16.8	24.3	127.9	203.7	98.0	.0	25.4	
17.5	5.6	19.6	328.8	292.4	65.0	.0	.0	
   3    31    1984
21.8	11.3	15.9	297.5	165.4	95.0	.0	.0	
21.0	10.1	12.0	303.3	313.8	25.0	.0	.0	
21.5	9.3	6.6	260.4	388.2	7.0	.0	.0	
25.1	12.0	11.0	127.9	198.3	63.0	.0	.0	
31.2	26.6	13.1	230.0	179.7	98.0	.0	.0	
23.8	15.5	11.8	305.8	200.2	70.0	.0	12.7	
11.8	-3.0	8.5	237.5	399.5	14.0	.0	.0	
11.9	-2.5	14.1	67.9	174.0	63.0	.0	.0	
14.1	1.6	6.8	227.1	279.0	54.0	.0	.0	
20.1	9.9	13.3	210.8	263.0	64.0	.0	.0	
13.8	-1.2	18.0	294.6	372.5	41.0	.0	5.1	
12.2	-.7	10.3	135.8	203.2	73.0	.0	25.4	
22.3	17.7	10.0	165.4	237.7	98.0	.0	10.2	
30.1	23.4	6.9	216.3	391.7	60.0	.0	.0	
38.7	35.4	12.4	161.3	199.9	78.0	35.0	.0	
31.4	27.9	17.5	203.8	209.5	98.0	.0	233.7	
23.4	13.8	16.7	69.6	256.7	90.0	.0	.0	
26.7	18.7	13.0	59.2	211.8	98.0	.0	.0	
30.0	24.9	8.8	100.4	212.4	98.0	.0	.0	
36.5	35.2	8.7	119.6	134.0	98.0	43.0	.0	
32.8	31.6	12.1	239.2	220.8	98.0	84.0	.0	
31.8	27.7	19.0	273.3	266.8	98.0	.0	20.3	
29.6	20.2	14.5	286.7	474.5	35.0	.0	.0	
30.1	20.2	4.3	108.8	434.4	46.0	.0	.0	
33.1	21.7	13.5	69.2	432.9	38.0	.0	.0	
32.0	19.8	9.9	110.8	482.9	42.0	.0	.0	
34.0	22.8	11.5	73.8	421.7	79.0	.0	.0	
36.3	23.7	19.7	49.6	451.1	50.0	.0	.0	
35.6	22.9	16.8	113.8	491.8	44.0	.0	.0	
37.0	25.5	10.8	276.3	268.0	93.0	.0	.0	
35.8	23.5	8.3	285.4	439.4	82.0	.0	.0	
   4    30    1984
37.9	22.5	8.9	272.5	493.9	17.0	.0	.0	
40.8	23.5	8.9	191.3	493.5	19.0	.0	.0	
40.4	24.5	12.7	91.7	223.2	76.0	.0	.0	
41.6	39.2	12.5	66.3	242.1	98.0	6.0	.0	
34.6	33.2	15.2	185.0	152.1	98.0	47.0	.0	
35.2	30.4	14.4	320.8	237.6	93.0	3.0	.0	
38.4	18.7	12.8	163.8	562.1	4.0	.0	.0	
41.5	20.7	10.3	88.3	482.8	65.0	.0	.0	
44.8	20.1	14.4	100.0	441.0	80.0	.0	.0	
41.2	18.5	11.8	76.3	527.7	35.0	.0	.0	
43.7	19.2	7.2	97.1	547.5	15.0	.0	.0	
49.1	32.0	12.2	121.7	380.6	77.0	3.0	.0	
51.1	42.5	10.1	167.5	440.3	73.0	17.0	.0	
48.6	43.8	9.0	105.8	219.8	95.0	2.0	.0	
46.6	44.6	7.2	108.8	247.5	95.0	41.0	.0	
41.9	40.0	12.9	91.3	224.2	98.0	8.0	.0	
35.4	33.9	9.0	305.8	209.7	98.0	35.0	.0	
39.0	33.8	9.1	91.7	294.3	98.0	17.0	.0	
43.4	39.6	4.1	118.3	260.8	98.0	15.0	.0	
47.9	38.6	5.7	167.9	370.7	78.0	.0	.0	
42.5	22.7	15.9	62.1	505.5	60.0	.0	.0	
37.7	24.7	16.8	97.5	247.6	83.0	36.0	.0	
43.2	42.2	7.2	136.7	273.4	98.0	2.0	.0	
44.2	41.5	13.2	291.7	299.6	98.0	8.0	.0	
52.7	42.8	7.3	244.2	607.9	50.0	.0	.0	
63.4	48.9	11.5	146.7	520.4	60.0	11.0	.0	
65.2	57.7	13.6	164.6	409.1	80.0	32.0	.0	
61.1	37.5	16.3	246.3	637.5	29.0	.0	.0	
53.8	37.0	8.3	119.2	327.7	65.0	.0	.0	
50.6	38.2	28.3	228.8	285.4	93.0	2.0	.0	
   5    31    1984
42.7	25.5	18.8	270.4	481.1	61.0	.0	.0	
43.7	28.0	4.6	161.7	471.6	56.0	.0	.0	
49.2	35.2	12.5	72.5	274.8	96.0	.0	.0	
45.4	37.6	10.9	230.4	270.0	90.0	1.0	.0	
48.5	36.8	8.4	235.0	580.0	42.0	.0	.0	
54.3	41.0	7.0	126.7	472.8	65.0	.0	.0	
57.2	45.2	11.9	183.3	371.4	79.0	.0	.0	
45.6	35.5	14.9	271.3	308.4	97.0	.0	.0	
43.1	36.7	12.3	265.8	294.8	84.0	6.0	.0	
51.9	38.0	9.7	217.1	565.9	56.0	.0	.0	
59.6	47.8	12.2	224.2	359.9	88.0	.0	.0	
53.5	38.7	13.6	271.3	585.4	23.0	.0	.0	
39.2	36.4	8.2	142.9	186.9	88.0	82.0	.0	
46.5	33.0	11.6	286.3	622.2	23.0	.0	.0	
45.0	31.3	9.9	260.8	644.7	17.0	.0	.0	
48.0	30.4	7.0	166.3	614.4	53.0	.0	.0	
53.3	33.6	8.5	195.4	364.7	74.0	.0	.0	
65.8	54.5	11.7	243.8	421.4	82.0	11.0	.0	
63.8	56.7	10.4	246.7	347.4	89.0	.0	.0	
58.5	49.8	4.1	118.3	386.1	82.0	.0	.0	
61.6	54.6	8.2	135.8	512.8	61.0	.0	.0	
66.2	62.9	13.3	232.5	321.6	97.0	92.0	.0	
58.4	49.0	11.8	277.9	551.9	48.0	3.0	.0	
58.7	46.1	12.2	202.1	477.1	65.0	.0	.0	
61.3	57.3	10.7	209.2	270.8	98.0	109.0	.0	
54.6	49.0	9.8	289.2	349.4	75.0	.0	.0	
52.5	39.0	5.6	86.7	624.3	59.0	.0	.0	
46.4	40.0	14.6	37.5	204.4	98.0	39.0	.0	
41.8	39.2	12.8	244.6	268.3	98.0	6.0	.0	
44.2	39.5	10.0	232.1	256.1	80.0	5.0	.0	
53.4	41.2	7.8	218.8	529.6	39.0	.0	.0	
   6    30    1984
60.9	48.9	3.5	108.8	659.8	28.0	.0	.0	
65.3	55.1	10.2	166.3	521.9	65.0	25.0	.0	
63.5	49.6	9.7	281.7	660.2	15.0	1.0	.0	
66.7	48.1	6.0	189.2	631.8	41.0	.0	.0	
73.5	59.6	9.5	175.8	519.8	69.0	35.0	.0	
78.2	65.2	10.8	211.3	513.0	44.0	2.0	.0	
78.2	63.2	12.1	198.3	564.4	59.0	.0	.0	
78.3	65.8	15.9	207.9	418.6	86.0	.0	.0	
76.2	66.4	8.1	195.4	528.7	49.0	.0	.0	
77.1	60.5	13.9	227.5	503.3	35.0	.0	.0	
66.2	51.8	7.7	239.2	705.7	34.0	.0	.0	
75.1	60.2	10.2	192.5	593.0	63.0	.0	.0	
77.6	66.0	8.9	255.0	477.9	61.0	6.0	.0	
63.7	52.5	10.4	173.3	371.2	79.0	.0	.0	
62.3	45.3	6.8	99.2	538.9	78.0	.0	.0	
66.5	53.2	7.5	143.8	518.3	71.0	3.0	.0	
73.9	67.6	7.7	176.7	273.8	98.0	8.0	.0	
77.0	68.2	11.2	267.9	482.6	63.0	1.0	.0	
74.2	60.3	5.3	138.8	701.9	13.0	.0	.0	
69.2	55.0	7.4	53.8	645.3	29.0	.0	.0	
69.2	53.4	6.3	91.7	681.6	22.0	.0	.0	
71.1	51.9	8.5	111.7	521.1	78.0	.0	.0	
73.1	61.3	5.9	162.1	322.9	96.0	.0	.0	
67.9	54.0	14.7	275.4	589.9	55.0	10.0	.0	
64.1	46.9	9.5	279.2	565.2	28.0	.0	.0	
69.3	50.2	9.8	164.2	600.6	64.0	.0	.0	
70.1	57.2	15.6	244.2	356.1	74.0	1.0	.0	
70.2	53.0	9.9	233.3	542.3	25.0	.0	.0	
61.5	51.9	8.1	237.1	322.5	74.0	.0	.0	
67.9	55.1	10.9	33.8	454.6	72.0	.0	.0	
   7    31    1984
70.6	53.3	6.3	117.5	576.1	41.0	.0	.0	
71.6	57.4	4.5	194.6	302.1	76.0	.0	.0	
73.5	57.6	7.5	213.8	539.8	69.0	1.0	.0	
73.6	62.0	4.7	194.6	489.9	80.0	.0	.0	
71.8	55.4	7.0	209.6	550.1	54.0	.0	.0	
65.1	53.6	12.4	265.0	521.6	60.0	37.0	.0	
59.0	43.9	10.3	278.8	574.8	32.0	.0	.0	
65.8	46.7	6.5	190.4	637.5	53.0	.0	.0	
69.9	59.8	9.2	167.5	399.1	92.0	6.0	.0	
79.5	68.4	10.1	217.9	414.0	90.0	49.0	.0	
71.3	63.7	9.8	278.3	391.3	61.0	42.0	.0	
72.7	59.9	7.9	245.0	627.5	18.0	.0	.0	
74.3	59.5	6.8	211.7	618.2	43.0	.0	.0	
77.9	64.9	8.9	207.5	616.7	66.0	.0	.0	
77.5	63.4	11.2	235.4	412.3	72.0	.0	.0	
70.7	53.5	13.3	270.8	624.1	17.0	.0	.0	
69.4	55.1	11.8	236.7	454.7	68.0	.0	.0	
63.9	55.8	10.0	271.3	382.1	67.0	2.0	.0	
67.9	51.2	8.1	224.2	618.5	10.0	.0	.0	
73.0	58.9	9.4	195.0	413.6	83.0	126.0	.0	
73.5	62.9	5.4	101.3	478.7	58.0	.0	.0	
76.7	61.5	7.8	164.2	612.2	44.0	.0	.0	
79.5	66.7	11.9	235.0	533.6	80.0	80.0	.0	
72.5	58.9	6.9	295.0	455.7	69.0	.0	.0	
68.5	53.3	3.9	201.3	611.2	40.0	.0	.0	
64.5	56.9	3.9	80.0	248.6	79.0	5.0	.0	
66.0	57.9	7.5	91.7	426.9	67.0	.0	.0	
64.9	47.7	5.4	67.9	596.2	23.0	.0	.0	
66.5	49.4	3.5	127.5	628.4	18.0	.0	.0	
69.5	52.1	3.6	107.1	612.7	20.0	.0	.0	
72.0	56.1	6.8	157.1	535.2	40.0	.0	.0	
   8    31    1984
75.7	64.0	6.5	192.1	456.6	82.0	2.0	.0	
77.3	65.8	3.4	130.4	396.9	95.0	.0	.0	
74.1	69.8	2.5	90.0	251.5	98.0	39.0	.0	
72.2	68.0	3.1	97.9	257.3	95.0	8.0	.0	
75.4	66.8	4.0	144.6	515.7	63.0	.0	.0	
78.3	69.1	9.2	231.3	358.4	68.0	.0	.0	
78.1	69.4	5.3	198.3	502.0	51.0	68.0	.0	
74.3	70.5	6.6	145.0	232.7	90.0	65.0	.0	
78.1	68.2	8.0	221.7	529.8	73.0	8.0	.0	
75.7	64.0	6.0	141.3	523.8	68.0	5.0	.0	
71.0	61.0	10.9	48.3	526.0	33.0	.0	.0	
69.2	60.7	8.1	96.3	520.0	31.0	.0	.0	
71.1	61.7	5.5	142.9	514.6	36.0	.0	.0	
71.9	60.0	5.0	173.8	593.0	15.0	.0	.0	
74.0	62.0	8.0	230.0	538.8	66.0	.0	.0	
75.7	61.2	5.9	122.1	560.5	45.0	.0	.0	
73.3	63.5	5.0	105.4	386.0	62.0	.0	.0	
71.2	64.5	7.6	214.6	333.0	72.0	10.0	.0	
67.9	59.3	10.1	117.5	422.1	44.0	.0	.0	
64.7	52.3	4.1	108.8	576.8	36.0	.0	.0	
69.7	55.0	9.2	164.2	540.3	35.0	.0	.0	
73.0	61.9	8.3	188.3	398.9	78.0	24.0	.0	
63.2	56.6	9.9	176.3	289.2	62.0	.0	.0	
61.2	51.3	5.2	160.8	472.1	13.0	.0	.0	
64.4	51.9	4.3	161.3	446.6	32.0	.0	.0	
69.7	54.4	8.1	187.1	514.8	19.0	.0	.0	
73.9	60.1	9.9	199.6	346.1	73.0	5.0	.0	
77.1	69.9	9.1	179.2	295.5	80.0	.0	.0	
77.7	71.8	11.3	169.2	301.6	89.0	77.0	.0	
71.8	64.0	10.2	240.4	351.0	65.0	55.0	.0	
64.7	51.0	7.9	252.9	381.9	66.0	.0	.0	
   9    30    1984
65.0	57.5	7.4	186.3	234.5	98.0	.0	.0	
73.4	66.3	10.4	203.8	399.8	93.0	.0	.0	
62.6	59.5	11.3	115.8	207.0	93.0	1.0	.0	
55.0	49.6	5.8	236.7	316.8	42.0	3.0	.0	
52.4	43.0	4.6	120.4	452.2	25.0	.0	.0	
56.3	42.4	6.6	134.2	513.0	19.0	.0	.0	
63.6	55.7	14.7	167.1	258.2	90.0	24.0	.0	
72.6	60.1	16.5	188.3	413.4	65.0	.0	.0	
66.4	62.7	10.6	195.8	159.1	98.0	62.0	.0	
67.7	61.0	7.0	158.8	320.0	90.0	.0	.0	
67.3	59.2	3.3	93.8	394.2	55.0	46.0	.0	
65.5	58.8	9.9	132.1	249.9	51.0	.0	.0	
71.5	64.8	11.4	223.3	221.8	70.0	71.0	.0	
58.0	50.7	6.2	59.2	227.6	88.0	15.0	.0	
52.7	44.7	9.0	195.4	377.9	63.0	5.0	.0	
51.4	41.0	6.0	202.1	476.2	13.0	.0	.0	
54.9	42.8	7.2	139.6	434.2	33.0	.0	.0	
58.0	45.4	8.6	198.8	483.4	10.0	.0	.0	
65.8	55.7	8.0	222.9	447.8	2.0	.0	.0	
68.8	54.7	10.0	136.3	468.8	14.0	.0	.0	
58.8	47.9	4.4	81.3	461.1	2.0	.0	.0	
71.5	56.8	9.8	177.1	309.4	73.0	.0	.0	
68.5	63.2	7.4	187.1	155.6	98.0	4.0	.0	
71.2	67.8	8.6	166.3	230.3	88.0	.0	.0	
67.1	62.6	14.9	211.7	126.2	98.0	42.0	.0	
47.0	35.8	9.3	251.3	275.2	67.0	.0	.0	
46.6	38.7	3.4	118.3	194.5	95.0	.0	.0	
48.6	44.8	4.6	191.7	148.4	98.0	4.0	.0	
47.6	38.2	4.2	166.3	255.9	79.0	.0	.0	
47.4	36.8	2.5	59.2	327.7	52.0	.0	.0	
  10    31    1984
45.5	33.5	4.8	164.2	375.7	8.0	.0	.0	
51.4	34.9	9.5	177.9	395.0	33.0	.0	.0	
57.7	40.4	14.9	254.6	384.7	14.0	.0	.0	
47.6	37.1	4.6	149.6	318.3	60.0	.0	.0	
53.1	45.4	6.4	65.4	263.4	56.0	.0	.0	
57.1	45.1	10.0	98.8	283.2	64.0	.0	.0	
61.4	58.0	11.7	142.5	120.1	98.0	59.0	.0	
62.6	60.1	5.2	142.5	193.0	93.0	7.0	.0	
61.8	58.8	5.9	65.0	193.4	93.0	.0	.0	
60.4	54.0	5.8	60.4	268.7	65.0	.0	.0	
51.2	48.9	5.4	95.0	193.1	51.0	.0	.0	
56.3	51.2	2.6	65.4	216.3	68.0	.0	.0	
55.5	53.0	2.8	58.3	142.0	88.0	.0	.0	
60.1	57.3	6.8	78.3	160.1	98.0	51.0	.0	
61.1	58.0	9.1	98.8	154.2	98.0	11.0	.0	
63.0	60.0	6.6	87.5	157.9	90.0	.0	.0	
58.6	49.6	9.9	209.2	242.9	61.0	3.0	.0	
53.6	45.1	7.8	83.8	249.3	73.0	.0	.0	
60.4	47.2	15.3	198.8	262.2	50.0	29.0	.0	
48.8	39.5	9.0	184.2	148.7	64.0	28.0	.0	
49.5	46.4	11.3	189.6	119.2	98.0	58.0	.0	
46.0	40.7	5.2	197.9	188.4	72.0	.0	.0	
42.9	33.9	6.9	222.1	252.9	63.0	.0	.0	
41.2	31.7	6.2	186.3	294.2	13.0	.0	.0	
45.9	40.5	5.8	118.8	128.9	75.0	5.0	.0	
54.7	49.7	7.7	192.1	158.7	87.0	.0	.0	
67.6	61.2	13.2	152.1	128.2	98.0	.0	.0	
59.7	51.1	13.0	268.8	196.1	74.0	.0	.0	
47.5	35.6	7.2	72.1	290.0	28.0	.0	.0	
51.3	41.9	11.0	172.5	149.6	59.0	.0	.0	
44.9	33.7	12.6	83.8	149.6	68.0	10.0	.0	
  11    30    1984
55.4	49.6	18.3	199.2	70.6	74.0	58.0	.0	
30.8	16.8	13.2	233.8	222.3	48.0	.0	.0	
38.8	25.4	11.1	142.5	217.5	29.0	.0	.0	
53.7	46.2	12.8	204.2	184.3	72.0	5.0	.0	
41.4	37.5	11.0	270.0	103.1	82.0	1.0	.0	
36.9	27.4	8.9	250.8	165.9	57.0	.0	.0	
40.6	30.9	8.3	162.1	225.4	47.0	.0	.0	
49.3	34.4	13.8	177.1	127.5	92.0	.0	.0	
50.5	47.1	10.3	171.3	83.0	98.0	74.0	.0	
52.2	48.9	11.1	151.7	123.5	98.0	33.0	.0	
33.5	28.7	17.0	222.5	127.9	98.0	29.0	.0	
28.6	19.9	11.3	284.6	222.2	46.0	.0	.0	
29.7	22.9	5.5	222.5	222.0	11.0	.0	.0	
38.0	26.8	11.8	177.9	137.8	67.0	.0	.0	
44.2	36.8	17.4	216.7	72.7	98.0	26.0	.0	
32.8	23.4	16.8	252.5	118.1	62.0	.0	.0	
36.1	24.2	10.2	229.2	135.9	69.0	.0	.0	
35.8	27.8	8.6	141.7	111.6	98.0	1.0	.0	
27.5	16.7	9.4	167.9	175.7	39.0	.0	.0	
27.1	15.5	9.2	240.8	149.7	51.0	.0	.0	
28.1	16.4	6.4	95.8	99.6	71.0	.0	.0	
29.0	19.1	11.8	201.7	170.7	64.0	.0	.0	
36.3	27.8	8.2	219.6	121.7	76.0	.0	.0	
36.6	31.0	8.0	209.2	188.2	13.0	.0	.0	
42.1	34.5	8.2	180.8	208.9	19.0	.0	.0	
52.0	35.8	11.3	177.1	134.0	73.0	.0	.0	
57.0	41.6	14.6	168.3	76.0	98.0	10.0	.0	
38.8	33.7	12.5	225.0	103.3	98.0	27.0	.0	
38.7	27.7	10.1	208.3	120.3	85.0	.0	.0	
41.3	33.0	9.8	217.1	99.0	98.0	1.0	.0	
  12    31    1984
35.0	27.6	11.9	247.5	110.0	98.0	1.0	.0	
36.6	29.1	10.0	132.5	94.0	85.0	8.0	.0	
33.1	24.8	17.6	241.3	98.3	94.0	15.0	.0	
22.9	14.7	14.1	252.1	90.2	70.0	.0	2.5	
22.6	15.0	6.9	179.6	77.6	78.0	.0	.0	
23.4	16.0	12.8	250.0	84.7	80.0	.0	10.2	
23.1	11.4	15.2	220.8	95.5	88.0	.0	.0	
33.2	26.4	7.8	195.4	140.7	48.0	.0	.0	
33.7	29.4	6.3	142.1	101.8	55.0	.0	.0	
37.8	34.3	5.5	118.8	95.1	79.0	32.0	.0	
37.4	34.3	11.9	177.1	73.5	98.0	.0	.0	
45.3	42.8	11.7	202.1	70.2	98.0	31.0	.0	
36.1	31.8	12.5	51.3	93.9	98.0	.0	.0	
36.7	33.0	11.7	140.8	76.0	98.0	10.0	.0	
38.9	36.2	8.3	197.5	84.9	98.0	.0	.0	
54.9	48.5	18.6	196.3	92.9	76.0	.0	.0	
41.5	34.4	10.1	225.4	112.9	77.0	.0	.0	
31.6	22.4	12.5	227.5	97.9	98.0	.0	.0	
30.5	24.5	11.7	202.1	89.8	91.0	.0	40.6	
26.9	18.6	11.2	212.9	167.1	45.0	.0	.0	
34.0	28.7	14.4	146.3	46.0	95.0	61.0	.0	
31.7	21.1	21.2	248.8	108.7	66.0	.0	.0	
34.0	22.3	11.2	218.8	111.1	77.0	.0	.0	
24.3	18.7	12.4	127.9	89.5	98.0	.0	61.0	
13.6	2.4	14.2	230.8	178.2	7.0	.0	.0	
23.9	15.8	6.5	116.7	96.2	98.0	.0	81.3	
34.5	31.5	5.9	159.2	75.6	98.0	3.0	.0	
56.1	53.6	18.5	210.0	70.4	98.0	14.0	.0	
52.9	48.7	16.0	230.4	55.5	98.0	83.0	.0	
33.1	28.2	5.9	135.4	73.6	64.0	.0	.0	
31.8	28.3	10.2	50.4	73.8	92.0	.0	104.1	
