   1    31    1976
29.9	22.9	8.9	61.3	117.1	98.0	0.0	0.0	
29.9	23.2	11.9	187.5	94.9	98.0	0.0	22.9	
27.6	24.1	11.1	187.5	73.4	98.0	0.0	15.2	
18.0	15.9	11.4	295.0	109.5	98.0	0.0	0.0	
17.8	11.9	12.0	203.8	135.3	90.0	0.0	0.0	
25.8	19.8	11.7	168.8	100.9	98.0	0.0	33.0	
14.4	10.7	13.3	318.8	99.2	98.0	0.0	2.5	
6.1	4.2	10.4	241.3	133.6	91.0	0.0	0.0	
9.4	6.0	9.1	242.5	120.1	97.0	0.0	0.0	
15.0	9.8	7.1	175.0	102.4	98.0	0.0	0.0	
20.8	15.5	6.0	208.8	113.8	98.0	0.0	86.4	
27.4	21.2	11.7	171.3	117.4	95.0	0.0	0.0	
26.6	23.2	7.1	92.5	103.2	85.0	0.0	0.0	
20.2	16.3	14.7	286.3	141.6	81.0	0.0	0.0	
11.7	5.7	8.4	192.5	142.6	82.0	0.0	12.7	
19.3	16.1	13.7	301.3	95.4	98.0	0.0	12.7	
9.6	7.1	6.9	131.3	164.4	81.0	0.0	0.0	
14.0	6.5	10.1	187.5	106.7	98.0	0.0	0.0	
24.6	19.5	12.4	205.0	120.4	98.0	0.0	48.3	
22.2	19.3	12.7	258.8	137.1	95.0	0.0	12.7	
21.9	17.8	12.8	311.3	108.9	98.0	0.0	45.7	
10.5	7.2	10.0	177.5	127.2	98.0	0.0	12.7	
9.1	5.0	7.4	115.0	108.9	98.0	0.0	30.5	
14.3	9.0	5.1	95.0	152.2	93.0	0.0	5.1	
23.8	17.7	7.0	103.8	118.5	98.0	0.0	76.2	
24.9	23.7	10.3	231.3	152.1	96.0	0.0	0.0	
16.6	13.0	9.2	233.8	124.0	96.0	0.0	0.0	
19.9	15.8	11.0	206.3	142.3	93.0	0.0	5.1	
20.2	16.9	10.8	300.0	142.8	98.0	0.0	2.5	
14.1	12.3	4.8	80.0	228.5	59.0	0.0	12.7	
20.8	15.9	12.0	210.0	142.6	96.0	0.0	2.5	
   2    29    1976
14.2	12.7	17.1	320.0	167.6	98.0	0.0	15.2	
4.9	2.1	9.0	197.5	168.7	94.0	0.0	5.1	
16.0	8.1	12.8	207.5	141.3	98.0	0.0	17.8	
17.2	11.6	10.4	283.8	173.3	80.0	0.0	5.1	
10.7	6.5	4.1	161.3	192.3	65.0	0.0	0.0	
15.1	10.7	9.7	240.0	236.4	88.0	0.0	0.0	
23.3	14.6	14.5	227.5	149.7	98.0	0.0	2.5	
27.8	22.5	14.8	307.5	174.5	85.0	0.0	17.8	
30.9	17.2	13.5	167.5	186.6	85.0	0.0	0.0	
37.6	28.9	9.1	250.0	159.6	98.0	36.0	0.0	
27.1	24.0	10.1	237.5	200.6	83.0	0.0	5.1	
36.5	23.4	13.1	196.3	203.6	98.0	2.0	0.0	
31.7	23.1	11.4	302.5	265.9	68.0	0.0	0.0	
27.9	13.1	8.1	188.8	275.3	38.0	0.0	0.0	
39.8	35.2	14.8	216.3	139.5	98.0	26.0	0.0	
34.1	31.1	5.9	117.5	171.2	98.0	20.0	0.0	
31.3	28.7	6.7	207.5	169.0	98.0	0.0	38.1	
33.2	30.8	7.5	166.3	160.7	98.0	40.0	0.0	
34.2	30.6	8.1	246.3	185.6	98.0	0.0	0.0	
34.3	29.3	5.5	135.0	227.2	95.0	0.0	0.0	
30.9	29.4	10.3	83.8	151.2	98.0	0.0	94.0	
24.2	20.3	14.4	310.0	206.6	93.0	0.0	2.5	
21.8	13.8	12.9	177.5	281.0	48.0	0.0	0.0	
37.4	29.8	9.1	187.5	286.7	24.0	0.0	0.0	
34.7	29.0	4.5	162.5	272.5	43.0	0.0	0.0	
37.7	31.6	4.3	102.5	327.0	47.0	0.0	0.0	
34.8	25.3	8.1	92.5	154.2	75.0	0.0	0.0	
31.0	21.9	8.5	186.3	145.7	98.0	0.0	0.0	
32.6	27.4	9.5	220.0	210.3	95.0	20.0	0.0	
   3    31    1976
23.6	15.9	13.3	71.3	158.9	98.0	0.0	114.3	
23.9	18.3	13.0	75.0	222.0	98.0	0.0	139.7	
31.0	27.3	7.4	181.3	195.3	98.0	0.0	88.9	
30.2	26.4	9.9	91.3	208.0	98.0	0.0	218.4	
32.3	28.3	11.8	195.0	217.8	98.0	21.0	0.0	
22.8	17.3	14.8	253.8	259.2	86.0	0.0	5.1	
23.4	15.1	13.4	298.8	209.4	84.0	0.0	2.5	
22.1	9.4	8.2	248.8	401.7	43.0	0.0	0.0	
27.5	19.0	4.5	105.0	208.4	95.0	0.0	0.0	
29.1	24.4	8.0	280.0	216.2	78.0	0.0	5.1	
23.6	15.6	5.8	126.3	391.9	47.0	0.0	0.0	
32.7	29.5	12.6	172.5	195.3	98.0	41.0	0.0	
24.2	21.1	13.3	317.5	292.5	79.0	0.0	27.9	
31.3	24.1	12.4	250.0	214.8	82.0	0.0	2.5	
26.3	16.7	8.8	236.3	395.5	54.0	0.0	0.0	
22.3	16.4	11.7	290.0	248.5	89.0	0.0	10.2	
18.7	12.4	11.4	281.3	353.5	89.0	0.0	2.5	
33.5	27.4	8.2	177.5	223.9	95.0	5.0	0.0	
46.1	39.0	9.3	173.8	405.7	39.0	0.0	0.0	
53.8	51.1	15.4	207.5	174.9	82.0	5.0	0.0	
24.5	18.8	14.3	318.8	210.6	77.0	0.0	0.0	
22.8	10.3	8.8	157.5	449.5	10.0	0.0	0.0	
43.6	24.9	14.4	207.5	398.9	46.0	0.0	0.0	
52.6	35.1	15.0	210.0	325.0	73.0	0.0	0.0	
41.0	32.4	7.9	171.3	392.8	68.0	0.0	0.0	
53.9	44.9	11.7	183.8	215.6	84.0	8.0	0.0	
35.3	31.4	13.8	305.0	214.9	86.0	55.0	0.0	
38.2	27.5	8.0	146.3	416.1	52.0	0.0	0.0	
45.5	30.7	10.1	141.3	212.7	98.0	1.0	0.0	
50.4	44.7	13.1	185.0	227.7	98.0	61.0	0.0	
39.8	34.6	9.5	202.5	245.9	98.0	4.0	0.0	
   4    30    1976
34.8	31.1	9.0	302.5	244.2	98.0	43.0	0.0	
40.0	30.1	8.6	232.5	503.9	47.0	2.0	0.0	
39.0	28.1	8.4	126.3	465.0	58.0	0.0	0.0	
37.0	21.9	10.6	168.8	544.2	11.0	0.0	0.0	
42.9	20.7	10.2	230.0	418.0	51.0	0.0	0.0	
43.9	27.9	6.2	157.5	476.8	40.0	0.0	0.0	
36.8	24.9	9.7	265.0	528.7	4.0	0.0	0.0	
34.2	21.1	6.8	215.0	490.8	23.0	0.0	0.0	
40.5	19.6	7.8	177.5	520.2	28.0	0.0	0.0	
42.5	28.4	13.1	243.8	219.8	84.0	4.0	0.0	
30.5	18.8	13.6	230.0	513.3	38.0	0.0	0.0	
36.1	17.0	9.8	242.5	590.2	2.0	0.0	0.0	
47.7	22.5	10.8	235.0	534.9	18.0	0.0	0.0	
65.0	35.8	12.0	205.0	353.1	88.0	0.0	0.0	
66.7	52.5	12.0	246.3	242.2	97.0	40.0	0.0	
73.7	53.8	13.1	200.0	458.0	77.0	0.0	0.0	
73.0	54.4	12.1	206.3	273.9	79.0	0.0	0.0	
72.1	52.3	14.3	216.3	458.7	69.0	14.0	0.0	
54.2	44.6	11.3	242.5	539.3	60.0	0.0	0.0	
45.5	34.9	5.6	220.0	457.4	86.0	0.0	0.0	
50.9	43.6	4.9	87.5	271.1	98.0	28.0	0.0	
47.0	43.9	13.8	271.3	275.3	98.0	0.0	0.0	
42.9	34.9	6.8	208.8	457.1	79.0	0.0	0.0	
42.1	35.6	8.9	91.3	259.1	98.0	0.0	0.0	
42.6	26.6	13.4	162.5	345.2	85.0	0.0	0.0	
33.7	24.6	13.9	316.3	260.8	87.0	0.0	0.0	
37.3	28.7	11.3	350.0	302.0	67.0	0.0	0.0	
41.6	27.7	7.8	283.8	650.3	2.0	0.0	0.0	
46.0	24.9	5.9	176.3	572.4	53.0	0.0	0.0	
51.5	35.1	12.1	213.8	298.3	93.0	2.0	0.0	
   5    31    1976
47.7	39.4	7.8	193.8	460.2	62.0	7.0	0.0	
38.0	35.3	6.8	185.0	260.8	98.0	30.0	0.0	
35.6	27.3	13.0	298.8	317.2	87.0	7.0	0.0	
47.4	26.0	13.1	223.8	573.7	64.0	0.0	0.0	
49.6	36.1	14.9	272.5	248.0	96.0	45.0	0.0	
38.5	27.3	8.2	178.8	454.1	64.0	0.0	0.0	
38.1	27.3	8.4	238.8	478.8	39.0	0.0	0.0	
47.3	27.8	12.0	230.0	610.3	42.0	0.0	0.0	
57.0	33.1	8.2	135.0	682.3	20.0	0.0	0.0	
58.2	39.0	12.1	197.5	464.7	49.0	39.0	0.0	
41.9	34.4	11.7	311.3	536.5	40.0	0.0	0.0	
43.8	25.8	6.8	251.3	645.1	9.0	0.0	0.0	
52.6	28.2	6.3	155.0	499.6	75.0	9.0	0.0	
53.4	41.0	7.6	200.0	609.8	50.0	3.0	0.0	
56.6	46.1	4.2	83.8	306.8	75.0	0.0	0.0	
57.6	53.0	7.5	221.3	304.9	98.0	70.0	0.0	
47.6	40.9	12.7	345.0	300.3	96.0	11.0	0.0	
45.8	31.6	11.0	286.3	679.5	4.0	0.0	0.0	
47.3	31.1	5.8	172.5	696.2	15.0	0.0	0.0	
61.9	46.7	6.2	160.0	571.3	60.0	0.0	0.0	
52.3	37.9	11.7	341.3	640.1	19.0	0.0	0.0	
49.6	35.3	7.7	266.3	660.2	8.0	0.0	0.0	
48.4	37.1	7.5	180.0	654.7	9.0	0.0	0.0	
47.8	37.0	10.0	185.0	580.8	19.0	0.0	0.0	
51.7	42.3	6.8	121.3	551.9	44.0	0.0	0.0	
53.1	41.9	3.6	67.5	630.7	8.0	0.0	0.0	
59.5	41.7	5.6	126.3	636.2	58.0	0.0	0.0	
62.3	46.5	6.5	150.0	448.6	98.0	0.0	0.0	
59.8	56.6	5.2	42.5	312.4	98.0	9.0	0.0	
60.6	58.9	3.4	81.3	287.4	98.0	13.0	0.0	
58.6	57.5	3.0	117.5	312.5	98.0	0.0	0.0	
   6    30    1976
59.6	48.6	5.6	88.8	669.7	27.0	0.0	0.0	
56.6	44.4	5.9	208.8	700.4	2.0	0.0	0.0	
60.2	45.8	3.5	50.0	713.7	2.0	0.0	0.0	
64.1	49.8	3.3	106.3	705.6	2.0	0.0	0.0	
64.3	50.9	3.9	73.8	725.8	10.0	0.0	0.0	
66.0	50.5	4.8	115.0	731.6	2.0	0.0	0.0	
72.4	52.4	7.5	220.0	734.4	2.0	0.0	0.0	
73.3	58.6	5.5	146.3	538.3	70.0	0.0	0.0	
76.8	59.1	7.3	170.0	584.3	75.0	4.0	0.0	
75.0	57.1	11.2	220.0	494.6	73.0	0.0	0.0	
70.3	59.5	7.4	132.5	643.1	60.0	0.0	0.0	
71.1	54.7	9.4	132.5	574.0	64.0	0.0	0.0	
80.3	62.5	12.9	207.5	645.1	54.0	0.0	0.0	
72.9	60.4	9.5	208.8	603.8	54.0	0.0	0.0	
73.5	60.0	10.6	201.3	422.1	77.0	71.0	0.0	
58.9	49.6	7.8	225.0	292.6	82.0	0.0	0.0	
63.1	50.8	2.5	68.8	636.7	70.0	0.0	0.0	
66.9	57.1	9.2	212.5	436.7	76.0	22.0	0.0	
57.6	48.5	5.4	223.8	620.2	21.0	12.0	0.0	
64.9	49.9	8.1	247.5	701.5	3.0	0.0	0.0	
66.7	49.3	2.9	57.5	594.7	60.0	0.0	0.0	
68.9	55.9	4.1	137.5	549.0	72.0	0.0	0.0	
67.9	55.5	4.8	112.5	584.2	49.0	0.0	0.0	
64.6	59.4	4.1	115.0	306.9	98.0	3.0	0.0	
67.6	55.1	9.3	176.3	624.6	51.0	4.0	0.0	
71.2	57.0	9.7	177.5	619.9	41.0	15.0	0.0	
71.9	58.3	9.3	161.3	601.6	36.0	0.0	0.0	
66.7	59.6	4.2	97.5	403.9	61.0	15.0	0.0	
60.3	56.2	5.0	101.3	315.6	78.0	0.0	0.0	
59.6	56.5	11.1	191.3	290.2	98.0	136.0	0.0	
   7    31    1976
60.9	48.0	7.9	267.5	541.9	85.0	5.0	0.0	
60.2	49.3	5.2	177.5	430.0	64.0	0.0	0.0	
65.8	52.3	7.4	198.8	610.8	31.0	0.0	0.0	
66.3	53.1	4.6	76.3	710.0	4.0	0.0	0.0	
69.1	52.2	5.6	88.8	711.5	4.0	0.0	0.0	
73.2	53.5	4.8	117.5	639.1	19.0	0.0	0.0	
68.8	59.1	6.1	111.3	465.8	66.0	22.0	0.0	
66.0	56.2	6.8	180.0	643.4	26.0	0.0	0.0	
70.2	57.2	8.9	163.8	448.8	69.0	47.0	0.0	
78.8	68.5	8.0	165.0	514.4	72.0	2.0	0.0	
72.6	61.4	11.5	317.5	626.2	46.0	0.0	0.0	
61.6	44.1	14.7	351.3	668.5	22.0	0.0	0.0	
61.6	48.0	5.0	121.3	606.9	44.0	0.0	0.0	
72.5	57.9	6.2	102.5	547.0	68.0	34.0	0.0	
73.1	57.7	7.0	190.0	477.5	56.0	49.0	0.0	
62.8	50.4	9.8	282.5	442.5	78.0	1.0	0.0	
65.1	47.1	9.4	253.8	617.9	32.0	0.0	0.0	
70.9	49.3	9.8	231.3	615.2	21.0	0.0	0.0	
73.7	53.7	12.0	215.0	356.2	73.0	0.0	0.0	
69.9	63.2	11.2	227.5	326.2	76.0	21.0	0.0	
65.3	53.8	6.5	135.0	614.1	30.0	0.0	0.0	
70.6	56.5	4.2	102.5	507.3	63.0	0.0	0.0	
72.9	65.0	7.4	180.0	493.0	61.0	22.0	0.0	
66.2	54.8	6.4	153.8	692.1	7.0	0.0	0.0	
66.6	52.0	2.9	40.0	521.8	74.0	0.0	0.0	
74.7	60.4	10.7	216.3	527.9	73.0	0.0	0.0	
71.0	59.2	5.5	73.8	643.4	13.0	0.0	0.0	
63.2	56.5	2.3	61.3	280.9	79.0	0.0	0.0	
68.8	57.0	6.6	177.5	558.4	76.0	0.0	0.0	
66.9	57.7	7.4	187.5	456.8	66.0	0.0	0.0	
63.5	54.7	12.7	345.0	504.8	49.0	0.0	0.0	
   8    31    1976
65.1	49.7	7.5	246.3	566.2	28.0	2.0	0.0	
63.5	44.0	7.8	138.8	649.4	15.0	0.0	0.0	
69.6	50.1	11.0	238.8	599.7	23.0	0.0	0.0	
66.2	51.0	8.9	207.5	334.5	77.0	1.0	0.0	
63.6	57.8	12.0	302.5	328.1	85.0	16.0	0.0	
60.7	48.1	6.3	100.0	528.7	33.0	0.0	0.0	
59.2	44.6	4.3	138.8	604.5	11.0	0.0	0.0	
63.1	49.5	3.9	71.3	619.1	4.0	0.0	0.0	
66.4	52.9	5.6	146.3	540.2	46.0	0.0	0.0	
64.0	56.5	6.8	135.0	302.3	70.0	0.0	0.0	
76.2	64.0	7.5	177.5	525.2	69.0	0.0	0.0	
71.7	65.6	11.4	171.3	397.4	83.0	120.0	0.0	
63.9	61.4	6.3	257.5	262.1	98.0	9.0	0.0	
62.1	54.3	10.4	156.3	389.9	77.0	5.0	0.0	
58.0	47.9	7.5	240.0	542.4	20.0	0.0	0.0	
58.1	46.0	5.1	225.0	625.4	2.0	0.0	0.0	
62.2	49.0	4.6	167.5	584.1	26.0	0.0	0.0	
66.9	51.8	6.7	153.8	468.6	61.0	0.0	0.0	
75.8	57.4	10.5	213.8	429.2	78.0	0.0	0.0	
73.9	58.8	6.8	165.0	559.4	14.0	0.0	0.0	
70.7	59.5	6.3	140.0	546.4	23.0	0.0	0.0	
72.6	60.5	7.8	241.3	464.0	43.0	0.0	0.0	
67.0	55.4	7.4	220.0	547.1	9.0	0.0	0.0	
65.3	53.3	3.9	90.0	561.8	20.0	0.0	0.0	
69.0	59.5	3.6	90.0	315.5	82.0	1.0	0.0	
70.8	64.4	4.5	141.3	306.9	95.0	69.0	0.0	
77.1	65.5	10.4	172.5	388.8	66.0	0.0	0.0	
66.9	52.4	12.2	276.3	529.6	43.0	0.0	0.0	
53.8	40.5	13.0	287.5	456.0	40.0	0.0	0.0	
55.6	44.9	5.2	120.0	457.2	28.0	0.0	0.0	
61.6	55.4	5.9	182.5	352.9	84.0	31.0	0.0	
   9    30    1976
56.2	43.3	12.1	187.5	438.0	60.0	4.0	0.0	
50.7	41.2	2.3	102.5	460.3	38.0	0.0	0.0	
69.7	56.9	12.9	180.0	413.6	68.0	4.0	0.0	
61.1	52.7	10.3	286.3	364.1	50.0	0.0	0.0	
57.5	42.4	7.8	230.0	444.8	71.0	0.0	0.0	
60.7	45.7	4.8	128.8	495.4	40.0	0.0	0.0	
73.1	53.0	9.4	215.0	511.9	3.0	0.0	0.0	
75.5	54.7	7.2	193.8	463.0	15.0	0.0	0.0	
60.9	54.4	9.4	305.0	199.8	64.0	52.0	0.0	
60.0	45.6	11.9	297.5	380.5	55.0	37.0	0.0	
65.8	49.9	7.2	235.0	490.8	31.0	0.0	0.0	
70.2	50.2	10.8	217.5	424.3	50.0	0.0	0.0	
72.0	51.1	11.3	203.8	394.8	70.0	0.0	0.0	
62.1	55.8	10.8	245.0	188.2	78.0	6.0	0.0	
56.5	52.1	7.8	65.0	219.6	98.0	0.0	0.0	
59.4	53.5	7.5	143.8	335.1	73.0	0.0	0.0	
57.6	50.0	2.5	56.3	424.4	18.0	0.0	0.0	
60.8	51.6	3.6	163.8	451.7	25.0	0.0	0.0	
65.1	56.3	8.6	243.8	303.9	83.0	2.0	0.0	
54.7	49.0	9.4	273.8	292.6	96.0	14.0	0.0	
47.9	41.1	11.6	291.3	256.0	85.0	0.0	0.0	
46.5	35.9	7.9	222.5	247.5	93.0	2.0	0.0	
47.5	34.1	10.4	268.8	344.4	63.0	9.0	0.0	
47.8	32.0	9.7	205.0	401.2	16.0	0.0	0.0	
47.8	37.1	6.6	136.3	377.5	48.0	0.0	0.0	
50.3	43.6	3.2	116.3	238.9	73.0	0.0	0.0	
50.1	42.4	8.2	178.8	165.6	89.0	0.0	0.0	
47.7	34.5	9.6	243.8	344.6	53.0	0.0	0.0	
53.8	42.3	9.8	176.3	417.9	13.0	0.0	0.0	
52.4	40.9	4.8	137.5	417.6	3.0	0.0	0.0	
  10    31    1976
61.5	45.1	6.6	147.5	389.5	5.0	0.0	0.0	
55.9	47.5	3.8	155.0	402.4	2.0	0.0	0.0	
59.9	45.3	3.0	87.5	368.1	38.0	0.0	0.0	
67.2	48.0	7.8	162.5	304.0	90.0	0.0	0.0	
53.3	46.5	8.5	262.5	151.1	98.0	37.0	0.0	
46.1	36.8	9.7	190.0	177.7	98.0	45.0	0.0	
46.0	29.3	6.8	256.3	193.9	95.0	0.0	0.0	
45.2	30.9	2.6	90.0	215.6	92.0	0.0	0.0	
43.2	33.5	3.5	107.5	177.7	85.0	0.0	0.0	
45.7	41.1	3.4	140.0	146.7	97.0	0.0	0.0	
50.9	38.8	6.0	122.5	292.8	64.0	0.0	0.0	
59.0	46.5	10.8	207.5	268.3	73.0	0.0	0.0	
51.8	40.0	10.1	242.5	199.2	79.0	9.0	0.0	
48.1	34.5	10.7	231.3	186.4	74.0	0.0	0.0	
48.7	33.5	13.7	278.8	181.2	83.0	0.0	0.0	
37.0	32.4	10.3	250.0	129.6	93.0	0.0	0.0	
35.9	28.9	7.4	193.8	204.9	92.0	0.0	0.0	
36.1	26.9	5.0	157.5	145.7	87.0	0.0	0.0	
38.6	31.1	4.6	111.3	126.0	98.0	19.0	0.0	
37.9	31.5	3.5	150.0	164.6	80.0	12.0	0.0	
38.2	30.6	11.0	247.5	155.5	95.0	10.0	0.0	
40.2	25.6	11.6	277.5	207.7	77.0	12.0	0.0	
36.3	24.6	2.0	16.3	266.2	84.0	0.0	0.0	
40.8	30.5	7.1	47.5	126.3	98.0	0.0	0.0	
37.2	29.5	4.4	82.5	144.5	98.0	0.0	0.0	
33.0	20.5	10.8	40.0	161.4	88.0	0.0	0.0	
33.0	22.0	2.8	123.8	191.6	78.0	2.0	0.0	
40.7	26.7	13.1	228.8	246.7	24.0	0.0	0.0	
45.0	35.6	11.6	215.0	116.2	59.0	0.0	0.0	
45.9	41.2	6.8	113.8	107.6	98.0	38.0	0.0	
40.3	27.3	11.0	250.0	263.1	31.0	30.0	0.0	
  11    30    1976
37.4	24.3	5.0	180.0	209.6	53.0	0.0	0.0	
46.6	33.0	11.7	230.0	162.2	78.0	1.0	0.0	
36.1	28.8	7.4	217.5	121.9	78.0	0.0	0.0	
36.4	31.5	9.0	122.5	98.4	96.0	6.0	0.0	
36.6	28.9	8.7	196.3	119.9	96.0	0.0	0.0	
38.5	27.5	11.7	273.8	121.1	74.0	0.0	0.0	
30.7	20.0	13.4	320.0	123.9	98.0	0.0	15.2	
26.8	16.5	9.5	275.0	130.8	98.0	0.0	0.0	
34.1	22.8	10.4	218.8	160.4	97.0	2.0	0.0	
31.9	22.4	11.3	315.0	92.0	96.0	0.0	2.5	
29.1	20.6	7.9	263.8	104.0	81.0	0.0	0.0	
31.9	25.7	8.2	263.8	134.2	84.0	0.0	0.0	
34.5	23.6	11.3	265.0	214.4	23.0	0.0	0.0	
32.2	22.0	9.8	238.8	220.0	14.0	0.0	0.0	
30.0	18.4	6.9	190.0	214.6	2.0	0.0	0.0	
35.5	26.0	8.4	222.5	221.2	2.0	0.0	0.0	
37.7	31.3	12.0	203.8	89.2	61.0	0.0	0.0	
38.6	27.9	10.5	243.8	124.9	63.0	0.0	0.0	
39.5	25.4	10.2	286.3	117.8	58.0	2.0	0.0	
35.3	27.0	4.2	97.5	91.6	98.0	0.0	0.0	
28.6	18.5	8.6	171.3	120.1	98.0	0.0	0.0	
28.8	19.6	13.1	285.0	127.4	98.0	0.0	5.1	
29.1	20.3	9.5	251.3	108.0	98.0	0.0	0.0	
27.2	16.3	7.9	213.8	102.3	98.0	0.0	0.0	
32.4	25.9	6.1	156.3	95.4	98.0	5.0	0.0	
41.1	35.4	11.0	182.5	92.1	98.0	1.0	0.0	
34.9	29.3	9.1	267.5	111.2	98.0	53.0	0.0	
17.9	7.3	11.5	256.3	119.6	98.0	0.0	0.0	
12.4	5.6	10.6	231.3	138.5	88.0	0.0	0.0	
11.4	3.4	11.3	230.0	101.8	89.0	0.0	0.0	
  12    31    1976
15.4	6.7	10.4	231.3	92.0	95.0	0.0	0.0	
8.3	-0.9	10.1	197.5	127.8	82.0	0.0	0.0	
7.8	-0.4	9.1	178.8	104.6	76.0	0.0	0.0	
13.6	7.7	4.9	128.8	142.6	71.0	0.0	0.0	
22.5	15.7	5.5	176.3	96.6	98.0	0.0	0.0	
25.2	19.2	7.5	193.8	94.1	98.0	0.0	33.0	
18.0	7.5	9.4	246.3	93.5	98.0	0.0	0.0	
13.9	3.8	9.6	256.3	110.7	94.0	0.0	0.0	
17.1	8.6	5.2	81.3	102.7	98.0	0.0	10.2	
28.4	20.5	13.0	255.0	106.3	96.0	0.0	0.0	
19.7	10.5	12.1	208.8	123.1	90.0	0.0	0.0	
23.7	16.1	10.0	281.3	92.9	95.0	0.0	33.0	
15.4	3.7	12.6	246.3	99.2	71.0	0.0	0.0	
31.6	23.1	13.4	211.3	118.4	45.0	0.0	0.0	
29.6	25.1	6.2	186.3	149.7	47.0	0.0	0.0	
30.7	26.9	5.0	136.3	78.8	98.0	0.0	0.0	
31.6	23.4	11.7	305.0	98.4	98.0	0.0	2.5	
27.6	18.7	6.3	188.8	157.5	50.0	0.0	0.0	
29.9	27.0	4.3	150.0	82.1	88.0	0.0	0.0	
21.5	17.8	17.0	346.3	102.0	98.0	0.0	25.4	
15.3	8.4	12.7	270.0	89.2	94.0	0.0	0.0	
21.6	15.9	13.0	216.3	92.3	95.0	0.0	2.5	
15.6	8.5	11.4	275.0	119.3	96.0	0.0	2.5	
21.1	12.5	11.7	188.8	109.9	92.0	0.0	0.0	
25.6	17.9	5.5	185.0	92.8	86.0	0.0	0.0	
18.0	12.7	10.0	258.8	103.0	95.0	0.0	2.5	
12.8	7.4	6.8	152.5	91.1	97.0	0.0	17.8	
11.5	7.6	5.6	176.3	110.0	83.0	0.0	2.5	
-6.1	-14.9	7.5	203.8	144.4	61.0	0.0	5.1	
-3.5	-14.0	5.4	127.5	148.5	38.0	0.0	0.0	
12.2	7.0	11.9	281.3	99.5	98.0	0.0	17.8	
