   1    31    1966
50.6	47.2	8.1	233.8	75.1	98.0	46.0	.0	
51.9	49.4	7.8	156.3	115.1	98.0	62.0	.0	
39.3	29.7	14.0	268.8	117.7	93.0	9.0	.0	
28.7	21.6	3.9	195.0	193.8	45.0	.0	.0	
30.1	27.4	2.3	135.0	104.2	91.0	.0	33.0	
43.5	43.0	8.7	218.8	95.4	98.0	59.0	.0	
38.8	30.1	12.7	271.3	154.2	96.0	2.0	.0	
16.1	10.6	14.7	290.0	127.7	83.0	.0	17.8	
22.2	13.0	4.2	122.5	173.7	71.0	.0	.0	
33.9	21.7	10.8	200.0	132.2	69.0	1.0	.0	
20.8	8.9	13.3	266.3	246.2	11.0	.0	.0	
19.2	10.0	3.9	146.3	209.2	68.0	.0	.0	
33.4	28.5	11.7	212.5	93.4	98.0	18.0	.0	
27.4	23.4	6.5	185.0	146.8	69.0	.0	.0	
25.3	22.3	3.9	115.0	104.9	83.0	.0	.0	
19.0	12.1	10.7	333.8	151.4	83.0	.0	.0	
15.9	9.0	9.2	260.0	114.4	89.0	.0	.0	
19.5	13.2	8.9	305.0	134.3	97.0	.0	2.5	
16.8	10.1	8.1	293.8	145.0	97.0	.0	5.1	
23.7	19.1	4.2	137.5	114.9	92.0	.0	.0	
24.4	18.8	2.0	40.0	256.6	7.0	.0	.0	
29.9	23.6	7.8	181.3	114.2	95.0	.0	83.8	
24.7	21.5	13.5	281.3	168.3	98.0	.0	68.6	
17.3	8.4	5.6	110.0	274.1	68.0	.0	.0	
21.2	14.4	3.9	127.5	158.0	98.0	.0	.0	
22.6	18.5	5.3	150.0	173.8	98.0	.0	30.5	
17.9	12.4	12.4	281.3	139.9	89.0	.0	12.7	
5.9	-10.6	7.9	190.0	315.6	31.0	.0	.0	
6.7	-1.1	3.7	195.0	164.6	98.0	.0	86.4	
1.3	-9.4	15.3	283.8	191.3	93.0	.0	45.7	
10.0	-5.8	12.2	250.0	275.4	47.0	.0	.0	
   2    28    1966
17.5	7.9	3.3	167.5	172.6	64.0	.0	106.7	
25.5	22.8	10.1	272.5	172.6	98.0	.0	27.9	
23.3	18.5	9.5	280.0	186.4	98.0	.0	17.8	
19.7	14.7	10.4	246.3	169.6	98.0	.0	17.8	
15.4	10.8	10.1	282.5	187.4	90.0	.0	10.2	
19.5	8.2	3.6	117.5	184.4	88.0	.0	.0	
37.1	31.1	8.2	205.0	184.6	98.0	4.0	.0	
40.5	35.9	5.9	177.5	300.2	67.0	.0	.0	
41.0	33.7	8.2	136.3	239.8	62.0	.0	.0	
48.7	43.1	15.6	152.5	165.0	98.0	13.0	.0	
48.6	39.5	8.2	192.5	166.5	90.0	1.0	.0	
41.1	37.0	4.2	182.5	137.4	85.0	4.0	.0	
45.7	42.5	16.4	206.3	157.4	98.0	54.0	.0	
40.1	28.0	7.8	213.8	248.7	66.0	.0	.0	
38.7	32.5	8.6	271.3	166.8	98.0	4.0	.0	
42.2	39.6	12.1	217.5	149.6	98.0	32.0	.0	
27.2	13.1	16.8	278.8	303.9	32.0	.0	22.9	
30.9	18.3	4.0	75.0	166.3	77.0	.0	.0	
29.3	22.6	7.5	168.8	248.3	70.0	.0	2.5	
14.0	1.9	9.9	282.5	389.1	33.0	.0	.0	
17.5	.7	7.5	216.3	373.1	16.0	.0	.0	
19.3	10.1	4.8	197.5	251.2	36.0	.0	.0	
27.5	14.6	5.6	121.3	266.7	54.0	.0	.0	
33.3	29.3	2.0	98.8	173.9	98.0	52.0	.0	
31.8	29.1	7.1	225.0	241.1	98.0	.0	33.0	
28.8	26.1	8.8	235.0	244.6	93.0	.0	17.8	
29.6	17.1	5.9	108.8	266.4	92.0	.0	2.5	
44.1	39.9	10.4	181.3	192.5	98.0	43.0	.0	
   3    31    1966
41.6	29.7	17.7	271.3	311.5	63.0	27.0	.0	
41.5	22.6	6.5	165.0	261.2	68.0	.0	.0	
50.1	33.4	5.7	130.0	178.2	85.0	.0	.0	
57.7	46.2	8.9	172.5	238.9	98.0	9.0	.0	
37.1	28.6	9.6	223.8	183.5	98.0	5.0	.0	
23.6	15.5	11.9	262.5	301.5	88.0	.0	15.2	
22.2	14.9	10.8	277.5	258.5	98.0	.0	10.2	
22.6	14.5	7.7	151.3	443.1	36.0	.0	5.1	
28.7	16.7	2.4	86.3	370.3	34.0	.0	.0	
38.5	22.1	3.4	87.5	392.2	50.0	.0	.0	
44.4	28.6	4.1	93.8	226.1	81.0	.0	.0	
49.8	33.5	7.0	208.8	371.1	72.0	.0	.0	
51.1	47.5	6.9	212.5	203.1	93.0	22.0	.0	
49.4	42.5	4.5	173.8	351.1	55.0	.0	.0	
44.8	36.5	5.6	43.8	386.9	55.0	.0	.0	
43.3	24.4	6.8	152.5	471.0	9.0	.0	.0	
45.8	29.4	2.7	123.8	501.9	8.0	.0	.0	
52.2	36.9	8.8	150.0	458.2	35.0	2.0	.0	
48.6	29.4	10.7	230.0	405.4	65.0	1.0	.0	
35.4	29.5	8.7	237.5	246.2	75.0	5.0	.0	
46.0	25.4	4.6	191.3	385.3	67.0	.0	.0	
62.6	36.4	10.5	225.0	460.2	65.0	.0	.0	
59.6	40.6	8.2	157.5	393.4	85.0	.0	.0	
35.8	31.8	12.1	286.3	224.7	98.0	37.0	.0	
27.2	18.0	9.2	233.8	319.0	68.0	.0	15.2	
33.7	22.1	9.5	183.8	241.4	75.0	4.0	.0	
27.2	18.7	12.1	307.5	249.0	90.0	.0	7.6	
26.9	12.2	11.5	306.3	283.4	62.0	.0	.0	
32.4	14.4	8.2	201.3	513.5	35.0	.0	.0	
37.6	30.5	10.8	242.5	234.6	98.0	6.0	.0	
34.4	25.5	11.5	281.3	265.9	89.0	5.0	.0	
   4    30    1966
45.6	29.0	17.5	270.0	245.3	93.0	9.0	.0	
35.5	29.5	17.6	292.5	216.6	93.0	15.0	.0	
40.5	35.0	4.5	128.8	256.9	93.0	7.0	.0	
37.6	36.3	9.2	278.8	257.3	98.0	6.0	.0	
33.7	26.6	11.0	285.0	324.1	94.0	6.0	.0	
34.9	26.0	11.4	248.8	275.7	89.0	3.0	.0	
39.4	28.9	12.1	247.5	263.3	93.0	.0	.0	
36.0	26.7	9.8	248.8	254.8	93.0	.0	.0	
33.8	30.0	7.1	256.3	304.0	97.0	19.0	.0	
34.9	28.2	7.4	248.8	287.2	92.0	.0	.0	
38.8	29.9	4.3	126.3	297.9	96.0	9.0	.0	
40.1	39.1	3.0	111.3	252.4	98.0	145.0	.0	
38.3	37.1	8.1	141.3	244.7	98.0	50.0	.0	
42.1	31.5	5.8	223.8	404.9	79.0	.0	.0	
41.9	29.5	5.3	227.5	353.0	89.0	.0	.0	
43.8	29.2	3.7	118.8	428.4	73.0	.0	.0	
43.3	28.3	3.9	113.8	599.5	28.0	.0	.0	
51.7	38.8	4.9	140.0	306.5	73.0	.0	.0	
58.1	43.0	8.9	161.3	292.5	83.0	.0	.0	
62.7	48.0	8.8	157.5	534.6	36.0	.0	.0	
62.1	54.3	8.6	146.3	362.8	63.0	34.0	.0	
57.6	57.0	3.4	163.8	255.0	98.0	25.0	.0	
60.3	56.6	2.8	92.5	291.4	98.0	10.0	.0	
63.9	56.1	10.1	230.0	371.3	98.0	19.0	.0	
57.2	47.9	9.2	302.5	486.5	69.0	46.0	.0	
54.1	42.2	5.9	100.0	446.3	87.0	.0	.0	
53.1	46.9	13.7	166.3	263.5	95.0	37.0	.0	
60.0	53.1	7.2	208.8	305.8	97.0	14.0	.0	
52.7	52.0	5.1	190.0	248.1	98.0	19.0	.0	
57.1	54.4	6.9	178.8	282.5	98.0	190.0	.0	
   5    31    1966
52.6	53.0	6.5	255.0	284.3	98.0	32.0	.0	
43.9	37.0	7.4	313.8	333.5	75.0	8.0	.0	
48.0	33.0	8.9	186.3	599.0	20.0	.0	.0	
43.7	23.2	9.5	288.8	687.5	2.0	.0	.0	
56.4	30.9	9.1	190.0	614.4	6.0	.0	.0	
66.3	38.2	17.3	286.3	596.4	23.0	.0	.0	
55.6	32.0	7.2	256.3	652.2	9.0	.0	.0	
64.2	45.0	11.1	225.0	517.5	67.0	.0	.0	
38.3	37.2	10.7	340.0	256.5	97.0	6.0	.0	
36.3	19.9	7.0	217.5	679.8	9.0	.0	.0	
48.1	23.0	8.2	165.0	380.2	74.0	.0	.0	
61.0	44.1	9.5	201.3	333.0	98.0	39.0	.0	
60.4	55.1	9.5	245.0	351.8	98.0	17.0	.0	
58.2	52.5	6.5	210.0	412.5	87.0	8.0	.0	
56.9	43.9	4.6	141.3	613.6	51.0	.0	.0	
60.2	45.0	7.4	182.5	451.2	64.0	.0	.0	
65.7	52.8	6.3	148.8	577.4	75.0	.0	.0	
63.9	54.9	7.6	181.3	299.0	92.0	20.0	.0	
62.0	49.5	6.3	198.8	400.4	88.0	5.0	.0	
61.2	44.4	6.5	193.8	648.7	31.0	.0	.0	
62.6	44.4	6.9	230.0	620.4	49.0	.0	.0	
60.4	49.5	6.4	145.0	649.9	25.0	.0	.0	
65.6	47.9	5.9	98.8	650.7	3.0	.0	.0	
66.5	45.6	7.2	207.5	419.8	79.0	1.0	.0	
65.3	54.3	6.6	133.8	602.8	63.0	.0	.0	
64.7	49.8	4.6	103.8	651.5	56.0	.0	.0	
62.8	56.9	5.8	186.3	367.0	98.0	3.0	.0	
66.7	55.6	7.0	200.0	485.7	94.0	6.0	.0	
57.2	47.9	7.9	260.0	479.7	58.0	9.0	.0	
50.9	37.3	5.9	186.3	593.9	44.0	.0	.0	
45.2	37.2	6.5	182.5	333.8	68.0	14.0	.0	
   6    30    1966
46.0	35.3	8.2	263.8	350.9	77.0	.0	.0	
49.1	33.1	5.5	191.3	644.8	28.0	.0	.0	
57.8	39.2	4.4	105.0	601.7	55.0	.0	.0	
63.5	48.5	3.8	148.8	543.0	67.0	.0	.0	
64.7	54.0	5.8	110.0	530.2	62.0	3.0	.0	
65.2	58.4	6.9	158.8	498.9	77.0	77.0	.0	
63.9	59.4	3.6	171.3	341.9	82.0	15.0	.0	
63.9	58.1	4.3	150.0	307.6	91.0	2.0	.0	
73.9	60.3	6.3	188.8	578.8	74.0	.0	.0	
59.8	56.5	6.5	265.0	313.0	77.0	4.0	.0	
57.7	41.7	8.4	171.3	710.1	32.0	.0	.0	
61.9	44.1	3.0	207.5	716.8	3.0	.0	.0	
65.6	52.6	4.8	187.5	730.4	2.0	.0	.0	
61.8	58.7	5.5	171.3	324.1	63.0	35.0	.0	
63.2	50.6	7.4	200.0	649.3	31.0	.0	.0	
62.4	55.7	7.6	171.3	313.1	90.0	15.0	.0	
61.3	53.1	6.5	213.8	536.7	63.0	.0	.0	
59.9	49.0	3.8	151.3	485.9	73.0	.0	.0	
62.4	51.0	5.2	187.5	617.5	37.0	.0	.0	
63.7	49.5	3.3	160.0	680.4	10.0	.0	.0	
66.2	52.9	3.4	133.8	635.3	15.0	.0	.0	
67.4	53.4	4.2	65.0	601.9	56.0	.0	.0	
68.1	54.0	5.3	181.3	637.9	28.0	.0	.0	
70.4	59.0	3.3	81.3	620.2	50.0	.0	.0	
71.1	59.2	2.9	92.5	579.4	43.0	.0	.0	
70.3	60.6	4.5	158.8	456.0	68.0	.0	.0	
71.4	59.3	4.6	153.8	634.1	37.0	.0	.0	
69.4	60.7	5.3	135.0	551.2	67.0	47.0	.0	
69.7	62.3	4.5	132.5	511.7	81.0	.0	.0	
70.8	60.4	5.3	116.3	627.4	64.0	.0	.0	
   7    31    1966
70.6	59.5	2.0	72.5	639.2	63.0	.0	.0	
72.2	59.4	3.1	86.3	637.3	63.0	.0	.0	
72.2	61.3	2.6	86.3	570.1	44.0	.0	.0	
71.5	61.9	6.1	167.5	609.9	60.0	5.0	.0	
68.9	63.1	3.6	127.5	363.9	98.0	.0	.0	
71.6	64.6	5.3	155.0	471.3	85.0	9.0	.0	
71.2	60.5	7.2	228.8	517.2	78.0	4.0	.0	
68.1	53.1	7.6	238.8	610.7	54.0	.0	.0	
68.9	52.3	3.2	92.5	635.4	53.0	.0	.0	
73.8	60.2	10.1	245.0	505.5	85.0	.0	.0	
74.4	63.1	7.2	193.8	415.5	76.0	.0	.0	
69.6	62.6	5.5	223.8	304.4	83.0	.0	.0	
72.3	65.3	4.5	193.8	523.5	65.0	11.0	.0	
72.5	65.1	7.5	255.0	581.8	77.0	43.0	.0	
65.1	63.5	5.6	207.5	348.6	75.0	5.0	.0	
67.6	52.0	6.9	168.8	681.5	34.0	.0	.0	
67.8	54.4	3.2	107.5	615.2	28.0	.0	.0	
69.0	58.5	5.0	196.3	582.9	38.0	.0	.0	
67.5	64.6	4.8	132.5	331.1	85.0	177.0	.0	
63.6	55.2	7.0	271.3	527.6	48.0	2.0	.0	
58.9	46.3	2.7	118.8	690.8	15.0	.0	.0	
62.0	49.0	2.6	77.5	676.1	35.0	.0	.0	
66.0	58.1	4.5	155.0	405.9	84.0	.0	.0	
68.3	60.1	5.0	237.5	299.0	94.0	.0	.0	
71.1	60.6	3.3	182.5	634.2	40.0	.0	.0	
71.1	60.9	3.0	92.5	659.9	8.0	.0	.0	
71.9	60.3	4.0	170.0	569.7	55.0	.0	.0	
69.6	65.4	5.4	110.0	285.5	97.0	35.0	.0	
69.3	65.4	5.3	217.5	305.0	98.0	33.0	.0	
63.4	56.1	4.6	105.0	347.5	79.0	.0	.0	
61.7	53.0	5.5	230.0	642.5	33.0	.0	.0	
   8    31    1966
64.5	54.1	4.8	242.5	568.4	63.0	.0	.0	
64.0	60.6	6.9	238.8	255.4	98.0	64.0	.0	
63.0	55.9	5.6	168.8	568.5	40.0	.0	.0	
60.5	55.1	3.7	82.5	319.6	82.0	.0	.0	
64.4	55.5	3.7	101.3	581.3	43.0	.0	.0	
66.6	57.8	3.7	60.0	530.4	67.0	1.0	.0	
64.4	60.4	3.6	163.8	390.8	91.0	92.0	.0	
67.2	63.0	3.6	183.8	540.5	83.0	66.0	.0	
67.0	63.0	5.9	143.8	380.6	88.0	35.0	.0	
69.2	62.9	3.5	170.0	563.3	47.0	.0	.0	
68.1	64.0	7.2	193.8	300.1	78.0	48.0	.0	
64.1	57.6	7.0	221.3	425.3	91.0	12.0	.0	
59.2	56.0	3.3	140.0	251.0	98.0	4.0	.0	
66.2	63.9	6.7	196.3	246.3	98.0	58.0	.0	
68.8	65.1	4.8	227.5	326.7	82.0	25.0	.0	
68.3	64.4	5.8	217.5	275.0	85.0	30.0	.0	
67.1	60.6	5.6	262.5	495.8	48.0	.0	.0	
66.0	59.9	4.8	197.5	552.6	50.0	.0	.0	
66.0	61.9	3.1	132.5	320.0	80.0	.0	.0	
66.7	62.6	2.9	102.5	348.0	92.0	.0	.0	
70.4	65.6	4.3	197.5	373.3	90.0	9.0	.0	
72.6	67.8	3.7	207.5	316.8	87.0	7.0	.0	
65.7	58.7	8.8	306.3	442.2	73.0	33.0	.0	
57.7	51.0	3.9	131.3	367.2	69.0	.0	.0	
58.4	52.1	2.4	123.8	362.1	86.0	.0	.0	
60.5	52.1	2.9	125.0	505.8	26.0	.0	.0	
61.6	54.4	4.0	155.0	490.0	36.0	.0	.0	
63.4	57.3	2.6	115.0	482.9	46.0	.0	.0	
64.3	56.7	2.6	127.5	449.4	83.0	.0	.0	
65.4	57.9	2.7	126.3	472.9	69.0	.0	.0	
65.5	58.6	3.4	146.3	539.1	48.0	.0	.0	
   9    30    1966
65.5	58.6	3.7	116.3	527.6	39.0	.0	.0	
66.1	59.5	4.2	141.3	516.5	43.0	.0	.0	
67.3	60.8	4.8	113.8	479.3	50.0	.0	.0	
65.6	62.6	3.5	100.0	238.2	89.0	62.0	.0	
63.7	54.6	9.1	285.0	493.7	43.0	.0	.0	
60.7	51.7	7.2	183.8	420.6	70.0	.0	.0	
54.4	48.9	3.5	88.8	404.7	51.0	.0	.0	
52.6	47.0	4.2	170.0	434.9	50.0	.0	.0	
54.1	47.6	3.2	96.3	549.7	33.0	.0	.0	
55.0	48.8	3.9	133.8	281.4	83.0	.0	.0	
56.7	50.4	3.3	152.5	443.4	77.0	.0	.0	
59.9	51.0	5.4	136.3	230.4	97.0	.0	.0	
58.2	54.2	5.8	163.8	221.9	98.0	76.0	.0	
59.4	58.3	6.2	143.8	239.2	98.0	102.0	.0	
53.1	53.4	5.6	221.3	262.8	96.0	1.0	.0	
46.7	41.2	4.3	132.5	457.3	42.0	.0	.0	
52.0	45.1	3.2	160.0	403.4	65.0	.0	.0	
57.5	50.0	3.5	192.5	295.2	85.0	.0	.0	
58.6	54.5	6.2	207.5	217.9	96.0	77.0	.0	
59.9	53.9	7.9	122.5	227.4	95.0	7.0	.0	
60.3	56.1	5.6	131.3	206.8	98.0	69.0	.0	
57.0	54.3	9.2	218.8	220.1	91.0	8.0	.0	
54.9	44.8	12.8	277.5	212.4	65.0	.0	.0	
49.3	38.6	9.1	215.0	451.6	29.0	.0	.0	
50.6	47.4	2.3	57.5	207.6	98.0	28.0	.0	
51.6	50.9	3.9	213.8	219.5	98.0	4.0	.0	
56.0	55.5	3.6	192.5	199.3	98.0	61.0	.0	
58.3	58.0	3.6	108.8	215.1	98.0	18.0	.0	
56.9	50.5	7.7	148.8	223.9	84.0	1.0	.0	
54.7	48.2	10.5	265.0	182.7	92.0	.0	.0	
  10    31    1966
42.8	42.4	5.9	186.3	192.1	96.0	124.0	.0	
44.9	39.0	2.3	82.5	348.1	48.0	.0	.0	
49.2	37.3	7.0	147.5	444.1	36.0	.0	.0	
59.2	50.1	10.2	210.0	280.5	76.0	2.0	.0	
51.1	40.1	14.3	302.5	253.6	84.0	8.0	.0	
41.4	35.5	6.5	250.0	237.3	65.0	.0	.0	
43.3	34.7	3.4	116.3	432.4	26.0	.0	.0	
49.4	40.6	2.9	165.0	355.4	63.0	.0	.0	
57.9	52.6	5.5	183.8	197.4	98.0	.0	.0	
56.5	43.1	12.0	261.3	334.6	47.0	10.0	.0	
51.4	29.3	12.9	247.5	416.8	2.0	.0	.0	
48.4	32.9	8.9	203.8	399.1	6.0	.0	.0	
54.7	38.3	7.0	185.0	402.7	20.0	.0	.0	
59.7	44.4	7.5	161.3	394.7	13.0	.0	.0	
63.9	53.4	13.6	168.8	273.3	70.0	20.0	.0	
47.2	43.9	10.4	283.8	169.3	98.0	2.0	.0	
40.7	34.9	6.8	275.0	188.4	88.0	.0	.0	
38.8	37.0	5.2	232.5	172.6	94.0	50.0	.0	
44.8	44.3	9.1	241.3	182.4	98.0	16.0	.0	
39.5	32.4	12.7	253.8	247.5	60.0	9.0	.0	
43.3	29.1	4.0	125.0	345.0	2.0	.0	.0	
46.7	36.2	4.8	188.8	344.1	38.0	.0	.0	
52.7	47.9	4.0	121.3	198.4	94.0	5.0	.0	
49.5	47.3	2.7	156.3	153.3	98.0	.0	.0	
49.2	43.6	3.4	180.0	267.8	65.0	.0	.0	
41.7	33.6	3.9	117.5	309.4	23.0	.0	.0	
41.5	32.5	3.6	147.5	349.4	15.0	.0	.0	
42.7	32.6	4.1	168.8	352.7	6.0	.0	.0	
42.5	35.5	7.2	222.5	262.2	38.0	.0	.0	
33.2	23.2	4.2	133.8	336.4	19.0	.0	.0	
42.3	27.9	5.6	181.3	209.4	71.0	.0	.0	
  11    30    1966
46.8	43.0	8.6	248.8	174.1	96.0	.0	.0	
51.5	46.4	10.9	168.8	150.8	98.0	41.0	.0	
29.6	20.0	12.7	273.8	191.0	77.0	.0	.0	
29.7	15.8	10.4	212.5	259.2	25.0	.0	.0	
36.0	26.3	6.7	175.0	161.6	73.0	17.0	.0	
36.6	28.5	5.8	172.5	222.1	61.0	.0	.0	
39.9	37.3	3.6	173.8	185.4	48.0	5.0	.0	
49.8	44.3	4.8	162.5	127.7	75.0	2.0	.0	
61.4	48.5	10.2	188.8	162.8	98.0	.0	.0	
59.0	53.7	10.1	192.5	135.5	98.0	28.0	.0	
48.9	43.3	5.9	180.0	262.7	60.0	.0	.0	
42.4	37.6	6.0	196.3	211.5	46.0	5.0	.0	
33.2	28.7	2.3	113.8	189.3	64.0	.0	.0	
35.0	26.1	5.0	201.3	295.1	2.0	.0	.0	
34.6	25.0	2.6	128.8	215.7	31.0	.0	.0	
37.7	29.1	4.4	100.0	201.9	54.0	.0	.0	
43.7	35.0	5.0	151.3	139.8	70.0	.0	.0	
55.2	46.7	11.4	248.8	103.3	83.0	2.0	.0	
34.9	27.9	7.5	261.3	129.5	76.0	.0	.0	
33.0	18.2	6.0	172.5	239.4	26.0	.0	.0	
35.6	19.5	6.2	161.3	275.6	15.0	.0	.0	
33.2	19.5	4.8	186.3	269.7	27.0	.0	.0	
36.0	22.8	2.2	121.3	256.8	46.0	.0	.0	
42.8	32.0	3.3	167.5	133.0	86.0	.0	.0	
51.6	43.5	7.5	215.0	100.1	94.0	7.0	.0	
48.3	40.6	7.1	211.3	227.3	64.0	2.0	.0	
52.1	45.7	6.8	122.5	189.1	80.0	37.0	.0	
35.1	34.7	11.5	306.3	105.3	98.0	81.0	.0	
26.3	22.0	13.0	241.3	141.4	98.0	.0	53.3	
28.3	25.4	12.4	263.8	156.1	98.0	.0	38.1	
  12    31    1966
32.9	24.5	8.4	203.8	182.9	98.0	.0	.0	
21.8	15.4	11.4	291.3	172.9	91.0	.0	10.2	
10.7	1.5	3.9	153.8	231.1	28.0	.0	.0	
16.6	3.3	3.7	135.0	212.9	38.0	.0	.0	
29.9	20.4	4.9	211.3	99.2	98.0	.0	35.6	
39.5	38.1	2.0	72.5	111.8	98.0	4.0	.0	
52.4	48.2	6.9	156.3	92.5	98.0	2.0	.0	
62.1	49.3	9.1	185.0	142.6	85.0	.0	.0	
61.3	49.6	8.6	182.5	181.6	41.0	.0	.0	
53.3	49.4	8.8	171.3	78.4	73.0	46.0	.0	
32.7	31.9	10.8	313.8	122.6	98.0	.0	.0	
28.5	23.9	6.7	260.0	152.0	73.0	.0	.0	
27.4	26.4	3.5	141.3	102.4	96.0	.0	58.4	
27.2	24.7	6.9	221.3	134.8	98.0	.0	.0	
27.7	21.9	5.3	186.3	206.1	37.0	.0	.0	
30.4	21.4	3.3	110.0	177.1	44.0	.0	.0	
38.0	24.0	5.6	177.5	172.6	53.0	.0	.0	
43.9	32.9	7.7	232.5	129.7	78.0	.0	.0	
34.1	28.5	6.7	157.5	113.9	90.0	.0	.0	
34.9	31.9	10.6	233.8	103.0	98.0	55.0	.0	
30.2	24.2	6.4	212.5	111.7	98.0	.0	.0	
33.7	28.6	5.6	243.8	113.3	98.0	.0	.0	
26.4	21.7	9.5	285.0	92.5	98.0	.0	27.9	
19.7	16.4	11.3	283.8	124.4	98.0	.0	63.5	
21.3	12.8	17.0	272.5	204.0	86.0	.0	5.1	
19.6	12.0	7.3	278.8	161.9	65.0	.0	.0	
18.5	11.5	2.6	96.3	192.0	59.0	.0	.0	
31.8	27.7	6.9	111.3	104.8	98.0	.0	134.6	
27.7	22.1	16.4	270.0	123.0	98.0	.0	15.2	
23.7	15.1	7.4	215.0	215.4	56.0	.0	.0	
25.5	18.9	3.7	191.3	101.8	95.0	.0	.0	
