   1    31    1968
24.5	20.0	8.4	102.5	130.9	96.0	.0	.0	
12.3	7.7	15.2	75.0	117.4	98.0	.0	2.5	
12.1	6.5	6.6	238.8	140.4	65.0	.0	.0	
20.5	8.6	16.0	223.8	265.8	2.0	.0	.0	
27.0	15.8	15.3	143.8	250.9	22.0	.0	.0	
2.7	-6.5	18.9	176.3	256.5	44.0	.0	2.5	
10.2	-3.6	16.9	188.8	249.2	52.0	.0	.0	
25.6	10.0	18.6	155.0	198.2	59.0	.0	.0	
23.1	13.6	10.3	116.3	241.5	50.0	.0	.0	
23.8	18.1	9.8	122.5	147.7	74.0	.0	.0	
28.4	24.2	16.2	255.0	122.9	92.0	.0	.0	
25.1	9.5	14.8	327.5	258.5	6.0	.0	.0	
20.3	3.0	11.1	283.8	264.5	5.0	.0	.0	
28.7	12.3	9.1	230.0	244.6	33.0	.0	.0	
28.9	15.9	6.9	258.8	257.9	2.0	.0	.0	
37.6	18.9	17.5	191.3	256.7	2.0	.0	.0	
36.9	26.6	14.3	217.5	179.5	71.0	.0	.0	
33.9	12.1	13.3	180.0	247.1	74.0	.0	.0	
34.2	12.5	10.1	233.8	180.4	38.0	.0	.0	
44.4	25.0	10.5	190.0	255.1	40.0	.0	.0	
41.2	28.6	5.9	246.3	185.4	80.0	.0	.0	
39.4	30.0	16.3	156.3	122.6	86.0	12.0	.0	
30.6	19.7	9.3	228.8	258.9	63.0	.0	.0	
46.6	27.5	11.7	223.8	240.2	64.0	.0	.0	
50.6	31.1	10.1	187.5	285.2	39.0	.0	.0	
35.5	33.5	10.5	167.5	106.8	83.0	.0	.0	
40.3	36.7	6.2	103.8	174.7	85.0	.0	.0	
52.7	45.9	13.7	197.5	248.1	56.0	.0	.0	
32.9	23.0	14.5	67.5	140.0	75.0	.0	.0	
33.0	22.9	11.2	196.3	317.1	14.0	.0	.0	
47.2	33.6	14.4	226.3	198.7	92.0	.0	.0	
   2    29    1968
39.1	14.1	19.2	327.5	310.6	13.0	.0	.0	
41.2	12.7	14.7	210.0	326.0	29.0	.0	.0	
46.2	19.5	12.8	261.3	318.2	79.0	.0	.0	
36.5	22.6	14.0	262.5	307.1	72.0	.0	.0	
35.9	25.5	8.0	190.0	318.5	31.0	.0	.0	
35.1	18.5	18.0	238.8	323.8	22.0	.0	.0	
28.8	10.5	4.1	183.8	336.5	21.0	.0	.0	
35.0	15.6	9.5	268.8	290.6	74.0	.0	.0	
36.4	16.2	9.8	288.8	350.0	15.0	.0	.0	
36.7	14.1	14.3	206.3	356.7	2.0	.0	.0	
27.0	12.3	10.3	138.8	348.0	17.0	.0	.0	
21.8	12.9	14.1	43.8	155.6	98.0	.0	20.3	
16.3	4.1	7.2	148.8	284.6	81.0	.0	.0	
22.6	16.0	11.5	182.5	205.1	98.0	.0	2.5	
30.6	19.4	9.3	265.0	362.2	43.0	.0	.0	
34.5	16.3	12.2	247.5	341.2	43.0	.0	.0	
23.4	4.6	12.7	106.3	364.6	75.0	.0	.0	
28.9	17.9	12.6	176.3	184.8	83.0	.0	.0	
47.1	23.9	12.7	256.3	361.0	45.0	.0	.0	
35.6	20.3	15.1	122.5	348.0	68.0	7.0	.0	
15.1	3.7	12.8	93.8	353.5	96.0	.0	25.4	
19.1	11.8	9.8	133.8	240.9	98.0	.0	5.1	
25.1	19.4	11.9	180.0	307.4	79.0	.0	17.8	
40.3	30.6	10.4	183.8	403.8	53.0	1.0	.0	
45.5	28.3	14.1	320.0	410.0	22.0	.0	.0	
42.9	26.4	13.4	251.3	388.9	24.0	.0	.0	
35.1	29.0	10.7	192.5	200.8	71.0	5.0	.0	
33.3	17.8	17.7	253.8	250.7	70.0	.0	.0	
30.4	7.9	10.8	241.3	440.5	4.0	.0	.0	
   3    31    1968
51.1	20.9	10.8	226.3	451.1	2.0	.0	.0	
33.1	18.1	16.0	25.0	235.2	52.0	.0	.0	
25.5	.1	10.1	272.5	477.2	12.0	.0	.0	
44.6	11.4	12.0	238.8	470.1	2.0	.0	.0	
48.5	20.6	9.4	175.0	304.5	78.0	.0	.0	
48.5	26.1	12.0	148.8	369.5	90.0	.0	.0	
49.9	40.5	20.0	176.3	221.7	88.0	.0	.0	
56.2	23.0	13.5	250.0	407.5	58.0	.0	.0	
45.9	32.5	17.7	57.5	223.0	98.0	19.0	.0	
35.8	26.1	18.1	41.3	204.4	98.0	4.0	.0	
32.5	14.1	23.0	17.5	222.9	84.0	3.0	.0	
32.0	14.9	10.4	258.8	494.6	25.0	.0	.0	
44.9	25.5	19.4	177.5	382.7	83.0	.0	.0	
54.2	26.8	13.3	210.0	432.4	81.0	.0	.0	
51.9	22.0	13.3	307.5	513.7	23.0	.0	.0	
53.8	19.9	15.5	196.3	352.1	62.0	.0	.0	
60.4	39.1	26.8	177.5	462.6	79.0	.0	.0	
57.9	32.1	15.3	208.8	270.1	88.0	.0	.0	
44.2	20.1	18.1	58.8	525.5	27.0	.0	.0	
33.4	16.5	20.6	55.0	199.0	85.0	.0	.0	
31.6	9.1	14.4	252.5	527.1	34.0	.0	.0	
28.2	7.8	16.9	140.0	447.0	50.0	.0	.0	
38.4	7.7	10.1	192.5	543.7	46.0	.0	.0	
51.0	27.6	17.3	177.5	406.2	49.0	.0	.0	
59.2	27.2	10.7	248.8	485.7	47.0	.0	.0	
64.5	42.1	19.6	171.3	500.1	31.0	.0	.0	
57.1	14.7	12.4	285.0	522.1	56.0	.0	.0	
64.8	27.8	12.4	217.5	554.3	3.0	.0	.0	
64.4	30.9	10.2	163.8	543.3	38.0	.0	.0	
66.7	42.3	15.1	182.5	559.0	54.0	.0	.0	
46.4	16.8	19.5	47.5	555.9	31.0	.0	.0	
   4    30    1968
47.6	26.1	13.8	152.5	498.8	72.0	.0	.0	
56.1	45.9	18.6	166.3	494.3	75.0	37.0	.0	
39.8	21.6	25.2	278.8	551.1	50.0	.0	.0	
33.0	3.7	18.1	268.8	607.3	47.0	.0	.0	
43.2	14.5	16.1	162.5	591.8	7.0	.0	.0	
58.4	30.5	23.3	177.5	578.0	58.0	.0	.0	
53.2	22.3	18.0	310.0	567.6	59.0	.0	.0	
46.2	14.9	10.4	258.8	568.7	46.0	.0	.0	
53.2	19.0	7.4	210.0	517.3	52.0	.0	.0	
58.1	21.9	9.8	221.3	606.3	3.0	.0	.0	
64.8	33.0	19.3	205.0	585.1	40.0	.0	.0	
64.3	46.9	20.2	178.8	556.7	96.0	.0	.0	
62.4	44.6	16.6	207.5	505.1	69.0	.0	.0	
50.1	16.9	12.8	245.0	655.3	2.0	.0	.0	
63.8	29.9	18.0	197.5	578.1	31.0	.0	.0	
69.7	33.6	13.5	200.0	528.8	44.0	.0	.0	
55.1	31.5	19.6	17.5	573.8	38.0	.0	.0	
44.3	31.6	15.6	35.0	261.6	98.0	3.0	.0	
54.3	38.2	15.1	185.0	332.7	65.0	1.0	.0	
59.5	24.9	15.3	251.3	656.3	2.0	.0	.0	
60.2	34.1	15.0	167.5	355.0	40.0	10.0	.0	
45.8	31.0	21.0	345.0	321.7	75.0	2.0	.0	
47.8	13.4	19.5	320.0	679.7	2.0	.0	.0	
55.4	17.2	12.4	227.5	690.9	12.0	.0	.0	
51.9	24.3	18.5	180.0	562.6	52.0	.0	.0	
52.6	35.3	6.5	230.0	507.1	90.0	4.0	.0	
49.9	45.3	8.5	121.3	353.8	98.0	36.0	.0	
52.2	36.9	7.2	198.8	473.8	68.0	.0	.0	
60.8	33.7	9.8	255.0	682.3	2.0	.0	.0	
67.6	33.4	10.4	252.5	695.8	2.0	.0	.0	
   5    31    1968
72.3	31.2	11.9	202.5	695.2	6.0	.0	.0	
75.4	32.2	10.7	222.5	637.5	45.0	.0	.0	
61.9	33.5	15.2	43.8	601.3	78.0	.0	.0	
62.8	33.6	12.2	166.3	653.8	32.0	.0	.0	
58.8	42.4	16.7	138.8	407.8	69.0	48.0	.0	
61.3	55.6	23.1	161.3	361.4	84.0	107.0	.0	
53.7	32.8	15.3	266.3	720.9	22.0	.0	.0	
59.0	38.0	13.0	120.0	539.5	71.0	.0	.0	
46.4	40.6	11.4	52.5	255.3	97.0	31.0	.0	
50.8	48.9	10.7	62.5	274.4	98.0	80.0	.0	
48.2	42.8	13.4	107.5	453.6	80.0	7.0	.0	
53.0	48.0	12.0	170.0	293.0	97.0	3.0	.0	
61.1	54.3	14.8	173.8	476.7	60.0	6.0	.0	
68.4	40.4	13.1	211.3	678.4	51.0	.0	.0	
65.4	35.8	16.5	257.5	738.1	5.0	.0	.0	
55.7	38.6	12.8	175.0	620.5	40.0	10.0	.0	
54.8	38.4	12.1	303.8	712.8	41.0	6.0	.0	
57.2	32.6	16.6	276.3	664.1	26.0	.0	.0	
52.7	33.9	9.3	257.5	729.6	11.0	.0	.0	
44.5	38.9	6.5	77.5	282.2	91.0	24.0	.0	
46.4	44.8	11.2	132.5	279.7	98.0	31.0	.0	
55.8	54.4	14.1	100.0	347.7	98.0	15.0	.0	
50.4	48.9	14.2	153.8	224.8	98.0	5.0	.0	
51.9	51.3	12.8	86.3	306.3	98.0	2.0	.0	
54.4	48.9	12.4	300.0	428.5	87.0	17.0	.0	
56.0	43.3	9.2	256.3	543.0	73.0	.0	.0	
61.3	44.3	12.7	257.5	626.8	41.0	1.0	.0	
65.6	41.7	11.7	287.5	662.7	20.0	.0	.0	
71.8	47.3	10.8	96.3	743.9	25.0	.0	.0	
73.0	56.1	13.9	140.0	707.9	39.0	.0	.0	
68.6	58.2	10.0	146.3	468.3	90.0	.0	.0	
   6    30    1968
67.0	49.8	11.0	121.3	645.1	75.0	.0	.0	
71.6	47.2	12.2	203.8	745.4	4.0	.0	.0	
74.6	50.1	12.2	178.8	692.7	50.0	.0	.0	
74.2	57.0	15.9	172.5	638.4	87.0	.0	.0	
73.6	56.1	17.7	160.0	723.3	51.0	.0	.0	
75.8	62.5	18.6	151.3	657.8	66.0	.0	.0	
79.7	60.5	15.9	170.0	719.8	74.0	2.0	.0	
74.2	60.5	13.0	167.5	473.0	98.0	52.0	.0	
68.1	59.1	11.7	170.0	372.9	98.0	9.0	.0	
70.0	53.5	14.7	207.5	702.3	38.0	8.0	.0	
70.9	51.8	8.3	280.0	752.4	2.0	.0	.0	
76.3	56.1	9.2	152.5	739.1	4.0	.0	.0	
80.8	61.9	17.2	160.0	682.1	25.0	.0	.0	
75.3	59.5	16.1	105.0	718.0	15.0	.0	.0	
68.6	62.6	15.6	75.0	581.3	83.0	177.0	.0	
66.6	63.6	10.4	143.8	463.3	83.0	71.0	.0	
70.0	61.3	12.1	166.3	631.9	63.0	.0	.0	
76.8	63.2	16.7	180.0	701.0	65.0	101.0	.0	
76.4	63.0	8.4	141.3	717.5	33.0	5.0	.0	
80.1	63.4	15.8	173.8	722.1	30.0	.0	.0	
78.5	63.5	9.1	192.5	679.9	23.0	.0	.0	
80.3	62.1	14.7	168.8	716.2	41.0	.0	.0	
79.1	64.1	20.0	171.3	717.7	18.0	.0	.0	
75.9	65.0	16.7	161.3	708.3	31.0	2.0	.0	
65.0	55.3	16.7	331.3	608.6	59.0	51.0	.0	
60.2	45.0	11.8	253.8	731.0	16.0	.0	.0	
72.2	51.8	8.2	133.8	735.5	4.0	.0	.0	
86.5	57.6	17.0	178.8	721.4	5.0	.0	.0	
88.4	59.8	20.9	176.3	719.3	21.0	.0	.0	
75.0	43.1	16.0	217.5	726.9	20.0	.0	.0	
   7    31    1968
67.7	52.1	12.0	56.3	569.2	56.0	9.0	.0	
67.4	51.0	11.6	78.8	612.8	71.0	.0	.0	
71.0	50.5	10.5	150.0	717.9	48.0	.0	.0	
69.1	59.8	10.3	150.0	616.1	71.0	241.0	.0	
71.0	60.0	7.5	158.8	559.8	98.0	.0	.0	
68.5	55.6	10.9	183.8	376.2	94.0	.0	.0	
75.6	59.2	13.7	171.3	704.0	37.0	.0	.0	
77.9	60.4	10.0	167.5	658.1	50.0	86.0	.0	
76.6	61.6	7.5	122.5	686.7	59.0	.0	.0	
75.6	62.1	9.6	158.8	331.3	95.0	.0	.0	
79.8	61.5	13.0	191.3	649.1	69.0	.0	.0	
77.3	62.5	12.7	155.0	631.9	78.0	.0	.0	
79.3	64.1	12.4	158.8	697.9	45.0	.0	.0	
78.6	66.0	13.8	160.0	653.7	43.0	.0	.0	
77.3	65.5	17.0	158.8	581.2	57.0	.0	.0	
84.9	62.9	19.4	180.0	630.7	53.0	.0	.0	
81.2	63.9	11.5	141.3	659.3	40.0	.0	.0	
80.3	61.1	8.2	135.0	600.9	68.0	.0	.0	
79.8	62.4	9.2	142.5	692.9	45.0	.0	.0	
80.9	61.5	12.1	161.3	699.4	15.0	.0	.0	
84.7	61.7	12.1	166.3	682.9	22.0	.0	.0	
86.1	62.2	11.0	161.3	601.7	32.0	.0	.0	
88.0	59.2	13.0	175.0	658.5	81.0	.0	.0	
77.3	66.9	10.8	187.5	313.3	98.0	.0	.0	
73.4	66.3	11.1	120.0	359.7	95.0	16.0	.0	
82.1	60.8	10.4	181.3	586.8	47.0	.0	.0	
77.0	63.5	11.1	108.8	519.0	62.0	46.0	.0	
70.5	65.1	9.2	151.3	319.0	88.0	7.0	.0	
74.2	65.0	11.2	146.3	422.4	65.0	.0	.0	
85.3	59.1	15.7	185.0	661.9	41.0	.0	.0	
68.3	52.5	14.7	95.0	480.1	92.0	3.0	.0	
   8    31    1968
70.6	58.5	10.2	126.3	462.1	98.0	5.0	.0	
81.9	59.7	12.0	177.5	548.5	81.0	49.0	.0	
84.5	55.7	13.1	193.8	674.1	21.0	.0	.0	
85.4	57.5	12.1	187.5	601.6	63.0	.0	.0	
86.1	57.1	12.6	183.8	660.2	51.0	.0	.0	
87.4	58.9	13.7	180.0	661.1	10.0	.0	.0	
89.5	58.6	11.7	180.0	668.0	11.0	.0	.0	
87.2	59.2	8.9	156.3	588.3	66.0	50.0	.0	
82.4	62.4	12.6	248.8	622.8	55.0	2.0	.0	
64.2	60.5	14.7	265.0	227.8	98.0	14.0	.0	
63.6	53.4	8.7	98.8	380.6	84.0	.0	.0	
73.2	59.6	7.7	172.5	519.4	83.0	.0	.0	
77.9	62.4	7.6	118.8	598.2	49.0	.0	.0	
76.5	63.9	12.3	138.8	498.3	73.0	.0	.0	
81.9	61.1	16.7	192.5	628.9	30.0	.0	.0	
80.3	57.2	10.8	213.8	582.3	56.0	.0	.0	
68.3	62.8	12.8	141.3	222.3	88.0	24.0	.0	
78.0	63.1	17.7	186.3	553.5	37.0	.0	.0	
84.0	60.1	16.0	191.3	632.6	6.0	.0	.0	
83.7	60.4	18.0	173.8	622.8	28.0	.0	.0	
84.8	60.9	18.1	175.0	589.6	6.0	.0	.0	
85.5	57.9	15.1	181.3	615.4	2.0	.0	.0	
81.4	52.1	11.7	167.5	517.5	36.0	.0	.0	
73.5	40.3	10.0	78.8	593.6	25.0	.0	.0	
76.4	56.6	10.3	171.3	551.0	24.0	.0	.0	
78.6	61.4	12.4	163.8	553.5	63.0	.0	.0	
74.1	62.4	14.7	162.5	340.3	80.0	2.0	.0	
63.5	60.4	14.8	150.0	226.7	98.0	307.0	.0	
63.4	60.4	11.1	135.0	279.8	98.0	170.0	.0	
65.7	52.7	7.8	233.8	587.7	29.0	1.0	.0	
65.4	52.1	11.1	322.5	610.5	18.0	7.0	.0	
   9    30    1968
69.3	54.6	11.8	195.0	593.3	5.0	.0	.0	
75.4	54.0	15.7	186.3	594.9	16.0	.0	.0	
62.6	55.4	15.0	213.8	256.8	93.0	9.0	.0	
59.7	47.1	8.7	266.3	468.7	62.0	4.0	.0	
62.0	48.2	7.9	176.3	564.6	10.0	.0	.0	
70.7	51.9	14.1	182.5	509.1	40.0	.0	.0	
75.3	54.5	14.7	187.5	563.2	32.0	.0	.0	
68.0	47.1	17.0	312.5	532.0	24.0	.0	.0	
60.5	46.9	9.7	232.5	560.2	3.0	.0	.0	
65.5	46.7	6.9	155.0	558.4	16.0	.0	.0	
68.6	46.5	13.4	152.5	549.7	25.0	.0	.0	
71.2	48.2	14.7	158.8	546.7	3.0	.0	.0	
72.5	46.1	15.7	173.8	545.6	2.0	.0	.0	
70.2	51.5	16.0	170.0	542.7	3.0	.0	.0	
69.2	59.9	18.2	156.3	400.3	63.0	.0	.0	
63.8	43.6	15.7	308.8	434.4	78.0	.0	.0	
59.7	34.3	14.4	296.3	507.1	19.0	.0	.0	
68.3	38.2	12.0	233.8	499.4	65.0	.0	.0	
72.2	45.9	9.4	120.0	516.9	2.0	.0	.0	
72.2	53.8	13.1	140.0	482.6	15.0	.0	.0	
76.8	60.8	17.1	161.3	495.8	27.0	.0	.0	
77.7	61.3	16.7	178.8	497.1	21.0	.0	.0	
65.2	58.5	11.0	152.5	294.4	79.0	10.0	.0	
63.8	43.1	9.5	170.0	443.7	50.0	.0	.0	
67.0	43.3	10.8	205.0	493.2	2.0	.0	.0	
67.7	42.5	6.5	156.3	494.2	6.0	.0	.0	
71.4	43.4	12.9	170.0	481.5	10.0	.0	.0	
70.7	41.6	15.3	168.8	466.5	43.0	.0	.0	
67.0	48.1	10.4	186.3	422.9	50.0	.0	.0	
70.7	47.5	15.6	188.8	431.8	53.0	.0	.0	
  10    31    1968
74.4	45.5	11.7	243.8	408.0	87.0	.0	.0	
60.6	39.1	15.4	130.0	433.9	62.0	.0	.0	
49.2	29.5	7.9	180.0	351.3	30.0	.0	.0	
53.8	35.6	16.6	167.5	370.6	56.0	.0	.0	
58.1	45.5	14.0	253.8	320.8	60.0	.0	.0	
58.5	37.1	11.7	167.5	447.5	3.0	.0	.0	
69.9	50.5	19.2	177.5	389.8	72.0	.0	.0	
66.6	53.0	17.1	260.0	404.3	64.0	3.0	.0	
50.8	31.9	11.4	258.8	447.5	25.0	.0	.0	
54.9	36.3	15.0	166.3	345.6	55.0	.0	.0	
65.4	51.1	13.6	163.8	404.0	20.0	.0	.0	
69.0	60.1	13.3	161.3	363.9	62.0	.0	.0	
73.5	48.3	9.1	210.0	405.1	45.0	.0	.0	
75.7	49.5	16.0	186.3	413.5	8.0	.0	.0	
71.4	59.5	20.2	177.5	327.4	60.0	238.0	.0	
50.3	47.2	21.6	297.5	162.9	98.0	247.0	.0	
44.3	33.3	15.8	287.5	355.7	23.0	.0	.0	
49.0	30.6	9.7	228.8	408.6	13.0	.0	.0	
53.4	36.1	8.7	252.5	384.5	29.0	.0	.0	
52.3	39.6	9.7	216.3	360.9	56.0	.0	.0	
56.7	41.7	13.2	282.5	350.5	34.0	.0	.0	
50.8	33.2	10.7	237.5	372.3	41.0	.0	.0	
49.4	35.7	12.4	303.8	220.8	60.0	.0	.0	
46.0	32.7	9.4	260.0	348.9	67.0	.0	.0	
55.7	38.8	8.9	237.5	370.7	7.0	.0	.0	
59.7	40.0	14.7	248.8	334.9	47.0	.0	.0	
47.8	22.0	14.7	313.8	351.4	30.0	.0	.0	
48.0	25.3	10.1	213.8	340.2	72.0	.0	.0	
63.4	29.5	8.9	226.3	360.9	17.0	.0	.0	
67.9	33.7	14.4	186.3	356.9	2.0	.0	.0	
61.6	36.4	11.5	266.3	298.9	49.0	.0	.0	
  11    30    1968
52.8	37.3	10.8	80.0	282.9	64.0	.0	.0	
45.4	42.0	14.8	98.8	142.4	98.0	56.0	.0	
44.3	39.0	8.2	228.8	230.6	96.0	.0	.0	
48.9	41.7	13.3	143.8	314.3	86.0	.0	.0	
45.9	43.1	15.4	217.5	141.7	98.0	10.0	.0	
37.8	32.9	15.4	352.5	154.8	98.0	.0	.0	
36.3	28.4	8.1	231.3	311.6	69.0	.0	.0	
35.0	33.1	7.2	128.8	118.0	98.0	.0	.0	
39.5	37.0	12.0	175.0	155.1	89.0	.0	.0	
37.1	28.4	19.9	340.0	237.7	60.0	16.0	.0	
30.8	23.0	8.8	192.5	322.2	6.0	.0	.0	
37.2	29.3	15.7	150.0	248.7	54.0	.0	.0	
38.0	32.0	9.8	245.0	226.1	75.0	.0	.0	
35.5	33.9	9.4	248.8	134.5	97.0	57.0	.0	
36.2	34.1	10.0	57.5	156.0	98.0	.0	.0	
38.4	35.0	7.2	218.8	152.8	98.0	2.0	.0	
35.8	21.1	16.9	322.5	284.0	39.0	.0	.0	
30.6	17.6	9.7	262.5	288.7	2.0	.0	.0	
31.8	23.5	6.6	240.0	169.3	46.0	.0	.0	
42.8	33.7	9.4	226.3	272.6	46.0	.0	.0	
48.0	33.6	10.2	155.0	273.2	25.0	.0	.0	
50.2	36.5	10.2	200.0	277.9	8.0	.0	.0	
44.9	28.8	14.7	308.8	162.2	43.0	.0	.0	
43.2	23.9	10.0	240.0	282.1	36.0	.0	.0	
49.6	30.5	16.3	217.5	130.7	98.0	.0	.0	
36.7	25.8	17.1	305.0	109.2	83.0	.0	.0	
30.9	22.5	8.1	255.0	224.5	60.0	.0	.0	
35.3	24.1	14.5	331.3	245.6	70.0	.0	.0	
32.3	21.6	10.8	221.3	261.4	10.0	.0	.0	
34.6	23.8	15.4	166.3	227.8	40.0	.0	.0	
  12    31    1968
37.3	24.7	11.0	222.5	250.3	53.0	.0	.0	
33.9	21.5	10.8	267.5	223.4	51.0	.0	.0	
32.9	11.5	13.7	286.3	260.9	29.0	.0	.0	
43.0	13.8	13.1	212.5	232.1	67.0	.0	.0	
28.9	5.0	12.7	230.0	220.6	58.0	.0	.0	
34.1	13.4	12.1	187.5	251.5	26.0	.0	.0	
25.6	10.1	10.7	270.0	255.7	48.0	.0	.0	
32.3	18.6	18.1	168.8	192.5	74.0	.0	.0	
37.5	21.3	7.7	187.5	245.0	40.0	.0	.0	
41.7	23.0	14.5	205.0	194.7	74.0	.0	.0	
47.8	27.1	19.7	193.8	187.2	78.0	.0	.0	
39.1	27.4	18.7	273.8	117.8	47.0	2.0	.0	
25.0	12.3	15.4	315.0	234.1	18.0	.0	.0	
20.8	8.8	8.9	88.8	206.5	50.0	.0	.0	
21.4	7.2	10.7	151.3	128.6	80.0	.0	.0	
27.5	16.4	7.8	180.0	189.2	79.0	.0	.0	
31.1	28.9	10.2	133.8	218.7	86.0	.0	.0	
28.3	26.1	18.7	200.0	121.7	84.0	.0	53.3	
24.5	15.8	11.7	241.3	252.1	11.0	.0	.0	
18.6	17.0	11.4	68.8	178.4	68.0	.0	.0	
20.9	20.1	10.1	100.0	126.6	94.0	.0	12.7	
15.7	10.0	19.5	311.3	262.4	5.0	.0	.0	
14.8	8.1	7.7	196.3	235.8	52.0	.0	.0	
22.2	17.0	14.1	145.0	246.7	47.0	.0	.0	
20.6	17.9	6.7	77.5	198.5	77.0	.0	.0	
30.1	28.6	7.0	113.8	116.1	98.0	.0	33.0	
24.2	22.1	18.5	260.0	127.5	79.0	.0	2.5	
25.1	20.5	8.5	231.3	205.5	24.0	.0	.0	
20.4	18.1	14.4	115.0	136.4	58.0	.0	.0	
3.7	-1.4	16.7	270.0	218.4	55.0	.0	2.5	
9.4	.3	11.5	238.8	262.9	12.0	.0	.0	
