1 31 1991
29.4	20.1	9.0	189.0	192.7	.0	.0	.0	
17.1	13.6	15.4	42.6	85.0	71.7	.0	.0	
14.6	9.1	10.3	59.8	68.1	100.0	.0	.0	
18.1	15.0	12.1	152.2	68.4	99.6	.0	.0	
24.2	22.4	10.2	151.4	68.8	100.0	.0	.0	
17.4	14.4	10.1	32.2	69.2	100.0	.0	.0	
17.0	10.3	7.6	137.0	69.6	90.8	.0	.0	
26.7	25.1	7.3	86.2	70.1	100.0	.0	.0	
23.5	22.5	7.0	82.2	70.6	100.0	.0	.0	
23.0	21.3	4.9	110.6	71.1	97.5	.0	40.0	
29.0	23.0	12.0	311.4	204.5	21.2	.0	.0	
33.0	24.4	10.9	215.8	204.2	2.9	.0	.0	
41.4	29.1	10.6	225.0	99.4	58.8	.0	.0	
40.5	30.0	12.6	260.6	73.4	87.5	.0	.0	
37.2	26.9	10.3	301.8	211.5	8.8	.0	.0	
35.9	26.8	9.8	276.2	188.1	37.5	.0	.0	
35.4	23.5	10.3	263.8	197.2	15.8	.0	.0	
36.3	21.9	10.9	226.6	217.5	.0	.0	.0	
36.6	27.8	16.9	157.4	199.8	38.3	.0	.0	
26.7	18.9	18.2	305.8	207.3	37.5	.0	10.0	
23.8	14.3	9.8	275.4	179.7	37.5	.0	.0	
30.4	19.7	12.0	231.0	198.4	30.4	.0	.0	
30.2	20.7	9.6	195.0	123.5	50.0	.0	.0	
31.2	22.5	12.0	159.4	99.6	73.8	.0	.0	
23.0	13.6	16.2	185.4	160.5	33.3	.0	.0	
22.6	10.6	11.3	193.0	236.4	1.2	.0	.0	
29.1	12.3	10.7	231.4	234.7	30.0	.0	.0	
31.2	18.4	11.8	139.8	235.8	19.6	.0	.0	
12.2	8.5	19.5	148.6	85.6	76.2	.0	.0	
22.9	9.9	9.1	237.8	247.6	.0	.0	.0	
37.4	16.5	10.4	196.6	243.0	24.2	.0	.0	
2 28 1991
44.9	17.0	14.1	197.4	112.5	82.9	.0	.0	
45.8	23.1	17.5	183.4	89.6	92.5	.0	.0	
45.3	28.0	15.1	214.2	136.4	64.6	.0	.0	
42.4	26.3	15.1	184.6	168.1	48.3	.0	.0	
43.3	24.4	7.7	176.2	265.7	1.7	.0	.0	
47.5	22.9	9.0	288.2	269.1	.0	.0	.0	
40.5	25.7	10.4	195.8	255.3	6.7	.0	.0	
46.7	25.2	12.9	195.4	255.9	10.8	.0	.0	
46.1	27.5	13.4	194.2	176.2	52.1	.0	.0	
39.5	23.4	10.7	226.2	283.3	.4	.0	.0	
50.3	21.1	9.6	199.0	287.0	.0	.0	.0	
50.0	27.2	11.7	229.4	134.2	54.6	.0	.0	
49.6	21.8	22.9	311.0	210.9	30.8	.0	.0	
37.2	17.9	21.8	277.0	143.2	43.3	.0	.0	
25.7	-1.5	14.2	251.4	239.1	23.8	.0	.0	
45.9	16.6	20.8	186.6	159.1	55.4	.0	.0	
46.5	29.2	11.1	156.2	212.5	63.8	.0	.0	
38.2	26.8	18.5	324.6	251.8	41.7	.0	.0	
34.2	18.5	12.8	266.6	317.9	1.7	.0	.0	
48.5	16.7	13.0	223.4	322.3	.4	.0	.0	
52.6	18.8	12.5	151.8	326.6	.0	.0	.0	
44.2	25.9	15.0	86.6	286.4	20.0	.0	.0	
44.4	24.1	19.6	121.8	117.3	99.2	.0	.0	
33.1	19.1	14.2	127.4	146.9	97.1	.0	.0	
31.7	16.0	13.1	272.6	313.2	34.2	.0	.0	
35.6	17.7	15.4	272.2	343.5	7.5	.0	.0	
42.4	15.7	12.6	161.4	349.6	25.0	.0	.0	
51.8	21.8	14.9	180.2	158.5	80.4	.0	.0	
3 31 1991
50.8	37.3	19.7	194.2	243.6	68.8	.0	.0	
24.1	19.3	21.4	189.8	127.9	97.9	.0	.0	
42.7	22.8	10.6	252.2	364.3	20.4	.0	.0	
57.9	20.8	14.5	253.0	304.1	62.5	.0	.0	
61.4	27.9	18.9	267.4	186.0	83.3	.0	.0	
38.7	22.6	16.3	223.8	147.9	67.9	.0	.0	
36.8	13.7	11.5	162.6	149.0	80.0	.0	.0	
38.5	15.3	11.8	271.8	387.6	3.3	.0	.0	
41.4	11.2	10.7	227.8	396.8	8.8	.0	.0	
54.7	23.7	25.3	190.6	144.7	72.5	.0	.0	
61.4	30.4	17.7	198.6	157.3	53.3	.0	.0	
44.5	26.8	35.9	304.6	158.5	60.4	.0	.0	
35.2	23.5	22.9	295.0	166.1	78.8	.0	.0	
32.1	19.8	10.6	73.0	191.9	91.7	.0	.0	
31.3	29.8	12.0	116.6	148.5	100.0	.0	100.0	
34.2	33.7	13.4	102.2	150.1	100.0	55.1	.0	
39.2	34.8	14.9	280.2	230.8	61.2	11.8	.0	
46.3	34.0	12.4	146.6	368.5	12.5	.0	.0	
48.3	37.1	18.3	110.2	161.5	62.1	.0	.0	
57.0	25.3	20.5	217.8	438.2	8.3	.0	.0	
56.2	24.1	17.7	225.4	373.1	29.6	.0	.0	
46.5	31.2	19.2	250.2	355.6	22.9	.0	.0	
52.8	25.4	16.3	257.0	461.4	.0	.0	.0	
59.3	24.8	14.9	178.6	354.7	40.4	.0	.0	
65.8	32.7	18.9	182.6	197.2	74.2	.0	.0	
65.6	35.5	19.5	192.6	166.8	71.2	.0	.0	
48.7	21.0	25.9	235.4	436.3	30.0	.0	.0	
43.9	30.2	8.8	117.0	171.8	87.5	.0	.0	
40.7	23.7	12.2	79.0	366.5	51.7	.0	.0	
40.6	23.3	13.5	199.8	464.3	39.2	.0	.0	
51.9	24.9	11.2	234.6	497.5	.0	.0	.0	
4 30 1991
58.8	26.9	17.2	181.4	469.8	20.4	.0	.0	
54.7	41.4	23.1	152.6	319.5	82.1	7.9	.0	
52.0	46.6	11.9	185.4	195.7	78.8	.0	.0	
59.5	40.9	11.4	226.6	496.4	13.8	.0	.0	
66.7	38.4	15.3	189.0	516.8	6.2	.0	.0	
68.1	40.0	21.8	181.8	521.9	6.2	.0	.0	
68.0	47.0	20.1	175.4	525.1	27.9	.0	.0	
58.9	36.0	18.8	315.0	526.6	38.8	11.8	.0	
51.7	23.1	15.7	276.6	536.3	17.1	.0	.0	
55.6	27.2	28.4	144.2	293.9	40.4	.0	.0	
70.7	44.4	28.7	165.8	482.4	38.8	.0	.0	
64.5	45.1	17.9	214.6	485.9	45.8	.0	.0	
48.3	24.4	16.6	251.8	505.5	29.6	.0	.0	
47.7	28.9	8.6	83.8	331.9	61.2	.0	.0	
59.1	30.3	17.0	174.6	551.0	18.8	.0	.0	
59.1	30.7	14.4	145.8	245.5	70.4	.0	.0	
49.2	41.9	12.9	136.6	200.0	82.5	.0	.0	
54.1	49.4	13.1	209.4	200.2	100.0	.0	.0	
47.9	41.9	12.8	89.4	227.4	83.8	.0	.0	
43.5	37.5	6.9	157.8	202.8	96.2	.0	.0	
44.0	42.2	17.0	122.2	204.0	100.0	27.6	.0	
51.8	39.6	9.6	239.0	433.5	56.2	3.9	.0	
56.5	39.3	12.7	173.8	381.4	69.2	.0	.0	
50.4	44.4	14.7	143.4	207.7	90.4	19.7	.0	
53.3	50.4	18.3	153.8	212.9	99.6	.0	.0	
64.9	38.7	22.5	227.4	379.8	50.0	.0	.0	
54.6	24.9	12.7	179.8	449.1	42.9	.0	.0	
54.6	42.2	17.6	213.4	415.7	83.3	11.8	.0	
51.8	34.8	19.8	261.8	453.9	70.4	23.6	.0	
46.6	36.5	14.8	127.4	370.1	43.3	.0	.0	
5 31 1991
55.1	33.0	14.1	189.8	616.7	.0	.0	.0	
61.7	50.1	22.7	153.4	426.9	52.1	.0	.0	
61.0	50.4	14.6	209.0	497.5	32.5	.0	.0	
41.9	40.0	19.5	153.0	219.0	93.8	.0	.0	
48.7	33.7	15.6	301.8	516.6	47.1	.0	.0	
61.5	35.4	15.5	215.8	329.6	67.9	.0	.0	
63.1	43.6	18.8	157.4	272.0	95.0	.0	.0	
59.8	50.5	12.4	145.8	512.3	49.2	.0	.0	
66.2	54.8	22.4	157.0	573.3	42.9	.0	.0	
67.9	60.4	21.6	153.0	235.5	99.2	.0	.0	
72.4	63.8	19.9	157.4	274.8	84.2	3.9	.0	
79.3	55.5	16.8	180.6	525.4	49.2	.0	.0	
77.8	56.2	10.1	124.6	465.3	63.3	.0	.0	
74.1	56.0	16.7	154.2	441.3	66.7	.0	.0	
68.9	59.5	21.3	146.2	408.8	78.8	55.1	.0	
66.4	54.5	15.7	189.8	366.4	66.7	.0	.0	
65.9	48.8	11.6	234.6	656.4	12.9	.0	.0	
68.6	57.1	15.1	83.0	491.6	34.6	.0	.0	
67.5	60.3	11.9	102.2	236.4	68.8	.0	.0	
69.9	58.6	13.6	132.6	422.0	74.2	.0	.0	
71.2	62.5	15.0	173.0	385.1	82.1	11.8	.0	
69.8	61.6	16.3	176.2	365.9	75.4	23.6	.0	
68.4	60.9	13.8	167.0	341.2	82.5	.0	.0	
68.1	55.6	8.1	169.0	446.8	84.2	55.1	.0	
66.3	55.0	6.6	195.0	477.2	60.0	.0	.0	
72.5	60.2	11.6	120.6	514.8	48.3	.0	.0	
81.2	57.5	17.2	187.0	675.5	3.8	.0	.0	
80.2	56.2	22.5	177.0	560.7	48.3	.0	.0	
76.0	58.2	18.4	177.8	466.9	85.0	55.1	.0	
75.6	61.7	22.5	165.0	495.2	62.9	.0	.0	
80.5	62.7	22.5	167.0	494.8	53.3	.0	.0	
6 30 1991
68.9	61.2	14.7	167.4	243.3	91.2	15.7	.0	
68.9	57.6	12.8	167.4	240.6	97.1	.0	.0	
70.6	53.2	16.7	171.0	490.4	52.9	.0	.0	
73.9	57.5	11.3	132.2	634.8	22.9	.0	.0	
75.6	59.1	15.4	127.8	652.0	33.8	.0	.0	
70.9	59.4	16.8	103.4	269.6	85.8	.0	.0	
69.3	59.7	15.8	133.0	290.4	89.2	.0	.0	
72.4	61.3	17.9	157.0	346.4	77.1	.0	.0	
74.2	59.6	20.0	159.8	348.9	81.7	.0	.0	
71.1	60.9	12.0	154.2	254.0	90.4	.0	.0	
71.3	60.1	9.4	165.0	446.2	54.6	19.7	.0	
78.2	58.7	17.7	177.0	608.3	33.8	.0	.0	
81.5	54.7	23.3	178.6	637.4	45.8	.0	.0	
79.9	53.8	20.6	204.2	610.5	32.5	.0	.0	
74.3	54.3	13.5	112.6	355.2	62.5	.0	.0	
73.9	46.0	10.4	105.4	597.8	41.7	.0	.0	
78.2	54.0	14.7	175.4	593.1	51.2	3.9	.0	
78.1	58.0	13.3	121.8	568.5	50.8	.0	.0	
80.5	59.3	17.5	145.8	275.2	95.4	.0	.0	
81.6	57.6	17.6	181.4	283.8	94.6	.0	.0	
82.3	59.4	16.1	161.4	560.1	62.9	.0	.0	
74.1	60.0	16.4	49.0	380.9	72.1	.0	.0	
68.7	63.4	16.3	120.6	329.0	87.9	59.1	.0	
77.4	64.6	19.5	145.8	610.6	55.4	.0	.0	
84.2	61.9	23.9	169.4	478.4	68.8	.0	.0	
84.5	59.1	25.3	180.2	628.1	35.4	.0	.0	
84.9	61.3	25.3	171.0	682.5	6.7	.0	.0	
84.0	57.8	21.4	173.0	549.7	30.4	.0	.0	
84.9	59.7	23.8	175.4	671.0	32.5	.0	.0	
85.9	61.2	23.2	185.0	681.2	12.9	.0	.0	
7 31 1991
82.4	61.4	13.8	141.4	556.1	45.4	.0	.0	
78.0	60.5	13.8	125.8	454.8	61.2	.0	.0	
78.8	53.8	13.0	149.0	466.5	64.2	.0	.0	
83.1	46.6	10.7	233.4	642.0	14.6	.0	.0	
88.3	46.9	16.7	201.0	681.4	3.8	.0	.0	
90.2	47.6	18.7	193.0	688.3	3.8	.0	.0	
88.3	52.0	15.1	164.2	684.7	13.3	.0	.0	
84.2	56.6	16.2	129.0	558.1	55.4	.0	.0	
89.0	54.7	18.0	197.0	621.4	40.8	.0	.0	
84.2	61.1	12.0	155.8	503.5	72.1	.0	.0	
78.9	63.4	12.3	168.6	411.2	84.2	23.6	.0	
74.1	63.6	9.3	167.8	240.6	97.1	19.7	.0	
73.1	60.7	8.7	207.4	239.3	81.2	.0	.0	
74.6	60.9	11.3	195.0	342.9	64.6	.0	.0	
79.3	63.3	17.0	174.2	536.5	37.1	.0	.0	
84.3	60.5	19.1	178.2	638.1	23.3	.0	.0	
85.5	57.2	19.0	172.6	669.1	6.7	.0	.0	
87.4	56.7	21.6	173.4	671.9	8.8	.0	.0	
85.7	58.7	15.1	208.6	404.8	70.0	.0	.0	
88.6	56.1	19.3	184.2	427.9	80.8	.0	.0	
88.1	56.4	19.3	188.6	623.3	40.4	.0	.0	
85.3	59.1	16.3	159.0	640.4	28.3	.0	.0	
72.6	63.1	16.0	60.2	414.8	67.5	27.6	.0	
66.0	55.3	14.2	58.2	293.5	69.6	.0	.0	
71.7	51.7	9.6	195.4	402.0	51.7	.0	.0	
73.4	52.5	14.1	146.6	383.5	63.3	.0	.0	
73.8	60.7	10.4	159.4	430.9	70.0	7.9	.0	
78.7	55.1	13.7	143.0	651.0	3.3	.0	.0	
79.0	53.6	10.8	137.0	651.5	19.2	.0	.0	
85.8	51.6	17.4	195.8	642.6	23.3	.0	.0	
86.9	52.4	17.6	204.2	608.5	29.6	3.9	.0	
8 31 1991
87.5	49.2	18.1	197.0	644.5	3.8	.0	.0	
85.8	56.7	17.9	188.6	614.3	34.2	11.8	.0	
72.5	65.7	14.5	96.2	223.8	100.0	7.9	.0	
68.8	63.4	14.4	55.8	347.2	79.2	27.6	.0	
77.9	62.6	11.4	150.2	431.4	72.9	.0	.0	
83.0	58.6	15.6	185.4	587.1	19.6	.0	.0	
83.7	59.8	18.4	192.6	601.6	12.5	.0	.0	
79.1	60.7	16.7	146.6	620.7	17.1	.0	.0	
69.9	56.3	12.4	141.0	407.6	53.8	.0	.0	
70.9	54.1	12.7	108.2	373.3	50.8	.0	.0	
75.1	56.5	16.3	134.2	452.4	65.8	.0	.0	
75.8	56.7	16.3	121.8	319.6	91.7	.0	.0	
66.9	57.1	12.7	106.2	241.6	81.2	31.5	.0	
71.2	52.8	10.0	208.6	601.7	3.3	.0	.0	
76.4	56.6	16.3	174.6	601.0	9.2	.0	.0	
81.3	62.1	14.6	184.2	559.8	37.5	.0	.0	
78.8	54.1	10.2	159.0	534.7	24.6	.0	.0	
77.8	59.9	11.4	195.0	430.5	62.1	7.9	.0	
76.9	58.7	14.8	117.8	508.2	57.5	.0	.0	
75.5	58.8	13.7	133.8	502.2	51.7	.0	.0	
77.9	57.9	8.6	165.0	563.3	11.2	.0	.0	
83.1	56.3	13.9	195.4	561.2	20.4	.0	.0	
80.5	58.4	14.9	142.6	429.4	65.4	.0	.0	
81.5	57.9	18.8	180.6	418.8	52.5	.0	.0	
81.7	55.7	17.6	176.6	568.5	.0	.0	.0	
79.9	54.8	16.9	169.4	558.8	2.9	.0	.0	
82.4	56.5	17.6	161.4	542.5	12.1	.0	.0	
80.9	59.2	20.9	155.4	496.9	31.7	3.9	.0	
76.1	66.1	12.1	173.4	319.8	73.3	55.1	.0	
74.7	64.3	11.1	207.4	385.9	57.5	.0	.0	
73.9	62.5	14.4	150.2	367.7	59.2	.0	.0	
9 30 1991
72.6	63.8	10.5	124.2	229.6	87.5	.0	.0	
74.6	64.4	12.0	160.6	311.9	64.6	.0	.0	
73.5	66.1	11.8	125.8	310.2	69.2	19.7	.0	
69.3	52.5	13.3	85.8	351.5	62.5	.0	.0	
71.7	55.0	13.6	165.8	501.5	15.4	.0	.0	
75.7	65.0	17.6	157.4	286.3	73.3	.0	.0	
75.1	67.2	21.5	167.8	286.5	65.4	.0	.0	
82.7	60.1	20.4	198.2	495.8	9.6	.0	.0	
79.8	57.8	14.7	161.4	433.5	43.3	.0	.0	
79.7	62.8	12.7	150.2	289.3	62.9	.0	.0	
80.8	60.9	18.0	183.4	483.5	10.4	.0	.0	
79.7	58.8	16.0	179.0	276.8	57.5	.0	.0	
77.0	60.7	16.3	175.0	364.3	75.8	.0	.0	
76.8	58.9	18.8	186.6	209.5	64.6	.0	.0	
67.7	43.9	16.4	129.8	415.4	26.7	.0	.0	
66.6	36.3	10.4	207.8	409.9	40.0	.0	.0	
69.6	48.3	19.3	145.8	391.2	54.2	.0	.0	
54.2	26.6	15.6	69.4	163.3	80.8	.0	.0	
54.8	26.2	13.4	188.2	245.8	76.7	.0	.0	
56.1	31.3	19.3	173.0	259.8	61.7	.0	.0	
65.6	47.9	24.7	181.4	424.5	51.2	.0	.0	
59.0	37.0	20.2	108.2	275.2	52.1	.0	.0	
59.6	34.3	14.4	168.2	286.9	56.2	.0	.0	
56.6	33.3	14.6	255.4	438.8	23.3	.0	.0	
64.5	34.4	15.0	215.0	434.2	.0	.0	.0	
63.9	33.9	12.2	210.6	429.5	.0	.0	.0	
70.6	41.3	15.7	186.2	258.6	47.5	.0	.0	
70.8	45.8	15.9	186.6	227.7	63.8	.0	.0	
69.4	47.2	20.8	174.6	392.0	15.8	.0	.0	
68.0	46.7	15.0	156.6	335.0	37.9	.0	.0	
10 31 1991
69.5	47.2	11.3	183.0	349.5	20.8	.0	.0	
73.2	42.5	13.0	198.6	399.4	4.2	.0	.0	
64.6	49.1	12.7	90.2	394.4	15.4	.0	.0	
48.9	39.3	23.4	169.4	205.9	61.7	.0	.0	
47.8	26.8	11.1	207.8	387.4	.0	.0	.0	
49.5	27.0	12.9	125.4	377.3	1.7	.0	.0	
64.6	37.0	17.5	187.4	377.8	7.5	.0	.0	
70.6	44.9	13.7	191.0	318.5	27.1	.0	.0	
68.6	36.7	12.9	119.4	342.6	32.5	.0	.0	
67.2	32.3	8.3	174.2	211.5	51.7	.0	.0	
69.4	32.3	15.8	298.6	350.8	15.0	.0	.0	
67.8	37.9	13.7	199.8	355.3	1.2	.0	.0	
68.8	35.2	19.6	134.2	303.4	51.2	.0	.0	
57.4	26.0	12.1	272.6	124.3	72.5	.0	.0	
61.9	29.8	11.4	229.0	195.2	62.9	.0	.0	
68.1	35.7	16.3	189.4	338.1	3.3	.0	.0	
70.3	33.4	14.9	118.6	333.9	.0	.0	.0	
49.9	20.8	20.9	49.8	323.3	7.1	.0	.0	
44.5	25.6	8.7	133.4	322.2	23.3	.0	.0	
50.9	29.1	9.5	182.6	200.7	33.8	.0	.0	
65.7	41.7	19.1	190.6	204.6	42.9	.0	.0	
69.4	37.3	16.5	193.4	311.2	4.6	.0	.0	
65.9	32.8	16.3	198.6	309.8	7.5	.0	.0	
45.7	29.1	15.9	168.2	230.2	27.5	.0	.0	
41.5	26.6	8.3	73.4	176.0	60.4	.0	.0	
49.6	35.7	10.4	113.0	202.5	46.7	.0	.0	
62.1	55.3	23.3	153.0	180.7	81.2	7.9	.0	
45.0	39.9	22.2	229.8	165.1	90.0	27.6	.0	
27.2	16.6	19.1	215.4	286.5	12.1	.0	.0	
20.4	15.1	25.6	44.6	99.3	87.8	.0	140.0	
19.5	17.4	24.4	265.4	98.1	100.0	.0	100.0	
11 30 1991
21.3	15.6	28.3	321.0	255.6	60.0	.0	80.0	
12.5	4.0	18.0	312.6	106.7	70.0	.0	.0	
13.5	3.7	12.2	249.4	270.0	11.2	.0	.0	
23.1	15.6	10.7	221.4	241.6	40.4	.0	.0	
38.8	27.8	12.6	267.4	211.1	63.3	7.9	.0	
33.9	27.9	19.1	118.2	147.0	80.8	.0	.0	
23.2	18.9	10.8	183.4	131.3	65.4	.0	.0	
34.7	27.4	16.0	181.8	254.0	3.3	.0	.0	
41.8	35.3	18.5	178.2	249.7	10.8	.0	.0	
37.1	33.7	16.4	82.6	86.8	95.0	.0	.0	
37.7	36.1	8.4	219.8	85.8	79.6	11.8	.0	
45.3	35.6	15.3	215.8	242.2	5.8	.0	.0	
51.3	43.1	19.4	196.2	217.6	37.9	.0	.0	
55.5	48.0	22.8	179.0	114.0	73.8	.0	.0	
40.5	37.8	17.3	125.8	82.0	100.0	7.9	.0	
35.8	35.4	15.8	77.8	81.1	100.0	90.6	.0	
39.3	35.2	13.4	215.0	100.9	61.7	.0	.0	
44.3	38.6	11.4	149.4	226.8	21.7	7.9	.0	
43.0	34.6	23.5	243.8	109.4	80.0	.0	.0	
40.1	27.6	14.6	244.6	222.2	.8	.0	.0	
45.2	28.9	11.0	181.8	189.3	60.0	.0	.0	
35.8	27.5	23.1	285.0	76.2	85.8	.0	.0	
31.9	19.0	22.3	297.0	205.3	15.4	.0	.0	
29.8	18.1	10.5	179.8	167.9	37.1	.0	.0	
34.0	25.4	13.5	172.6	112.8	60.8	.0	.0	
41.4	28.9	13.9	208.6	149.6	36.7	.0	.0	
41.4	30.9	17.1	193.8	72.9	75.0	.0	.0	
39.0	36.4	15.4	112.6	72.3	100.0	.0	.0	
31.3	29.7	16.1	165.0	72.0	82.1	.0	.0	
24.2	18.2	21.4	133.4	96.2	71.2	.0	.0	
12 31 1991
24.7	16.5	11.7	209.4	70.6	99.2	.0	.0	
27.2	19.6	13.2	243.0	188.7	28.8	.0	.0	
32.6	17.3	14.1	276.2	198.3	13.8	.0	.0	
36.7	20.7	15.8	179.4	193.8	9.2	.0	.0	
41.4	25.6	14.7	171.8	92.6	61.2	.0	.0	
44.5	27.3	16.3	195.4	193.3	13.3	.0	.0	
45.9	26.1	16.3	196.2	194.5	.0	.0	.0	
43.7	26.8	14.8	172.2	191.0	17.5	.0	.0	
39.5	23.5	12.6	203.4	192.6	4.6	.0	.0	
41.5	28.0	14.0	248.6	98.2	61.7	.0	.0	
35.4	30.0	12.5	67.4	67.4	67.9	51.2	.0	
41.5	33.5	14.4	272.2	168.8	52.9	.0	.0	
39.0	29.3	17.8	270.2	185.6	5.8	.0	.0	
32.8	23.0	14.3	217.0	189.2	.0	.0	.0	
34.3	20.3	11.5	145.4	188.8	.0	.0	.0	
39.8	25.7	14.7	254.6	181.1	6.2	.0	.0	
36.2	22.5	12.3	177.0	80.7	58.3	.0	.0	
31.2	18.6	14.7	135.8	77.0	85.8	.0	.0	
32.1	30.8	17.8	154.2	65.7	100.0	11.8	30.0	
35.1	31.3	11.0	219.0	65.7	79.2	39.4	.0	
35.2	30.4	10.8	240.6	187.7	.0	.0	.0	
40.3	35.2	14.7	199.0	65.7	95.0	27.6	.0	
35.4	28.1	20.5	301.0	187.7	31.7	.0	.0	
34.3	27.0	12.3	197.0	188.1	5.0	.0	.0	
37.4	29.8	13.9	192.2	159.3	55.8	.0	.0	
36.1	30.9	12.4	198.2	66.1	91.2	.0	.0	
35.3	31.6	9.8	57.4	66.2	100.0	7.9	.0	
35.3	33.0	11.9	166.6	66.4	100.0	.0	.0	
34.8	33.8	12.5	180.2	66.6	100.0	.0	.0	
36.0	32.1	12.9	183.8	79.2	97.5	.0	.0	
36.3	35.1	12.7	145.4	67.1	100.0	86.6	.0	
