   1    31    1965
29.2	10.4	11.7	206.3	133.0	67.0	.0	.0	
25.4	8.6	12.1	210.0	232.8	2.0	.0	.0	
30.8	15.2	19.6	177.5	200.1	43.0	.0	.0	
37.9	8.7	8.7	215.0	219.1	43.0	.0	.0	
40.5	16.6	11.3	205.0	113.8	75.0	.0	.0	
44.2	16.3	12.7	207.5	181.8	42.0	.0	.0	
48.1	22.0	11.3	228.8	206.4	34.0	.0	.0	
25.8	14.6	15.4	241.3	208.2	35.0	.0	.0	
23.9	9.1	11.2	193.8	229.7	24.0	.0	.0	
27.9	9.1	10.4	200.0	242.1	39.0	.0	.0	
32.8	15.1	13.4	212.5	135.5	94.0	.0	.0	
27.9	13.3	14.2	263.8	243.0	16.0	.0	.0	
30.8	12.5	9.6	265.0	160.0	59.0	.0	.0	
40.2	20.9	13.5	273.8	118.8	84.0	.0	.0	
38.7	27.9	19.9	243.8	153.1	93.0	.0	.0	
36.5	27.0	10.7	183.8	227.5	52.0	.0	.0	
39.9	18.1	15.5	298.8	248.6	42.0	.0	.0	
39.2	14.7	9.7	245.0	264.9	32.0	.0	.0	
37.1	15.2	11.3	202.5	152.9	58.0	.0	.0	
34.1	16.5	16.9	201.3	270.9	3.0	.0	.0	
37.6	19.9	10.2	200.0	232.1	59.0	.0	.0	
24.6	22.6	19.0	310.0	103.9	75.0	.0	40.6	
22.1	17.6	21.9	320.0	240.4	49.0	.0	2.5	
37.0	19.7	17.5	227.5	262.1	11.0	.0	.0	
27.5	22.5	15.7	328.8	120.1	81.0	.0	7.6	
23.3	13.7	13.8	275.0	223.3	27.0	.0	.0	
33.2	14.4	13.7	235.0	173.9	63.0	.0	.0	
23.1	20.2	10.5	148.8	160.4	58.0	.0	.0	
33.2	24.1	14.4	207.5	117.9	79.0	7.0	.0	
25.4	20.3	14.3	267.5	170.4	70.0	.0	7.6	
31.2	23.2	21.8	287.5	253.2	68.0	.0	.0	
   2    28    1965
19.6	11.0	8.5	231.3	277.0	21.0	.0	.0	
18.3	11.1	9.4	152.5	308.3	4.0	.0	.0	
16.7	11.4	8.3	115.0	208.5	29.0	.0	.0	
33.9	18.6	15.2	198.8	275.3	29.0	.0	.0	
45.8	21.1	10.5	233.8	272.5	54.0	.0	.0	
41.0	23.2	6.6	168.8	214.8	72.0	.0	.0	
23.0	19.4	16.9	288.8	161.6	79.0	.0	5.1	
22.0	18.3	11.4	183.8	144.3	73.0	.0	.0	
27.8	23.9	10.2	202.5	155.8	86.0	.0	.0	
23.2	20.0	15.0	140.0	143.1	98.0	.0	40.6	
7.9	3.9	16.9	285.0	294.5	51.0	.0	10.2	
12.8	4.3	15.0	290.0	211.2	60.0	.0	.0	
15.6	7.1	13.0	240.0	361.0	18.0	.0	.0	
30.4	17.2	13.5	207.5	278.7	83.0	.0	15.2	
20.0	16.3	14.5	238.8	253.6	79.0	.0	27.9	
24.5	14.4	10.5	226.3	375.1	18.0	.0	.0	
33.1	23.5	12.4	267.5	365.9	13.0	.0	.0	
39.0	29.0	13.1	278.8	322.3	44.0	.0	.0	
44.4	28.2	10.9	235.0	380.2	3.0	.0	.0	
40.1	26.0	16.3	151.3	350.7	31.0	2.0	.0	
25.5	17.0	13.5	260.0	339.8	41.0	.0	.0	
28.6	19.9	18.2	150.0	169.2	83.0	.0	12.7	
1.1	-4.7	21.9	341.3	252.3	78.0	.0	12.7	
18.5	8.7	16.4	293.8	372.5	15.0	.0	.0	
32.8	16.2	13.0	261.3	412.6	5.0	.0	.0	
45.1	15.3	11.0	253.8	387.6	9.0	.0	.0	
46.5	18.6	6.9	186.3	353.2	58.0	.0	.0	
40.1	26.6	17.9	265.0	191.0	88.0	.0	.0	
   3    31    1965
22.1	12.2	23.5	306.3	302.6	73.0	.0	.0	
17.9	6.3	18.9	341.3	351.6	55.0	.0	.0	
14.4	4.4	17.0	322.5	281.0	45.0	.0	.0	
21.8	13.1	22.6	332.5	305.7	61.0	.0	.0	
30.5	9.3	18.0	327.5	441.9	2.0	.0	.0	
29.0	18.4	21.9	333.8	372.1	25.0	.0	.0	
32.7	10.9	6.6	195.0	463.9	7.0	.0	.0	
35.3	16.6	15.8	256.3	450.4	2.0	.0	.0	
33.4	21.0	11.7	167.5	286.8	70.0	.0	.0	
35.1	22.5	12.4	192.5	324.9	67.0	.0	.0	
35.0	16.5	8.8	226.3	396.9	81.0	.0	.0	
35.9	22.9	9.9	155.0	251.7	79.0	.0	.0	
32.3	26.8	9.5	223.8	231.8	76.0	.0	.0	
39.7	19.9	15.5	286.3	469.6	35.0	.0	.0	
43.7	19.2	12.4	245.0	462.7	33.0	.0	.0	
39.4	35.9	15.4	223.8	223.3	74.0	21.0	.0	
15.8	7.9	25.9	345.0	341.7	94.0	.0	.0	
9.8	-5.4	16.7	258.8	515.6	48.0	.0	.0	
13.2	6.8	10.0	168.8	320.4	95.0	.0	35.6	
13.9	6.3	8.8	220.0	493.9	28.0	.0	.0	
32.0	15.1	11.8	207.5	459.9	33.0	.0	.0	
33.7	18.5	22.5	127.5	252.6	95.0	.0	.0	
9.5	3.0	13.4	98.8	252.7	98.0	.0	.0	
6.9	3.2	12.0	73.8	310.3	95.0	.0	15.2	
6.4	1.9	6.9	80.0	408.5	78.0	.0	17.8	
27.0	17.6	20.5	168.8	518.7	62.0	.0	.0	
42.6	28.4	16.4	147.5	537.5	34.0	.0	.0	
33.5	29.1	15.7	311.3	290.8	73.0	.0	.0	
30.7	19.0	9.4	82.5	321.0	50.0	.0	.0	
41.6	22.5	16.7	172.5	570.0	6.0	.0	.0	
53.8	26.1	11.2	187.5	545.5	24.0	.0	.0	
   4    30    1965
49.2	36.0	20.0	131.3	487.9	39.0	.0	.0	
57.7	47.1	18.3	156.3	403.9	67.0	10.0	.0	
55.1	33.7	13.1	233.8	474.6	56.0	.0	.0	
41.1	40.5	14.3	112.5	210.3	92.0	.0	.0	
45.5	33.7	9.5	207.5	356.3	73.0	.0	.0	
52.2	22.8	10.7	237.5	595.2	2.0	.0	.0	
55.6	28.0	17.9	202.5	374.4	70.0	.0	.0	
56.7	30.4	16.3	238.8	578.6	14.0	.0	.0	
61.0	33.2	29.5	168.8	421.0	89.0	.0	.0	
55.9	6.0	17.8	237.5	614.8	18.0	.0	.0	
48.1	21.2	18.9	308.8	460.0	46.0	.0	.0	
44.2	26.8	19.4	215.0	568.7	32.0	.0	.0	
49.9	36.3	22.3	161.3	471.9	87.0	.0	.0	
53.2	23.2	17.3	318.8	424.8	89.0	.0	.0	
48.7	28.9	17.6	293.8	541.5	33.0	.0	.0	
58.2	14.5	15.0	228.8	479.5	61.0	.0	.0	
48.6	28.9	10.1	147.5	488.4	55.0	.0	.0	
47.6	26.0	11.7	226.3	399.5	75.0	.0	.0	
58.9	28.0	15.3	205.0	508.9	80.0	.0	.0	
66.5	23.0	12.1	263.8	524.1	78.0	.0	.0	
61.6	38.6	14.1	166.3	411.8	68.0	.0	.0	
67.8	39.8	11.6	156.3	426.9	71.0	.0	.0	
54.2	45.5	18.9	77.5	340.2	94.0	.0	.0	
42.0	34.9	15.7	305.0	270.1	88.0	.0	.0	
46.0	28.5	8.2	176.3	600.9	55.0	.0	.0	
48.2	28.9	10.8	200.0	452.6	79.0	.0	.0	
43.3	21.9	14.1	305.0	617.6	43.0	.0	.0	
53.8	14.7	10.1	232.5	692.1	4.0	.0	.0	
64.1	15.5	10.8	208.8	680.3	2.0	.0	.0	
67.0	14.8	8.6	218.9	649.9	2.0	.0	.0	
   5    31    1965
71.1	18.1	9.7	207.5	600.7	38.0	.0	.0	
73.7	22.5	14.0	226.3	634.4	31.0	.0	.0	
57.7	39.4	15.1	192.5	438.5	76.0	.0	.0	
66.6	46.1	21.8	172.5	322.5	86.0	.0	.0	
64.2	25.6	22.6	225.0	667.8	13.0	.0	.0	
63.2	18.1	16.0	212.5	650.6	24.0	.0	.0	
63.4	38.9	19.0	222.5	691.0	23.0	.0	.0	
61.1	30.3	21.2	232.5	637.5	22.0	.0	.0	
48.0	20.5	17.4	317.5	652.2	8.0	.0	.0	
48.5	26.5	9.8	232.5	330.2	75.0	.0	.0	
56.5	31.1	8.8	178.8	649.5	19.0	.0	.0	
64.0	33.7	10.4	192.5	641.2	16.0	.0	.0	
62.5	51.8	22.2	165.0	327.0	96.0	.0	.0	
58.4	43.2	18.7	241.3	596.4	80.0	.0	.0	
50.5	42.3	20.3	321.3	384.3	78.0	5.0	.0	
62.2	35.1	16.0	206.3	727.4	2.0	.0	.0	
71.4	38.4	12.7	233.8	641.2	31.0	.0	.0	
59.3	33.4	17.1	68.8	524.1	84.0	.0	.0	
64.1	43.0	15.0	161.3	616.9	60.0	.0	.0	
73.7	42.1	17.3	173.8	571.1	64.0	.0	.0	
64.4	53.5	17.0	107.5	351.1	68.0	.0	.0	
65.7	59.7	17.4	113.8	346.3	98.0	155.0	.0	
66.4	58.6	22.0	163.8	521.9	88.0	21.0	.0	
60.1	47.9	13.7	201.3	516.7	62.0	126.0	.0	
54.9	47.1	11.9	115.0	638.2	28.0	16.0	.0	
52.6	42.9	12.6	333.8	529.1	72.0	15.0	.0	
52.9	37.9	10.5	300.0	666.1	35.0	5.0	.0	
58.5	42.5	9.1	253.8	650.9	24.0	.0	.0	
66.2	40.4	11.8	233.8	717.1	4.0	.0	.0	
72.5	43.5	18.0	172.5	645.6	39.0	.0	.0	
69.6	51.6	17.2	151.3	546.8	80.0	.0	.0	
   6    30    1965
68.3	55.5	12.8	196.3	556.0	60.0	5.0	.0	
64.4	49.0	12.9	165.0	682.4	44.0	.0	.0	
69.0	50.1	15.8	141.3	647.6	69.0	.0	.0	
61.2	55.6	11.0	188.8	408.9	89.0	5.0	.0	
53.8	49.7	17.6	186.3	320.0	87.0	4.0	.0	
64.0	43.5	10.8	248.8	713.4	27.0	.0	.0	
70.5	45.7	10.9	226.3	655.2	63.0	.0	.0	
61.7	50.1	15.2	102.5	543.9	89.0	.0	.0	
65.7	58.6	14.3	157.5	469.7	98.0	31.0	.0	
65.2	56.5	12.4	132.5	387.7	91.0	.0	.0	
65.0	57.0	11.7	148.8	427.1	85.0	41.0	.0	
63.6	55.6	15.8	148.8	431.2	91.0	8.0	.0	
63.3	56.3	8.1	128.8	542.3	88.0	.0	.0	
65.3	56.7	13.3	152.5	558.0	85.0	3.0	.0	
63.1	60.5	18.0	142.5	323.0	98.0	15.0	.0	
64.6	60.9	23.3	140.0	331.9	98.0	1.0	.0	
63.1	59.5	18.3	153.8	321.7	98.0	31.0	.0	
69.3	60.3	19.8	177.5	575.7	96.0	38.0	.0	
73.5	58.5	15.7	183.8	666.9	74.0	12.0	.0	
67.3	55.1	10.1	156.3	721.5	29.0	.0	.0	
71.2	55.1	12.0	203.8	674.9	43.0	.0	.0	
75.8	49.1	10.9	188.8	680.0	41.0	.0	.0	
70.4	59.4	16.3	160.0	592.8	68.0	45.0	.0	
65.5	58.9	18.9	151.3	346.9	95.0	15.0	.0	
67.8	56.7	16.1	157.5	638.1	74.0	17.0	.0	
71.1	52.3	14.8	183.8	690.9	38.0	.0	.0	
71.6	45.4	6.8	152.5	718.4	7.0	.0	.0	
76.0	58.1	13.1	152.5	715.2	15.0	.0	.0	
74.5	62.0	11.5	131.3	665.5	25.0	.0	.0	
69.8	62.5	11.7	177.5	499.2	88.0	75.0	.0	
   7    31    1965
75.6	61.7	11.0	193.8	579.2	83.0	.0	.0	
69.9	57.1	9.8	66.3	661.4	38.0	.0	.0	
71.6	58.3	12.5	156.3	710.7	38.0	21.0	.0	
73.1	58.5	8.4	211.3	727.0	23.0	.0	.0	
71.7	59.6	14.8	126.3	646.1	55.0	3.0	.0	
71.4	54.0	10.1	187.5	697.5	6.0	.0	.0	
75.1	57.5	15.0	167.5	669.7	35.0	14.0	.0	
74.3	57.5	12.4	277.5	702.0	20.0	.0	.0	
73.3	55.8	10.5	175.0	684.6	43.0	6.0	.0	
78.1	58.3	13.3	143.8	712.9	28.0	.0	.0	
80.3	57.1	15.1	162.5	538.3	44.0	.0	.0	
82.9	54.9	17.0	247.5	676.7	33.0	.0	.0	
72.1	61.1	12.0	158.8	608.9	47.0	8.0	.0	
73.3	57.1	12.6	143.8	619.7	78.0	.0	.0	
77.9	58.3	15.7	191.3	695.8	33.0	.0	.0	
82.8	49.2	12.9	186.3	682.2	38.0	.0	.0	
84.2	54.3	13.3	188.8	656.5	54.0	.0	.0	
85.0	53.0	11.1	196.3	639.4	82.0	.0	.0	
78.1	64.8	10.7	157.5	602.5	79.0	6.0	.0	
80.0	64.1	12.3	162.5	593.2	70.0	8.0	.0	
85.2	54.3	11.0	155.0	639.6	47.0	.0	.0	
85.5	49.1	15.0	185.0	712.6	19.0	.0	.0	
79.1	56.7	14.4	153.8	686.0	28.0	.0	.0	
65.3	59.5	10.7	140.0	462.4	81.0	60.0	.0	
71.3	59.9	10.8	140.0	576.7	68.0	.0	.0	
76.5	61.5	10.8	185.0	667.5	17.0	.0	.0	
69.8	64.7	10.1	43.8	429.1	75.0	46.0	.0	
69.8	59.9	7.5	96.3	492.1	58.0	.0	.0	
72.4	54.5	8.7	153.8	654.7	10.0	.0	.0	
74.6	58.9	11.4	127.5	601.7	43.0	.0	.0	
67.4	52.6	9.8	337.5	309.5	92.0	.0	.0	
   8    31    1965
68.3	48.9	6.3	195.0	628.5	8.0	.0	.0	
73.6	44.2	9.9	206.3	695.8	2.0	.0	.0	
76.8	49.5	8.8	215.0	651.1	38.0	2.0	.0	
76.5	50.5	8.1	210.0	632.0	33.0	.0	.0	
73.4	53.9	14.6	200.0	605.1	29.0	6.0	.0	
73.1	51.1	8.5	211.3	630.1	18.0	.0	.0	
69.0	50.2	12.0	280.0	659.5	5.0	.0	.0	
72.1	51.8	10.0	140.0	629.1	8.0	.0	.0	
73.5	50.9	7.4	73.8	640.6	8.0	.0	.0	
76.5	52.5	10.7	150.0	658.2	2.0	.0	.0	
80.9	47.0	11.8	175.0	677.4	2.0	.0	.0	
83.1	45.4	12.0	192.5	661.4	2.0	.0	.0	
79.8	46.0	15.1	175.0	649.3	10.0	.0	.0	
75.6	48.1	13.3	177.5	625.6	10.0	.0	.0	
71.1	52.4	9.5	145.0	567.0	18.0	.0	.0	
74.5	52.7	7.6	166.3	607.0	16.0	.0	.0	
72.0	58.5	11.8	90.0	360.2	91.0	70.0	.0	
67.8	63.1	6.7	133.8	332.6	95.0	11.0	.0	
63.6	62.2	8.7	82.5	265.6	98.0	31.0	.0	
66.7	59.9	12.0	237.5	319.8	68.0	16.0	.0	
63.5	57.1	10.1	130.0	362.9	72.0	.0	.0	
60.7	58.1	10.4	122.5	291.4	98.0	17.0	.0	
64.1	61.6	14.1	131.3	281.2	98.0	125.0	.0	
68.8	58.3	11.7	208.8	597.8	22.0	15.0	.0	
73.9	58.1	7.3	166.3	578.3	4.0	.0	.0	
72.9	51.5	10.5	248.8	486.9	45.0	.0	.0	
66.7	51.9	9.1	151.3	555.7	23.0	.0	.0	
66.3	59.2	16.6	153.8	434.4	48.0	.0	.0	
70.7	60.0	10.5	231.3	528.6	60.0	.0	.0	
65.4	55.8	9.4	188.8	438.1	67.0	.0	.0	
57.0	49.5	11.5	97.5	319.4	63.0	1.0	.0	
   9    30    1965
64.0	42.3	13.7	201.3	610.0	6.0	.0	.0	
69.9	41.9	11.4	245.0	544.7	18.0	.0	.0	
65.4	49.5	6.0	145.0	398.1	41.0	1.0	.0	
64.0	47.5	10.9	180.0	574.8	30.0	1.0	.0	
51.0	45.9	11.7	92.5	255.2	91.0	15.0	.0	
66.4	56.8	13.1	166.3	461.4	63.0	.0	.0	
57.6	54.0	12.2	220.0	214.3	93.0	.0	.0	
63.7	58.1	10.1	161.3	283.8	75.0	.0	.0	
68.1	46.2	11.8	172.5	375.9	51.0	.0	.0	
58.0	52.0	10.7	93.8	262.8	66.0	.0	.0	
65.7	57.6	16.1	161.3	264.7	88.0	.0	.0	
70.4	47.2	8.6	178.8	515.5	40.0	.0	.0	
58.8	54.6	10.7	157.5	246.8	76.0	35.0	.0	
66.4	45.0	11.8	200.0	551.2	22.0	.0	.0	
61.8	44.8	12.1	146.3	429.9	58.0	.0	.0	
43.8	40.5	16.3	240.0	194.7	88.0	2.0	.0	
37.4	33.9	13.1	158.8	237.0	98.0	.0	.0	
47.5	47.4	11.7	120.0	213.7	98.0	14.0	.0	
44.4	43.9	10.9	226.3	220.8	98.0	41.0	.0	
42.5	41.4	15.3	257.5	233.3	91.0	147.0	.0	
49.2	35.8	12.7	245.0	476.8	22.0	.0	.0	
48.5	39.6	11.4	323.8	361.8	55.0	.0	.0	
39.9	37.6	10.1	275.0	193.1	95.0	12.0	.0	
48.0	38.0	8.7	248.8	435.4	10.0	.0	.0	
57.0	45.5	9.5	220.0	465.3	40.0	.0	.0	
39.5	38.0	12.6	75.0	193.5	98.0	2.0	.0	
56.1	50.6	12.7	176.3	370.3	50.0	.0	.0	
50.9	49.6	12.7	186.3	209.5	83.0	22.0	.0	
42.9	41.0	17.0	295.0	191.4	98.0	139.0	.0	
45.2	34.2	17.6	312.5	393.2	25.0	.0	.0	
  10    31    1965
52.6	37.9	9.5	228.8	464.5	2.0	.0	.0	
58.3	41.9	9.2	185.0	457.1	2.0	.0	.0	
59.7	40.4	14.0	171.3	445.0	15.0	.0	.0	
60.6	41.8	14.9	190.0	424.9	16.0	.0	.0	
56.1	46.0	18.8	196.3	380.6	49.0	.0	.0	
56.5	34.4	10.1	283.8	443.6	9.0	.0	.0	
58.5	35.8	13.1	306.3	451.8	2.0	.0	.0	
59.7	36.3	8.5	243.8	443.1	11.0	.0	.0	
65.6	30.3	10.0	247.5	445.0	2.0	.0	.0	
60.7	33.5	13.1	188.8	397.5	13.0	.0	.0	
48.9	28.3	7.9	195.0	379.1	25.0	.0	.0	
54.4	31.1	11.0	198.8	428.5	7.0	.0	.0	
57.3	36.4	7.2	143.8	385.0	37.0	.0	.0	
54.9	37.6	8.4	180.0	409.1	21.0	.0	.0	
62.6	45.6	15.6	155.0	407.8	2.0	.0	.0	
61.5	44.6	12.8	237.5	327.8	63.0	10.0	.0	
48.8	48.5	7.5	136.3	152.2	98.0	230.0	.0	
48.9	46.4	10.5	235.0	176.3	92.0	66.0	.0	
46.7	41.4	11.2	288.8	254.2	68.0	.0	.0	
47.7	35.9	12.6	310.0	309.7	38.0	.0	.0	
43.9	32.5	7.1	201.3	387.9	2.0	.0	.0	
51.4	37.5	10.8	293.8	310.0	39.0	.0	.0	
52.9	36.9	11.1	281.3	354.6	23.0	.0	.0	
53.4	40.7	12.7	192.5	354.1	2.0	.0	.0	
52.3	34.7	10.5	233.8	346.2	19.0	.0	.0	
51.7	35.0	11.1	208.8	340.5	2.0	.0	.0	
51.6	37.6	7.5	183.8	348.4	3.0	.0	.0	
48.2	39.5	7.8	133.8	268.3	63.0	.0	.0	
53.9	34.3	11.1	236.3	331.2	24.0	.0	.0	
55.6	33.5	8.9	227.5	278.4	28.0	.0	.0	
45.5	30.0	8.0	206.3	344.4	2.0	.0	.0	
  11    30    1965
50.3	35.1	12.2	176.3	324.0	22.0	.0	.0	
53.0	34.1	12.8	197.5	256.0	66.0	.0	.0	
49.5	27.9	11.5	118.8	334.3	23.0	.0	.0	
43.0	27.1	12.2	156.3	326.9	3.0	.0	.0	
52.0	34.9	8.5	201.3	285.6	60.0	.0	.0	
48.0	37.0	6.6	162.5	284.5	62.0	.0	.0	
43.5	37.3	5.9	217.5	237.6	62.0	.0	.0	
35.7	33.6	10.2	218.8	137.8	71.0	.0	.0	
42.2	37.4	13.6	205.0	192.0	70.0	.0	.0	
38.4	31.6	7.6	155.0	241.3	72.0	.0	.0	
45.2	38.9	6.3	182.5	149.1	88.0	.0	.0	
43.3	26.2	10.5	235.0	249.2	53.0	.0	.0	
43.0	26.2	10.7	188.8	228.4	44.0	.0	.0	
40.3	30.6	12.8	168.8	182.5	69.0	.0	.0	
52.2	29.1	10.8	258.8	268.0	42.0	.0	.0	
40.1	26.8	6.9	173.8	187.7	68.0	.0	.0	
33.9	20.1	14.3	145.0	117.9	75.0	.0	.0	
45.3	31.1	9.7	246.3	252.2	50.0	.0	.0	
47.7	30.5	8.3	231.3	243.0	26.0	.0	.0	
42.9	30.1	9.3	198.8	150.8	58.0	.0	.0	
41.5	22.4	10.1	287.5	256.7	38.0	.0	.0	
39.6	19.1	11.8	203.8	268.1	3.0	.0	.0	
41.6	26.6	6.7	177.5	148.2	57.0	.0	.0	
45.8	30.5	8.8	172.5	152.6	95.0	.0	.0	
37.7	33.0	9.5	107.5	109.1	88.0	.0	.0	
33.8	20.3	18.6	301.3	186.0	50.0	1.0	.0	
35.7	14.5	11.7	271.3	265.5	20.0	.0	.0	
32.1	13.5	13.1	283.8	252.4	3.0	.0	.0	
33.0	14.0	6.5	267.5	239.7	32.0	.0	.0	
36.2	14.8	11.1	198.8	252.5	3.0	.0	.0	
  12    31    1965
36.1	16.1	10.7	302.5	161.5	63.0	.0	.0	
37.9	14.8	10.4	260.0	239.1	16.0	.0	.0	
39.8	19.6	9.8	256.3	206.9	25.0	.0	.0	
48.9	17.4	14.3	233.8	169.7	68.0	.0	.0	
45.3	17.9	7.8	205.0	201.3	47.0	.0	.0	
38.5	23.9	12.3	163.8	201.2	66.0	.0	.0	
41.6	18.6	9.5	288.8	192.0	76.0	.0	.0	
36.3	19.4	6.3	173.8	220.8	44.0	.0	.0	
34.8	23.7	7.8	233.8	193.0	55.0	.0	.0	
36.9	36.1	7.3	183.8	85.0	98.0	7.0	.0	
37.7	35.4	14.4	292.5	98.2	98.0	.0	.0	
34.5	26.1	10.4	283.8	222.7	10.0	.0	.0	
30.5	27.4	10.0	86.3	98.6	96.0	.0	.0	
22.7	20.8	11.0	245.0	148.1	86.0	.0	68.6	
20.4	17.9	6.6	120.0	133.1	98.0	.0	10.2	
16.8	10.2	9.2	235.0	237.3	13.0	.0	.0	
19.8	14.5	5.8	166.3	172.6	61.0	.0	25.4	
19.2	12.5	10.1	257.5	240.2	17.0	.0	.0	
27.1	16.9	13.1	261.3	232.0	26.0	.0	.0	
30.3	17.6	13.0	261.3	228.5	31.0	.0	.0	
32.0	18.0	13.6	222.5	229.8	22.0	.0	.0	
37.5	25.2	13.1	202.5	142.6	87.0	.0	.0	
27.2	24.3	14.1	331.3	109.3	86.0	.0	15.2	
22.0	17.0	14.8	265.0	215.2	42.0	.0	2.5	
25.8	21.1	16.2	175.0	211.5	31.0	.0	.0	
22.8	17.5	11.0	326.3	149.4	45.0	.0	.0	
18.6	14.4	10.8	188.8	225.8	42.0	.0	.0	
32.4	23.8	11.4	211.3	162.4	79.0	.0	.0	
40.9	25.9	11.6	211.3	149.2	95.0	.0	.0	
45.8	31.0	14.5	225.0	170.6	54.0	.0	.0	
34.5	23.7	8.8	167.5	227.9	2.0	.0	.0	
