1 31 1990
27.3	16.0	9.3	204.2	179.5	.0	.0	.0	
41.2	25.6	16.0	191.4	180.4	.0	.0	.0	
45.2	40.4	17.7	203.4	76.7	66.7	27.6	.0	
29.2	25.3	8.9	222.2	159.6	36.2	.0	.0	
31.2	23.2	4.1	145.0	159.6	8.8	.0	.0	
30.7	24.9	2.9	137.0	184.7	.0	.0	.0	
33.7	24.6	2.9	91.0	186.0	.0	.0	.0	
43.0	26.6	10.0	188.2	92.0	61.2	.0	.0	
44.8	34.9	12.8	275.0	185.0	22.5	.0	.0	
47.4	29.5	7.3	175.4	187.4	9.2	.0	.0	
40.9	16.4	15.5	300.6	191.7	3.3	.0	.0	
28.1	7.9	12.7	237.8	193.3	.8	.0	.0	
30.0	10.5	10.7	150.2	110.1	36.7	.0	.0	
39.7	19.8	7.1	165.4	195.2	7.9	.0	.0	
44.7	37.3	5.9	116.6	70.0	51.2	.0	.0	
58.1	54.4	14.5	200.6	74.5	85.0	27.6	.0	
39.2	37.4	8.6	119.8	94.1	82.5	3.9	.0	
31.4	26.0	9.2	101.4	71.6	83.3	.0	.0	
30.9	27.5	11.8	75.8	72.4	99.2	27.6	60.0	
33.0	29.8	9.7	208.2	73.1	100.0	.0	.0	
33.1	24.3	8.6	248.2	196.1	37.5	.0	.0	
40.9	30.4	4.7	159.0	197.1	45.8	.0	.0	
44.9	31.1	12.0	237.8	207.3	25.8	.0	.0	
35.3	27.5	10.8	209.4	85.5	74.2	11.8	30.0	
30.7	22.4	11.5	269.4	220.2	3.8	.0	.0	
41.5	24.7	9.8	182.2	172.3	31.7	.0	.0	
38.2	21.9	14.5	151.4	168.8	22.5	.0	.0	
30.2	16.0	4.2	101.0	229.1	1.2	.0	.0	
36.3	18.9	7.5	154.2	164.5	40.4	.0	.0	
34.2	21.5	8.6	114.6	234.4	10.4	.0	.0	
43.9	27.7	14.7	160.2	84.1	69.6	.0	.0	
2 28 1990
33.8	28.1	13.9	81.8	84.3	100.0	.0	120.0	
23.8	22.2	5.8	113.4	85.3	100.0	.0	40.0	
25.6	22.7	5.9	177.8	86.5	84.2	.0	.0	
32.2	25.8	4.8	108.2	250.2	15.0	.0	.0	
43.0	28.6	10.0	167.8	170.2	57.1	.0	.0	
40.1	35.8	3.3	116.2	107.8	62.1	19.7	.0	
45.9	35.8	9.8	142.2	260.2	.0	.0	.0	
48.4	33.8	14.1	241.8	104.8	71.2	.0	.0	
38.3	25.6	3.3	125.0	127.1	52.1	.0	.0	
41.5	26.1	5.1	117.0	164.1	50.0	.0	.0	
45.4	32.0	5.3	152.6	254.9	24.6	.0	.0	
55.9	34.0	12.9	140.2	113.4	91.2	.0	.0	
36.0	19.5	15.3	44.6	104.4	79.2	.0	.0	
22.9	17.8	12.9	43.0	99.9	100.0	.0	140.0	
26.8	24.6	8.6	191.8	101.2	100.0	.0	90.0	
20.5	11.4	13.6	264.6	293.0	2.1	.0	.0	
26.2	17.3	9.4	123.4	296.9	.0	.0	.0	
37.2	25.5	10.8	167.4	300.9	8.8	.0	.0	
31.8	20.6	4.0	21.8	304.9	.8	.0	.0	
33.3	22.8	2.6	40.2	271.1	37.1	.0	.0	
40.7	28.7	4.3	50.6	150.8	66.2	11.8	.0	
38.8	32.7	14.6	174.6	111.0	100.0	70.9	.0	
42.5	29.6	10.6	283.4	215.4	40.0	.0	.0	
31.5	15.7	9.7	119.8	322.8	32.1	.0	.0	
27.1	12.9	10.3	92.2	118.7	71.7	.0	.0	
36.9	27.9	4.2	71.8	181.4	53.8	.0	.0	
37.5	25.2	8.3	43.4	162.0	70.8	.0	.0	
31.5	15.1	4.5	28.6	123.2	75.8	.0	.0	
3 31 1990
31.6	17.8	.5	27.4	347.3	.0	.0	.0	
39.4	24.9	4.8	175.4	351.9	.0	.0	.0	
37.3	15.6	7.9	76.6	356.5	.4	.0	.0	
45.5	30.1	10.1	167.4	250.5	55.4	7.9	.0	
55.0	43.4	7.1	125.4	155.7	84.6	.0	.0	
46.6	45.2	15.6	101.4	129.7	100.0	43.3	.0	
49.2	48.7	11.6	107.8	131.4	100.0	63.0	.0	
48.8	44.9	8.2	193.0	165.3	73.3	.0	.0	
53.5	50.1	6.2	113.4	154.8	79.6	.0	.0	
65.1	60.2	13.4	192.2	144.1	96.7	3.9	.0	
60.7	57.1	16.3	183.8	138.0	88.3	15.7	.0	
65.4	50.9	15.9	193.0	384.9	26.7	39.4	.0	
65.2	61.1	15.4	181.8	141.4	90.0	11.8	.0	
48.8	46.1	11.7	180.2	143.1	100.0	43.3	.0	
41.7	34.2	10.7	222.2	182.5	70.4	31.5	.0	
43.9	34.5	12.4	261.0	236.1	50.8	.0	.0	
47.7	30.9	12.6	290.2	397.9	45.4	.0	.0	
43.3	29.0	10.9	205.4	167.4	67.5	.0	.0	
33.5	17.9	8.4	186.6	432.7	.0	.0	.0	
46.2	28.8	11.6	172.6	368.5	19.6	.0	.0	
55.6	38.6	10.3	188.2	306.4	56.2	.0	.0	
50.9	38.7	15.6	148.2	263.3	55.0	.0	.0	
25.8	21.2	14.8	48.6	158.1	96.7	.0	200.0	
24.7	17.1	8.6	70.2	283.3	59.2	.0	20.0	
27.6	19.0	5.1	225.0	444.9	16.2	.0	.0	
38.8	27.8	4.7	73.4	464.9	22.5	.0	.0	
43.7	31.2	8.5	122.2	275.0	61.7	3.9	.0	
42.3	41.4	8.7	104.2	166.3	100.0	27.6	.0	
42.8	41.3	9.1	55.0	167.9	100.0	.0	.0	
42.2	40.6	7.1	61.4	169.5	100.0	23.6	.0	
45.5	42.4	5.2	186.6	171.1	90.8	3.9	.0	
4 30 1990
48.9	38.3	9.8	190.6	487.3	22.1	.0	.0	
42.7	25.3	10.8	257.4	497.8	.0	.0	.0	
45.4	26.9	3.7	135.0	502.3	.0	.0	.0	
50.7	32.4	8.8	140.6	353.2	50.0	.0	.0	
39.2	27.6	10.4	86.2	178.9	73.8	.0	.0	
38.5	19.5	9.8	208.6	514.8	3.3	.0	.0	
46.3	26.7	8.7	162.2	517.9	9.2	.0	.0	
54.7	33.2	13.9	195.4	347.8	59.2	.0	.0	
55.4	46.0	11.2	159.0	184.8	95.8	27.6	.0	
47.3	34.1	19.0	294.6	424.5	57.1	.0	.0	
37.9	20.8	11.3	261.8	507.8	31.2	.0	.0	
38.0	27.3	6.7	131.4	225.0	69.2	11.8	.0	
44.3	40.8	9.2	191.8	191.8	77.9	7.9	.0	
49.7	38.8	6.6	134.2	415.4	50.0	.0	.0	
55.3	42.2	9.4	114.6	375.7	50.8	.0	.0	
48.5	42.3	10.5	91.4	278.2	66.7	7.9	.0	
43.8	22.4	12.6	61.8	419.7	80.8	.0	.0	
49.5	28.7	11.3	140.2	197.8	100.0	.0	.0	
53.5	49.0	13.0	179.4	199.1	100.0	.0	.0	
61.7	57.1	9.3	173.8	254.2	82.5	.0	.0	
63.0	54.6	6.0	83.4	490.6	44.6	.0	.0	
69.5	59.3	9.1	154.6	265.8	63.3	.0	.0	
73.7	61.4	13.8	183.8	268.1	60.8	.0	.0	
70.8	59.7	17.3	180.6	237.4	65.8	.0	.0	
68.3	61.1	13.5	170.2	207.2	76.7	3.9	.0	
64.2	57.9	11.3	176.2	214.2	99.6	19.7	.0	
54.9	51.6	8.4	239.0	209.5	97.1	23.6	.0	
50.2	38.9	11.3	230.2	550.4	39.2	.0	.0	
54.1	42.1	14.3	196.6	212.0	83.3	.0	.0	
47.5	31.2	8.1	105.4	235.4	80.4	.0	.0	
5 31 1990
49.4	31.0	8.1	64.6	214.2	91.2	.0	.0	
50.1	38.7	9.3	75.4	239.2	81.2	.0	.0	
49.7	48.2	15.7	73.0	216.5	100.0	19.7	.0	
50.1	46.3	10.2	144.6	253.5	75.4	.0	.0	
54.5	45.4	7.2	196.6	391.5	48.3	.0	.0	
60.4	45.9	8.0	250.6	627.6	.0	.0	.0	
68.9	48.3	19.3	194.2	630.5	.0	.0	.0	
69.4	56.9	16.1	188.6	376.2	64.2	.0	.0	
54.0	49.2	14.5	282.6	237.3	85.0	78.7	.0	
50.5	37.6	10.3	245.0	635.8	13.3	.0	.0	
50.6	45.3	11.3	112.2	227.8	80.8	7.9	.0	
53.6	50.8	10.2	185.0	225.4	100.0	78.7	.0	
56.5	50.3	7.9	138.6	338.8	63.8	.0	.0	
65.6	60.8	9.8	109.0	276.7	94.2	35.4	.0	
64.8	63.0	11.7	126.2	246.5	90.4	169.3	.0	
61.1	55.2	10.7	199.8	293.2	66.7	.0	.0	
59.7	45.9	8.9	248.2	656.1	6.2	.0	.0	
60.9	53.3	15.2	156.2	407.0	67.9	.0	.0	
66.6	57.0	13.3	237.8	494.6	69.6	23.6	.0	
56.4	50.5	12.0	75.4	299.8	83.8	11.8	.0	
57.2	50.8	9.0	60.6	296.1	67.1	.0	.0	
59.4	52.6	5.4	99.4	544.1	32.5	.0	.0	
67.5	59.7	8.7	160.2	450.4	58.8	.0	.0	
65.1	61.1	12.1	132.2	234.5	89.6	27.6	.0	
73.9	68.0	10.2	141.4	498.2	67.1	.0	.0	
67.6	63.6	11.4	69.8	335.2	93.3	.0	.0	
65.6	57.0	10.3	54.2	330.2	81.7	.0	.0	
66.1	53.6	7.4	140.2	648.7	16.2	.0	.0	
66.7	54.8	7.0	85.4	367.3	60.8	.0	.0	
63.0	57.1	12.1	108.6	237.8	94.6	7.9	.0	
63.4	60.2	9.0	124.2	238.3	99.2	.0	.0	
6 30 1990
72.5	66.4	13.2	147.4	238.8	94.6	.0	.0	
69.8	53.2	18.0	237.4	635.0	27.5	.0	.0	
66.5	47.2	12.1	257.8	681.9	2.9	.0	.0	
62.2	48.6	7.3	121.0	660.4	17.5	.0	.0	
76.9	63.2	10.0	169.0	421.3	73.3	.0	.0	
76.4	65.9	11.7	93.4	480.1	83.8	23.6	.0	
77.2	64.9	13.2	146.6	279.2	95.8	15.7	.0	
77.4	68.8	9.5	162.6	281.3	90.4	51.2	.0	
75.7	66.6	6.0	79.8	554.0	59.2	.0	.0	
70.4	65.4	7.5	125.0	255.5	85.8	47.2	.0	
78.6	69.9	13.9	166.6	605.2	32.1	.0	.0	
83.0	71.4	18.3	191.0	600.4	23.3	.0	.0	
81.9	74.1	11.6	186.2	361.4	63.3	15.7	.0	
74.0	68.7	12.6	155.0	281.8	91.2	19.7	.0	
73.5	69.5	13.3	139.8	363.0	84.6	161.4	.0	
82.0	73.7	14.4	170.2	476.0	60.0	.0	.0	
82.3	69.6	7.5	215.4	631.5	25.8	.0	.0	
79.4	66.4	8.5	125.0	682.4	29.2	47.2	.0	
83.6	73.2	15.3	182.6	627.3	62.5	11.8	.0	
79.0	69.0	8.4	213.8	638.2	39.6	74.8	.0	
76.2	67.4	8.8	168.2	516.1	58.8	7.9	.0	
71.3	55.9	13.6	306.2	675.5	12.9	.0	.0	
71.3	57.1	8.6	178.6	673.0	22.5	.0	.0	
74.0	62.9	10.2	153.0	482.2	42.5	.0	.0	
81.2	72.1	9.5	189.0	656.8	28.8	.0	.0	
80.6	72.1	8.4	149.4	586.0	47.5	82.7	.0	
81.5	74.2	11.9	146.6	540.3	26.7	.0	.0	
85.1	74.1	18.1	183.4	643.2	29.6	.0	.0	
86.7	72.7	18.3	207.0	683.4	15.4	.0	.0	
85.4	72.8	13.6	175.4	547.5	37.1	.0	.0	
7 31 1990
85.4	73.0	8.7	144.6	683.2	7.9	.0	.0	
87.1	70.7	14.9	175.0	676.1	12.9	.0	.0	
88.9	68.7	12.8	201.4	690.4	3.8	.0	.0	
88.7	68.4	11.0	205.4	688.5	6.2	.0	.0	
83.1	72.1	8.7	94.6	399.7	54.6	.0	.0	
80.1	72.9	10.8	107.4	295.8	78.3	7.9	.0	
84.3	70.5	11.4	160.2	681.4	17.9	.0	.0	
87.6	67.8	13.1	199.4	685.0	1.2	.0	.0	
82.8	69.7	8.1	197.8	279.6	79.6	.0	.0	
80.2	72.5	6.0	137.0	286.3	87.9	.0	.0	
72.7	66.7	8.5	165.8	278.3	73.8	.0	.0	
63.1	58.5	13.2	218.2	279.7	72.1	3.9	.0	
64.7	57.0	9.0	39.0	271.9	86.7	7.9	.0	
66.5	53.9	5.0	139.8	671.7	16.2	.0	.0	
74.0	56.7	7.2	135.0	647.9	7.9	.0	.0	
78.8	58.8	11.5	205.0	673.8	8.3	.0	.0	
78.3	63.2	10.0	191.8	564.3	56.7	.0	.0	
80.1	67.6	9.4	188.6	603.4	35.0	.0	.0	
81.6	66.6	10.0	191.4	454.4	66.2	.0	.0	
78.5	69.1	3.8	120.6	381.4	79.2	.0	.0	
70.4	68.2	9.7	63.8	233.3	97.9	240.2	.0	
69.8	59.6	8.5	83.8	543.1	41.2	.0	.0	
70.2	57.9	4.3	114.6	637.7	15.4	.0	.0	
74.0	62.6	9.9	149.0	389.9	63.8	.0	.0	
78.0	69.0	12.7	168.6	342.9	76.7	.0	.0	
77.9	70.9	10.9	184.2	404.9	67.5	55.1	.0	
78.8	69.8	12.5	167.0	490.6	53.8	.0	.0	
78.5	69.5	7.8	197.8	389.3	66.7	.0	.0	
78.5	65.9	7.4	259.0	620.5	15.8	.0	.0	
73.9	62.8	5.4	53.8	413.6	45.0	.0	.0	
70.8	59.5	3.2	42.2	557.7	21.2	.0	.0	
8 31 1990
73.2	63.5	3.9	83.8	555.6	23.8	.0	.0	
77.8	69.9	7.7	154.2	563.2	38.3	.0	.0	
73.1	70.1	5.5	168.2	228.4	94.6	200.8	.0	
75.7	67.0	6.9	94.6	494.6	55.0	.0	.0	
69.3	56.9	10.5	98.6	445.3	34.6	.0	.0	
66.3	55.4	6.8	42.6	585.2	27.1	.0	.0	
64.1	52.6	5.2	97.0	611.9	19.6	.0	.0	
69.6	58.8	7.2	109.0	616.3	10.0	.0	.0	
73.7	63.4	6.3	126.2	472.5	42.1	.0	.0	
75.7	67.8	7.0	122.2	367.5	66.7	.0	.0	
73.9	68.4	3.7	110.2	231.5	88.8	70.9	.0	
71.1	67.4	4.9	107.0	213.1	91.2	35.4	.0	
71.1	65.2	4.2	65.0	264.3	87.5	.0	.0	
71.7	66.2	3.3	92.2	210.8	96.7	.0	.0	
72.5	70.0	5.3	127.4	209.6	97.1	181.1	.0	
78.0	72.1	8.9	143.0	341.8	62.1	66.9	.0	
82.4	71.2	12.3	188.2	591.6	1.7	.0	.0	
81.9	70.3	12.4	193.0	580.6	23.3	.0	.0	
76.2	70.6	8.0	198.2	282.7	73.3	35.4	.0	
74.3	67.8	6.6	209.4	479.0	45.0	.0	.0	
74.8	69.0	4.5	87.4	467.8	23.3	.0	.0	
77.3	70.6	9.0	121.8	519.8	15.8	.0	.0	
80.8	71.9	8.4	164.6	559.6	6.2	.0	.0	
80.6	71.4	9.1	163.0	329.4	35.4	.0	.0	
83.7	71.8	10.6	172.2	560.9	1.2	.0	.0	
83.6	71.4	8.7	153.0	554.9	2.5	.0	.0	
83.6	69.8	5.8	153.8	549.7	10.0	.0	.0	
84.9	69.3	8.7	175.8	442.9	33.8	.0	.0	
82.1	68.2	4.7	96.2	476.8	28.3	.0	.0	
79.0	64.6	4.9	110.6	481.9	16.2	.0	.0	
81.8	68.1	7.4	147.0	533.9	7.5	.0	.0	
9 30 1990
84.0	69.0	5.3	145.4	532.0	.8	.0	.0	
81.0	66.2	5.2	133.4	207.2	49.6	.0	.0	
80.4	67.3	5.6	121.8	521.5	6.2	.0	.0	
83.0	68.1	5.7	149.4	509.3	4.2	.0	.0	
83.3	67.5	7.2	153.4	511.4	2.5	.0	.0	
84.8	62.8	9.6	201.4	476.0	40.4	.0	.0	
76.9	67.4	6.4	130.2	283.5	68.3	27.6	.0	
76.9	68.5	5.5	111.4	453.9	36.7	.0	.0	
78.8	67.7	4.1	67.4	199.6	55.8	.0	.0	
78.6	68.4	7.8	103.4	336.0	76.7	.0	.0	
76.4	63.6	7.5	136.6	382.8	52.9	.0	.0	
74.6	64.0	3.5	123.0	463.3	11.2	.0	.0	
77.4	66.3	7.5	137.4	444.7	8.8	.0	.0	
71.9	53.8	10.7	240.6	474.9	.8	.0	.0	
67.4	52.6	3.2	108.2	470.3	.0	.0	.0	
64.8	46.4	12.0	65.4	178.7	59.2	.0	.0	
62.4	53.2	12.1	113.0	161.3	95.4	11.8	.0	
70.3	64.1	12.7	224.6	201.2	85.8	31.5	.0	
66.7	57.8	12.2	127.8	165.4	88.3	.0	.0	
67.8	64.7	8.4	148.2	156.4	92.9	.0	.0	
67.3	50.9	12.3	171.8	428.0	33.8	.0	.0	
59.7	43.7	12.3	270.2	410.4	17.5	.0	.0	
51.1	35.7	8.8	211.4	432.5	.0	.0	.0	
60.5	42.3	10.3	161.0	427.7	.0	.0	.0	
69.6	51.1	6.4	179.4	423.0	.0	.0	.0	
69.5	51.5	3.1	115.8	418.2	.0	.0	.0	
74.3	57.8	9.4	193.0	407.2	30.4	.0	.0	
67.6	55.2	7.4	123.8	155.2	65.0	.0	.0	
57.7	53.0	7.6	39.0	141.3	88.8	15.7	.0	
58.4	50.2	4.5	109.4	388.0	8.3	.0	.0	
10 31 1990
66.8	57.0	7.4	192.6	393.8	15.8	.0	.0	
70.0	62.3	13.9	183.0	165.9	80.4	11.8	.0	
64.2	57.4	13.0	245.4	215.6	73.8	118.1	.0	
66.3	50.6	9.3	213.0	368.3	11.7	.0	.0	
75.9	60.0	15.3	209.0	375.8	.0	.0	.0	
73.7	61.5	15.9	174.2	312.1	58.8	98.4	.0	
52.8	43.5	14.1	47.8	128.3	98.3	.0	.0	
48.6	45.3	13.1	29.4	126.7	100.0	3.9	.0	
44.2	38.8	14.3	209.8	125.1	92.5	.0	.0	
46.5	35.3	8.5	241.0	351.4	1.2	.0	.0	
55.1	41.2	10.1	179.4	348.5	.0	.0	.0	
51.0	44.0	7.2	185.8	326.1	12.9	.0	.0	
57.2	47.6	9.5	159.0	208.4	28.8	.0	.0	
58.3	42.8	9.5	205.8	311.2	21.2	.0	.0	
54.1	38.4	7.0	96.6	284.5	22.1	.0	.0	
69.7	60.2	14.2	159.4	226.9	61.2	.0	.0	
60.1	45.2	24.9	261.8	229.1	34.2	.0	.0	
43.6	27.6	10.3	217.8	317.6	.4	.0	.0	
55.4	35.4	14.0	153.0	311.0	10.4	.0	.0	
58.0	49.3	11.2	221.0	142.1	72.5	35.4	.0	
45.5	34.2	9.4	194.2	301.6	20.8	.0	.0	
48.3	32.3	8.8	167.4	299.2	2.1	.0	.0	
51.2	39.5	4.0	127.8	187.4	41.7	.0	.0	
50.4	35.5	9.3	156.2	289.9	25.8	.0	.0	
48.0	35.5	4.6	129.0	287.0	2.9	.0	.0	
59.2	43.1	11.3	179.4	285.1	2.1	.0	.0	
57.0	35.7	9.9	157.8	240.1	30.8	.0	.0	
48.5	30.6	5.8	106.6	277.4	1.7	.0	.0	
64.9	45.5	15.5	191.0	273.7	.0	.0	.0	
67.0	50.0	12.6	194.2	269.1	5.4	.0	.0	
66.7	51.2	12.0	174.6	266.2	2.5	.0	.0	
11 30 1990
70.0	53.4	18.3	184.6	168.0	70.8	.0	.0	
67.4	54.6	13.9	174.6	90.7	99.2	.0	.0	
48.8	45.0	13.2	81.4	89.6	100.0	145.7	.0	
36.3	30.7	14.6	113.4	88.4	100.0	55.1	.0	
40.7	30.9	7.3	194.2	236.6	51.2	.0	.0	
42.8	34.6	14.4	72.6	95.6	96.7	.0	.0	
33.4	21.0	8.5	63.8	237.3	28.8	.0	.0	
39.4	37.0	7.3	175.8	84.0	99.6	35.4	.0	
42.0	33.3	7.1	235.0	235.7	8.3	.0	.0	
47.6	36.7	4.2	127.4	202.8	39.6	.0	.0	
50.8	40.3	5.7	119.4	152.5	27.9	.0	.0	
48.6	43.4	3.8	75.4	228.4	.0	.0	.0	
54.2	43.2	5.8	131.0	225.6	2.9	.0	.0	
60.1	45.0	14.6	194.6	222.9	.0	.0	.0	
61.9	50.6	14.7	199.0	187.5	29.2	.0	.0	
49.4	31.0	10.7	208.2	204.8	30.8	.0	.0	
40.9	29.3	6.4	105.4	85.6	62.1	.0	.0	
47.7	39.0	5.5	111.0	87.6	57.5	.0	.0	
46.5	43.4	4.1	58.2	99.7	64.6	.0	.0	
62.2	58.8	18.0	158.6	76.5	99.2	.0	.0	
60.9	47.9	18.7	226.6	162.1	50.0	.0	.0	
46.2	28.0	8.5	158.2	202.6	20.8	.0	.0	
52.5	31.5	9.8	251.8	111.7	54.2	.0	.0	
50.9	31.9	6.7	193.4	105.4	42.9	.0	.0	
50.0	39.1	3.0	87.4	197.2	17.1	.0	.0	
64.3	57.1	16.1	167.4	71.1	99.2	35.4	.0	
31.8	28.7	14.9	207.8	68.3	95.8	23.6	.0	
32.9	22.8	10.2	268.6	193.5	.0	.0	.0	
37.0	21.7	10.0	214.6	191.6	5.0	.0	.0	
47.2	24.2	18.9	198.6	189.6	24.6	.0	.0	
12 31 1990
41.9	26.2	9.2	79.0	100.6	67.5	.0	.0	
36.3	30.1	12.3	132.2	65.5	80.4	19.7	.0	
30.7	23.1	18.7	310.6	65.1	72.5	.0	.0	
31.6	23.3	7.4	176.6	183.2	18.3	.0	.0	
44.1	22.3	13.8	206.6	123.8	67.9	.0	.0	
38.2	23.4	9.8	163.8	132.9	50.8	.0	.0	
35.7	19.2	5.4	141.0	167.4	10.4	.0	.0	
39.2	25.3	2.4	89.4	180.6	.8	.0	.0	
43.3	28.3	5.3	148.2	179.7	.0	.0	.0	
43.6	30.9	4.3	119.0	178.9	.0	.0	.0	
49.4	35.4	10.0	191.4	178.2	.0	.0	.0	
40.0	35.8	7.0	148.6	89.0	69.6	.0	.0	
34.2	24.1	7.8	87.0	62.0	95.4	.0	.0	
40.1	33.4	11.4	159.4	61.8	93.8	.0	.0	
37.5	26.3	11.4	202.2	137.9	34.2	.0	.0	
35.6	31.0	6.6	122.2	65.5	94.6	.0	.0	
39.2	37.0	7.8	236.6	61.4	100.0	15.7	.0	
35.7	30.1	9.5	203.8	107.8	70.8	.0	.0	
34.6	33.5	6.2	121.8	61.3	50.0	.0	.0	
16.4	12.8	14.9	250.2	61.3	100.0	.0	.0	
2.3	-3.3	16.7	276.2	61.3	89.2	.0	30.0	
.8	-5.4	14.1	228.2	61.3	92.1	.0	.0	
8.3	-2.4	9.7	259.0	82.8	57.5	.0	.0	
19.8	7.7	8.6	209.0	175.4	12.5	.0	.0	
18.9	8.0	10.9	106.2	79.5	73.8	.0	.0	
17.5	7.4	8.2	88.6	149.1	61.2	.0	.0	
24.3	18.6	6.2	114.2	107.6	61.2	.0	.0	
36.0	33.7	12.0	154.2	62.0	100.0	27.6	.0	
6.0	1.0	18.5	269.4	62.2	100.0	.0	20.0	
.5	-6.9	10.4	274.6	143.3	47.5	.0	60.0	
12.8	3.6	7.6	164.2	178.9	.0	.0	.0	
