   1    31    1968
30.3	20.2	9.5	142.5	165.3	71.0	.0	.0	
25.3	14.9	5.6	41.3	122.4	78.0	.0	.0	
36.0	32.7	5.1	185.0	101.2	98.0	19.0	.0	
42.9	34.5	10.4	248.8	126.4	68.0	6.0	.0	
22.8	2.1	8.4	128.8	262.2	2.0	.0	.0	
28.4	20.4	5.9	172.5	104.2	79.0	.0	71.1	
29.3	19.6	10.2	265.0	205.2	50.0	.0	.0	
17.5	5.0	6.7	147.5	237.7	8.0	.0	.0	
20.8	13.3	4.3	128.8	103.1	96.0	.0	30.5	
26.7	21.7	6.9	72.5	140.2	98.0	.0	.0	
21.8	9.6	11.6	113.8	202.0	53.0	.0	.0	
18.0	-.2	8.1	70.0	143.1	67.0	.0	.0	
34.4	29.4	12.5	62.5	103.2	98.0	96.0	.0	
40.8	36.7	12.0	198.8	163.8	80.0	75.0	.0	
33.6	21.6	14.0	242.5	225.6	46.0	.0	.0	
30.6	16.0	6.3	220.0	253.8	15.0	.0	.0	
29.1	18.5	3.5	105.0	262.7	8.0	.0	.0	
35.4	24.5	4.6	167.5	279.8	2.0	.0	.0	
39.6	26.2	4.9	185.0	260.2	20.0	.0	.0	
43.0	22.4	5.2	256.3	253.3	36.0	.0	.0	
45.5	30.2	6.5	233.8	278.0	14.0	.0	.0	
39.5	27.1	6.3	146.3	282.0	19.0	.0	.0	
47.3	36.4	8.8	243.8	102.1	94.0	5.0	.0	
26.9	19.9	11.9	20.0	150.7	98.0	.0	27.9	
24.9	16.2	8.2	133.8	167.0	76.0	.0	2.5	
28.5	13.8	5.2	291.3	303.6	2.0	.0	.0	
37.8	20.6	2.0	128.8	286.8	43.0	.0	.0	
44.4	26.9	5.5	172.5	145.5	85.0	.0	.0	
48.3	29.9	5.5	90.0	242.7	67.0	.0	.0	
54.5	37.0	7.7	167.5	192.9	86.0	.0	.0	
43.2	40.0	10.4	37.5	120.2	98.0	.0	.0	
   2    29    1968
42.2	39.7	5.0	105.0	153.7	98.0	.0	.0	
47.7	45.0	9.1	227.5	138.2	96.0	30.0	.0	
41.7	27.3	8.2	226.3	331.3	2.0	.0	.0	
39.2	19.2	7.2	290.0	308.9	13.0	.0	.0	
38.5	16.1	5.9	270.0	317.5	10.0	.0	.0	
38.0	19.1	2.7	140.0	336.6	23.0	.0	.0	
38.6	21.8	8.4	113.8	148.1	98.0	.0	.0	
38.1	15.4	11.0	255.0	169.7	86.0	.0	.0	
38.5	19.5	8.2	261.3	275.2	48.0	.0	.0	
26.9	3.1	13.1	287.5	367.5	15.0	.0	.0	
19.9	-1.0	7.1	232.5	367.6	2.0	.0	.0	
23.7	3.4	8.6	263.8	370.7	11.0	.0	.0	
23.8	4.1	8.8	250.0	340.3	11.0	.0	.0	
33.6	4.3	11.2	248.8	361.8	3.0	.0	.0	
37.1	10.9	10.5	278.8	191.1	56.0	.0	.0	
35.4	16.5	8.5	231.3	367.2	2.0	.0	.0	
40.8	14.4	12.0	272.5	366.4	10.0	.0	.0	
28.4	-7.0	11.0	271.3	218.7	64.0	.0	.0	
30.5	-1.2	7.1	227.5	346.9	35.0	.0	.0	
40.9	15.9	11.0	208.8	185.8	93.0	.0	.0	
23.1	-2.5	11.8	171.3	379.6	31.0	.0	.0	
22.9	-1.0	5.8	236.3	392.6	15.0	.0	.0	
32.8	5.5	5.9	155.0	278.2	51.0	.0	.0	
32.4	15.7	8.9	78.8	245.2	74.0	.0	.0	
32.9	9.1	11.5	350.0	416.9	2.0	.0	.0	
32.3	8.8	6.8	203.8	427.9	2.0	.0	.0	
33.7	13.4	5.3	151.3	327.8	39.0	.0	.0	
38.3	19.1	5.6	207.5	235.0	85.0	.0	.0	
36.8	31.8	8.8	210.0	171.3	98.0	68.0	.0	
   3    31    1968
32.9	21.1	13.3	297.5	384.9	55.0	18.0	.0	
45.3	24.9	12.2	252.5	422.6	47.0	.0	.0	
32.8	11.2	15.0	331.3	458.4	8.0	.0	.0	
39.1	9.0	9.8	243.8	386.7	19.0	.0	.0	
47.1	14.9	8.5	241.3	356.1	30.0	.0	.0	
43.9	27.5	8.5	105.0	194.3	89.0	.0	.0	
39.1	17.5	9.8	167.5	471.5	11.0	.0	.0	
46.6	24.6	8.2	212.5	437.2	40.0	.0	.0	
61.6	39.3	10.1	220.0	415.5	71.0	.0	.0	
60.1	54.1	9.7	192.5	241.0	92.0	35.0	.0	
52.6	39.1	9.1	118.8	446.5	48.0	.0	.0	
44.3	42.0	7.6	93.8	186.1	98.0	177.0	.0	
39.9	30.6	11.4	282.5	263.5	66.0	51.0	.0	
34.6	14.7	6.3	131.3	431.4	35.0	.0	.0	
44.5	28.6	8.2	168.8	281.4	80.0	.0	.0	
57.4	47.8	9.5	162.5	237.5	98.0	8.0	.0	
51.5	48.0	13.1	222.5	201.2	98.0	85.0	.0	
51.6	39.9	13.8	356.3	213.1	77.0	4.0	.0	
56.3	43.2	7.1	248.8	460.9	25.0	.0	.0	
60.5	46.4	6.5	142.5	453.0	58.0	.0	.0	
69.6	50.0	7.4	197.5	376.9	66.0	.0	.0	
73.4	46.9	11.5	186.3	385.6	59.0	.0	.0	
52.8	39.0	16.6	241.3	283.3	66.0	22.0	.0	
45.6	17.6	14.5	280.0	547.4	2.0	.0	.0	
45.1	26.6	4.0	146.3	449.4	44.0	.0	.0	
53.3	32.9	8.1	156.3	515.6	11.0	.0	.0	
61.8	39.4	5.9	220.0	533.3	20.0	.0	.0	
64.5	41.9	6.9	190.0	330.0	61.0	.0	.0	
68.7	45.9	7.1	208.8	490.5	19.0	.0	.0	
63.8	45.5	6.9	140.0	459.5	34.0	.0	.0	
65.6	47.2	8.5	151.3	405.3	72.0	.0	.0	
   4    30    1968
57.5	38.9	11.2	220.0	407.5	52.0	29.0	.0	
48.4	24.4	6.5	178.8	367.4	54.0	.0	.0	
50.3	36.0	6.1	200.0	237.0	94.0	.0	.0	
68.6	54.8	13.1	205.0	329.0	98.0	.0	.0	
62.3	54.6	12.4	182.5	217.1	98.0	68.0	.0	
48.6	31.5	9.6	62.5	561.4	33.0	.0	.0	
50.6	37.1	5.3	115.0	562.9	40.0	.0	.0	
66.2	52.6	10.4	208.8	389.9	74.0	.0	.0	
68.9	46.4	6.8	243.8	423.9	67.0	.0	.0	
59.5	36.9	7.6	106.3	278.9	98.0	.0	.0	
52.9	41.1	7.9	127.5	343.6	67.0	24.0	.0	
56.4	32.9	4.6	235.0	621.0	2.0	.0	.0	
62.7	38.5	4.2	182.5	552.1	38.0	.0	.0	
66.2	42.5	5.5	135.0	577.3	26.0	.0	.0	
57.8	43.7	11.4	156.3	324.8	58.0	22.0	.0	
54.7	29.1	10.6	180.0	626.4	9.0	.0	.0	
57.7	33.6	5.9	240.0	529.0	68.0	.0	.0	
61.4	42.3	5.2	173.8	486.2	41.0	.0	.0	
68.0	51.9	7.2	163.8	565.3	20.0	.0	.0	
65.5	50.6	4.6	212.5	290.4	75.0	.0	.0	
63.9	53.5	5.9	131.3	591.0	45.0	14.0	.0	
57.6	50.2	7.6	65.0	313.7	83.0	.0	.0	
58.2	46.6	8.4	105.0	494.1	90.0	.0	.0	
61.1	57.3	10.7	192.5	258.5	90.0	68.0	.0	
57.2	33.1	10.5	240.0	638.7	15.0	.0	.0	
57.3	40.3	8.2	137.5	543.6	40.0	.0	.0	
60.6	49.8	6.7	192.5	317.0	69.0	58.0	.0	
55.0	44.9	6.1	208.8	526.7	39.0	.0	.0	
53.4	44.5	5.3	151.3	310.6	74.0	10.0	.0	
56.7	45.5	7.1	318.8	548.6	50.0	.0	.0	
   5    31    1968
58.8	44.1	6.0	196.3	424.9	63.0	.0	.0	
61.4	35.0	8.1	240.0	623.9	6.0	.0	.0	
72.3	50.7	10.1	211.3	586.3	48.0	.0	.0	
67.8	55.6	7.5	168.8	387.9	80.0	.0	.0	
61.3	51.6	7.8	153.8	573.5	78.0	28.0	.0	
53.9	37.4	8.9	261.3	634.1	15.0	.0	.0	
54.8	32.2	4.6	175.0	627.7	45.0	.0	.0	
59.2	38.6	7.7	178.8	566.4	57.0	.0	.0	
66.8	50.2	10.5	200.0	578.6	65.0	.0	.0	
71.5	56.0	8.7	220.0	509.9	90.0	.0	.0	
71.8	60.3	8.0	188.8	484.7	98.0	.0	.0	
73.4	66.0	10.7	237.5	318.8	88.0	18.0	.0	
66.9	56.3	9.5	93.8	554.2	68.0	.0	.0	
56.3	51.6	6.3	125.0	277.7	98.0	32.0	.0	
62.3	58.2	3.0	110.0	333.5	98.0	.0	.0	
71.6	65.2	10.7	196.3	372.4	72.0	.0	.0	
73.7	56.7	7.8	216.3	490.1	74.0	.0	.0	
69.2	61.6	6.0	205.0	358.6	71.0	1.0	.0	
66.6	54.0	6.5	218.8	638.2	23.0	8.0	.0	
59.3	43.0	8.2	236.3	594.6	18.0	.0	.0	
60.5	45.1	6.5	263.8	548.0	26.0	1.0	.0	
62.6	46.0	5.9	166.3	632.6	42.0	.0	.0	
66.8	54.1	8.9	172.5	293.9	94.0	.0	.0	
74.9	59.0	12.0	232.5	534.6	80.0	.0	.0	
65.2	53.5	7.2	67.5	592.7	65.0	1.0	.0	
65.8	54.8	6.6	68.8	394.8	77.0	31.0	.0	
56.8	54.6	13.9	57.5	284.0	98.0	154.0	.0	
56.4	53.6	11.8	260.0	322.0	98.0	24.0	.0	
63.4	55.9	6.2	232.5	603.6	33.0	7.0	.0	
66.9	56.3	11.1	213.8	435.4	60.0	8.0	.0	
66.7	52.8	7.8	251.3	591.1	29.0	.0	.0	
   6    30    1968
68.5	56.4	4.2	165.0	609.5	43.0	.0	.0	
74.1	63.8	9.0	208.8	332.3	90.0	.0	.0	
71.5	63.4	8.9	202.5	470.7	73.0	34.0	.0	
69.3	56.0	6.2	268.8	718.7	2.0	.0	.0	
70.7	57.2	5.5	150.0	646.7	6.0	.0	.0	
72.9	59.1	5.5	195.0	649.5	53.0	.0	.0	
74.6	64.5	5.8	170.0	551.0	98.0	.0	.0	
76.3	69.5	8.2	176.3	495.6	83.0	45.0	.0	
77.2	70.0	7.9	163.8	448.6	85.0	.0	.0	
75.3	71.3	4.6	123.8	313.7	98.0	1.0	.0	
76.8	72.3	5.9	121.3	405.5	95.0	20.0	.0	
76.5	72.1	6.2	178.8	321.6	90.0	21.0	.0	
70.8	59.0	8.9	330.0	568.8	55.0	13.0	.0	
67.0	53.7	7.2	286.3	659.6	21.0	.0	.0	
74.1	61.6	6.3	182.5	724.6	13.0	.0	.0	
78.9	65.6	7.4	210.0	630.7	52.0	31.0	.0	
67.9	65.3	6.3	158.8	296.1	98.0	91.0	.0	
68.7	60.8	5.5	107.5	376.6	96.0	3.0	.0	
73.8	67.7	7.9	202.5	402.1	91.0	.0	.0	
74.2	63.3	5.9	151.3	653.7	30.0	.0	.0	
69.3	53.8	5.8	163.8	649.0	52.0	.0	.0	
76.8	66.4	7.2	202.5	581.2	48.0	.0	.0	
79.7	71.3	5.1	152.5	569.4	66.0	.0	.0	
83.6	72.9	4.6	181.3	574.9	68.0	.0	.0	
83.2	71.6	6.9	218.8	582.7	70.0	.0	.0	
87.0	71.4	10.1	225.0	623.9	46.0	.0	.0	
80.8	70.6	8.5	200.0	629.7	44.0	30.0	.0	
72.1	59.0	7.8	238.8	521.7	63.0	.0	.0	
75.4	60.1	8.4	201.3	661.9	29.0	.0	.0	
83.4	65.4	6.5	157.5	641.9	36.0	.0	.0	
   7    31    1968
86.2	70.6	7.1	171.3	700.6	3.0	.0	.0	
86.3	68.5	9.8	230.0	647.7	35.0	.0	.0	
76.3	65.3	8.1	135.0	443.3	65.0	.0	.0	
69.8	64.1	3.9	182.5	333.2	88.0	16.0	.0	
72.7	59.3	5.2	122.5	613.7	59.0	.0	.0	
72.9	65.3	4.2	125.0	559.4	65.0	49.0	.0	
74.2	64.5	3.9	165.0	591.3	44.0	.0	.0	
75.8	64.0	7.9	178.8	576.2	66.0	.0	.0	
72.6	66.0	6.3	77.5	312.9	89.0	7.0	.0	
77.4	69.7	6.0	132.5	306.3	98.0	.0	.0	
75.2	70.7	5.2	91.3	304.6	98.0	12.0	.0	
75.5	70.1	5.9	72.5	321.7	85.0	.0	.0	
75.8	69.9	5.0	110.0	361.4	82.0	.0	.0	
79.7	71.9	4.7	177.5	442.3	82.0	.0	.0	
79.8	72.1	5.6	201.3	529.3	45.0	79.0	.0	
79.0	71.6	5.2	130.0	513.2	50.0	37.0	.0	
80.8	71.8	4.7	207.5	557.3	36.0	.0	.0	
80.9	72.4	7.0	166.3	614.9	21.0	.0	.0	
78.9	71.0	5.8	220.0	526.9	53.0	112.0	.0	
76.9	65.2	7.8	236.3	609.4	30.0	3.0	.0	
76.5	63.3	4.5	163.8	625.6	13.0	.0	.0	
79.5	68.3	7.3	200.0	575.4	47.0	.0	.0	
82.1	68.9	5.7	248.8	617.7	32.0	.0	.0	
84.1	69.6	9.1	220.0	603.6	33.0	.0	.0	
81.7	70.4	5.8	183.8	508.6	49.0	26.0	.0	
76.2	69.5	5.2	122.5	318.3	89.0	.0	.0	
74.2	69.1	2.7	57.5	302.6	95.0	.0	.0	
80.7	71.3	5.1	193.8	459.0	80.0	.0	.0	
76.5	63.0	6.1	55.0	586.8	75.0	.0	.0	
75.2	63.4	6.4	85.0	606.5	50.0	.0	.0	
77.1	66.9	4.8	112.5	526.9	49.0	.0	.0	
   8    31    1968
81.9	71.2	8.8	228.8	540.0	48.0	32.0	.0	
79.1	73.1	7.4	188.8	384.6	95.0	110.0	.0	
79.7	72.3	7.0	185.0	406.1	80.0	11.0	.0	
79.3	72.1	7.2	196.3	528.0	41.0	17.0	.0	
78.3	71.5	4.6	191.3	497.6	50.0	40.0	.0	
82.4	73.8	4.6	163.8	564.9	36.0	.0	.0	
84.4	73.0	5.6	275.0	412.4	84.0	13.0	.0	
80.2	71.9	4.5	168.8	607.6	40.0	.0	.0	
82.6	73.7	5.0	190.0	521.8	67.0	21.0	.0	
80.7	71.8	7.2	250.0	510.5	83.0	5.0	.0	
68.7	63.9	5.7	156.3	269.5	86.0	8.0	.0	
68.2	57.8	5.2	190.0	605.0	21.0	.0	.0	
72.9	63.1	5.2	153.8	546.9	17.0	.0	.0	
77.7	70.9	5.6	213.8	410.9	54.0	25.0	.0	
78.4	71.2	5.0	106.3	571.9	35.0	.0	.0	
79.9	73.6	5.9	168.8	454.4	75.0	.0	.0	
85.5	74.0	6.4	245.0	490.3	41.0	.0	.0	
83.0	70.9	6.7	222.5	576.6	54.0	5.0	.0	
79.6	72.9	7.8	128.8	463.6	75.0	84.0	.0	
81.6	73.0	4.9	188.8	552.2	18.0	.0	.0	
84.8	72.9	5.9	268.8	581.1	15.0	.0	.0	
82.7	71.1	6.1	222.5	595.8	10.0	.0	.0	
84.9	73.1	4.7	201.3	518.7	39.0	.0	.0	
84.4	74.1	2.9	142.5	487.4	58.0	.0	.0	
84.7	71.1	4.9	215.0	566.3	37.0	.0	.0	
75.5	60.5	7.1	57.5	433.6	40.0	.0	.0	
66.6	50.7	7.1	185.0	514.9	50.0	.0	.0	
64.7	50.4	8.0	115.0	353.1	87.0	.0	.0	
65.7	50.0	7.2	167.5	518.9	23.0	.0	.0	
65.6	51.0	5.6	216.3	510.1	29.0	.0	.0	
65.3	53.0	5.0	165.0	426.8	60.0	.0	.0	
   9    30    1968
70.5	60.5	5.2	100.0	327.1	93.0	.0	.0	
74.5	63.9	5.7	217.5	352.3	68.0	.0	.0	
75.0	58.2	5.9	221.3	520.3	38.0	.0	.0	
74.8	61.8	4.5	175.0	262.8	85.0	.0	.0	
77.7	64.5	6.3	151.3	438.8	75.0	.0	.0	
75.9	69.5	7.9	212.5	235.7	94.0	144.0	.0	
71.1	56.5	6.5	76.3	552.7	22.0	.0	.0	
68.7	56.8	4.2	96.3	511.6	61.0	.0	.0	
70.1	62.0	5.2	143.8	428.6	47.0	.0	.0	
72.2	67.6	5.8	98.8	258.6	91.0	20.0	.0	
71.5	61.2	6.1	222.5	423.1	50.0	.0	.0	
66.5	53.8	5.5	270.0	458.4	15.0	.0	.0	
65.6	49.9	4.0	201.3	492.2	2.0	.0	.0	
68.0	53.5	4.5	147.5	538.8	2.0	.0	.0	
66.7	54.4	4.9	135.0	535.5	2.0	.0	.0	
65.3	55.5	4.3	92.5	450.1	56.0	.0	.0	
67.7	58.5	4.6	126.3	293.0	82.0	.0	.0	
67.3	58.5	5.6	105.0	270.0	80.0	.0	.0	
69.1	57.4	6.6	53.8	457.6	35.0	.0	.0	
67.0	57.2	5.2	136.3	436.9	8.0	.0	.0	
67.7	58.0	4.3	97.5	409.9	29.0	.0	.0	
67.7	56.9	4.2	176.3	464.4	3.0	.0	.0	
69.3	56.2	3.3	57.5	487.1	2.0	.0	.0	
71.7	56.6	4.4	131.3	491.1	2.0	.0	.0	
75.7	61.0	7.5	192.5	454.7	20.0	.0	.0	
71.6	62.6	4.7	87.5	323.0	79.0	14.0	.0	
67.8	56.6	5.7	158.8	329.6	56.0	.0	.0	
66.1	51.9	4.0	168.8	449.5	13.0	.0	.0	
65.3	52.9	5.7	155.0	414.0	43.0	.0	.0	
64.4	49.4	4.5	257.5	438.8	21.0	.0	.0	
  10    31    1968
65.1	49.0	3.2	175.0	391.6	40.0	.0	.0	
68.2	52.5	4.1	120.0	412.6	36.0	.0	.0	
74.4	61.1	9.5	218.8	322.3	78.0	1.0	.0	
59.4	32.8	10.4	332.5	454.8	21.0	.0	.0	
50.6	30.2	6.1	237.5	463.7	3.0	.0	.0	
57.4	42.6	8.0	136.3	309.8	73.0	.0	.0	
65.6	56.3	7.6	138.8	361.3	41.0	56.0	.0	
58.9	48.0	6.7	147.5	388.4	24.0	.0	.0	
60.0	50.4	4.9	91.3	230.9	74.0	.0	.0	
62.2	55.2	5.5	87.5	206.6	96.0	.0	.0	
64.8	57.9	3.0	91.3	186.7	92.0	.0	.0	
65.8	59.1	5.0	180.0	210.0	92.0	.0	.0	
68.5	62.3	4.2	167.5	264.0	98.0	5.0	.0	
68.2	59.1	4.8	75.0	389.0	24.0	.0	.0	
68.6	61.5	5.5	62.5	249.9	65.0	.0	.0	
70.1	62.5	6.3	91.3	307.6	82.0	.0	.0	
71.4	62.9	6.3	92.5	260.4	88.0	.0	.0	
73.6	65.7	7.0	123.8	182.4	98.0	5.0	.0	
71.1	67.0	9.4	180.0	176.4	98.0	55.0	.0	
65.0	44.8	10.7	201.3	348.9	33.0	.0	.0	
56.7	42.4	5.9	236.3	389.7	2.0	.0	.0	
62.1	45.2	7.7	158.8	301.7	50.0	.0	.0	
64.0	50.9	5.2	153.8	274.3	55.0	.0	.0	
62.8	56.6	4.6	197.5	247.0	75.0	31.0	.0	
56.4	45.2	7.3	290.0	292.2	72.0	.0	.0	
50.2	30.0	9.5	287.5	263.0	28.0	.0	.0	
53.2	31.8	8.9	232.5	356.8	2.0	.0	.0	
51.2	42.2	8.5	221.3	139.1	56.0	6.0	.0	
46.9	29.9	9.0	281.3	286.7	32.0	.0	.0	
42.6	28.1	5.2	190.0	322.9	19.0	.0	.0	
43.9	30.2	2.5	141.3	319.3	4.0	.0	.0	
  11    30    1968
57.4	45.3	3.9	146.3	343.5	2.0	.0	.0	
64.9	51.9	4.5	202.5	308.7	32.0	.0	.0	
63.2	50.0	5.8	167.5	299.5	42.0	.0	.0	
58.9	51.5	6.8	35.0	141.4	98.0	.0	.0	
60.9	53.1	7.2	25.0	181.2	95.0	.0	.0	
60.5	51.0	5.8	108.8	134.0	98.0	.0	.0	
59.5	55.5	4.9	167.5	154.1	92.0	7.0	.0	
55.0	41.0	10.7	300.0	202.3	51.0	.0	.0	
43.5	34.1	4.5	165.0	142.8	97.0	36.0	.0	
38.6	35.8	10.0	212.5	150.6	84.0	70.0	.0	
41.9	32.4	6.8	156.3	198.6	58.0	14.0	.0	
40.0	35.0	14.7	280.0	148.9	90.0	173.0	.0	
43.5	23.4	11.1	292.5	267.3	37.0	.0	.0	
45.9	25.9	5.1	241.3	282.6	36.0	.0	.0	
56.6	33.6	8.4	207.5	229.1	88.0	.0	.0	
58.1	50.4	7.9	212.5	136.4	91.0	28.0	.0	
56.6	53.9	4.2	148.8	146.9	97.0	2.0	.0	
61.3	57.9	9.4	178.8	110.9	98.0	35.0	.0	
45.4	26.5	10.6	256.3	156.8	58.0	.0	.0	
37.4	18.8	8.5	295.0	271.2	5.0	.0	.0	
34.9	19.4	7.2	223.8	257.8	6.0	.0	.0	
49.7	27.6	8.4	252.5	235.5	13.0	.0	.0	
48.0	30.6	3.6	108.8	224.2	60.0	.0	.0	
55.9	40.8	9.3	182.5	189.7	73.0	14.0	.0	
47.7	35.1	6.5	281.3	254.2	27.0	6.0	.0	
44.6	26.6	6.0	160.0	231.5	40.0	.0	.0	
55.4	37.5	8.1	213.8	147.4	80.0	1.0	.0	
62.9	53.1	8.6	152.5	115.6	88.0	1.0	.0	
62.9	46.4	12.6	278.8	213.9	55.0	.0	.0	
44.2	30.4	5.9	67.5	127.4	78.0	.0	.0	
  12    31    1968
40.7	32.1	5.3	170.0	130.3	81.0	10.0	.0	
51.1	45.0	5.2	241.3	208.1	80.0	19.0	.0	
49.1	43.3	4.7	97.5	99.7	98.0	2.0	.0	
53.3	44.8	12.4	223.8	150.9	80.0	4.0	.0	
43.4	20.5	13.7	245.0	199.2	11.0	.0	.0	
38.5	14.4	7.8	245.0	223.5	43.0	.0	.0	
35.2	20.9	7.6	128.8	115.9	80.0	16.0	.0	
31.9	17.1	9.1	297.5	210.3	16.0	.0	.0	
31.8	12.5	10.2	302.5	244.4	8.0	.0	.0	
24.2	5.2	9.1	145.0	176.6	53.0	.0	.0	
22.7	8.5	3.7	151.3	239.2	25.0	.0	.0	
33.2	16.1	6.2	183.8	227.1	37.0	.0	.0	
48.0	34.1	8.5	186.3	171.3	83.0	.0	.0	
44.6	42.0	11.0	162.5	101.8	94.0	50.0	.0	
29.5	12.2	15.0	323.8	134.6	62.0	.0	.0	
28.2	6.0	10.5	266.3	221.0	14.0	.0	.0	
32.1	12.5	7.8	231.3	229.7	15.0	.0	.0	
33.3	19.2	3.3	151.3	101.2	68.0	.0	.0	
47.7	32.7	6.8	170.0	115.3	91.0	.0	.0	
46.9	32.8	10.1	266.3	197.4	30.0	.0	.0	
34.5	24.6	5.8	222.5	214.0	38.0	.0	.0	
34.2	32.0	4.7	196.3	82.8	98.0	65.0	.0	
41.2	34.7	11.1	243.8	172.6	60.0	7.0	.0	
30.5	12.5	11.1	283.8	231.9	8.0	.0	.0	
23.4	5.9	7.2	208.8	228.4	5.0	.0	.0	
26.0	9.7	4.3	105.0	88.0	89.0	.0	.0	
40.6	22.7	8.1	175.0	167.4	90.0	.0	.0	
57.1	46.6	14.7	203.8	121.7	62.0	17.0	.0	
41.1	25.1	12.4	278.8	230.8	11.0	.0	.0	
31.1	20.6	4.5	121.3	200.2	62.0	.0	.0	
37.6	35.2	5.5	207.8	89.8	98.0	38.0	.0	
