01	31	2004
50.5	44.5	11.1	176.8	181.6	100.0	0	0.0
58.7	50.7	13.2	205.8	157.5	100.0	0	0.0
41.9	33.9	13.9	66.7	183.2	100.0	10	24.1
29.7	28.3	14.8	189.3	184.1	100.0	28	71.2
16.8	12.0	14.5	319.0	185.1	100.0	0	0.0
10.4	2.5	11.3	255.2	186.2	100.0	0	0.0
22.4	7.3	9.9	184.2	187.3	100.0	0	0.0
34.5	17.9	7.6	113.3	188.5	100.0	0	0.0
26.8	24.4	9.4	271.0	189.8	100.0	0	0.0
25.0	21.5	6.3	185.7	191.2	100.0	0	0.0
41.0	30.1	12.4	219.2	192.7	100.0	0	0.0
39.6	31.1	6.5	249.6	168.7	100.0	0	0.0
35.9	28.0	6.0	217.2	195.8	100.0	0	0.0
35.8	27.5	14.3	248.7	171.4	100.0	0	0.0
30.4	18.0	5.9	164.4	199.3	100.0	0	0.0
39.2	31.2	11.1	148.0	201.1	100.0	21	0.0
39.8	38.5	10.3	115.1	203.1	100.0	81	0.0
23.2	13.8	13.8	343.1	205.0	100.0	0	0.0
14.7	5.5	6.9	199.8	207.1	100.0	0	0.0
19.4	10.2	4.3	104.6	209.2	100.0	0	0.0
33.0	23.4	10.3	217.4	211.4	100.0	0	0.0
23.7	7.2	11.6	300.2	213.7	100.0	0	0.0
36.9	22.7	15.9	220.2	216.1	100.0	0	0.0
31.7	22.8	12.6	92.9	218.5	100.0	0	0.0
24.2	19.9	11.2	68.8	221.0	100.0	31	124.5
20.3	18.2	7.1	192.5	223.5	100.0	2	8.0
10.1	5.1	10.3	270.1	226.2	100.0	0	0.0
12.3	8.2	5.9	178.5	228.9	100.0	0	0.0
7.5	2.9	7.2	170.0	231.8	100.0	0	0.0
4.9	0.7	4.2	189.9	234.7	100.0	0	0.0
12.5	5.5	8.8	99.6	237.7	100.0	0	0.0
02	29	2004
28.6	18.5	11.3	116.2	240.8	100.0	1	0.0
30.4	28.9	11.6	191.2	243.9	100.0	27	63.9
17.6	9.9	9.9	236.5	247.1	100.0	0	0.0
23.1	12.3	10.7	88.6	250.4	100.0	0	0.0
28.3	28.1	10.4	122.2	253.7	100.0	16	41.9
24.1	21.6	12.4	282.3	257.2	100.0	0	0.0
12.7	6.8	11.4	278.4	239.0	100.0	0	0.0
19.8	11.1	12.4	152.4	231.1	100.0	0	0.0
31.6	21.5	10.1	242.5	267.9	100.0	0	0.0
27.8	20.3	8.9	245.4	271.7	100.0	0	0.0
33.1	25.9	9.0	245.0	275.4	100.0	0	0.0
19.2	13.7	10.2	294.4	279.2	100.0	0	0.0
22.8	15.4	7.7	229.4	283.1	100.0	0	0.0
32.1	25.0	6.6	143.1	287.0	100.0	0	0.0
24.6	20.1	9.9	53.3	291.0	100.0	0	0.0
28.5	20.6	5.7	90.0	295.0	100.0	0	0.0
32.7	27.7	5.0	236.6	299.1	100.0	0	0.0
40.1	29.5	10.5	187.2	288.4	100.0	0	0.0
53.6	37.9	13.2	162.9	307.4	100.0	0	0.0
42.4	36.1	15.5	264.3	311.5	100.0	13	0.0
37.4	28.6	8.9	249.6	315.8	100.0	0	0.0
42.4	31.9	9.5	140.6	320.0	100.0	0	0.0
43.8	35.6	10.8	187.3	324.3	100.0	0	0.0
35.7	29.0	13.5	41.8	328.7	100.0	0	0.0
35.5	28.6	13.4	53.7	333.0	100.0	0	0.0
36.4	28.0	7.1	115.2	337.4	100.0	0	0.0
41.5	29.1	8.7	117.9	341.8	100.0	0	0.0
47.5	30.8	11.5	152.5	346.3	100.0	0	0.0
52.2	44.4	15.4	147.9	350.7	100.0	6	0.0
03	31	2004
52.1	40.4	21.1	210.6	355.2	100.0	0	0.0
41.5	35.7	8.6	235.4	359.7	100.0	0	0.0
42.6	41.1	8.2	80.5	364.2	100.0	10	0.0
50.6	50.4	12.0	95.1	368.7	100.0	141	0.0
49.1	43.1	16.9	250.6	373.3	100.0	1	0.0
46.1	33.0	11.8	240.0	377.8	100.0	0	0.0
46.5	26.3	16.1	291.2	382.4	100.0	0	0.0
47.6	27.4	10.7	261.2	386.9	100.0	0	0.0
41.4	30.1	12.7	214.4	391.5	100.0	0	0.0
43.1	28.9	12.8	180.4	396.0	100.0	0	0.0
41.0	23.1	15.1	291.7	400.6	100.0	0	0.0
34.6	12.6	5.8	202.1	405.2	100.0	0	0.0
39.1	26.0	11.6	150.6	409.7	100.0	15	0.0
44.9	32.0	10.4	234.4	414.2	100.0	3	0.0
43.5	35.0	10.0	122.6	418.8	100.0	9	0.0
36.0	34.6	9.4	259.7	423.3	100.0	1	0.0
39.1	37.5	7.2	165.1	427.8	100.0	7	0.0
44.4	35.2	9.2	181.5	432.3	100.0	0	0.0
51.9	37.2	13.2	137.7	436.8	100.0	0	0.0
59.0	40.9	17.4	287.9	441.3	100.0	0	0.0
35.3	19.4	12.0	289.1	445.9	100.0	0	0.0
39.1	16.8	7.4	103.7	450.5	100.0	0	0.0
46.7	37.4	14.0	154.1	455.1	100.0	31	0.0
60.7	48.6	17.2	185.4	432.6	100.0	0	0.0
61.7	57.1	14.0	171.9	464.4	100.0	17	0.0
61.0	59.4	10.7	149.1	469.0	100.0	267	0.0
66.0	56.2	13.7	145.8	473.6	100.0	1	0.0
53.6	50.5	10.0	215.3	478.2	100.0	43	0.0
49.0	43.2	5.6	222.5	482.8	100.0	2	0.0
42.3	33.9	13.0	312.9	487.3	100.0	0	0.0
41.8	34.9	8.9	237.4	491.9	100.0	0	0.0
04	30	2004
47.6	36.9	5.7	142.9	496.3	100.0	0	0.0
50.1	36.5	6.7	268.3	500.8	100.0	0	0.0
50.4	36.9	12.0	317.9	505.2	100.0	0	0.0
46.7	31.0	6.4	162.2	480.5	100.0	0	0.0
51.8	34.2	8.4	157.1	414.4	100.0	0	0.0
61.8	45.5	8.4	228.5	518.2	100.0	1	0.0
62.6	51.3	5.2	218.0	522.5	100.0	0	0.0
55.1	40.4	11.2	299.2	526.8	100.0	0	0.0
53.5	37.4	8.7	95.2	531.0	100.0	0	0.0
45.5	43.1	12.0	66.9	535.1	100.0	20	0.0
44.2	32.5	9.4	68.3	539.2	100.0	0	0.0
43.9	28.9	13.9	79.4	543.3	100.0	0	0.0
44.7	28.8	12.2	284.8	547.3	100.0	0	0.0
54.3	32.2	7.7	213.1	551.3	100.0	0	0.0
61.3	40.5	15.6	165.8	555.2	100.0	0	0.0
70.2	53.1	12.0	177.9	559.1	100.0	0	0.0
74.3	59.5	12.7	197.5	562.9	100.0	0	0.0
71.6	54.5	17.5	190.0	566.7	100.0	0	0.0
69.3	52.9	11.6	195.2	570.4	100.0	30	0.0
62.7	57.5	14.4	162.9	574.1	100.0	83	0.0
60.3	50.4	10.3	185.8	577.7	100.0	0	0.0
53.5	48.5	12.7	65.3	581.3	100.0	4	0.0
52.3	49.4	9.1	56.2	584.8	100.0	7	0.0
56.5	55.1	12.2	127.2	588.3	100.0	53	0.0
53.9	45.9	11.7	254.2	591.7	100.0	0	0.0
55.4	37.1	11.4	282.1	595.1	100.0	0	0.0
53.3	34.8	7.8	236.9	598.4	100.0	0	0.0
68.8	48.2	18.7	184.6	601.6	100.0	0	0.0
61.5	54.0	11.4	158.3	604.8	100.0	106	0.0
59.6	57.5	8.2	173.9	572.2	100.0	30	0.0
05	31	2004
50.5	46.2	9.5	102.2	611.1	100.0	14	0.0
45.8	38.1	9.5	273.7	614.3	100.0	0	0.0
47.7	39.1	7.0	162.2	617.4	100.0	0	0.0
55.1	49.4	6.7	198.6	542.4	100.0	1	0.0
65.7	55.2	8.2	138.8	623.4	100.0	0	0.0
73.0	59.0	13.7	202.1	626.3	100.0	0	0.0
71.4	61.0	8.3	190.6	629.1	100.0	0	0.0
71.2	60.6	10.0	194.1	631.9	100.0	0	0.0
71.2	60.7	11.8	196.3	634.7	100.0	0	0.0
68.3	62.5	9.0	160.0	637.3	100.0	50	0.0
72.3	63.5	9.8	149.2	640.0	100.0	18	0.0
69.6	65.3	11.6	156.9	642.5	100.0	0	0.0
64.6	63.3	7.7	190.8	645.0	100.0	33	0.0
51.1	48.8	9.0	289.7	647.4	100.0	7	0.0
56.1	47.2	6.3	79.4	649.8	100.0	0	0.0
62.0	56.9	9.1	136.1	652.1	100.0	0	0.0
70.9	63.1	11.0	173.1	654.4	100.0	0	0.0
68.8	65.2	9.2	206.5	656.5	100.0	4	0.0
71.8	68.1	8.0	141.6	581.8	100.0	145	0.0
76.3	70.6	11.1	201.5	660.7	100.0	0	0.0
76.2	68.5	12.1	192.7	662.7	100.0	0	0.0
75.5	67.0	14.6	180.6	664.6	100.0	0	0.0
72.1	65.8	10.6	212.0	666.5	100.0	14	0.0
72.4	65.3	10.8	170.7	668.3	100.0	57	0.0
64.9	62.2	7.6	241.0	670.1	100.0	52	0.0
60.5	58.0	7.2	88.1	671.8	100.0	13	0.0
70.9	65.7	9.7	199.3	673.4	100.0	30	0.0
70.7	61.5	4.9	147.9	675.1	100.0	0	0.0
72.8	66.7	13.0	142.7	676.6	100.0	0	0.0
74.8	67.3	14.3	213.0	678.1	100.0	3	0.0
63.5	50.5	11.8	229.9	679.6	100.0	6	0.0
06	30	2004
66.7	50.9	10.6	231.4	628.7	100.0	0	0.0
64.9	52.8	10.2	248.5	603.9	100.0	0	0.0
65.5	54.8	5.3	96.9	683.5	100.0	0	0.0
68.3	54.4	4.2	130.4	684.7	100.0	0	0.0
68.9	60.0	7.5	165.2	654.2	100.0	0	0.0
73.2	66.7	9.4	150.3	686.9	100.0	0	0.0
77.0	70.4	12.5	163.3	687.9	100.0	0	0.0
77.3	69.3	12.2	174.0	688.9	100.0	4	0.0
70.2	69.0	7.7	163.5	689.7	100.0	115	0.0
75.7	69.2	12.7	180.3	639.3	100.0	1	0.0
77.9	71.2	11.2	185.6	691.3	100.0	0	0.0
73.1	64.3	10.2	190.0	691.9	100.0	3	0.0
71.9	63.5	8.6	231.2	692.5	100.0	10	0.0
77.1	69.8	6.9	170.1	693.1	100.0	0	0.0
75.4	70.2	8.4	125.0	693.6	100.0	9	0.0
76.5	69.9	5.1	131.5	694.0	100.0	0	0.0
72.8	68.1	6.0	194.2	694.4	100.0	0	0.0
68.6	65.1	7.3	199.1	694.7	100.0	43	0.0
63.5	53.6	9.0	98.5	694.9	100.0	0	0.0
65.0	57.0	5.9	111.9	695.0	100.0	0	0.0
69.9	64.7	8.5	208.8	695.1	100.0	2	0.0
66.6	55.6	6.0	206.7	695.2	100.0	0	0.0
68.5	57.2	8.1	207.6	650.8	100.0	0	0.0
71.8	58.9	9.3	179.4	695.1	100.0	0	0.0
61.7	50.7	8.3	95.2	694.9	100.0	0	0.0
65.6	49.6	4.8	117.1	694.7	100.0	0	0.0
67.3	58.0	4.3	104.6	694.4	100.0	0	0.0
68.1	58.5	6.6	178.8	694.0	100.0	2	0.0
68.2	55.8	4.5	63.1	693.6	100.0	0	0.0
72.8	62.8	6.3	114.6	693.2	100.0	0	0.0
07	31	2004
73.8	69.1	5.9	131.5	692.6	100.0	2	0.0
72.8	69.6	8.9	128.7	692.0	100.0	31	0.0
73.0	69.7	8.8	209.0	691.3	100.0	50	0.0
77.5	67.9	6.2	215.4	690.6	100.0	0	0.0
74.7	68.2	8.7	170.5	689.8	100.0	21	0.0
73.4	67.8	8.3	227.8	689.0	100.0	18	0.0
70.7	60.3	6.7	230.0	688.0	100.0	0	0.0
76.5	69.5	6.0	131.3	607.2	100.0	0	0.0
75.8	68.7	6.7	180.4	686.0	100.0	0	0.0
77.9	70.4	4.8	184.6	684.9	100.0	0	0.0
79.5	71.0	7.8	197.3	683.7	100.0	21	0.0
78.2	72.4	6.9	172.3	682.4	100.0	109	0.0
84.2	74.2	9.3	252.8	681.1	100.0	0	0.0
74.9	64.2	6.9	253.6	679.8	100.0	0	0.0
74.1	65.1	3.2	169.0	678.3	100.0	0	0.0
74.0	68.0	6.3	187.4	676.8	100.0	38	0.0
72.2	64.8	9.1	258.3	675.3	100.0	1	0.0
71.2	63.0	4.6	139.2	673.6	100.0	0	0.0
74.0	65.6	6.7	165.6	672.0	100.0	0	0.0
81.2	73.5	5.7	174.2	670.2	100.0	0	0.0
81.8	74.1	8.4	220.4	668.4	100.0	0	0.0
80.9	72.4	8.2	210.1	666.5	100.0	0	0.0
74.8	67.7	7.2	55.8	664.6	100.0	0	0.0
63.6	57.4	10.4	52.7	662.6	100.0	57	0.0
64.7	57.3	6.6	58.3	660.5	100.0	5	0.0
66.6	55.8	7.3	150.8	658.4	100.0	0	0.0
67.5	53.9	3.6	75.0	656.2	100.0	0	0.0
69.0	60.1	8.0	155.4	654.0	100.0	0	0.0
68.2	62.5	3.9	105.0	651.7	100.0	4	0.0
65.9	64.0	4.8	143.4	649.3	100.0	9	0.0
74.2	66.1	5.3	218.8	646.9	100.0	0	0.0
08	31	2004
75.2	67.3	5.6	140.7	644.5	100.0	0	0.0
75.0	69.4	8.6	141.0	642.1	100.0	10	0.0
81.5	74.8	6.8	172.1	639.6	100.0	0	0.0
73.7	70.7	8.3	128.3	637.0	100.0	125	0.0
68.3	58.1	9.7	34.8	516.0	100.0	0	0.0
64.8	52.9	7.1	49.4	631.8	100.0	0	0.0
67.2	56.6	6.5	137.2	629.1	100.0	0	0.0
69.5	62.2	5.9	136.2	626.4	100.0	0	0.0
73.4	67.0	7.2	238.7	601.1	100.0	2	0.0
68.0	58.3	7.3	252.7	620.9	100.0	0	0.0
62.2	53.9	6.6	294.3	618.0	100.0	0	0.0
59.4	49.5	7.0	216.0	615.0	100.0	0	0.0
60.9	50.8	4.9	257.9	612.0	100.0	0	0.0
62.5	54.4	3.1	130.8	609.0	100.0	0	0.0
64.4	51.8	4.5	152.2	605.9	100.0	0	0.0
67.6	57.9	7.8	158.8	602.7	100.0	0	0.0
74.1	66.8	7.7	185.4	599.5	100.0	0	0.0
76.9	65.0	9.2	194.9	596.3	100.0	0	0.0
68.5	62.3	6.5	116.6	518.9	100.0	37	0.0
62.6	60.7	6.3	160.6	589.5	100.0	40	0.0
66.8	59.6	4.1	130.1	586.1	100.0	1	0.0
71.5	65.1	7.8	155.2	582.6	100.0	0	0.0
70.2	67.5	7.4	143.5	579.1	100.0	44	0.0
70.0	66.2	11.3	184.0	557.6	100.0	63	0.0
75.4	70.6	11.8	159.8	571.9	100.0	23	0.0
81.4	73.9	12.3	170.2	568.2	100.0	0	0.0
76.5	71.4	10.1	136.7	564.5	100.0	60	0.0
68.8	65.7	7.8	230.5	560.7	100.0	48	0.0
65.0	57.9	6.2	121.6	556.9	100.0	0	0.0
68.2	60.5	2.7	86.2	553.0	100.0	0	0.0
72.1	62.8	2.5	96.2	549.1	100.0	0	0.0
09	30	2004
72.7	61.9	3.9	128.8	545.1	100.0	0	0.0
71.3	62.4	5.7	136.0	541.1	100.0	0	0.0
72.6	63.4	6.2	147.3	537.0	100.0	1	0.0
74.4	67.5	7.1	151.5	533.0	100.0	0	0.0
75.7	69.2	9.8	149.4	528.8	100.0	0	0.0
68.2	59.9	9.4	301.1	524.6	100.0	0	0.0
64.1	50.9	9.8	209.2	520.4	100.0	0	0.0
63.5	53.0	8.5	80.0	516.2	100.0	0	0.0
65.6	55.1	4.6	57.9	511.9	100.0	0	0.0
68.4	58.0	6.3	129.8	507.6	100.0	0	0.0
71.0	60.7	5.5	129.8	503.3	100.0	0	0.0
70.9	60.1	6.6	125.8	498.9	100.0	0	0.0
72.2	61.4	9.1	144.2	494.5	100.0	0	0.0
75.4	68.6	10.5	150.9	423.8	100.0	0	0.0
72.7	69.3	10.4	152.7	485.9	100.0	66	0.0
67.9	58.7	7.3	91.4	481.6	100.0	1	0.0
65.1	54.1	6.4	80.0	477.2	100.0	0	0.0
66.6	58.9	7.2	127.4	472.8	100.0	26	0.0
70.2	55.1	8.7	123.3	468.4	100.0	0	0.0
67.5	52.5	9.4	134.6	433.1	100.0	0	0.0
66.6	53.2	8.9	139.8	402.5	100.0	0	0.0
67.7	58.3	8.2	138.8	455.0	100.0	0	0.0
70.2	60.7	8.9	179.8	387.7	100.0	0	0.0
70.4	56.8	2.9	119.2	446.0	100.0	0	0.0
69.0	54.2	3.1	77.1	441.4	100.0	0	0.0
66.3	54.4	6.3	77.3	436.9	100.0	0	0.0
64.7	49.1	6.2	129.8	432.3	100.0	0	0.0
60.6	48.3	10.1	102.8	427.7	100.0	0	0.0
56.1	43.4	5.3	76.9	423.1	100.0	0	0.0
59.6	47.3	7.7	135.4	418.5	100.0	0	0.0
10	31	2004
59.2	51.9	9.8	187.5	413.9	100.0	4	0.0
49.0	32.2	7.2	172.0	409.3	100.0	0	0.0
57.4	42.1	7.5	187.9	404.7	100.0	0	0.0
55.4	37.4	10.1	95.4	400.1	100.0	0	0.0
52.2	34.4	6.4	104.2	395.4	100.0	0	0.0
59.0	40.7	8.1	121.9	390.8	100.0	0	0.0
62.8	56.9	7.4	144.2	329.5	100.0	76	0.0
66.2	63.7	7.1	171.4	381.6	100.0	38	0.0
62.3	54.9	7.1	72.8	377.0	100.0	0	0.0
59.3	43.0	10.6	68.5	372.4	100.0	0	0.0
56.1	43.5	12.3	65.6	367.8	100.0	37	0.0
52.0	51.8	7.7	185.5	363.3	100.0	76	0.0
55.3	48.8	12.6	307.6	358.9	100.0	0	0.0
47.4	41.2	11.7	302.0	301.0	100.0	0	0.0
49.5	36.5	11.9	277.3	350.0	100.0	0	0.0
47.0	28.9	11.1	269.8	297.3	100.0	0	0.0
53.5	36.7	8.5	126.6	341.3	100.0	1	0.0
55.1	53.5	9.7	78.6	336.9	100.0	43	0.0
50.1	48.6	7.0	128.4	332.6	100.0	1	0.0
52.6	50.7	7.5	78.3	328.3	100.0	0	0.0
56.3	54.9	10.9	121.0	324.0	100.0	2	0.0
67.2	62.9	13.1	152.6	319.8	100.0	7	0.0
65.4	54.7	13.6	224.3	280.3	100.0	1	0.0
59.4	42.3	6.5	147.5	311.7	100.0	0	0.0
64.8	54.3	5.5	133.3	279.2	100.0	0	0.0
65.4	63.5	7.3	161.2	303.7	100.0	25	0.0
62.7	61.4	7.8	101.9	256.9	100.0	0	0.0
67.9	64.3	9.9	158.9	295.9	100.0	0	0.0
72.4	64.5	17.9	192.9	292.1	100.0	5	0.0
58.1	40.4	15.6	240.2	288.2	100.0	0	0.0
55.0	44.1	8.7	149.7	284.5	100.0	68	0.0
11	30	2004
57.4	56.4	8.2	132.5	280.7	100.0	77	0.0
48.0	43.5	12.5	214.4	277.1	100.0	0	0.0
45.0	41.1	8.5	63.8	273.4	100.0	41	0.0
47.4	39.8	12.0	293.8	269.8	100.0	2	0.0
45.6	30.4	8.6	230.4	266.3	100.0	0	0.0
56.6	43.7	8.3	221.5	262.8	100.0	0	0.0
54.3	37.5	10.4	173.5	259.4	100.0	0	0.0
47.4	27.3	8.3	90.4	256.0	100.0	0	0.0
49.6	31.2	10.1	145.0	252.7	100.0	0	0.0
55.9	44.4	9.9	147.3	249.4	100.0	9	0.0
47.1	43.0	15.3	32.3	246.2	100.0	41	0.0
39.0	29.2	11.1	52.5	243.1	100.0	0	0.0
39.5	24.8	10.2	69.2	240.0	100.0	0	0.0
41.7	33.7	6.9	86.5	236.9	100.0	0	0.0
49.6	43.7	5.1	134.6	198.9	100.0	1	0.0
53.7	51.5	7.2	148.1	231.1	100.0	7	0.0
60.6	56.2	5.7	150.0	228.3	100.0	0	0.0
55.0	53.8	6.2	136.1	225.5	100.0	46	0.0
52.4	51.2	6.3	188.6	222.9	100.0	1	0.0
48.0	43.7	6.3	214.5	220.2	100.0	1	0.0
44.3	38.5	7.0	50.5	217.7	100.0	6	0.0
47.1	46.3	4.8	118.7	215.2	100.0	6	0.0
49.0	47.0	9.7	98.2	212.8	100.0	41	0.0
33.5	31.6	15.7	215.8	210.5	100.0	84	98.5
30.7	27.2	6.6	174.6	208.3	100.0	0	0.0
46.2	38.9	11.2	164.1	206.1	100.0	6	0.0
42.7	38.1	13.7	249.2	204.0	100.0	46	0.0
35.2	29.3	7.5	164.1	202.0	100.0	0	0.0
39.0	37.3	9.3	60.0	200.0	100.0	11	0.0
34.7	33.5	9.4	197.8	198.2	100.0	6	8.0
12	31	2004
34.1	26.9	7.0	198.7	196.4	100.0	0	0.0
35.8	28.5	7.9	251.7	194.7	100.0	0	0.0
36.7	27.6	7.8	213.8	193.0	100.0	0	0.0
42.9	29.5	10.4	213.8	191.5	100.0	0	0.0
41.4	36.8	10.1	149.0	190.0	100.0	20	0.0
52.3	50.0	6.8	164.9	188.6	100.0	34	0.0
41.6	38.7	11.0	253.4	187.3	100.0	22	0.0
39.3	33.9	10.6	137.3	186.2	100.0	0	0.0
46.3	40.4	7.9	232.3	185.1	100.0	0	0.0
37.9	35.0	16.2	297.3	184.1	100.0	3	0.0
34.5	30.4	10.6	256.2	183.2	100.0	0	0.0
40.7	30.9	13.2	256.2	182.3	100.0	0	0.0
28.3	14.4	18.3	308.6	155.4	100.0	0	0.0
21.5	10.3	7.7	267.5	180.9	100.0	0	0.0
29.1	13.1	10.7	182.7	180.3	100.0	0	0.0
36.7	24.6	9.2	252.3	179.8	100.0	0	0.0
34.7	26.1	5.4	154.6	179.4	100.0	0	0.0
39.6	27.5	13.7	285.4	179.0	100.0	0	0.0
16.9	3.8	12.2	233.3	178.7	100.0	0	0.0
29.9	13.0	14.9	168.1	178.5	100.0	0	0.0
31.3	20.9	9.7	287.3	178.4	100.0	0	0.0
16.1	3.0	13.6	259.4	178.3	100.0	0	0.0
12.2	0.0	11.8	327.3	178.4	100.0	0	0.0
12.2	0.7	7.3	196.7	178.5	100.0	0	0.0
29.1	13.6	9.5	210.6	178.7	100.0	0	0.0
30.2	20.9	8.2	125.4	172.9	100.0	0	0.0
31.8	22.1	12.3	136.9	179.3	100.0	0	0.0
43.6	33.0	12.0	190.2	179.8	100.0	0	0.0
48.0	43.0	6.7	194.8	180.3	100.0	0	0.0
58.5	50.1	17.1	179.6	155.9	100.0	0	0.0
58.3	50.9	10.7	161.5	181.6	80.7	0	0.0
