   1    31    1971
37.0	31.0	10.8	252.5	230.9	70.0	.0	.0	
36.2	25.8	8.5	121.3	127.7	90.0	12.0	.0	
39.5	36.6	15.0	160.0	89.0	98.0	149.0	.0	
20.0	8.9	19.2	302.5	155.1	60.0	.0	.0	
10.6	2.0	12.7	308.8	245.4	2.0	.0	.0	
9.7	.5	7.9	275.0	253.5	2.0	.0	.0	
18.6	9.1	7.8	181.3	222.1	45.0	.0	.0	
24.4	10.4	8.6	163.8	246.7	26.0	.0	.0	
30.9	18.6	8.9	183.8	233.0	13.0	.0	.0	
32.0	23.6	7.9	81.3	224.8	26.0	.0	.0	
27.1	22.8	7.4	118.8	106.0	72.0	.0	.0	
20.9	17.1	7.1	56.3	97.9	98.0	.0	2.5	
28.7	27.4	7.2	210.0	113.2	98.0	.0	.0	
25.0	18.1	6.4	335.0	152.0	98.0	.0	.0	
18.1	7.0	7.1	310.0	227.0	54.0	.0	.0	
28.8	18.5	10.7	223.8	150.9	98.0	.0	.0	
23.4	14.7	6.5	151.3	111.5	93.0	.0	.0	
20.0	10.6	11.6	218.8	139.5	78.0	.0	.0	
12.8	2.1	9.0	290.0	281.2	2.0	.0	.0	
26.6	13.3	13.3	176.3	209.7	56.0	.0	.0	
35.7	24.0	6.9	248.8	134.5	87.0	.0	.0	
36.5	24.8	10.1	236.3	181.7	51.0	.0	.0	
30.1	14.0	7.9	173.8	233.3	49.0	.0	.0	
38.1	24.3	8.7	212.5	287.8	10.0	.0	.0	
41.1	32.0	13.3	222.5	254.6	6.0	.0	.0	
21.1	6.4	16.9	311.3	197.2	29.0	.0	.0	
17.8	7.6	11.4	255.0	174.8	65.0	.0	.0	
23.7	10.6	11.8	225.0	156.2	94.0	.0	.0	
42.5	25.5	15.6	247.5	225.1	91.0	.0	.0	
25.3	12.6	14.0	221.3	153.1	97.0	.0	.0	
15.5	-6.0	16.1	316.3	276.8	48.0	.0	.0	
   2    28    1971
15.7	-3.8	12.7	245.0	321.0	3.0	.0	.0	
22.4	3.1	15.4	135.0	117.4	97.0	.0	.0	
29.1	26.3	13.1	133.8	130.4	98.0	.0	22.9	
34.4	31.7	14.4	173.8	132.8	98.0	105.0	.0	
24.5	17.6	16.2	286.3	322.3	64.0	.0	.0	
23.1	15.0	10.8	246.3	250.4	71.0	.0	5.1	
17.4	8.4	16.4	231.3	217.4	85.0	.0	.0	
6.7	-6.0	15.8	328.8	330.7	11.0	.0	.0	
11.7	-1.7	15.0	267.5	320.7	32.0	.0	.0	
32.2	19.0	13.0	190.0	308.2	59.0	.0	.0	
46.0	31.6	12.6	262.5	197.8	94.0	3.0	.0	
29.6	19.5	18.3	342.5	170.2	98.0	.0	.0	
18.9	6.5	11.0	270.0	349.4	35.0	.0	.0	
32.3	21.5	10.5	231.3	167.3	98.0	.0	.0	
34.3	25.7	11.4	176.3	322.3	73.0	.0	.0	
41.7	36.0	15.5	178.8	179.6	90.0	.0	.0	
45.0	31.0	9.5	186.3	373.6	23.0	.0	.0	
57.7	47.3	17.0	162.5	292.6	83.0	.0	.0	
50.2	39.9	22.1	208.8	169.2	87.0	2.0	.0	
34.8	30.0	12.7	261.3	173.7	98.0	.0	.0	
32.1	28.7	16.7	52.5	174.5	98.0	85.0	.0	
31.9	28.3	17.4	193.8	211.4	98.0	.0	83.8	
29.2	23.5	14.7	266.3	195.9	84.0	.0	.0	
32.8	21.6	8.8	228.8	351.8	21.0	.0	.0	
47.5	38.3	10.6	190.0	266.7	65.0	.0	.0	
50.9	41.4	20.3	218.8	264.9	53.0	.0	.0	
37.5	23.0	17.7	260.0	429.8	5.0	.0	.0	
35.6	19.5	9.8	148.8	273.0	58.0	.0	.0	
   3    31    1971
37.3	28.7	12.1	46.3	387.4	61.0	.0	.0	
30.2	17.9	18.1	231.3	204.8	98.0	.0	.0	
24.6	10.0	14.8	322.5	430.8	39.0	.0	.0	
33.6	15.7	13.4	193.8	439.1	23.0	.0	.0	
45.1	30.6	14.7	187.5	334.9	50.0	1.0	.0	
34.0	24.9	19.7	328.8	243.8	93.0	23.0	.0	
29.7	16.6	19.6	300.0	253.8	83.0	.0	.0	
29.8	15.2	8.9	255.0	464.5	36.0	.0	.0	
36.9	26.3	15.1	150.0	224.3	93.0	46.0	.0	
36.3	28.2	11.7	252.5	307.4	90.0	.0	.0	
49.2	35.1	10.8	188.8	420.7	81.0	.0	.0	
54.4	38.1	11.1	191.3	424.1	80.0	.0	.0	
58.0	45.9	14.3	151.3	427.8	15.0	.0	.0	
64.9	49.5	23.3	213.8	375.3	63.0	2.0	.0	
46.3	30.0	18.3	277.5	327.2	45.0	.0	.0	
38.6	21.5	12.7	298.8	407.8	56.0	.0	.0	
44.2	26.6	11.8	141.3	426.4	47.0	.0	.0	
47.6	31.1	25.9	182.5	294.1	89.0	2.0	.0	
35.8	20.0	23.4	303.8	337.0	84.0	.0	.0	
36.9	20.6	13.4	246.3	501.3	27.0	.0	.0	
46.9	25.4	13.1	145.0	470.4	46.0	.0	.0	
35.0	21.4	15.4	257.5	259.2	95.0	.0	.0	
29.6	12.1	11.5	256.3	482.4	51.0	.0	.0	
28.8	12.0	9.2	86.3	325.4	85.0	.0	.0	
30.6	24.5	10.0	82.5	213.5	98.0	.0	10.2	
35.4	27.0	8.2	180.0	409.6	74.0	.0	.0	
50.2	34.5	15.8	182.5	367.9	59.0	.0	.0	
50.3	34.8	11.0	315.0	269.6	74.0	.0	.0	
43.4	22.3	13.7	295.0	571.1	12.0	.0	.0	
53.8	28.6	13.3	197.5	560.7	4.0	.0	.0	
64.9	33.3	19.6	182.5	520.6	55.0	.0	.0	
   4    30    1971
46.4	30.7	20.0	280.0	245.2	72.0	.0	.0	
41.2	15.8	18.2	278.8	582.3	11.0	.0	.0	
42.6	15.7	8.1	136.3	422.3	75.0	.0	.0	
39.3	28.5	9.5	128.8	231.6	98.0	12.0	.0	
37.2	23.9	14.3	157.5	326.0	98.0	.0	.0	
40.3	23.1	16.7	261.3	590.3	40.0	27.0	.0	
50.1	22.3	10.3	238.8	600.4	2.0	.0	.0	
60.4	25.9	19.2	203.8	543.4	23.0	.0	.0	
57.9	30.0	15.7	211.3	612.6	3.0	.0	.0	
58.7	28.5	11.7	141.3	614.1	2.0	.0	.0	
67.0	42.7	14.1	177.5	554.8	27.0	.0	.0	
71.8	46.4	15.9	201.3	560.8	19.0	.0	.0	
53.2	37.5	14.3	237.5	359.7	52.0	4.0	.0	
52.5	28.0	7.6	243.8	604.9	20.0	.0	.0	
59.9	33.5	13.1	172.5	608.9	24.0	.0	.0	
67.2	45.7	11.8	192.5	525.9	67.0	.0	.0	
68.4	52.0	9.2	168.8	421.0	93.0	2.0	.0	
66.2	54.3	11.1	160.0	372.3	95.0	3.0	.0	
71.9	51.5	10.8	143.8	595.4	30.0	.0	.0	
63.0	52.3	10.6	172.5	410.6	75.0	21.0	.0	
57.4	43.8	10.1	110.0	562.2	38.0	.0	.0	
55.1	36.2	12.2	81.3	501.7	84.0	2.0	.0	
54.0	28.6	9.2	210.0	412.0	64.0	.0	.0	
58.1	37.4	8.1	201.3	618.8	14.0	.0	.0	
59.5	44.5	7.5	166.3	375.8	90.0	3.0	.0	
64.5	44.1	12.1	97.5	557.2	63.0	.0	.0	
60.8	48.3	11.2	215.0	360.2	69.0	64.0	.0	
51.4	36.7	10.5	268.8	652.1	23.0	.0	.0	
50.2	35.0	9.2	103.8	634.8	41.0	.0	.0	
54.3	36.4	7.5	143.8	659.0	20.0	.0	.0	
   5    31    1971
56.5	44.4	9.9	267.5	594.9	46.0	10.0	.0	
48.7	35.9	12.5	335.0	518.6	36.0	.0	.0	
51.8	31.9	8.5	288.8	695.3	2.0	.0	.0	
57.0	41.5	11.7	161.3	492.6	61.0	5.0	.0	
66.5	56.3	13.7	165.0	381.8	97.0	10.0	.0	
64.0	56.8	10.2	95.0	405.1	80.0	135.0	.0	
61.2	55.5	10.9	193.8	396.6	93.0	4.0	.0	
60.4	48.0	6.8	301.3	588.7	47.0	.0	.0	
64.3	48.6	8.8	170.0	558.0	56.0	.0	.0	
60.4	53.1	11.8	118.8	290.4	98.0	47.0	.0	
61.6	55.8	10.2	93.8	351.5	98.0	102.0	.0	
51.0	36.7	13.4	145.0	538.1	82.0	.0	.0	
54.4	37.8	7.8	218.8	685.3	30.0	.0	.0	
64.9	47.7	8.4	172.5	696.0	2.0	.0	.0	
68.0	50.0	8.6	225.0	680.7	13.0	.0	.0	
69.2	52.0	9.5	218.8	628.1	41.0	.0	.0	
73.3	53.8	13.8	183.8	614.8	55.0	.0	.0	
73.5	56.3	13.3	181.3	414.9	98.0	.0	.0	
60.8	46.3	10.3	270.0	469.5	69.0	1.0	.0	
61.6	45.4	7.5	212.5	708.1	21.0	.0	.0	
65.6	49.0	9.4	101.3	343.1	68.0	.0	.0	
60.5	51.2	14.1	130.0	280.2	95.0	40.0	.0	
63.0	56.5	15.3	145.0	275.4	98.0	56.0	.0	
60.2	50.7	14.3	227.5	441.5	88.0	12.0	.0	
58.0	43.9	12.1	292.5	546.2	44.0	.0	.0	
52.3	44.8	6.1	157.5	298.0	87.0	7.0	.0	
55.2	42.0	8.9	58.8	603.3	64.0	.0	.0	
58.3	42.5	7.8	70.0	705.0	8.0	.0	.0	
62.2	44.5	6.9	158.8	701.6	45.0	.0	.0	
65.4	47.3	10.5	146.3	649.8	58.0	.0	.0	
72.7	58.0	13.0	196.3	620.9	56.0	1.0	.0	
   6    30    1971
70.3	58.5	8.8	185.0	575.0	65.0	7.0	.0	
66.9	58.6	8.8	180.0	345.7	81.0	16.0	.0	
71.8	62.1	7.9	162.5	579.0	98.0	.0	.0	
76.7	63.9	9.6	176.3	637.8	44.0	.0	.0	
78.1	65.9	10.5	193.8	665.7	31.0	.0	.0	
79.4	64.0	11.7	183.8	681.5	24.0	.0	.0	
78.6	60.9	12.0	215.0	664.2	83.0	.0	.0	
73.9	57.6	9.4	55.0	618.5	68.0	.0	.0	
73.0	58.3	10.0	108.8	644.9	70.0	.0	.0	
71.7	61.8	10.9	141.3	421.0	98.0	22.0	.0	
75.9	67.0	10.4	180.0	484.3	85.0	.0	.0	
74.9	66.5	11.3	183.8	514.4	83.0	145.0	.0	
77.1	66.7	8.6	235.0	624.0	86.0	.0	.0	
72.6	66.1	8.8	188.8	490.6	94.0	74.0	.0	
72.0	65.1	9.5	293.8	481.1	91.0	5.0	.0	
74.2	63.9	8.6	112.5	688.1	30.0	.0	.0	
75.9	65.8	8.8	151.3	618.4	44.0	.0	.0	
80.9	69.5	10.8	182.5	616.5	38.0	.0	.0	
81.7	66.4	10.9	202.5	699.4	20.0	.0	.0	
79.4	66.1	10.7	232.5	622.8	76.0	.0	.0	
75.1	60.8	8.9	262.5	657.7	55.0	.0	.0	
73.8	61.9	7.8	148.8	553.0	65.0	.0	.0	
77.2	63.9	8.3	221.3	693.4	30.0	.0	.0	
81.8	67.1	10.5	167.5	699.3	25.0	.0	.0	
84.1	62.0	12.7	220.0	675.7	46.0	.0	.0	
84.0	64.1	11.9	206.3	689.8	43.0	.0	.0	
83.1	66.5	11.7	201.3	708.5	29.0	1.0	.0	
80.0	64.6	10.5	158.8	706.2	4.0	.0	.0	
80.8	64.6	10.7	188.8	653.0	33.0	.0	.0	
78.0	63.7	11.5	282.5	513.0	59.0	.0	.0	
   7    31    1971
73.3	56.8	8.1	121.3	481.7	60.0	.0	.0	
75.5	54.3	8.5	87.5	729.2	36.0	.0	.0	
76.2	57.4	10.8	140.0	668.1	45.0	.0	.0	
72.3	61.6	9.6	175.0	335.7	83.0	1.0	.0	
71.4	62.4	8.2	117.5	383.0	64.0	.0	.0	
76.5	64.0	8.1	101.3	701.7	13.0	.0	.0	
80.9	66.2	10.5	137.5	575.6	49.0	.0	.0	
84.3	68.6	9.6	202.5	630.0	63.0	6.0	.0	
76.2	69.4	8.9	96.3	454.4	83.0	15.0	.0	
78.0	68.3	10.1	248.8	466.3	74.0	1.0	.0	
73.8	68.6	9.1	167.5	394.2	64.0	17.0	.0	
81.8	69.8	11.1	166.3	664.5	33.0	.0	.0	
85.1	69.5	11.4	227.5	597.6	60.0	6.0	.0	
69.8	65.8	9.9	136.3	272.6	96.0	21.0	.0	
76.8	62.5	8.8	228.8	695.1	33.0	34.0	.0	
77.6	58.6	7.5	205.0	718.7	2.0	.0	.0	
80.6	63.4	7.9	150.0	652.4	30.0	.0	.0	
77.8	68.9	12.5	238.8	544.6	80.0	125.0	.0	
68.4	58.5	11.3	335.0	410.5	50.0	.0	.0	
69.2	56.5	5.9	237.5	619.4	16.0	.0	.0	
72.3	58.9	8.1	166.3	679.1	10.0	.0	.0	
74.1	60.8	9.5	156.3	536.9	59.0	.0	.0	
71.0	65.0	7.5	212.5	284.2	92.0	5.0	.0	
70.8	64.2	8.9	46.3	478.8	58.0	.0	.0	
75.8	62.9	8.8	222.5	679.1	39.0	.0	.0	
70.5	54.8	10.4	267.5	574.7	60.0	.0	.0	
70.1	51.4	8.4	162.5	678.6	32.0	.0	.0	
70.2	59.2	9.5	218.8	481.3	74.0	62.0	.0	
60.4	54.5	7.9	173.8	271.4	77.0	37.0	.0	
62.3	50.7	9.1	317.5	674.6	34.0	.0	.0	
65.0	51.1	7.4	206.3	696.2	11.0	.0	.0	
   8    31    1971
70.2	56.0	10.0	206.3	699.5	25.0	.0	.0	
71.6	59.1	7.4	160.0	570.4	67.0	.0	.0	
71.3	62.1	7.8	107.5	373.8	91.0	.0	.0	
70.1	63.5	8.6	65.0	358.2	67.0	.0	.0	
70.0	60.2	10.1	56.3	442.3	87.0	.0	.0	
68.1	60.1	7.6	56.3	256.0	98.0	.0	.0	
70.6	65.4	7.6	85.0	278.7	98.0	29.0	.0	
78.4	67.3	7.8	191.3	516.1	64.0	.0	.0	
80.4	65.1	9.4	208.8	631.7	23.0	.0	.0	
80.2	64.6	12.4	232.5	615.4	41.0	26.0	.0	
73.8	60.2	8.4	82.5	574.5	37.0	.0	.0	
73.9	59.4	8.8	158.8	594.6	43.0	.0	.0	
77.5	63.7	7.1	207.5	607.2	28.0	.0	.0	
77.0	64.5	7.7	200.0	531.3	52.0	33.0	.0	
71.7	63.6	8.2	60.0	435.4	57.0	1.0	.0	
70.8	60.1	9.1	91.3	550.9	46.0	.0	.0	
71.7	59.4	8.1	70.0	611.3	28.0	.0	.0	
75.3	60.3	9.1	168.8	587.0	6.0	.0	.0	
80.1	61.8	11.8	221.3	570.6	35.0	.0	.0	
80.9	59.6	11.1	216.3	492.5	80.0	.0	.0	
75.0	65.2	8.5	163.8	275.7	95.0	26.0	.0	
78.1	66.1	7.5	125.0	584.1	37.0	.0	.0	
81.2	64.7	7.9	166.3	593.2	3.0	.0	.0	
81.9	63.6	9.6	196.3	584.6	46.0	.0	.0	
75.1	60.9	7.9	103.8	453.8	60.0	1.0	.0	
69.6	54.0	10.3	196.3	602.5	2.0	.0	.0	
63.2	51.5	9.2	36.3	543.7	19.0	.0	.0	
68.5	52.6	8.5	56.3	569.9	6.0	.0	.0	
72.0	54.4	7.8	105.0	580.6	2.0	.0	.0	
72.7	54.5	7.9	147.5	548.2	5.0	.0	.0	
75.1	58.8	9.2	150.0	487.0	35.0	.0	.0	
   9    30    1971
77.9	64.6	8.9	151.3	442.8	33.0	.0	.0	
77.3	65.9	9.5	165.0	365.8	60.0	.0	.0	
77.3	65.7	12.0	176.3	384.2	56.0	50.0	.0	
81.3	67.5	13.8	178.8	438.2	52.0	.0	.0	
77.1	66.3	9.9	183.8	454.6	93.0	29.0	.0	
78.4	63.9	7.6	197.5	547.8	29.0	.0	.0	
80.7	63.9	7.9	180.0	545.9	15.0	.0	.0	
82.0	66.6	9.1	177.5	500.9	33.0	.0	.0	
77.7	66.6	8.7	175.0	396.5	62.0	.0	.0	
78.7	65.6	7.4	195.0	456.8	55.0	.0	.0	
73.3	56.9	11.4	187.5	540.4	5.0	.0	.0	
71.5	52.8	8.1	243.8	531.5	4.0	.0	.0	
74.3	50.5	8.9	267.5	533.2	2.0	.0	.0	
76.4	53.1	12.8	260.0	515.3	2.0	.0	.0	
61.9	42.8	11.5	83.8	292.1	77.0	72.0	.0	
57.8	52.4	8.9	91.3	203.6	98.0	2.0	.0	
59.6	49.1	10.4	108.8	226.4	98.0	.0	.0	
53.7	49.4	12.1	141.3	207.5	98.0	94.0	.0	
52.4	48.6	10.7	291.3	254.2	98.0	1.0	.0	
56.2	42.1	7.7	242.5	496.5	35.0	.0	.0	
57.8	42.6	8.1	115.0	506.7	2.0	.0	.0	
60.5	46.8	8.2	176.3	405.2	57.0	.0	.0	
55.8	45.3	10.6	221.3	349.8	84.0	.0	.0	
57.4	44.5	9.9	97.5	321.1	98.0	3.0	.0	
65.1	59.5	10.3	167.5	184.3	74.0	14.0	.0	
75.4	64.4	11.7	181.3	417.5	34.0	.0	.0	
79.2	65.0	13.0	178.8	461.2	10.0	.0	.0	
79.8	66.0	12.7	202.5	424.6	50.0	.0	.0	
78.4	65.0	10.2	181.3	395.7	72.0	.0	.0	
77.6	62.3	10.1	175.0	417.2	35.0	.0	.0	
  10    31    1971
74.6	57.5	9.8	176.3	403.9	16.0	.0	.0	
71.7	61.9	11.2	178.8	278.7	68.0	40.0	.0	
65.3	54.1	9.4	268.8	370.5	73.0	34.0	.0	
61.9	45.5	7.9	262.5	364.3	46.0	.0	.0	
65.1	47.3	9.8	262.5	439.4	8.0	.0	.0	
60.3	42.4	9.2	268.8	443.9	5.0	.0	.0	
58.9	44.4	8.6	115.0	427.8	4.0	.0	.0	
56.3	47.8	8.5	243.8	157.8	65.0	5.0	.0	
47.5	36.4	10.9	300.0	271.9	33.0	.0	.0	
51.5	37.5	10.1	267.5	427.1	2.0	.0	.0	
57.9	35.8	8.9	262.5	425.2	2.0	.0	.0	
61.0	42.9	11.1	163.8	408.5	8.0	.0	.0	
58.2	42.1	10.5	243.8	404.7	24.0	.0	.0	
59.3	41.7	10.4	173.8	401.4	5.0	.0	.0	
66.4	50.6	8.8	133.8	366.3	19.0	.0	.0	
68.4	56.5	10.5	125.0	372.5	16.0	.0	.0	
68.3	60.9	10.8	131.3	213.7	57.0	8.0	.0	
72.0	62.4	16.8	155.0	263.9	65.0	.0	.0	
66.2	61.1	7.0	173.8	155.0	98.0	72.0	.0	
67.8	59.9	9.8	152.5	211.1	98.0	13.0	.0	
65.2	58.4	7.8	181.3	258.5	65.0	6.0	.0	
62.1	57.1	7.9	308.8	161.9	98.0	10.0	.0	
60.6	56.6	9.6	68.8	168.3	98.0	4.0	.0	
59.3	53.3	7.2	201.3	174.4	97.0	.0	.0	
60.0	51.6	8.8	175.0	335.1	28.0	.0	.0	
64.2	54.1	12.2	167.5	232.1	78.0	.0	.0	
62.8	48.5	17.9	215.0	326.9	34.0	2.0	.0	
61.3	48.0	10.8	130.0	338.8	14.0	.0	.0	
68.0	55.0	11.4	146.3	275.7	62.0	.0	.0	
64.8	51.1	15.1	213.8	312.4	28.0	.0	.0	
48.2	31.3	7.7	172.5	350.3	11.0	.0	.0	
  11    30    1971
62.2	50.4	16.0	180.0	205.3	96.0	36.0	.0	
52.3	38.8	12.4	275.0	332.1	13.0	.0	.0	
45.2	26.8	12.9	276.3	334.4	8.0	.0	.0	
49.0	30.0	12.1	166.3	319.5	18.0	.0	.0	
55.7	33.4	15.7	243.8	187.2	61.0	.0	.0	
38.0	14.2	14.4	291.3	288.3	40.0	.0	.0	
28.1	5.9	8.9	230.0	319.1	2.0	.0	.0	
33.2	20.1	12.8	166.3	127.7	75.0	12.0	.0	
41.6	33.0	10.0	275.0	227.8	50.0	.0	.0	
47.1	32.9	11.4	231.3	296.7	20.0	.0	.0	
50.5	34.5	7.4	232.5	297.7	25.0	.0	.0	
56.6	41.5	11.8	202.5	268.9	45.0	.0	.0	
61.5	46.6	13.0	162.5	253.6	54.0	.0	.0	
65.6	54.1	13.1	196.3	218.4	57.0	.0	.0	
64.8	53.9	9.7	181.3	191.6	51.0	.0	.0	
59.8	46.6	10.2	160.0	212.9	68.0	.0	.0	
60.2	48.3	13.5	161.3	230.3	73.0	27.0	.0	
48.3	42.1	14.7	268.8	119.9	98.0	36.0	.0	
39.9	26.5	15.1	251.3	275.6	21.0	.0	.0	
50.3	33.3	17.0	278.8	257.2	38.0	.0	.0	
33.7	19.5	13.5	262.5	273.1	10.0	.0	.0	
30.1	16.4	9.2	132.5	197.3	63.0	.0	.0	
32.0	24.0	9.1	130.0	123.1	98.0	.0	35.6	
33.7	28.9	8.1	221.3	137.5	79.0	4.0	.0	
38.2	29.0	13.1	161.3	254.6	21.0	.0	.0	
39.7	35.8	17.2	217.5	109.5	98.0	36.0	.0	
36.8	28.7	11.1	232.5	135.1	98.0	.0	.0	
35.7	30.2	14.2	140.0	117.7	98.0	75.0	.0	
33.4	28.5	12.3	313.8	125.7	98.0	1.0	.0	
30.5	23.9	8.6	246.3	117.1	98.0	.0	.0	
  12    31    1971
30.6	23.8	6.5	170.0	113.1	98.0	.0	.0	
32.1	23.8	9.8	75.0	217.5	88.0	.0	.0	
33.1	22.6	11.3	80.0	117.3	98.0	.0	.0	
36.2	29.4	9.3	122.5	84.9	98.0	.0	.0	
39.4	33.9	7.9	168.8	121.3	98.0	3.0	.0	
41.1	36.6	7.7	161.3	119.9	98.0	44.0	.0	
43.0	39.1	9.9	96.3	130.9	98.0	.0	.0	
45.4	41.8	9.8	155.0	96.3	98.0	2.0	.0	
47.0	45.4	10.2	177.5	116.2	98.0	19.0	.0	
46.0	40.9	13.4	225.0	111.9	74.0	102.0	.0	
37.3	27.8	10.2	161.3	242.0	2.0	.0	.0	
34.3	29.0	9.8	283.8	88.7	45.0	8.0	.0	
31.9	26.8	12.3	108.8	125.9	76.0	.0	22.9	
45.4	43.8	11.4	110.0	96.3	98.0	77.0	.0	
46.8	38.5	21.1	243.8	133.5	64.0	48.0	.0	
38.9	32.0	7.7	216.3	112.5	60.0	.0	.0	
29.3	18.4	12.8	232.5	230.5	4.0	.0	.0	
31.9	19.6	13.3	171.3	221.1	11.0	.0	.0	
38.6	31.1	12.4	175.0	89.6	93.0	18.0	.0	
35.8	32.1	8.9	266.3	118.8	88.0	.0	.0	
32.9	28.4	10.2	95.0	110.5	98.0	.0	.0	
38.1	28.9	13.7	131.3	173.9	98.0	.0	.0	
47.6	36.6	15.8	192.5	160.4	88.0	.0	.0	
41.0	34.4	11.3	138.8	162.5	80.0	.0	.0	
53.0	46.4	13.4	192.5	136.5	94.0	.0	.0	
50.0	45.6	8.8	122.5	111.6	98.0	1.0	.0	
36.5	30.1	15.4	235.0	98.7	90.0	.0	.0	
26.8	17.2	8.3	175.0	206.9	52.0	.0	.0	
41.1	36.1	11.3	146.3	107.0	98.0	79.0	.0	
38.1	28.9	17.0	290.0	139.3	75.0	11.0	.0	
34.2	25.3	9.5	208.8	233.3	8.0	.0	.0	
