01	31	2003
32.2	23.4	14.4	37.4	181.6	100.0	17	44.0
26.7	23.5	10.1	279.4	182.3	100.0	17	55.7
20.1	16.1	6.2	223.1	183.2	100.0	0	0.0
32.4	28.2	7.1	208.5	184.1	100.0	1	0.0
34.2	30.9	9.3	286.5	185.1	100.0	0	0.0
31.3	25.4	8.9	272.9	186.2	100.0	0	0.0
33.6	27.7	11.9	238.8	187.3	100.0	1	0.0
50.1	36.3	13.4	247.0	188.5	100.0	0	0.0
38.1	21.0	13.8	317.7	189.8	100.0	0	0.0
25.7	10.3	13.0	297.9	191.2	100.0	0	0.0
21.0	5.0	7.0	263.3	192.7	100.0	0	0.0
27.3	13.2	9.7	186.9	194.2	100.0	0	0.0
31.8	23.0	5.5	190.2	195.8	100.0	0	0.0
24.6	12.3	9.3	291.4	197.5	100.0	0	0.0
23.1	9.0	6.1	133.1	199.3	100.0	0	0.0
21.3	12.7	13.8	200.4	201.1	100.0	3	13.1
9.9	0.3	9.2	280.0	203.1	100.0	0	0.0
18.0	9.9	13.3	262.7	205.0	100.0	0	0.0
28.6	19.5	11.0	228.1	207.1	100.0	0	0.0
32.9	25.1	10.8	81.7	209.2	100.0	0	0.0
21.2	5.0	12.6	32.7	211.4	100.0	0	0.0
13.1	5.3	11.1	240.3	213.7	100.0	2	14.2
1.8	0.0	9.1	288.5	216.1	100.0	0	0.0
9.8	1.9	6.2	159.2	218.5	100.0	0	0.0
27.3	17.0	8.5	199.2	221.0	100.0	0	0.0
16.9	4.7	11.4	277.1	223.5	100.0	0	0.0
23.7	8.7	11.8	156.0	226.2	100.0	0	0.0
37.2	30.6	8.9	179.0	228.9	100.0	0	0.0
27.1	22.0	10.0	184.8	231.8	100.0	3	7.6
31.1	23.3	10.2	145.1	234.7	100.0	0	0.0
38.8	33.2	12.7	255.5	237.7	100.0	23	0.0
02	28	2003
42.8	32.3	8.6	185.8	240.8	100.0	0	0.0
54.2	38.3	9.7	157.1	243.9	100.0	0	0.0
40.6	36.6	13.9	259.2	247.1	100.0	2	0.0
23.8	8.4	13.8	305.4	218.7	100.0	0	0.0
24.9	9.9	4.8	113.1	253.7	100.0	0	0.0
27.0	21.1	10.1	196.5	257.2	100.0	2	5.3
12.6	2.5	12.1	268.7	260.7	100.0	0	0.0
27.8	16.9	11.6	239.2	264.3	100.0	0	0.0
29.6	20.9	8.3	122.2	267.9	100.0	0	0.0
32.3	22.5	12.2	234.1	246.8	100.0	0	0.0
32.7	18.6	11.8	216.7	275.4	100.0	0	0.0
29.6	12.0	6.8	250.4	279.2	100.0	0	0.0
38.9	19.6	7.1	110.2	283.1	100.0	0	0.0
40.4	39.4	12.9	94.4	287.0	100.0	63	0.0
29.9	27.4	18.4	54.6	291.0	100.0	26	29.6
22.4	17.0	15.5	103.0	235.4	100.0	0	0.0
24.2	20.7	7.3	221.1	299.1	100.0	0	0.0
36.9	31.3	6.8	176.0	303.2	100.0	0	0.0
38.0	30.7	7.2	112.9	307.4	100.0	4	0.0
36.3	25.6	5.3	123.1	311.5	100.0	0	0.0
39.2	34.8	4.6	65.0	315.8	100.0	0	0.0
33.4	30.4	14.1	272.5	290.0	100.0	0	0.0
26.3	20.7	10.7	159.0	310.0	100.0	7	28.8
12.8	4.9	11.7	310.0	280.3	100.0	0	0.0
10.4	1.5	6.8	78.5	333.0	100.0	0	0.0
21.2	11.7	5.0	93.8	337.4	100.0	0	0.0
25.7	20.9	5.5	83.1	341.8	100.0	2	5.3
29.6	26.9	2.9	59.1	346.3	100.0	4	9.5
03	31	2003
33.0	32.0	6.2	209.0	350.7	100.0	1	1.5
28.4	18.7	10.4	278.8	355.2	100.0	0	0.0
34.5	22.3	10.2	168.1	359.7	100.0	0	0.0
42.4	34.1	11.7	201.5	364.2	100.0	0	0.0
20.9	16.3	12.2	233.1	368.7	100.0	6	31.0
28.1	22.2	7.2	146.7	373.3	100.0	0	0.0
41.5	31.1	8.2	142.2	344.3	100.0	0	0.0
42.0	32.9	16.3	234.6	382.4	100.0	0	0.0
20.1	6.2	10.8	159.6	386.9	100.0	0	0.0
23.6	7.1	6.5	49.8	391.5	100.0	0	0.0
38.9	25.4	9.0	165.5	396.0	100.0	5	0.0
56.3	49.5	8.3	163.1	400.6	100.0	39	0.0
44.0	41.0	10.6	141.3	405.2	100.0	26	0.0
42.9	38.3	6.8	121.1	409.7	100.0	0	0.0
50.6	43.1	8.4	144.2	414.2	100.0	0	0.0
58.0	46.9	9.1	162.0	395.7	100.0	0	0.0
59.3	48.9	8.0	128.4	384.8	100.0	0	0.0
59.0	53.0	10.7	83.3	418.7	100.0	0	0.0
52.5	50.3	11.2	105.0	408.0	100.0	77	0.0
51.7	48.1	8.7	199.9	436.8	100.0	2	0.0
45.9	33.6	11.4	279.7	430.9	100.0	0	0.0
52.5	36.2	8.5	251.2	445.9	100.0	0	0.0
58.4	41.2	6.0	221.0	450.5	100.0	0	0.0
63.6	45.9	12.7	189.5	455.1	100.0	11	0.0
47.5	41.7	8.3	167.1	459.7	100.0	8	0.0
53.0	34.1	8.9	214.8	464.4	100.0	0	0.0
59.4	36.9	15.7	166.2	469.0	100.0	0	0.0
41.1	36.7	12.6	282.3	473.6	100.0	49	0.0
36.2	27.3	11.3	300.3	478.2	100.0	0	0.0
36.7	20.4	8.7	267.5	482.8	100.0	0	0.0
51.7	31.7	13.6	194.4	487.3	100.0	0	0.0
04	30	2003
66.3	38.2	17.0	217.5	491.9	100.0	0	0.0
67.3	48.5	15.0	194.6	496.3	100.0	0	0.0
67.9	54.7	15.3	191.5	500.8	100.0	0	0.0
56.0	48.4	15.4	232.4	439.1	100.0	0	0.0
39.7	27.0	10.8	185.6	509.6	100.0	0	0.0
36.3	34.4	16.2	97.8	513.9	100.0	64	18.3
41.9	37.2	10.7	229.6	518.2	100.0	0	0.0
34.3	30.8	11.8	339.9	522.5	100.0	0	0.0
40.4	27.9	10.0	187.6	526.8	100.0	0	0.0
49.1	26.3	5.2	113.8	531.0	100.0	0	0.0
58.4	32.3	3.5	143.0	465.3	100.0	0	0.0
64.0	43.0	6.8	204.4	539.2	100.0	0	0.0
63.4	42.9	8.7	120.6	543.3	100.0	0	0.0
70.4	50.5	14.0	175.2	527.8	100.0	0	0.0
72.6	46.1	17.6	176.9	551.3	100.0	0	0.0
62.3	53.0	11.8	168.9	555.2	100.0	42	0.0
50.0	48.3	11.6	267.8	559.1	100.0	8	0.0
55.3	49.0	11.8	124.8	562.9	100.0	0	0.0
63.1	56.8	14.2	168.2	566.7	100.0	37	0.0
53.9	47.5	12.2	251.3	570.4	100.0	7	0.0
53.0	43.4	11.6	277.1	574.1	100.0	0	0.0
53.8	39.8	4.9	122.3	577.7	100.0	0	0.0
56.8	39.5	11.3	126.5	581.3	100.0	28	0.0
52.6	51.4	13.1	142.1	584.8	100.0	67	0.0
51.3	50.9	8.7	221.2	588.3	100.0	17	0.0
55.3	41.0	6.6	87.4	557.1	100.0	0	0.0
63.4	47.9	8.6	141.5	595.1	100.0	0	0.0
60.9	57.4	7.4	96.2	598.4	100.0	67	0.0
66.2	59.6	5.9	89.0	601.6	100.0	0	0.0
71.8	61.3	13.8	171.7	604.8	100.0	0	0.0
05	31	2003
63.9	57.6	9.7	239.7	607.9	100.0	11	0.0
58.4	51.8	6.6	148.9	585.4	100.0	0	0.0
58.8	44.1	8.8	98.1	614.3	100.0	0	0.0
57.3	53.2	16.7	142.6	617.4	100.0	228	0.0
65.9	52.8	9.8	215.6	620.4	100.0	4	0.0
62.7	55.7	11.8	103.5	623.4	100.0	6	0.0
62.9	55.2	7.7	211.0	626.3	100.0	0	0.0
59.0	57.0	11.8	115.3	629.1	100.0	42	0.0
76.9	69.1	11.5	210.2	631.9	100.0	3	0.0
68.8	63.5	15.3	174.8	633.6	100.0	54	0.0
54.8	42.8	18.2	279.4	637.3	100.0	0	0.0
59.1	44.1	9.9	275.4	640.0	100.0	0	0.0
62.1	52.8	6.7	123.1	642.5	100.0	0	0.0
63.8	56.4	6.1	178.3	645.0	100.0	1	0.0
63.1	53.8	6.8	187.9	647.4	100.0	11	0.0
57.9	54.1	12.9	64.7	588.7	100.0	4	0.0
64.4	58.0	9.9	44.3	579.8	100.0	0	0.0
64.9	61.5	6.7	56.4	577.8	100.0	0	0.0
68.6	64.6	5.8	140.2	656.5	100.0	10	0.0
57.0	43.5	13.6	182.2	658.7	100.0	20	0.0
55.5	43.6	7.2	54.6	660.7	100.0	0	0.0
59.0	43.7	5.3	76.5	662.7	100.0	0	0.0
61.7	50.8	2.8	129.7	664.6	100.0	0	0.0
57.3	52.6	9.4	86.6	604.3	100.0	12	0.0
60.4	49.7	7.2	98.7	668.3	100.0	3	0.0
64.3	47.7	5.5	145.0	670.1	100.0	0	0.0
68.0	48.9	5.7	284.2	671.8	100.0	0	0.0
69.9	52.7	12.7	286.2	673.4	100.0	0	0.0
68.2	49.1	6.5	202.2	644.0	100.0	0	0.0
71.1	60.4	10.2	208.9	676.4	100.0	7	0.0
62.1	50.9	10.8	159.3	678.1	100.0	0	0.0
06	30	2003
59.6	47.7	7.1	91.5	616.6	100.0	0	0.0
54.3	50.1	10.9	87.7	681.0	100.0	96	0.0
54.1	50.5	7.0	188.5	682.3	100.0	0	0.0
59.6	50.0	4.0	179.2	683.5	100.0	0	0.0
63.9	54.1	3.8	90.0	684.7	100.0	0	0.0
64.2	59.4	5.5	132.6	685.9	100.0	27	0.0
66.0	56.3	5.1	200.2	686.9	100.0	0	0.0
63.4	51.0	12.6	252.1	687.9	100.0	0	0.0
69.0	56.0	8.1	211.7	688.9	100.0	0	0.0
70.7	65.5	12.0	189.4	689.7	100.0	41	0.0
69.4	66.3	3.6	131.7	690.5	100.0	7	0.0
70.0	66.7	5.3	125.7	691.3	100.0	34	0.0
70.7	65.3	4.2	124.0	691.9	100.0	4	0.0
73.1	63.1	5.0	85.8	692.5	100.0	0	0.0
73.2	62.2	5.8	45.2	693.1	100.0	0	0.0
75.1	58.9	3.8	23.1	693.6	100.0	0	0.0
74.8	63.3	1.2	20.6	694.0	100.0	0	0.0
74.9	64.0	1.1	58.3	694.4	100.0	0	0.0
73.3	63.0	7.7	38.7	694.7	100.0	0	0.0
66.3	50.7	7.3	84.4	694.9	100.0	0	0.0
67.8	55.2	6.5	106.0	695.0	100.0	0	0.0
71.7	60.0	9.6	145.4	646.8	100.0	0	0.0
75.0	65.0	10.3	155.4	635.4	100.0	0	0.0
80.3	70.4	9.9	156.3	695.2	100.0	0	0.0
77.1	70.3	10.6	168.2	695.1	100.0	199	0.0
67.4	56.5	9.0	246.3	694.9	100.0	0	0.0
70.1	57.1	8.4	151.9	694.7	100.0	0	0.0
72.9	61.5	7.8	169.0	694.4	100.0	0	0.0
74.3	63.8	4.2	91.2	694.0	100.0	0	0.0
73.4	67.6	4.8	51.5	693.6	100.0	0	0.0
07	31	2003
74.3	68.0	2.8	46.5	693.2	100.0	0	0.0
77.6	68.4	1.0	21.5	692.6	100.0	0	0.0
80.2	72.0	7.0	146.9	692.0	100.0	0	0.0
82.4	73.7	7.4	152.9	691.3	100.0	0	0.0
81.9	72.0	6.3	129.6	690.6	100.0	0	0.0
80.7	71.1	9.0	152.9	689.8	100.0	0	0.0
82.9	71.3	11.9	219.2	689.0	100.0	0	0.0
81.8	71.1	10.9	179.6	688.0	100.0	0	0.0
81.3	70.5	9.5	188.4	687.0	100.0	31	0.0
74.7	64.8	11.0	250.1	686.0	100.0	29	0.0
74.0	63.0	6.0	206.7	684.9	100.0	0	0.0
74.2	63.5	4.3	136.7	683.7	100.0	0	0.0
73.8	62.9	5.3	87.9	682.4	100.0	0	0.0
79.0	69.4	9.4	138.9	651.9	100.0	0	0.0
81.7	67.2	5.0	162.9	679.8	100.0	0	0.0
78.0	64.1	1.5	25.6	678.3	100.0	0	0.0
77.8	70.8	5.3	120.4	676.8	100.0	5	0.0
77.7	71.0	10.3	123.5	675.3	100.0	1	0.0
76.0	70.3	4.5	62.6	673.6	100.0	0	0.0
82.2	72.6	7.2	171.0	672.0	100.0	0	0.0
80.2	67.4	9.3	222.7	670.2	100.0	0	0.0
71.3	59.1	9.0	279.2	668.4	100.0	0	0.0
68.2	55.1	6.8	233.3	666.5	100.0	0	0.0
71.2	56.8	4.7	87.7	664.6	100.0	0	0.0
75.4	60.9	10.6	155.2	618.2	100.0	0	0.0
79.0	64.7	10.3	181.7	660.5	100.0	0	0.0
83.8	70.4	6.3	131.0	658.4	100.0	0	0.0
75.6	70.7	4.9	65.6	656.2	100.0	6	0.0
72.4	63.2	5.3	54.5	654.0	100.0	1	0.0
74.4	60.3	4.6	91.0	651.7	100.0	0	0.0
76.3	65.1	4.8	104.5	649.3	100.0	9	0.0
08	31	2003
73.7	65.9	6.0	148.8	646.9	100.0	1	0.0
74.3	64.3	7.1	129.4	644.5	100.0	3	0.0
76.3	59.3	2.6	82.7	642.1	100.0	0	0.0
77.9	62.0	4.8	107.7	639.6	100.0	0	0.0
77.7	65.5	4.2	52.7	637.0	100.0	0	0.0
75.4	66.2	5.9	29.4	634.4	100.0	0	0.0
76.6	63.5	4.9	150.4	631.8	100.0	0	0.0
75.4	63.7	4.3	67.1	629.1	100.0	0	0.0
73.2	62.2	4.1	61.2	626.4	100.0	0	0.0
72.8	59.8	3.2	25.2	623.7	100.0	0	0.0
73.9	61.0	6.4	100.8	620.9	100.0	0	0.0
70.1	63.1	7.6	34.6	618.0	100.0	0	0.0
71.5	66.1	6.5	46.2	615.0	100.0	21	0.0
75.4	69.8	0.4	5.9	612.0	100.0	0	0.0
81.7	67.1	1.8	56.2	609.0	100.0	0	0.0
84.4	66.5	2.6	95.4	605.9	100.0	0	0.0
86.4	67.8	4.6	109.3	602.7	100.0	0	0.0
86.2	70.9	4.6	90.0	599.5	100.0	0	0.0
83.6	72.3	6.9	108.1	596.3	100.0	0	0.0
85.0	70.5	8.3	169.2	592.9	100.0	0	0.0
86.8	69.3	8.6	197.8	589.5	100.0	35	0.0
79.1	65.9	7.8	132.7	586.1	100.0	0	0.0
76.3	60.0	7.8	78.3	582.6	100.0	0	0.0
80.2	63.6	7.5	143.3	579.1	100.0	0	0.0
84.5	66.4	7.2	150.6	575.5	100.0	0	0.0
86.6	66.7	6.2	174.8	571.9	100.0	0	0.0
80.0	68.0	5.2	133.5	568.2	100.0	2	0.0
79.0	70.0	8.3	159.5	564.5	100.0	24	0.0
72.3	71.1	4.1	145.5	560.7	100.0	32	0.0
73.7	69.5	7.7	76.2	556.9	100.0	0	0.0
67.9	67.3	8.2	80.3	553.0	100.0	104	0.0
09	30	2003
63.8	63.2	8.1	137.6	549.1	100.0	114	0.0
65.0	62.2	7.1	58.2	545.1	100.0	0	0.0
69.3	61.8	6.1	221.8	541.1	100.0	0	0.0
65.2	54.0	7.9	137.4	477.2	100.0	0	0.0
67.1	53.4	5.2	85.2	533.0	100.0	0	0.0
66.3	53.2	5.0	143.5	528.8	100.0	0	0.0
68.3	54.6	4.4	87.9	524.6	100.0	0	0.0
68.8	57.9	5.3	117.5	520.4	100.0	0	0.0
68.6	60.3	7.3	130.9	449.7	100.0	0	0.0
72.5	64.1	8.7	139.0	511.9	100.0	0	0.0
75.0	66.7	11.6	154.1	446.8	100.0	53	0.0
71.4	69.2	8.0	173.0	438.0	100.0	32	0.0
68.7	66.2	10.5	182.8	498.9	100.0	143	0.0
63.7	53.8	9.8	291.6	494.5	100.0	6	0.0
65.0	51.6	8.5	221.9	490.2	100.0	0	0.0
65.6	52.1	10.6	158.5	485.9	100.0	0	0.0
68.2	56.0	11.3	143.3	481.6	100.0	0	0.0
66.3	58.7	10.4	197.4	477.2	100.0	29	0.0
54.6	44.8	8.1	267.1	472.8	100.0	0	0.0
57.0	46.4	7.2	134.4	429.4	100.0	0	0.0
64.9	58.5	10.2	176.1	464.0	100.0	181	0.0
64.1	55.4	9.2	279.9	459.5	100.0	1	0.0
62.0	50.6	9.2	189.8	455.0	100.0	0	0.0
70.2	59.1	13.7	260.8	450.5	100.0	0	0.0
56.7	41.1	5.5	114.0	446.0	100.0	2	0.0
63.4	58.6	10.9	213.8	441.4	100.0	53	0.0
55.9	47.3	10.3	282.3	436.9	100.0	2	0.0
50.5	39.4	10.5	295.8	432.3	100.0	0	0.0
51.5	39.2	6.1	257.9	427.7	100.0	0	0.0
45.8	41.6	5.2	168.4	369.2	100.0	26	0.0
10	31	2003
49.0	41.3	7.3	198.3	418.5	100.0	0	0.0
46.3	32.0	6.4	97.9	413.9	100.0	0	0.0
51.6	47.1	10.1	205.4	409.3	100.0	0	0.0
57.4	47.1	6.5	242.9	404.7	100.0	0	0.0
61.4	52.1	7.3	221.9	400.1	100.0	0	0.0
62.1	53.8	3.2	136.2	395.4	100.0	1	0.0
62.5	55.5	4.4	133.3	390.8	100.0	1	0.0
66.0	59.1	7.3	150.9	349.5	100.0	0	0.0
61.9	60.3	6.7	101.5	381.6	100.0	40	0.0
64.3	59.6	7.5	102.9	377.0	100.0	0	0.0
62.3	59.6	9.7	199.1	372.4	100.0	15	0.0
56.2	45.7	4.5	176.0	367.8	100.0	1	0.0
59.9	52.6	9.6	166.6	363.3	100.0	47	0.0
54.9	43.4	14.5	294.2	358.9	100.0	15	0.0
55.6	43.1	6.6	211.7	354.4	100.0	0	0.0
52.0	45.9	8.7	143.7	350.0	100.0	33	0.0
47.6	38.0	6.9	106.9	345.6	100.0	0	0.0
56.3	45.6	8.8	218.1	341.3	100.0	0	0.0
63.6	54.8	6.0	197.7	336.9	100.0	0	0.0
68.0	54.6	11.5	221.0	332.6	100.0	0	0.0
64.0	47.8	7.4	268.6	328.0	100.0	0	0.0
59.0	46.7	7.7	162.8	287.7	100.0	0	0.0
59.1	45.0	8.1	195.2	319.8	100.0	0	0.0
61.5	50.0	10.8	170.4	295.5	100.0	0	0.0
48.1	46.0	8.7	223.7	311.7	100.0	22	0.0
38.2	32.9	7.3	249.3	307.7	100.0	0	0.0
44.6	38.9	7.2	169.0	303.7	100.0	5	0.0
49.5	39.0	10.1	264.8	299.8	100.0	1	0.0
51.5	37.1	10.3	158.7	275.2	100.0	0	0.0
64.9	54.7	14.9	169.6	292.1	100.0	0	0.0
53.0	45.4	9.2	284.2	288.2	100.0	0	0.0
11	30	2003
46.7	44.6	8.3	81.7	284.5	100.0	2	0.0
65.2	60.0	8.6	149.1	280.7	100.0	0	0.0
68.2	60.8	10.2	157.4	277.1	100.0	0	0.0
60.0	53.5	13.6	236.7	273.4	100.0	24	0.0
37.5	33.9	10.4	145.4	269.8	100.0	0	0.0
34.9	29.8	8.3	100.9	266.3	100.0	0	0.0
36.8	27.1	5.3	123.3	262.8	100.0	0	0.0
35.1	22.8	9.7	60.9	255.2	100.0	0	0.0
38.0	28.5	8.1	99.2	256.0	100.0	1	0.0
47.2	41.2	9.4	155.2	252.7	100.0	3	0.0
58.2	56.8	6.2	181.9	249.4	100.0	1	0.0
51.7	39.5	14.7	270.6	246.2	100.0	0	0.0
36.0	19.7	7.6	249.1	202.8	100.0	0	0.0
38.6	33.8	10.8	174.4	240.0	100.0	3	0.0
46.3	45.4	7.8	164.9	236.9	100.0	2	0.0
48.9	47.5	5.3	174.2	234.0	100.0	1	0.0
54.2	52.7	11.9	142.8	231.1	100.0	65	0.0
54.5	49.9	9.8	251.4	228.3	100.0	27	0.0
49.5	36.4	10.1	259.0	225.5	100.0	0	0.0
56.1	38.3	11.4	194.2	222.9	100.0	0	0.0
51.7	41.9	7.8	86.0	220.2	100.0	0	0.0
56.1	50.5	8.9	152.8	217.7	100.0	0	0.0
42.3	35.8	19.5	254.6	193.0	100.0	28	0.0
26.1	15.3	12.6	241.5	212.8	100.0	0	0.0
35.1	21.7	10.3	174.1	188.9	100.0	0	0.0
42.5	35.4	9.3	139.9	184.3	100.0	0	0.0
40.8	31.7	10.6	283.9	206.1	100.0	0	0.0
28.4	18.8	14.9	294.4	204.0	100.0	0	0.0
37.6	19.1	13.4	208.5	202.0	100.0	0	0.0
49.0	29.6	12.2	254.4	200.0	100.0	0	0.0
12	31	2003
40.1	20.7	7.8	314.8	198.2	100.0	0	0.0
41.5	22.2	9.7	129.2	196.4	100.0	0	0.0
35.1	30.0	10.2	93.9	194.7	100.0	9	19.7
35.7	34.5	8.2	257.3	193.0	100.0	0	0.0
32.6	30.6	15.7	305.3	191.5	100.0	3	7.6
28.7	27.6	6.6	210.4	190.0	100.0	0	0.0
38.7	28.4	12.0	148.1	188.6	100.0	0	0.0
44.4	38.9	10.2	145.8	187.3	100.0	0	0.0
50.5	49.4	9.7	118.0	156.3	100.0	45	0.0
28.8	24.3	20.9	287.1	185.1	100.0	57	93.7
18.4	12.0	6.3	196.0	184.1	100.0	0	0.0
20.7	12.9	8.0	79.2	183.2	100.0	0	0.0
26.0	22.3	8.1	110.3	182.3	100.0	13	54.4
26.3	24.4	8.7	209.4	181.6	100.0	0	0.0
41.0	36.5	17.2	165.8	180.9	100.0	10	0.0
30.6	24.1	15.2	284.0	180.3	100.0	0	0.0
32.5	26.3	8.5	244.4	179.8	100.0	2	0.0
37.9	30.6	18.4	294.6	179.4	100.0	3	0.0
30.9	22.2	13.5	305.8	179.0	100.0	0	0.0
32.2	19.4	9.1	166.7	178.7	100.0	0	0.0
45.9	34.6	13.7	189.6	178.5	100.0	0	0.0
46.4	43.0	9.6	112.4	178.4	100.0	100	0.0
32.2	27.6	11.4	307.1	178.3	100.0	2	0.0
26.0	17.8	6.8	286.9	178.4	100.0	0	0.0
31.7	21.7	9.2	152.6	156.2	100.0	0	0.0
40.0	26.3	13.5	143.3	178.7	100.0	0	0.0
51.5	40.6	18.3	160.7	179.0	100.0	17	0.0
47.1	41.2	10.9	204.1	179.3	100.0	11	0.0
34.3	25.7	10.3	262.8	179.8	100.0	0	0.0
40.4	22.6	13.6	183.3	180.3	100.0	0	0.0
41.5	27.1	6.8	149.1	180.9	100.0	0	0.0
