01	31	2005
53.9	47.8	10.2	113.3	116.8	24.9	13	0.0
50.5	49.2	8.6	146.7	143.5	26.4	31	0.0
37.5	36.7	8.6	187.1	85.2	12.8	92	0.0
35.5	34.5	8.5	110.5	92.1	12.6	62	2.5
31.7	29.5	10.9	152.3	92.1	13.7	56	143.3
18.2	14.2	9.7	256.3	86.3	12.5	0	0.0
25.2	22.0	6.8	167.1	152.2	46.7	8	20.6
27.6	24.1	7.7	192.2	97.5	14.9	0	0.0
37.5	33.2	9.9	199.2	186.1	80.0	0	0.0
36.3	34.9	8.9	118.2	93.8	27.4	0	0.0
37.5	36.9	4.3	113.8	93.2	34.2	3	0.0
51.3	49.0	11.6	181.5	159.1	35.1	103	0.0
28.2	23.4	15.7	300.5	110.7	45.8	6	12.1
12.6	4.0	9.3	156.5	102.2	40.6	0	0.0
13.9	6.7	8.3	32.9	115.9	20.8	0	0.0
12.2	4.4	6.8	213.8	201.1	78.7	0	0.0
14.5	5.6	2.6	47.9	170.2	72.4	0	0.0
23.5	13.1	11.7	158.5	198.1	87.0	0	0.0
36.6	30.1	10.5	263.8	139.5	70.8	0	0.0
40.5	34.3	8.9	183.3	209.2	92.2	0	0.0
32.4	29.1	10.4	111.1	109.4	19.8	0	0.0
20.1	11.9	21.6	308.0	131.0	36.2	0	0.0
18.8	11.1	8.1	198.3	153.0	70.8	0	0.0
37.4	19.6	10.5	227.7	218.5	100.0	0	0.0
45.6	30.6	7.4	229.0	218.0	85.4	0	0.0
36.4	29.5	12.2	270.0	115.7	27.6	0	0.0
28.5	21.9	10.4	65.6	162.2	53.5	0	0.0
28.5	19.4	9.4	98.2	148.6	51.4	12	29.3
32.0	29.5	4.2	181.0	117.5	11.8	2	5.5
32.8	29.7	5.1	85.2	141.5	50.7	0	0.0
31.6	27.7	6.0	119.3	135.3	18.1	0	0.0
02	28	2005
32.9	23.9	7.2	49.5	239.0	96.3	0	0.0
31.4	28.3	5.5	135.9	162.2	51.8	3	7.8
32.5	30.2	5.8	216.4	193.4	78.8	0	0.0
43.0	31.7	7.0	207.3	250.4	100.0	0	0.0
45.3	30.3	9.9	153.3	250.6	97.4	0	0.0
47.0	40.2	10.3	146.2	140.7	32.6	17	0.0
40.8	39.5	10.3	258.1	118.3	11.5	7	1.3
28.9	27.0	5.6	206.4	136.4	13.5	10	24.8
25.9	21.7	10.7	283.5	164.8	43.9	1	2.5
24.0	17.4	6.4	259.6	271.7	100.0	0	0.0
37.7	25.9	7.8	249.6	275.4	100.0	0	0.0
45.5	38.0	9.2	200.3	266.8	67.0	15	0.0
48.4	46.9	16.0	181.6	129.9	13.0	55	0.0
51.4	39.1	12.6	231.2	278.8	67.7	0	0.0
53.1	37.2	13.0	192.1	291.0	69.3	0	0.0
35.8	22.9	11.0	302.1	292.2	79.7	0	0.0
35.6	19.2	7.6	215.6	299.1	93.2	0	0.0
34.6	22.0	6.5	123.8	303.2	100.0	0	0.0
35.0	31.0	11.3	123.2	143.7	15.1	4	1.3
51.9	45.6	14.0	221.9	223.5	34.1	0	0.0
42.0	38.1	6.4	171.0	162.3	15.6	0	0.0
39.1	31.5	7.7	170.3	270.4	41.8	0	0.0
36.1	27.2	7.2	80.0	186.1	20.1	1	2.5
34.0	31.6	3.9	127.6	171.3	22.3	1	3.0
41.7	28.8	8.8	223.6	333.0	100.0	0	0.0
44.2	29.6	9.8	82.1	334.3	83.8	0	0.0
44.0	37.1	6.6	183.1	267.1	41.1	8	0.0
29.3	22.1	17.2	304.2	171.0	12.0	2	0.0
03	31	2005
27.7	15.5	11.9	289.2	310.8	69.1	0	0.0
35.6	17.9	6.7	148.8	298.5	81.2	0	0.0
41.4	27.7	8.3	131.5	313.1	85.9	0	0.0
51.2	35.5	11.0	267.5	364.2	96.3	0	0.0
43.2	29.7	8.2	288.5	366.9	99.0	0	0.0
53.1	30.9	12.6	211.5	373.0	82.3	0	0.0
45.4	35.5	18.3	295.1	231.2	51.4	15	0.0
34.1	22.9	9.1	288.8	316.9	60.9	0	0.0
33.8	18.3	7.7	184.6	376.1	73.4	0	0.0
41.5	25.1	16.5	254.0	331.8	49.0	0	0.0
42.0	23.6	16.1	282.5	265.8	30.2	0	0.0
47.6	27.6	8.6	147.7	400.6	97.4	0	0.0
31.0	18.6	7.7	105.2	352.1	88.0	0	0.0
36.0	19.2	8.4	242.3	405.8	97.4	0	0.0
39.2	21.6	7.7	139.4	407.2	77.6	0	0.0
42.1	25.3	4.3	214.4	409.9	95.8	0	0.0
45.7	19.6	11.5	186.5	418.4	97.9	0	0.0
49.3	26.7	14.7	180.3	315.3	64.6	0	0.0
38.0	26.1	11.6	250.0	274.4	58.3	0	0.0
41.4	27.3	7.3	75.2	429.7	85.4	0	0.0
46.7	29.4	15.1	88.8	429.9	62.0	1	0.0
38.2	36.0	16.1	59.4	198.9	12.2	21	0.0
36.1	33.8	9.0	247.4	229.2	13.9	0	0.0
41.0	38.0	8.6	107.8	269.2	19.6	6	0.0
42.5	41.1	8.8	157.2	223.2	10.5	2	0.0
38.9	36.1	7.9	36.5	222.3	19.4	0	0.0
44.2	33.0	9.7	156.5	418.2	66.2	0	0.0
51.8	32.1	7.8	249.4	473.6	100.0	0	0.0
63.2	40.1	16.5	155.2	477.2	97.4	0	0.0
61.9	44.4	22.5	202.4	406.9	48.8	0	0.0
52.6	35.2	9.4	245.2	360.2	90.3	0	0.0
04	30	2005
51.2	29.2	13.5	279.0	409.1	61.5	0	0.0
47.6	23.7	8.1	226.5	496.3	100.0	0	0.0
59.7	32.5	9.6	181.7	500.3	99.5	0	0.0
67.2	38.9	12.7	169.2	505.2	99.5	0	0.0
64.6	51.6	13.3	150.8	381.2	56.1	0	0.0
62.7	53.5	11.2	101.1	373.1	36.8	26	0.0
53.5	50.5	12.2	199.6	236.2	29.6	1	0.0
55.1	42.5	7.2	164.0	514.4	90.2	0	0.0
66.0	49.9	11.9	140.0	526.2	99.0	0	0.0
70.4	52.0	14.2	148.3	515.8	90.1	0	0.0
61.2	57.3	10.5	134.9	250.3	17.6	55	0.0
55.2	47.8	10.3	257.9	435.6	46.0	9	0.0
52.8	41.7	13.9	168.1	488.7	60.2	1	0.0
53.4	34.6	7.9	106.9	547.3	100.0	0	0.0
59.1	38.3	6.7	103.5	550.6	99.0	0	0.0
65.0	40.3	6.9	143.8	550.7	97.4	0	0.0
66.2	45.9	7.4	178.1	542.8	93.2	0	0.0
67.2	48.2	11.0	169.6	535.8	87.5	0	0.0
67.0	51.2	12.3	180.6	481.7	83.3	0	0.0
63.3	56.4	7.3	140.4	453.8	46.4	50	0.0
64.9	60.4	7.1	115.6	419.3	42.7	68	0.0
53.2	47.0	13.9	286.4	317.1	42.3	13	0.0
45.2	27.8	17.9	328.5	559.0	68.2	0	0.0
46.0	25.4	10.7	292.3	584.0	99.5	0	0.0
47.8	38.2	9.9	217.8	430.8	53.6	21	0.0
47.5	38.4	10.9	266.2	488.7	56.2	2	0.0
51.0	33.5	11.1	257.5	480.7	49.0	0	0.0
48.7	43.7	6.9	97.4	295.7	19.3	8	0.0
46.1	39.8	9.1	173.3	301.4	20.7	4	0.0
49.1	31.0	9.8	301.9	514.3	65.6	0	0.0
05	31	2005
46.7	28.9	11.8	293.5	563.3	81.2	0	0.0
46.2	28.4	9.7	273.3	482.6	63.0	0	0.0
50.6	28.9	7.8	249.4	502.4	80.7	0	0.0
55.3	29.3	5.8	117.5	605.2	94.8	0	0.0
59.0	39.6	6.5	177.1	561.8	83.8	0	0.0
63.8	50.6	8.2	191.2	596.7	81.8	0	0.0
68.2	52.4	9.8	174.8	621.4	93.8	0	0.0
66.2	56.4	8.9	155.1	473.4	40.6	29	0.0
68.4	55.9	11.0	216.7	536.7	79.7	0	0.0
72.3	61.0	9.3	183.3	628.1	97.4	0	0.0
70.0	63.3	9.5	134.2	499.0	77.6	19	0.0
70.2	61.8	9.6	113.3	598.2	66.8	0	0.0
66.7	58.2	8.4	226.8	550.8	62.3	7	0.0
59.9	47.6	11.8	305.5	614.2	68.8	20	0.0
52.5	39.0	8.5	246.7	592.3	76.0	0	0.0
57.3	41.9	7.5	131.5	646.7	99.0	0	0.0
63.5	45.7	10.6	143.8	649.2	99.0	0	0.0
70.5	52.6	11.8	154.4	637.8	82.8	0	0.0
76.5	60.5	10.1	236.7	643.3	77.6	0	0.0
66.7	55.8	10.2	151.5	477.4	54.0	0	0.0
66.2	55.9	7.8	113.6	651.9	85.1	1	0.0
72.2	60.0	9.4	223.7	623.8	69.3	30	0.0
71.7	51.0	7.4	264.6	660.5	95.3	0	0.0
66.1	51.2	7.5	63.3	666.4	94.8	0	0.0
66.0	50.0	5.3	97.9	668.1	98.4	0	0.0
65.3	48.7	9.3	286.9	656.6	78.7	0	0.0
60.5	48.6	7.2	264.2	595.1	81.8	2	0.0
64.5	48.7	7.3	208.8	670.2	96.9	0	0.0
69.0	53.5	7.4	95.8	581.7	52.6	2	0.0
68.8	59.4	7.9	74.3	541.4	53.6	0	0.0
70.8	55.9	8.8	93.8	609.4	68.2	0	0.0
06	30	2005
69.8	52.6	7.2	76.5	654.6	92.2	0	0.0
71.4	57.5	6.2	92.7	660.0	93.8	0	0.0
72.7	62.7	8.1	146.7	654.9	88.5	0	0.0
80.0	65.2	12.8	168.5	657.9	85.2	0	0.0
74.8	61.2	11.3	194.9	666.7	79.3	3	0.0
73.0	62.0	7.5	155.6	678.6	94.8	0	0.0
74.6	64.9	10.1	168.5	657.3	91.7	1	0.0
71.8	65.0	11.9	154.0	553.1	72.0	55	0.0
75.9	64.4	8.3	156.7	680.0	81.8	0	0.0
71.2	66.0	7.8	144.1	592.1	81.5	36	0.0
72.2	66.6	9.6	151.4	631.0	83.0	2	0.0
75.1	67.9	6.8	139.0	637.1	76.8	28	0.0
71.7	67.6	9.9	167.3	530.2	53.6	64	0.0
71.8	59.9	12.9	251.2	659.0	90.6	0	0.0
73.2	57.6	9.1	220.6	686.9	95.8	0	0.0
70.7	60.7	5.2	87.7	658.8	88.0	0	0.0
70.5	53.1	6.8	67.5	690.8	99.0	0	0.0
69.7	55.0	5.6	82.5	688.4	97.9	0	0.0
70.3	57.1	6.0	106.9	687.3	97.4	0	0.0
72.6	59.8	4.9	94.6	684.7	95.3	0	0.0
75.4	62.5	5.1	221.5	688.9	97.9	0	0.0
80.2	68.2	3.9	155.8	671.9	88.0	0	0.0
81.3	69.8	5.9	162.1	691.6	98.4	0	0.0
81.0	67.8	7.8	176.0	682.0	94.3	0	0.0
81.8	67.6	5.8	167.3	693.1	99.0	0	0.0
80.5	68.6	4.3	116.0	690.9	97.9	0	0.0
78.3	68.2	6.2	145.0	680.0	93.8	0	0.0
79.4	68.4	6.5	172.7	687.5	93.8	0	0.0
83.7	70.0	7.5	169.0	684.2	92.2	0	0.0
79.1	62.7	9.9	190.3	678.4	86.3	0	0.0
07	31	2005
74.0	60.7	7.7	253.3	617.8	79.2	0	0.0
72.3	55.7	4.5	76.7	685.3	97.4	0	0.0
77.9	61.3	8.6	164.4	688.2	89.9	0	0.0
73.2	64.2	5.6	211.1	587.8	74.5	0	0.0
75.1	60.4	5.0	259.4	685.4	97.2	0	0.0
75.3	61.5	6.5	109.0	670.9	95.3	0	0.0
76.3	59.2	6.8	49.8	677.2	94.8	0	0.0
77.9	59.6	5.6	80.2	678.0	95.3	0	0.0
79.9	61.4	7.2	104.2	675.9	95.3	0	0.0
80.1	60.1	8.3	90.0	676.4	94.8	0	0.0
75.5	61.7	8.3	120.2	681.5	85.4	0	0.0
75.1	65.0	8.1	246.4	608.7	65.5	2	0.0
77.3	66.1	8.5	229.6	595.5	62.5	0	0.0
80.3	67.7	6.6	168.1	663.2	91.3	0	0.0
81.5	65.5	7.7	86.0	659.5	92.7	0	0.0
82.3	65.1	4.6	162.3	642.6	86.5	0	0.0
83.2	67.2	8.9	191.9	658.8	90.1	0	0.0
81.6	66.5	8.3	257.9	668.4	93.2	0	0.0
81.5	66.9	3.8	100.2	639.6	74.5	0	0.0
86.9	68.9	9.3	204.2	641.9	90.1	0	0.0
85.0	69.1	9.0	205.4	664.3	94.8	0	0.0
89.2	69.2	5.4	179.6	652.8	89.1	0	0.0
86.1	70.7	7.3	171.7	650.1	93.2	1	0.0
88.2	65.5	7.8	199.9	650.4	86.6	0	0.0
88.4	65.5	11.6	188.5	631.1	88.0	0	0.0
80.0	66.8	12.8	239.9	633.2	68.8	19	0.0
68.7	56.2	8.6	251.0	658.4	89.6	1	0.0
71.1	53.5	5.4	141.2	640.1	95.8	0	0.0
76.2	56.4	5.3	87.1	641.9	95.8	0	0.0
78.7	58.1	7.4	118.3	641.7	96.3	0	0.0
79.3	59.1	7.4	131.5	645.8	93.8	0	0.0
08	31	2005
83.0	60.8	6.7	117.7	632.6	88.0	0	0.0
84.4	64.9	7.9	159.8	624.7	91.7	0	0.0
86.2	64.4	8.5	171.7	625.6	88.5	0	0.0
80.9	67.3	7.6	175.7	610.2	86.7	10	0.0
73.1	60.9	7.8	49.8	599.5	69.8	1	0.0
77.2	62.7	6.0	91.2	595.4	71.9	0	0.0
79.2	61.7	5.8	122.1	620.6	92.7	0	0.0
82.4	62.1	6.7	131.7	623.5	92.7	0	0.0
84.5	63.3	6.6	165.0	579.7	80.2	0	0.0
84.9	64.4	7.7	210.4	608.2	82.3	0	0.0
85.9	64.5	7.7	198.5	608.4	89.1	0	0.0
80.5	67.4	9.8	174.0	556.4	66.2	55	0.0
73.0	69.1	5.6	124.4	453.2	36.5	67	0.0
65.7	64.1	7.7	48.3	299.2	8.3	84	0.0
68.2	66.4	7.5	70.3	326.9	15.1	58	0.0
73.7	66.7	7.0	58.2	432.6	49.0	3	0.0
74.9	67.1	6.8	117.6	466.4	71.3	0	0.0
81.2	71.6	11.2	193.9	579.9	76.7	66	0.0
83.1	70.2	9.7	199.8	589.0	87.0	0	0.0
78.3	69.5	6.7	264.4	586.4	84.9	0	0.0
78.8	71.3	3.7	101.4	538.5	89.6	0	0.0
74.8	69.4	5.5	111.8	551.0	76.4	39	0.0
67.7	62.1	9.6	71.2	359.2	29.2	8	0.0
70.8	64.7	9.2	93.5	500.5	60.9	43	0.0
73.7	69.7	6.6	145.1	465.6	55.0	45	0.0
75.3	70.7	5.7	154.6	422.9	68.1	77	0.0
77.6	67.0	3.6	188.7	562.1	97.4	0	0.0
75.2	63.0	4.3	132.7	543.7	93.2	0	0.0
74.3	64.2	7.6	77.1	542.8	87.0	0	0.0
73.3	61.5	9.1	204.6	545.5	96.3	0	0.0
75.0	62.3	5.7	261.5	541.3	94.8	0	0.0
09	30	2005
72.5	61.9	5.7	260.6	497.0	76.6	0	0.0
73.5	57.4	4.2	71.2	538.6	89.1	0	0.0
74.8	59.7	6.3	109.6	540.4	99.5	0	0.0
75.6	61.1	5.5	140.2	533.8	98.4	0	0.0
73.4	60.6	8.0	131.5	532.2	99.5	0	0.0
74.2	61.6	6.2	130.0	524.7	97.4	0	0.0
76.1	64.3	5.2	179.8	520.1	94.8	0	0.0
75.7	67.2	4.6	148.1	517.0	97.4	0	0.0
77.8	66.5	5.2	148.8	510.4	96.9	0	0.0
77.3	65.3	7.9	145.8	506.9	96.3	0	0.0
76.1	64.1	8.1	144.8	487.8	92.2	0	0.0
75.8	63.6	9.0	156.9	500.4	97.9	0	0.0
74.6	64.4	9.9	170.8	452.4	83.3	8	0.0
68.3	60.1	7.1	108.4	329.4	47.9	0	0.0
62.4	59.1	9.8	129.1	244.2	18.6	76	0.0
61.8	56.0	6.3	164.9	279.6	41.5	1	0.0
64.0	57.3	6.1	135.5	437.2	74.3	0	0.0
71.6	65.2	8.8	123.7	474.3	82.1	0	0.0
75.9	69.5	11.7	167.1	446.1	73.0	87	0.0
72.7	66.9	4.9	118.6	419.7	76.4	0	0.0
73.5	68.0	7.5	141.1	458.2	93.2	0	0.0
78.5	69.7	9.0	159.6	451.6	95.3	0	0.0
70.7	65.3	9.1	69.7	360.3	52.1	0	0.0
73.7	67.5	8.3	114.0	434.7	79.2	0	0.0
74.8	68.7	9.2	95.2	302.6	61.4	0	0.0
66.1	61.2	7.9	299.2	253.1	57.8	33	0.0
62.9	56.5	4.7	108.5	369.5	87.0	0	0.0
60.5	56.9	10.9	235.7	236.6	57.3	36	0.0
51.6	40.6	5.1	186.2	427.7	100.0	0	0.0
57.4	47.5	9.0	156.2	423.1	100.0	0	0.0
10	31	2005
65.6	54.5	8.8	143.3	415.9	98.4	0	0.0
73.9	66.7	9.5	144.4	396.5	94.3	0	0.0
75.4	69.2	9.1	151.9	381.3	91.7	0	0.0
75.0	67.7	9.5	155.0	375.4	87.5	0	0.0
70.2	63.2	10.5	206.0	383.9	74.1	23	0.0
48.8	38.4	11.8	316.1	394.4	85.2	1	0.0
45.9	35.0	10.1	213.1	386.8	96.3	0	0.0
47.2	38.5	7.0	77.3	279.3	83.3	0	0.0
50.6	42.3	5.6	64.4	379.8	98.4	0	0.0
56.9	46.6	5.1	58.8	369.5	92.7	0	0.0
56.0	52.1	3.9	103.1	190.4	27.1	0	0.0
61.0	55.1	5.3	151.3	336.0	72.4	0	0.0
59.5	51.0	5.8	229.8	340.3	92.7	0	0.0
64.5	51.8	7.5	226.2	353.4	95.8	0	0.0
61.7	40.8	6.2	166.5	354.4	100.0	0	0.0
58.2	40.4	5.9	110.0	350.0	96.9	0	0.0
66.7	54.6	8.7	223.1	342.0	86.5	1	0.0
65.5	51.1	8.4	129.4	341.3	100.0	0	0.0
64.5	56.7	8.4	157.9	307.5	62.4	99	0.0
57.3	54.6	10.4	155.9	182.3	25.5	17	0.0
51.2	45.8	9.4	331.5	193.4	37.9	0	0.0
46.5	41.4	7.8	294.0	281.4	58.3	6	0.0
42.9	36.8	12.1	302.3	200.7	20.0	3	0.0
44.0	36.1	10.7	318.5	192.7	24.1	0	0.0
45.5	34.5	5.7	217.1	247.6	58.3	0	0.0
45.9	35.7	3.2	84.2	295.8	71.9	1	0.0
48.6	36.7	5.7	72.7	261.5	81.8	0	0.0
48.8	36.5	6.2	115.0	299.8	100.0	0	0.0
50.3	38.1	10.2	149.4	294.2	95.8	0	0.0
52.1	44.0	10.0	163.1	185.4	25.0	7	0.0
52.0	49.2	7.7	253.7	130.9	30.0	48	0.0
11	30	2005
48.6	37.4	7.7	240.4	284.5	100.0	0	0.0
56.7	40.4	10.0	190.4	280.7	100.0	0	0.0
63.8	37.5	14.9	180.2	247.7	89.6	0	0.0
61.8	47.2	7.5	162.9	273.4	100.0	0	0.0
62.0	55.3	10.6	185.4	201.6	63.7	11	0.0
50.5	42.0	8.5	229.4	248.8	87.0	0	0.0
56.8	46.7	10.5	152.1	246.5	92.9	0	0.0
69.2	59.7	10.3	170.6	259.4	84.9	0	0.0
55.0	37.5	12.5	292.3	254.8	93.2	0	0.0
43.5	29.0	6.4	201.5	252.7	100.0	0	0.0
54.0	36.4	10.8	171.5	249.1	99.5	0	0.0
59.8	47.3	16.2	173.1	189.9	73.3	2	0.0
51.3	34.2	9.9	224.2	235.5	94.3	0	0.0
41.9	35.2	9.3	82.1	121.6	28.8	2	0.0
40.4	36.8	18.2	182.5	112.0	15.3	24	0.0
28.6	13.0	17.7	286.9	234.0	93.8	0	0.0
27.0	10.8	5.3	130.2	230.7	81.2	0	0.0
40.1	24.7	8.8	218.8	228.3	86.5	0	0.0
45.4	28.0	10.9	224.6	225.5	86.5	0	0.0
42.4	38.7	5.5	252.1	100.6	15.4	2	0.0
43.7	33.9	9.8	285.4	218.9	85.9	0	0.0
38.3	29.4	7.8	270.0	174.7	69.3	0	0.0
51.3	32.5	13.9	267.1	215.2	92.2	0	0.0
34.3	14.8	13.1	274.4	212.8	92.2	0	0.0
30.0	11.0	10.1	122.7	210.3	95.8	0	0.0
49.2	36.2	11.5	154.2	165.1	72.9	0	0.0
57.0	52.4	15.5	141.7	131.2	27.6	34	0.0
40.9	31.5	21.8	207.0	87.9	29.5	0	0.0
29.3	18.5	15.5	269.6	98.1	18.9	0	0.0
30.4	21.0	6.6	168.0	198.6	68.8	1	1.5
12	31	2005
27.8	19.9	13.1	273.1	146.1	52.6	0	0.0
27.5	15.6	9.7	101.5	161.9	53.6	0	0.0
30.1	21.7	11.6	159.5	96.5	31.6	1	2.5
23.5	17.1	9.0	324.6	99.8	21.9	0	0.0
18.5	10.4	6.8	248.3	188.3	67.0	0	0.0
18.8	10.7	10.3	266.7	93.6	36.3	0	0.0
14.1	4.3	8.8	63.2	118.7	39.1	0	0.0
13.8	7.5	9.2	194.3	107.6	48.4	8	50.4
14.5	5.7	6.8	205.2	186.0	96.3	0	0.0
31.1	21.4	12.9	234.4	140.9	54.9	0	0.0
39.9	29.8	13.0	264.4	95.2	28.1	0	0.0
39.2	31.5	8.6	274.4	90.6	27.4	0	0.0
38.5	29.5	10.7	156.7	182.1	64.1	9	0.0
38.9	34.9	10.9	209.3	84.7	24.4	20	0.0
32.2	22.6	12.7	257.3	135.7	56.8	0	0.0
29.1	16.4	12.1	263.5	144.1	85.4	0	0.0
26.8	17.1	6.1	120.4	101.3	35.9	0	0.0
23.2	15.4	8.9	193.8	90.7	30.6	0	0.0
18.8	9.0	5.8	288.3	179.0	93.8	0	0.0
26.4	17.7	5.4	228.3	97.8	38.7	0	0.0
30.9	23.5	8.3	213.0	174.0	75.3	0	0.0
40.1	28.0	11.9	187.5	178.4	100.0	0	0.0
47.9	35.6	10.0	228.3	178.0	96.3	0	0.0
42.0	40.3	8.4	231.3	81.8	8.8	26	0.0
36.1	34.2	12.6	314.4	85.8	13.0	1	0.0
40.6	34.1	7.8	153.9	170.1	64.6	0	0.0
48.6	38.7	9.0	122.3	179.0	100.0	0	0.0
35.5	33.1	15.0	307.9	89.5	19.8	0	0.0
34.4	29.8	8.7	205.0	93.0	24.0	0	0.0
38.5	32.2	11.3	204.0	115.5	51.4	2	0.0
36.9	27.7	7.9	220.3	177.7	95.8	0	0.0
