01	31	2001
10.7	3.0	5.2	294.0	182.3	100.0	0	0.0
12.1	3.7	2.9	154.4	183.0	100.0	0	0.0
25.5	20.1	8.7	231.9	183.8	100.0	0	0.0
30.8	25.5	7.7	216.8	184.7	100.0	0	0.0
37.2	30.4	13.8	275.2	185.7	100.0	0	0.0
37.7	30.4	8.5	230.2	186.8	100.0	0	0.0
32.8	30.0	9.0	305.2	187.9	100.0	0	0.0
23.5	19.8	7.5	321.3	189.1	100.0	0	0.0
24.6	18.5	4.0	235.4	190.4	100.0	0	0.0
34.2	23.2	6.3	157.1	191.8	100.0	0	0.0
33.7	29.7	5.6	151.8	193.2	100.0	2	1.4
37.1	36.1	3.7	139.9	194.8	100.0	1	0.0
35.4	33.8	12.7	146.8	196.4	100.0	9	0.0
41.9	37.6	11.7	218.8	198.1	100.0	1	0.0
35.5	27.5	9.7	271.9	199.8	100.0	0	0.0
32.7	24.9	6.7	274.9	201.6	100.0	0	0.0
30.8	23.3	5.4	231.2	203.5	100.0	0	0.0
31.6	23.4	3.9	184.8	205.5	100.0	0	0.0
27.4	22.2	11.9	331.0	207.6	100.0	0	0.0
21.8	15.4	8.3	280.2	209.7	100.0	0	0.0
28.4	17.9	5.0	172.9	211.9	100.0	0	0.0
31.6	23.0	2.6	122.7	214.3	100.0	0	0.0
34.2	26.1	6.2	257.7	216.8	100.0	0	0.0
29.3	20.2	10.1	304.6	219.3	100.0	0	0.0
24.9	13.2	8.7	211.2	221.9	100.0	0	0.0
32.7	26.4	15.7	229.3	224.5	100.0	5	12.7
26.8	18.3	8.0	238.8	227.3	100.0	0	0.0
33.5	25.2	8.3	104.0	230.1	100.0	8	0.0
43.8	40.6	13.1	149.6	233.0	100.0	26	0.0
38.2	33.4	11.7	246.0	235.9	100.0	6	0.0
33.6	28.4	9.7	264.6	238.9	100.0	0	0.0
02	28	2001
31.1	22.4	9.2	250.6	242.0	100.0	0	0.0
14.2	4.0	11.4	264.4	245.1	100.0	0	0.0
34.1	17.6	9.0	169.0	248.3	100.0	0	0.0
38.6	30.6	11.8	263.1	251.6	100.0	0	0.0
37.9	24.5	10.4	233.3	254.9	100.0	0	0.0
43.6	29.1	8.9	149.8	258.3	100.0	0	0.0
43.1	36.2	12.1	120.4	261.8	100.0	0	0.0
61.1	52.7	12.3	179.4	265.2	100.0	2	0.0
41.9	35.9	17.2	251.7	268.8	100.0	15	1.3
22.2	10.7	9.1	203.5	272.4	100.0	0	0.0
27.6	18.5	10.5	104.0	276.0	100.0	0	0.0
37.1	28.0	6.1	177.1	279.8	100.0	0	0.0
43.3	40.6	8.0	140.0	283.6	100.0	8	0.0
43.4	42.6	5.3	154.4	287.5	100.0	3	0.0
35.1	33.8	6.7	201.7	291.5	100.0	0	0.0
29.4	23.2	12.9	334.6	295.5	100.0	0	0.0
19.9	6.8	10.2	319.6	299.6	100.0	0	0.0
28.4	13.2	7.8	147.5	303.7	100.0	0	0.0
46.4	28.4	9.8	199.6	307.8	100.0	0	0.0
41.5	27.1	9.1	127.7	312.0	100.0	0	0.0
26.1	11.1	10.5	120.5	316.2	100.0	0	1.8
28.1	24.4	8.2	268.1	320.5	100.0	1	5.9
32.8	28.0	9.2	118.5	324.8	100.0	5	12.7
49.6	42.7	14.1	149.4	329.1	100.0	54	0.0
42.7	30.1	17.5	279.3	333.4	100.0	0	0.0
40.4	26.7	5.0	106.5	337.8	100.0	0	0.0
33.7	28.7	11.6	54.0	342.2	100.0	1	3.3
25.3	13.4	6.7	235.0	346.7	100.0	0	0.0
03	31	2001
33.6	21.4	5.4	132.2	351.1	100.0	2	0.0
40.7	33.5	7.6	266.6	355.6	100.0	0	0.0
41.9	36.6	3.9	123.4	360.1	100.0	0	0.0
37.9	32.1	11.2	264.0	364.6	100.0	0	0.0
31.8	17.1	15.1	315.6	369.1	100.0	0	0.0
32.3	17.4	9.4	326.6	337.6	100.0	0	0.0
38.3	23.4	7.5	289.2	378.2	100.0	0	0.0
35.5	24.3	11.0	309.4	382.7	100.0	0	0.0
33.1	19.4	6.3	248.6	387.3	100.0	0	0.0
46.3	26.3	10.4	165.4	391.9	100.0	0	0.0
47.1	37.8	10.1	115.2	396.4	100.0	0	0.0
52.0	43.2	11.5	224.3	401.0	100.0	2	0.0
49.0	31.4	16.6	283.5	405.5	100.0	0	0.0
49.2	33.7	9.9	157.5	410.1	100.0	2	0.0
51.8	47.6	13.2	131.8	414.6	100.0	63	0.0
39.1	37.2	13.0	265.7	419.2	100.0	6	0.0
36.3	29.3	8.9	263.5	423.8	100.0	0	0.0
38.7	26.5	6.2	75.8	428.4	100.0	0	0.0
42.7	27.5	7.1	65.6	433.1	100.0	0	0.0
45.4	32.4	6.7	167.5	437.6	100.0	0	0.0
48.0	32.5	5.5	125.0	442.2	100.0	0	0.0
48.2	39.9	4.7	157.7	446.8	100.0	7	0.0
49.2	43.0	5.8	203.7	451.4	100.0	0	0.0
35.1	17.9	13.9	341.8	455.9	100.0	1	0.0
30.1	16.0	12.0	332.1	460.4	100.0	0	0.0
29.4	13.8	9.2	300.2	464.9	100.0	0	0.0
36.6	16.6	4.0	129.6	469.5	100.0	0	0.0
41.7	24.6	11.1	165.2	474.1	100.0	0	0.0
44.7	40.5	7.8	101.7	478.7	100.0	0	0.0
48.7	40.3	5.2	78.8	483.3	100.0	0	0.0
44.3	40.6	7.3	194.3	423.0	100.0	2	0.0
04	30	2001
46.2	29.8	8.3	258.8	492.3	100.0	0	0.0
54.2	43.8	9.7	146.2	496.8	100.0	20	0.0
54.0	49.2	8.3	86.2	501.3	100.0	32	0.0
55.8	45.6	11.5	97.2	505.7	100.0	0	0.0
65.4	56.8	11.3	147.5	510.1	100.0	0	0.0
74.1	64.3	11.3	192.6	514.4	100.0	0	0.0
76.6	56.4	17.6	219.4	518.7	100.0	0	0.0
76.5	59.8	11.7	211.5	523.0	100.0	0	0.0
78.7	60.5	10.3	217.6	527.2	100.0	14	0.0
67.9	63.5	8.9	126.8	531.4	100.0	32	0.0
69.1	59.2	14.7	163.8	535.6	100.0	9	0.0
60.2	40.9	15.7	276.0	539.7	100.0	0	0.0
59.7	43.1	5.8	93.5	543.8	100.0	0	0.0
66.5	50.4	8.6	203.5	547.8	100.0	1	0.0
58.0	47.9	11.1	300.1	551.8	100.0	14	0.0
45.3	25.1	15.1	309.0	555.7	100.0	0	0.0
43.2	25.2	13.2	325.6	559.6	100.0	0	0.0
49.7	29.3	5.3	195.2	563.4	100.0	0	0.0
60.5	37.9	12.7	182.0	503.6	100.0	0	0.0
67.3	54.5	15.8	192.6	570.9	100.0	0	0.0
73.3	61.4	12.3	191.0	574.6	100.0	0	0.0
74.5	58.7	15.6	176.0	578.2	100.0	0	0.0
62.9	50.3	16.4	215.1	581.8	100.0	6	0.0
53.3	33.5	6.9	277.1	585.3	100.0	0	0.0
59.5	38.6	7.2	158.3	588.8	100.0	0	0.0
67.1	42.7	6.7	177.9	592.2	100.0	0	0.0
71.1	50.7	4.4	188.9	522.1	100.0	0	0.0
67.4	41.6	10.1	96.2	598.9	100.0	0	0.0
70.1	42.2	11.8	131.7	602.1	100.0	0	0.0
72.6	52.8	8.7	186.9	605.3	100.0	15	0.0
05	31	2001
75.5	54.2	12.2	195.2	608.5	100.0	0	0.0
74.3	54.8	12.9	176.2	611.6	100.0	0	0.0
76.1	53.7	10.8	181.3	614.6	100.0	0	0.0
76.6	57.3	8.5	182.1	617.5	100.0	0	0.0
71.7	59.0	8.4	159.0	620.5	100.0	3	0.0
70.0	60.4	12.5	155.7	623.3	100.0	1	0.0
64.2	52.1	7.9	268.3	626.1	100.0	0	0.0
66.2	41.0	5.2	191.5	628.8	100.0	0	0.0
72.6	46.5	9.3	196.7	631.6	100.0	0	0.0
76.7	53.9	11.9	202.9	634.3	100.0	0	0.0
71.9	57.9	9.0	292.9	637.0	100.0	0	0.0
64.0	46.3	7.0	173.8	639.6	100.0	0	0.0
62.0	42.0	8.1	118.7	585.7	100.0	0	0.0
75.0	57.5	8.6	202.4	573.9	100.0	0	0.0
80.5	61.3	13.7	230.0	567.3	100.0	0	0.0
82.4	65.0	11.2	241.6	514.5	100.0	0	0.0
79.0	66.6	10.6	177.4	610.4	100.0	16	0.0
72.1	67.1	6.7	161.9	653.9	100.0	18	0.0
71.0	61.0	7.9	223.8	656.1	100.0	0	0.0
72.3	63.9	9.3	125.9	658.3	100.0	3	0.0
62.6	52.7	13.5	266.2	660.4	100.0	6	0.0
57.7	43.3	12.1	254.7	662.5	100.0	3	0.0
58.6	45.0	10.5	239.1	664.5	100.0	6	0.0
52.5	43.2	9.7	259.6	666.5	100.0	0	0.0
52.9	48.9	9.7	252.5	668.3	100.0	3	0.0
61.0	48.9	13.1	265.8	670.2	100.0	0	0.0
62.9	52.2	6.6	231.2	671.9	100.0	0	0.0
66.0	52.3	5.4	76.5	673.6	100.0	0	0.0
68.3	55.4	6.4	105.8	675.2	100.0	12	0.0
64.5	60.8	12.8	108.3	676.8	100.0	43	0.0
63.9	59.0	15.3	196.3	678.3	100.0	17	0.0
06	30	2001
63.0	51.2	12.9	261.8	679.8	100.0	2	0.0
62.7	50.4	12.8	265.6	678.9	100.0	0	0.0
58.3	52.9	6.1	94.4	682.5	100.0	17	0.0
60.4	57.7	10.7	89.3	683.7	100.0	13	0.0
74.8	66.7	11.3	187.5	684.9	100.0	0	0.0
73.2	66.4	6.8	201.2	686.0	100.0	23	0.0
73.4	64.6	6.6	144.4	687.1	100.0	0	0.0
71.7	59.9	5.4	94.6	688.0	100.0	0	0.0
72.8	58.5	3.0	126.5	689.0	100.0	0	0.0
77.0	63.9	8.2	170.4	689.9	100.0	0	0.0
83.0	68.8	9.0	229.6	690.6	100.0	0	0.0
84.3	68.3	7.9	182.9	691.4	100.0	0	0.0
84.1	66.8	13.0	174.0	692.1	100.0	0	0.0
83.2	69.6	13.9	183.5	692.7	100.0	20	0.0
74.4	61.5	9.8	245.3	693.2	100.0	1	0.0
77.3	60.0	8.2	201.7	693.7	100.0	0	0.0
81.7	62.0	6.7	160.2	694.1	100.0	0	0.0
84.1	61.7	12.5	201.7	614.5	100.0	0	0.0
81.2	66.1	8.2	189.0	694.7	100.0	0	0.0
74.3	66.3	6.5	101.9	695.0	100.0	8	0.0
67.4	63.6	9.0	277.6	695.1	100.0	12	0.0
69.1	57.2	5.5	250.7	695.2	100.0	0	0.0
70.0	55.5	4.8	194.2	695.3	100.0	0	0.0
73.8	56.7	8.2	133.8	695.2	100.0	0	0.0
76.5	57.9	7.6	142.4	695.1	100.0	0	0.0
77.4	57.0	6.1	89.6	695.0	100.0	0	0.0
74.4	62.2	7.6	167.9	648.7	100.0	85	0.0
75.2	63.4	7.8	130.0	648.5	100.0	1	0.0
77.1	64.2	6.5	155.8	694.1	100.0	0	0.0
77.2	67.2	5.7	154.8	693.7	100.0	0	0.0
07	31	2001
77.6	66.8	7.7	202.7	693.2	100.0	0	0.0
68.3	51.1	8.3	110.0	692.7	100.0	6	0.0
81.7	67.6	9.5	220.6	692.0	100.0	0	0.0
79.5	68.8	8.9	246.2	691.4	100.0	22	0.0
78.1	62.4	8.2	180.6	628.9	100.0	15	0.0
75.7	59.7	10.5	139.3	617.5	100.0	0	0.0
88.1	71.2	12.2	237.3	689.0	100.0	0	0.0
88.8	74.4	9.9	263.3	688.1	100.0	0	0.0
87.5	74.7	6.9	181.0	687.1	100.0	0	0.0
86.1	73.2	5.4	238.5	686.0	100.0	0	0.0
80.4	61.6	8.7	91.0	684.9	100.0	0	0.0
68.4	58.5	6.4	77.8	639.3	100.0	20	0.0
74.2	57.9	4.6	142.5	682.5	100.0	0	0.0
76.5	52.5	7.9	97.3	681.2	100.0	0	0.0
76.7	55.0	6.8	101.2	679.8	100.0	0	0.0
80.9	61.3	8.1	169.6	678.4	100.0	0	0.0
84.3	72.5	10.6	185.6	676.9	100.0	4	0.0
78.0	72.8	7.6	173.1	675.3	100.0	59	0.0
76.2	71.9	7.8	131.8	673.7	100.0	26	0.0
78.1	73.6	4.6	202.6	672.0	100.0	10	0.0
85.0	75.1	4.9	182.5	670.3	100.0	0	0.0
86.6	75.6	5.3	150.4	668.5	100.0	0	0.0
86.6	74.4	7.5	215.3	666.6	100.0	32	0.0
82.5	74.4	7.1	196.1	664.7	100.0	10	0.0
81.5	72.6	7.4	185.6	662.7	100.0	0	0.0
76.7	70.2	9.6	58.8	660.6	100.0	0	0.0
76.3	70.7	8.7	103.0	658.5	100.0	0	0.0
80.8	73.5	6.3	237.9	656.3	100.0	0	0.0
83.8	71.8	6.4	253.5	654.1	100.0	0	0.0
86.6	74.5	8.3	147.1	651.9	100.0	0	0.0
87.2	73.7	8.9	151.7	649.6	100.0	0	0.0
08	31	2001
87.0	72.8	9.0	166.2	647.3	100.0	0	0.0
84.7	72.3	8.1	202.2	644.9	100.0	7	0.0
79.8	71.6	6.8	235.2	642.5	100.0	0	0.0
80.3	70.5	5.5	67.2	639.9	100.0	0	0.0
82.0	67.3	6.5	97.9	637.4	100.0	0	0.0
82.3	67.1	5.3	79.0	634.7	100.0	0	0.0
84.5	72.1	6.2	70.0	632.0	100.0	0	0.0
85.0	73.3	6.4	125.3	629.3	100.0	0	0.0
83.0	72.6	7.8	243.5	626.6	100.0	7	0.0
76.9	69.4	6.8	199.9	623.9	100.0	2	0.0
77.8	64.8	6.2	83.1	582.0	100.0	0	0.0
80.2	63.1	5.4	76.0	618.2	100.0	0	0.0
77.7	64.2	7.8	205.2	560.7	100.0	0	0.0
72.1	54.9	6.4	93.3	612.3	100.0	0	0.0
75.5	58.1	8.9	136.3	609.3	100.0	6	0.0
73.9	62.8	10.8	256.1	606.2	100.0	2	0.0
74.9	61.7	5.7	233.9	603.0	100.0	3	0.0
78.7	64.6	11.0	238.1	599.8	100.0	4	0.0
70.6	59.2	8.2	254.4	596.6	100.0	0	0.0
74.7	60.4	6.1	82.5	593.2	100.0	0	0.0
83.5	68.5	12.4	171.2	589.9	100.0	0	0.0
88.0	69.5	12.3	218.8	586.5	100.0	0	0.0
75.6	70.9	7.3	132.1	583.0	100.0	21	0.0
76.1	72.9	8.6	125.8	579.5	100.0	22	0.0
77.2	71.7	8.9	184.8	575.9	100.0	4	0.0
75.7	68.7	5.2	234.6	572.3	100.0	0	0.0
78.1	66.0	3.5	169.8	568.6	100.0	0	0.0
79.1	67.9	6.2	204.0	564.9	100.0	0	0.0
79.9	67.2	7.1	101.7	561.1	100.0	0	0.0
79.6	70.0	7.1	214.4	557.3	100.0	2	0.0
74.3	65.8	6.9	297.7	553.5	100.0	0	0.0
09	30	2001
73.0	60.8	7.6	86.9	549.5	100.0	0	0.0
75.6	62.1	7.4	107.2	545.6	100.0	0	0.0
78.4	66.6	3.0	96.2	541.6	100.0	0	0.0
81.4	70.0	5.6	99.2	537.6	100.0	0	0.0
78.0	67.4	7.8	100.2	533.5	100.0	0	0.0
81.1	71.1	11.0	154.1	529.4	100.0	0	0.0
83.8	69.8	14.2	178.8	525.2	100.0	0	0.0
77.7	63.2	11.5	219.0	521.0	100.0	58	0.0
67.6	62.5	8.0	240.6	516.8	100.0	10	0.0
68.1	52.9	4.1	189.0	512.5	100.0	0	0.0
71.3	56.2	3.1	65.0	508.2	100.0	0	0.0
72.9	56.8	2.4	57.3	503.9	100.0	0	0.0
72.3	57.5	6.5	171.1	499.5	100.0	0	0.0
64.3	47.8	11.6	75.6	495.1	100.0	0	0.0
64.7	47.4	7.0	81.3	490.6	100.0	0	0.0
66.4	50.6	4.9	88.5	428.2	100.0	0	0.0
69.3	60.5	5.4	193.3	481.7	100.0	1	0.0
70.1	68.1	8.3	134.1	477.2	100.0	37	0.0
64.7	58.4	9.5	237.8	472.7	100.0	0	0.0
69.7	58.7	7.2	187.4	468.3	100.0	11	0.0
69.9	58.5	8.0	294.9	463.9	100.0	2	0.0
68.0	55.6	4.3	170.6	459.5	100.0	0	0.0
67.9	57.7	11.4	262.1	455.0	100.0	0	0.0
55.1	40.5	11.5	265.3	450.6	100.0	0	0.0
52.0	36.9	7.5	309.4	446.1	100.0	0	0.0
57.1	38.8	6.8	252.1	441.6	100.0	0	0.0
62.7	44.9	5.3	232.8	437.0	100.0	0	0.0
58.1	47.2	7.8	62.7	432.5	100.0	0	0.0
58.6	47.7	4.8	59.4	427.9	100.0	0	0.0
60.5	47.9	2.8	84.4	423.4	100.0	0	0.0
10	31	2001
64.7	49.5	6.0	229.8	418.8	100.0	0	0.0
70.3	50.0	8.8	235.2	379.4	100.0	0	0.0
71.8	48.7	10.5	226.7	409.6	100.0	0	0.0
69.2	54.0	9.2	213.8	405.0	100.0	0	0.0
48.8	46.5	10.4	205.9	400.4	100.0	58	0.0
49.6	36.4	5.2	236.0	395.9	100.0	0	0.0
56.7	36.6	8.2	194.4	391.4	100.0	0	0.0
60.8	39.8	13.1	158.2	386.9	100.0	0	0.0
64.5	51.9	14.2	159.8	382.4	100.0	0	0.0
66.0	60.8	12.2	206.0	377.9	100.0	47	0.0
57.9	55.6	7.0	140.2	373.4	100.0	68	0.0
60.1	56.9	6.6	197.7	369.0	100.0	0	0.0
61.7	58.8	9.4	207.3	364.5	100.0	13	0.0
55.5	42.5	10.8	247.7	360.1	100.0	0	0.0
48.4	40.4	8.0	150.4	355.6	100.0	33	0.0
44.7	33.5	11.4	297.5	351.2	100.0	0	0.0
48.1	32.0	5.7	154.6	346.8	100.0	0	0.0
57.8	35.1	12.3	179.0	342.4	100.0	0	0.0
58.2	41.7	4.6	226.0	338.1	100.0	0	0.0
62.1	50.0	5.7	155.2	333.7	100.0	0	0.0
68.2	58.9	8.2	208.3	329.4	100.0	0	0.0
68.7	57.5	9.7	188.3	325.2	100.0	0	0.0
69.8	62.1	11.6	210.1	320.9	100.0	20	0.0
59.3	52.7	12.2	242.8	316.7	100.0	19	0.0
49.1	28.2	16.5	274.2	312.6	100.0	0	0.0
42.8	22.7	14.2	301.7	298.0	100.0	0	0.0
38.5	24.6	5.7	233.8	304.3	100.0	0	0.0
48.0	28.6	11.1	172.1	300.3	100.0	0	0.0
57.3	35.5	7.2	163.1	296.2	100.0	0	0.0
60.1	41.1	6.6	155.6	292.4	100.0	0	0.0
60.4	38.0	13.2	169.6	288.6	100.0	0	0.0
11	30	2001
67.7	54.2	14.2	197.3	284.8	100.0	0	0.0
62.0	48.2	6.8	159.1	281.1	100.0	12	0.0
57.3	39.6	3.9	100.4	277.4	100.0	0	0.0
59.4	50.0	5.3	234.4	273.8	100.0	0	0.0
53.1	29.1	6.7	106.9	270.2	100.0	0	0.0
55.0	33.0	6.0	134.6	266.7	100.0	0	0.0
61.9	45.4	5.7	168.8	263.2	100.0	0	0.0
51.6	42.7	10.3	294.5	259.8	100.0	0	0.0
44.9	34.1	4.3	164.3	253.5	100.0	0	0.0
54.4	37.6	9.6	249.4	253.1	100.0	0	0.0
47.9	36.2	6.2	79.0	249.8	100.0	0	0.0
50.6	34.4	8.1	122.1	246.6	100.0	0	0.0
57.0	35.7	7.7	160.8	243.5	100.0	0	0.0
61.3	47.5	6.6	174.1	200.8	100.0	0	0.0
60.5	51.1	5.4	214.6	237.4	100.0	0	0.0
62.1	52.0	5.1	238.8	234.4	100.0	0	0.0
62.0	51.9	2.8	77.1	231.5	100.0	0	0.0
62.8	51.1	6.1	164.9	228.7	100.0	6	0.0
47.5	35.8	12.4	301.9	226.0	100.0	2	0.0
40.3	22.2	5.4	185.4	218.2	100.0	0	0.0
49.5	21.1	8.7	216.5	199.1	100.0	0	0.0
52.0	28.8	8.5	172.3	218.1	100.0	0	0.0
57.1	46.6	14.8	142.7	215.7	100.0	4	0.0
58.4	49.0	18.2	191.7	213.3	100.0	122	0.0
52.9	40.1	11.2	200.6	210.9	100.0	0	0.0
52.1	47.1	11.6	143.9	208.7	100.0	7	0.0
42.7	31.8	11.2	276.7	206.5	100.0	0	0.0
34.9	31.9	7.2	202.0	204.4	100.0	38	63.1
40.3	39.0	9.0	153.6	202.4	100.0	25	0.0
42.9	39.1	11.1	221.8	200.4	100.0	10	0.0
12	31	2001
43.9	35.7	5.3	184.2	198.7	100.0	0	0.0
49.2	39.9	8.8	149.6	196.9	100.0	0	0.0
58.0	47.4	8.9	187.5	195.3	100.0	0	0.0
64.4	51.3	9.9	180.5	193.8	100.0	0	0.0
63.4	53.9	13.2	192.7	192.3	100.0	6	0.0
50.9	45.0	6.6	166.9	190.9	100.0	0	0.0
46.6	42.9	6.6	91.1	189.6	100.0	0	0.0
43.6	37.8	10.2	277.9	188.4	100.0	0	0.0
35.4	21.4	4.0	127.7	187.2	100.0	0	0.0
37.7	23.5	4.3	106.2	186.1	100.0	0	0.0
40.8	31.1	9.3	120.4	185.1	100.0	0	0.0
48.1	45.8	8.7	162.4	184.2	100.0	39	0.0
46.5	42.9	8.1	257.1	183.3	100.0	1	0.0
40.8	37.2	7.3	192.8	182.6	100.0	31	0.0
44.9	40.0	10.2	133.7	181.8	100.0	13	0.0
47.5	45.7	7.1	150.4	181.2	100.0	94	0.0
44.1	41.9	7.6	259.0	180.7	100.0	34	0.0
44.5	34.4	5.8	160.2	180.2	100.0	0	0.0
38.1	25.9	12.4	278.3	179.9	100.0	0	0.0
38.8	19.8	8.6	208.1	179.6	100.0	0	0.0
41.6	28.0	7.7	140.2	179.4	100.0	0	0.0
45.1	36.0	16.1	193.8	124.9	100.0	15	0.0
31.3	17.6	14.8	266.9	179.2	100.0	0	0.0
27.0	11.7	13.4	292.1	179.2	100.0	0	0.0
24.0	12.0	8.5	276.2	179.3	100.0	0	0.0
23.6	9.6	10.9	277.3	179.5	100.0	0	0.0
33.0	15.9	11.0	265.4	179.8	100.0	0	0.0
34.1	19.4	11.2	282.7	180.1	100.0	0	0.0
22.0	7.0	13.0	310.0	180.5	100.0	0	0.0
19.9	8.0	8.5	279.0	181.1	100.0	0	0.0
18.4	9.4	8.3	284.4	181.6	100.0	0	0.0
