   1    31    1980
30.9	19.9	7.2	220.0	108.5	45.0	.0	.0	
25.4	18.2	5.5	137.5	98.7	77.0	.0	.0	
26.5	16.3	18.0	270.0	133.9	18.0	.0	.0	
21.4	10.5	7.5	163.8	99.3	74.0	.0	.0	
.4	-5.8	21.7	305.0	71.2	95.0	.0	35.6	
-11.7	-22.8	8.8	223.8	132.8	51.0	.0	.0	
-9.0	-18.9	8.7	136.3	116.8	84.0	.0	.0	
-18.2	-29.3	5.0	221.3	94.9	98.0	.0	.0	
-16.7	-27.0	6.1	98.8	84.0	98.0	.0	.0	
-17.2	-28.1	11.2	270.0	124.3	65.0	.0	66.0	
-16.9	-26.1	5.9	133.8	90.3	65.0	.0	.0	
27.9	19.7	21.7	198.8	111.9	61.0	.0	.0	
21.5	14.2	9.8	176.3	103.2	46.0	.0	.0	
31.3	24.5	8.4	127.5	123.9	46.0	.0	.0	
29.6	16.7	12.1	238.8	124.5	51.0	.0	.0	
33.0	19.2	13.6	237.5	113.4	93.0	.0	.0	
24.6	17.1	14.7	302.5	76.5	92.0	.0	.0	
11.5	1.7	9.2	275.0	145.0	38.0	.0	.0	
8.4	-1.7	2.6	37.5	148.3	19.0	.0	.0	
26.7	7.4	15.3	223.8	109.8	70.0	.0	.0	
25.6	12.1	12.1	251.3	161.5	23.0	.0	.0	
31.0	15.6	18.0	266.3	113.8	47.0	.0	.0	
37.0	23.7	24.5	265.0	107.0	76.0	.0	.0	
26.3	17.5	19.2	325.0	86.2	94.0	.0	.0	
1.7	-5.7	16.0	342.5	153.5	85.0	.0	.0	
-9.8	-21.0	16.3	336.3	143.6	71.0	.0	.0	
-14.1	-25.5	6.2	261.3	182.1	17.0	.0	.0	
-15.5	-25.0	4.2	137.5	185.8	10.0	.0	.0	
-19.0	-28.1	2.0	40.0	198.1	4.0	.0	.0	
-3.0	-15.1	2.0	6.3	188.2	39.0	.0	.0	
13.2	-1.4	6.4	115.0	170.6	66.0	.0	.0	
   2    29    1980
33.7	23.0	19.0	241.3	143.8	87.0	.0	.0	
38.6	26.6	14.3	240.0	146.6	68.0	.0	.0	
39.9	27.5	15.7	265.0	159.4	80.0	.0	.0	
33.6	19.2	15.5	270.0	181.6	33.0	.0	.0	
26.4	15.1	7.6	145.0	153.5	69.0	.0	.0	
29.6	22.5	6.0	170.0	105.0	98.0	.0	.0	
24.3	20.5	7.1	207.5	120.5	98.0	.0	.0	
29.8	22.0	6.5	213.8	197.8	56.0	.0	.0	
26.6	13.1	11.4	262.5	121.1	57.0	.0	.0	
25.6	15.8	8.5	205.0	168.1	63.0	.0	.0	
27.1	15.6	5.1	158.8	201.8	75.0	.0	.0	
22.1	14.0	10.5	303.8	101.4	98.0	.0	.0	
.7	-7.1	15.1	267.5	175.3	95.0	.0	22.9	
-7.2	-18.2	8.2	177.5	161.5	98.0	.0	.0	
-5.4	-15.9	5.8	187.5	195.5	94.0	.0	.0	
-2.0	-11.2	4.2	100.0	216.4	53.0	.0	.0	
12.2	5.2	2.0	45.0	190.2	71.0	.0	.0	
13.0	6.8	8.2	176.3	154.0	94.0	.0	.0	
26.0	18.3	9.3	177.5	216.1	79.0	.0	.0	
10.2	4.8	10.0	218.8	163.2	92.0	.0	12.7	
15.8	8.8	2.0	30.0	220.5	61.0	.0	.0	
16.7	8.8	2.2	118.8	265.2	28.0	.0	.0	
21.1	9.4	9.1	283.8	306.9	2.0	.0	.0	
24.0	11.8	8.4	181.3	294.7	23.0	.0	.0	
36.9	24.5	16.0	225.0	256.3	62.0	.0	.0	
41.7	30.6	15.0	252.5	181.1	88.0	.0	.0	
45.8	32.7	17.3	228.8	205.6	84.0	.0	.0	
24.5	19.4	8.2	101.3	134.4	98.0	.0	76.2	
14.4	11.5	10.6	130.0	221.8	98.0	.0	30.5	
   3    31    1980
17.5	12.5	2.0	41.3	330.0	89.0	.0	.0	
24.7	17.1	12.4	220.0	240.0	98.0	.0	.0	
1.3	-7.1	14.9	228.8	182.8	98.0	.0	15.2	
-7.2	-18.1	6.9	328.8	259.8	70.0	.0	10.2	
-8.1	-18.6	4.5	82.5	347.8	39.0	.0	.0	
11.8	.2	9.7	198.8	328.4	44.0	.0	.0	
18.9	6.9	9.1	181.3	250.5	77.0	.0	.0	
26.1	14.6	15.4	245.0	335.6	78.0	.0	.0	
30.5	20.7	14.7	233.8	262.5	90.0	.0	.0	
28.5	20.8	9.3	150.0	267.5	90.0	.0	.0	
34.1	23.0	13.1	243.8	320.0	60.0	.0	.0	
27.9	16.4	15.2	211.3	316.9	53.0	.0	.0	
30.7	17.2	18.7	222.5	358.5	46.0	.0	.0	
32.1	21.0	10.7	183.8	277.9	58.0	.0	.0	
28.1	13.6	17.2	271.3	353.5	45.0	.0	.0	
27.9	9.8	20.6	265.0	354.0	33.0	.0	.0	
34.4	16.9	24.1	257.5	279.4	94.0	.0	.0	
36.3	20.5	20.9	260.0	320.4	52.0	.0	.0	
30.8	22.7	13.4	270.0	264.5	66.0	.0	12.7	
33.3	22.8	3.6	112.5	336.8	65.0	.0	.0	
29.5	25.0	9.6	228.8	235.5	63.0	.0	.0	
35.2	22.5	8.1	192.5	401.4	45.0	.0	.0	
34.5	25.5	18.1	287.5	263.3	87.0	.0	.0	
27.0	19.9	9.3	291.3	265.4	81.0	.0	.0	
24.8	20.3	5.3	127.5	349.6	65.0	.0	.0	
31.9	19.2	8.7	196.3	406.7	83.0	.0	.0	
34.0	21.0	9.0	270.0	376.4	74.0	.0	.0	
37.5	21.2	18.0	256.3	437.9	40.0	.0	.0	
38.1	25.7	18.2	256.3	325.6	94.0	.0	.0	
26.9	23.9	18.3	343.8	219.4	80.0	.0	.0	
24.0	19.6	4.0	25.0	243.2	90.0	.0	7.6	
   4    30    1980
27.0	24.7	17.0	355.0	253.6	98.0	.0	78.7	
27.0	25.0	16.3	222.5	284.4	95.0	.0	27.9	
24.7	21.9	7.7	151.3	350.8	58.0	.0	.0	
33.7	22.8	8.6	228.8	514.1	14.0	.0	.0	
38.2	27.3	7.5	172.5	378.1	70.0	.0	.0	
39.1	23.2	21.2	258.8	438.8	83.0	.0	.0	
33.7	18.7	18.0	275.0	305.6	79.0	.0	.0	
36.1	20.0	15.1	256.3	425.6	63.0	.0	.0	
36.4	28.4	7.1	122.5	211.8	87.0	.0	.0	
34.1	27.7	15.0	311.3	276.9	98.0	.0	.0	
34.9	27.4	7.5	283.8	467.2	49.0	37.0	.0	
39.4	24.4	6.2	113.8	508.4	62.0	.0	.0	
53.0	24.3	14.3	248.8	441.7	84.0	.0	.0	
52.2	30.5	7.9	185.0	458.3	80.0	.0	.0	
45.6	26.4	24.2	258.8	470.4	45.0	.0	.0	
49.3	24.4	13.5	252.5	571.4	18.0	.0	.0	
59.4	20.6	11.7	237.5	482.0	68.0	.0	.0	
56.9	28.8	15.9	248.8	559.3	40.0	.0	.0	
59.4	29.1	12.8	217.5	491.2	77.0	.0	.0	
61.5	30.4	10.5	186.3	546.8	37.0	.0	.0	
48.5	28.4	16.5	308.8	556.9	48.0	.0	.0	
40.4	27.6	7.7	120.0	350.3	64.0	.0	.0	
53.2	33.1	5.2	77.5	568.2	42.0	.0	.0	
53.3	39.0	10.0	203.8	470.9	73.0	16.0	.0	
55.6	36.3	6.9	87.5	573.1	45.0	.0	.0	
55.5	26.4	10.0	100.0	637.7	3.0	.0	.0	
56.9	28.8	5.1	73.8	599.6	9.0	.0	.0	
59.5	32.4	3.5	82.5	552.0	33.0	.0	.0	
58.7	38.2	14.1	253.8	536.9	64.0	20.0	.0	
47.9	35.9	19.6	342.5	361.7	90.0	.0	.0	
   5    31    1980
55.7	32.2	7.2	191.3	631.9	13.0	.0	.0	
58.2	34.6	6.9	226.3	506.8	38.0	.0	.0	
49.9	34.6	12.5	210.0	455.7	51.0	.0	.0	
56.1	34.9	5.6	88.8	583.6	34.0	.0	.0	
60.0	32.5	6.8	147.5	639.3	17.0	.0	.0	
56.2	22.5	12.5	80.0	567.0	53.0	.0	.0	
48.4	16.9	6.9	103.8	367.8	90.0	.0	.0	
51.6	33.4	6.5	153.8	529.2	82.0	.0	.0	
50.6	33.0	11.2	203.8	303.9	84.0	.0	.0	
49.7	20.1	13.7	56.3	610.5	50.0	.0	.0	
47.7	19.0	5.8	121.3	579.8	21.0	.0	.0	
49.1	18.8	6.2	117.5	610.2	36.0	.0	.0	
50.3	19.0	5.5	140.0	570.6	61.0	.0	.0	
53.2	20.9	2.5	42.5	639.2	25.0	.0	.0	
54.1	20.9	8.9	75.0	671.8	25.0	.0	.0	
59.3	27.2	7.8	90.0	589.0	49.0	.0	.0	
59.0	29.3	4.6	152.5	601.9	28.0	.0	.0	
62.3	30.6	10.2	192.5	638.1	40.0	.0	.0	
62.7	29.5	17.9	248.3	311.6	98.0	.0	.0	
66.3	33.2	15.8	240.0	492.4	98.0	.0	.0	
72.1	35.8	10.8	192.5	642.6	48.0	.0	.0	
61.0	45.7	8.1	231.3	531.7	84.0	35.0	.0	
49.6	45.6	13.9	321.3	315.3	98.0	106.0	.0	
45.3	40.2	13.7	332.5	346.2	98.0	4.0	.0	
43.7	39.1	26.1	268.8	298.2	98.0	73.0	.0	
44.8	36.4	10.8	145.0	332.8	93.0	.0	.0	
49.1	32.9	13.3	247.5	616.0	63.0	.0	.0	
48.4	35.9	10.3	270.0	559.6	69.0	.0	.0	
48.4	38.7	10.7	287.5	382.4	88.0	.0	.0	
47.6	39.1	9.2	196.3	418.6	98.0	.0	.0	
50.2	36.5	10.0	157.5	630.2	64.0	.0	.0	
   6    30    1980
54.1	37.4	18.0	256.3	504.3	77.0	.0	.0	
46.2	36.9	12.5	258.8	372.0	88.0	30.0	.0	
44.4	33.1	11.1	231.3	472.5	74.0	22.0	.0	
49.2	28.9	15.0	252.5	684.5	37.0	.0	.0	
46.2	34.6	11.7	283.8	402.4	70.0	.0	.0	
45.0	33.6	8.8	65.0	373.2	88.0	.0	.0	
47.0	31.9	6.6	133.8	565.9	42.0	.0	.0	
56.5	38.7	8.4	106.3	688.7	4.0	.0	.0	
61.3	45.5	9.9	100.0	599.8	45.0	46.0	.0	
61.7	47.4	7.7	172.5	620.9	56.0	10.0	.0	
58.5	45.8	9.5	273.8	590.7	61.0	10.0	.0	
55.6	44.6	8.9	150.0	497.3	79.0	41.0	.0	
53.0	44.3	11.7	271.3	492.8	74.0	18.0	.0	
59.0	44.7	7.2	130.0	627.2	45.0	.0	.0	
60.2	49.1	9.7	245.0	556.7	64.0	.0	.0	
63.6	48.4	6.1	156.3	725.1	7.0	.0	.0	
65.2	47.8	12.9	268.8	598.9	49.0	.0	.0	
62.3	46.7	7.2	180.0	690.6	26.0	.0	.0	
65.8	47.9	5.8	228.8	653.8	38.0	.0	.0	
64.1	49.3	8.2	178.8	571.1	66.0	.0	.0	
65.7	45.1	9.1	267.5	639.7	72.0	.0	.0	
62.5	50.3	6.8	163.8	540.2	95.0	.0	.0	
57.2	43.7	14.5	241.3	496.0	86.0	.0	.0	
57.3	37.6	14.4	268.8	663.9	48.0	.0	.0	
55.3	47.0	8.2	191.3	484.8	86.0	10.0	.0	
53.6	51.4	7.4	132.5	321.0	95.0	45.0	.0	
53.0	39.4	23.9	261.3	583.1	58.0	.0	.0	
57.3	39.8	14.1	265.0	694.8	14.0	.0	.0	
61.6	43.3	9.8	208.8	638.3	44.0	.0	.0	
55.9	42.8	8.8	198.8	654.7	51.0	.0	.0	
   7    31    1980
59.4	43.7	6.3	135.0	727.0	28.0	.0	.0	
64.8	42.8	9.7	196.3	618.7	62.0	.0	.0	
64.4	47.3	12.7	257.5	579.2	71.0	5.0	.0	
62.9	43.7	13.5	257.5	629.6	52.0	.0	.0	
61.4	41.9	14.7	260.0	551.5	53.0	.0	.0	
61.3	39.7	13.1	266.3	669.1	13.0	.0	.0	
63.0	44.9	7.1	145.0	671.5	43.0	.0	.0	
69.2	45.5	7.4	171.3	617.2	64.0	.0	.0	
71.0	46.2	12.7	256.3	636.3	62.0	.0	.0	
61.2	44.9	13.4	263.8	580.5	42.0	6.0	.0	
62.5	39.4	11.4	195.0	650.4	38.0	.0	.0	
59.1	42.9	8.6	276.3	605.6	55.0	.0	.0	
59.7	44.9	9.3	182.5	525.6	71.0	.0	.0	
59.6	43.5	17.7	252.5	483.0	69.0	.0	.0	
61.6	40.9	18.5	251.3	635.5	37.0	.0	.0	
64.3	41.2	14.8	260.0	625.0	46.0	.0	.0	
61.6	40.9	8.5	276.3	573.7	50.0	.0	.0	
58.6	43.4	7.8	225.0	513.6	73.0	.0	.0	
51.3	45.5	12.4	292.5	362.6	68.0	.0	.0	
58.9	43.6	5.3	142.5	592.7	38.0	.0	.0	
67.8	45.7	3.6	63.8	693.9	2.0	.0	.0	
73.0	47.9	5.6	100.0	708.0	3.0	.0	.0	
75.0	44.3	13.1	266.3	665.1	29.0	.0	.0	
61.5	45.3	10.4	238.8	535.8	38.0	.0	.0	
66.2	43.9	9.8	213.8	626.5	16.0	.0	.0	
70.3	43.2	10.0	278.8	625.8	14.0	.0	.0	
70.0	44.2	9.8	205.0	628.3	5.0	.0	.0	
72.7	41.0	10.7	215.0	693.9	2.0	.0	.0	
64.1	44.5	10.1	207.5	654.0	16.0	.0	.0	
66.5	34.9	9.8	231.3	695.6	2.0	.0	.0	
68.6	35.1	8.4	198.8	602.6	35.0	.0	.0	
   8    31    1980
70.3	41.2	15.6	261.3	564.4	52.0	.0	.0	
66.2	37.8	17.1	260.0	521.2	67.0	.0	.0	
51.7	41.9	16.7	303.8	333.9	92.0	.0	.0	
58.2	39.7	11.4	270.0	613.0	45.0	.0	.0	
59.3	38.2	10.8	187.5	557.0	45.0	.0	.0	
55.6	40.6	9.8	283.8	530.8	32.0	.0	.0	
55.4	42.3	7.0	231.3	505.0	46.0	.0	.0	
58.7	42.8	7.5	56.3	533.6	43.0	7.0	.0	
55.1	50.8	7.8	192.5	413.0	71.0	42.0	.0	
61.1	45.4	4.8	87.5	621.5	9.0	.0	.0	
59.2	50.0	8.2	147.5	371.5	87.0	.0	.0	
54.0	49.6	5.1	63.8	273.4	98.0	20.0	.0	
58.0	50.3	5.6	61.3	372.4	76.0	.0	.0	
60.7	47.5	5.6	72.5	546.1	23.0	.0	.0	
63.3	45.5	5.9	223.8	515.6	30.0	.0	.0	
61.9	46.5	11.1	248.8	504.6	29.0	.0	.0	
60.2	42.3	17.4	248.8	394.2	64.0	.0	.0	
50.9	44.9	15.3	301.3	240.0	95.0	75.0	.0	
54.8	42.9	14.7	263.8	516.2	38.0	.0	.0	
54.9	45.3	13.3	271.3	502.4	42.0	.0	.0	
49.7	44.7	4.8	165.0	248.7	97.0	.0	.0	
52.7	45.7	6.4	76.3	334.8	83.0	.0	.0	
59.6	43.2	13.3	193.8	481.4	43.0	.0	.0	
57.7	40.3	18.1	293.8	492.6	58.0	.0	.0	
47.0	31.5	7.8	160.0	527.7	35.0	.0	.0	
55.6	33.6	2.5	60.0	532.7	19.0	.0	.0	
55.1	37.5	13.3	271.3	343.3	61.0	.0	.0	
52.4	34.0	17.0	271.3	465.3	45.0	.0	.0	
48.3	34.5	8.8	287.5	447.6	43.0	.0	.0	
51.8	32.5	8.5	233.8	493.5	52.0	.0	.0	
48.7	40.3	6.5	201.3	350.5	82.0	.0	.0	
   9    30    1980
51.5	37.0	13.1	246.3	462.5	52.0	.0	.0	
56.6	39.0	15.9	248.8	386.0	74.0	.0	.0	
51.1	33.2	12.5	283.8	378.1	62.0	.0	.0	
59.2	33.9	18.1	256.3	379.9	73.0	.0	.0	
66.1	31.9	12.2	181.3	525.5	10.0	.0	.0	
67.9	39.9	8.6	143.8	360.7	45.0	.0	.0	
62.8	41.9	13.3	253.8	378.3	74.0	.0	.0	
49.7	33.5	9.8	188.8	476.3	33.0	.0	.0	
54.8	37.6	7.4	112.5	503.3	2.0	.0	.0	
59.2	40.4	3.3	70.0	381.1	65.0	.0	.0	
60.2	44.0	13.4	285.0	330.6	72.0	.0	.0	
52.7	41.7	7.8	183.8	352.1	76.0	.0	.0	
51.4	47.1	9.4	206.3	217.5	98.0	7.0	.0	
52.3	44.5	17.9	298.8	344.0	84.0	.0	.0	
40.0	34.6	9.4	265.0	208.7	84.0	33.0	.0	
50.8	37.6	13.8	210.0	371.5	63.0	.0	.0	
50.5	40.2	14.4	168.8	212.4	88.0	.0	.0	
48.3	41.8	12.7	153.8	223.1	96.0	.0	.0	
55.3	38.3	21.8	253.8	360.3	70.0	.0	.0	
52.9	35.4	18.0	251.3	353.5	63.0	.0	.0	
44.7	30.6	13.1	242.5	340.1	48.0	.0	.0	
46.3	32.5	14.3	211.3	249.0	57.0	.0	.0	
49.2	31.4	15.7	278.8	388.0	45.0	.0	.0	
39.3	33.1	4.9	181.3	201.0	76.0	.0	.0	
46.2	33.0	6.9	120.0	381.9	44.0	.0	.0	
51.2	31.2	5.6	140.0	350.8	64.0	.0	.0	
59.7	35.6	8.9	140.0	333.7	69.0	.0	.0	
56.5	38.3	12.0	188.8	275.1	66.0	.0	.0	
62.8	37.4	20.8	242.5	302.9	50.0	.0	.0	
57.2	34.7	17.9	276.3	292.8	50.0	.0	.0	
  10    31    1980
50.4	28.5	9.3	263.8	347.0	19.0	.0	.0	
52.3	30.9	5.9	168.8	358.1	9.0	.0	.0	
62.5	32.3	14.1	255.0	375.7	2.0	.0	.0	
65.3	32.7	16.4	258.8	360.2	5.0	3.0	.0	
62.3	31.7	10.9	262.5	319.5	24.0	.0	.0	
62.7	32.2	12.1	191.3	360.0	2.0	.0	.0	
68.1	33.0	15.0	255.0	349.4	2.0	.0	.0	
64.3	33.9	17.9	266.3	273.9	26.0	.0	.0	
44.5	28.3	11.0	285.0	324.5	37.0	.0	.0	
40.2	20.0	9.5	173.8	339.0	11.0	.0	.0	
44.9	18.5	3.3	56.3	297.7	43.0	.0	.0	
52.6	29.5	4.3	106.3	195.9	84.0	24.0	.0	
46.6	33.5	14.7	230.0	259.7	58.0	.0	.0	
36.5	33.4	10.7	135.0	149.2	82.0	4.0	.0	
36.0	31.5	12.6	151.3	162.6	98.0	1.0	.0	
38.1	26.8	4.7	148.8	233.9	63.0	.0	.0	
46.5	38.7	14.0	303.8	202.6	69.0	5.0	.0	
49.7	33.6	17.0	263.8	224.8	33.0	.0	.0	
50.9	32.4	14.3	265.0	260.4	20.0	.0	.0	
49.2	34.5	14.0	230.0	202.7	70.0	.0	.0	
37.4	31.3	13.2	248.8	189.8	88.0	9.0	.0	
29.5	23.7	16.0	273.8	251.3	52.0	.0	12.7	
28.0	18.6	3.2	96.3	256.0	20.0	.0	.0	
31.8	19.6	5.1	112.5	232.7	61.0	.0	.0	
30.7	26.8	5.5	105.0	152.2	97.0	.0	.0	
30.0	27.9	8.4	216.3	123.0	98.0	.0	63.5	
28.2	24.0	5.2	157.5	174.9	86.0	.0	.0	
40.0	27.9	12.4	257.5	216.6	41.0	.0	.0	
49.5	27.1	22.8	260.0	161.3	76.0	.0	.0	
42.1	31.0	4.8	105.0	174.4	72.0	.0	.0	
47.3	27.9	10.4	193.8	155.9	73.0	.0	.0	
  11    30    1980
52.5	26.9	17.8	240.0	160.8	72.0	.0	.0	
45.6	28.2	20.9	261.3	173.1	35.0	.0	.0	
43.7	28.1	16.4	260.0	204.9	29.0	.0	.0	
53.9	39.7	17.6	255.0	157.2	59.0	.0	.0	
58.7	33.0	17.5	257.5	143.1	61.0	.0	.0	
49.3	30.0	18.3	245.0	178.6	66.0	.0	.0	
49.3	34.5	21.2	237.5	138.5	66.0	.0	.0	
42.5	28.5	16.1	266.3	169.0	35.0	.0	.0	
38.5	23.0	14.4	227.5	164.2	31.0	.0	.0	
33.9	20.8	12.4	220.0	171.9	40.0	.0	.0	
24.1	19.6	2.6	46.3	94.8	80.0	.0	.0	
24.0	21.4	3.6	108.8	119.3	59.0	.0	.0	
19.4	13.9	4.3	97.5	188.7	2.0	.0	.0	
20.2	13.9	2.5	40.0	194.1	2.0	.0	.0	
25.5	17.8	11.1	266.3	96.3	45.0	.0	.0	
25.4	11.4	6.5	101.3	158.3	40.0	.0	.0	
37.8	14.6	22.6	253.8	145.1	50.0	.0	.0	
37.1	21.2	16.7	251.3	149.6	43.0	.0	.0	
35.4	22.9	14.0	270.0	135.4	60.0	.0	.0	
36.9	19.5	19.3	247.5	99.4	73.0	.0	.0	
43.2	27.3	22.3	237.5	103.0	90.0	.0	.0	
20.7	14.1	9.2	200.0	113.6	64.0	.0	.0	
5.8	.2	2.0	.0	148.7	40.0	.0	.0	
22.0	10.6	10.7	200.0	143.1	48.0	.0	.0	
30.0	17.3	23.2	258.8	117.8	48.0	.0	.0	
31.0	16.9	14.7	263.8	141.3	18.0	.0	.0	
43.3	27.1	27.9	250.0	96.7	74.0	.0	.0	
34.5	12.4	13.7	198.8	101.7	68.0	.0	.0	
29.7	20.0	9.3	181.3	89.7	86.0	.0	.0	
11.5	6.6	15.7	351.3	65.8	98.0	.0	.0	
  12    31    1980
-3.0	-11.5	5.2	106.3	95.3	98.0	.0	.0	
-5.5	-14.3	9.1	231.3	74.4	96.0	.0	55.9	
-8.0	-17.9	8.8	261.3	93.3	98.0	.0	.0	
-10.5	-21.0	12.7	295.0	92.7	76.0	.0	.0	
-15.5	-25.3	4.6	165.0	131.9	43.0	.0	.0	
-13.1	-23.0	5.2	186.3	82.4	76.0	.0	.0	
-2.1	-14.3	9.8	123.8	126.0	13.0	.0	.0	
20.8	11.5	25.4	280.0	81.4	52.0	.0	.0	
24.8	13.6	16.6	195.0	105.3	80.0	.0	.0	
37.6	26.9	28.8	247.5	78.0	98.0	.0	.0	
42.9	24.3	24.6	243.8	97.7	73.0	.0	.0	
36.9	21.4	15.3	247.5	110.9	23.0	.0	.0	
35.1	18.2	12.0	152.5	78.0	58.0	.0	.0	
43.1	25.5	25.6	261.3	97.0	71.0	.0	.0	
51.2	36.5	28.5	260.0	97.9	86.0	.0	.0	
53.1	26.2	21.9	256.3	98.8	58.0	.0	.0	
27.6	18.9	14.4	57.5	64.1	89.0	.0	.0	
3.3	-5.7	11.2	183.8	84.1	92.0	.0	.0	
-1.3	-8.3	10.0	116.3	66.1	98.0	.0	.0	
3.1	-3.4	5.5	47.5	75.8	98.0	.0	.0	
5.1	.3	4.4	86.3	73.9	98.0	.0	.0	
.7	-6.9	9.8	265.0	75.7	98.0	.0	.0	
-3.7	-14.0	8.9	310.0	64.9	98.0	.0	.0	
8.9	2.0	14.3	168.8	61.5	94.0	.0	.0	
41.2	33.3	17.9	256.3	87.8	78.0	.0	.0	
52.2	35.6	28.7	246.3	83.3	82.0	.0	.0	
48.2	30.3	26.0	250.0	102.8	47.0	.0	.0	
39.2	24.3	16.4	243.8	125.4	17.0	.0	.0	
44.7	19.2	15.8	211.3	88.0	83.0	.0	.0	
42.1	30.5	10.2	191.3	69.0	93.0	.0	.0	
30.1	20.6	6.9	133.8	105.0	53.0	.0	.0	
