   1    31    1974
-1.6	-11.0	2.0	105.0	86.2	98.0	.0	43.2	
.9	-8.7	7.6	261.3	103.9	98.0	.0	15.2	
-14.6	-22.9	2.0	73.8	160.8	62.0	.0	.0	
-4.5	-15.6	5.8	163.8	83.1	98.0	.0	7.6	
-19.7	-30.9	2.7	147.5	166.8	5.0	.0	.0	
-15.3	-27.4	2.0	65.0	98.0	88.0	.0	.0	
2.9	-9.0	6.6	195.0	100.1	85.0	.0	7.6	
-9.6	-18.9	3.2	151.3	141.4	58.0	.0	.0	
-5.4	-16.5	3.6	135.0	149.1	68.0	.0	5.1	
-7.4	-18.8	8.2	218.8	102.8	88.0	.0	7.6	
-13.5	-24.5	3.7	158.8	137.7	52.0	.0	.0	
-1.4	-12.5	2.0	46.3	131.5	86.0	.0	.0	
37.7	22.4	13.4	245.0	126.0	80.0	.0	.0	
45.6	27.0	16.4	202.5	113.2	64.0	.0	.0	
53.2	33.6	17.4	208.8	74.1	87.0	.0	.0	
50.4	32.9	11.2	183.8	88.7	98.0	.0	.0	
36.1	27.1	7.9	211.3	133.0	51.0	2.0	.0	
34.8	23.4	12.3	180.0	90.4	70.0	2.0	.0	
35.5	25.1	8.8	253.8	79.6	72.0	.0	.0	
30.9	16.1	10.3	263.8	97.3	88.0	.0	.0	
27.4	10.3	13.8	262.5	153.1	73.0	.0	.0	
32.3	19.0	14.0	280.0	86.8	90.0	.0	.0	
38.1	23.2	16.3	272.5	101.4	90.0	.0	.0	
38.4	27.7	9.3	226.3	107.0	92.0	.0	.0	
37.7	26.4	10.5	256.3	107.1	93.0	.0	.0	
33.0	18.6	12.0	271.3	109.1	73.0	.0	.0	
34.7	18.6	13.4	212.5	103.5	91.0	.0	.0	
38.3	20.5	14.6	237.5	104.3	91.0	.0	.0	
42.1	14.4	22.6	247.5	136.7	82.0	.0	.0	
16.7	5.4	10.1	193.8	93.9	98.0	.0	66.0	
10.3	4.4	3.3	75.0	134.7	80.0	.0	5.1	
   2    28    1974
32.3	19.4	13.2	267.5	164.2	85.0	1.0	.0	
34.9	18.6	15.6	268.8	105.2	98.0	.0	.0	
36.9	22.0	9.8	201.3	134.7	91.0	.0	.0	
35.8	23.9	9.5	262.5	123.3	98.0	.0	.0	
21.7	14.3	6.2	218.8	174.2	87.0	.0	22.9	
24.1	16.5	9.6	226.3	128.5	98.0	.0	25.4	
22.0	13.3	7.5	223.8	223.2	62.0	.0	2.5	
34.6	22.5	11.8	257.5	209.7	43.0	.0	.0	
37.1	22.2	9.1	276.3	189.7	47.0	.0	.0	
36.6	21.1	8.5	203.8	245.6	29.0	.0	.0	
31.9	20.6	3.9	87.5	192.3	54.0	.0	.0	
34.2	23.1	4.8	225.0	133.6	86.0	.0	.0	
34.2	19.5	9.1	263.8	159.4	67.0	.0	.0	
36.5	21.6	6.3	230.0	170.8	92.0	.0	.0	
36.7	20.5	9.5	200.0	169.9	68.0	.0	.0	
38.0	24.4	8.8	221.3	152.4	96.0	.0	.0	
34.9	18.0	13.0	240.0	221.1	42.0	.0	.0	
34.6	18.6	6.3	193.8	170.2	87.0	.0	.0	
35.6	19.5	15.6	223.8	189.8	83.0	.0	.0	
31.9	14.5	12.7	272.5	201.3	63.0	.0	.0	
28.9	11.0	5.7	138.8	250.2	70.0	.0	.0	
31.4	12.9	16.7	262.5	137.0	83.0	.0	.0	
28.0	8.1	13.8	263.8	315.5	18.0	.0	.0	
26.7	11.0	4.6	207.5	221.7	75.0	.0	.0	
36.3	16.6	6.9	256.3	289.6	64.0	.0	.0	
42.6	18.5	14.0	208.8	205.4	80.0	2.0	.0	
34.0	11.5	15.2	218.8	299.3	45.0	.0	.0	
43.2	19.9	13.1	201.3	155.6	84.0	.0	.0	
   3    31    1974
40.6	28.5	11.2	208.8	168.1	97.0	12.0	.0	
34.5	20.8	9.3	255.0	240.8	76.0	.0	.0	
28.7	8.8	21.3	268.8	296.1	73.0	.0	.0	
35.6	15.0	13.8	248.8	163.1	97.0	.0	.0	
40.9	23.4	14.4	231.3	135.8	98.0	.0	.0	
29.5	11.4	12.7	320.0	266.9	94.0	.0	.0	
24.0	16.1	6.5	253.8	162.7	98.0	.0	2.5	
25.3	12.4	6.6	226.3	246.2	62.0	.0	7.6	
24.3	13.3	6.9	198.8	384.5	10.0	.0	.0	
27.0	15.8	7.5	221.3	395.7	2.0	.0	.0	
31.0	18.5	5.5	205.0	358.6	30.0	.0	.0	
38.2	23.9	8.9	197.5	246.1	69.0	.0	.0	
35.0	13.0	17.9	266.3	342.3	52.0	.0	.0	
31.8	7.0	15.3	268.8	378.1	32.0	.0	.0	
30.1	15.7	4.3	163.8	196.2	95.0	.0	.0	
42.0	27.2	6.4	218.8	196.6	94.0	.0	.0	
43.5	26.9	13.6	266.3	322.0	47.0	.0	.0	
35.3	19.5	11.5	247.5	410.0	52.0	2.0	.0	
19.2	7.9	11.7	308.8	237.5	75.0	.0	17.8	
20.6	3.7	8.8	171.3	425.5	44.0	.0	.0	
32.0	11.9	18.9	292.5	203.0	98.0	.0	10.2	
17.7	4.6	6.7	213.8	404.4	61.0	.0	.0	
21.5	5.5	7.4	217.5	429.9	43.0	.0	.0	
34.7	22.3	7.6	183.8	233.0	85.0	.0	.0	
37.8	25.9	6.1	157.5	294.1	85.0	.0	.0	
46.7	24.7	7.4	211.3	405.2	87.0	.0	.0	
46.4	27.6	5.3	118.8	380.0	74.0	.0	.0	
44.9	26.9	13.1	247.5	243.4	92.0	1.0	.0	
41.9	21.2	6.2	166.3	251.3	75.0	.0	.0	
39.2	30.0	8.2	180.0	254.7	95.0	8.0	.0	
39.5	18.1	16.2	248.8	333.3	72.0	.0	.0	
   4    30    1974
36.0	23.4	5.2	215.0	276.7	85.0	5.0	.0	
38.8	21.1	11.5	278.8	339.4	89.0	.0	.0	
37.5	22.0	11.2	278.8	233.4	89.0	.0	.0	
41.0	16.1	8.9	240.0	384.1	73.0	.0	.0	
48.1	23.6	7.1	188.8	314.5	98.0	.0	.0	
41.0	27.3	18.3	290.0	239.7	97.0	32.0	.0	
40.8	21.2	13.5	278.8	369.2	77.0	.0	.0	
42.8	21.9	4.4	120.0	395.8	78.0	.0	.0	
48.6	26.3	9.4	313.8	354.2	98.0	.0	.0	
42.4	33.5	12.2	313.8	223.3	98.0	19.0	.0	
44.1	28.6	13.7	266.3	389.4	80.0	1.0	.0	
36.4	22.6	12.7	242.5	321.3	90.0	.0	.0	
40.0	25.1	9.1	202.5	259.9	98.0	.0	.0	
43.9	21.9	6.2	197.5	583.7	20.0	.0	.0	
46.9	21.0	4.2	102.5	572.0	41.0	.0	.0	
46.6	24.2	8.2	190.0	405.6	54.0	.0	.0	
45.4	21.5	4.6	137.5	605.5	14.0	.0	.0	
52.2	24.6	4.5	113.8	405.2	83.0	.0	.0	
52.6	29.5	11.1	290.0	330.3	94.0	.0	.0	
45.9	23.5	14.4	283.8	348.6	93.0	.0	.0	
45.0	25.2	11.2	241.3	388.4	53.0	.0	.0	
50.1	26.2	6.2	185.0	539.4	43.0	.0	.0	
59.0	26.3	9.6	217.5	496.0	75.0	.0	.0	
58.2	34.5	9.8	273.8	545.3	64.0	.0	.0	
61.0	25.6	10.7	232.5	625.8	15.0	.0	.0	
50.7	29.9	18.1	272.5	352.8	98.0	5.0	.0	
39.8	26.9	14.3	243.8	256.2	97.0	6.0	.0	
38.5	31.1	5.6	235.0	343.1	95.0	8.0	.0	
48.7	30.4	7.2	175.0	542.7	51.0	.0	.0	
52.1	30.5	7.5	192.5	461.1	64.0	.0	.0	
   5    31    1974
53.8	28.4	17.3	280.0	462.8	76.0	.0	.0	
46.2	18.0	12.5	283.8	573.7	41.0	.0	.0	
48.5	17.2	8.8	243.8	632.0	36.0	.0	.0	
54.3	25.6	9.3	253.8	638.8	54.0	.0	.0	
57.1	26.9	5.5	151.3	675.9	22.0	.0	.0	
55.8	31.9	11.5	212.5	309.2	96.0	.0	.0	
51.7	35.1	7.0	205.0	353.9	74.0	.0	.0	
53.5	26.9	9.1	221.3	589.3	41.0	.0	.0	
49.1	21.1	11.4	222.5	549.6	70.0	.0	.0	
44.7	20.5	14.7	276.3	428.0	55.0	.0	.0	
45.9	23.4	10.5	252.5	458.4	68.0	.0	.0	
41.9	30.9	9.5	258.8	303.4	92.0	44.0	.0	
42.1	22.8	21.6	275.0	490.4	97.0	.0	.0	
41.8	25.2	9.1	175.0	385.7	88.0	.0	.0	
39.5	19.3	15.5	265.0	451.7	53.0	4.0	.0	
41.4	17.8	9.1	261.3	549.7	35.0	.0	.0	
41.0	30.2	7.5	177.5	300.5	94.0	.0	.0	
44.8	30.0	7.9	233.8	326.4	94.0	.0	.0	
41.3	31.6	8.7	312.5	275.0	96.0	47.0	.0	
39.1	33.1	11.1	292.5	300.5	98.0	56.0	.0	
44.1	32.5	11.4	241.3	333.9	98.0	4.0	.0	
50.4	33.5	8.8	225.0	608.4	41.0	.0	.0	
50.2	38.0	6.2	148.8	585.8	43.0	1.0	.0	
53.3	39.0	6.8	166.3	421.7	79.0	.0	.0	
60.2	41.9	11.2	262.5	405.0	98.0	.0	.0	
59.7	41.0	9.3	213.8	421.7	84.0	.0	.0	
57.1	34.5	8.5	300.0	496.6	70.0	.0	.0	
53.2	31.9	10.8	241.3	629.5	73.0	.0	.0	
47.4	36.6	7.4	292.5	314.5	98.0	28.0	.0	
45.0	37.0	3.2	77.5	385.2	78.0	23.0	.0	
49.3	33.4	6.3	233.8	491.5	41.0	.0	.0	
   6    30    1974
54.6	31.4	7.4	236.3	675.3	66.0	.0	.0	
61.3	34.0	9.5	241.3	604.3	89.0	.0	.0	
63.3	34.5	10.4	263.8	597.4	93.0	.0	.0	
55.4	33.2	14.5	270.0	443.6	98.0	3.0	.0	
53.0	34.3	14.6	276.3	611.9	64.0	.0	.0	
51.8	30.1	14.3	291.3	480.9	72.0	.0	.0	
48.9	33.7	10.3	276.3	397.8	93.0	6.0	.0	
54.3	34.2	7.9	272.5	507.5	66.0	2.0	.0	
55.8	29.4	7.6	173.8	675.5	25.0	.0	.0	
57.7	34.4	6.4	203.8	706.2	26.0	.0	.0	
63.8	34.6	7.2	208.8	756.7	30.0	.0	.0	
69.9	37.3	7.2	220.0	677.9	65.0	.0	.0	
70.0	39.0	6.7	158.8	740.0	20.0	.0	.0	
71.6	42.1	7.8	193.8	731.0	28.0	.0	.0	
72.1	44.6	8.2	196.3	673.9	41.0	.0	.0	
69.5	45.7	8.7	198.8	539.2	49.0	.0	.0	
72.7	43.1	5.3	207.5	696.9	26.0	.0	.0	
72.9	44.2	6.1	180.0	669.2	34.0	.0	.0	
73.4	44.5	7.0	207.5	664.2	32.0	.0	.0	
69.2	47.0	9.4	265.0	624.2	49.0	23.0	.0	
62.7	48.7	5.2	146.3	396.5	63.0	.0	.0	
65.5	45.9	6.8	131.3	623.2	37.0	.0	.0	
67.5	45.3	5.5	196.3	668.9	28.0	.0	.0	
71.2	45.5	6.1	233.8	672.9	27.0	.0	.0	
74.0	49.0	7.4	243.8	700.8	22.0	.0	.0	
68.2	32.9	14.1	282.5	770.3	11.0	.0	.0	
66.3	31.7	8.9	240.0	686.7	13.0	.0	.0	
70.7	33.3	15.7	278.8	763.4	2.0	.0	.0	
70.3	36.0	11.4	295.0	690.0	27.0	.0	.0	
74.1	38.0	7.9	150.0	691.6	28.0	.0	.0	
   7    31    1974
71.1	32.2	12.8	298.8	653.1	50.0	.0	.0	
59.8	40.8	9.9	273.8	356.1	91.0	10.0	.0	
63.1	38.8	6.9	171.3	659.7	34.0	.0	.0	
69.9	35.1	10.4	228.8	703.9	31.0	.0	.0	
68.3	41.8	10.2	271.3	495.6	91.0	.0	.0	
64.6	43.3	5.1	206.3	584.7	85.0	2.0	.0	
64.1	52.4	5.7	200.0	535.8	62.0	7.0	.0	
68.0	47.3	8.5	146.3	574.8	72.0	.0	.0	
70.2	40.6	12.2	220.0	647.3	37.0	.0	.0	
64.4	43.1	10.8	256.3	638.9	45.0	23.0	.0	
59.0	38.9	12.4	260.0	498.7	54.0	.0	.0	
63.9	36.8	8.7	208.8	710.8	2.0	.0	.0	
70.2	38.3	5.2	137.5	708.8	2.0	.0	.0	
77.1	40.5	7.4	158.8	680.4	30.0	.0	.0	
75.2	47.9	7.2	190.0	413.6	87.0	1.0	.0	
73.4	44.7	6.5	183.8	673.7	9.0	.0	.0	
76.2	40.0	7.6	205.0	665.1	9.0	.0	.0	
75.4	39.9	4.6	115.0	549.4	40.0	.0	.0	
75.1	42.5	7.9	173.8	556.3	38.0	.0	.0	
76.4	42.1	8.5	193.8	621.2	35.0	.0	.0	
74.8	37.1	7.2	153.8	643.1	24.0	.0	.0	
75.2	41.5	6.5	182.5	481.2	50.0	2.0	.0	
73.0	35.3	9.9	231.3	675.2	31.0	.0	.0	
72.2	34.0	8.6	223.8	711.1	2.0	.0	.0	
73.9	30.8	11.7	207.5	722.4	2.0	.0	.0	
71.6	29.2	7.8	220.0	717.1	25.0	.0	.0	
72.9	29.6	6.8	166.3	568.0	55.0	.0	.0	
73.2	34.1	6.5	273.8	692.4	15.0	.0	.0	
76.8	37.4	7.8	155.0	625.2	44.0	.0	.0	
70.9	47.5	6.7	186.3	408.1	59.0	4.0	.0	
70.6	42.5	5.9	200.0	659.5	5.0	.0	.0	
   8    31    1974
67.6	43.9	12.0	278.8	628.0	35.0	.0	.0	
67.3	38.9	5.8	126.3	616.6	69.0	.0	.0	
67.1	38.3	4.8	195.0	486.0	85.0	.0	.0	
71.8	42.6	4.5	98.8	598.3	26.0	.0	.0	
74.0	39.7	5.6	171.3	651.6	22.0	.0	.0	
65.3	45.5	6.9	162.5	399.2	91.0	35.0	.0	
60.2	49.0	5.6	153.8	434.7	90.0	28.0	.0	
53.0	45.0	6.2	243.8	273.7	93.0	64.0	.0	
54.8	42.3	4.6	205.0	427.2	74.0	1.0	.0	
60.3	43.0	5.4	142.5	506.0	54.0	.0	.0	
58.1	46.0	7.5	283.8	372.2	66.0	10.0	.0	
56.1	47.3	5.9	225.0	409.4	59.0	37.0	.0	
52.5	45.0	9.2	322.5	271.6	98.0	16.0	.0	
51.2	43.1	6.2	180.0	414.6	68.0	16.0	.0	
57.9	38.1	9.4	236.3	543.7	43.0	.0	.0	
61.3	38.8	6.1	168.8	638.4	3.0	.0	.0	
63.3	37.9	5.6	126.3	632.6	3.0	.0	.0	
66.5	39.2	7.9	163.8	529.5	47.0	.0	.0	
62.0	44.6	12.7	307.5	342.2	74.0	71.0	.0	
50.3	44.8	6.2	140.0	259.4	91.0	115.0	.0	
56.1	44.7	5.7	145.0	492.2	28.0	.0	.0	
59.8	46.9	4.6	187.5	394.4	78.0	.0	.0	
63.8	46.7	4.1	117.5	519.0	48.0	.0	.0	
67.4	45.9	6.7	188.8	515.7	77.0	.0	.0	
69.4	41.8	9.2	222.5	531.2	85.0	.0	.0	
63.3	45.1	4.2	123.8	476.8	62.0	.0	.0	
64.6	47.1	4.3	132.5	578.6	13.0	.0	.0	
61.4	44.6	10.3	306.3	469.1	48.0	.0	.0	
62.1	42.5	5.3	171.3	515.9	55.0	.0	.0	
56.6	38.4	8.5	282.5	353.7	95.0	.0	.0	
52.7	40.0	5.8	163.8	259.8	91.0	30.0	.0	
   9    30    1974
49.1	37.0	7.7	306.3	386.4	61.0	9.0	.0	
49.0	34.7	6.2	157.5	555.6	2.0	.0	.0	
54.1	37.9	4.6	107.5	554.0	2.0	.0	.0	
58.5	41.7	5.8	180.0	363.7	68.0	.0	.0	
56.4	42.8	3.6	113.8	442.3	15.0	.0	.0	
58.2	39.3	3.7	145.0	423.5	75.0	.0	.0	
58.3	37.9	4.3	115.0	462.1	42.0	.0	.0	
60.3	40.3	6.3	217.5	392.5	87.0	.0	.0	
61.2	40.8	8.6	241.3	358.2	83.0	.0	.0	
53.0	38.1	11.3	297.5	269.4	88.0	10.0	.0	
39.8	27.4	11.3	331.3	250.8	98.0	.0	.0	
42.0	25.1	6.4	247.5	426.0	48.0	.0	.0	
45.5	27.9	4.3	82.5	481.8	2.0	.0	.0	
50.5	31.1	3.7	157.5	501.6	2.0	.0	.0	
56.8	33.4	4.3	156.3	473.0	18.0	.0	.0	
57.5	33.0	4.9	153.8	484.4	7.0	.0	.0	
57.6	35.2	2.5	35.0	470.6	2.0	.0	.0	
57.8	34.6	7.2	250.0	393.8	55.0	.0	.0	
54.9	36.9	5.8	167.5	418.0	73.0	.0	.0	
52.6	33.3	6.9	292.5	469.5	3.0	.0	.0	
49.8	31.0	2.9	73.8	465.8	2.0	.0	.0	
51.0	31.0	4.3	132.5	455.9	14.0	.0	.0	
54.1	30.5	5.7	187.5	401.1	29.0	.0	.0	
55.8	30.9	6.7	156.3	455.1	2.0	.0	.0	
60.4	27.6	6.2	177.5	447.3	2.0	.0	.0	
51.6	30.8	12.2	265.0	264.9	65.0	3.0	.0	
44.4	28.8	7.3	253.8	281.8	71.0	.0	.0	
48.4	27.5	7.8	245.0	221.3	63.0	.0	.0	
44.6	30.5	5.9	237.5	391.6	68.0	.0	.0	
42.0	28.7	5.9	160.0	380.0	61.0	.0	.0	
  10    31    1974
49.6	30.0	3.9	153.8	320.4	88.0	.0	.0	
56.6	30.5	7.6	296.3	372.9	62.0	.0	.0	
50.0	21.8	12.1	263.8	312.3	72.0	.0	.0	
43.1	22.1	12.8	278.8	286.8	71.0	.0	.0	
31.0	22.2	4.2	197.5	285.7	61.0	.0	30.5	
38.4	18.7	4.8	177.5	354.9	40.0	.0	.0	
50.0	22.6	7.2	150.0	359.1	30.0	.0	.0	
50.2	26.8	4.2	86.3	359.1	19.0	.0	.0	
48.5	29.1	4.4	148.8	273.4	68.0	.0	.0	
56.6	26.9	9.5	280.0	235.3	95.0	.0	.0	
44.8	31.0	6.4	276.3	250.5	56.0	.0	.0	
46.0	26.9	4.0	96.3	320.5	50.0	.0	.0	
43.1	23.8	8.7	297.5	248.3	64.0	.0	.0	
38.6	22.9	2.7	85.0	254.4	49.0	.0	.0	
50.3	26.5	8.8	241.3	208.9	79.0	.0	.0	
55.8	27.8	4.5	157.5	327.9	25.0	.0	.0	
52.7	22.4	6.4	145.0	332.4	5.0	.0	.0	
48.0	21.9	3.5	140.0	320.1	3.0	.0	.0	
44.8	21.2	2.3	127.5	307.7	2.0	.0	.0	
48.1	22.5	6.5	195.0	265.3	74.0	.0	.0	
41.7	30.9	10.5	263.8	126.2	98.0	13.0	.0	
37.6	28.4	5.6	180.0	297.8	39.0	.0	.0	
37.6	30.0	3.4	132.5	295.7	18.0	.0	.0	
42.5	27.7	5.1	137.5	297.1	19.0	.0	.0	
41.2	31.1	2.6	136.3	279.2	37.0	.0	.0	
42.1	31.9	3.1	141.3	262.5	57.0	.0	.0	
39.8	30.3	3.3	203.8	273.9	31.0	.0	.0	
42.7	31.4	4.3	192.5	221.6	78.0	.0	.0	
44.2	30.0	7.4	248.8	241.4	43.0	.0	.0	
41.0	31.0	8.5	272.5	158.5	69.0	.0	.0	
42.3	36.8	7.7	297.5	104.2	98.0	26.0	.0	
  11    30    1974
38.4	33.4	7.8	296.3	127.6	98.0	12.0	.0	
35.3	29.6	5.6	228.8	120.1	93.0	5.0	.0	
30.8	24.4	2.7	86.3	197.1	40.0	.0	.0	
30.8	22.8	4.2	105.0	251.4	2.0	.0	.0	
33.4	22.0	6.5	231.3	242.8	2.0	.0	.0	
36.6	23.8	4.4	196.3	217.8	29.0	.0	.0	
44.9	28.4	11.7	202.5	109.0	97.0	.0	.0	
40.1	22.1	8.1	241.3	214.5	34.0	1.0	.0	
34.4	19.9	6.6	185.0	136.8	48.0	.0	.0	
35.3	19.9	9.4	213.8	97.5	69.0	.0	.0	
32.0	18.9	5.8	211.3	177.5	60.0	.0	.0	
42.1	27.0	11.7	240.0	133.1	98.0	7.0	.0	
31.3	23.4	3.9	152.5	138.6	63.0	.0	.0	
28.8	24.4	2.7	110.0	101.5	66.0	.0	.0	
32.3	24.0	5.9	191.3	177.3	75.0	.0	.0	
29.9	22.3	3.6	137.5	187.9	23.0	.0	.0	
33.9	20.9	3.5	98.8	172.8	45.0	.0	.0	
38.8	25.6	8.1	248.8	129.8	80.0	.0	.0	
36.9	22.0	10.8	216.3	96.7	83.0	.0	.0	
46.2	21.6	15.7	227.5	170.6	49.0	.0	.0	
54.6	22.4	17.3	191.3	96.1	87.0	.0	.0	
35.3	20.2	8.1	226.3	108.2	59.0	.0	.0	
30.4	18.1	2.7	100.0	76.4	95.0	.0	.0	
39.2	23.4	9.3	246.3	121.1	91.0	.0	.0	
38.6	18.5	13.3	287.5	84.7	90.0	.0	.0	
32.5	13.6	9.7	263.8	173.6	36.0	.0	.0	
28.3	22.1	2.6	121.3	69.4	98.0	.0	12.7	
24.7	16.6	4.9	251.3	168.7	15.0	.0	.0	
20.5	16.2	2.0	91.3	131.2	38.0	.0	.0	
20.8	14.6	2.6	125.0	127.7	79.0	.0	.0	
  12    31    1974
21.8	15.3	2.2	153.8	164.0	9.0	.0	.0	
21.8	14.5	3.3	178.8	134.7	70.0	.0	.0	
27.9	20.2	2.9	151.3	77.1	94.0	.0	.0	
32.5	25.0	3.2	167.5	76.1	88.0	.0	.0	
38.7	21.0	8.9	256.3	127.9	63.0	.0	.0	
32.9	21.9	3.9	198.8	88.7	98.0	1.0	.0	
30.3	24.6	3.4	198.8	124.6	55.0	.0	20.3	
18.5	12.6	3.9	226.3	130.4	55.0	.0	.0	
24.6	15.6	2.4	85.0	69.1	80.0	.0	.0	
33.8	22.1	2.6	81.3	109.0	80.0	.0	.0	
34.7	22.5	10.1	237.5	112.5	85.0	2.0	.0	
32.9	13.8	8.4	221.3	131.2	65.0	.0	.0	
31.0	17.5	9.4	240.0	90.5	88.0	.0	.0	
29.6	13.8	12.6	180.0	69.8	90.0	.0	.0	
32.5	16.4	16.3	288.8	82.6	80.0	.0	.0	
35.5	25.0	6.7	228.8	97.4	68.0	.0	.0	
33.0	19.2	12.8	247.5	117.6	49.0	.0	.0	
34.1	15.2	10.9	250.0	70.3	89.0	.0	.0	
34.2	17.5	11.7	283.8	87.6	89.0	.0	.0	
35.0	22.5	8.3	200.0	84.5	98.0	.0	.0	
38.3	19.5	16.0	240.0	98.5	97.0	6.0	.0	
21.3	8.6	17.8	315.0	63.8	98.0	.0	22.9	
13.2	4.1	5.2	201.3	122.9	62.0	.0	.0	
15.1	6.9	3.4	136.3	102.7	86.0	.0	.0	
28.6	16.6	9.5	248.8	74.3	77.0	.0	.0	
21.0	10.6	5.4	228.8	99.9	60.0	.0	.0	
35.9	15.7	17.0	227.5	101.3	91.0	.0	.0	
26.4	8.3	10.5	267.5	113.7	55.0	.0	.0	
19.1	5.4	7.8	201.3	143.2	36.0	.0	.0	
24.9	10.5	10.4	282.5	105.2	79.0	.0	.0	
26.0	7.1	10.7	222.5	153.7	23.0	.0	.0	
