   1    31    1965
9.2	4.6	7.8	160.0	160.5	20.0	0.0	0.0	
9.3	2.8	8.7	156.3	147.1	22.0	0.0	0.0	
5.7	0.7	5.1	122.5	153.7	61.0	0.0	0.0	
6.7	1.9	8.2	205.0	111.3	75.0	0.0	0.0	
4.1	0.1	7.8	31.3	154.0	39.0	0.0	0.0	
7.3	3.5	7.4	155.0	140.2	83.0	0.0	0.0	
-1.3	-6.2	7.8	211.3	93.1	91.0	0.0	33.0	
-9.9	-15.4	7.7	93.8	152.2	79.0	0.0	0.0	
-10.4	-15.4	7.1	55.0	143.4	59.0	0.0	0.0	
8.2	3.0	7.6	202.5	156.0	81.0	0.0	0.0	
10.0	5.0	7.8	216.3	168.6	34.0	0.0	0.0	
-2.9	-7.5	4.3	92.5	131.8	67.0	0.0	0.0	
5.9	1.3	3.3	138.8	95.8	78.0	0.0	0.0	
32.0	28.2	11.7	248.8	114.1	98.0	0.0	0.0	
34.8	32.1	8.3	265.0	137.2	62.0	0.0	0.0	
31.6	28.9	7.4	205.0	170.9	43.0	0.0	0.0	
28.7	25.8	6.4	181.3	176.6	43.0	0.0	0.0	
28.2	24.9	8.2	230.0	152.3	64.0	0.0	0.0	
29.0	25.4	7.1	182.5	182.0	31.0	0.0	0.0	
28.0	24.8	6.8	141.3	185.5	9.0	0.0	0.0	
28.4	25.6	6.0	88.8	129.8	90.0	0.0	15.2	
28.3	27.2	7.8	146.3	98.6	98.0	0.0	20.3	
14.6	11.2	6.0	162.5	203.9	43.0	0.0	0.0	
22.4	18.4	8.6	207.5	112.5	94.0	0.0	15.2	
12.4	8.0	5.1	195.0	178.7	54.0	0.0	0.0	
10.0	4.0	4.6	152.5	193.5	58.0	0.0	0.0	
7.5	3.1	12.1	65.0	125.4	98.0	0.0	20.3	
3.8	-1.0	4.5	25.0	158.0	96.0	0.0	0.0	
11.3	7.0	10.4	163.8	126.8	98.0	0.0	61.0	
11.2	6.1	8.2	192.5	152.3	98.0	0.0	0.0	
10.3	5.4	17.2	307.5	188.1	80.0	0.0	2.5	
   2    28    1965
-2.5	-8.3	4.6	195.0	203.7	57.0	0.0	66.0	
-7.0	-12.8	8.9	275.0	211.3	55.0	0.0	20.3	
-3.3	-9.7	2.8	51.3	239.5	40.0	0.0	5.1	
23.0	14.9	7.1	171.3	156.7	79.0	0.0	0.0	
39.2	29.8	6.5	185.0	202.4	93.0	0.0	0.0	
23.2	17.5	11.2	248.8	159.0	58.0	0.0	2.5	
13.8	5.9	8.2	145.0	250.8	13.0	0.0	0.0	
25.4	18.6	8.9	160.0	216.2	81.0	0.0	0.0	
18.8	14.4	10.9	238.8	145.1	98.0	0.0	0.0	
8.3	3.5	6.2	146.3	205.7	73.0	0.0	7.6	
8.5	2.3	6.8	183.8	268.3	35.0	0.0	0.0	
15.9	11.5	12.7	285.0	177.8	75.0	0.0	0.0	
20.9	13.6	10.0	200.0	169.5	69.0	0.0	0.0	
18.6	14.5	11.2	255.0	165.8	76.0	0.0	0.0	
12.0	4.8	6.7	148.8	231.0	25.0	0.0	0.0	
30.0	21.5	9.7	222.5	187.2	81.0	0.0	0.0	
37.1	30.8	8.6	265.0	283.5	63.0	0.0	0.0	
39.1	32.3	6.8	176.3	295.3	60.0	0.0	0.0	
40.5	30.1	11.4	201.3	291.3	40.0	0.0	0.0	
20.9	11.9	18.6	320.0	159.8	68.0	0.0	114.3	
3.5	-7.4	8.5	126.3	318.0	50.0	0.0	2.5	
-0.1	-4.1	12.1	87.5	187.9	88.0	0.0	81.3	
-4.6	-12.1	7.5	171.3	335.0	41.0	0.0	0.0	
20.2	11.5	9.5	237.5	330.1	54.0	0.0	0.0	
27.8	19.3	3.6	112.5	295.5	78.0	0.0	0.0	
38.2	27.1	4.8	138.8	262.7	69.0	0.0	0.0	
35.2	29.4	5.2	127.5	257.3	98.0	0.0	0.0	
20.5	12.1	10.3	278.8	215.8	59.0	0.0	0.0	
   3    31    1965
11.9	4.4	5.5	235.0	321.1	30.0	0.0	0.0	
10.3	1.4	2.0	81.3	374.7	13.0	0.0	0.0	
17.4	5.4	2.9	160.0	349.1	74.0	0.0	0.0	
22.7	12.4	2.0	48.8	369.6	2.0	0.0	0.0	
27.7	22.1	7.5	232.5	371.3	8.0	0.0	0.0	
29.5	24.4	6.5	192.5	291.6	46.0	0.0	0.0	
29.4	23.9	10.2	245.0	330.7	28.0	0.0	0.0	
31.2	25.5	10.9	286.3	288.3	60.0	0.0	0.0	
29.5	25.1	3.9	123.8	199.3	98.0	0.0	0.0	
27.9	24.1	12.1	276.3	239.4	82.0	0.0	0.0	
26.0	22.2	8.7	226.3	258.6	81.0	0.0	5.1	
27.3	21.7	13.4	312.5	223.3	90.0	0.0	0.0	
30.0	21.7	4.6	90.0	370.7	60.0	0.0	0.0	
28.3	21.2	12.4	232.5	225.2	75.0	0.0	0.0	
22.2	18.5	7.8	76.3	229.9	98.0	0.0	0.0	
12.4	7.7	16.4	231.3	245.2	98.0	0.0	17.8	
-1.3	-6.6	13.4	315.0	424.0	70.0	0.0	5.1	
0.4	-7.1	5.9	195.0	444.9	19.0	0.0	0.0	
0.2	-7.0	9.6	233.8	437.0	34.0	0.0	0.0	
0.4	-7.1	7.4	193.8	471.1	23.0	0.0	0.0	
14.5	6.5	9.8	238.8	265.8	98.0	0.0	76.2	
3.2	-7.4	6.1	52.5	386.7	91.0	0.0	30.5	
0.8	-6.5	9.3	225.0	488.2	15.0	0.0	0.0	
2.3	-7.0	2.5	90.0	481.4	13.0	0.0	0.0	
5.9	-1.9	4.3	45.0	446.7	53.0	0.0	0.0	
12.7	7.5	10.1	31.3	421.5	97.0	0.0	25.4	
18.5	13.7	7.9	68.8	316.2	98.0	0.0	66.0	
17.9	12.3	3.5	131.3	467.8	44.0	0.0	2.5	
22.9	18.3	8.5	88.8	491.5	45.0	0.0	0.0	
32.2	26.7	3.6	40.0	424.3	76.0	0.0	0.0	
37.9	33.1	8.8	190.0	487.9	36.0	0.0	0.0	
   4    30    1965
38.2	33.3	12.1	90.0	473.4	83.0	0.0	0.0	
46.2	37.2	11.7	218.8	452.5	61.0	0.0	0.0	
34.5	29.7	13.6	258.8	231.3	93.0	4.0	0.0	
33.1	26.8	6.0	142.5	508.3	35.0	0.0	0.0	
36.2	30.5	7.8	105.0	242.8	82.0	0.0	0.0	
42.6	32.7	8.6	180.0	488.6	47.0	2.0	0.0	
42.1	35.3	9.4	23.8	279.3	88.0	0.0	0.0	
43.5	37.9	4.1	17.5	373.8	66.0	0.0	0.0	
49.5	40.8	10.3	47.5	333.8	89.0	5.0	0.0	
36.4	35.0	13.9	252.5	238.9	98.0	3.0	0.0	
35.3	32.5	11.6	337.5	249.9	98.0	23.0	0.0	
42.4	31.9	7.9	210.0	542.8	33.0	0.0	0.0	
42.9	34.3	6.1	155.0	301.7	64.0	0.0	0.0	
45.2	39.7	14.4	317.5	258.6	98.0	0.0	0.0	
40.4	35.5	8.1	186.3	275.9	98.0	1.0	0.0	
31.1	29.9	5.3	67.5	359.7	97.0	2.0	0.0	
33.9	29.6	10.5	208.8	320.0	72.0	7.0	0.0	
44.5	28.5	9.5	257.5	453.2	47.0	0.0	0.0	
45.9	37.5	6.5	120.0	442.4	97.0	4.0	0.0	
49.5	45.4	5.8	163.8	316.4	92.0	6.0	0.0	
54.0	43.3	7.2	167.5	356.7	80.0	1.0	0.0	
48.8	37.7	9.2	172.5	389.5	95.0	22.0	0.0	
37.6	34.0	6.6	41.3	263.8	98.0	37.0	0.0	
41.4	34.9	3.2	86.3	302.5	69.0	0.0	0.0	
46.5	37.5	6.7	220.0	390.8	74.0	0.0	0.0	
43.9	36.5	8.7	208.8	328.4	63.0	1.0	0.0	
48.2	30.1	4.6	105.0	586.4	11.0	0.0	0.0	
60.8	31.2	10.7	212.5	619.0	32.0	0.0	0.0	
61.9	39.9	4.8	55.0	532.7	79.0	0.0	0.0	
64.1	42.9	9.2	173.8	514.2	70.0	0.0	0.0	
   5    31    1965
55.9	46.8	9.5	190.0	574.3	38.0	0.0	0.0	
47.0	33.0	7.6	258.8	333.9	85.0	5.0	0.0	
48.1	37.1	5.2	91.3	384.2	43.0	0.0	0.0	
57.9	39.5	5.9	145.0	589.5	36.0	0.0	0.0	
50.2	36.7	18.6	308.8	317.6	98.0	0.0	0.0	
40.2	37.2	19.3	266.3	263.1	98.0	65.0	0.0	
41.1	37.1	13.0	286.3	266.0	76.0	18.0	0.0	
43.2	32.2	7.1	98.8	309.4	92.0	0.0	0.0	
49.5	30.0	11.9	238.8	449.0	79.0	0.0	0.0	
57.6	34.5	7.2	245.0	630.6	10.0	0.0	0.0	
61.1	38.3	8.4	230.0	591.4	24.0	0.0	0.0	
65.1	37.0	6.9	156.3	656.6	6.0	0.0	0.0	
66.1	37.5	8.8	175.0	529.4	69.0	0.0	0.0	
59.3	35.4	13.7	38.8	448.4	90.0	0.0	0.0	
57.8	34.0	5.1	73.8	627.9	37.0	0.0	0.0	
65.5	36.2	11.7	222.5	582.4	70.0	0.0	0.0	
53.7	21.6	16.3	257.5	547.2	66.0	0.0	0.0	
53.0	25.0	8.2	216.3	672.7	24.0	0.0	0.0	
61.9	32.4	6.9	147.5	602.4	76.0	0.0	0.0	
62.4	39.7	11.5	226.3	456.4	77.0	4.0	0.0	
49.6	31.7	7.4	143.8	453.3	93.0	19.0	0.0	
48.8	38.5	11.9	108.8	316.1	98.0	0.0	0.0	
50.0	47.0	6.5	122.5	285.0	98.0	6.0	0.0	
47.8	44.0	15.1	307.5	305.4	98.0	65.0	0.0	
48.3	39.0	21.1	307.5	381.5	98.0	0.0	0.0	
39.6	34.0	15.4	316.3	307.5	78.0	0.0	0.0	
47.7	33.5	7.2	212.5	428.8	60.0	7.0	0.0	
58.6	44.6	6.5	180.0	543.2	75.0	0.0	0.0	
65.3	48.1	2.3	71.3	695.8	26.0	0.0	0.0	
68.8	48.1	7.7	141.3	615.1	84.0	0.0	0.0	
64.0	37.2	8.6	160.0	593.6	74.0	0.0	0.0	
   6    30    1965
57.3	52.0	9.5	188.8	302.4	83.0	0.0	0.0	
61.1	44.4	5.8	157.5	613.4	28.0	0.0	0.0	
64.8	45.3	9.5	213.8	595.4	62.0	18.0	0.0	
55.2	44.8	10.7	312.5	321.5	83.0	10.0	0.0	
58.2	38.9	4.2	165.0	627.7	15.0	0.0	0.0	
65.9	41.2	6.8	153.8	682.3	26.0	5.0	0.0	
50.8	40.0	11.5	295.0	350.4	71.0	13.0	0.0	
61.1	33.4	3.9	116.3	685.3	17.0	0.0	0.0	
67.2	39.5	5.1	30.0	662.2	51.0	0.0	0.0	
68.0	45.1	8.1	126.3	599.8	75.0	0.0	0.0	
69.5	54.1	10.5	121.3	509.3	88.0	0.0	0.0	
73.8	57.1	18.6	141.3	541.8	92.0	14.0	0.0	
60.0	54.3	11.7	241.3	332.4	83.0	0.0	0.0	
62.0	50.7	8.1	77.5	449.8	74.0	7.0	0.0	
62.1	57.4	10.0	98.8	352.5	96.0	0.0	0.0	
69.6	60.3	15.2	110.0	313.2	98.0	20.0	0.0	
72.7	55.4	17.3	145.0	686.5	36.0	1.0	0.0	
72.2	47.3	10.3	185.0	714.7	8.0	0.0	0.0	
65.7	46.5	12.3	261.3	639.5	55.0	0.0	0.0	
62.5	40.4	8.8	212.5	672.3	31.0	0.0	0.0	
68.7	47.5	4.5	55.0	632.3	70.0	3.0	0.0	
62.2	46.2	8.8	63.8	581.9	59.0	0.0	0.0	
68.7	51.8	12.5	110.0	653.4	36.0	13.0	0.0	
74.0	57.4	9.4	152.5	563.1	76.0	0.0	0.0	
68.4	57.6	6.7	185.0	560.5	62.0	97.0	0.0	
63.0	54.1	8.9	207.5	450.8	74.0	6.0	0.0	
63.9	43.9	12.7	286.3	611.6	60.0	0.0	0.0	
63.9	37.2	5.2	87.5	677.5	22.0	8.0	0.0	
61.0	52.3	8.5	111.3	457.8	64.0	1.0	0.0	
67.6	55.4	8.4	102.5	642.5	49.0	14.0	0.0	
   7    31    1965
66.0	49.5	9.8	263.8	649.7	53.0	9.0	0.0	
69.1	48.1	5.1	153.8	528.6	43.0	0.0	0.0	
70.1	50.9	8.8	177.5	639.7	30.0	0.0	0.0	
69.2	54.1	10.0	67.5	532.6	55.0	1.0	0.0	
63.8	57.4	3.2	43.8	500.6	80.0	0.0	0.0	
73.3	56.1	5.2	170.0	667.6	13.0	0.0	0.0	
74.9	56.9	4.5	71.3	651.0	34.0	2.0	0.0	
70.1	59.3	9.8	202.5	505.2	66.0	0.0	0.0	
70.7	59.1	6.8	87.5	575.9	78.0	4.0	0.0	
72.5	57.9	11.3	145.0	682.9	40.0	0.0	0.0	
69.9	59.6	15.0	191.3	572.6	53.0	4.0	0.0	
65.2	56.7	6.8	223.8	563.7	68.0	80.0	0.0	
65.4	47.6	8.1	213.8	666.5	11.0	0.0	0.0	
69.7	51.2	3.6	43.8	723.2	2.0	0.0	0.0	
76.8	54.1	5.2	112.5	683.7	5.0	0.0	0.0	
77.3	53.0	3.9	136.3	724.0	2.0	0.0	0.0	
76.9	55.9	5.9	85.0	541.8	65.0	0.0	0.0	
79.7	59.9	5.6	112.5	588.4	65.0	0.0	0.0	
77.4	56.0	7.4	170.0	542.8	60.0	0.0	0.0	
80.9	57.6	6.5	135.0	644.4	35.0	0.0	0.0	
80.7	57.4	4.8	23.8	667.4	9.0	0.0	0.0	
78.2	58.1	11.0	273.8	484.6	50.0	6.0	0.0	
71.9	43.3	7.9	230.0	650.8	51.0	0.0	0.0	
74.1	47.5	4.2	51.3	617.4	13.0	0.0	0.0	
74.7	51.5	6.2	46.3	506.3	73.0	0.0	0.0	
78.7	51.7	5.6	92.5	593.4	36.0	0.0	0.0	
78.0	52.6	8.1	133.8	537.9	57.0	14.0	0.0	
80.6	51.7	5.5	117.5	676.9	5.0	0.0	0.0	
76.7	52.6	7.5	160.0	419.5	72.0	8.0	0.0	
71.3	50.9	10.0	328.8	504.4	37.0	0.0	0.0	
72.0	45.4	4.2	148.8	605.7	13.0	0.0	0.0	
   8    31    1965
76.7	43.3	3.6	77.5	649.8	24.0	0.0	0.0	
79.0	42.9	4.8	88.8	632.1	16.0	0.0	0.0	
82.0	45.0	6.8	105.0	545.4	58.0	0.0	0.0	
77.8	51.2	10.0	237.5	524.9	68.0	54.0	0.0	
71.7	56.1	10.8	291.3	428.3	86.0	0.0	0.0	
62.5	57.7	10.8	282.5	246.8	90.0	0.0	0.0	
69.1	54.1	4.8	203.8	591.3	35.0	0.0	0.0	
74.1	50.4	5.6	66.3	635.6	3.0	0.0	0.0	
76.5	46.4	6.8	85.0	631.2	3.0	0.0	0.0	
83.0	49.0	7.1	176.3	521.3	54.0	0.0	0.0	
82.4	48.2	7.6	206.3	638.7	6.0	0.0	0.0	
87.6	50.4	6.2	117.5	558.3	37.0	0.0	0.0	
79.1	50.6	10.9	298.8	486.6	48.0	0.0	0.0	
69.0	36.9	6.5	143.8	604.3	24.0	0.0	0.0	
76.7	43.0	6.5	183.8	526.2	40.0	0.0	0.0	
76.1	36.1	6.5	212.5	569.9	27.0	0.0	0.0	
69.8	47.0	7.5	100.0	524.3	54.0	0.0	0.0	
68.3	47.0	6.2	92.5	495.3	50.0	0.0	0.0	
69.5	41.6	6.2	48.8	482.4	54.0	1.0	0.0	
65.6	51.9	6.6	90.0	251.7	83.0	190.0	0.0	
68.8	52.1	7.4	100.0	452.4	80.0	58.0	0.0	
71.8	52.9	9.8	116.3	352.1	90.0	24.0	0.0	
69.7	51.0	4.5	132.5	500.4	66.0	3.0	0.0	
65.3	51.1	11.1	280.0	382.4	58.0	0.0	0.0	
69.2	49.2	10.7	255.0	459.5	47.0	20.0	0.0	
64.4	48.3	12.2	223.8	407.6	60.0	0.0	0.0	
65.0	48.6	4.5	47.5	528.9	32.0	0.0	0.0	
64.9	45.9	11.2	155.0	414.1	73.0	0.0	0.0	
55.7	26.2	9.1	296.3	445.9	26.0	0.0	0.0	
55.3	30.6	14.0	250.0	463.5	72.0	0.0	0.0	
57.1	36.5	13.3	243.8	513.8	21.0	0.0	0.0	
   9    30    1965
67.2	34.1	8.8	208.8	560.1	2.0	0.0	0.0	
65.4	38.5	7.5	207.5	536.5	41.0	0.0	0.0	
61.3	39.2	11.2	187.5	367.7	91.0	4.0	0.0	
45.1	37.0	14.0	236.3	202.0	67.0	0.0	0.0	
50.5	34.4	10.6	90.0	320.6	94.0	0.0	0.0	
49.8	35.8	5.5	50.0	283.0	98.0	0.0	0.0	
56.7	42.0	5.5	107.5	515.6	8.0	0.0	0.0	
64.5	49.0	8.5	220.0	402.0	34.0	0.0	0.0	
53.7	42.8	11.7	288.8	275.6	98.0	19.0	0.0	
45.9	37.9	7.8	93.8	247.8	98.0	2.0	0.0	
51.9	43.3	5.8	40.0	367.6	86.0	0.0	0.0	
50.1	47.1	5.8	137.5	194.2	98.0	25.0	0.0	
55.0	48.0	4.8	81.3	238.8	97.0	17.0	0.0	
54.4	43.7	9.1	228.8	319.6	85.0	17.0	0.0	
42.4	37.9	12.6	242.5	195.5	98.0	64.0	0.0	
36.2	27.4	12.9	330.0	245.9	84.0	15.0	0.0	
36.0	24.8	4.2	166.3	288.5	74.0	1.0	0.0	
39.5	27.1	9.7	240.0	324.7	36.0	0.0	0.0	
42.0	27.1	5.8	151.3	329.0	40.0	0.0	0.0	
45.0	36.5	9.1	252.5	274.7	60.0	0.0	0.0	
44.7	41.5	12.4	240.0	172.0	85.0	31.0	0.0	
42.9	28.6	18.3	312.5	283.8	85.0	0.0	0.0	
38.0	20.5	10.7	273.8	402.6	68.0	0.0	0.0	
56.8	35.0	11.4	218.8	422.2	38.0	0.0	0.0	
36.5	30.1	11.8	50.0	173.1	75.0	0.0	0.0	
37.3	25.3	12.5	120.0	233.1	80.0	5.0	0.0	
34.0	30.0	4.1	17.5	179.3	88.0	2.0	0.0	
36.9	34.4	2.0	11.3	194.1	98.0	15.0	0.0	
42.3	35.8	5.8	227.5	258.5	71.0	0.0	0.0	
48.8	34.4	6.9	217.5	320.3	53.0	0.0	0.0	
  10    31    1965
59.0	35.0	10.4	218.8	350.8	59.0	0.0	0.0	
51.8	29.8	4.5	92.5	371.1	23.0	0.0	0.0	
55.3	34.7	7.4	112.5	341.6	40.0	0.0	0.0	
58.1	40.1	3.6	97.5	384.2	25.0	0.0	0.0	
60.5	35.1	13.1	242.5	252.6	63.0	0.0	0.0	
57.6	36.3	14.8	247.5	285.0	54.0	0.0	0.0	
54.6	31.5	12.1	297.5	277.5	57.0	0.0	0.0	
57.6	35.2	4.1	120.0	306.2	70.0	0.0	0.0	
62.4	35.4	4.8	52.5	353.7	13.0	0.0	0.0	
46.9	29.8	5.8	145.0	210.0	73.0	0.0	0.0	
45.7	25.6	4.6	162.5	348.3	19.0	0.0	0.0	
50.6	27.9	3.5	116.3	290.3	73.0	0.0	0.0	
49.5	34.0	7.4	217.5	171.9	84.0	0.0	0.0	
54.6	35.1	4.6	108.8	276.4	50.0	0.0	0.0	
53.8	33.4	8.4	207.5	282.1	36.0	0.0	0.0	
50.2	26.4	8.3	225.0	209.9	67.0	3.0	0.0	
48.0	26.2	5.5	181.3	298.4	40.0	0.0	0.0	
46.7	28.2	2.8	88.8	209.6	79.0	0.0	0.0	
43.9	30.5	5.6	198.8	155.4	62.0	6.0	0.0	
43.8	26.4	4.1	138.8	287.9	12.0	0.0	0.0	
51.0	30.3	7.1	213.8	227.2	55.0	0.0	0.0	
53.1	31.0	9.0	286.3	265.2	81.0	0.0	0.0	
53.5	32.3	3.7	143.8	272.3	18.0	0.0	0.0	
57.0	28.1	9.8	250.0	294.1	22.0	0.0	0.0	
52.1	27.1	2.0	77.5	283.3	16.0	0.0	0.0	
51.6	29.9	2.8	90.0	285.1	8.0	0.0	0.0	
51.4	28.8	2.2	57.5	251.7	18.0	0.0	0.0	
51.2	29.0	7.8	216.3	199.4	63.0	0.0	0.0	
54.0	31.7	5.8	198.8	233.2	78.0	0.0	0.0	
52.4	31.3	10.4	238.8	180.6	68.0	0.0	0.0	
46.3	26.0	5.6	160.0	240.8	23.0	0.0	0.0	
  11    30    1965
50.4	25.0	5.3	150.0	219.9	67.0	0.0	0.0	
51.4	22.3	7.4	213.8	195.3	75.0	0.0	0.0	
39.7	22.6	8.3	186.3	240.6	30.0	0.0	0.0	
47.5	25.8	6.3	176.3	184.8	86.0	0.0	0.0	
49.4	29.6	2.0	40.0	194.2	75.0	0.0	0.0	
39.6	27.6	8.9	121.3	183.2	80.0	0.0	0.0	
36.3	27.9	9.2	127.5	218.8	66.0	0.0	0.0	
33.8	23.6	7.6	106.3	138.2	90.0	0.0	0.0	
31.1	22.5	3.6	115.0	155.7	71.0	0.0	0.0	
31.6	24.1	2.3	7.5	120.1	70.0	0.0	0.0	
31.2	26.8	7.7	192.5	111.5	85.0	0.0	30.5	
22.1	15.0	8.1	237.5	170.1	68.0	0.0	25.4	
20.9	15.9	4.8	142.5	189.3	25.0	0.0	0.0	
30.6	24.4	2.0	68.8	96.1	91.0	0.0	0.0	
35.0	26.9	10.8	208.8	119.6	71.0	30.0	0.0	
21.2	13.6	3.0	81.3	179.5	18.0	0.0	12.7	
28.8	20.9	2.0	52.5	129.6	60.0	0.0	0.0	
32.8	27.8	4.1	83.8	156.7	75.0	0.0	0.0	
40.6	30.9	4.9	161.3	136.2	78.0	0.0	0.0	
39.2	21.0	8.6	223.8	165.3	18.0	0.0	0.0	
38.5	22.3	9.7	190.0	95.5	70.0	0.0	0.0	
38.1	23.2	2.9	56.3	153.6	67.0	0.0	0.0	
31.2	22.9	3.5	95.0	138.0	59.0	0.0	5.1	
21.6	12.3	9.5	208.8	102.4	98.0	0.0	0.0	
19.7	14.5	4.9	31.3	102.1	97.0	0.0	17.8	
9.8	2.6	8.9	308.8	162.4	53.0	0.0	0.0	
11.0	4.5	2.0	68.8	116.2	72.0	0.0	0.0	
23.7	16.5	2.6	75.0	173.5	43.0	0.0	0.0	
24.9	16.9	2.0	41.3	163.7	26.0	0.0	0.0	
31.2	19.6	5.6	141.3	170.2	6.0	0.0	0.0	
  12    31    1965
31.9	18.4	4.8	150.0	165.5	31.0	0.0	0.0	
36.8	20.7	11.4	246.3	105.3	85.0	0.0	0.0	
37.4	22.3	7.4	185.0	142.5	62.0	0.0	0.0	
45.3	27.3	7.5	250.0	73.9	96.0	0.0	0.0	
34.5	26.1	2.3	15.0	109.5	58.0	0.0	0.0	
34.8	24.0	3.6	112.5	160.3	2.0	0.0	0.0	
35.0	20.6	6.5	160.0	149.2	16.0	0.0	0.0	
30.8	18.9	4.3	108.8	130.7	23.0	0.0	0.0	
32.5	20.5	7.4	137.5	112.5	73.0	0.0	0.0	
27.4	20.1	4.3	110.0	97.9	80.0	0.0	0.0	
29.2	24.2	5.5	255.0	87.9	66.0	0.0	0.0	
28.0	23.9	8.2	277.5	81.4	88.0	0.0	0.0	
24.6	19.0	10.4	315.0	63.4	98.0	0.0	12.7	
17.9	12.0	8.7	266.3	72.3	97.0	0.0	7.6	
13.4	7.1	2.8	103.8	153.0	13.0	0.0	0.0	
23.3	16.1	11.2	261.3	60.8	87.0	0.0	0.0	
18.0	12.8	3.9	133.8	149.7	24.0	0.0	0.0	
21.4	12.1	6.1	142.5	127.0	53.0	0.0	0.0	
39.9	22.1	13.1	242.5	102.3	92.0	0.0	0.0	
41.2	20.1	12.4	251.3	125.2	65.0	0.0	0.0	
33.1	16.5	5.5	87.5	139.8	27.0	0.0	0.0	
27.4	24.2	10.8	35.0	73.9	98.0	0.0	20.3	
24.0	19.9	5.5	132.5	80.8	98.0	0.0	35.6	
25.1	17.1	12.7	142.5	128.3	69.0	0.0	0.0	
14.8	7.1	11.8	217.5	86.4	81.0	0.0	55.9	
-7.7	-17.3	6.6	187.5	137.4	39.0	0.0	7.6	
-6.1	-11.0	4.0	12.5	119.7	79.0	0.0	0.0	
21.5	14.8	3.9	78.8	87.3	98.0	0.0	0.0	
34.3	24.7	6.1	116.3	105.2	68.0	0.0	0.0	
16.2	10.9	12.4	160.0	102.5	80.0	0.0	48.3	
1.6	-3.8	3.2	117.5	122.5	64.0	0.0	0.0	
