   1    31    1975
25.6	14.7	9.5	169.6	159.5	23.0	0.0	0.0	
26.4	19.3	16.8	293.8	150.0	42.0	0.0	2.5	
26.3	15.4	14.2	254.6	138.3	41.0	0.0	0.0	
26.3	18.7	8.9	162.9	98.2	88.0	0.0	0.0	
28.8	20.7	11.1	242.5	155.5	54.0	0.0	0.0	
30.9	20.0	10.2	224.6	144.6	52.0	0.0	2.5	
24.6	18.9	8.1	185.8	148.4	45.0	0.0	0.0	
26.5	20.0	9.9	175.0	105.2	93.0	0.0	0.0	
15.3	9.3	12.5	337.5	151.1	50.0	0.0	10.2	
-1.7	-9.0	15.4	222.9	126.8	85.0	0.0	27.9	
-8.1	-17.1	22.2	313.8	99.0	58.0	0.0	0.0	
6.8	-2.7	12.3	215.4	81.9	84.0	0.0	5.1	
27.2	20.9	9.1	221.3	102.4	93.0	0.0	0.0	
31.6	29.4	7.7	221.3	126.8	94.0	0.0	40.6	
21.0	16.5	11.2	251.7	157.0	64.0	0.0	43.2	
16.5	12.0	8.4	189.6	138.2	39.0	0.0	0.0	
32.1	26.0	13.0	254.6	124.9	83.0	0.0	0.0	
31.9	29.3	11.0	213.8	97.5	70.0	0.0	35.6	
28.9	24.6	8.5	197.5	172.7	52.0	0.0	0.0	
35.3	29.9	18.1	299.6	94.1	93.0	0.0	0.0	
29.8	22.2	15.6	272.1	183.9	53.0	0.0	0.0	
31.5	21.7	9.6	217.1	156.7	53.0	0.0	0.0	
38.1	30.2	10.2	234.6	143.1	84.0	4.0	0.0	
35.8	28.8	21.2	301.3	195.3	25.0	0.0	0.0	
29.9	25.5	9.6	236.3	110.1	85.0	0.0	83.8	
15.4	11.5	14.1	102.9	105.1	98.0	0.0	256.5	
11.4	4.2	10.2	209.6	211.3	17.0	0.0	2.5	
8.2	1.8	9.7	233.3	206.0	32.0	0.0	0.0	
16.5	8.5	8.4	242.5	199.1	63.0	0.0	0.0	
12.4	3.6	9.5	229.6	209.9	2.0	0.0	0.0	
13.0	6.6	7.3	121.3	165.9	56.0	0.0	0.0	
   2    28    1975
11.3	5.1	7.8	116.3	220.4	35.0	0.0	0.0	
12.8	7.2	12.2	140.8	171.9	86.0	0.0	0.0	
5.2	-2.9	15.7	337.9	192.6	93.0	0.0	0.0	
-4.9	-13.0	12.6	335.0	159.3	96.0	0.0	10.2	
-7.0	-13.7	12.0	295.8	203.4	54.0	0.0	7.6	
6.8	-1.5	10.1	247.9	229.9	43.0	0.0	0.0	
7.8	1.3	12.6	251.7	129.7	87.0	0.0	68.6	
-6.1	-14.2	12.2	268.8	256.0	36.0	0.0	15.2	
3.9	-3.7	9.7	184.6	188.5	73.0	0.0	25.4	
14.7	10.4	9.9	130.0	155.5	98.0	0.0	0.0	
6.7	-0.6	12.0	303.3	221.1	87.0	0.0	0.0	
5.7	-1.5	12.3	136.7	177.4	91.0	0.0	0.0	
21.7	15.6	9.9	176.7	183.1	95.0	20.0	0.0	
14.4	10.4	9.6	136.7	168.1	98.0	0.0	5.1	
15.0	8.9	7.7	155.4	287.9	14.0	0.0	0.0	
15.7	10.9	8.3	215.0	209.0	47.0	0.0	0.0	
14.7	9.6	10.6	279.6	178.2	52.0	0.0	0.0	
19.6	13.2	11.9	226.3	292.5	2.0	0.0	0.0	
29.4	20.4	11.8	220.8	309.4	21.0	0.0	0.0	
30.6	22.2	15.5	229.2	154.6	90.0	0.0	0.0	
25.1	16.7	22.0	309.6	276.1	58.0	0.0	0.0	
23.4	13.1	10.4	234.6	317.6	25.0	0.0	0.0	
35.1	26.9	12.8	277.1	300.5	80.0	0.0	0.0	
34.5	27.5	14.7	288.3	195.2	70.0	0.0	0.0	
27.8	16.7	19.4	311.7	260.3	50.0	0.0	7.6	
25.6	15.6	8.5	222.9	327.2	38.0	0.0	0.0	
37.5	28.1	17.9	295.8	272.0	71.0	0.0	0.0	
33.7	26.4	10.3	261.3	235.0	63.0	0.0	0.0	
   3    31    1975
27.5	18.3	10.9	46.7	264.5	75.0	0.0	0.0	
27.8	21.2	12.7	107.1	173.9	96.0	0.0	5.1	
32.7	30.9	7.8	159.2	234.1	64.0	0.0	0.0	
34.6	28.4	10.8	283.8	277.3	78.0	0.0	0.0	
27.8	21.9	8.3	102.5	179.0	80.0	0.0	50.8	
25.6	18.4	9.5	122.5	252.4	98.0	0.0	38.1	
22.3	14.5	11.8	71.3	208.1	78.0	0.0	7.6	
22.9	16.9	11.2	125.4	206.6	80.0	0.0	7.6	
23.2	19.0	9.5	61.3	179.3	98.0	0.0	38.1	
23.3	18.5	6.9	47.5	233.8	98.0	0.0	7.6	
21.9	14.1	13.2	330.0	352.5	54.0	0.0	0.0	
24.1	14.8	7.7	187.5	410.2	15.0	0.0	0.0	
33.0	21.9	10.5	220.0	368.6	48.0	0.0	0.0	
34.9	23.9	7.5	212.5	348.6	47.0	0.0	0.0	
38.4	25.3	9.7	166.3	377.5	64.0	0.0	0.0	
42.6	26.6	8.4	193.3	373.8	76.0	0.0	0.0	
39.1	23.2	16.4	270.0	370.7	70.0	0.0	0.0	
44.9	24.2	13.2	217.9	397.3	61.0	0.0	0.0	
47.7	27.3	13.7	214.6	384.5	75.0	0.0	0.0	
41.1	27.0	15.3	217.1	300.3	74.0	0.0	0.0	
36.7	15.9	10.3	225.8	448.6	39.0	0.0	0.0	
31.7	24.6	16.9	88.8	203.2	93.0	0.0	7.6	
22.6	18.3	11.2	239.6	261.1	98.0	0.0	0.0	
14.2	9.0	10.0	121.7	478.9	34.0	0.0	0.0	
19.9	13.4	17.1	85.8	356.6	80.0	26.0	0.0	
15.5	9.9	13.9	257.5	320.2	98.0	0.0	25.4	
11.4	6.9	26.5	326.3	243.8	98.0	0.0	66.0	
12.7	7.3	22.1	313.8	366.6	69.0	0.0	7.6	
13.7	7.7	11.0	247.9	412.2	65.0	0.0	2.5	
31.1	23.5	17.7	245.0	347.0	76.0	0.0	0.0	
17.5	10.5	9.7	152.1	316.1	49.0	0.0	0.0	
   4    30    1975
16.5	9.9	9.0	55.4	439.4	57.0	0.0	15.2	
27.1	17.9	8.5	189.6	492.7	32.0	0.0	0.0	
39.6	26.9	9.8	134.6	449.3	55.0	0.0	0.0	
33.0	28.4	15.8	172.5	415.5	79.0	15.0	0.0	
25.3	21.7	11.6	305.4	289.0	98.0	0.0	15.2	
25.5	23.9	12.0	88.3	246.8	98.0	0.0	5.1	
31.1	30.7	9.8	79.6	186.1	98.0	0.0	154.9	
29.2	28.0	8.6	215.8	317.4	98.0	0.0	58.4	
31.6	27.7	11.0	283.3	489.2	83.0	0.0	0.0	
31.8	28.8	7.6	249.2	295.6	98.0	0.0	0.0	
34.1	28.1	7.2	235.0	376.4	66.0	0.0	0.0	
33.9	27.9	11.4	163.8	554.5	43.0	0.0	0.0	
35.7	27.0	7.8	85.0	464.8	50.0	0.0	0.0	
36.9	28.2	10.0	40.8	557.1	15.0	0.0	0.0	
35.5	27.9	7.1	109.2	396.0	70.0	1.0	0.0	
43.4	36.0	8.4	83.3	352.8	98.0	1.0	0.0	
37.9	31.5	16.9	319.6	292.0	98.0	0.0	0.0	
33.2	28.6	13.3	314.6	262.2	70.0	3.0	0.0	
40.7	29.1	7.3	203.8	555.4	19.0	0.0	0.0	
46.5	33.4	10.8	211.3	284.2	78.0	1.0	0.0	
50.3	30.1	11.4	167.5	590.5	47.0	0.0	0.0	
54.4	32.8	7.5	110.0	461.2	88.0	0.0	0.0	
52.0	41.6	9.8	133.8	472.8	86.0	11.0	0.0	
53.8	35.3	11.7	232.9	602.8	67.0	0.0	0.0	
53.4	43.5	19.4	114.2	457.2	77.0	11.0	0.0	
55.1	47.2	13.7	205.8	421.4	85.0	37.0	0.0	
50.8	40.7	13.2	259.2	418.5	93.0	0.0	0.0	
41.1	37.1	28.7	321.3	209.0	98.0	5.0	0.0	
37.5	35.3	19.0	322.5	238.0	98.0	8.0	0.0	
38.2	36.0	13.8	315.4	256.7	94.0	0.0	0.0	
   5    31    1975
44.0	35.2	9.0	268.8	390.4	81.0	0.0	0.0	
45.7	35.8	7.0	207.9	533.3	50.0	0.0	0.0	
58.2	35.8	8.7	154.2	542.4	50.0	0.0	0.0	
62.2	41.0	17.4	79.2	405.3	89.0	0.0	0.0	
50.3	46.4	13.6	139.2	269.4	98.0	43.0	0.0	
48.0	46.7	18.9	79.2	213.2	89.0	80.0	0.0	
49.8	41.5	17.7	90.4	450.2	50.0	22.0	0.0	
49.2	45.5	10.7	100.8	311.5	98.0	53.0	0.0	
50.0	47.0	10.0	49.2	263.1	95.0	24.0	0.0	
51.0	47.3	10.1	299.6	282.3	86.0	7.0	0.0	
55.4	44.2	9.7	163.8	541.7	52.0	0.0	0.0	
60.6	45.9	11.0	124.6	536.0	63.0	0.0	0.0	
59.5	42.0	15.3	259.6	633.3	12.0	0.0	0.0	
60.1	38.8	6.0	162.5	688.4	5.0	0.0	0.0	
70.7	45.0	13.4	145.4	655.3	26.0	0.0	0.0	
66.9	50.5	11.0	182.5	573.3	71.0	4.0	0.0	
63.2	45.1	10.7	225.4	638.5	50.0	0.0	0.0	
65.2	40.1	12.7	225.4	498.1	75.0	0.0	0.0	
48.3	40.3	15.1	285.8	245.1	98.0	81.0	0.0	
46.1	37.0	12.8	254.2	324.2	98.0	17.0	0.0	
45.5	40.4	10.6	87.1	323.8	98.0	9.0	0.0	
49.8	46.3	9.0	120.4	298.3	83.0	8.0	0.0	
55.0	43.7	10.5	220.0	468.3	76.0	1.0	0.0	
47.9	40.0	13.9	236.3	397.2	77.0	8.0	0.0	
47.5	34.1	19.2	284.2	415.4	83.0	3.0	0.0	
54.8	32.1	11.3	195.4	611.5	49.0	0.0	0.0	
55.6	39.5	9.0	232.9	433.6	93.0	0.0	0.0	
55.0	39.1	9.9	296.7	632.8	40.0	0.0	0.0	
56.7	34.3	10.4	221.7	680.2	28.0	0.0	0.0	
53.4	43.2	10.0	202.9	412.9	88.0	2.0	0.0	
52.3	44.2	9.1	244.6	503.6	75.0	0.0	0.0	
   6    30    1975
56.8	43.5	10.3	232.1	561.8	29.0	0.0	0.0	
65.2	41.3	7.2	152.9	697.1	28.0	0.0	0.0	
64.6	47.7	15.4	262.9	494.1	73.0	3.0	0.0	
61.9	42.0	16.2	285.8	532.6	55.0	0.0	0.0	
66.6	42.7	14.2	230.8	556.1	70.0	0.0	0.0	
67.5	45.8	9.3	213.8	506.1	67.0	8.0	0.0	
64.8	47.3	10.6	182.5	480.1	86.0	2.0	0.0	
52.7	48.7	14.2	134.2	202.9	96.0	67.0	0.0	
55.1	42.4	18.2	322.5	515.5	81.0	3.0	0.0	
56.8	44.3	14.0	280.8	565.6	47.0	1.0	0.0	
63.6	41.7	7.5	209.6	709.9	12.0	0.0	0.0	
67.6	44.4	12.7	235.8	567.3	64.0	0.0	0.0	
63.5	50.7	10.3	205.4	373.7	89.0	4.0	0.0	
60.0	49.1	16.8	315.8	483.8	85.0	8.0	0.0	
59.8	50.8	8.0	228.8	475.1	89.0	5.0	0.0	
56.3	47.7	10.7	263.8	463.2	70.0	0.0	0.0	
57.5	46.9	8.0	154.2	565.0	75.0	4.0	0.0	
55.4	52.3	15.6	64.6	220.6	98.0	50.0	0.0	
65.2	52.3	13.6	163.8	623.5	63.0	1.0	0.0	
64.3	48.6	11.3	257.5	690.2	48.0	0.0	0.0	
58.9	52.0	6.6	220.4	420.8	85.0	0.0	0.0	
65.9	52.6	8.2	186.3	694.5	31.0	0.0	0.0	
72.5	52.8	8.5	149.6	740.7	8.0	0.0	0.0	
78.2	56.5	12.8	147.5	663.9	43.0	0.0	0.0	
77.4	58.6	12.4	205.8	560.2	71.0	6.0	0.0	
66.5	48.9	17.9	241.3	691.5	35.0	0.0	0.0	
67.9	52.5	10.3	218.8	699.0	25.0	0.0	0.0	
64.7	48.0	9.4	172.9	743.6	2.0	0.0	0.0	
68.8	56.2	10.0	199.2	632.1	37.0	0.0	0.0	
73.3	59.9	8.6	164.6	708.9	14.0	0.0	0.0	
   7    31    1975
75.7	63.6	12.5	60.0	565.1	51.0	0.0	0.0	
76.5	66.4	13.0	65.0	601.6	66.0	0.0	0.0	
82.2	66.2	7.9	88.8	602.8	45.0	0.0	0.0	
78.5	66.7	10.0	224.6	478.7	65.0	161.0	0.0	
80.8	63.5	5.9	131.3	674.7	9.0	0.0	0.0	
80.0	62.2	10.7	101.3	684.2	33.0	0.0	0.0	
74.4	64.6	8.1	135.4	476.4	55.0	0.0	0.0	
67.6	55.8	6.6	50.4	487.4	70.0	0.0	0.0	
72.2	56.3	6.3	150.8	641.5	28.0	0.0	0.0	
71.6	52.6	10.5	227.5	683.1	14.0	0.0	0.0	
69.1	48.2	6.9	145.4	697.6	15.0	0.0	0.0	
72.6	48.3	7.1	127.9	699.4	14.0	0.0	0.0	
78.3	47.6	9.7	146.7	696.7	20.0	0.0	0.0	
82.0	57.9	7.2	216.7	664.6	29.0	0.0	0.0	
83.8	59.8	9.0	176.3	625.1	50.0	0.0	0.0	
79.7	61.0	8.4	202.5	614.2	60.0	0.0	0.0	
70.0	59.5	9.7	214.2	526.9	77.0	9.0	0.0	
70.2	51.1	13.6	276.7	669.4	7.0	0.0	0.0	
70.9	49.3	10.3	240.4	569.5	37.0	2.0	0.0	
77.6	52.3	9.5	167.5	677.7	19.0	3.0	0.0	
79.7	54.3	8.3	208.8	613.3	54.0	0.0	0.0	
79.7	54.7	12.5	304.6	616.9	66.0	2.0	0.0	
70.5	52.4	10.1	114.2	617.9	36.0	0.0	0.0	
75.7	52.0	7.8	140.8	659.3	23.0	0.0	0.0	
80.8	51.9	11.6	257.9	670.5	22.0	0.0	0.0	
78.9	50.5	8.1	145.0	684.7	7.0	0.0	0.0	
83.4	52.2	9.1	142.1	696.4	2.0	4.0	0.0	
88.9	52.4	8.6	179.6	628.5	43.0	5.0	0.0	
87.9	54.8	9.9	154.6	638.1	51.0	13.0	0.0	
71.3	62.0	10.7	233.8	296.5	87.0	3.0	0.0	
67.7	57.0	13.2	250.4	474.5	53.0	62.0	0.0	
   8    31    1975
66.0	49.5	11.6	248.8	567.1	25.0	0.0	0.0	
72.8	46.6	11.8	238.8	624.3	18.0	0.0	0.0	
75.0	49.0	10.7	244.6	541.5	46.0	0.0	0.0	
68.9	50.0	15.1	58.8	552.8	36.0	0.0	0.0	
73.6	54.2	14.1	107.1	551.5	45.0	0.0	0.0	
82.8	54.2	7.6	138.8	651.0	21.0	0.0	0.0	
73.7	52.0	16.2	190.4	478.7	38.0	0.0	0.0	
72.4	44.8	10.9	240.0	637.6	2.0	0.0	0.0	
71.1	39.9	6.4	119.6	655.3	7.0	0.0	0.0	
76.4	44.1	9.3	172.1	605.7	10.0	0.0	0.0	
75.9	43.2	8.9	195.8	626.1	8.0	0.0	0.0	
66.7	42.2	11.4	140.8	582.7	24.0	0.0	0.0	
70.0	45.7	9.7	121.7	432.3	85.0	0.0	0.0	
61.7	53.4	8.9	131.3	286.2	80.0	4.0	0.0	
64.5	50.2	7.5	217.9	536.5	54.0	8.0	0.0	
60.9	49.6	12.9	74.6	506.9	58.0	3.0	0.0	
61.0	50.9	10.6	97.5	373.8	98.0	15.0	0.0	
70.5	57.5	11.6	120.8	428.8	87.0	1.0	0.0	
67.2	58.7	8.6	95.0	287.9	80.0	0.0	0.0	
70.4	55.9	10.2	187.9	526.8	45.0	0.0	0.0	
67.7	58.0	10.0	79.2	434.0	63.0	0.0	0.0	
75.7	55.4	10.4	225.4	461.9	51.0	0.0	0.0	
73.4	49.9	10.1	201.7	396.5	78.0	2.0	0.0	
58.7	45.5	25.1	285.4	291.7	80.0	1.0	0.0	
58.4	41.1	13.8	272.1	469.5	47.0	0.0	0.0	
63.7	41.9	6.0	84.2	523.3	58.0	0.0	0.0	
75.1	47.4	8.2	100.8	557.0	13.0	3.0	0.0	
77.8	53.3	9.4	119.2	517.4	41.0	0.0	0.0	
66.8	37.4	11.0	233.3	540.0	20.0	0.0	0.0	
67.8	37.0	8.7	132.9	564.7	2.0	0.0	0.0	
66.5	41.3	14.3	199.6	557.5	2.0	0.0	0.0	
   9    30    1975
65.4	41.5	15.6	90.0	524.4	40.0	2.0	0.0	
62.1	42.3	18.8	262.1	494.0	35.0	0.0	0.0	
61.2	40.1	7.5	166.3	542.2	15.0	0.0	0.0	
60.9	39.6	11.2	195.0	452.1	39.0	0.0	0.0	
64.0	39.0	6.8	130.0	501.7	42.0	0.0	0.0	
64.2	41.9	12.9	159.2	526.8	2.0	0.0	0.0	
64.9	42.4	9.9	87.1	523.1	10.0	0.0	0.0	
68.9	42.6	9.0	155.4	461.3	22.0	0.0	0.0	
70.4	43.4	8.0	112.5	518.2	2.0	0.0	0.0	
63.4	39.1	15.1	113.8	519.1	26.0	0.0	0.0	
53.9	34.2	10.1	223.8	376.0	55.0	0.0	0.0	
54.7	31.1	6.2	167.5	504.5	12.0	0.0	0.0	
62.5	33.7	7.8	94.6	502.7	2.0	0.0	0.0	
65.7	34.3	6.2	168.8	491.9	2.0	0.0	0.0	
68.4	34.1	7.9	193.8	499.9	2.0	0.0	0.0	
70.0	39.6	12.7	224.6	346.8	58.0	0.0	0.0	
56.7	46.7	16.4	281.7	191.2	91.0	21.0	0.0	
47.6	38.8	22.4	313.3	327.2	93.0	0.0	0.0	
46.3	35.8	19.3	306.3	220.6	93.0	0.0	0.0	
44.1	31.2	9.2	305.4	409.9	25.0	0.0	0.0	
51.0	34.3	12.2	301.7	447.4	13.0	0.0	0.0	
56.1	34.3	10.3	278.3	449.2	2.0	0.0	0.0	
58.7	36.6	7.7	138.8	440.3	2.0	0.0	0.0	
65.4	34.0	10.1	148.8	414.3	36.0	0.0	0.0	
66.2	31.0	8.6	152.5	385.4	55.0	0.0	0.0	
55.5	39.7	17.6	315.8	274.4	93.0	0.0	0.0	
52.0	38.2	11.7	228.8	267.7	58.0	0.0	0.0	
55.4	37.8	7.7	172.9	410.5	26.0	0.0	0.0	
53.3	36.6	15.7	322.9	209.5	68.0	1.0	0.0	
46.7	30.4	7.4	249.6	403.0	8.0	0.0	0.0	
  10    31    1975
54.9	31.0	7.6	181.7	407.5	3.0	0.0	0.0	
61.0	31.5	9.7	242.5	407.5	2.0	0.0	0.0	
65.0	30.9	8.4	153.8	390.0	27.0	0.0	0.0	
63.0	29.3	15.1	235.8	161.0	80.0	0.0	0.0	
58.2	27.4	11.5	217.1	361.3	12.0	0.0	0.0	
66.1	34.3	14.4	100.8	238.2	72.0	0.0	0.0	
55.2	37.5	14.1	102.1	220.3	88.0	0.0	0.0	
39.8	37.7	19.9	320.8	105.6	98.0	31.0	0.0	
42.7	33.8	8.8	207.5	342.8	46.0	0.0	0.0	
48.2	35.7	8.9	80.8	304.5	37.0	0.0	0.0	
46.9	37.3	11.8	65.8	289.1	33.0	0.0	0.0	
41.9	37.9	10.3	111.3	109.7	98.0	29.0	0.0	
41.2	39.7	8.7	130.8	146.8	98.0	24.0	0.0	
36.8	34.0	14.3	292.9	152.8	86.0	2.0	0.0	
45.5	36.5	10.9	222.9	244.0	69.0	0.0	0.0	
46.6	36.0	15.1	258.3	300.7	41.0	0.0	0.0	
53.2	36.2	10.7	164.2	297.1	33.0	0.0	0.0	
58.0	37.6	11.3	226.7	304.5	33.0	0.0	0.0	
53.6	33.6	11.1	235.8	258.0	67.0	0.0	0.0	
48.2	43.0	10.9	275.4	117.3	98.0	31.0	0.0	
39.6	38.1	8.5	145.4	100.5	98.0	108.0	0.0	
33.7	32.9	12.3	113.8	155.5	98.0	31.0	0.0	
33.9	29.1	9.6	240.0	186.8	98.0	5.0	0.0	
34.3	26.5	11.8	269.6	260.2	54.0	0.0	0.0	
36.5	22.7	9.8	210.8	247.5	48.0	0.0	0.0	
39.8	32.3	9.2	209.6	116.0	80.0	5.0	0.0	
29.2	25.1	6.4	231.7	119.7	57.0	0.0	0.0	
35.5	25.6	10.1	193.3	246.7	27.0	0.0	0.0	
42.6	28.1	11.7	156.7	201.5	80.0	0.0	0.0	
43.5	32.1	7.4	155.8	127.5	83.0	0.0	0.0	
46.3	34.0	12.2	255.8	231.6	46.0	0.0	0.0	
  11    30    1975
48.1	33.5	10.8	232.1	206.3	38.0	0.0	0.0	
49.1	35.0	10.0	204.6	185.0	69.0	0.0	0.0	
52.4	36.7	11.0	218.3	171.1	65.0	0.0	0.0	
53.4	36.0	8.9	169.2	215.5	47.0	0.0	0.0	
52.2	35.0	9.1	167.1	244.3	7.0	0.0	0.0	
44.9	31.2	9.4	187.1	170.5	57.0	0.0	0.0	
42.4	25.8	12.5	240.0	210.4	28.0	0.0	0.0	
35.5	20.0	9.2	242.5	227.1	12.0	0.0	0.0	
29.9	18.1	10.1	231.7	192.5	23.0	0.0	0.0	
29.2	19.2	9.8	130.8	123.0	64.0	0.0	0.0	
27.5	21.8	19.4	313.3	141.8	57.0	0.0	0.0	
27.8	18.1	9.0	188.3	166.6	62.0	0.0	0.0	
42.5	22.5	10.9	189.2	171.3	81.0	0.0	0.0	
46.9	20.8	10.9	212.9	150.6	74.0	0.0	0.0	
48.4	25.0	9.5	169.2	126.4	69.0	0.0	0.0	
40.8	34.9	8.3	142.9	72.7	96.0	8.0	0.0	
36.5	34.6	11.5	65.8	77.4	98.0	6.0	0.0	
32.7	30.9	9.6	258.3	110.7	98.0	36.0	0.0	
22.9	19.3	12.7	314.2	181.0	10.0	0.0	0.0	
18.0	13.5	4.5	146.7	181.8	2.0	0.0	0.0	
18.2	12.8	6.7	231.7	174.8	20.0	0.0	0.0	
17.5	13.4	8.0	147.5	143.3	80.0	0.0	0.0	
20.6	16.5	11.1	269.6	89.1	91.0	0.0	0.0	
18.2	15.3	11.1	147.5	108.8	97.0	0.0	78.7	
19.5	16.4	9.5	261.3	112.5	98.0	0.0	0.0	
19.8	14.4	9.5	133.8	105.3	91.0	0.0	27.9	
11.3	7.4	8.0	210.0	158.4	87.0	0.0	50.8	
11.2	7.7	13.0	78.8	103.1	98.0	0.0	68.6	
0.3	-5.8	14.0	298.8	163.6	87.0	0.0	0.0	
-0.9	-7.4	9.3	173.3	153.6	68.0	0.0	0.0	
  12    31    1975
17.5	13.6	7.2	77.1	87.8	98.0	0.0	0.0	
19.5	16.6	10.0	40.8	113.1	85.0	0.0	0.0	
37.7	29.9	11.0	173.8	150.3	80.0	0.0	0.0	
39.5	30.7	11.4	169.2	98.9	87.0	0.0	0.0	
19.8	15.4	10.3	215.0	162.8	37.0	0.0	45.7	
20.3	16.0	5.6	147.9	141.3	62.0	0.0	0.0	
30.3	25.6	9.6	217.9	86.7	76.0	0.0	0.0	
29.3	24.8	9.4	195.8	100.5	58.0	0.0	0.0	
39.1	33.9	7.9	208.8	131.9	54.0	0.0	0.0	
27.6	26.2	13.7	47.9	86.3	90.0	0.0	114.3	
17.4	13.5	13.1	35.4	97.3	98.0	0.0	55.9	
18.6	15.0	11.7	195.8	107.3	98.0	0.0	15.2	
6.7	0.9	6.8	134.2	89.9	85.0	0.0	81.3	
6.0	-0.4	9.4	154.6	158.9	38.0	0.0	0.0	
22.5	17.9	12.0	289.6	92.1	78.0	0.0	86.4	
-1.0	-8.4	8.9	296.3	128.6	60.0	0.0	17.8	
-6.9	-13.4	5.3	95.0	148.2	50.0	0.0	0.0	
26.0	21.0	10.6	245.8	144.9	53.0	0.0	0.0	
31.1	26.6	14.8	297.9	132.5	72.0	0.0	0.0	
25.6	21.1	9.2	184.2	152.6	2.0	0.0	0.0	
22.4	18.2	8.1	192.5	120.6	40.0	0.0	0.0	
17.5	14.0	8.5	149.2	151.1	2.0	0.0	0.0	
20.0	16.9	7.9	212.1	112.1	68.0	0.0	0.0	
23.5	19.5	7.5	175.4	107.4	69.0	0.0	0.0	
32.5	29.0	14.5	288.8	132.3	53.0	0.0	0.0	
30.1	25.7	9.4	155.4	127.2	83.0	0.0	0.0	
36.6	32.6	16.8	283.3	118.7	97.0	0.0	0.0	
30.5	26.5	12.7	250.8	154.2	42.0	0.0	0.0	
30.6	25.5	7.9	199.6	123.0	49.0	0.0	0.0	
33.4	30.4	11.3	236.7	65.8	92.0	0.0	0.0	
20.8	18.0	20.9	334.3	97.8	98.0	0.0	81.3	
