01	31	2011
56.1	50.6	11.1	226.9	82.0	13.5	136	0.0
36.4	23.7	7.0	253.8	235.1	95.8	0	0.0
35.5	18.2	1.3	63.8	236.0	97.9	0	0.0
41.7	25.2	2.1	83.8	147.0	71.9	0	0.0
46.6	40.6	4.0	106.0	91.3	7.3	2	0.0
42.7	30.9	8.2	296.8	208.7	49.6	0	0.0
47.5	28.9	11.2	247.5	218.7	80.2	0	0.0
37.8	18.2	10.0	250.4	241.6	100.0	0	0.0
27.0	13.9	8.3	60.1	153.6	51.6	42	106.8
32.3	29.3	5.7	56.9	85.5	0.0	17	43.2
32.2	27.1	9.1	248.1	90.4	26.6	1	2.5
23.2	13.4	9.0	314.8	131.7	61.5	0	0.0
25.1	15.0	3.8	146.7	245.8	80.2	0	0.0
30.4	16.0	0.9	51.7	251.0	94.8	0	0.0
36.5	21.1	2.0	102.1	107.7	40.1	0	0.0
39.2	29.4	1.2	50.8	235.7	91.2	0	0.0
46.6	33.9	3.1	70.8	182.4	41.7	0	0.0
47.5	44.1	4.8	140.0	95.1	5.7	0	0.0
41.7	37.6	7.1	234.6	91.4	1.0	1	0.0
40.2	35.7	5.0	161.8	115.2	2.1	4	0.0
30.9	17.8	9.7	293.6	265.6	80.7	0	0.0
32.2	10.3	4.7	239.2	265.1	63.5	0	0.0
36.0	21.5	1.9	54.6	269.6	96.9	0	0.0
47.6	24.4	4.2	80.4	216.4	60.4	0	0.0
42.2	38.1	5.5	104.4	96.4	0.0	40	0.0
38.6	31.1	9.6	246.0	221.2	46.4	0	0.0
41.2	28.2	4.4	112.9	280.8	100.0	0	0.0
45.9	30.0	4.2	135.0	283.6	100.0	0	0.0
52.6	33.5	4.2	87.9	286.4	100.0	0	0.0
57.5	45.3	4.9	174.8	179.9	52.1	0	0.0
55.5	50.7	4.5	106.6	104.3	1.4	27	0.0
02	28	2011
55.5	51.5	12.6	152.0	103.3	2.1	41	0.0
33.0	21.9	11.3	305.6	246.4	46.9	0	0.0
29.8	21.8	7.4	110.6	122.7	40.6	28	70.5
37.5	34.8	5.7	74.3	106.6	0.0	36	10.2
35.6	30.1	8.4	207.6	107.8	19.8	0	0.0
38.6	27.1	2.3	72.1	311.1	100.0	0	0.0
40.2	32.6	9.5	193.5	124.5	27.1	2	0.0
36.4	22.3	7.7	216.0	308.0	59.4	0	0.0
35.7	22.0	6.8	154.5	231.8	50.0	5	12.5
27.6	23.0	7.2	162.5	148.3	34.4	0	0.0
31.8	14.0	3.6	197.9	328.3	100.0	0	0.0
38.6	22.0	3.1	137.1	331.8	100.0	0	0.0
48.2	24.4	5.7	148.8	335.4	100.0	0	0.0
53.5	34.4	5.5	186.2	339.1	100.0	0	0.0
53.4	28.0	4.0	75.8	342.7	100.0	0	0.0
57.1	36.7	5.9	124.2	313.6	59.4	0	0.0
57.8	45.2	5.6	115.8	322.5	92.7	0	0.0
62.7	54.4	6.2	197.0	178.7	27.3	0	0.0
62.9	48.8	2.7	57.9	249.3	54.7	0	0.0
64.0	39.2	8.3	127.5	239.5	75.0	0	0.0
67.4	52.3	11.7	221.8	250.4	24.0	0	0.0
59.9	43.7	7.5	264.0	362.3	63.5	0	0.0
58.3	33.4	4.8	110.4	264.3	63.5	0	0.0
66.4	51.0	13.5	159.2	254.6	35.4	0	0.0
53.6	46.5	9.8	235.1	259.4	44.3	63	0.0
56.5	41.1	5.6	118.8	386.0	100.0	0	0.0
68.3	59.2	11.6	187.4	225.1	39.4	0	0.0
67.2	59.8	16.4	247.1	183.0	16.7	45	0.0
03	31	2011
51.2	36.9	6.1	162.3	398.6	75.5	0	0.0
55.8	42.0	1.4	38.3	398.2	97.9	0	0.0
63.7	37.1	9.5	107.9	406.0	95.8	0	0.0
59.7	47.9	13.0	125.4	271.6	28.1	18	0.0
57.0	54.3	11.4	171.4	154.4	1.6	147	0.0
40.2	35.6	12.6	327.8	147.0	0.0	10	0.0
44.9	34.2	5.5	70.2	406.8	55.2	0	0.0
52.9	42.1	10.3	109.9	171.8	31.2	50	0.0
57.7	55.0	10.0	185.3	221.1	5.2	194	0.0
43.1	36.5	10.5	291.0	153.0	5.6	0	0.0
45.0	31.5	5.2	217.1	440.6	96.9	0	0.0
56.0	37.3	5.5	132.9	445.6	100.0	0	0.0
61.0	50.0	4.2	168.8	280.1	65.6	0	0.0
60.7	52.5	6.9	161.9	288.1	46.9	62	0.0
52.7	45.1	8.1	259.6	356.1	45.8	18	0.0
51.9	41.0	3.4	143.3	426.3	58.3	0	0.0
62.0	41.5	3.6	85.8	466.8	100.0	0	0.0
67.9	51.7	5.1	156.2	460.0	96.9	0	0.0
69.0	56.0	2.2	108.3	424.1	80.2	0	0.0
71.8	54.2	7.4	105.8	445.6	87.5	0	0.0
69.5	51.3	7.5	180.4	452.6	91.7	0	0.0
71.1	54.9	9.8	215.6	464.9	81.9	0	0.0
71.6	57.4	13.2	232.7	337.7	38.5	14	0.0
57.7	37.2	10.5	270.0	495.7	100.0	0	0.0
54.5	36.6	3.1	63.3	485.9	84.4	0	0.0
66.6	58.9	8.5	174.9	265.1	17.8	48	0.0
52.5	49.6	7.5	193.1	177.7	1.7	17	0.0
52.3	48.3	6.4	112.1	179.1	8.3	24	0.0
52.9	48.7	5.9	114.7	180.4	10.2	33	0.0
53.9	52.0	7.1	231.9	181.8	4.9	38	0.0
46.2	39.3	5.8	208.8	247.2	8.3	0	0.0
04	30	2011
53.4	42.8	7.4	232.4	370.3	26.6	1	0.0
58.6	39.5	4.7	133.8	529.4	84.4	0	0.0
68.0	46.4	10.0	138.8	534.6	100.0	0	0.0
68.5	59.2	17.1	210.3	277.3	12.0	87	0.0
49.9	32.4	7.9	237.6	540.1	91.0	0	0.0
58.3	33.6	7.8	122.1	545.5	100.0	0	0.0
65.3	53.3	6.0	143.1	381.7	67.0	0	0.0
74.5	66.4	8.9	217.7	308.7	34.9	3	0.0
76.8	63.0	7.6	188.4	536.8	73.1	0	0.0
75.6	63.0	8.2	195.1	492.6	63.4	0	0.0
73.1	62.3	14.5	214.9	448.4	33.8	29	0.0
62.3	47.8	9.7	278.5	546.2	89.6	0	0.0
61.2	44.6	2.0	98.3	570.6	100.0	0	0.0
66.5	46.6	4.0	91.2	574.0	100.0	0	0.0
64.2	56.4	10.4	148.3	240.4	11.0	74	0.0
56.2	40.3	12.2	259.6	428.1	70.8	0	0.0
57.3	39.7	2.0	57.5	584.1	100.0	0	0.0
66.7	49.0	6.7	143.8	451.2	71.9	0	0.0
73.0	63.4	11.3	179.2	443.8	51.6	0	0.0
68.7	62.4	9.6	184.2	317.3	18.4	50	0.0
65.7	61.8	2.4	84.9	333.1	37.3	13	0.0
73.7	62.1	7.6	137.1	490.6	67.7	0	0.0
74.4	62.0	9.8	185.7	452.8	61.1	0	0.0
74.8	62.3	7.8	172.4	547.2	68.0	0	0.0
74.7	63.0	9.8	174.2	528.7	79.2	0	0.0
74.9	65.0	13.4	175.4	377.0	26.6	0	0.0
73.4	65.2	15.7	194.4	369.0	16.5	75	0.0
61.3	47.2	8.0	256.9	518.7	53.6	0	0.0
63.9	48.1	2.6	135.8	619.8	100.0	0	0.0
69.7	49.8	6.0	114.2	622.4	100.0	0	0.0
05	31	2011
72.7	59.7	6.4	130.0	560.7	86.5	0	0.0
75.3	62.3	7.6	147.5	490.9	59.4	0	0.0
57.7	54.3	9.6	247.9	221.0	26.0	30	0.0
55.3	42.9	5.1	157.5	626.1	91.9	0	0.0
57.0	40.7	3.6	59.6	634.9	100.0	0	0.0
62.0	46.7	4.9	138.8	565.2	85.4	0	0.0
67.7	50.5	3.5	75.0	630.5	96.9	0	0.0
72.6	61.9	5.4	182.2	472.4	74.0	0	0.0
76.3	64.2	2.8	85.0	562.7	83.3	0	0.0
77.1	64.2	3.7	114.2	591.3	89.6	0	0.0
77.9	65.3	3.3	80.4	591.0	87.5	0	0.0
76.8	64.8	4.2	116.7	602.4	87.5	0	0.0
69.2	64.1	6.8	171.8	320.0	46.0	24	0.0
62.9	56.9	9.7	270.6	242.7	5.6	3	0.0
57.7	50.4	8.9	289.6	229.6	0.0	0	0.0
55.9	48.3	9.8	311.0	255.3	9.1	0	0.0
56.6	44.5	6.8	210.0	471.9	67.7	0	0.0
58.9	46.8	3.4	134.2	512.2	78.1	0	0.0
69.4	51.0	3.1	60.8	663.2	100.0	0	0.0
75.5	54.0	3.0	86.2	638.4	84.4	0	0.0
77.0	63.2	4.5	118.2	619.7	72.0	0	0.0
80.9	63.5	5.0	141.2	653.1	94.8	0	0.0
79.9	64.8	8.5	207.5	651.9	88.5	0	0.0
78.9	64.6	8.8	189.0	538.8	67.4	0	0.0
81.0	62.7	13.3	187.5	614.2	75.0	0	0.0
74.9	66.5	9.2	174.8	466.7	32.5	8	0.0
70.9	60.3	3.1	155.1	647.9	77.5	0	0.0
78.8	60.4	4.0	104.6	671.4	97.9	0	0.0
81.7	63.3	4.6	96.0	667.5	95.1	0	0.0
83.9	64.5	2.3	59.2	557.0	76.0	0	0.0
84.1	66.2	3.8	102.5	590.5	85.4	0	0.0
06	30	2011
84.0	68.0	4.5	65.4	665.4	94.8	0	0.0
86.5	69.1	3.0	75.0	646.6	90.6	0	0.0
86.3	68.8	3.7	131.2	625.6	88.5	0	0.0
84.5	67.0	5.2	52.5	654.9	93.8	0	0.0
84.3	66.9	3.7	123.3	666.3	92.7	0	0.0
84.8	61.2	4.8	45.8	657.2	92.7	0	0.0
85.2	61.6	4.7	75.0	659.9	92.7	0	0.0
83.9	63.2	5.5	137.5	597.6	81.2	0	0.0
82.8	63.8	3.2	122.1	666.1	85.4	0	0.0
80.0	66.1	3.2	114.2	526.5	68.2	21	0.0
79.3	66.1	3.8	75.0	582.1	79.2	0	0.0
82.3	65.2	3.3	105.4	614.7	79.2	0	0.0
82.9	65.5	5.2	197.1	636.0	88.5	0	0.0
84.2	65.5	3.5	115.0	635.9	87.5	0	0.0
85.8	64.8	7.3	151.2	576.2	71.9	0	0.0
82.6	62.8	7.0	156.9	603.1	72.4	0	0.0
74.8	67.3	5.3	123.2	436.7	54.3	66	0.0
83.5	69.8	9.1	183.1	544.5	61.1	0	0.0
87.9	68.2	9.5	212.9	635.6	79.2	0	0.0
86.7	68.2	9.2	204.6	601.2	70.8	0	0.0
80.4	69.8	9.1	183.7	512.6	61.4	31	0.0
75.6	69.6	7.5	162.5	422.1	46.7	51	0.0
78.4	71.0	8.4	231.5	535.6	52.3	31	0.0
78.3	69.0	7.6	187.3	535.2	57.6	10	0.0
80.2	66.8	2.0	62.1	654.4	87.0	0	0.0
80.2	67.5	5.0	131.5	520.2	76.0	0	0.0
82.0	69.8	4.5	146.0	523.1	72.4	0	0.0
75.8	68.8	5.7	134.5	394.7	63.4	3	0.0
76.6	67.7	5.3	144.1	518.0	50.3	0	0.0
79.2	63.5	3.0	80.4	686.8	97.9	0	0.0
07	31	2011
83.5	65.4	3.7	46.7	639.9	87.5	0	0.0
84.8	65.4	2.4	23.8	677.9	97.9	0	0.0
84.2	68.7	4.0	98.3	595.7	72.9	0	0.0
78.8	70.5	5.0	145.5	541.7	74.3	73	0.0
77.9	69.2	3.6	157.6	596.9	61.8	80	0.0
78.9	70.6	1.9	97.4	506.7	53.6	0	0.0
80.3	70.8	2.3	68.3	520.4	71.9	1	0.0
83.3	71.3	4.0	147.9	534.3	67.7	0	0.0
85.2	73.3	5.6	180.6	552.7	65.1	2	0.0
82.0	74.2	2.4	67.1	505.6	45.8	49	0.0
84.8	75.2	3.2	93.1	606.5	62.1	1	0.0
85.1	73.7	4.1	126.7	616.6	77.1	0	0.0
80.1	72.8	4.3	159.4	526.8	66.5	11	0.0
81.9	72.0	3.5	32.5	563.0	61.1	0	0.0
77.4	72.3	5.2	74.0	335.4	18.2	23	0.0
76.3	69.6	7.7	88.2	271.1	15.6	5	0.0
79.4	68.3	6.1	93.8	448.7	46.0	0	0.0
81.4	67.1	3.0	46.2	577.1	83.3	0	0.0
83.5	70.4	2.2	102.1	611.5	83.3	0	0.0
82.2	73.1	5.1	156.7	544.5	53.3	73	0.0
79.3	74.1	2.8	136.2	446.8	38.2	46	0.0
83.2	71.0	4.8	136.2	592.6	79.2	0	0.0
81.4	72.9	5.1	140.0	440.1	45.1	0	0.0
80.6	72.9	4.7	165.3	400.2	32.5	45	0.0
79.7	73.3	5.3	163.0	296.3	20.2	96	0.0
82.2	72.3	2.0	74.2	581.1	79.7	0	0.0
84.4	72.1	3.7	60.4	633.3	89.6	0	0.0
81.9	72.2	6.0	151.6	581.7	56.8	0	0.0
82.0	71.9	3.3	166.2	485.4	65.1	0	0.0
83.6	73.4	4.2	115.0	587.1	78.7	0	0.0
84.5	74.3	3.7	187.9	588.2	76.0	0	0.0
08	31	2011
85.7	73.0	3.4	94.2	627.0	91.7	0	0.0
85.8	72.0	1.2	69.6	623.4	90.6	0	0.0
89.6	71.2	4.4	168.3	630.4	91.7	0	0.0
78.2	70.5	5.6	139.2	353.1	42.2	3	0.0
80.0	71.8	4.0	136.7	541.4	71.9	0	0.0
84.2	71.8	3.8	146.2	627.2	95.8	0	0.0
84.7	71.7	7.3	216.4	558.3	72.1	25	0.0
79.0	72.5	5.0	143.4	547.4	75.9	2	0.0
81.7	71.2	6.8	261.2	499.6	76.0	0	0.0
82.3	71.6	4.1	195.0	618.5	89.6	0	0.0
79.4	72.5	3.5	129.4	487.8	54.7	2	0.0
81.3	70.8	2.5	97.1	565.9	82.3	0	0.0
81.6	69.6	2.6	67.5	553.5	75.0	0	0.0
80.5	68.0	6.5	249.4	538.7	71.9	0	0.0
74.5	62.0	5.6	197.5	559.6	86.5	0	0.0
78.4	62.3	3.4	87.5	584.9	90.6	0	0.0
80.2	62.4	1.3	35.0	582.8	78.1	0	0.0
81.5	64.4	2.9	94.6	559.5	90.6	0	0.0
84.1	67.2	3.0	90.0	534.8	59.4	0	0.0
83.9	69.9	2.1	84.4	482.9	77.1	2	0.0
84.9	70.6	2.9	155.0	597.1	92.7	0	0.0
86.3	69.5	4.0	104.6	526.9	78.1	0	0.0
86.5	61.2	4.9	105.4	583.0	93.8	0	0.0
86.1	62.5	3.9	73.3	548.5	84.4	0	0.0
86.2	64.8	2.7	110.0	528.3	84.4	0	0.0
87.0	67.7	4.9	172.5	549.5	86.5	0	0.0
81.4	59.7	6.8	154.2	591.5	100.0	0	0.0
79.4	59.5	5.8	127.9	588.4	100.0	0	0.0
80.5	56.2	4.8	106.2	585.3	100.0	0	0.0
84.9	56.8	5.9	73.3	543.8	90.6	0	0.0
84.5	69.0	6.2	87.4	505.7	85.1	0	0.0
09	30	2011
86.0	66.8	3.3	58.8	508.1	74.0	0	0.0
85.4	63.3	2.8	42.3	512.6	87.5	0	0.0
84.5	61.2	6.0	88.8	553.6	96.9	0	0.0
75.2	69.2	6.9	107.2	217.6	18.1	51	0.0
68.9	67.9	13.3	175.8	223.2	3.1	450	0.0
58.5	56.7	11.1	298.6	195.4	0.5	31	0.0
64.2	57.3	5.8	264.4	211.8	3.1	0	0.0
69.5	56.3	4.5	209.2	497.2	47.9	0	0.0
69.1	54.2	2.8	123.3	542.3	97.9	0	0.0
70.2	53.1	2.1	98.3	534.8	95.8	0	0.0
71.3	58.2	1.8	45.8	486.1	77.6	8	0.0
74.5	61.6	2.8	107.1	487.5	86.5	0	0.0
75.6	59.8	1.8	60.0	515.0	92.7	0	0.0
76.7	59.7	3.4	95.0	499.2	84.4	1	0.0
65.2	59.5	9.0	239.7	183.8	14.8	0	0.0
66.6	57.2	4.0	95.8	475.1	88.5	0	0.0
70.8	57.3	5.2	61.2	517.3	100.0	0	0.0
72.7	59.5	5.4	95.4	494.2	95.8	0	0.0
71.3	60.7	6.2	105.4	433.2	51.0	6	0.0
67.6	65.1	3.6	49.7	224.1	20.6	228	0.0
74.9	67.8	1.5	67.6	326.6	38.5	0	0.0
76.0	67.7	3.3	106.7	368.6	37.5	0	0.0
68.2	62.7	5.3	151.6	239.7	40.7	0	0.0
65.2	53.5	1.9	63.3	489.7	97.9	0	0.0
73.9	60.3	5.2	105.4	462.8	79.2	0	0.0
73.5	67.8	8.6	193.5	208.5	44.8	6	0.0
70.6	64.5	5.0	165.6	332.4	30.6	4	0.0
72.3	62.2	2.1	111.6	429.4	76.0	0	0.0
71.4	60.0	2.2	84.2	419.7	87.0	0	0.0
66.2	48.0	7.8	269.2	465.0	91.7	0	0.0
10	31	2011
56.5	41.2	6.4	117.5	461.3	100.0	0	0.0
55.5	40.5	4.0	120.0	457.3	100.0	0	0.0
58.5	41.9	3.0	104.2	453.3	100.0	0	0.0
62.8	47.2	2.0	47.5	449.2	100.0	0	0.0
67.0	52.1	1.2	42.1	445.2	100.0	0	0.0
71.3	53.8	5.1	68.3	441.1	100.0	0	0.0
70.5	51.8	6.4	68.3	437.0	100.0	0	0.0
70.2	54.2	8.4	80.8	416.6	94.8	0	0.0
67.0	53.5	8.5	66.2	369.5	71.9	0	0.0
69.0	58.5	10.5	62.1	187.6	32.3	3	0.0
63.7	60.0	6.3	47.6	147.2	1.0	3	0.0
64.2	59.2	1.9	91.9	145.8	2.1	0	0.0
67.0	56.6	9.8	240.6	311.6	48.4	0	0.0
64.0	47.8	3.0	108.3	408.2	100.0	0	0.0
63.1	47.7	2.5	76.2	404.1	100.0	0	0.0
65.8	49.0	2.2	82.5	400.1	100.0	0	0.0
68.6	54.3	2.2	85.4	396.0	100.0	0	0.0
66.5	58.3	6.8	173.3	250.5	45.3	10	0.0
49.6	40.8	12.9	290.0	159.5	2.1	1	0.0
49.2	37.6	8.8	204.6	289.3	71.9	0	0.0
49.8	37.2	2.9	114.2	379.7	100.0	0	0.0
51.5	38.3	1.8	111.2	375.7	100.0	0	0.0
56.3	43.6	1.8	66.7	336.2	62.5	0	0.0
62.2	49.9	3.1	124.6	367.8	79.2	0	0.0
61.7	46.2	1.8	39.2	363.8	100.0	0	0.0
63.4	47.5	4.0	85.4	359.9	100.0	0	0.0
62.8	53.6	5.8	180.0	235.7	46.9	0	0.0
52.6	48.5	7.7	270.5	123.2	5.9	3	0.0
48.1	34.9	6.5	199.8	348.3	94.8	0	0.0
49.0	33.3	3.6	72.9	344.5	100.0	0	0.0
51.8	36.2	1.6	80.4	333.8	97.9	0	0.0
11	30	2011
54.2	36.9	2.0	20.8	337.0	100.0	0	0.0
57.6	35.1	4.4	101.2	333.3	100.0	0	0.0
53.4	44.9	11.2	221.2	128.0	24.0	15	0.0
51.4	41.9	9.1	215.0	313.5	59.9	0	0.0
54.9	39.8	6.2	86.2	322.5	100.0	0	0.0
56.9	43.4	6.8	103.8	308.6	88.5	0	0.0
63.1	49.0	4.6	90.4	263.1	70.8	0	0.0
66.8	50.0	7.2	124.2	234.4	61.5	0	0.0
59.3	52.8	5.9	203.5	117.2	45.5	8	0.0
46.8	29.4	9.2	292.1	305.4	100.0	0	0.0
44.3	27.7	1.8	65.0	302.1	100.0	0	0.0
52.2	31.0	5.3	117.1	298.9	100.0	0	0.0
64.7	48.6	11.0	177.5	235.3	77.1	0	0.0
68.2	62.9	10.6	187.5	113.0	1.0	2	0.0
68.6	65.8	7.3	170.7	101.4	1.3	56	0.0
66.0	61.0	10.4	254.2	164.9	6.3	19	0.0
45.5	28.6	10.0	231.7	283.8	82.3	0	0.0
47.3	23.8	6.8	93.8	280.9	94.8	0	0.0
59.2	45.0	7.6	125.6	145.4	9.4	0	0.0
64.4	59.9	3.6	98.4	123.8	21.0	0	0.0
66.4	61.6	3.1	94.9	170.8	56.4	0	0.0
65.0	60.4	7.4	184.1	95.9	34.7	69	0.0
53.5	46.9	8.8	260.8	157.4	39.6	0	0.0
50.5	39.5	2.0	28.8	265.3	100.0	0	0.0
55.2	42.1	4.1	74.6	263.0	100.0	0	0.0
65.3	50.5	8.3	129.2	236.2	50.0	1	0.0
58.9	56.1	8.6	200.6	90.5	0.0	149	0.0
41.0	38.7	10.9	265.4	89.7	0.0	48	0.0
38.1	35.1	11.2	254.9	89.0	0.0	7	0.0
38.9	33.0	4.2	204.3	189.4	49.0	0	0.0
12	31	2011
40.7	30.7	0.8	5.0	250.6	100.0	0	0.0
44.7	33.8	0.5	26.2	248.9	100.0	0	0.0
53.6	32.2	7.0	93.3	247.2	100.0	0	0.0
61.2	46.5	11.2	129.6	206.6	77.1	0	0.0
63.9	57.8	10.1	157.9	123.0	27.8	7	0.0
51.5	49.5	7.1	295.0	85.0	0.0	124	0.0
39.7	36.6	10.7	289.6	84.5	6.8	35	0.0
37.8	30.1	3.4	150.0	239.8	83.8	0	0.0
40.6	31.0	2.0	112.1	237.3	96.9	0	0.0
37.4	27.9	6.5	123.3	235.4	96.9	0	0.0
41.3	27.1	3.9	42.1	236.7	83.8	0	0.0
48.5	39.0	5.2	75.2	82.5	11.5	0	0.0
52.8	46.3	1.5	17.5	203.5	89.1	0	0.0
59.8	45.9	5.8	119.2	234.1	90.6	0	0.0
63.5	57.5	6.5	155.4	88.8	12.5	8	0.0
54.3	52.9	6.8	248.6	81.5	0.0	2	0.0
41.9	32.4	6.1	204.2	226.9	61.5	0	0.0
41.8	30.0	1.4	18.3	231.8	100.0	0	0.0
47.3	34.2	2.8	70.4	231.4	86.5	0	0.0
60.7	56.2	6.3	125.2	80.9	6.8	1	0.0
60.7	57.5	6.6	148.2	137.2	39.9	30	0.0
54.9	52.5	5.9	165.6	80.8	5.2	61	0.0
46.8	41.4	8.1	245.8	80.8	0.0	0	0.0
45.8	37.3	5.8	102.1	220.4	56.8	0	0.0
47.5	45.0	2.2	85.5	81.1	21.9	51	0.0
45.9	37.2	5.6	61.7	204.7	58.7	12	0.0
45.6	41.2	12.5	249.3	90.2	21.9	32	0.0
40.3	32.6	1.6	90.0	231.9	100.0	0	0.0
44.2	33.5	2.8	88.8	232.3	100.0	0	0.0
54.7	45.5	7.0	134.8	175.9	62.5	0	0.0
50.7	36.4	2.5	82.9	233.5	97.9	0	0.0
