01	31	2010
45.6	35.8	10.9	308.5	204.6	53.8	3	0.0
38.1	25.0	9.1	235.8	216.8	78.1	0	0.0
34.2	15.2	7.3	198.3	208.6	64.6	0	0.0
32.4	14.6	10.2	340.8	125.8	30.2	0	0.0
29.6	10.0	6.2	308.8	264.3	95.8	0	0.0
32.6	13.3	4.2	202.5	261.4	91.7	0	0.0
41.7	33.1	9.8	203.6	157.2	24.0	21	0.0
29.4	14.5	14.0	345.4	172.0	29.2	0	0.0
27.4	13.5	11.4	343.8	272.4	81.2	0	0.0
28.4	13.3	8.4	295.0	273.9	100.0	0	0.0
32.4	16.0	4.1	190.4	270.1	85.4	0	0.0
40.5	23.2	6.8	269.2	275.2	96.9	0	0.0
37.0	22.7	3.4	70.8	236.1	62.5	0	0.0
44.8	34.2	3.9	89.6	215.2	51.0	0	0.0
51.5	41.7	6.9	72.1	164.3	36.5	23	0.0
59.7	56.8	13.3	126.0	99.5	7.8	156	0.0
52.1	46.4	9.1	261.6	100.2	2.1	0	0.0
51.9	44.4	2.9	167.5	263.7	64.6	0	0.0
51.4	45.7	3.0	99.6	285.3	72.2	0	0.0
59.7	57.6	7.0	117.4	113.4	14.1	331	0.0
66.6	62.2	10.9	212.3	243.7	35.5	13	0.0
56.9	47.9	3.5	183.5	297.1	96.5	0	0.0
55.5	51.4	12.8	100.8	146.6	30.3	6	0.0
62.5	57.4	12.6	202.5	128.7	28.6	45	0.0
52.2	33.0	8.4	271.7	304.5	97.9	0	0.0
50.9	29.3	6.5	249.6	307.1	95.3	0	0.0
46.5	28.8	4.1	55.6	309.8	97.9	0	0.0
50.6	35.4	2.4	31.9	141.6	42.2	0	0.0
58.4	51.4	10.4	119.5	152.6	15.9	106	0.0
42.6	37.4	11.7	322.3	136.3	7.3	0	0.0
38.4	28.6	9.1	145.7	216.0	39.1	0	0.0
02	28	2010
44.5	36.2	3.2	52.9	249.4	49.5	0	0.0
52.2	40.6	6.7	269.6	310.9	74.0	0	0.0
50.2	37.6	7.3	119.8	230.2	43.2	1	0.0
52.5	49.2	12.4	81.3	113.0	10.9	135	0.0
55.8	50.5	7.7	257.4	163.7	11.8	31	0.0
45.1	35.4	11.2	310.0	150.9	18.2	0	0.0
40.0	30.3	6.8	144.4	209.3	41.7	0	0.0
45.2	38.7	7.7	93.8	234.6	45.7	0	0.0
46.9	40.2	11.7	258.9	156.8	37.5	49	0.0
37.7	19.9	10.2	319.6	232.6	42.7	0	0.0
37.5	25.6	5.9	106.0	178.8	18.8	14	0.0
35.0	31.6	10.4	223.9	126.0	12.0	96	52.8
39.3	28.5	5.8	286.7	354.1	81.2	0	0.0
46.0	34.8	6.1	166.7	268.8	71.9	0	0.0
42.1	27.4	10.4	304.6	363.8	64.7	11	0.0
35.9	22.1	5.7	275.8	363.6	92.7	0	0.0
39.2	26.1	5.8	256.9	371.9	96.9	0	0.0
43.4	26.5	4.5	221.0	301.2	65.6	0	0.0
45.9	28.5	2.0	84.6	171.8	51.0	0	0.0
49.4	30.8	2.5	43.8	347.6	73.4	0	0.0
54.9	46.4	8.8	107.7	241.0	33.3	0	0.0
59.4	53.7	6.2	239.1	206.5	25.7	37	0.0
48.9	38.1	9.8	290.2	294.0	35.4	0	0.0
43.8	31.4	10.5	320.6	285.3	48.6	2	0.0
39.8	20.0	5.8	214.2	395.8	77.6	0	0.0
46.3	31.6	2.8	65.2	319.0	43.2	0	0.0
46.9	35.8	7.1	218.7	275.1	45.7	20	0.0
49.3	34.0	4.5	181.2	419.8	93.8	0	0.0
03	31	2010
49.3	41.7	10.5	101.0	195.3	33.9	125	0.0
42.6	36.7	12.0	321.3	149.9	3.1	3	0.0
44.6	29.8	8.1	312.9	417.2	72.4	0	0.0
43.0	26.5	5.7	227.9	436.2	100.0	0	0.0
45.7	24.7	4.1	115.2	334.9	61.5	0	0.0
49.2	24.6	4.8	76.5	443.8	91.7	0	0.0
51.4	30.0	2.5	58.8	360.3	55.7	0	0.0
56.5	37.8	4.8	138.3	282.0	31.2	0	0.0
58.8	53.0	12.0	129.8	185.7	16.7	1	0.0
67.6	62.5	12.4	160.4	212.8	10.2	3	0.0
66.3	59.6	7.7	130.1	331.5	30.2	41	0.0
62.6	46.3	8.3	274.1	408.8	57.8	0	0.0
55.2	37.4	8.2	244.8	383.6	74.0	0	0.0
56.8	39.4	6.5	214.6	403.4	69.8	0	0.0
55.0	41.4	9.0	278.1	380.6	71.9	0	0.0
50.9	39.5	6.6	275.6	336.1	47.9	0	0.0
50.6	43.1	5.1	261.5	175.7	6.1	20	0.0
54.3	43.6	5.6	289.8	299.2	39.9	0	0.0
55.4	42.0	3.4	99.2	418.0	86.5	0	0.0
58.6	50.3	11.5	99.0	334.9	38.7	62	0.0
48.3	38.5	11.9	220.6	296.8	13.3	32	0.0
47.1	36.2	6.3	208.8	295.7	26.6	0	0.0
57.2	44.5	5.2	160.8	460.7	78.1	0	0.0
58.7	53.1	5.9	97.7	353.9	53.3	0	0.0
61.9	57.2	8.3	187.4	247.2	25.6	5	0.0
57.1	43.8	7.4	242.5	447.1	71.9	0	0.0
58.3	50.3	10.0	107.2	355.3	48.4	0	0.0
64.6	50.5	8.0	248.5	416.9	36.8	0	0.0
57.3	39.1	10.0	311.7	486.2	84.4	0	0.0
57.9	39.0	4.7	214.2	536.4	99.0	0	0.0
61.1	48.0	6.3	202.2	539.9	100.0	0	0.0
04	30	2010
62.1	51.2	5.8	159.2	526.1	88.5	0	0.0
64.6	55.4	9.8	152.4	349.1	42.5	0	0.0
68.5	62.4	7.9	138.5	285.8	14.6	0	0.0
67.4	61.4	5.6	136.8	402.8	35.8	0	0.0
67.2	54.7	4.4	99.5	552.4	92.1	0	0.0
66.8	59.7	8.7	150.1	410.0	58.8	0	0.0
70.5	63.6	10.4	163.7	392.4	25.4	0	0.0
66.6	54.2	10.3	271.9	419.6	45.9	11	0.0
60.5	39.3	5.2	222.9	555.2	88.5	0	0.0
61.2	41.2	5.2	65.4	396.9	46.9	0	0.0
64.2	47.9	5.8	72.1	563.3	91.7	0	0.0
67.0	50.4	5.4	66.5	553.5	83.3	0	0.0
66.1	50.6	5.8	64.6	488.5	62.5	0	0.0
68.2	57.1	6.5	104.2	520.3	62.5	0	0.0
67.8	57.2	7.0	85.6	561.8	84.9	0	0.0
67.8	57.4	5.2	111.7	570.8	84.4	0	0.0
66.6	54.2	3.6	121.2	453.5	53.1	0	0.0
69.5	54.7	7.1	125.8	459.0	50.0	0	0.0
68.6	43.5	6.2	142.1	439.1	43.8	0	0.0
62.6	51.9	4.3	176.0	245.5	23.4	0	0.0
66.4	50.9	4.0	199.8	586.8	76.0	0	0.0
68.2	57.3	6.2	142.6	445.1	54.4	0	0.0
70.0	65.0	13.1	140.4	306.2	29.9	39	0.0
73.3	70.0	16.7	172.7	238.1	4.2	38	0.0
73.6	58.5	8.7	231.0	592.0	88.0	0	0.0
69.2	49.4	8.0	272.9	617.6	99.0	0	0.0
63.9	44.7	7.9	255.0	503.5	51.0	0	0.0
61.2	44.3	4.5	102.5	586.1	75.5	0	0.0
66.6	54.4	8.5	107.5	605.4	85.4	0	0.0
71.2	66.2	11.6	135.2	223.3	15.1	13	0.0
05	31	2010
75.6	71.8	15.6	147.3	231.8	0.5	1	0.0
77.9	72.2	18.6	168.5	274.9	4.2	3	0.0
76.7	69.2	9.2	121.9	448.1	24.5	71	0.0
76.0	64.7	4.7	71.1	576.0	54.2	8	0.0
75.3	65.2	3.7	133.1	521.4	78.1	0	0.0
74.7	66.0	3.9	130.2	475.2	67.5	0	0.0
76.5	67.6	7.6	189.6	533.6	63.2	0	0.0
72.3	61.0	7.7	284.0	303.3	47.6	0	0.0
62.8	44.0	8.0	55.8	579.7	75.0	0	0.0
72.3	53.1	9.3	116.5	528.7	53.1	0	0.0
77.4	68.8	9.8	159.2	535.7	35.0	0	0.0
77.9	70.7	10.2	142.1	481.7	35.4	0	0.0
76.8	68.4	8.1	140.1	441.4	53.8	0	0.0
77.0	67.7	6.3	116.8	473.8	46.6	0	0.0
75.6	68.4	7.3	114.6	334.6	23.4	104	0.0
69.6	67.0	4.0	86.6	379.9	29.6	84	0.0
74.3	66.2	3.7	177.8	477.0	53.5	0	0.0
74.5	66.7	4.8	188.7	540.3	41.1	11	0.0
75.2	67.0	3.7	118.3	517.8	50.0	0	0.0
78.3	69.6	6.9	159.6	560.2	59.9	0	0.0
80.1	69.8	7.2	156.0	562.3	48.4	0	0.0
80.5	71.0	4.5	116.0	488.6	61.1	0	0.0
81.5	68.9	2.2	107.3	556.5	57.8	0	0.0
82.7	66.7	3.9	184.4	632.7	71.3	0	0.0
76.2	68.0	6.5	120.3	539.4	49.7	28	0.0
75.5	68.0	4.1	124.1	500.8	49.4	0	0.0
79.7	65.0	4.9	261.7	560.5	69.3	0	0.0
78.5	66.5	4.2	218.8	548.3	68.8	0	0.0
74.2	66.5	5.5	104.8	508.7	55.8	17	0.0
72.2	68.9	4.7	101.8	420.6	35.9	85	0.0
77.2	70.3	5.4	154.2	485.6	42.3	48	0.0
06	30	2010
76.6	71.5	3.1	138.9	440.5	43.9	27	0.0
78.3	70.5	5.3	121.2	552.4	50.2	0	0.0
77.5	70.7	6.7	123.1	472.6	37.3	5	0.0
79.4	72.7	6.6	148.4	462.1	45.7	21	0.0
79.0	72.1	8.7	171.9	437.9	41.5	18	0.0
81.2	75.2	5.1	174.2	393.0	22.9	12	0.0
83.1	69.5	5.4	136.9	640.7	67.2	0	0.0
81.4	67.2	4.6	107.1	596.4	67.2	0	0.0
82.1	72.5	5.2	122.3	513.9	54.0	0	0.0
82.5	72.5	6.0	122.5	561.5	53.4	0	0.0
83.3	73.2	5.7	143.3	491.4	50.0	0	0.0
83.0	73.7	3.1	85.6	483.7	50.0	0	0.0
84.8	73.3	2.8	120.8	516.3	43.8	0	0.0
83.3	72.8	3.4	149.5	552.0	47.9	0	0.0
81.6	73.8	2.8	85.4	449.8	40.1	4	0.0
83.3	72.8	1.9	77.7	447.6	42.2	0	0.0
82.3	71.9	2.9	162.9	571.5	59.5	0	0.0
84.2	71.1	4.0	141.4	526.0	38.5	0	0.0
82.1	70.9	3.6	75.6	468.9	45.8	1	0.0
82.7	70.1	3.5	66.5	671.4	81.8	0	0.0
83.6	72.3	5.8	123.1	582.0	60.4	0	0.0
80.2	72.0	7.8	96.9	456.1	40.7	0	0.0
83.8	72.4	5.7	104.0	541.7	57.3	0	0.0
83.8	72.0	3.8	71.2	554.0	60.1	0	0.0
83.0	71.3	3.4	158.5	541.8	65.6	0	0.0
84.0	70.6	4.5	193.8	554.4	68.8	0	0.0
83.8	72.8	5.0	109.2	454.5	44.3	1	0.0
79.7	72.8	4.3	104.6	326.3	28.1	5	0.0
78.2	72.7	5.2	86.8	405.4	22.1	101	0.0
79.4	73.8	6.2	77.6	300.3	19.3	10	0.0
07	31	2010
78.4	73.9	3.4	61.5	398.4	24.0	0	0.0
81.0	73.6	5.2	126.2	540.5	39.1	14	0.0
81.3	66.3	9.2	74.8	556.7	56.2	0	0.0
80.7	67.5	7.9	93.3	532.5	56.2	9	0.0
80.0	72.8	7.4	103.7	443.8	37.9	1	0.0
78.6	73.3	8.4	101.4	376.5	26.1	29	0.0
81.9	73.2	6.2	108.7	520.0	41.0	0	0.0
83.3	72.7	4.0	160.0	595.6	64.6	0	0.0
82.2	73.2	2.9	119.4	511.4	58.0	40	0.0
82.5	73.2	3.5	193.4	501.6	52.6	0	0.0
82.5	74.6	4.8	176.2	467.7	45.3	2	0.0
83.6	73.7	6.7	215.4	531.4	56.2	0	0.0
85.0	74.2	7.3	242.7	517.2	52.1	0	0.0
85.7	73.0	5.3	232.9	526.1	55.2	0	0.0
83.6	73.9	4.9	185.0	416.5	37.5	5	0.0
81.0	74.8	5.5	154.4	415.3	37.2	42	0.0
81.5	74.3	5.7	121.5	439.4	36.5	6	0.0
78.0	73.6	2.6	105.5	356.2	33.9	62	0.0
81.7	72.5	3.8	80.4	437.6	49.0	0	0.0
83.0	74.3	4.7	93.7	435.4	46.0	1	0.0
84.0	74.5	4.4	88.3	575.0	66.7	0	0.0
84.0	73.2	2.9	63.3	625.3	70.8	0	0.0
84.0	75.2	2.5	61.7	458.8	37.5	19	0.0
82.3	76.6	3.9	39.0	309.6	21.8	49	0.0
81.3	76.6	4.8	86.7	401.5	29.2	23	0.0
83.1	75.5	5.8	118.1	436.7	39.2	15	0.0
82.8	72.5	4.3	160.8	539.2	46.9	0	0.0
82.5	70.8	2.9	173.8	610.7	78.1	0	0.0
84.2	72.0	6.4	257.1	563.1	59.4	0	0.0
86.5	74.8	5.7	273.8	561.0	50.0	0	0.0
87.8	74.2	4.6	230.4	555.9	62.5	0	0.0
08	31	2010
88.8	73.2	5.3	214.2	595.3	69.8	0	0.0
85.4	75.5	3.1	116.0	513.0	40.8	1	0.0
84.2	76.7	3.6	129.0	456.0	44.8	0	0.0
82.9	75.6	3.9	114.8	480.2	32.3	11	0.0
83.1	74.0	4.0	124.0	470.7	43.8	0	0.0
84.3	73.8	4.8	214.2	455.5	41.7	0	0.0
85.3	74.5	5.2	196.7	506.1	43.8	0	0.0
82.0	74.8	3.8	183.0	432.7	39.6	0	0.0
83.6	75.1	6.0	140.0	492.2	58.3	0	0.0
86.3	72.8	7.2	72.9	577.7	74.0	0	0.0
85.1	72.7	8.2	58.5	459.6	42.7	0	0.0
84.2	75.0	8.0	104.2	417.0	42.7	0	0.0
80.8	75.7	6.8	194.9	372.8	30.5	35	0.0
79.5	75.7	3.5	157.7	413.6	37.5	14	0.0
80.4	74.7	5.4	204.4	419.7	29.9	26	0.0
81.3	75.0	9.2	93.7	426.7	28.0	12	0.0
81.7	76.9	10.8	149.5	405.7	35.2	70	0.0
82.1	75.8	7.8	168.4	457.6	43.9	48	0.0
80.7	76.4	3.9	165.4	426.0	40.6	62	0.0
82.0	75.2	3.6	151.7	474.3	51.0	6	0.0
83.3	76.6	4.5	188.8	396.4	45.8	1	0.0
83.6	74.9	6.3	246.5	449.4	44.8	1	0.0
83.0	73.5	3.8	118.5	520.2	57.3	0	0.0
83.1	68.2	5.3	281.0	563.7	84.9	0	0.0
81.2	67.0	3.0	136.2	556.0	75.5	0	0.0
81.0	70.3	4.4	61.7	464.2	54.7	0	0.0
76.1	73.1	5.2	116.1	319.9	22.5	63	0.0
74.5	72.1	9.2	91.9	308.1	26.7	38	0.0
75.6	71.5	8.9	100.8	331.2	28.6	49	0.0
77.0	72.8	7.5	79.9	329.0	28.6	24	0.0
78.6	69.9	6.2	74.2	385.8	39.6	0	0.0
09	30	2010
79.2	69.8	6.2	90.4	525.8	73.4	0	0.0
79.7	67.8	3.4	88.3	522.0	77.1	0	0.0
80.4	67.7	3.9	234.2	507.3	66.7	0	0.0
77.1	62.5	5.8	127.1	457.3	62.5	0	0.0
76.1	58.3	4.0	67.3	548.3	77.6	0	0.0
79.5	70.7	4.8	104.6	430.8	72.9	0	0.0
81.3	72.7	4.7	77.3	483.2	67.7	0	0.0
80.1	72.3	3.1	67.6	390.2	59.5	0	0.0
80.6	71.2	2.9	74.8	456.6	55.2	0	0.0
81.2	73.1	4.3	142.1	379.5	51.6	0	0.0
82.1	74.5	4.0	135.2	409.5	52.4	0	0.0
83.9	69.7	7.3	165.4	521.0	79.2	0	0.0
77.3	57.3	5.8	128.8	529.0	86.5	0	0.0
78.7	64.7	3.7	89.8	470.7	72.4	0	0.0
80.4	69.9	6.2	90.4	428.4	65.6	0	0.0
78.8	69.4	5.5	95.8	404.0	54.7	0	0.0
80.1	69.3	4.1	59.9	451.8	49.2	0	0.0
81.5	69.2	2.5	55.4	474.2	71.3	0	0.0
81.6	70.3	3.6	103.3	402.6	52.1	0	0.0
81.4	70.0	3.7	113.8	373.9	42.2	0	0.0
80.0	69.0	4.0	72.9	437.1	63.5	0	0.0
78.4	69.4	6.2	82.7	378.3	65.6	0	0.0
79.4	67.9	7.6	93.3	417.2	68.2	0	0.0
78.5	70.9	4.7	81.5	331.3	55.2	0	0.0
78.5	70.9	5.1	100.6	341.3	44.5	65	0.0
74.7	70.2	4.7	132.4	304.7	21.4	85	0.0
68.8	58.4	6.2	298.5	462.5	66.5	0	0.0
66.9	54.8	2.8	130.0	421.2	72.4	0	0.0
68.5	51.2	6.5	161.2	482.5	95.8	0	0.0
68.2	50.3	8.2	287.1	478.8	96.9	0	0.0
10	31	2010
71.1	51.5	7.8	247.1	463.9	94.8	0	0.0
67.4	48.7	5.5	204.6	479.3	100.0	0	0.0
65.4	44.4	11.1	266.2	475.5	100.0	0	0.0
59.2	38.4	9.5	242.5	471.7	100.0	0	0.0
60.2	39.5	9.4	230.0	467.9	100.0	0	0.0
62.2	40.0	6.0	151.7	464.0	100.0	0	0.0
63.5	42.7	3.3	192.5	460.2	100.0	0	0.0
69.0	49.8	3.2	190.0	456.3	100.0	0	0.0
73.0	53.3	3.7	167.3	442.4	95.8	0	0.0
72.4	58.1	5.1	166.2	437.0	90.6	0	0.0
70.0	60.2	4.6	160.1	353.5	67.5	0	0.0
71.6	62.4	6.2	207.5	304.3	53.1	0	0.0
68.5	56.8	3.4	196.3	382.2	76.3	0	0.0
66.7	48.3	8.0	284.6	425.7	96.9	0	0.0
62.8	40.0	3.8	199.2	429.2	100.0	0	0.0
64.6	44.9	3.1	41.2	425.3	100.0	0	0.0
65.3	52.2	2.8	81.2	409.7	94.8	0	0.0
67.1	54.7	3.5	106.2	349.7	69.8	0	0.0
69.1	55.6	4.5	211.5	328.6	72.4	0	0.0
68.3	57.2	5.6	266.2	329.4	59.4	0	0.0
66.2	48.8	2.5	98.3	393.7	92.7	0	0.0
66.7	48.4	3.8	65.0	388.6	81.6	0	0.0
69.5	57.8	7.1	89.6	368.9	72.9	0	0.0
72.6	67.9	8.1	114.4	213.6	29.7	10	0.0
76.6	71.4	9.9	185.1	250.7	22.4	88	0.0
78.3	72.8	13.2	189.0	218.6	12.5	10	0.0
78.5	74.3	9.6	197.9	196.1	12.7	79	0.0
68.7	52.9	8.3	287.4	220.0	22.8	47	0.0
58.2	38.4	9.5	184.6	367.4	80.2	0	0.0
59.7	47.8	2.8	86.7	372.2	100.0	0	0.0
65.6	57.3	3.4	77.1	273.3	54.2	0	0.0
11	30	2010
67.5	58.5	3.3	86.2	308.5	50.2	0	0.0
68.7	64.6	10.3	92.4	197.2	16.7	12	0.0
64.8	62.2	8.3	91.4	174.9	6.2	112	0.0
58.2	42.5	14.2	326.2	316.2	53.1	0	0.0
48.9	32.5	8.8	313.8	332.9	90.6	0	0.0
47.1	28.1	6.8	243.8	347.6	96.9	0	0.0
46.5	30.6	4.5	49.6	344.2	99.0	0	0.0
51.1	36.0	1.3	48.8	340.9	100.0	0	0.0
55.0	42.9	1.4	69.6	337.1	95.3	0	0.0
56.6	45.5	1.4	45.4	216.8	65.6	0	0.0
60.0	44.8	1.8	15.0	289.5	71.9	0	0.0
61.3	50.4	3.8	83.8	308.9	82.3	0	0.0
61.0	51.9	3.7	92.9	223.6	57.3	0	0.0
64.9	60.3	3.9	105.7	196.0	24.4	31	0.0
63.2	62.0	5.6	131.4	140.2	21.7	119	0.0
62.9	55.1	8.6	246.1	216.4	46.1	10	0.0
51.5	40.7	2.8	51.5	313.4	100.0	0	0.0
57.1	48.4	4.8	163.8	199.6	42.2	0	0.0
61.0	50.0	8.3	70.8	198.5	32.3	0	0.0
63.9	57.6	3.5	116.0	207.8	43.7	0	0.0
67.6	60.6	7.0	116.9	223.8	40.6	0	0.0
69.5	65.6	7.5	136.6	195.3	28.1	2	0.0
70.9	66.3	6.1	154.1	188.7	23.6	0	0.0
70.1	64.1	6.2	123.9	225.4	41.0	0	0.0
72.8	66.4	10.0	169.7	167.0	21.5	0	0.0
55.7	53.3	11.1	289.2	104.4	20.8	23	0.0
43.2	30.3	6.9	125.8	288.5	96.9	0	0.0
48.3	35.4	6.5	77.5	189.2	69.8	0	0.0
64.0	59.1	10.8	122.1	118.7	9.8	3	0.0
58.5	54.7	12.6	256.5	105.5	7.8	63	0.0
12	31	2010
42.0	29.7	4.5	201.2	280.6	99.0	0	0.0
46.0	32.5	1.0	32.1	269.4	92.7	0	0.0
51.8	42.8	4.5	224.2	252.3	83.3	0	0.0
59.9	53.5	6.4	196.9	226.6	54.7	0	0.0
45.5	31.6	12.8	333.8	198.8	62.5	0	0.0
37.4	21.3	9.1	330.0	243.4	86.5	0	0.0
37.6	22.4	3.7	204.2	257.4	87.5	0	0.0
37.7	23.6	7.0	177.9	136.3	49.0	0	0.0
36.0	20.4	1.9	44.2	244.0	80.2	0	0.0
45.3	35.0	4.4	116.7	244.1	84.4	0	0.0
58.4	50.9	11.3	173.1	188.4	33.3	46	0.0
43.5	26.6	12.9	297.1	238.2	60.4	0	0.0
33.0	10.4	10.4	307.1	264.2	100.0	0	0.0
34.5	11.5	4.5	101.7	263.3	95.8	0	0.0
53.2	39.1	10.6	164.2	166.5	16.7	0	0.0
64.7	57.9	12.0	209.9	155.3	45.1	0	0.0
51.1	46.2	8.1	133.0	107.6	11.6	0	0.0
45.4	35.8	9.6	304.8	191.7	48.1	1	0.0
42.6	28.4	5.8	153.1	235.3	84.4	0	0.0
46.8	32.4	6.6	96.7	241.0	71.2	0	0.0
59.9	54.2	8.1	177.9	97.7	24.5	0	0.0
63.6	56.3	7.7	293.7	152.5	46.9	0	0.0
45.5	28.9	10.1	121.4	207.9	78.0	0	0.0
46.4	36.1	4.5	86.1	231.5	74.5	0	0.0
43.2	39.5	12.4	243.3	107.1	20.5	25	0.0
35.7	21.5	13.0	325.8	164.1	35.4	0	0.0
33.6	20.9	5.5	241.2	256.2	94.8	0	0.0
38.0	25.4	2.1	77.3	256.6	89.1	0	0.0
49.6	41.7	8.9	97.1	190.1	57.8	0	0.0
60.2	56.8	10.0	116.8	104.4	3.3	18	0.0
65.0	63.1	16.1	133.2	92.0	0.0	21	0.0
