01	31	2017
68.4	66.0	8.6	176.5	114.1	5.4	312	0.0
67.2	64.9	11.1	158.5	133.8	12.6	115	0.0
62.1	56.0	4.2	204.6	184.7	44.6	0	0.0
53.4	45.7	8.9	198.2	172.5	42.1	0	0.0
51.2	45.3	4.6	117.8	160.9	37.1	4	0.0
40.2	37.5	14.3	180.2	116.0	6.9	60	15.2
30.1	16.5	17.7	333.6	255.9	66.2	0	0.0
32.0	14.4	8.1	157.9	262.9	91.2	0	0.0
44.8	33.3	7.9	92.5	210.3	67.2	0	0.0
58.5	51.8	10.3	139.0	165.3	52.6	0	0.0
64.2	58.0	9.6	156.2	192.2	47.4	0	0.0
65.4	60.1	7.2	141.5	181.2	56.3	0	0.0
65.8	58.1	3.9	81.6	243.3	77.5	0	0.0
64.1	55.2	3.8	68.8	247.1	68.8	0	0.0
65.1	58.2	5.8	91.7	218.5	56.1	0	0.0
68.6	62.5	9.3	129.8	198.5	34.5	0	0.0
69.8	65.5	8.8	169.9	188.6	26.4	0	0.0
70.0	64.2	5.5	149.1	201.7	37.7	0	0.0
69.1	65.7	11.2	170.8	128.2	22.5	12	0.0
67.9	63.8	6.5	171.5	167.2	29.9	0	0.0
69.7	64.2	11.1	160.0	173.9	13.7	85	0.0
63.7	53.2	8.9	222.7	221.3	43.5	6	0.0
59.3	47.1	9.8	296.5	292.9	64.9	0	0.0
53.6	42.5	5.2	182.3	295.0	91.7	0	0.0
66.0	59.9	10.5	194.0	207.3	43.9	0	0.0
55.1	38.3	8.3	292.1	238.1	51.9	8	0.0
43.9	29.6	5.9	296.0	210.3	67.7	0	0.0
45.0	27.9	5.0	252.7	251.6	65.6	0	0.0
49.9	28.3	6.6	210.8	308.2	92.2	0	0.0
51.7	36.1	6.8	225.6	316.6	97.9	0	0.0
60.8	49.2	9.1	219.6	314.8	93.2	0	0.0
02	28	2017
61.5	51.4	7.5	167.1	264.9	79.2	0	0.0
61.9	53.7	2.9	96.3	270.1	79.4	0	0.0
52.9	46.7	8.2	194.7	175.7	42.2	0	0.0
46.4	26.5	5.1	67.5	324.1	92.7	0	0.0
56.8	47.0	4.0	103.5	261.9	74.0	0	0.0
64.0	56.4	6.7	126.3	267.4	66.0	0	0.0
64.8	62.5	9.2	183.4	144.5	21.3	41	0.0
68.8	65.3	9.2	226.8	192.3	24.1	0	0.0
55.7	37.7	12.6	220.1	263.1	59.2	0	0.0
54.3	43.1	7.8	123.2	330.6	69.6	0	0.0
65.7	61.2	7.8	171.2	165.6	44.0	0	0.0
70.2	63.0	6.6	209.0	291.6	44.1	0	0.0
64.2	44.9	8.0	65.8	360.6	74.3	0	0.0
63.6	51.4	6.3	104.5	244.8	43.0	0	0.0
55.0	46.9	10.2	291.5	193.4	38.3	0	0.0
49.7	34.4	4.8	162.1	354.4	87.5	0	0.0
52.5	44.4	4.0	146.2	229.7	42.0	9	0.0
62.8	56.9	5.4	136.9	271.1	53.6	6	0.0
64.8	55.0	3.0	96.3	360.3	86.4	0	0.0
67.6	59.3	9.8	113.1	297.2	60.0	0	0.0
63.0	60.3	6.2	108.1	172.7	13.9	31	0.0
62.1	56.1	6.6	273.7	249.4	48.9	0	0.0
64.7	57.9	5.6	138.2	384.5	77.2	0	0.0
67.2	62.2	7.7	166.4	293.1	56.2	0	0.0
62.6	37.4	10.2	306.0	377.5	66.2	0	0.0
54.0	32.2	8.0	90.4	412.4	100.0	0	0.0
63.4	55.7	10.7	112.6	262.6	37.5	1	0.0
69.8	65.5	9.7	152.6	180.8	9.7	1	0.0
03	31	2017
72.6	65.8	12.8	230.4	274.8	14.8	18	0.0
57.8	28.2	14.2	263.3	289.2	38.5	0	0.0
55.2	26.1	9.8	26.0	426.2	95.3	0	0.0
54.0	29.6	5.2	71.2	366.6	67.2	0	0.0
61.8	50.4	11.7	104.6	325.1	42.7	0	0.0
66.4	57.2	14.7	132.3	308.0	37.1	0	0.0
68.7	61.8	11.9	162.1	244.9	20.3	58	0.0
63.6	46.6	5.0	54.2	312.8	39.4	0	0.0
65.2	55.9	4.6	145.2	319.9	51.6	0	0.0
68.0	58.8	6.1	155.4	306.5	35.1	1	0.0
62.3	47.2	8.2	106.0	274.4	38.9	0	0.0
51.3	43.9	11.6	44.2	284.2	31.6	11	0.0
52.1	47.2	8.6	161.8	199.3	10.1	4	0.0
46.8	37.6	8.8	323.2	347.5	58.3	0	0.0
43.8	25.5	8.2	202.7	475.2	80.2	0	0.0
47.0	28.0	3.4	65.0	378.0	71.3	0	0.0
57.7	44.8	6.1	134.8	409.9	59.9	0	0.0
65.3	55.2	5.8	212.5	354.8	66.7	0	0.0
66.3	47.4	3.6	156.5	495.8	99.0	0	0.0
68.8	57.3	6.3	157.3	364.1	51.6	0	0.0
70.9	61.7	6.7	223.7	475.7	71.5	0	0.0
73.4	56.5	7.1	251.7	451.1	76.6	0	0.0
69.4	56.3	10.1	106.5	500.7	74.5	0	0.0
69.8	61.1	16.2	132.3	213.7	17.3	0	0.0
67.5	61.7	11.5	154.9	254.8	46.5	51	0.0
70.9	63.6	8.5	161.2	389.0	38.1	0	0.0
72.6	65.5	9.7	164.5	391.7	32.1	0	0.0
72.6	65.0	6.5	148.7	383.9	54.2	0	0.0
71.9	64.0	8.9	148.0	426.4	47.3	0	0.0
67.8	63.0	6.6	143.0	270.0	30.3	33	0.0
68.6	54.0	3.5	189.9	539.5	90.1	0	0.0
04	30	2017
69.1	54.5	3.4	67.5	513.8	88.5	0	0.0
70.3	62.5	11.6	104.1	344.2	39.0	0	0.0
70.3	65.0	12.0	175.9	406.9	38.9	131	0.0
72.0	60.6	6.5	137.1	459.9	58.3	13	0.0
76.7	63.3	15.6	235.4	378.5	40.5	2	0.0
60.9	36.1	10.2	301.5	548.5	91.7	0	0.0
58.7	34.7	6.7	282.7	502.6	81.8	0	0.0
58.7	37.3	3.9	135.8	562.2	95.3	0	0.0
62.5	47.2	5.6	98.3	570.5	97.4	0	0.0
66.7	56.5	7.1	94.8	478.2	69.8	0	0.0
69.1	60.2	5.4	101.1	420.8	61.8	0	0.0
68.5	60.8	3.0	115.8	409.2	52.0	14	0.0
70.1	57.0	4.6	55.8	421.6	58.3	0	0.0
69.2	57.5	6.2	76.9	395.3	54.7	0	0.0
69.9	61.8	9.9	118.5	464.0	69.8	0	0.0
71.8	63.3	9.1	131.8	468.8	62.8	0	0.0
70.7	62.0	5.2	105.6	441.0	57.3	0	0.0
70.2	58.6	5.1	76.7	423.4	55.9	0	0.0
73.0	60.2	6.9	109.0	492.2	69.6	0	0.0
73.3	62.5	5.9	112.2	564.6	81.6	0	0.0
72.2	60.4	5.5	113.8	515.5	68.0	0	0.0
73.7	63.4	7.2	176.2	443.5	53.4	11	0.0
63.2	54.1	8.8	272.6	392.4	20.5	4	0.0
62.7	49.8	7.7	219.1	515.4	62.9	0	0.0
66.7	54.4	5.7	137.1	522.0	74.5	0	0.0
71.6	62.4	12.5	148.5	393.3	36.8	0	0.0
76.0	66.3	9.4	210.0	498.6	32.5	5	0.0
78.8	72.2	15.0	153.2	318.6	12.8	0	0.0
78.1	71.3	17.6	144.3	333.3	13.4	0	0.0
75.4	70.4	18.2	152.2	271.4	26.9	134	0.0
05	31	2017
69.9	50.8	6.4	209.7	581.9	63.5	17	0.0
70.3	53.4	3.3	85.2	611.1	85.9	0	0.0
68.9	59.9	7.7	113.6	394.4	41.5	62	0.0
62.6	55.7	10.4	225.3	375.0	31.4	91	0.0
59.4	42.7	9.0	293.3	458.9	67.2	0	0.0
63.9	47.3	5.4	210.6	626.4	93.2	0	0.0
69.8	54.0	4.5	200.2	634.2	96.3	0	0.0
72.7	58.7	3.8	151.7	540.3	74.0	0	0.0
73.3	58.8	4.2	171.2	583.3	78.1	0	0.0
72.0	58.6	4.5	118.1	591.1	78.7	0	0.0
73.2	64.2	5.6	192.3	444.6	53.1	0	0.0
70.5	66.2	7.2	160.5	351.1	42.5	64	0.0
71.9	62.9	8.8	315.0	508.8	51.7	0	0.0
74.2	62.0	4.5	201.0	602.2	86.5	0	0.0
76.1	63.2	3.9	124.8	543.6	76.6	0	0.0
77.3	64.8	5.9	136.5	605.5	81.8	0	0.0
77.7	69.7	9.3	151.1	464.6	47.7	0	0.0
79.2	71.6	9.2	137.7	449.3	44.4	1	0.0
80.1	72.0	9.2	124.0	479.7	52.3	0	0.0
76.9	72.9	10.0	145.5	327.3	27.4	225	0.0
72.0	68.0	5.2	149.2	452.0	48.2	5	0.0
72.6	66.7	3.1	137.1	477.7	46.9	11	0.0
75.1	69.6	7.8	199.2	434.6	35.4	97	0.0
69.6	57.0	6.8	241.8	494.0	52.8	0	0.0
68.5	52.4	5.5	237.9	662.0	94.8	0	0.0
74.7	61.4	8.2	171.2	649.7	81.2	0	0.0
78.9	71.5	6.5	146.1	492.3	33.0	0	0.0
79.8	72.4	6.4	175.3	437.7	27.3	0	0.0
78.2	70.1	5.9	169.4	523.1	50.7	14	0.0
75.7	67.6	4.9	115.2	316.8	25.5	0	0.0
74.6	69.9	6.1	102.1	393.9	34.5	31	0.0
06	30	2017
75.2	69.9	3.6	77.6	408.4	35.4	10	0.0
78.3	70.6	8.0	131.7	474.6	31.1	3	0.0
75.2	71.8	6.1	152.1	320.5	13.8	31	0.0
77.2	71.6	5.4	121.7	417.4	32.9	21	0.0
78.7	71.8	8.2	151.9	427.1	35.1	18	0.0
75.5	71.1	7.8	65.7	364.7	24.2	77	0.0
77.6	65.7	11.8	248.4	480.2	48.3	2	0.0
74.8	58.2	6.3	224.2	528.1	63.5	0	0.0
74.5	60.0	4.1	77.5	570.1	62.5	0	0.0
77.5	65.2	5.5	85.4	607.3	74.0	0	0.0
79.5	71.2	8.1	119.9	518.9	55.2	0	0.0
78.9	72.7	6.8	118.3	497.0	35.2	24	0.0
75.9	72.0	3.1	79.7	441.5	38.2	14	0.0
78.2	72.5	3.1	95.4	505.4	56.0	0	0.0
76.0	71.3	4.8	181.5	430.6	46.5	64	0.0
78.1	70.0	4.5	186.1	496.5	43.1	11	0.0
73.3	69.7	4.1	167.6	374.2	29.5	38	0.0
79.0	72.2	5.1	123.7	529.5	62.5	7	0.0
79.7	71.9	6.4	77.8	441.0	51.8	0	0.0
73.6	71.1	12.0	68.4	351.4	12.4	163	0.0
76.2	74.7	16.1	108.6	298.1	7.4	157	0.0
80.3	75.8	18.7	167.0	295.8	8.2	85	0.0
81.7	75.5	12.4	184.6	432.2	21.6	0	0.0
80.4	74.7	4.8	185.6	518.7	42.4	9	0.0
80.7	70.2	6.9	138.7	538.9	54.2	0	0.0
77.1	62.8	6.3	54.8	547.2	61.5	0	0.0
78.4	66.4	4.6	62.3	466.2	45.3	0	0.0
77.7	71.2	7.0	130.0	442.2	38.0	9	0.0
75.5	73.2	6.0	154.0	355.4	26.2	147	0.0
81.6	74.6	6.7	191.3	557.0	49.1	0	0.0
07	31	2017
80.4	74.6	5.1	145.6	517.5	43.9	17	0.0
81.7	72.6	3.0	145.6	563.9	78.7	0	0.0
82.5	72.2	5.0	208.0	559.5	74.3	0	0.0
83.6	73.3	5.5	176.2	532.6	67.2	0	0.0
82.9	74.5	4.9	148.6	466.0	56.2	2	0.0
80.5	73.8	3.8	141.3	451.1	56.5	14	0.0
79.6	73.9	3.9	138.1	443.9	55.0	13	0.0
78.4	72.9	3.7	133.6	461.4	50.4	10	0.0
79.6	71.8	3.6	130.2	517.5	59.9	0	0.0
81.3	71.7	2.7	105.3	515.8	55.2	0	0.0
80.6	72.8	3.9	124.5	507.9	56.6	6	0.0
80.0	72.9	4.9	90.1	523.2	52.6	0	0.0
80.8	73.7	2.8	80.1	459.4	51.6	0	0.0
80.8	73.0	4.9	119.8	475.0	40.8	10	0.0
80.3	73.6	3.7	99.3	473.8	54.7	0	0.0
79.6	72.8	5.5	99.9	492.2	47.0	1	0.0
79.1	73.2	5.4	151.3	476.0	44.0	0	0.0
80.3	73.8	4.5	159.0	452.3	42.3	1	0.0
83.2	73.8	2.4	54.6	519.2	65.1	0	0.0
86.2	74.3	4.7	193.5	531.4	65.6	0	0.0
83.0	74.2	3.3	107.8	460.9	51.6	0	0.0
82.2	73.4	3.7	133.7	469.6	55.3	29	0.0
80.3	73.3	5.7	211.2	485.1	58.2	0	0.0
75.7	72.5	3.9	208.9	437.6	43.8	28	0.0
78.0	73.6	4.5	204.8	473.0	49.3	1	0.0
82.8	73.0	4.4	167.6	521.6	58.3	0	0.0
80.8	73.7	3.3	182.1	456.8	66.4	36	0.0
83.7	72.8	4.2	211.5	426.2	46.9	0	0.0
80.2	75.0	5.3	261.9	387.3	38.4	17	0.0
81.6	67.9	7.7	159.4	558.0	75.0	0	0.0
81.3	66.6	7.7	61.7	539.1	58.9	0	0.0
08	31	2017
79.0	63.9	3.4	34.0	489.1	58.9	0	0.0
80.3	66.2	2.4	30.6	498.5	47.9	0	0.0
75.6	71.3	4.0	79.7	362.6	32.6	33	0.0
76.7	73.8	4.3	134.1	324.2	24.7	219	0.0
79.1	74.0	4.3	126.2	442.9	52.1	8	0.0
81.9	74.4	7.4	167.3	458.0	52.1	0	0.0
82.4	74.7	5.8	159.7	497.3	56.2	0	0.0
78.7	73.8	3.0	73.2	413.7	47.0	56	0.0
80.3	75.4	4.1	103.3	461.6	45.0	30	0.0
79.4	75.2	3.8	106.5	406.6	48.2	15	0.0
80.0	75.5	3.8	143.2	418.8	51.8	25	0.0
81.5	73.9	3.5	201.8	507.1	50.1	0	0.0
82.5	74.2	4.1	190.0	499.3	63.0	0	0.0
81.4	74.5	4.5	188.2	404.8	46.9	1	0.0
79.2	75.6	3.7	164.3	357.9	44.6	1	0.0
81.9	74.5	3.4	113.8	449.5	54.7	4	0.0
83.6	74.2	4.3	164.8	529.3	74.5	0	0.0
82.8	74.8	4.7	194.9	474.8	61.7	0	0.0
78.6	72.8	4.1	184.2	445.7	57.3	10	0.0
82.8	73.2	3.5	83.5	517.4	72.9	0	0.0
81.3	73.9	3.4	79.4	484.5	68.2	0	0.0
79.7	74.6	2.7	86.5	419.1	55.7	12	0.0
80.8	73.0	3.7	125.6	456.7	57.8	0	0.0
82.2	70.6	6.9	83.6	443.5	52.1	0	0.0
81.3	67.7	4.7	85.6	429.9	51.6	0	0.0
81.3	73.5	5.6	52.5	403.6	50.0	0	0.0
81.7	70.7	8.0	47.9	457.1	62.0	0	0.0
78.5	67.9	8.8	57.9	443.8	57.8	0	0.0
73.3	69.5	9.8	61.5	249.9	25.4	192	0.0
79.3	75.3	11.7	146.0	311.9	26.7	158	0.0
81.2	73.2	14.1	197.6	424.6	50.9	23	0.0
09	30	2017
79.7	70.3	5.2	262.9	436.6	45.3	0	0.0
79.3	70.2	4.7	152.9	433.2	56.2	0	0.0
79.6	66.8	3.3	100.8	494.3	56.2	0	0.0
78.4	66.8	1.6	76.0	421.9	64.1	0	0.0
79.0	69.5	4.9	216.6	387.9	40.1	1	0.0
71.7	63.8	7.8	214.8	371.6	41.3	2	0.0
68.8	53.8	8.2	86.0	465.7	67.7	0	0.0
72.1	56.7	9.0	31.0	559.2	89.1	0	0.0
73.8	58.1	11.0	30.8	540.2	81.8	0	0.0
73.0	58.0	14.0	30.2	388.0	47.9	0	0.0
69.4	54.1	15.8	244.0	374.3	40.6	0	0.0
69.8	55.4	6.3	244.8	532.3	76.0	0	0.0
71.2	60.1	6.2	146.9	442.6	72.9	0	0.0
75.8	66.3	4.1	126.5	419.6	71.3	0	0.0
76.8	71.7	5.3	87.5	362.0	46.5	25	0.0
79.8	74.2	4.2	87.1	411.5	33.5	3	0.0
79.7	72.8	1.7	26.5	419.7	65.1	0	0.0
79.7	72.7	3.7	123.3	400.9	58.0	4	0.0
79.6	73.6	3.6	163.6	371.2	57.0	0	0.0
78.5	71.9	3.9	168.0	341.0	48.1	11	0.0
79.0	70.2	4.2	102.2	446.5	68.4	0	0.0
77.4	69.4	3.1	57.5	413.4	66.7	10	0.0
77.2	68.6	4.3	120.6	444.9	79.7	1	0.0
75.3	69.2	6.4	58.0	349.5	50.0	20	0.0
76.0	70.3	5.9	90.5	338.2	38.1	10	0.0
78.5	71.5	3.4	96.5	386.9	51.9	25	0.0
79.4	70.6	3.5	98.1	430.2	75.0	0	0.0
79.5	68.6	4.0	156.9	433.3	84.4	0	0.0
80.3	67.3	7.3	152.5	423.9	76.0	0	0.0
79.1	66.7	7.0	113.1	458.2	62.5	30	0.0
10	31	2017
75.0	65.8	11.6	68.6	320.8	23.6	10	0.0
73.6	66.3	11.6	81.4	220.5	14.8	1	0.0
76.6	63.6	10.3	70.4	391.7	70.8	0	0.0
74.6	63.0	8.2	57.5	337.9	70.3	0	0.0
75.0	62.0	8.0	46.9	414.6	81.2	0	0.0
78.2	66.6	9.3	78.1	393.1	65.6	0	0.0
78.5	74.5	15.3	100.5	273.6	29.4	159	0.0
78.1	74.2	12.9	178.6	257.1	30.9	75	0.0
77.8	75.8	6.9	126.8	215.7	34.1	90	0.0
79.5	75.3	3.6	104.2	319.2	55.0	15	0.0
79.2	73.8	3.4	129.6	328.8	58.3	148	0.0
78.3	68.7	7.6	59.7	397.1	77.4	0	0.0
77.4	68.9	4.8	108.5	347.8	53.5	21	0.0
78.1	70.8	7.2	107.6	374.4	60.4	0	0.0
76.6	72.4	4.6	87.6	300.3	42.1	5	0.0
66.5	57.5	12.2	242.1	246.8	28.6	11	0.0
63.4	52.4	8.9	29.4	416.6	95.3	0	0.0
63.0	50.2	6.8	50.6	407.7	92.2	0	0.0
68.5	58.1	5.8	40.8	373.3	78.1	0	0.0
70.6	60.7	7.2	67.1	309.8	54.2	0	0.0
74.1	66.7	10.2	94.1	282.4	53.5	0	0.0
69.2	67.2	6.8	110.1	150.1	21.9	200	0.0
64.3	55.3	7.4	271.3	371.8	60.7	1	0.0
59.5	42.9	6.6	267.5	392.2	97.9	0	0.0
53.6	38.1	4.8	243.1	388.7	97.9	0	0.0
57.9	45.8	3.8	113.8	384.7	99.0	0	0.0
66.6	60.5	4.9	88.8	195.3	39.6	0	0.0
53.5	47.2	8.9	296.9	230.2	44.3	5	0.0
47.3	34.4	6.9	252.1	375.9	100.0	0	0.0
55.3	42.0	3.1	129.2	365.7	95.3	0	0.0
61.5	51.5	3.0	127.9	338.6	83.3	0	0.0
11	30	2017
68.8	58.3	10.2	139.6	272.7	51.6	0	0.0
73.3	64.9	6.8	150.4	292.1	53.6	0	0.0
70.8	65.2	2.9	82.1	250.4	53.4	0	0.0
70.3	64.0	2.0	85.6	307.4	73.3	0	0.0
69.9	63.8	4.3	113.3	268.0	76.9	0	0.0
70.8	66.4	3.8	139.1	221.5	55.4	0	0.0
71.6	66.9	3.6	161.4	235.3	47.0	0	0.0
66.8	63.6	6.5	207.6	145.8	27.3	0	0.0
55.6	50.6	10.7	200.3	145.7	27.9	8	0.0
55.5	43.7	8.0	131.2	334.4	94.3	0	0.0
61.0	49.6	7.6	63.8	301.1	55.4	0	0.0
60.1	56.5	8.4	45.1	140.6	10.4	5	0.0
60.7	52.6	9.5	105.3	277.3	48.1	0	0.0
57.6	48.9	5.3	59.4	261.9	75.5	0	0.0
57.2	47.8	4.7	73.5	237.7	70.8	0	0.0
61.2	52.8	1.0	71.5	297.7	77.6	0	0.0
63.8	56.5	4.2	104.8	275.4	69.8	0	0.0
69.9	62.6	11.4	211.0	218.8	47.4	8	0.0
52.1	36.5	12.8	312.7	304.3	82.8	0	0.0
45.2	33.9	3.3	97.3	214.8	59.9	0	0.0
56.7	45.8	4.1	107.3	241.1	52.6	0	0.0
55.9	40.4	11.8	241.5	199.9	55.7	0	0.0
49.0	31.1	9.3	302.1	289.0	90.6	0	0.0
50.8	36.9	3.0	188.8	282.4	92.2	0	0.0
51.0	39.7	2.2	134.8	222.3	70.3	0	0.0
54.9	38.9	7.8	186.7	290.7	100.0	0	0.0
51.0	34.9	3.9	39.6	279.8	87.5	0	0.0
56.5	45.6	4.3	58.8	281.3	94.3	0	0.0
65.2	58.6	4.7	109.3	215.5	62.7	0	0.0
67.2	63.6	4.5	156.1	124.8	33.7	12	0.0
12	31	2017
63.0	58.9	4.8	189.9	180.0	16.5	0	0.0
60.7	55.1	3.2	100.6	270.4	76.5	0	0.0
58.5	52.6	4.1	31.7	222.4	78.0	0	0.0
64.5	61.0	8.0	110.0	133.0	35.2	0	0.0
68.1	63.5	9.3	209.6	186.3	36.1	4	0.0
44.7	41.4	12.3	185.7	117.7	9.6	50	0.0
43.4	37.8	11.0	200.4	117.1	7.6	10	0.0
36.9	34.3	12.0	273.2	107.3	5.9	71	37.7
36.9	28.4	5.3	274.0	265.2	86.5	0	0.0
41.7	31.1	2.2	93.5	267.2	100.0	0	0.0
49.6	38.9	6.2	227.0	229.5	81.2	0	0.0
51.2	36.2	8.5	307.3	262.3	95.3	0	0.0
46.2	31.7	6.3	195.6	212.2	76.0	0	0.0
51.6	41.3	4.1	199.4	179.3	43.2	0	0.0
46.0	35.2	8.2	280.6	136.2	43.2	0	0.0
48.7	32.4	5.8	76.7	195.2	35.4	0	0.0
63.3	59.3	7.1	116.0	110.2	25.6	61	0.0
65.5	64.0	2.0	70.9	110.4	38.7	10	0.0
68.2	66.7	4.6	124.3	117.5	42.4	0	0.0
68.8	65.7	9.4	194.0	142.1	36.5	33	0.0
60.8	55.6	4.3	94.8	249.9	81.9	0	0.0
70.5	66.4	9.3	157.3	180.5	41.4	0	0.0
68.0	62.8	11.1	255.3	143.0	14.0	2	0.0
54.8	44.6	7.8	255.6	222.4	47.5	0	0.0
42.1	26.5	10.6	126.9	200.6	67.2	0	0.0
46.0	33.1	6.6	63.3	139.6	32.3	0	0.0
44.0	41.1	12.2	82.1	112.9	8.7	18	0.0
41.0	36.0	8.8	162.1	115.3	7.3	7	0.0
42.8	30.1	4.8	119.2	238.2	75.5	0	0.0
49.7	38.5	3.4	132.7	147.5	19.6	0	0.0
42.1	38.2	13.1	197.5	108.1	16.5	14	0.0
