   1    31    1984
35.3	25.3	7.6	230.0	112.0	51.0	.0	.0	
32.4	29.3	5.4	230.8	153.0	51.0	.0	.0	
38.3	31.0	9.8	187.5	219.8	45.0	.0	.0	
45.9	35.2	7.9	254.2	250.2	13.0	.0	.0	
51.9	36.2	7.7	225.4	263.6	5.0	.0	.0	
46.3	32.1	6.2	169.2	247.5	3.0	.0	.0	
49.6	33.7	6.1	189.2	257.2	2.0	.0	.0	
50.2	33.4	8.6	179.2	246.5	6.0	.0	.0	
42.7	34.7	12.1	151.7	79.9	98.0	46.0	.0	
28.5	13.0	12.1	132.9	245.9	12.0	.0	.0	
28.2	15.0	9.0	127.1	209.7	62.0	.0	.0	
29.8	20.9	9.9	229.6	128.1	97.0	.0	.0	
24.3	14.4	8.1	225.8	235.2	60.0	.0	.0	
23.8	13.8	11.1	59.6	137.1	80.0	.0	.0	
26.4	20.4	6.1	165.0	126.5	98.0	.0	15.2	
24.3	14.6	6.9	296.7	256.0	21.0	.0	.0	
17.4	10.8	12.5	37.9	136.6	94.0	.0	114.3	
11.5	2.8	10.3	159.6	286.7	36.0	.0	2.5	
13.4	2.0	3.9	156.3	292.2	30.0	.0	.0	
10.9	.3	8.3	100.4	210.1	52.0	.0	.0	
18.8	5.8	9.1	147.1	315.6	13.0	.0	.0	
30.8	19.7	14.3	177.5	147.5	98.0	.0	5.1	
35.3	31.2	7.7	194.2	167.3	65.0	.0	.0	
34.2	29.8	6.5	182.9	285.7	29.0	.0	.0	
42.7	29.9	6.0	203.8	308.7	2.0	.0	.0	
46.1	31.3	10.9	222.9	307.5	14.0	.0	.0	
37.1	30.4	8.5	195.4	197.8	85.0	.0	.0	
47.4	33.3	8.1	258.3	283.6	30.0	.0	.0	
51.1	34.6	10.6	252.1	297.9	2.0	.0	.0	
40.7	22.4	9.6	290.8	247.5	18.0	.0	.0	
43.6	24.4	8.3	211.7	336.0	2.0	.0	.0	
   2    29    1984
49.9	29.6	10.3	182.1	338.0	2.0	.0	.0	
47.8	38.5	9.0	221.3	145.0	35.0	1.0	.0	
46.7	27.8	7.5	262.1	264.2	49.0	.0	.0	
44.3	25.4	9.3	310.4	281.6	34.0	.0	.0	
29.4	7.5	14.6	288.8	343.1	3.0	.0	.0	
33.2	10.6	8.7	222.1	360.1	2.0	.0	.0	
45.8	23.6	10.8	170.0	357.8	2.0	.0	.0	
48.3	28.3	12.7	165.8	326.0	37.0	12.0	.0	
48.3	41.4	10.1	200.4	177.9	80.0	10.0	.0	
50.2	41.7	6.3	123.8	327.8	18.0	.0	.0	
61.6	54.1	14.4	195.4	177.7	82.0	2.0	.0	
50.2	31.6	8.5	281.3	347.2	32.0	.0	.0	
51.1	25.0	7.0	236.3	369.5	5.0	.0	.0	
57.3	32.5	13.9	172.1	375.0	20.0	.0	.0	
58.3	41.5	19.1	185.0	207.9	61.0	.0	.0	
48.7	38.0	10.6	274.2	218.5	60.0	.0	.0	
49.6	33.7	8.4	115.0	381.0	23.0	.0	.0	
50.2	35.9	18.1	240.4	350.6	46.0	31.0	.0	
41.6	28.2	8.3	292.5	237.6	64.0	.0	.0	
39.9	21.8	6.3	249.2	283.9	40.0	.0	.0	
46.5	22.5	6.9	182.9	420.8	2.0	.0	.0	
52.0	23.7	11.7	185.8	401.9	2.0	.0	.0	
51.7	30.7	10.6	205.4	211.4	61.0	.0	.0	
46.8	27.3	7.1	257.9	433.1	21.0	.0	.0	
50.3	27.6	12.0	134.2	280.6	70.0	11.0	.0	
42.1	37.3	17.4	57.1	122.2	98.0	125.0	.0	
36.7	29.5	18.2	289.6	186.3	91.0	3.0	.0	
34.0	19.0	13.2	335.0	327.0	31.0	.0	.0	
35.7	19.9	6.9	236.3	411.8	2.0	.0	.0	
   3    31    1984
47.4	26.8	9.7	211.7	406.5	28.0	.0	.0	
50.5	34.0	4.3	173.3	414.8	16.0	.0	.0	
53.3	45.0	10.7	127.1	378.1	45.0	49.0	.0	
48.7	40.6	12.2	295.4	199.0	80.0	32.0	.0	
40.5	24.2	11.5	277.9	381.6	38.0	.0	.0	
41.2	22.3	4.9	209.2	452.2	12.0	.0	.0	
49.3	25.5	9.1	261.3	459.1	24.0	.0	.0	
34.9	15.4	11.0	253.3	496.4	2.0	.0	.0	
39.1	21.3	8.3	132.5	468.8	53.0	.0	.0	
40.9	27.8	6.1	164.2	499.3	20.0	.0	.0	
43.9	32.7	9.0	140.0	365.5	54.0	6.0	.0	
45.4	42.3	9.8	152.5	212.2	98.0	48.0	.0	
49.1	43.3	5.0	75.4	327.1	63.0	.0	.0	
59.6	51.6	13.1	140.0	297.6	73.0	.0	.0	
65.0	55.0	18.1	199.6	341.3	81.0	6.0	.0	
47.0	43.1	11.8	94.2	210.8	98.0	39.0	.0	
50.2	43.5	8.2	161.7	463.8	45.0	3.0	.0	
50.5	48.2	11.1	92.9	137.3	98.0	102.0	.0	
39.0	33.1	12.7	260.8	264.7	98.0	.0	.0	
44.5	29.5	10.9	303.8	538.8	14.0	.0	.0	
50.0	28.7	7.4	271.3	405.1	21.0	.0	.0	
49.5	33.0	10.5	74.2	318.0	85.0	.0	.0	
47.1	41.8	9.3	120.8	182.5	98.0	200.0	.0	
46.7	42.9	7.9	269.6	229.4	98.0	30.0	.0	
51.7	42.7	5.5	125.4	418.6	91.0	.0	.0	
59.6	46.3	14.6	212.9	439.3	85.0	16.0	.0	
52.6	47.6	9.2	131.7	211.3	85.0	39.0	.0	
42.1	37.7	13.0	334.6	172.6	98.0	57.0	.0	
45.4	34.0	8.7	310.0	431.8	48.0	.0	.0	
45.8	32.0	8.5	140.0	556.1	33.0	.0	.0	
43.0	39.2	7.5	43.3	208.2	98.0	45.0	.0	
   4    30    1984
50.5	42.4	8.1	146.3	353.7	91.0	.0	.0	
53.6	48.7	13.7	156.7	210.2	97.0	25.0	.0	
51.0	39.4	13.5	254.6	362.0	67.0	.0	.0	
45.2	35.3	10.5	315.8	278.7	78.0	.0	.0	
51.3	30.9	5.8	281.7	574.3	2.0	.0	.0	
58.0	40.1	7.3	97.5	601.3	20.0	.0	.0	
56.9	47.2	13.7	145.0	163.4	98.0	56.0	.0	
54.1	49.4	10.5	255.4	265.8	98.0	14.0	.0	
54.5	48.6	6.7	197.9	292.1	88.0	.0	.0	
58.0	52.6	8.2	117.9	271.4	69.0	2.0	.0	
63.6	52.7	12.2	188.3	539.8	49.0	16.0	.0	
59.1	38.5	9.1	218.3	580.1	23.0	.0	.0	
61.9	33.2	9.8	262.5	527.6	18.0	.0	.0	
53.7	39.1	11.4	318.8	281.1	76.0	.0	.0	
52.8	42.6	9.4	317.9	292.4	82.0	2.0	.0	
55.7	37.3	9.9	331.7	400.3	49.0	.0	.0	
57.8	34.3	6.9	206.7	614.1	3.0	.0	.0	
57.1	34.3	6.3	100.8	544.3	46.0	.0	.0	
62.3	37.2	7.0	96.3	502.9	55.0	.0	.0	
57.7	51.9	11.3	92.9	238.0	98.0	59.0	.0	
57.3	49.2	10.7	193.3	489.8	82.0	.0	.0	
48.4	38.1	12.5	295.0	284.6	94.0	.0	.0	
56.7	34.3	9.2	282.1	655.0	2.0	.0	.0	
69.8	43.7	10.7	171.7	648.9	4.0	.0	.0	
75.9	54.4	20.4	180.8	646.1	4.0	.0	.0	
75.7	64.1	17.9	167.9	453.8	83.0	60.0	.0	
65.8	42.0	9.0	207.1	658.8	22.0	.0	.0	
58.7	40.6	11.0	109.2	436.5	63.0	.0	.0	
65.1	50.2	17.3	182.5	372.9	70.0	10.0	.0	
52.7	36.8	5.7	169.6	676.1	2.0	.0	.0	
   5    31    1984
62.2	45.6	8.5	120.4	495.3	73.0	.0	.0	
62.6	57.3	7.9	123.8	302.3	79.0	8.0	.0	
62.5	53.8	8.0	260.8	336.5	61.0	3.0	.0	
64.5	52.2	6.0	128.3	504.5	58.0	1.0	.0	
61.5	58.2	8.5	85.8	265.7	98.0	44.0	.0	
64.0	62.4	7.8	164.2	230.9	82.0	3.0	.0	
62.1	50.5	14.6	187.1	601.4	58.0	77.0	.0	
57.8	39.7	6.4	213.8	647.0	2.0	.0	.0	
61.4	45.3	6.6	130.0	678.0	3.0	.0	.0	
73.5	44.9	14.9	182.5	624.7	14.0	.0	.0	
74.6	58.9	12.6	202.9	610.8	41.0	.0	.0	
74.6	64.7	8.6	166.7	637.5	36.0	.0	.0	
79.6	65.5	8.8	160.8	494.4	65.0	.0	.0	
69.4	59.6	9.2	111.7	373.3	87.0	.0	.0	
68.1	58.4	10.2	117.5	518.3	70.0	45.0	.0	
68.2	52.9	8.8	129.2	660.8	20.0	.0	.0	
71.2	53.0	8.5	153.3	686.9	21.0	.0	.0	
73.8	57.2	7.7	161.7	682.9	34.0	.0	.0	
71.4	65.3	9.1	182.1	264.5	98.0	9.0	.0	
69.7	64.9	6.3	232.5	348.3	96.0	.0	.0	
72.6	65.3	5.8	133.8	510.3	54.0	.0	.0	
71.5	66.0	8.3	195.4	317.4	82.0	.0	.0	
70.5	51.0	7.6	145.4	655.9	10.0	.0	.0	
73.7	61.3	14.2	157.5	568.0	61.0	.0	.0	
77.4	66.1	14.9	196.3	407.8	83.0	.0	.0	
62.8	58.9	10.3	61.7	257.6	97.0	240.0	.0	
66.5	65.0	11.6	177.1	312.7	98.0	695.0	.0	
59.5	51.9	9.7	244.2	315.0	67.0	.0	.0	
59.9	46.4	5.2	194.6	658.6	12.0	.0	.0	
63.0	49.2	4.9	96.7	738.1	2.0	.0	.0	
69.4	52.7	13.4	171.3	690.8	2.0	.0	.0	
   6    30    1984
74.8	55.5	13.4	176.3	668.2	26.0	.0	.0	
71.9	61.2	7.1	159.2	444.9	39.0	.0	.0	
73.5	63.9	7.2	124.6	434.4	73.0	.0	.0	
75.2	63.2	13.6	166.7	570.8	61.0	.0	.0	
76.8	66.8	14.8	170.4	399.9	89.0	.0	.0	
75.5	66.6	16.0	173.8	545.8	62.0	15.0	.0	
80.9	71.3	20.0	174.2	420.3	71.0	.0	.0	
81.5	72.3	15.1	178.3	322.1	88.0	.0	.0	
79.2	70.0	16.1	175.8	426.5	82.0	1.0	.0	
76.4	70.2	7.3	167.5	515.3	78.0	5.0	.0	
80.0	68.3	10.6	173.3	470.7	68.0	.0	.0	
80.8	69.7	11.6	173.3	615.5	32.0	.0	.0	
82.0	69.8	8.3	166.3	589.0	67.0	.0	.0	
82.8	69.1	6.5	170.0	643.4	32.0	.0	.0	
84.0	70.2	6.0	161.3	687.9	7.0	.0	.0	
84.6	70.6	9.7	177.9	691.5	8.0	.0	.0	
84.9	69.3	12.4	181.3	699.1	28.0	.0	.0	
81.8	69.8	6.6	217.1	424.7	85.0	.0	.0	
82.7	70.3	5.1	119.6	525.1	78.0	.0	.0	
84.0	70.1	8.1	177.5	556.5	83.0	10.0	.0	
84.9	71.3	10.3	167.5	389.5	64.0	.0	.0	
86.8	67.3	8.5	189.6	558.2	35.0	.0	.0	
81.7	67.9	6.3	131.3	573.1	58.0	1.0	.0	
78.8	59.0	8.1	174.6	736.8	17.0	.0	.0	
78.1	56.5	3.7	82.5	731.4	4.0	.0	.0	
77.3	67.3	9.5	167.5	472.5	59.0	48.0	.0	
78.2	68.8	4.0	148.3	518.6	36.0	2.0	.0	
78.5	62.6	4.7	186.7	627.3	38.0	86.0	.0	
77.1	63.3	7.0	104.6	671.1	30.0	4.0	.0	
76.1	58.3	7.2	123.8	712.5	3.0	.0	.0	
   7    31    1984
73.9	57.5	6.1	116.7	625.9	45.0	.0	.0	
78.3	61.7	4.0	132.5	684.1	25.0	.0	.0	
85.0	70.1	10.9	183.3	561.6	37.0	.0	.0	
82.0	67.7	9.8	240.8	512.9	62.0	3.0	.0	
78.9	64.0	3.6	199.2	666.2	13.0	.0	.0	
86.5	68.5	8.6	186.7	622.5	56.0	.0	.0	
84.0	69.6	9.5	151.3	524.3	50.0	.0	.0	
87.0	68.2	10.6	182.1	704.0	2.0	.0	.0	
87.6	67.2	11.8	185.8	692.1	2.0	.0	.0	
88.0	68.3	13.4	190.8	687.2	4.0	.0	.0	
84.0	68.3	8.2	160.8	421.4	73.0	.0	.0	
81.0	62.1	5.5	115.0	684.3	16.0	.0	.0	
84.7	66.5	5.9	146.3	653.5	20.0	.0	.0	
88.5	66.1	11.1	192.1	693.1	3.0	.0	.0	
86.5	67.9	8.7	170.4	589.0	33.0	9.0	.0	
77.4	70.6	4.8	115.4	277.1	80.0	8.0	.0	
81.8	62.0	6.0	63.3	628.9	30.0	17.0	.0	
78.7	54.7	5.2	74.6	675.7	13.0	.0	.0	
80.1	56.5	8.0	172.9	707.4	2.0	.0	.0	
81.3	54.0	7.4	162.9	695.4	2.0	.0	.0	
82.2	58.0	8.9	159.2	647.3	2.0	.0	.0	
83.0	60.0	7.4	158.8	671.0	2.0	.0	.0	
84.0	62.3	4.7	126.3	652.1	26.0	.0	.0	
80.6	62.3	5.0	113.8	632.8	19.0	.0	.0	
82.4	64.2	2.9	73.3	653.3	26.0	.0	.0	
84.3	65.9	4.8	154.6	514.8	64.0	11.0	.0	
80.1	63.5	7.9	94.6	607.4	28.0	.0	.0	
78.4	58.3	6.0	131.3	600.4	25.0	.0	.0	
79.4	56.6	4.3	65.4	668.2	24.0	.0	.0	
79.0	56.5	5.4	117.5	569.7	38.0	.0	.0	
79.1	55.1	4.0	110.8	593.7	10.0	.0	.0	
   8    31    1984
78.5	58.2	8.2	164.6	616.6	43.0	.0	.0	
76.5	60.3	6.3	123.3	633.8	24.0	.0	.0	
77.4	61.3	2.9	65.4	538.1	39.0	.0	.0	
82.9	62.3	5.9	130.4	605.6	48.0	.0	.0	
81.9	69.0	10.7	168.3	497.0	78.0	.0	.0	
86.5	67.2	10.7	178.3	550.6	37.0	.0	.0	
86.7	68.7	10.6	196.3	615.1	18.0	.0	.0	
79.7	68.2	7.5	202.5	345.3	86.0	36.0	.0	
76.1	70.4	7.5	177.5	316.8	94.0	102.0	.0	
78.4	67.9	3.6	122.9	425.2	84.0	.0	.0	
80.4	65.0	3.4	159.6	582.1	42.0	.0	.0	
80.5	62.3	3.8	118.3	626.9	8.0	.0	.0	
80.6	63.6	3.3	128.8	596.4	13.0	.0	.0	
81.8	66.2	5.2	156.7	630.4	16.0	.0	.0	
81.5	66.8	5.8	151.3	597.7	6.0	.0	.0	
82.9	65.8	5.9	145.4	624.4	2.0	.0	.0	
86.3	65.7	7.2	178.8	588.2	20.0	.0	.0	
89.3	62.1	7.5	197.9	634.1	13.0	.0	.0	
85.1	67.8	8.2	173.3	575.9	12.0	.0	.0	
82.4	69.0	8.4	119.6	428.8	60.0	.0	.0	
83.7	70.9	9.6	148.3	519.1	63.0	.0	.0	
81.3	72.1	7.0	92.1	354.5	76.0	32.0	.0	
78.0	59.2	7.2	75.8	605.0	16.0	.0	.0	
74.4	57.4	4.3	103.3	553.2	38.0	.0	.0	
78.0	64.2	8.9	151.3	445.9	61.0	.0	.0	
82.0	63.4	10.1	175.0	584.9	10.0	.0	.0	
78.0	69.5	8.3	168.8	242.9	67.0	11.0	.0	
86.1	69.2	4.9	127.5	601.9	2.0	.0	.0	
92.7	63.8	9.1	208.3	535.7	40.0	.0	.0	
86.5	65.3	6.8	158.8	572.0	28.0	15.0	.0	
87.6	64.6	7.0	160.8	579.2	2.0	.0	.0	
   9    30    1984
86.2	64.0	11.5	186.7	599.2	2.0	.0	.0	
74.2	70.4	6.0	187.9	179.1	75.0	56.0	.0	
71.3	57.7	8.4	128.8	584.6	8.0	.0	.0	
72.2	54.5	3.7	102.5	545.2	9.0	.0	.0	
78.5	55.4	5.3	211.3	580.7	11.0	.0	.0	
83.6	51.8	14.1	209.2	589.3	2.0	.0	.0	
80.4	53.9	15.4	177.5	581.3	2.0	.0	.0	
78.4	67.0	12.6	170.0	236.7	69.0	145.0	.0	
76.4	68.9	8.6	150.4	415.7	49.0	.0	.0	
83.9	68.8	12.6	178.8	560.1	3.0	.0	.0	
84.1	66.7	10.7	170.8	535.6	11.0	.0	.0	
83.9	66.3	11.0	184.6	534.4	5.0	.0	.0	
85.2	65.4	9.6	185.8	524.9	9.0	.0	.0	
78.9	63.5	11.1	113.3	487.6	43.0	.0	.0	
64.3	41.9	13.4	30.4	487.8	56.0	.0	.0	
64.5	45.4	5.9	81.3	476.8	38.0	.0	.0	
60.8	50.3	7.3	168.3	287.1	75.0	2.0	.0	
65.7	54.2	2.6	86.3	520.0	5.0	.0	.0	
70.0	54.7	4.4	132.1	518.5	2.0	.0	.0	
69.8	52.6	5.3	155.4	497.9	7.0	.0	.0	
71.1	56.7	9.5	137.1	317.1	75.0	.0	.0	
70.8	67.6	7.3	150.0	220.5	68.0	3.0	.0	
78.6	69.8	10.9	164.2	352.8	80.0	.0	.0	
80.8	70.4	12.5	169.2	408.5	49.0	.0	.0	
60.8	53.1	11.5	263.8	195.1	78.0	.0	.0	
51.4	39.4	10.1	50.8	212.2	74.0	3.0	.0	
51.5	50.6	6.1	141.7	147.2	98.0	68.0	.0	
51.7	46.0	8.5	340.0	236.9	98.0	.0	.0	
50.2	33.7	6.3	230.8	356.6	66.0	.0	.0	
49.2	31.6	2.7	145.4	505.9	2.0	.0	.0	
  10    31    1984
54.0	36.7	6.2	130.0	457.2	28.0	.0	.0	
62.1	45.8	10.7	177.5	418.4	33.0	.0	.0	
69.4	54.9	9.7	176.7	395.9	65.0	.0	.0	
71.3	56.9	10.9	159.2	359.5	92.0	1.0	.0	
67.4	62.0	10.7	151.3	192.7	97.0	.0	.0	
75.0	65.0	8.8	194.2	426.4	37.0	.0	.0	
71.0	59.4	4.0	201.7	380.8	49.0	.0	.0	
69.5	52.3	4.2	169.2	456.5	18.0	.0	.0	
67.2	56.8	5.7	133.8	226.6	80.0	.0	.0	
67.8	58.1	3.5	85.4	292.6	38.0	.0	.0	
69.5	61.3	5.3	101.3	382.2	48.0	.0	.0	
69.2	65.9	6.6	141.7	204.9	79.0	2.0	.0	
74.8	65.6	9.9	179.6	220.5	91.0	8.0	.0	
67.7	65.0	6.3	153.3	168.5	96.0	185.0	.0	
62.0	51.9	7.6	202.9	368.3	62.0	.0	.0	
62.4	47.0	12.2	213.8	349.7	63.0	68.0	.0	
55.4	43.7	6.7	156.3	311.3	47.0	.0	.0	
67.7	52.9	11.5	219.2	232.9	75.0	1.0	.0	
54.5	35.4	3.3	95.4	421.1	24.0	5.0	.0	
51.3	50.0	7.4	229.6	135.3	98.0	141.0	.0	
50.3	44.0	7.5	50.4	191.6	98.0	.0	.0	
51.9	43.5	7.1	93.8	175.2	98.0	.0	.0	
51.8	40.4	6.9	40.0	201.0	61.0	.0	.0	
51.0	44.3	4.6	112.5	155.8	70.0	63.0	.0	
57.9	54.1	4.3	160.8	178.2	98.0	90.0	.0	
63.1	60.6	4.2	105.4	152.3	97.0	18.0	.0	
69.8	59.0	10.5	179.6	281.0	51.0	106.0	.0	
56.1	47.7	5.9	225.8	154.5	79.0	.0	.0	
56.4	49.1	4.8	102.9	265.1	45.0	.0	.0	
67.9	61.3	7.1	175.0	251.1	73.0	.0	.0	
70.4	64.8	8.5	149.2	141.4	82.0	10.0	.0	
  11    30    1984
56.8	49.7	13.4	202.5	146.7	67.0	127.0	.0	
45.7	29.5	7.6	170.4	356.0	2.0	.0	.0	
54.6	40.8	11.3	176.3	290.5	29.0	.0	.0	
60.9	42.9	6.9	265.0	318.5	37.0	.0	.0	
55.8	30.3	5.1	280.8	350.5	3.0	.0	.0	
53.8	34.7	7.9	106.3	229.4	67.0	.0	.0	
63.2	48.7	12.1	171.3	170.6	89.0	.0	.0	
70.2	59.6	13.7	180.0	251.7	43.0	.0	.0	
71.1	47.4	15.5	219.6	296.5	18.0	.0	.0	
47.4	27.0	15.0	311.7	283.4	33.0	.0	.0	
39.7	27.8	4.3	83.3	242.4	51.0	.0	.0	
49.0	32.6	5.8	116.7	325.9	21.0	.0	.0	
56.7	37.7	15.2	167.1	223.6	48.0	.0	.0	
64.5	51.5	17.0	181.7	154.8	79.0	.0	.0	
55.2	30.4	9.2	156.7	255.5	72.0	.0	.0	
45.3	20.7	6.6	144.6	271.9	52.0	.0	.0	
39.7	32.4	8.9	108.3	81.7	98.0	119.0	.0	
38.8	34.8	12.5	172.1	122.7	98.0	22.0	.0	
37.5	29.9	11.4	184.6	153.2	98.0	.0	.0	
36.4	28.6	4.0	166.3	183.1	42.0	.0	.0	
38.8	29.7	5.1	119.2	294.3	4.0	.0	.0	
42.4	28.9	9.7	181.7	257.0	66.0	.0	.0	
46.0	31.0	11.5	180.4	230.5	47.0	.0	.0	
46.6	29.4	8.7	161.3	170.2	70.0	.0	.0	
54.6	40.1	19.1	161.7	215.7	67.0	.0	.0	
54.9	49.0	12.0	170.4	91.0	73.0	12.0	.0	
41.4	26.9	11.9	290.4	167.4	48.0	.0	.0	
44.4	24.5	14.0	173.8	281.2	3.0	.0	.0	
49.5	33.9	9.2	214.6	276.6	11.0	.0	.0	
46.6	33.5	5.8	269.6	266.4	19.0	.0	.0	
  12    31    1984
50.8	34.4	11.8	161.3	218.9	54.0	.0	.0	
40.7	23.3	10.2	285.4	284.4	13.0	.0	.0	
34.6	20.3	4.2	74.2	244.2	56.0	.0	.0	
35.0	26.7	8.2	113.8	106.1	98.0	30.0	.0	
32.7	29.5	7.2	241.7	151.4	85.0	36.0	.0	
23.0	9.0	10.1	259.6	257.3	2.0	.0	.0	
42.7	28.5	10.0	191.7	261.7	19.0	.0	.0	
47.0	38.2	7.5	169.6	233.7	30.0	.0	.0	
57.6	41.4	12.6	239.6	252.8	23.0	.0	.0	
50.0	38.7	4.7	171.7	216.1	35.0	.0	.0	
55.9	49.1	15.8	179.6	108.9	74.0	.0	.0	
54.4	44.1	14.5	212.1	184.5	94.0	.0	.0	
41.2	38.8	12.6	156.7	72.9	98.0	233.0	.0	
40.7	36.2	9.6	174.6	107.2	98.0	27.0	.0	
57.9	52.5	16.1	167.1	174.5	98.0	64.0	.0	
51.5	38.7	12.0	193.3	242.3	13.0	5.0	.0	
45.5	36.1	12.1	211.3	218.5	73.0	.0	.0	
34.3	30.0	9.3	240.4	124.2	98.0	1.0	.0	
38.0	35.0	4.2	135.0	128.9	98.0	.0	.0	
43.0	40.7	9.0	110.4	95.3	98.0	105.0	.0	
56.2	39.5	14.5	256.3	211.7	48.0	4.0	.0	
39.6	27.1	4.1	149.2	242.8	21.0	.0	.0	
46.8	34.7	12.3	166.3	245.9	14.0	.0	.0	
34.0	28.3	12.9	202.9	121.3	83.0	.0	.0	
29.0	19.0	7.5	122.5	214.7	48.0	.0	.0	
46.4	34.7	12.9	171.3	122.5	98.0	.0	.0	
56.9	50.2	14.7	172.1	121.4	98.0	.0	.0	
68.4	62.0	19.9	183.8	130.3	97.0	.0	.0	
58.6	52.9	17.8	241.7	100.1	98.0	38.0	.0	
37.5	34.6	7.9	251.7	138.9	98.0	.0	.0	
35.5	33.4	15.4	274.6	80.6	98.0	327.0	.0	
