01	31	1998
24.1	8.7	10.6	246.5	127.2	88.8	0	0.0
43.2	22.6	9.9	213.5	144.1	76.9	0	0.0
48.5	30.8	9.4	222.1	142.7	89.5	0	0.0
50.6	41.3	5.3	182.1	130.1	90.1	0	0.0
45.0	42.2	4.1	97.2	178.8	99.2	0	0.0
56.4	55.5	7.6	179.9	60.6	20.0	0	0.0
55.0	54.9	8.5	161.8	51.9	7.2	12	0.0
56.7	56.7	14.5	182.4	52.2	15.1	0	0.0
53.8	49.2	11.1	205.3	122.8	35.2	0	0.0
39.0	29.7	5.6	229.7	145.0	100.0	0	0.0
38.2	25.8	3.4	157.6	182.3	100.0	0	0.0
36.0	27.1	6.7	162.2	137.0	58.1	0	0.0
43.9	37.6	12.2	229.4	84.3	39.4	19	0.0
26.9	12.1	6.1	244.5	152.8	100.0	0	0.0
38.1	36.5	10.3	113.1	60.9	21.1	55	0.0
38.7	38.0	13.2	57.7	78.2	7.9	1	0.0
36.3	26.6	5.5	166.1	138.4	57.7	0	0.0
35.4	31.9	5.4	202.2	150.5	39.6	0	0.0
33.8	32.0	4.6	102.8	173.8	69.2	0	0.0
31.8	27.9	8.4	302.5	151.9	60.0	0	0.0
31.5	20.3	8.2	266.5	169.0	81.2	0	0.0
33.6	26.1	5.3	37.4	144.5	65.6	0	0.0
47.1	46.3	16.9	124.1	57.6	5.3	122	0.0
44.7	42.4	9.1	272.4	98.3	6.5	8	0.0
35.3	24.8	15.8	287.2	179.8	70.0	1	2.5
32.3	22.1	4.4	166.1	149.5	96.0	0	0.0
39.6	29.7	14.2	61.6	97.5	42.1	0	0.0
37.6	35.5	23.4	90.6	78.1	4.2	115	4.2
40.7	32.1	9.4	281.3	187.3	90.8	0	0.0
41.5	32.5	9.7	245.5	142.6	34.9	0	0.0
35.9	24.3	10.6	316.3	93.2	59.2	0	0.0
02	28	1998
32.4	23.1	4.8	138.2	195.2	100.0	0	0.0
35.0	29.2	3.5	88.0	197.9	96.3	0	0.0
40.2	34.2	4.6	46.7	192.8	83.5	0	0.0
40.6	36.6	25.3	43.3	113.4	7.1	60	0.0
36.6	34.4	22.3	26.9	93.0	2.2	6	0.0
37.1	24.2	6.3	92.2	90.2	29.4	0	0.0
37.4	29.1	12.7	35.6	143.8	12.5	0	0.0
34.2	26.2	12.6	59.5	84.5	16.1	0	0.0
34.4	26.8	5.1	194.5	218.6	76.2	0	0.0
38.1	27.4	3.4	106.2	221.8	100.0	0	0.0
42.7	39.4	7.4	100.4	131.9	36.4	26	0.0
50.0	40.6	15.3	238.4	153.4	24.0	7	0.0
39.5	24.3	11.0	299.5	231.6	88.7	0	0.0
29.9	10.1	9.5	332.0	234.9	100.0	0	0.0
25.4	7.4	6.1	195.8	238.3	100.0	0	0.0
31.6	23.9	6.7	52.5	230.0	93.1	0	0.0
46.0	43.4	18.7	87.8	130.2	34.4	22	0.0
49.5	47.3	8.1	92.7	219.2	24.9	0	0.0
48.2	41.4	8.6	224.2	119.5	23.8	0	0.0
43.2	37.9	5.3	179.6	168.7	50.4	0	0.0
45.6	33.2	15.0	283.0	137.2	45.0	0	0.0
42.0	31.8	5.9	179.0	233.2	87.5	0	0.0
40.8	38.8	17.7	48.4	105.9	17.7	160	0.0
39.5	37.4	20.1	225.3	95.0	0.0	20	0.0
45.6	29.1	24.6	303.1	262.9	65.4	0	0.0
46.6	27.7	12.9	296.2	279.4	100.0	0	0.0
45.3	30.9	6.4	188.7	266.1	63.2	0	0.0
47.9	42.1	7.2	99.3	156.2	4.3	0	0.0
03	31	1998
45.4	42.7	3.3	127.1	202.6	27.3	0	0.0
43.1	41.5	4.9	100.3	184.2	17.4	14	0.0
38.9	37.2	6.8	224.5	104.7	3.0	75	0.0
40.5	30.6	9.0	257.1	201.0	46.4	0	0.0
37.7	26.6	10.2	287.8	216.9	73.8	0	0.0
38.8	27.6	6.6	215.0	311.4	90.6	0	0.0
44.4	40.8	6.8	127.1	125.3	2.4	38	0.0
43.8	42.5	16.4	63.6	161.2	7.5	76	0.0
54.2	53.3	15.7	169.0	133.2	12.0	57	0.0
41.1	25.6	15.7	275.8	136.0	19.4	0	0.0
28.9	6.5	16.0	300.3	328.0	80.9	0	0.0
26.9	4.9	14.7	285.2	321.9	81.0	0	0.0
30.3	13.8	7.6	194.9	340.2	98.8	0	0.0
42.5	23.5	19.0	232.8	319.7	88.8	0	0.0
35.5	16.2	11.2	297.8	291.9	81.2	0	0.0
31.9	17.9	6.0	201.0	323.4	92.5	0	0.0
34.6	22.4	6.0	101.2	355.9	78.8	0	0.0
40.6	39.4	7.7	75.2	126.3	2.5	33	0.0
48.8	47.6	7.3	122.2	127.7	0.0	60	0.0
40.8	39.2	11.8	55.2	150.9	0.0	1	0.0
39.0	37.1	22.9	55.9	130.6	0.0	52	0.0
35.6	29.3	11.8	266.8	141.1	16.0	2	3.0
39.8	25.4	9.3	225.0	263.3	59.5	0	0.0
38.4	24.9	4.2	185.8	299.9	85.3	0	0.0
38.6	24.7	7.4	146.8	389.2	98.8	0	0.0
53.3	42.2	12.1	185.3	324.8	67.1	0	0.0
66.8	50.6	9.7	209.0	397.1	100.0	0	0.0
63.5	51.3	13.8	200.2	401.1	100.0	0	0.0
70.6	51.4	11.1	230.8	404.4	95.4	0	0.0
70.1	53.2	8.6	147.1	420.6	99.3	0	0.0
66.9	56.0	11.0	188.0	412.8	100.0	0	0.0
04	30	1998
59.8	56.2	9.9	164.4	395.8	55.2	2	0.0
61.8	44.0	9.0	197.3	385.6	63.0	0	0.0
52.7	34.2	8.7	258.4	490.5	98.2	0	0.0
43.5	39.3	10.7	93.6	213.3	30.7	24	0.0
44.6	25.2	12.8	325.2	310.8	34.7	0	0.0
47.7	25.0	11.3	287.5	370.0	94.7	0	0.0
51.6	27.4	5.4	160.2	439.0	98.8	0	0.0
53.5	46.7	6.0	88.5	428.3	76.2	0	0.0
45.3	43.3	16.9	117.4	182.1	0.0	36	0.0
44.4	33.8	10.4	259.4	375.4	48.4	3	0.0
45.0	24.4	6.4	213.5	453.2	100.0	0	0.0
44.0	27.1	4.6	44.5	456.6	100.0	0	0.0
50.5	30.3	6.5	181.8	460.0	100.0	0	0.0
56.4	46.4	8.0	187.6	461.6	69.6	1	0.0
60.2	50.6	6.7	178.8	429.4	70.2	0	0.0
57.9	52.4	10.8	138.1	471.8	95.8	0	0.0
61.5	57.2	10.1	181.2	352.1	47.7	15	0.0
53.8	37.4	8.9	247.2	469.6	68.1	0	0.0
49.6	45.5	10.0	103.7	169.7	1.0	13	0.0
53.8	42.0	11.8	276.0	366.9	57.7	6	0.0
53.9	36.6	4.8	123.2	482.9	98.8	0	0.0
52.7	37.6	6.1	97.2	488.8	95.0	0	0.0
47.8	44.2	10.8	231.9	256.9	8.9	65	0.0
58.5	41.1	7.2	161.9	496.4	82.2	0	0.0
61.4	35.2	11.8	253.4	497.5	92.8	0	0.0
51.6	43.3	10.2	80.0	496.4	49.4	10	0.0
48.4	35.2	8.8	206.9	490.5	77.9	1	0.0
46.9	32.2	8.3	247.6	498.8	96.4	0	0.0
55.2	42.2	9.1	202.8	508.5	100.0	0	0.0
61.0	50.8	6.9	191.2	504.9	89.4	0	0.0
05	31	1998
57.0	54.5	9.9	131.5	255.6	24.4	40	0.0
58.5	54.5	7.4	177.7	351.6	48.5	0	0.0
63.0	53.3	7.1	171.0	488.0	70.0	0	0.0
58.4	55.0	6.5	134.2	461.2	60.1	0	0.0
57.1	55.1	8.1	105.8	450.6	32.5	6	0.0
57.4	55.2	5.0	62.8	273.2	9.0	0	0.0
58.7	54.9	4.6	142.0	413.1	26.9	0	0.0
56.8	54.8	12.3	81.4	264.6	9.8	40	0.0
57.3	55.2	17.1	19.8	186.4	0.0	61	0.0
53.7	51.8	14.4	38.5	242.1	4.5	20	0.0
51.0	48.1	17.2	43.3	219.0	2.2	35	0.0
48.8	45.9	21.4	44.7	257.7	2.4	32	0.0
48.7	41.7	12.0	57.8	344.4	46.9	0	0.0
51.1	43.5	6.1	90.2	542.6	76.9	0	0.0
60.9	47.4	4.0	117.0	545.2	98.8	0	0.0
67.0	55.3	5.2	137.5	547.2	97.5	0	0.0
58.9	53.0	6.5	57.8	545.8	90.6	0	0.0
71.1	50.5	9.6	280.0	573.0	100.0	0	0.0
76.7	55.2	9.4	227.9	510.4	95.4	0	0.0
72.7	61.0	5.1	134.0	554.8	97.5	0	0.0
72.4	54.7	8.8	230.9	485.9	97.0	0	0.0
59.6	40.3	11.0	317.2	554.6	95.6	0	0.0
60.6	41.3	7.5	284.7	559.9	100.0	0	0.0
63.9	43.9	6.3	201.7	561.5	88.1	0	0.0
67.5	59.3	7.3	199.4	469.1	61.2	4	0.0
70.2	56.8	7.8	236.4	625.0	70.0	1	0.0
66.6	56.1	3.8	104.8	578.5	100.0	0	0.0
66.4	57.6	6.4	169.2	551.5	80.0	0	0.0
69.8	63.2	8.5	182.2	461.9	48.1	0	0.0
74.3	65.4	6.8	195.2	569.2	97.5	3	0.0
73.3	66.0	10.1	170.2	571.2	100.0	0	0.0
06	30	1998
68.3	56.8	8.2	202.1	491.2	81.2	8	0.0
64.5	52.6	8.2	96.8	571.6	94.4	1	0.0
66.6	47.6	13.3	275.6	583.3	84.4	0	0.0
61.6	47.0	8.3	217.2	569.5	96.9	0	0.0
61.4	42.6	8.8	299.7	465.3	68.4	0	0.0
61.7	40.8	10.2	297.4	598.3	83.8	0	0.0
61.4	40.1	10.4	291.5	640.9	58.9	0	0.0
59.7	44.1	10.3	270.8	461.9	73.7	0	0.0
63.4	49.3	8.0	211.2	615.9	92.9	0	0.0
62.2	53.4	5.2	85.2	412.7	55.6	0	0.0
65.5	59.4	8.1	98.3	476.2	31.7	0	0.0
65.2	64.0	8.9	138.0	259.3	7.1	100	0.0
69.3	65.2	7.4	172.8	505.9	38.6	19	0.0
70.5	61.9	9.5	236.3	542.6	58.9	38	0.0
68.8	65.1	7.0	154.4	546.9	71.6	3	0.0
75.5	64.5	9.4	202.6	571.5	78.5	1	0.0
73.8	63.0	8.7	248.2	571.7	94.4	0	0.0
74.9	62.0	7.4	256.5	574.0	95.0	0	0.0
75.5	62.5	7.2	232.9	588.8	95.4	0	0.0
76.7	67.5	5.8	212.8	590.1	94.2	0	0.0
74.3	68.3	6.3	68.2	595.6	75.6	0	0.0
70.4	66.3	7.9	91.4	364.6	36.4	0	0.0
71.3	67.2	7.2	130.2	442.5	22.4	0	0.0
74.4	69.0	4.2	133.3	396.2	44.4	0	0.0
79.6	69.2	6.6	222.1	551.1	81.0	0	0.0
79.2	70.9	11.4	236.2	559.6	93.1	12	0.0
79.1	65.4	12.6	252.5	552.5	76.9	0	0.0
67.6	58.4	8.6	114.0	541.0	79.0	0	0.0
71.0	65.7	7.6	177.5	343.1	48.8	1	0.0
76.3	66.5	10.1	219.8	512.5	77.7	6	0.0
07	31	1998
73.2	56.7	11.8	274.2	527.0	71.2	9	0.0
72.7	55.5	6.3	261.8	501.9	83.1	0	0.0
73.3	60.3	6.1	203.2	513.4	78.1	0	0.0
74.3	63.9	6.3	139.6	573.3	73.3	1	0.0
70.0	33.5	6.8	196.6	661.9	75.3	0	0.0
70.2	57.8	6.5	73.8	571.5	87.3	0	0.0
69.2	58.3	4.8	76.2	579.9	100.0	0	0.0
66.0	62.2	5.9	77.0	289.8	28.4	24	0.0
70.4	63.8	6.8	292.1	371.9	34.9	0	0.0
74.9	62.3	7.6	292.1	454.1	70.8	0	0.0
69.8	50.8	9.9	290.0	570.0	90.0	0	0.0
71.1	55.5	6.0	211.2	533.8	91.9	0	0.0
74.0	58.0	6.8	176.2	563.9	95.0	0	0.0
74.3	63.5	7.9	177.6	573.4	98.8	0	0.0
76.5	64.7	5.5	142.0	575.2	100.0	0	0.0
77.7	70.3	4.3	109.0	528.0	65.3	0	0.0
76.5	73.0	3.8	132.8	452.7	58.5	0	0.0
77.0	67.0	6.3	206.8	438.4	55.6	0	0.0
78.4	63.8	6.8	161.3	558.6	82.9	0	0.0
82.7	69.3	9.9	225.2	566.0	97.5	0	0.0
82.5	68.2	6.2	163.0	553.5	95.6	0	0.0
86.0	66.5	10.5	256.0	566.0	98.8	0	0.0
82.6	69.5	7.1	171.2	557.6	84.8	7	0.0
77.5	63.5	6.9	230.5	559.6	89.6	0	0.0
73.0	58.6	5.0	68.2	525.5	68.8	0	0.0
71.8	60.6	4.2	65.0	511.5	83.8	0	0.0
73.8	61.2	7.2	128.8	527.3	86.2	0	0.0
77.0	68.7	9.7	186.4	453.5	55.2	1	0.0
80.8	68.0	7.2	196.8	521.5	74.1	0	0.0
70.9	67.4	5.3	106.6	649.8	84.9	0	0.0
70.6	65.7	8.9	85.7	365.7	30.0	1	0.0
08	31	1998
68.6	53.6	8.0	137.4	505.7	98.7	0	0.0
67.8	54.8	4.9	46.0	543.9	100.0	0	0.0
70.0	55.5	4.3	135.8	541.8	100.0	0	0.0
70.8	55.2	4.3	55.0	539.8	100.0	0	0.0
70.5	56.5	5.8	54.0	469.9	100.0	0	0.0
72.0	59.2	6.1	56.2	535.5	98.8	0	0.0
72.7	66.2	7.7	76.2	278.3	33.8	0	0.0
75.7	68.3	8.6	76.8	430.4	44.2	0	0.0
75.4	69.1	6.2	92.8	507.6	65.0	0	0.0
75.3	69.7	6.1	120.1	475.8	53.3	35	0.0
78.0	69.8	5.8	227.8	456.0	56.6	1	0.0
74.7	64.1	5.1	190.0	444.2	85.5	0	0.0
72.7	64.7	8.9	95.2	342.2	51.2	0	0.0
70.8	60.3	5.7	99.2	418.1	92.1	0	0.0
73.6	64.2	4.3	86.0	467.0	100.0	0	0.0
74.4	70.2	3.7	77.9	514.1	88.8	0	0.0
77.7	72.9	5.4	142.9	446.6	51.0	1	0.0
74.8	68.7	8.6	276.5	383.2	61.0	18	0.0
65.4	52.1	7.8	187.6	426.0	60.5	0	0.0
66.0	52.0	6.1	233.0	501.1	100.0	0	0.0
73.2	58.4	6.2	202.5	498.3	100.0	0	0.0
75.4	68.2	5.6	107.2	469.3	77.5	0	0.0
79.5	71.6	6.9	163.2	494.1	92.9	0	0.0
81.4	71.2	8.8	203.2	479.1	95.0	0	0.0
83.4	69.1	10.0	221.0	467.5	95.0	0	0.0
79.5	71.3	7.6	185.6	411.9	75.2	1	0.0
76.6	70.9	10.4	83.8	303.0	20.0	1	0.0
72.7	70.5	14.1	80.2	169.2	4.2	43	0.0
76.2	68.2	5.2	153.8	459.2	92.5	0	0.0
78.2	65.5	4.9	177.8	463.9	96.2	0	0.0
78.5	66.9	5.6	125.5	439.8	85.3	0	0.0
09	30	1998
70.0	63.6	5.0	125.0	355.5	79.4	0	0.0
69.5	63.6	5.8	129.0	367.4	64.1	2	0.0
71.5	60.7	3.4	107.5	455.7	80.6	0	0.0
72.1	66.0	6.5	66.1	385.1	62.5	15	0.0
69.5	54.0	7.7	277.1	403.6	97.4	0	0.0
76.4	64.3	9.3	206.8	448.0	100.0	0	0.0
78.9	67.4	8.4	190.7	421.3	75.6	2	0.0
65.8	52.0	11.9	297.6	505.6	80.0	6	0.0
60.4	47.0	11.9	291.5	350.7	75.0	0	0.0
61.4	46.9	9.6	252.8	381.8	89.2	0	0.0
67.2	50.4	6.0	210.8	417.4	95.0	0	0.0
74.7	58.8	6.4	204.2	368.3	98.7	0	0.0
72.3	64.1	7.3	127.4	400.4	91.7	0	0.0
71.8	66.6	6.6	122.7	407.6	78.3	0	0.0
75.0	67.9	8.2	185.6	416.2	92.2	0	0.0
80.0	68.2	6.5	209.8	407.5	95.6	0	0.0
71.5	68.0	5.2	55.8	192.9	25.8	0	0.0
69.4	63.6	7.9	56.1	272.6	52.3	0	0.0
66.9	61.1	3.4	62.2	368.1	83.3	0	0.0
69.0	62.8	4.5	112.0	384.4	72.0	0	0.0
76.0	69.0	7.7	175.0	385.0	79.0	0	0.0
72.0	66.9	7.3	232.9	227.9	37.0	0	0.0
57.8	37.2	11.0	283.8	384.3	100.0	0	0.0
57.1	40.0	3.6	87.4	380.3	100.0	0	0.0
65.8	57.7	6.3	164.7	319.5	74.3	0	0.0
69.7	62.8	4.4	120.0	372.2	93.2	0	0.0
80.0	65.8	9.3	231.2	368.3	97.5	2	0.0
70.0	54.2	8.7	252.9	300.9	92.8	0	0.0
59.5	47.2	4.2	107.9	421.5	100.0	0	0.0
68.2	64.1	8.2	145.5	310.2	56.2	2	0.0
10	31	1998
67.2	50.0	12.1	263.2	349.4	90.1	0	0.0
54.4	33.8	7.7	206.8	348.1	100.0	0	0.0
53.1	41.2	4.7	86.8	341.7	72.1	6	0.0
55.6	55.3	9.2	42.7	139.6	0.0	28	0.0
59.0	52.2	5.3	59.2	314.5	65.0	0	0.0
67.1	48.2	6.4	43.5	222.2	66.9	0	0.0
62.0	51.5	7.1	124.2	188.2	28.8	0	0.0
68.2	64.2	10.1	157.8	223.0	23.6	52	0.0
63.6	62.9	8.3	106.7	131.7	0.0	6	0.0
59.5	56.2	9.5	299.5	130.1	4.8	1	0.0
61.8	52.6	10.8	312.9	320.6	85.8	0	0.0
58.6	54.7	5.9	153.6	126.9	10.7	0	0.0
60.4	54.7	6.8	109.8	107.2	6.9	0	0.0
59.1	48.7	9.2	245.1	277.3	66.9	53	0.0
52.1	42.4	7.0	247.5	269.6	93.8	0	0.0
52.0	42.7	4.0	236.2	291.6	100.0	0	0.0
54.9	48.0	3.6	138.0	287.6	100.0	0	0.0
62.0	55.3	9.0	200.0	244.2	100.0	0	0.0
64.5	50.0	8.2	219.8	279.9	95.0	0	0.0
56.4	39.6	8.1	255.3	243.9	95.8	0	0.0
46.2	38.0	5.0	185.5	55.9	100.0	0	0.0
44.1	32.9	10.0	284.2	318.4	100.0	0	0.0
47.4	34.6	9.1	276.9	264.6	100.0	0	0.0
57.8	42.3	7.5	252.2	260.8	100.0	0	0.0
56.5	40.3	6.4	263.5	257.1	100.0	0	0.0
54.9	49.9	7.9	106.5	223.7	93.8	0	0.0
54.0	49.7	5.9	58.5	140.6	46.9	0	0.0
53.6	49.5	6.6	142.2	216.9	47.7	0	0.0
50.2	37.8	13.2	310.6	240.7	81.0	1	0.0
48.0	32.8	10.7	296.8	239.1	100.0	0	0.0
46.9	34.6	10.7	313.8	247.9	100.0	0	0.0
11	30	1998
47.8	37.0	9.0	305.6	206.3	100.0	0	0.0
46.9	34.4	9.9	302.3	229.1	100.0	0	0.0
40.1	28.8	5.0	230.0	188.2	82.5	0	0.0
40.8	25.4	8.5	337.9	203.7	76.3	0	0.0
37.0	25.9	4.6	229.5	219.5	100.0	0	0.0
37.6	26.6	8.4	322.8	129.6	69.4	0	0.0
41.8	29.8	8.6	253.8	194.1	78.0	0	0.0
44.5	34.9	6.5	241.9	111.5	15.5	0	0.0
44.3	36.8	3.1	167.0	203.9	74.4	0	0.0
49.0	44.9	9.3	93.2	68.9	36.7	0	0.0
54.3	49.8	11.1	205.4	127.9	48.0	36	0.0
43.1	29.1	6.4	217.5	198.9	100.0	0	0.0
46.4	33.5	5.6	194.0	184.3	70.0	0	0.0
48.6	40.4	5.9	144.7	159.6	70.8	0	0.0
52.4	40.5	10.8	238.0	192.2	97.5	0	0.0
45.2	34.3	4.7	142.8	188.3	75.0	0	0.0
51.9	46.8	6.5	227.8	152.0	49.6	0	0.0
41.3	34.5	5.0	156.8	156.7	88.8	0	0.0
47.1	43.2	5.3	128.5	150.7	35.6	0	0.0
57.1	55.3	7.7	202.2	132.1	17.1	4	0.0
43.3	30.4	12.4	276.9	175.3	69.0	1	0.0
40.5	29.1	5.5	165.5	174.1	92.8	0	0.0
50.0	37.6	11.3	209.1	173.4	86.9	0	0.0
52.2	28.9	10.9	277.0	169.9	100.0	0	0.0
42.0	32.5	5.9	135.2	167.8	100.0	0	0.0
51.5	44.1	12.3	214.2	103.2	41.1	29	0.0
46.0	32.3	11.4	278.4	149.7	57.7	3	0.0
51.9	34.5	8.6	226.5	162.4	100.0	0	0.0
52.0	39.7	3.0	126.8	160.8	100.0	0	0.0
52.8	46.6	5.2	116.6	158.6	85.4	0	0.0
12	31	1998
55.5	35.6	13.1	249.2	156.9	94.7	0	0.0
49.9	30.4	7.8	180.8	156.2	100.0	0	0.0
55.9	40.0	6.9	215.0	154.8	94.4	0	0.0
63.0	51.7	7.5	238.9	152.5	78.3	0	0.0
55.1	52.8	2.0	45.0	109.5	34.4	0	0.0
56.5	51.9	3.8	137.2	150.2	82.2	0	0.0
65.0	54.3	9.5	179.8	133.6	65.5	3	0.0
50.8	47.7	7.6	141.0	64.3	3.0	16	0.0
41.5	33.2	9.1	250.9	161.8	59.7	20	0.0
39.8	28.9	4.4	201.0	146.8	100.0	0	0.0
40.6	24.9	9.1	265.5	146.8	96.9	0	0.0
37.8	26.4	3.6	127.8	145.2	97.5	0	0.0
41.1	38.8	6.0	135.2	61.8	0.0	30	0.0
35.0	24.4	7.7	257.2	143.8	97.5	0	0.0
35.0	23.3	4.8	148.4	143.2	100.0	0	0.0
37.7	28.9	4.5	191.8	142.6	100.0	0	0.0
37.5	32.8	7.6	219.3	103.6	64.9	2	0.0
34.6	21.4	8.9	206.2	141.8	95.0	0	0.0
46.0	32.3	9.9	190.3	114.0	65.1	0	0.0
47.4	40.1	5.5	147.2	60.5	20.6	0	0.0
49.5	47.1	6.4	116.0	98.4	14.1	0	0.0
46.4	33.9	18.9	258.3	112.7	54.6	8	0.0
22.7	8.9	7.2	319.2	109.9	92.5	7	28.7
24.1	19.4	8.2	307.4	140.8	100.0	4	15.7
23.5	14.2	4.3	228.5	172.5	100.0	0	0.0
21.1	14.7	3.2	187.2	141.1	100.0	0	0.0
27.7	20.1	2.4	88.5	141.3	100.0	0	0.0
37.8	34.5	3.4	195.8	96.2	18.8	19	0.0
39.1	38.2	6.6	233.0	59.1	42.5	8	0.0
29.3	17.6	16.0	278.7	142.4	100.0	1	0.0
21.5	12.6	6.2	233.8	142.9	100.0	0	0.0
