   1    31    1968
20.6	14.8	13.6	270.0	208.2	27.0	.0	2.5	
15.5	9.3	6.9	207.5	175.2	45.0	.0	.0	
28.7	27.5	5.8	227.5	115.4	98.0	.0	7.6	
29.5	25.9	10.9	232.5	109.5	76.0	.0	33.0	
12.8	1.6	15.7	290.0	235.8	2.0	.0	.0	
23.0	14.5	6.8	198.8	102.3	72.0	.0	40.6	
21.4	13.7	16.6	306.3	203.7	37.0	.0	5.1	
8.4	-2.2	15.0	290.0	231.1	3.0	.0	.0	
8.7	-3.5	7.5	300.0	164.7	71.0	.0	.0	
16.3	8.9	9.2	175.0	163.0	79.0	.0	.0	
10.0	-3.4	11.9	270.0	213.4	31.0	.0	.0	
10.5	-7.1	9.5	267.5	213.0	48.0	.0	.0	
25.9	17.8	13.4	55.0	130.2	88.0	.0	.0	
39.0	37.5	20.8	115.0	97.8	83.0	217.0	.0	
31.0	23.7	16.9	232.5	140.1	79.0	.0	.0	
19.5	3.9	18.1	311.3	239.1	13.0	.0	.0	
22.0	7.0	6.9	282.5	207.0	63.0	.0	.0	
30.7	20.8	6.6	228.8	243.4	3.0	.0	.0	
35.8	25.1	10.0	256.3	234.2	16.0	.0	.0	
36.7	23.4	10.0	262.5	250.9	37.0	.0	.0	
39.1	25.5	9.9	280.0	253.6	26.0	.0	.0	
33.8	22.6	10.3	233.8	245.1	11.0	.0	.0	
37.4	32.8	10.2	223.8	104.0	90.0	12.0	.0	
24.5	12.4	15.1	270.0	130.4	98.0	.0	2.5	
22.0	11.0	13.6	262.5	133.4	83.0	.0	.0	
25.1	6.9	10.1	315.0	275.7	3.0	.0	.0	
33.2	13.6	7.5	236.3	230.7	31.0	.0	.0	
36.1	27.0	4.9	162.5	184.5	87.0	.0	.0	
39.5	35.9	7.4	95.0	130.1	98.0	.0	.0	
45.5	37.2	7.8	158.8	171.4	98.0	12.0	.0	
38.6	31.0	16.3	57.5	168.2	91.0	.0	.0	
   2    29    1968
37.3	33.6	10.7	63.8	142.0	98.0	2.0	.0	
42.0	39.3	12.0	168.8	133.9	98.0	75.0	.0	
36.6	24.4	13.1	267.5	138.6	45.0	.0	.0	
33.7	18.1	13.1	305.0	239.6	45.0	.0	.0	
31.5	14.0	10.7	293.8	310.0	2.0	.0	.0	
32.6	12.9	9.8	272.5	302.8	3.0	.0	.0	
31.5	16.9	13.3	147.5	130.6	90.0	.0	.0	
30.4	6.9	17.4	258.8	148.7	97.0	.0	5.1	
32.6	14.0	11.0	265.0	260.7	67.0	.0	.0	
16.8	5.2	16.7	280.0	271.4	41.0	.0	15.2	
12.6	-1.1	12.7	276.3	301.5	14.0	.0	.0	
17.5	3.5	13.1	260.0	237.0	39.0	.0	.0	
17.0	-.4	17.1	276.3	269.6	20.0	.0	.0	
25.2	5.2	16.8	263.8	351.3	2.0	.0	.0	
31.9	11.4	16.9	272.5	276.6	24.0	.0	.0	
28.1	15.4	11.7	248.8	287.4	19.0	.0	.0	
31.8	12.7	19.2	261.3	265.1	36.0	.0	.0	
20.3	-4.8	13.8	277.5	278.3	28.0	.0	.0	
23.9	-1.5	13.5	250.0	353.7	12.0	.0	.0	
29.6	16.7	11.8	267.5	158.8	98.0	.0	5.1	
9.9	-4.6	16.3	300.0	389.1	10.0	.0	.0	
16.1	.5	13.8	257.5	388.5	2.0	.0	.0	
26.4	8.7	11.4	255.0	356.0	20.0	.0	.0	
22.9	9.6	8.9	158.8	278.8	51.0	.0	.0	
25.2	8.4	10.1	252.5	387.5	7.0	.0	.0	
27.2	10.2	8.9	240.0	400.8	11.0	.0	.0	
29.5	12.6	8.1	223.8	337.9	51.0	.0	.0	
31.8	25.9	6.1	127.5	333.3	65.0	.0	.0	
33.9	33.3	10.7	57.5	161.5	98.0	82.0	.0	
   3    31    1968
32.4	25.4	25.6	301.3	299.6	58.0	13.0	.0	
33.1	20.5	12.7	265.0	232.7	85.0	.0	.0	
21.0	5.5	21.3	306.3	403.7	20.0	.0	.0	
31.8	12.2	16.7	277.5	363.7	39.0	.0	.0	
39.0	27.9	11.1	258.8	371.2	54.0	.0	.0	
35.4	29.4	11.6	86.3	286.7	88.0	.0	.0	
29.3	13.4	9.8	228.8	455.6	2.0	.0	.0	
36.5	24.0	10.0	223.8	427.8	43.0	.0	.0	
46.3	37.3	6.0	170.0	257.6	74.0	.0	.0	
42.5	40.6	5.5	50.0	163.9	93.0	2.0	.0	
44.2	37.3	11.7	338.8	430.6	44.0	.0	.0	
40.5	36.7	14.1	98.8	176.9	98.0	164.0	.0	
38.4	34.9	17.4	287.5	224.8	76.0	65.0	.0	
28.6	15.2	12.7	287.5	465.4	3.0	.0	.0	
35.6	29.5	9.9	171.3	367.1	70.0	.0	.0	
46.3	42.1	11.5	177.5	210.3	97.0	.0	.0	
49.5	49.1	12.2	181.3	185.5	98.0	168.0	.0	
46.0	45.0	20.9	192.5	210.6	98.0	48.0	.0	
48.3	44.6	10.5	312.5	220.9	76.0	.0	.0	
43.6	43.0	10.6	200.0	234.6	85.0	.0	.0	
48.6	44.4	6.0	170.0	331.4	79.0	.0	.0	
53.2	47.1	12.1	140.0	447.9	55.0	.0	.0	
47.3	44.7	20.9	230.0	178.3	72.0	39.0	.0	
39.3	19.9	24.5	276.3	366.5	33.0	.0	.0	
39.4	20.6	9.5	277.5	523.4	13.0	.0	.0	
40.9	33.4	10.7	160.0	437.7	33.0	.0	.0	
54.2	41.5	8.2	222.5	505.6	16.0	.0	.0	
61.4	41.9	8.1	183.8	443.9	44.0	.0	.0	
64.6	45.4	9.7	211.3	418.6	65.0	.0	.0	
58.7	31.0	12.8	308.8	478.9	28.0	.0	.0	
54.7	38.5	14.8	200.0	477.9	54.0	.0	.0	
   4    30    1968
52.0	39.3	16.9	288.8	333.8	60.0	4.0	.0	
44.9	23.5	11.7	283.8	553.8	16.0	.0	.0	
50.4	33.8	12.0	213.8	381.4	69.0	.0	.0	
58.6	50.5	16.2	196.3	279.3	91.0	.0	.0	
57.5	44.5	16.4	232.5	321.1	63.0	11.0	.0	
37.5	23.7	11.2	115.0	586.8	2.0	.0	.0	
39.3	28.7	7.0	107.5	568.8	23.0	.0	.0	
52.3	45.6	10.8	200.0	384.8	62.0	1.0	.0	
66.2	37.0	16.4	272.5	512.6	38.0	.0	.0	
54.1	29.1	9.6	217.5	283.2	98.0	.0	.0	
48.7	40.0	7.2	223.8	431.2	41.0	.0	.0	
47.6	36.0	7.6	238.8	586.2	13.0	.0	.0	
59.9	37.6	6.2	203.8	593.9	11.0	.0	.0	
54.6	34.9	9.9	112.5	558.7	18.0	.0	.0	
49.3	45.1	12.0	228.8	256.9	83.0	.0	.0	
50.6	31.0	11.9	232.5	493.8	21.0	.0	.0	
48.8	29.9	10.8	212.5	609.3	10.0	.0	.0	
56.0	36.7	8.9	217.5	550.9	41.0	.0	.0	
55.2	42.7	8.6	147.5	607.3	28.0	.0	.0	
52.9	43.0	10.8	143.8	542.6	52.0	.0	.0	
50.5	43.9	6.6	103.8	398.7	76.0	.0	.0	
49.3	45.0	9.2	126.3	259.4	85.0	.0	.0	
45.2	41.7	12.7	87.5	287.4	92.0	.0	.0	
52.7	51.3	14.1	150.0	266.5	98.0	113.0	.0	
49.8	35.1	13.4	275.0	388.1	44.0	.0	.0	
50.1	35.5	10.6	191.3	557.3	46.0	.0	.0	
55.7	47.9	8.7	248.8	329.6	75.0	4.0	.0	
49.9	34.3	9.6	187.5	575.6	23.0	.0	.0	
52.5	38.8	7.9	238.8	354.1	79.0	.0	.0	
50.2	40.6	8.8	177.5	414.9	72.0	17.0	.0	
   5    31    1968
48.0	35.6	8.8	212.5	453.1	39.0	3.0	.0	
54.5	38.9	12.0	275.0	613.8	42.0	2.0	.0	
67.1	48.1	9.8	180.0	545.5	65.0	.0	.0	
65.6	49.1	7.5	233.8	399.3	92.0	.0	.0	
55.9	39.7	11.4	127.5	410.5	84.0	.0	.0	
50.9	35.6	11.2	281.3	472.6	58.0	.0	.0	
53.4	22.5	11.2	302.5	653.9	9.0	.0	.0	
54.4	34.5	11.1	158.8	570.6	58.0	.0	.0	
62.5	47.1	16.3	205.0	546.4	62.0	.0	.0	
68.0	50.9	11.4	227.5	487.1	80.0	.0	.0	
57.4	45.2	9.7	66.3	272.7	85.0	2.0	.0	
66.9	63.1	12.7	190.0	306.7	98.0	95.0	.0	
53.1	50.7	12.7	70.0	292.8	87.0	.0	.0	
51.2	45.6	8.2	87.5	527.7	74.0	.0	.0	
58.5	52.4	4.9	110.0	331.8	92.0	.0	.0	
59.1	54.4	9.3	141.3	282.8	91.0	3.0	.0	
71.4	50.6	11.1	275.0	562.9	66.0	.0	.0	
65.6	55.6	6.7	152.5	298.5	75.0	.0	.0	
62.7	47.6	9.3	245.0	651.5	30.0	14.0	.0	
56.3	39.7	15.3	266.3	508.4	31.0	.0	.0	
59.4	41.9	11.1	272.5	533.1	28.0	.0	.0	
60.9	39.9	9.3	287.5	558.7	32.0	.0	.0	
57.7	44.6	6.9	175.0	277.7	92.0	17.0	.0	
57.3	53.5	8.7	158.8	326.7	98.0	16.0	.0	
62.3	45.1	7.7	201.3	661.5	30.0	.0	.0	
63.6	43.1	7.5	146.3	590.8	52.0	.0	.0	
51.6	40.6	20.3	78.8	272.7	98.0	9.0	.0	
53.4	50.6	21.6	82.5	287.2	98.0	159.0	.0	
63.5	56.9	8.1	217.5	457.9	55.0	210.0	.0	
62.0	57.1	8.1	157.5	498.5	53.0	25.0	.0	
63.5	51.9	13.4	286.3	524.6	70.0	.0	.0	
   6    30    1968
63.7	51.9	9.4	237.5	568.0	57.0	.0	.0	
68.8	59.5	10.1	202.5	309.0	98.0	.0	.0	
67.9	59.8	9.3	243.8	322.9	80.0	5.0	.0	
66.6	51.3	9.5	312.5	603.0	16.0	.0	.0	
68.3	52.4	8.6	232.5	633.8	21.0	.0	.0	
77.4	57.2	10.5	245.0	701.5	3.0	.0	.0	
76.5	62.2	9.8	222.5	572.3	79.0	.0	.0	
75.8	66.6	8.4	191.3	535.7	87.0	.0	.0	
76.6	68.9	9.1	200.0	537.7	81.0	.0	.0	
67.3	62.4	8.1	77.5	429.8	84.0	.0	.0	
64.7	60.0	7.7	92.5	329.7	98.0	.0	.0	
69.5	68.2	11.4	173.8	314.3	98.0	121.0	.0	
64.9	58.2	10.4	242.5	493.5	81.0	1.0	.0	
64.3	53.7	10.2	295.0	691.9	28.0	.0	.0	
71.7	60.3	8.1	188.8	675.1	16.0	.0	.0	
73.2	65.3	6.8	133.8	558.8	58.0	3.0	.0	
65.8	63.3	6.4	211.3	306.7	98.0	76.0	.0	
65.1	60.3	7.4	175.0	500.2	77.0	.0	.0	
68.0	62.3	8.6	170.0	496.8	75.0	19.0	.0	
66.6	50.5	12.6	293.8	703.7	15.0	.0	.0	
62.3	45.0	8.4	265.0	624.7	62.0	.0	.0	
72.4	62.7	11.7	201.3	618.2	55.0	.0	.0	
72.9	62.5	8.4	171.3	651.6	30.0	.0	.0	
71.4	65.2	8.8	186.3	479.3	73.0	.0	.0	
80.0	68.6	7.6	217.5	553.5	67.0	.0	.0	
76.6	68.0	12.8	173.8	480.3	72.0	.0	.0	
62.3	59.4	12.9	75.0	286.1	98.0	60.0	.0	
67.8	59.9	10.2	201.3	422.9	72.0	1.0	.0	
71.8	58.9	11.9	217.5	660.9	27.0	.0	.0	
83.9	66.9	11.7	261.3	640.6	27.0	.0	.0	
   7    31    1968
86.3	69.0	10.7	261.3	716.5	3.0	.0	.0	
82.4	69.2	10.7	241.3	609.9	40.0	20.0	.0	
71.9	65.8	5.8	146.3	310.8	98.0	5.0	.0	
67.3	64.0	6.2	71.3	335.2	92.0	1.0	.0	
68.0	61.1	5.8	137.5	569.5	49.0	.0	.0	
64.7	59.7	7.2	188.8	395.8	53.0	20.0	.0	
66.9	54.7	6.8	96.3	644.6	21.0	.0	.0	
72.5	62.7	8.9	178.8	511.0	60.0	.0	.0	
74.7	65.9	9.6	185.0	511.5	93.0	.0	.0	
70.5	67.9	10.9	77.5	273.1	98.0	20.0	.0	
69.0	64.1	9.1	70.0	374.5	76.0	.0	.0	
70.6	63.4	5.9	113.8	572.1	39.0	.0	.0	
73.3	65.3	4.6	103.8	617.1	65.0	.0	.0	
76.3	69.3	7.0	150.0	410.7	87.0	.0	.0	
78.7	70.7	6.1	132.5	381.9	82.0	.0	.0	
83.9	71.6	8.1	271.3	594.6	44.0	.0	.0	
83.5	71.8	6.1	225.0	572.9	15.0	.0	.0	
82.1	73.4	8.6	153.8	568.6	27.0	.0	.0	
78.2	72.8	10.6	175.6	426.1	78.0	.0	.0	
74.6	63.6	7.9	212.5	477.8	53.0	.0	.0	
72.2	57.4	7.2	186.3	591.8	23.0	.0	.0	
75.4	63.0	12.1	206.3	656.3	11.0	.0	.0	
79.1	69.6	8.6	232.5	544.5	43.0	36.0	.0	
80.3	70.8	10.1	200.0	548.8	58.0	73.0	.0	
77.7	69.0	6.1	225.0	465.9	91.0	.0	.0	
72.7	62.5	9.6	92.5	626.4	40.0	.0	.0	
71.7	61.5	7.3	153.8	583.0	55.0	.0	.0	
78.2	67.0	10.8	255.0	462.0	62.0	.0	.0	
69.9	52.8	7.4	313.8	603.3	35.0	.0	.0	
68.9	58.0	8.5	148.8	569.4	15.0	.0	.0	
73.4	66.9	10.5	136.3	387.6	63.0	.0	.0	
   8    31    1968
81.2	72.3	14.1	213.8	557.9	55.0	.0	.0	
78.3	71.2	9.2	206.3	319.4	98.0	27.0	.0	
77.3	71.9	10.4	211.3	451.4	80.0	147.0	.0	
79.6	70.4	9.7	253.8	470.5	85.0	5.0	.0	
76.5	68.2	8.4	170.0	579.2	63.0	.0	.0	
77.1	70.7	9.9	152.5	420.5	88.0	.0	.0	
81.3	72.3	9.1	223.8	500.8	86.0	.0	.0	
79.7	67.8	8.8	260.0	551.6	45.0	.0	.0	
79.5	71.4	10.1	218.8	502.6	57.0	.0	.0	
80.4	72.1	9.1	270.0	368.4	77.0	24.0	.0	
66.9	50.1	10.2	272.5	567.2	25.0	.0	.0	
65.4	50.1	7.1	213.8	636.0	2.0	.0	.0	
69.5	57.4	10.0	201.3	538.8	29.0	.0	.0	
75.8	67.5	9.8	233.8	272.3	91.0	.0	.0	
72.0	56.4	9.4	230.0	612.3	29.0	.0	.0	
73.3	63.7	9.8	192.5	393.3	73.0	.0	.0	
79.4	72.1	10.7	238.8	507.0	76.0	16.0	.0	
73.1	65.7	10.5	178.8	528.9	38.0	.0	.0	
71.5	59.4	9.2	151.3	345.5	88.0	.0	.0	
82.2	70.7	10.7	211.3	569.4	49.0	.0	.0	
82.0	65.0	11.5	272.5	549.3	27.0	.0	.0	
75.0	62.4	11.0	201.3	566.4	33.0	.0	.0	
76.6	69.5	10.9	171.3	419.2	81.0	1.0	.0	
76.6	71.1	6.3	173.8	332.3	79.0	.0	.0	
83.5	71.6	10.5	228.8	479.3	20.0	.0	.0	
72.1	55.9	11.8	300.0	472.2	36.0	.0	.0	
61.6	48.6	8.8	252.5	468.7	29.0	.0	.0	
60.5	46.9	8.8	165.0	386.7	69.0	.0	.0	
62.0	49.1	9.8	205.0	522.0	45.0	.0	.0	
62.1	48.3	6.5	183.8	424.4	19.0	.0	.0	
63.4	50.1	6.2	137.5	476.6	39.0	.0	.0	
   9    30    1968
65.2	58.1	8.6	45.0	218.4	94.0	8.0	.0	
70.2	64.5	8.4	182.5	462.0	72.0	.0	.0	
71.0	62.0	6.9	193.8	477.3	53.0	3.0	.0	
72.7	61.6	6.5	200.0	439.4	49.0	.0	.0	
70.9	66.2	12.2	88.8	226.1	93.0	.0	.0	
70.5	67.7	14.4	172.5	221.0	98.0	19.0	.0	
69.3	59.3	8.2	157.5	528.8	21.0	.0	.0	
65.8	59.0	7.5	168.8	447.2	44.0	.0	.0	
66.3	58.4	9.0	75.0	423.9	57.0	.0	.0	
73.0	67.5	14.5	107.5	317.4	90.0	10.0	.0	
70.5	61.3	14.0	250.0	411.5	41.0	3.0	.0	
64.2	50.2	12.8	275.0	427.0	16.0	.0	.0	
64.4	48.3	13.3	285.0	530.1	2.0	.0	.0	
61.4	44.8	7.7	185.0	532.6	2.0	.0	.0	
60.7	50.4	8.2	161.3	511.6	2.0	.0	.0	
60.8	53.2	7.4	228.8	430.0	16.0	.0	.0	
60.2	50.7	5.9	95.0	428.8	49.0	.0	.0	
58.5	45.4	8.5	151.3	502.0	2.0	.0	.0	
58.5	46.2	9.1	158.8	400.3	29.0	.0	.0	
63.0	48.0	7.9	196.3	460.4	8.0	.0	.0	
64.3	56.2	6.8	141.3	445.2	33.0	.0	.0	
69.9	56.6	6.8	191.3	468.8	2.0	.0	.0	
73.8	60.8	8.9	258.8	431.4	31.0	.0	.0	
72.4	60.5	8.9	185.0	463.5	3.0	.0	.0	
72.7	64.1	11.0	207.5	449.2	8.0	.0	.0	
71.7	61.5	7.1	231.3	345.3	79.0	.0	.0	
65.1	50.0	7.4	143.8	393.5	42.0	.0	.0	
63.2	46.0	8.8	315.0	438.2	20.0	.0	.0	
56.0	41.0	10.5	325.0	407.6	14.0	.0	.0	
60.1	41.9	11.5	256.3	398.5	44.0	.0	.0	
  10    31    1968
66.4	48.7	9.8	255.0	456.0	21.0	.0	.0	
67.8	55.3	9.3	166.3	353.7	64.0	.0	.0	
71.0	63.4	13.6	203.8	326.6	74.0	74.0	.0	
54.3	33.8	15.3	292.5	404.8	37.0	.0	.0	
46.2	29.3	11.4	293.8	395.4	5.0	.0	.0	
50.5	33.4	9.4	222.5	340.9	69.0	12.0	.0	
60.3	54.5	14.4	248.8	270.8	57.0	112.0	.0	
53.0	46.0	9.6	187.5	323.5	29.0	.0	.0	
50.6	45.0	9.4	76.3	181.7	74.0	.0	.0	
52.4	41.5	8.6	116.3	296.5	68.0	.0	.0	
56.2	48.1	5.1	121.3	176.5	98.0	.0	.0	
59.0	51.6	5.2	148.8	308.1	80.0	.0	.0	
62.1	57.3	5.8	182.5	197.4	72.0	.0	.0	
59.7	56.0	4.9	55.0	168.4	92.0	.0	.0	
60.5	55.4	4.7	88.8	279.8	65.0	.0	.0	
59.8	55.8	3.3	68.8	255.9	53.0	.0	.0	
62.3	56.4	5.1	100.0	278.0	54.0	.0	.0	
65.7	58.4	6.2	126.3	287.7	65.0	.0	.0	
67.5	64.6	12.4	232.5	138.9	98.0	39.0	.0	
56.6	41.9	11.4	315.0	222.6	60.0	.0	.0	
52.2	37.2	13.6	293.8	356.7	4.0	.0	.0	
54.1	42.6	8.4	203.8	290.4	35.0	.0	.0	
61.2	46.5	9.3	276.3	335.8	19.0	.0	.0	
59.6	52.3	7.5	75.0	135.7	84.0	.0	.0	
55.7	48.6	12.4	298.8	237.2	72.0	12.0	.0	
45.1	31.4	15.5	268.8	200.2	41.0	.0	.0	
48.6	32.5	12.7	240.0	326.7	8.0	.0	.0	
50.5	41.6	9.3	188.8	123.2	65.0	24.0	.0	
43.1	32.7	15.3	267.5	188.6	45.0	.0	.0	
37.1	25.9	11.7	296.3	231.4	33.0	.0	.0	
36.4	24.9	9.8	286.3	329.0	2.0	.0	.0	
  11    30    1968
45.2	35.6	4.4	160.0	319.6	21.0	.0	.0	
60.6	48.6	11.3	258.8	264.5	46.0	.0	.0	
49.8	39.0	4.3	97.5	187.2	68.0	.0	.0	
50.2	45.5	7.2	82.5	126.7	98.0	17.0	.0	
52.3	45.6	9.5	47.5	197.2	88.0	.0	.0	
48.7	41.9	9.2	95.0	149.9	88.0	.0	.0	
51.1	49.1	11.4	192.5	138.9	98.0	52.0	.0	
45.0	40.8	12.4	287.5	138.9	90.0	3.0	.0	
40.6	34.5	7.1	236.3	122.4	73.0	20.0	.0	
38.5	37.5	14.7	220.0	125.3	98.0	64.0	.0	
40.6	33.5	8.9	151.3	163.7	81.0	6.0	.0	
40.8	38.0	20.8	158.8	109.9	98.0	78.0	.0	
34.2	22.1	22.2	281.3	121.9	75.0	.0	.0	
36.2	22.3	12.7	277.5	236.4	43.0	.0	.0	
47.5	34.1	8.4	167.5	140.4	93.0	.0	.0	
51.5	37.8	11.3	150.0	142.6	93.0	.0	.0	
48.2	45.0	9.1	48.8	117.4	98.0	3.0	.0	
52.2	51.1	14.3	195.0	113.5	98.0	61.0	.0	
39.5	28.0	15.3	280.0	206.9	51.0	3.0	.0	
31.5	16.6	19.0	271.3	203.3	20.0	.0	.0	
31.3	17.4	13.4	251.3	228.4	45.0	.0	.0	
41.6	26.4	13.9	257.5	212.7	29.0	.0	.0	
38.9	28.9	7.9	220.0	214.3	46.0	.0	.0	
50.2	42.9	10.8	212.5	202.4	63.0	.0	.0	
41.8	29.2	15.3	303.8	188.0	50.0	.0	.0	
36.6	23.5	10.7	257.5	197.2	54.0	.0	.0	
49.7	33.7	12.9	230.0	97.6	98.0	.0	.0	
52.9	47.4	15.4	157.5	108.0	98.0	3.0	.0	
54.4	42.6	20.0	250.0	153.3	53.0	.0	.0	
36.1	24.8	10.8	228.8	124.1	98.0	.0	.0	
  12    31    1968
35.8	28.6	9.4	152.5	129.3	84.0	1.0	.0	
47.1	44.6	8.9	240.0	172.7	87.0	21.0	.0	
43.0	36.4	8.7	158.8	129.7	89.0	1.0	.0	
49.8	46.9	17.4	191.3	88.4	97.0	150.0	.0	
36.2	19.4	24.2	255.0	199.1	31.0	.0	.0	
27.5	10.1	16.4	268.8	220.8	18.0	.0	.0	
24.4	13.5	8.9	293.8	119.7	76.0	.0	.0	
24.7	12.1	17.3	305.0	163.7	42.0	.0	.0	
16.9	1.0	18.3	305.0	212.5	2.0	.0	.0	
11.3	-5.8	13.3	323.8	231.5	8.0	.0	.0	
22.8	7.3	7.5	327.5	171.4	54.0	.0	.0	
29.9	14.0	7.5	211.3	173.2	45.0	.0	.0	
47.2	31.1	15.1	201.3	161.9	40.0	.0	.0	
48.2	41.3	13.6	222.5	90.2	95.0	50.0	.0	
21.5	15.6	25.5	305.0	134.8	85.0	.0	109.2	
21.9	4.9	17.7	272.5	238.0	5.0	.0	.0	
29.2	9.7	18.1	263.8	232.6	2.0	.0	.0	
28.3	12.9	7.2	228.8	176.9	52.0	.0	.0	
39.7	27.7	7.0	166.3	162.7	91.0	6.0	.0	
39.5	30.5	11.9	263.8	136.5	55.0	1.0	.0	
38.2	23.3	14.1	310.0	102.3	87.0	.0	.0	
34.2	23.7	6.8	191.3	107.4	91.0	34.0	.0	
42.6	32.8	16.3	245.0	99.5	76.0	27.0	.0	
27.8	9.1	23.6	280.0	141.3	34.0	.0	.0	
18.4	-.5	20.3	288.8	146.3	26.0	.0	.0	
20.5	2.4	8.6	286.3	146.7	78.0	.0	.0	
32.2	17.4	7.1	131.3	107.4	93.0	.0	.0	
51.4	43.3	20.6	198.8	84.7	91.0	8.0	.0	
37.4	18.7	20.6	282.5	131.5	58.0	.0	.0	
25.8	12.4	10.0	230.0	195.7	43.0	.0	.0	
34.7	27.1	4.6	161.3	95.3	98.0	47.0	.0	
