01	31	2015
34.0	16.0	9.4	231.5	175.4	100.0	0	0.0
35.8	20.4	6.8	219.0	176.2	100.0	0	0.0
38.1	35.2	3.9	58.6	68.0	45.0	39	0.0
54.9	52.5	11.7	222.9	126.5	28.3	14	0.0
36.8	16.9	16.6	295.2	140.0	71.9	0	0.0
20.6	12.8	4.8	226.9	86.4	46.9	8	39.9
18.2	7.5	14.3	260.0	151.9	82.8	0	0.0
14.4	1.3	11.4	263.1	182.2	100.0	0	0.0
28.5	9.0	11.5	251.0	125.4	74.5	0	0.0
17.7	3.9	9.7	253.3	184.8	100.0	0	0.0
25.1	12.7	3.8	86.7	186.3	91.7	0	0.0
37.0	31.9	5.5	234.5	74.9	6.2	69	0.0
30.1	18.8	12.2	210.1	156.8	49.1	0	0.0
29.8	24.3	9.3	147.5	82.8	9.7	1	1.3
30.6	21.3	5.7	237.7	126.4	51.6	0	0.0
33.5	19.9	12.8	282.9	183.0	91.7	0	0.0
23.0	6.7	5.4	151.9	196.5	100.0	0	0.0
42.0	39.1	6.8	169.0	76.2	19.3	87	0.0
38.2	27.5	10.5	260.6	138.9	44.8	0	0.0
36.0	25.9	4.2	209.6	125.8	57.8	0	0.0
29.8	25.0	6.3	188.1	124.3	44.0	6	14.7
31.8	29.2	6.2	273.4	89.8	25.9	0	0.0
30.9	24.9	3.3	116.0	209.7	75.0	12	11.0
35.4	33.0	12.3	203.7	91.9	30.1	85	59.8
39.7	29.1	9.4	202.7	164.4	40.1	0	0.0
32.9	28.9	18.9	55.9	89.3	6.2	13	25.2
27.0	18.3	16.1	332.3	122.9	35.8	3	12.4
24.1	6.3	15.0	317.3	223.2	100.0	0	0.0
27.2	14.5	5.7	187.5	203.3	63.5	0	0.0
34.4	22.4	18.2	283.7	133.3	33.3	0	0.0
21.5	3.1	18.4	299.4	232.0	100.0	0	0.0
02	28	2015
31.1	17.3	5.5	194.4	122.7	37.5	0	0.0
38.0	33.1	16.6	242.8	100.2	24.3	81	0.0
23.1	7.2	9.4	244.4	241.4	100.0	0	0.0
34.9	25.3	8.4	164.6	243.6	81.2	0	0.0
29.8	14.8	15.9	309.2	160.9	74.0	0	0.0
22.4	2.8	8.6	252.5	215.9	89.6	0	0.0
31.4	19.2	4.5	111.9	245.8	78.1	0	0.0
41.8	30.6	3.9	73.2	258.4	88.3	0	0.0
32.3	30.9	13.8	33.9	101.5	5.3	0	0.0
32.5	23.3	14.5	24.9	171.7	28.3	0	0.0
28.5	17.8	8.8	64.9	269.2	81.9	0	0.0
30.7	20.0	9.9	219.5	113.0	41.0	0	0.0
16.5	0.3	14.7	257.3	276.7	100.0	0	0.0
25.6	16.3	9.0	158.3	130.7	22.4	6	15.3
12.1	1.6	26.1	301.3	277.7	74.4	1	4.4
10.1	0.6	13.0	295.4	270.4	66.7	2	13.3
17.5	12.0	6.6	254.9	137.7	51.4	30	230.2
20.8	7.5	5.6	196.7	296.5	87.0	0	0.0
15.1	2.5	18.1	286.5	242.0	77.1	0	0.0
7.4	2.0	13.4	245.8	304.9	100.0	0	0.0
20.0	16.0	6.5	129.6	204.8	50.5	34	74.9
36.1	33.4	3.8	214.3	208.7	46.5	32	0.0
26.9	11.3	13.8	330.6	206.0	55.7	0	0.0
16.0	5.3	5.6	172.5	319.8	74.5	0	0.0
27.8	14.3	7.2	181.9	326.4	97.9	0	0.0
26.8	18.6	8.4	84.5	163.8	46.1	9	36.0
23.2	12.5	6.6	288.5	291.2	72.4	0	0.0
21.6	3.6	5.3	236.9	339.7	100.0	0	0.0
03	31	2015
25.2	20.1	2.1	82.6	143.2	26.6	32	89.3
34.6	24.4	11.4	281.3	324.1	61.2	0	0.0
28.9	20.7	6.1	144.3	246.5	49.8	24	36.2
42.3	40.8	6.3	220.1	145.8	10.4	16	0.0
29.6	26.9	11.7	326.5	201.1	14.1	54	141.1
17.0	9.2	6.6	216.7	337.2	90.4	0	0.0
26.7	16.1	6.2	182.3	370.6	93.8	0	0.0
41.1	24.6	9.8	205.2	376.1	95.3	0	0.0
43.4	29.3	5.8	173.8	380.7	80.7	0	0.0
43.9	38.2	5.0	94.1	298.5	57.6	23	0.0
52.3	43.4	7.6	259.7	388.8	79.7	0	0.0
43.0	15.3	12.3	297.3	394.6	100.0	0	0.0
37.1	19.0	6.8	136.9	399.2	84.4	9	0.0
49.8	47.9	10.4	212.6	160.5	7.3	74	0.0
43.2	31.4	16.4	297.7	175.0	40.1	0	0.0
41.9	29.6	5.7	186.7	411.0	90.6	0	0.0
52.3	32.6	15.3	277.5	364.8	81.2	0	0.0
36.1	8.4	13.8	257.1	422.7	100.0	0	0.0
32.5	15.0	5.3	168.3	427.4	100.0	0	0.0
33.7	30.4	10.1	60.6	200.0	21.5	57	128.1
41.5	34.1	9.5	271.5	335.4	35.5	3	7.0
40.5	19.4	9.3	242.5	441.3	91.7	0	0.0
32.6	13.2	7.1	173.1	446.0	88.5	0	0.0
32.9	13.5	3.7	115.8	226.8	37.5	0	0.0
37.1	29.5	4.9	79.4	283.6	51.0	2	0.0
54.0	52.1	10.4	187.7	219.3	16.5	11	0.0
42.6	37.2	10.5	324.7	186.9	8.0	2	0.0
36.4	19.3	14.4	320.2	333.2	41.1	0	0.0
34.5	9.0	10.6	294.2	473.4	82.8	0	0.0
44.6	28.2	10.4	238.8	276.6	41.7	2	0.0
45.4	29.5	8.9	218.4	295.0	58.5	10	0.0
04	30	2015
41.9	24.6	9.6	276.7	487.3	97.9	0	0.0
48.9	32.8	11.1	174.4	491.8	97.9	0	0.0
57.4	51.9	10.6	201.8	241.9	40.2	5	0.0
55.2	30.8	18.7	283.3	478.7	72.9	0	0.0
51.1	24.4	13.4	224.6	505.3	100.0	0	0.0
57.5	38.6	11.4	189.3	509.7	99.0	0	0.0
54.6	49.7	9.5	147.4	219.7	15.6	27	0.0
41.3	39.2	16.9	50.1	255.6	16.0	7	0.0
40.2	38.0	12.1	51.7	156.7	21.8	0	0.0
53.1	50.3	5.4	140.7	329.1	38.9	5	0.0
54.5	34.3	10.7	251.0	525.7	97.9	0	0.0
48.8	30.1	5.7	162.9	535.5	100.0	0	0.0
55.4	42.0	9.3	137.8	470.6	100.0	0	0.0
56.3	52.5	7.8	149.5	238.4	28.3	27	0.0
57.5	26.5	5.4	152.3	382.3	100.0	0	0.0
55.0	38.7	7.8	97.5	551.8	94.8	0	0.0
61.9	54.7	6.8	201.5	303.6	27.6	13	0.0
64.6	48.2	6.3	118.2	558.3	91.4	0	0.0
52.6	39.9	14.3	77.9	563.5	84.4	0	0.0
59.5	55.5	14.0	151.5	359.8	49.3	42	0.0
60.2	42.1	10.2	227.1	474.8	66.5	3	0.0
56.7	40.0	12.6	193.0	458.9	67.4	3	0.0
46.6	26.0	14.8	265.4	290.9	50.0	0	0.0
45.4	21.0	14.5	265.4	544.6	61.5	0	0.0
45.7	25.2	6.0	228.8	478.4	80.2	0	0.0
49.5	33.0	8.4	186.7	580.5	87.5	0	0.0
52.3	31.7	12.1	280.2	304.4	40.6	0	0.0
57.5	37.6	12.2	291.5	426.2	51.0	0	0.0
62.6	39.8	7.3	274.6	478.2	79.7	0	0.0
56.5	46.1	10.4	78.3	564.7	55.2	0	0.0
05	31	2015
49.8	40.6	11.7	102.5	538.3	77.1	0	0.0
52.2	41.5	7.4	189.6	591.6	80.2	0	0.0
59.6	46.2	5.6	153.3	605.2	76.0	0	0.0
68.2	44.2	9.7	149.0	593.2	94.3	0	0.0
73.3	54.8	8.2	241.2	538.4	73.4	8	0.0
65.2	54.4	8.2	79.3	503.7	46.2	1	0.0
60.6	52.8	5.9	120.5	621.7	85.8	0	0.0
63.5	55.0	4.7	107.4	621.0	88.0	0	0.0
64.2	61.3	5.7	87.2	441.5	56.4	3	0.0
70.7	64.8	8.0	157.0	498.7	56.6	0	0.0
70.6	65.7	9.8	174.4	386.1	27.8	0	0.0
77.3	60.4	11.0	245.2	573.6	63.0	0	0.0
63.5	40.4	14.2	298.3	495.9	68.8	0	0.0
57.3	36.6	8.4	199.4	642.7	95.8	0	0.0
60.6	41.6	7.2	181.5	645.2	85.9	0	0.0
69.8	59.4	6.7	174.6	592.8	72.9	0	0.0
75.3	65.3	6.2	217.9	523.0	59.4	0	0.0
67.9	62.8	6.7	89.8	411.0	33.5	0	0.0
72.5	63.8	5.9	169.8	449.3	54.3	0	0.0
62.5	44.9	9.9	279.1	542.9	89.1	0	0.0
51.9	45.0	3.9	131.2	291.2	30.1	39	0.0
62.0	44.2	10.9	283.5	613.0	85.9	0	0.0
58.2	36.5	7.2	236.7	663.5	100.0	0	0.0
63.2	49.1	9.2	176.9	665.5	100.0	0	0.0
71.2	56.6	11.1	197.1	667.5	100.0	0	0.0
72.2	61.1	12.8	196.0	660.9	92.7	0	0.0
71.9	63.4	11.1	190.4	632.5	83.7	0	0.0
73.2	65.0	7.7	175.4	664.0	85.9	0	0.0
71.1	59.7	7.5	104.4	674.6	96.2	0	0.0
73.1	64.6	11.0	187.4	649.1	80.2	0	0.0
74.7	65.1	11.9	191.9	677.7	97.9	0	0.0
06	30	2015
69.4	65.4	8.0	157.1	515.2	34.9	107	0.0
55.6	53.8	9.8	38.4	320.0	24.6	43	0.0
57.6	51.8	11.8	56.7	292.1	8.3	2	0.0
58.3	52.9	14.1	62.5	355.9	17.0	10	0.0
59.7	56.6	7.6	70.7	285.5	6.9	0	0.0
64.1	59.3	5.6	160.9	296.1	46.0	1	0.0
63.1	52.7	7.1	111.4	686.7	99.0	0	0.0
69.4	60.1	12.9	186.0	659.3	66.2	2	0.0
75.3	62.2	8.9	217.2	572.5	68.8	1	0.0
72.4	58.4	6.5	151.2	657.6	93.8	0	0.0
78.6	65.7	8.0	199.8	690.4	100.0	0	0.0
80.4	70.6	8.5	191.9	688.0	99.0	0	0.0
79.2	66.7	9.2	234.8	659.9	79.2	0	0.0
75.8	64.5	7.6	153.4	691.6	77.1	20	0.0
78.8	71.7	8.2	223.8	596.3	69.3	0	0.0
77.7	69.5	8.0	211.4	549.4	72.3	15	0.0
71.2	60.2	10.7	153.3	691.4	80.7	0	0.0
67.2	63.5	7.3	105.6	351.6	21.4	33	0.0
77.0	68.4	7.0	208.3	635.5	60.5	13	0.0
76.1	70.0	8.7	111.8	550.5	47.4	4	0.0
80.0	70.3	11.2	246.3	615.5	61.1	41	0.0
80.5	64.4	8.1	269.6	695.1	96.9	0	0.0
80.8	70.6	11.0	227.1	678.1	84.1	27	0.0
75.1	62.1	7.4	291.9	677.8	91.4	0	0.0
72.7	59.2	5.0	127.3	565.4	60.4	26	0.0
69.1	63.1	5.9	79.3	394.7	43.9	16	0.0
68.1	63.8	11.0	100.9	340.1	36.0	130	0.0
75.0	62.2	11.4	242.8	587.2	55.8	23	0.0
71.4	57.5	8.5	242.9	564.5	77.6	0	0.0
74.0	66.1	9.0	139.4	631.8	76.6	0	0.0
07	31	2015
77.5	65.6	9.2	218.4	606.6	59.9	61	0.0
68.4	65.8	3.1	87.3	347.0	39.2	41	0.0
70.2	62.3	4.7	104.7	676.8	92.6	0	0.0
72.8	63.8	7.6	69.8	540.0	44.3	0	0.0
73.8	63.9	4.0	118.5	577.3	66.7	0	0.0
76.4	70.6	6.6	112.6	517.0	47.4	0	0.0
81.3	72.8	8.8	198.2	578.9	51.5	0	0.0
79.9	73.2	6.6	209.6	562.3	77.1	36	0.0
77.8	72.5	6.4	183.4	471.1	57.3	20	0.0
76.9	64.7	9.5	264.8	682.6	96.9	0	0.0
74.7	64.9	4.6	125.4	624.8	82.8	0	0.0
75.3	62.3	3.7	149.0	641.1	92.0	0	0.0
75.6	62.2	5.0	139.2	677.4	79.2	0	0.0
77.8	71.0	7.3	152.2	492.7	52.5	14	0.0
73.7	70.0	7.5	240.1	424.7	38.6	128	0.0
69.5	59.4	7.8	132.3	637.8	66.7	0	0.0
71.4	59.5	6.1	96.9	676.2	90.6	0	0.0
78.2	70.3	8.3	192.2	609.8	62.3	0	0.0
82.5	74.6	6.3	189.8	589.8	83.5	0	0.0
85.2	73.4	7.3	250.2	660.2	94.3	0	0.0
79.5	72.4	5.6	202.4	574.0	66.7	1	0.0
75.0	60.0	9.0	287.5	644.2	91.2	0	0.0
73.3	57.3	4.7	236.0	659.2	97.9	0	0.0
72.3	59.0	4.7	169.8	628.9	94.8	0	0.0
75.2	59.4	5.1	132.7	633.4	96.9	0	0.0
77.3	64.5	9.5	193.3	614.2	84.9	0	0.0
76.5	69.4	6.6	174.0	431.3	39.1	34	0.0
78.5	72.5	4.1	134.6	507.8	60.4	15	0.0
80.7	72.5	5.8	169.3	626.6	92.9	0	0.0
80.0	73.1	8.8	200.8	595.9	71.3	1	0.0
79.6	64.2	6.9	285.9	629.6	90.9	0	0.0
08	31	2015
81.3	63.7	7.7	231.0	636.8	83.3	0	0.0
78.1	62.6	6.0	245.2	631.2	97.4	0	0.0
79.9	68.0	9.2	201.7	634.5	98.4	0	0.0
83.0	69.6	8.6	209.0	595.0	78.3	13	0.0
78.0	62.8	7.2	260.0	624.2	90.6	7	0.0
72.8	61.6	4.8	86.0	603.2	78.1	3	0.0
71.3	62.4	8.7	58.1	457.2	60.9	0	0.0
69.6	60.1	6.7	104.0	627.4	100.0	0	0.0
71.2	59.6	6.2	155.2	482.3	63.0	0	0.0
73.0	63.5	6.2	121.0	404.6	36.5	7	0.0
73.9	69.5	8.4	197.5	356.6	28.6	43	0.0
75.0	63.1	7.2	270.0	581.5	94.3	0	0.0
72.9	57.3	5.9	270.0	588.8	83.3	0	0.0
73.7	57.9	4.1	157.7	609.6	100.0	0	0.0
77.0	62.9	5.6	196.2	597.5	96.3	0	0.0
78.6	64.0	6.6	232.1	603.3	100.0	0	0.0
79.2	66.7	7.0	202.3	600.1	100.0	0	0.0
78.5	70.7	7.7	161.2	491.9	73.7	0	0.0
80.2	72.7	8.2	148.8	503.3	59.5	0	0.0
80.1	74.2	11.7	145.6	374.6	26.5	1	0.0
78.1	69.2	5.4	226.2	461.5	60.2	24	0.0
73.2	58.5	7.5	230.2	580.0	98.4	0	0.0
71.8	62.4	4.3	159.0	518.5	84.2	0	0.0
76.2	63.7	4.9	136.7	547.8	82.5	0	0.0
78.8	65.6	6.0	220.4	441.0	59.2	0	0.0
72.1	54.1	6.1	256.0	536.7	90.1	0	0.0
69.7	55.1	5.0	231.5	486.0	74.5	0	0.0
70.2	55.3	5.2	212.7	505.8	88.0	0	0.0
72.2	58.9	5.2	146.9	531.0	93.2	0	0.0
77.2	64.1	7.0	195.0	519.8	93.5	0	0.0
80.2	67.0	8.0	227.3	547.0	88.0	0	0.0
09	30	2015
78.4	70.2	6.4	146.3	532.0	89.2	0	0.0
76.8	70.8	3.4	72.2	447.7	86.9	0	0.0
78.3	67.2	5.7	191.5	522.6	96.3	0	0.0
76.2	68.0	8.9	45.6	465.9	64.6	0	0.0
71.8	61.4	9.6	65.7	475.7	69.1	0	0.0
69.7	59.5	3.7	95.2	507.5	95.8	0	0.0
73.9	63.1	5.6	136.9	515.9	96.9	0	0.0
79.2	68.3	7.1	193.8	491.2	95.8	0	0.0
80.1	73.0	8.2	201.7	446.5	67.4	0	0.0
75.6	72.5	4.2	108.4	350.4	40.9	26	0.0
71.0	64.8	6.6	211.4	210.5	35.1	6	0.0
70.3	65.6	6.5	109.2	335.5	55.1	8	0.0
66.9	57.6	8.2	278.1	344.1	60.8	0	0.0
64.0	47.0	10.0	242.7	490.1	100.0	0	0.0
68.7	51.5	4.3	247.1	485.6	100.0	0	0.0
71.9	55.7	3.9	151.9	481.1	100.0	0	0.0
71.0	57.1	2.6	64.8	475.0	100.0	0	0.0
68.7	59.0	3.0	73.8	469.7	99.0	0	0.0
70.8	65.2	5.5	137.7	356.2	76.8	0	0.0
69.8	58.1	6.9	129.5	347.7	72.7	0	0.0
65.3	53.6	11.1	71.3	370.8	51.0	0	0.0
66.6	58.4	10.3	146.5	275.5	41.1	0	0.0
64.3	52.6	8.2	181.0	449.1	93.2	0	0.0
64.5	52.7	7.6	120.0	444.6	100.0	0	0.0
67.5	54.3	13.6	56.0	433.1	93.8	0	0.0
66.6	53.4	15.8	62.7	366.3	60.6	0	0.0
66.5	59.6	11.4	55.6	232.1	39.1	0	0.0
70.6	65.8	6.3	99.5	383.1	71.9	0	0.0
73.9	69.3	7.5	88.1	270.2	39.9	88	0.0
73.9	69.4	9.8	176.2	176.1	5.8	28	0.0
10	31	2015
58.5	54.5	13.9	23.6	162.7	5.8	51	0.0
55.1	52.6	20.1	37.1	161.2	4.1	81	0.0
58.0	55.9	23.5	54.4	164.2	3.8	35	0.0
59.0	51.3	20.0	51.0	162.3	5.9	0	0.0
57.2	49.9	9.9	97.9	206.9	22.4	0	0.0
58.2	48.5	4.7	177.7	389.8	100.0	0	0.0
60.8	52.3	4.5	194.8	309.6	89.1	0	0.0
61.2	54.0	4.2	94.4	298.9	78.7	0	0.0
68.5	61.9	9.3	215.2	296.6	67.4	12	0.0
54.5	43.8	7.8	178.8	371.6	100.0	0	0.0
53.4	42.5	2.6	126.5	367.1	100.0	0	0.0
58.3	48.7	3.3	102.1	362.6	100.0	0	0.0
66.6	58.6	7.3	199.2	299.3	49.5	0	0.0
60.0	47.9	8.8	266.7	268.2	77.1	0	0.0
55.0	43.0	5.7	239.8	343.3	87.0	0	0.0
56.9	42.2	9.1	239.8	334.2	91.7	0	0.0
48.1	33.9	8.3	276.7	277.5	76.6	0	0.0
39.6	27.4	7.8	259.6	301.3	84.4	0	0.0
41.6	27.0	5.5	230.4	331.4	100.0	0	0.0
57.1	39.5	8.8	222.9	327.1	100.0	0	0.0
60.2	46.9	5.5	202.7	322.7	100.0	0	0.0
63.0	48.0	6.7	167.7	318.4	90.6	0	0.0
55.6	40.0	8.2	256.5	314.1	100.0	0	0.0
50.5	41.5	5.2	112.5	259.6	69.8	0	0.0
59.5	51.1	8.2	251.6	172.5	47.2	3	0.0
47.7	37.2	5.4	135.4	301.6	100.0	0	0.0
51.1	44.1	8.5	106.0	293.9	77.1	0	0.0
64.5	61.5	14.6	129.8	116.6	12.3	43	0.0
65.5	53.9	9.1	242.2	261.4	55.9	1	0.0
50.4	36.9	8.8	268.1	285.3	100.0	0	0.0
47.7	35.9	4.0	182.3	281.4	100.0	0	0.0
11	30	2015
59.3	51.8	7.5	209.2	179.0	55.4	0	0.0
55.9	49.7	2.2	140.7	273.9	100.0	0	0.0
53.9	44.0	1.9	73.8	270.2	99.5	0	0.0
55.7	49.0	2.9	42.3	266.6	99.3	0	0.0
62.8	59.6	4.5	143.0	117.1	23.4	0	0.0
68.0	64.0	8.3	215.2	130.0	25.2	1	0.0
59.9	53.4	6.4	258.1	117.1	21.4	10	0.0
48.0	33.7	5.8	220.4	252.5	100.0	0	0.0
47.6	38.7	3.4	46.9	215.4	71.3	4	0.0
60.3	58.6	15.5	85.6	105.1	6.6	149	0.0
55.7	50.7	10.6	279.0	99.0	18.4	5	0.0
54.9	50.8	7.6	151.0	139.1	70.8	1	0.0
53.8	32.6	12.6	272.3	233.1	92.2	0	0.0
45.2	25.6	12.7	281.9	196.5	83.8	0	0.0
48.7	30.0	9.2	255.2	230.1	100.0	0	0.0
55.1	34.9	5.8	224.2	227.2	100.0	0	0.0
48.8	38.7	9.7	68.5	138.8	64.1	0	0.0
55.9	49.4	10.1	110.1	121.0	51.0	0	0.0
63.2	58.6	11.3	158.0	98.2	23.3	77	0.0
51.0	33.4	11.4	309.4	216.0	82.6	0	0.0
45.6	34.2	6.3	111.5	175.1	66.3	0	0.0
47.7	37.2	9.4	302.5	110.9	43.8	4	0.0
35.4	19.3	11.8	280.6	202.8	96.9	0	0.0
35.6	22.6	3.2	129.8	180.7	71.9	0	0.0
37.9	28.1	3.2	64.0	203.7	100.0	0	0.0
47.2	40.2	2.3	53.8	198.7	93.5	0	0.0
52.5	45.9	4.1	145.1	178.2	81.1	0	0.0
57.8	50.7	5.5	193.6	122.1	48.4	0	0.0
42.8	38.8	7.3	98.1	82.7	37.9	14	0.0
45.0	37.4	9.8	77.7	123.8	66.2	1	0.0
12	31	2015
54.5	53.0	9.2	90.9	82.4	11.1	50	0.0
56.5	55.4	5.5	178.9	81.7	10.1	7	0.0
47.2	34.1	13.5	285.8	186.2	70.3	0	0.0
41.4	31.1	6.2	248.1	187.1	100.0	0	0.0
39.5	32.5	2.7	155.0	172.5	93.8	0	0.0
40.4	31.6	2.8	154.3	177.8	100.0	0	0.0
43.9	37.3	3.3	153.3	182.9	78.1	0	0.0
40.0	29.8	4.8	198.3	181.6	94.8	0	0.0
45.5	39.3	6.0	118.9	155.5	56.8	0	0.0
52.8	45.9	3.1	106.0	175.7	79.2	0	0.0
53.6	48.7	4.5	167.5	178.4	95.3	0	0.0
57.2	50.6	3.0	114.6	177.4	85.9	0	0.0
59.8	54.4	2.4	114.0	176.6	78.3	0	0.0
58.9	56.1	9.8	156.7	153.0	50.6	12	0.0
57.6	44.6	13.8	276.5	152.2	61.6	0	0.0
49.1	40.0	5.6	125.6	75.4	6.2	0	0.0
55.0	52.9	7.0	163.9	66.7	34.5	51	0.0
45.9	38.0	10.8	291.7	73.2	25.4	0	0.0
36.4	17.8	13.2	274.4	152.8	71.3	0	0.0
34.5	19.5	6.1	204.8	172.8	100.0	0	0.0
50.3	41.0	9.3	203.3	162.1	85.4	0	0.0
58.0	55.2	7.5	187.3	70.9	29.0	26	0.0
59.6	58.8	8.8	116.5	76.5	8.0	51	0.0
65.8	63.3	10.7	202.2	94.1	24.5	19	0.0
65.7	63.7	5.6	189.2	112.1	11.8	56	0.0
54.8	48.2	11.7	69.2	74.8	14.6	0	0.0
59.8	56.7	10.4	235.0	97.3	30.0	5	0.0
43.8	34.1	14.9	139.2	92.4	36.0	2	0.0
53.6	51.7	9.9	195.9	84.1	9.9	59	0.0
50.3	47.1	6.4	92.4	79.6	9.2	15	0.0
49.0	42.0	9.2	299.3	108.5	44.8	1	0.0
