   1    31    1980
29.3	26.9	6.3	225.0	77.1	98.0	.0	.0	
30.9	27.1	8.6	278.8	102.1	98.0	.0	7.6	
29.6	22.9	13.2	173.3	95.0	98.0	.0	25.4	
27.5	21.5	10.0	266.3	106.7	98.0	.0	7.6	
26.6	18.7	9.1	320.4	105.3	93.0	.0	.0	
28.8	22.0	18.2	188.8	95.8	98.0	.0	53.3	
13.0	4.5	20.1	251.3	177.2	27.0	.0	.0	
11.3	1.8	9.0	265.8	181.9	47.0	.0	.0	
13.2	3.3	6.6	271.7	172.3	75.0	.0	.0	
33.7	26.5	15.5	162.1	95.7	89.0	2.0	.0	
33.6	22.1	24.7	245.4	178.0	52.0	13.0	.0	
19.8	4.4	11.9	221.7	175.4	50.0	.0	.0	
32.7	18.7	13.7	191.7	85.0	68.0	1.0	.0	
33.4	26.7	7.9	156.3	163.9	33.0	.0	.0	
39.8	35.0	10.3	149.2	101.0	98.0	2.0	.0	
47.3	43.8	13.0	174.2	68.6	98.0	24.0	.0	
37.6	33.1	11.7	244.6	86.8	98.0	2.0	.0	
30.6	26.4	7.4	261.3	127.8	90.0	.0	.0	
26.8	23.7	6.0	263.3	98.7	59.0	.0	.0	
24.0	15.4	7.2	284.2	196.2	26.0	.0	.0	
25.2	19.4	9.1	222.1	104.7	69.0	.0	.0	
25.8	19.8	15.5	271.7	105.3	80.0	.0	.0	
9.8	.2	10.2	286.7	189.3	22.0	.0	.0	
20.1	16.7	7.7	201.7	86.6	98.0	.0	25.4	
21.2	14.8	10.6	307.1	189.1	40.0	.0	.0	
10.2	.8	7.8	308.8	209.3	44.0	.0	.0	
5.9	-3.8	8.8	290.0	139.2	78.0	.0	7.6	
6.0	-5.5	8.7	283.3	137.5	75.0	.0	.0	
7.1	-5.6	10.0	293.3	266.2	43.0	.0	.0	
15.6	8.2	9.8	337.1	161.4	96.0	.0	22.9	
14.0	6.5	11.9	325.8	238.9	39.0	.0	2.5	
   2    29    1980
10.0	-.7	8.1	306.3	273.4	6.0	.0	.0	
9.4	-.3	4.9	230.0	267.1	24.0	.0	.0	
14.8	7.8	7.4	250.8	165.4	53.0	.0	15.2	
17.6	7.4	6.6	271.3	221.1	58.0	.0	.0	
23.0	19.5	11.9	129.2	118.8	98.0	.0	27.9	
25.9	21.1	13.3	146.7	162.9	94.0	.0	10.2	
24.0	20.0	9.6	240.4	167.8	92.0	.0	.0	
25.3	20.7	4.2	253.3	144.5	98.0	.0	22.9	
21.8	16.2	8.5	303.3	249.2	44.0	.0	25.4	
14.2	10.5	10.9	222.1	150.9	71.0	.0	.0	
16.8	10.3	11.6	256.3	277.9	48.0	.0	.0	
12.9	7.4	8.6	235.0	314.5	14.0	.0	.0	
24.7	16.2	11.7	203.3	168.3	92.0	.0	.0	
28.9	19.5	9.0	162.9	237.2	91.0	.0	2.5	
26.4	21.2	14.8	136.3	168.8	87.0	.0	48.3	
11.3	-2.1	13.9	305.8	337.6	2.0	.0	.0	
6.5	-.7	10.7	241.7	341.9	2.0	.0	.0	
23.5	11.8	15.5	200.4	258.8	67.0	.0	.0	
36.2	26.0	12.6	189.2	166.5	98.0	.0	.0	
37.3	35.1	6.1	194.6	166.5	98.0	.0	.0	
38.8	35.4	13.8	81.3	183.6	98.0	9.0	.0	
36.3	34.5	9.4	264.2	159.8	98.0	10.0	.0	
35.0	30.4	11.0	264.2	176.2	87.0	.0	.0	
32.0	21.4	12.1	265.0	215.1	75.0	.0	.0	
21.4	12.5	19.7	255.0	193.5	64.0	.0	83.8	
15.2	5.1	14.3	234.6	263.9	55.0	.0	.0	
26.3	15.4	11.0	274.2	322.4	91.0	.0	10.2	
22.6	13.1	12.5	296.3	297.5	52.0	.0	15.2	
10.9	1.2	18.6	293.3	327.8	48.0	.0	5.1	
   3    31    1980
15.0	3.9	16.1	256.3	311.8	67.0	.0	20.3	
12.3	-.5	10.7	260.0	376.2	37.0	.0	.0	
25.2	13.2	14.4	200.0	334.8	41.0	.0	.0	
33.8	25.4	8.7	151.3	268.0	92.0	1.0	.0	
25.0	16.1	15.2	292.1	314.7	59.0	.0	12.7	
20.2	12.0	8.9	186.3	168.3	70.0	.0	.0	
29.9	26.1	11.2	73.3	199.0	98.0	.0	17.8	
32.0	26.7	13.1	198.8	205.1	73.0	.0	68.6	
32.4	24.9	11.9	224.6	312.2	60.0	.0	.0	
31.3	20.0	17.6	258.3	330.8	36.0	.0	.0	
21.9	6.2	11.6	244.6	405.8	5.0	.0	.0	
26.1	12.5	19.2	93.8	307.2	85.0	.0	2.5	
28.1	23.8	11.7	186.7	208.1	98.0	.0	58.4	
31.5	22.9	9.9	227.9	405.0	34.0	.0	.0	
41.7	32.4	9.5	147.1	370.1	58.0	.0	.0	
49.5	40.6	16.9	186.3	214.4	86.0	3.0	.0	
34.9	29.1	14.5	307.1	229.1	73.0	45.0	.0	
37.7	25.8	12.9	212.1	473.6	2.0	.0	.0	
44.9	30.5	18.6	185.4	348.9	38.0	.0	.0	
45.5	36.6	12.3	247.5	337.4	70.0	7.0	.0	
36.7	22.0	15.1	308.3	456.5	23.0	.0	.0	
32.3	20.3	9.4	152.1	328.8	68.0	.0	.0	
42.3	32.6	10.2	177.1	164.9	98.0	1.0	.0	
33.8	29.4	21.1	156.7	228.8	98.0	24.0	.0	
31.2	23.8	11.7	253.8	234.6	98.0	.0	.0	
36.6	26.3	9.9	176.7	311.8	78.0	.0	.0	
41.8	31.4	10.4	163.8	225.0	94.0	.0	.0	
40.4	34.1	16.7	36.7	186.9	98.0	14.0	.0	
38.2	31.2	14.0	21.3	381.1	60.0	1.0	.0	
38.5	31.2	20.1	52.5	206.8	90.0	20.0	.0	
40.5	30.6	15.0	213.3	240.0	98.0	9.0	.0	
   4    30    1980
41.6	32.6	8.7	125.8	339.0	81.0	5.0	.0	
43.1	36.0	11.5	108.3	327.0	83.0	10.0	.0	
45.5	40.4	11.5	140.8	207.0	80.0	31.0	.0	
41.9	29.6	14.0	296.7	294.3	67.0	2.0	.0	
48.1	30.5	12.2	245.4	554.7	7.0	.0	.0	
55.0	36.8	16.7	182.1	362.1	86.0	3.0	.0	
57.8	48.9	14.9	181.3	261.1	86.0	11.0	.0	
52.4	46.5	19.1	205.0	248.8	98.0	56.0	.0	
34.8	32.5	17.1	244.6	248.2	98.0	12.0	.0	
35.8	30.8	12.0	258.3	280.2	92.0	1.0	.0	
36.5	31.3	9.8	192.1	183.7	98.0	61.0	.0	
38.9	28.8	11.1	287.9	348.2	59.0	1.0	.0	
36.0	26.1	13.7	102.1	481.8	53.0	.0	.0	
33.6	31.4	21.5	110.4	176.9	98.0	64.0	.0	
38.3	32.3	12.3	287.1	332.3	70.0	21.0	.0	
37.7	23.4	7.9	100.0	568.9	31.0	.0	.0	
45.7	30.0	6.5	165.4	378.7	58.0	.0	.0	
55.2	38.1	8.4	239.6	570.2	11.0	.0	.0	
60.6	41.0	12.3	218.8	551.0	33.0	.0	.0	
58.4	42.3	9.2	147.5	474.2	78.0	.0	.0	
63.7	40.7	9.5	168.3	534.8	44.0	.0	.0	
75.5	46.3	17.6	233.3	610.5	2.0	.0	.0	
50.8	28.6	14.8	88.3	556.5	23.0	.0	.0	
37.6	26.3	15.7	249.2	326.5	95.0	.0	.0	
39.0	30.7	6.5	147.1	255.8	72.0	.0	.0	
42.4	36.9	13.9	85.0	298.4	78.0	.0	.0	
43.8	41.9	12.0	250.4	185.6	95.0	21.0	.0	
44.4	42.0	14.9	249.6	213.1	98.0	17.0	.0	
48.8	43.8	9.7	150.4	330.8	98.0	25.0	.0	
50.8	45.0	8.3	165.0	339.8	89.0	.0	.0	
   5    31    1980
53.0	46.6	5.7	168.8	295.7	72.0	.0	.0	
57.9	45.2	6.8	159.2	531.2	44.0	.0	.0	
61.1	43.4	6.9	205.4	664.0	2.0	.0	.0	
69.8	40.6	7.8	269.6	633.1	5.0	.0	.0	
68.2	39.4	12.1	206.3	623.9	21.0	.0	.0	
58.4	31.3	11.4	273.8	585.4	29.0	.0	.0	
46.7	28.6	10.6	297.9	430.4	50.0	.0	.0	
48.0	29.5	8.1	235.0	355.2	89.0	.0	.0	
51.4	31.6	5.9	210.8	565.3	26.0	.0	.0	
57.8	41.5	12.6	165.8	335.2	88.0	12.0	.0	
55.3	42.1	7.2	172.5	577.4	60.0	.0	.0	
55.1	40.7	7.9	90.0	436.6	93.0	33.0	.0	
50.7	45.3	11.7	206.3	316.5	97.0	.0	.0	
51.6	37.7	7.5	172.9	568.7	51.0	.0	.0	
52.3	41.1	8.3	70.0	650.6	36.0	1.0	.0	
53.2	43.4	10.3	82.5	406.1	86.0	5.0	.0	
52.6	51.4	8.5	82.5	291.3	98.0	20.0	.0	
56.3	53.6	6.2	219.2	316.4	98.0	1.0	.0	
56.1	50.5	7.4	50.0	498.8	50.0	6.0	.0	
59.2	47.2	5.6	33.8	626.6	19.0	.0	.0	
64.2	45.2	4.4	92.1	679.1	26.0	.0	.0	
67.3	45.7	6.1	91.7	690.5	6.0	.0	.0	
63.4	49.5	8.0	50.4	343.7	87.0	.0	.0	
64.2	57.4	7.0	33.8	536.8	83.0	.0	.0	
65.1	51.8	8.6	84.6	655.3	33.0	.0	.0	
60.0	34.6	8.4	55.4	675.5	12.0	.0	.0	
66.6	43.0	6.6	129.6	639.6	45.0	.0	.0	
69.5	57.7	8.6	155.8	442.1	85.0	138.0	.0	
68.7	62.1	8.2	178.3	430.7	70.0	91.0	.0	
72.9	62.5	15.9	184.6	467.2	50.0	15.0	.0	
68.7	53.6	9.5	237.1	659.3	48.0	.0	.0	
   6    30    1980
64.6	57.3	9.8	151.7	371.0	88.0	70.0	.0	
65.2	59.4	6.9	133.3	407.0	88.0	62.0	.0	
60.8	50.9	10.1	77.9	687.7	30.0	.0	.0	
62.1	47.8	7.9	86.3	390.4	68.0	.0	.0	
71.8	60.6	14.5	145.4	374.1	72.0	.0	.0	
71.6	61.0	8.3	160.8	563.5	72.0	20.0	.0	
71.6	65.3	10.3	165.8	272.0	93.0	61.0	.0	
58.2	43.3	13.3	257.9	579.7	50.0	.0	.0	
58.6	46.8	13.2	226.3	397.2	54.0	2.0	.0	
49.9	36.0	5.5	58.3	652.7	35.0	.0	.0	
59.8	42.1	4.8	159.6	719.3	2.0	.0	.0	
67.0	47.6	9.5	165.0	672.8	40.0	.0	.0	
66.3	54.3	10.4	163.3	435.8	75.0	9.0	.0	
73.1	62.5	5.5	162.9	600.6	63.0	.0	.0	
53.4	48.2	14.2	43.3	254.1	96.0	39.0	.0	
55.5	40.0	8.8	47.1	659.0	24.0	.0	.0	
59.9	43.9	5.5	168.3	637.2	31.0	.0	.0	
62.5	52.0	6.7	158.8	573.6	51.0	.0	.0	
56.7	48.9	9.4	79.2	385.5	49.0	27.0	.0	
62.1	44.3	5.3	189.2	677.1	29.0	.0	.0	
67.2	49.5	4.9	170.0	684.5	29.0	.0	.0	
71.6	54.8	5.8	154.2	596.0	65.0	.0	.0	
72.4	61.3	6.7	127.5	437.7	73.0	.0	.0	
72.9	65.8	5.5	84.2	425.0	45.0	.0	.0	
76.5	67.1	2.6	79.6	566.9	40.0	.0	.0	
79.4	69.1	7.2	231.3	605.5	46.0	.0	.0	
69.6	60.6	9.0	65.4	641.8	50.0	.0	.0	
75.0	65.2	7.9	264.6	598.2	55.0	52.0	.0	
68.6	55.6	10.6	281.7	655.3	22.0	.0	.0	
66.1	55.4	6.1	160.4	630.2	36.0	.0	.0	
   7    31    1980
74.0	62.5	8.4	145.8	487.8	78.0	.0	.0	
65.7	49.4	11.2	42.1	617.3	58.0	.0	.0	
67.5	49.9	5.5	62.1	631.6	50.0	.0	.0	
72.6	57.5	4.3	91.3	542.2	53.0	1.0	.0	
76.9	63.5	12.9	172.9	647.9	30.0	22.0	.0	
65.7	56.7	7.8	82.1	619.7	21.0	.0	.0	
85.4	70.1	13.2	192.9	600.8	38.0	.0	.0	
76.6	59.3	11.0	91.7	623.5	64.0	.0	.0	
71.2	63.6	4.2	71.3	260.7	94.0	49.0	.0	
78.3	67.8	3.7	171.3	598.4	33.0	.0	.0	
82.2	70.2	7.1	207.1	635.4	38.0	.0	.0	
80.4	71.5	7.8	100.0	546.7	59.0	.0	.0	
77.0	65.4	5.3	87.5	672.9	12.0	.0	.0	
84.2	73.2	10.4	170.4	518.5	59.0	.0	.0	
88.9	73.6	8.5	194.2	593.9	49.0	.0	.0	
79.1	66.8	11.3	172.1	469.3	51.0	45.0	.0	
78.4	62.5	9.4	218.3	686.4	15.0	.0	.0	
77.5	66.0	9.0	166.3	396.5	74.0	1.0	.0	
79.8	70.9	7.3	110.4	555.0	58.0	11.0	.0	
87.1	69.4	12.0	191.3	597.0	68.0	139.0	.0	
73.8	69.6	7.2	229.2	273.5	86.0	38.0	.0	
72.0	63.2	9.4	151.7	563.6	35.0	.0	.0	
69.8	57.3	5.4	141.3	616.7	15.0	.0	.0	
72.0	57.7	5.6	185.8	628.1	15.0	.0	.0	
77.2	61.9	8.3	192.5	590.6	56.0	.0	.0	
71.5	66.9	8.6	140.0	207.6	98.0	46.0	.0	
68.6	62.9	8.8	155.0	305.2	98.0	.0	.0	
72.7	59.2	6.8	274.6	609.5	48.0	.0	.0	
74.3	62.2	7.1	150.8	542.8	31.0	.0	.0	
72.3	62.2	8.9	171.3	350.1	77.0	4.0	.0	
81.7	70.4	8.5	252.9	552.2	54.0	.0	.0	
   8    31    1980
80.4	66.5	7.4	236.7	580.5	53.0	.0	.0	
73.3	66.2	8.5	120.8	192.6	76.0	32.0	.0	
73.4	62.8	6.5	182.9	500.4	17.0	.0	.0	
78.4	66.3	10.1	165.4	560.4	73.0	67.0	.0	
76.3	66.5	8.1	203.3	453.5	53.0	.0	.0	
78.8	71.2	8.6	191.3	386.0	60.0	3.0	.0	
80.6	69.6	9.1	192.9	469.7	49.0	6.0	.0	
80.5	71.6	9.1	155.8	356.2	68.0	1.0	.0	
77.4	70.6	6.5	127.9	323.2	89.0	24.0	.0	
72.3	67.3	6.7	180.4	245.4	86.0	100.0	.0	
71.4	65.1	5.9	245.8	230.7	66.0	30.0	.0	
70.2	60.1	6.7	177.5	546.1	25.0	.0	.0	
69.0	62.9	6.4	164.6	250.2	81.0	46.0	.0	
72.5	67.9	5.8	190.4	253.6	97.0	4.0	.0	
70.3	61.5	10.3	37.5	456.2	83.0	.0	.0	
64.3	57.8	11.4	110.0	184.1	86.0	196.0	.0	
66.5	62.7	7.3	140.0	284.3	91.0	80.0	.0	
75.2	64.4	4.4	215.4	551.6	36.0	.0	.0	
80.6	71.0	9.9	177.1	516.0	45.0	76.0	.0	
84.8	74.4	7.7	181.3	514.8	46.0	.0	.0	
76.6	66.3	9.1	237.9	489.7	53.0	143.0	.0	
73.0	58.5	7.0	144.6	573.2	3.0	.0	.0	
71.7	57.2	6.3	179.2	556.7	8.0	.0	.0	
73.3	61.1	6.7	174.2	541.5	43.0	.0	.0	
77.2	64.6	8.1	180.8	374.2	52.0	.0	.0	
79.7	65.4	7.8	187.9	559.5	9.0	.0	.0	
77.0	65.6	8.6	100.0	565.1	33.0	.0	.0	
81.5	67.0	7.0	151.7	514.2	58.0	.0	.0	
78.8	66.8	7.6	194.6	430.2	82.0	2.0	.0	
75.7	67.6	7.5	192.5	308.6	90.0	.0	.0	
75.6	68.4	8.6	180.4	279.6	96.0	44.0	.0	
   9    30    1980
73.7	65.8	9.6	212.5	284.1	87.0	49.0	.0	
72.8	60.6	7.5	238.8	514.3	36.0	21.0	.0	
73.1	59.1	8.0	179.6	544.8	17.0	.0	.0	
74.6	64.1	8.3	234.2	295.2	72.0	.0	.0	
71.0	62.1	5.9	195.8	446.0	43.0	.0	.0	
72.6	60.3	6.7	119.6	479.2	52.0	.0	.0	
67.5	61.9	7.8	207.9	161.6	97.0	179.0	.0	
76.6	68.4	6.6	183.3	399.3	48.0	.0	.0	
68.6	61.0	9.8	236.7	308.0	70.0	68.0	.0	
61.5	49.1	6.0	267.5	535.7	2.0	.0	.0	
64.2	52.5	6.5	198.3	343.7	73.0	.0	.0	
68.1	58.8	10.0	174.6	261.6	84.0	43.0	.0	
73.6	65.8	6.7	227.9	347.2	67.0	.0	.0	
63.6	58.4	9.9	235.8	226.0	92.0	.0	.0	
60.5	53.9	7.6	160.0	239.9	96.0	.0	.0	
60.7	57.1	10.4	209.6	221.2	98.0	116.0	.0	
54.6	42.0	9.8	195.4	464.4	35.0	13.0	.0	
59.8	50.6	9.0	192.5	474.1	6.0	.0	.0	
69.8	56.1	10.4	141.3	452.1	38.0	.0	.0	
76.2	63.4	10.4	189.6	391.5	41.0	16.0	.0	
74.2	62.8	11.1	199.6	412.6	17.0	.0	.0	
69.9	61.6	9.7	241.7	246.4	47.0	48.0	.0	
55.2	44.2	7.5	148.3	430.2	22.0	.0	.0	
58.8	47.5	5.2	192.5	417.0	52.0	.0	.0	
59.6	48.3	8.5	244.6	358.4	53.0	12.0	.0	
50.4	38.3	7.5	247.1	404.8	18.0	.0	.0	
57.2	41.9	9.9	204.6	377.3	52.0	.0	.0	
60.2	47.0	5.0	172.9	256.0	70.0	.0	.0	
64.6	50.3	7.0	184.6	434.3	12.0	.0	.0	
65.0	53.2	5.7	214.2	387.3	5.0	.0	.0	
  10    31    1980
63.7	52.7	9.7	255.8	284.8	57.0	.0	.0	
53.2	42.8	9.5	275.8	272.8	50.0	3.0	.0	
42.9	31.7	12.9	332.9	217.2	87.0	.0	.0	
41.1	29.6	8.5	259.6	303.4	55.0	.0	.0	
41.3	31.0	5.9	211.3	361.2	12.0	.0	.0	
53.0	38.7	11.1	233.8	348.4	52.0	.0	.0	
59.1	44.4	7.6	235.4	380.1	17.0	.0	.0	
61.4	46.5	8.9	141.3	399.7	2.0	.0	.0	
53.4	42.8	8.7	41.7	383.7	2.0	.0	.0	
55.6	37.8	10.0	230.8	312.6	27.0	.0	.0	
47.8	32.2	16.7	300.0	182.4	93.0	.0	.0	
42.1	29.1	8.0	279.6	346.8	13.0	.0	.0	
44.7	33.6	6.6	140.4	358.5	37.0	16.0	.0	
53.1	44.6	9.8	98.3	227.5	71.0	.0	.0	
51.1	47.3	10.0	36.3	162.0	96.0	39.0	.0	
63.1	57.4	8.8	159.2	144.6	96.0	33.0	.0	
62.8	53.2	17.4	213.3	196.9	58.0	56.0	.0	
49.4	35.4	14.4	258.3	344.4	27.0	.0	.0	
47.8	33.0	9.9	269.6	257.4	78.0	.0	.0	
50.6	40.4	9.4	257.9	256.7	46.0	.0	.0	
50.3	36.1	8.5	297.5	308.4	35.0	.0	.0	
48.9	36.7	8.1	155.4	234.5	51.0	.0	.0	
56.1	37.1	11.8	137.1	251.4	64.0	.0	.0	
50.1	39.9	12.4	206.3	116.9	90.0	51.0	.0	
36.7	27.3	13.8	285.4	146.4	96.0	.0	.0	
34.9	23.2	9.4	265.8	176.0	83.0	.0	.0	
37.6	31.1	7.8	86.7	135.1	98.0	11.0	.0	
35.3	23.6	10.2	322.5	276.1	24.0	.0	.0	
33.7	19.7	5.6	262.5	265.5	18.0	.0	.0	
39.1	27.9	11.0	222.5	262.4	13.0	.0	.0	
47.9	31.1	10.8	257.1	243.2	44.0	.0	.0	
  11    30    1980
37.9	25.0	6.7	242.5	211.7	37.0	.0	.0	
40.7	28.5	7.3	157.5	188.1	59.0	.0	.0	
56.7	42.6	13.3	217.5	188.9	89.0	3.0	.0	
47.3	34.9	10.6	284.6	206.6	60.0	.0	.0	
38.2	23.9	7.1	281.7	269.0	13.0	.0	.0	
52.5	33.4	12.7	214.6	238.0	65.0	.0	.0	
53.1	42.0	10.1	179.2	141.2	81.0	.0	.0	
50.7	40.5	11.2	153.3	129.1	92.0	.0	.0	
55.2	37.4	12.5	273.8	271.2	10.0	.0	.0	
37.5	22.8	9.3	236.3	217.4	35.0	.0	.0	
35.7	25.0	7.6	165.4	186.2	62.0	.0	.0	
43.6	28.0	10.6	158.8	158.0	89.0	1.0	.0	
53.1	32.3	11.2	205.8	119.9	98.0	20.0	.0	
40.8	33.4	11.9	258.3	111.3	98.0	9.0	.0	
36.5	26.6	9.0	213.8	105.6	95.0	.0	.0	
33.4	26.3	4.1	222.5	113.1	58.0	.0	.0	
34.5	28.3	7.5	240.4	110.7	98.0	.0	.0	
32.1	23.3	8.8	301.3	206.7	23.0	2.0	.0	
33.8	25.2	9.2	229.6	209.2	12.0	.0	.0	
39.6	27.3	15.3	222.1	196.3	38.0	.0	.0	
34.0	23.2	10.7	253.8	200.2	12.0	.0	.0	
40.8	22.9	14.9	200.8	207.8	44.0	.0	.0	
41.4	34.7	9.4	236.3	66.4	98.0	11.0	.0	
34.5	25.5	13.6	340.8	133.2	94.0	2.0	.0	
30.8	18.7	7.7	270.8	177.7	65.0	.0	.0	
30.2	19.7	6.3	131.7	196.2	50.0	.0	.0	
34.9	30.3	14.9	145.0	73.2	98.0	43.0	.0	
33.7	29.7	13.5	279.2	97.7	98.0	16.0	.0	
34.7	28.9	11.3	269.6	100.3	78.0	3.0	.0	
41.0	32.3	13.0	208.3	142.2	62.0	.0	.0	
  12    31    1980
40.3	35.0	10.8	137.1	104.7	98.0	47.0	.0	
25.0	18.8	18.2	271.7	111.4	60.0	.0	73.7	
21.4	15.0	8.4	211.3	80.2	62.0	.0	.0	
33.5	25.2	8.1	146.7	128.9	80.0	.0	.0	
45.2	40.8	8.1	144.2	102.5	98.0	.0	.0	
58.3	52.7	8.4	189.6	107.8	98.0	.0	.0	
52.7	50.8	8.7	212.9	104.3	98.0	112.0	.0	
39.7	36.6	9.5	255.0	75.0	98.0	41.0	.0	
30.0	23.5	7.6	249.2	112.5	83.0	.0	22.9	
24.6	16.2	12.1	296.7	83.2	95.0	.0	.0	
17.7	9.5	6.2	231.7	90.7	80.0	.0	.0	
35.5	30.3	10.5	225.4	164.7	69.0	.0	.0	
28.4	17.0	13.2	295.8	183.1	26.0	.0	.0	
28.4	16.0	9.9	140.4	89.6	91.0	.0	.0	
29.6	19.7	7.8	70.0	122.0	88.0	.0	.0	
31.3	22.5	8.8	217.1	77.8	98.0	.0	5.1	
32.2	22.1	14.8	195.8	93.7	96.0	.0	.0	
27.6	18.8	11.5	294.6	83.2	81.0	.0	30.5	
5.4	-10.2	12.6	305.0	204.9	5.0	.0	.0	
4.6	-7.9	7.9	288.8	177.6	17.0	.0	.0	
13.8	-2.4	5.5	211.7	168.8	49.0	.0	.0	
25.6	9.4	10.4	182.1	134.3	98.0	.0	.0	
33.7	21.0	8.4	232.9	146.5	93.0	3.0	.0	
16.0	6.6	20.0	338.3	124.2	58.0	.0	45.7	
5.4	-9.1	9.3	233.8	168.4	58.0	.0	.0	
18.4	11.0	8.7	267.1	96.7	98.0	.0	10.2	
22.2	15.4	6.9	156.3	163.0	66.0	.0	.0	
29.1	22.9	8.7	167.9	103.2	82.0	.0	53.3	
33.1	29.9	11.8	192.9	104.6	98.0	37.0	.0	
31.2	26.5	10.3	171.3	95.5	98.0	.0	2.5	
32.7	29.7	11.9	287.1	107.0	98.0	7.0	.0	
