   1    31    1977
19.5	3.7	18.6	293.3	179.2	33.0	.0	.0	
24.2	10.2	13.9	308.8	210.4	25.0	.0	.0	
24.8	11.9	4.7	207.9	102.1	84.0	.0	.0	
30.4	17.3	5.6	195.8	138.1	62.0	.0	.0	
24.1	12.5	5.0	196.7	106.2	64.0	.0	.0	
24.4	14.6	5.6	182.1	122.2	65.0	.0	15.2	
26.4	16.2	13.5	214.6	170.5	66.0	.0	61.0	
19.8	4.6	8.9	295.4	162.5	50.0	.0	.0	
23.5	11.1	7.3	126.7	106.1	98.0	.0	35.6	
29.3	19.8	15.0	197.1	116.9	97.0	.0	111.8	
18.8	.8	14.9	285.0	217.8	30.0	.0	.0	
13.6	-2.2	8.6	228.3	179.0	28.0	.0	.0	
14.3	-1.8	7.4	218.3	221.6	38.0	.0	.0	
23.3	14.3	4.7	78.8	106.5	98.0	.0	76.2	
25.0	15.2	5.7	222.9	177.4	52.0	.0	.0	
15.5	2.0	11.6	237.1	133.9	58.0	.0	.0	
3.6	-15.1	13.1	276.7	249.9	9.0	.0	.0	
8.4	-10.1	12.4	283.8	249.5	8.0	.0	.0	
15.4	2.0	12.5	284.6	242.1	28.0	.0	.0	
21.9	9.2	14.2	297.1	224.2	42.0	.0	.0	
20.9	8.5	12.4	292.5	162.4	60.0	.0	.0	
19.9	5.0	17.6	304.2	257.3	9.0	.0	.0	
19.8	6.0	9.1	267.9	209.5	54.0	.0	.0	
23.7	15.9	5.5	87.9	131.6	98.0	.0	35.6	
29.0	22.1	8.3	226.7	173.4	83.0	.0	7.6	
26.3	15.2	11.5	241.3	216.5	61.0	.0	.0	
23.6	4.3	13.7	274.2	273.6	13.0	.0	2.5	
15.2	5.8	11.6	154.2	156.8	54.0	.0	20.3	
7.7	-11.5	14.8	268.8	277.5	5.0	.0	.0	
14.5	-2.6	15.0	280.0	211.6	52.0	.0	.0	
16.4	-3.6	14.0	266.3	284.4	10.0	.0	.0	
   2    28    1977
20.9	6.1	15.4	275.0	261.1	38.0	.0	.0	
25.1	11.1	10.3	223.8	252.1	40.0	.0	.0	
28.0	18.5	4.3	122.9	158.0	92.0	.0	.0	
33.9	24.4	6.6	197.9	175.3	95.0	9.0	.0	
23.7	12.8	15.1	249.2	247.2	63.0	.0	10.2	
13.7	-4.1	14.3	303.3	309.1	3.0	.0	.0	
18.6	3.6	15.4	299.6	287.6	12.0	.0	.0	
19.3	4.0	6.5	204.2	319.3	8.0	.0	.0	
21.1	10.8	2.1	107.1	180.9	57.0	.0	.0	
32.3	22.7	4.0	138.3	284.4	12.0	.0	.0	
39.2	29.0	4.8	152.9	309.8	26.0	.0	.0	
37.4	31.5	5.2	106.7	187.6	68.0	1.0	.0	
38.2	29.1	11.1	240.0	222.7	83.0	.0	.0	
37.6	22.7	10.4	263.3	273.1	77.0	2.0	.0	
29.5	17.1	12.4	288.3	245.5	48.0	.0	2.5	
20.3	3.5	12.9	310.8	316.0	8.0	.0	.0	
17.6	1.6	12.6	298.8	308.1	6.0	.0	.0	
23.2	8.3	6.1	120.8	247.2	56.0	.0	.0	
33.3	9.4	4.2	115.4	205.4	97.0	.0	.0	
29.6	21.4	10.9	245.8	188.4	98.0	.0	94.0	
20.6	9.2	12.1	267.1	377.0	21.0	.0	.0	
27.8	18.3	3.8	108.3	243.1	60.0	.0	.0	
41.4	32.5	4.6	107.5	315.2	32.0	.0	.0	
39.5	37.8	10.8	143.8	127.9	80.0	98.0	.0	
47.6	29.6	15.1	269.2	311.8	36.0	.0	.0	
45.5	27.5	8.7	217.1	298.0	42.0	.0	.0	
44.7	40.5	9.7	171.7	159.0	93.0	23.0	.0	
34.0	23.7	13.3	296.7	247.0	70.0	.0	.0	
   3    31    1977
33.8	19.7	11.6	281.7	218.3	37.0	.0	.0	
32.5	11.3	11.5	271.7	381.9	13.0	.0	.0	
39.4	18.0	6.5	107.1	313.0	50.0	.0	.0	
45.9	42.9	8.8	146.3	111.5	89.0	152.0	.0	
47.0	32.9	9.5	228.3	377.7	14.0	.0	.0	
42.0	25.5	7.5	229.6	330.1	60.0	.0	.0	
37.1	22.4	8.5	233.8	318.3	48.0	.0	.0	
41.7	21.2	10.1	274.2	436.8	14.0	.0	.0	
50.4	25.6	6.6	121.3	421.6	23.0	.0	.0	
53.2	31.4	5.4	112.5	297.8	78.0	.0	.0	
53.0	41.2	5.5	90.8	415.9	15.0	.0	.0	
55.6	50.2	8.6	114.2	198.1	76.0	10.0	.0	
58.0	54.4	9.0	207.5	187.2	89.0	195.0	.0	
52.5	38.9	13.5	290.8	313.5	65.0	.0	.0	
51.9	37.8	7.2	235.0	453.2	8.0	.0	.0	
50.8	30.4	15.8	239.6	416.4	28.0	1.0	.0	
44.4	19.8	12.7	242.1	440.0	28.0	.0	.0	
40.3	33.4	12.5	145.4	161.0	97.0	39.0	.0	
37.6	20.6	11.5	288.3	424.7	45.0	.0	.0	
36.5	29.3	9.4	170.0	190.9	98.0	34.0	.0	
42.9	25.5	11.5	217.1	455.3	33.0	.0	.0	
39.6	34.3	14.4	202.1	127.8	91.0	148.0	.0	
41.5	15.3	20.0	308.8	489.2	23.0	.0	.0	
35.0	12.1	18.8	312.5	515.5	19.0	.0	.0	
35.5	11.8	16.3	318.8	531.5	2.0	.0	.0	
39.5	17.8	9.5	295.8	483.6	2.0	.0	.0	
45.7	27.2	5.3	119.6	464.9	40.0	.0	.0	
46.4	41.8	6.2	88.8	143.4	98.0	31.0	.0	
61.4	51.9	4.3	93.3	449.7	71.0	.0	.0	
69.8	56.9	8.2	143.3	431.4	46.0	.0	.0	
55.8	35.8	18.6	302.1	353.5	52.0	.0	.0	
   4    30    1977
49.1	27.6	7.4	218.3	523.3	15.0	.0	.0	
46.5	42.9	8.8	102.5	144.7	94.0	112.0	.0	
55.7	39.3	12.4	224.6	471.9	70.0	.0	.0	
43.0	31.9	9.2	111.3	200.8	98.0	100.0	.0	
44.0	39.2	8.8	160.4	240.4	88.0	26.0	.0	
39.7	21.3	14.5	275.8	429.5	43.0	.0	.0	
38.5	23.0	8.8	207.1	377.6	57.0	14.0	.0	
38.9	19.3	12.2	297.1	512.9	31.0	.0	.0	
36.1	13.3	9.4	302.1	585.7	2.0	.0	.0	
46.7	24.1	5.4	226.3	534.3	34.0	.0	.0	
58.9	43.3	6.5	94.2	549.5	7.0	.0	.0	
69.4	46.1	10.0	255.8	574.2	16.0	.0	.0	
70.0	44.2	9.9	244.6	548.5	10.0	.0	.0	
63.4	36.9	11.1	246.3	511.8	20.0	.0	.0	
54.8	29.7	5.4	176.7	573.5	2.0	.0	.0	
55.4	29.4	7.2	239.2	572.1	23.0	.0	.0	
56.1	32.5	5.5	192.1	587.4	7.0	.0	.0	
58.4	38.0	3.2	113.3	541.2	45.0	.0	.0	
63.4	45.0	3.9	58.8	315.1	82.0	2.0	.0	
60.7	39.9	8.7	108.8	437.0	81.0	.0	.0	
65.5	52.0	7.6	137.1	502.0	63.0	.0	.0	
72.0	59.3	6.0	168.8	416.0	78.0	.0	.0	
70.1	61.0	7.8	181.3	330.2	98.0	15.0	.0	
54.8	54.1	7.4	114.6	240.0	98.0	115.0	.0	
53.4	44.5	8.0	237.9	409.6	86.0	28.0	.0	
51.4	41.1	6.8	177.5	371.2	82.0	1.0	.0	
52.4	39.1	6.7	219.2	541.8	42.0	5.0	.0	
51.9	43.6	8.7	230.4	285.7	59.0	30.0	.0	
47.1	27.2	10.1	313.8	636.7	2.0	.0	.0	
53.0	33.2	4.6	164.2	643.1	2.0	.0	.0	
   5    31    1977
60.0	44.9	8.6	130.0	634.9	8.0	.0	.0	
63.0	55.3	8.1	208.3	265.5	81.0	5.0	.0	
61.5	37.7	7.5	210.8	622.8	49.0	.0	.0	
51.5	45.8	6.6	86.7	197.9	94.0	33.0	.0	
60.0	58.3	2.9	51.7	385.4	90.0	6.0	.0	
67.7	61.7	7.3	167.9	424.0	73.0	18.0	.0	
65.4	50.2	7.1	222.9	388.4	55.0	.0	.0	
55.9	31.9	10.9	204.2	648.7	25.0	.0	.0	
44.6	27.4	15.7	292.9	304.5	73.0	.0	.0	
51.5	31.9	13.4	314.2	493.4	45.0	.0	.0	
57.7	37.0	8.0	265.4	517.3	34.0	.0	.0	
62.2	40.6	10.8	272.5	548.6	45.0	.0	.0	
70.3	49.3	12.7	307.1	598.8	40.0	.0	.0	
63.8	35.2	9.0	228.3	657.4	18.0	.0	.0	
58.2	34.8	5.4	184.2	634.1	12.0	.0	.0	
64.0	46.4	4.1	142.5	509.3	41.0	.0	.0	
72.4	54.0	6.7	237.5	665.6	6.0	.0	.0	
72.6	60.5	6.6	212.5	577.6	49.0	38.0	.0	
71.5	61.9	7.8	202.1	578.4	35.0	.0	.0	
73.3	61.5	5.5	171.7	575.0	54.0	.0	.0	
74.4	59.5	7.0	140.4	625.0	11.0	.0	.0	
70.5	56.3	7.2	157.1	618.5	25.0	.0	.0	
72.0	63.1	6.6	159.2	515.2	55.0	.0	.0	
72.3	61.5	6.4	160.8	474.6	81.0	.0	.0	
71.8	62.1	5.9	224.2	334.0	85.0	.0	.0	
71.0	51.7	6.8	234.6	686.6	20.0	.0	.0	
68.5	45.0	6.0	260.0	663.2	11.0	.0	.0	
75.0	51.8	8.7	243.3	673.4	6.0	.0	.0	
68.1	52.3	10.2	137.9	686.6	26.0	.0	.0	
58.6	48.5	7.3	107.5	304.6	90.0	.0	.0	
63.5	54.1	5.9	107.5	332.1	98.0	.0	.0	
   6    30    1977
72.0	64.5	8.7	155.8	456.2	87.0	.0	.0	
71.2	53.4	9.3	227.5	653.3	46.0	.0	.0	
63.1	41.0	11.1	318.3	666.9	28.0	.0	.0	
66.7	41.3	8.9	278.8	687.1	14.0	.0	.0	
69.8	53.3	9.7	276.3	333.8	64.0	.0	.0	
56.1	51.9	8.7	165.0	259.7	91.0	52.0	.0	
57.2	41.0	13.0	310.0	494.5	69.0	.0	.0	
57.6	38.6	9.3	222.9	543.9	58.0	.0	.0	
57.7	53.2	9.5	228.3	274.3	98.0	44.0	.0	
59.1	50.0	12.3	278.3	344.4	78.0	1.0	.0	
66.2	49.6	10.4	281.7	666.9	10.0	.0	.0	
67.0	51.8	7.6	273.3	476.8	66.0	.0	.0	
70.9	58.5	5.6	122.1	486.0	73.0	.0	.0	
65.0	61.1	4.4	119.6	257.3	98.0	38.0	.0	
69.7	64.0	5.3	210.0	490.9	68.0	.0	.0	
72.3	62.0	5.8	116.3	663.2	30.0	.0	.0	
71.3	65.3	8.7	139.6	346.6	85.0	15.0	.0	
75.2	68.3	6.0	187.1	477.1	65.0	.0	.0	
77.4	59.8	11.0	283.3	625.7	48.0	.0	.0	
70.5	61.6	7.0	215.8	453.5	54.0	39.0	.0	
68.2	54.6	11.1	295.4	605.6	25.0	.0	.0	
68.4	49.0	9.3	270.8	616.4	35.0	.0	.0	
68.5	51.8	5.4	108.8	654.7	33.0	.0	.0	
71.9	58.1	8.6	167.5	614.2	35.0	.0	.0	
70.3	65.0	6.8	175.4	303.6	94.0	114.0	.0	
72.2	62.1	7.5	268.8	609.8	26.0	.0	.0	
74.3	61.6	6.1	161.3	649.8	27.0	.0	.0	
74.0	68.5	7.0	117.1	342.4	91.0	13.0	.0	
77.6	61.6	11.3	250.8	619.7	46.0	1.0	.0	
76.4	57.4	8.8	230.0	630.4	34.0	.0	.0	
   7    31    1977
78.5	64.2	10.3	232.1	409.4	53.0	.0	.0	
73.7	50.6	11.2	290.0	699.2	3.0	.0	.0	
72.1	50.9	6.8	231.3	657.5	43.0	.0	.0	
74.9	62.2	4.7	192.1	356.2	70.0	.0	.0	
81.7	69.6	6.7	225.0	464.2	53.0	.0	.0	
77.4	70.1	6.1	122.9	486.3	63.0	50.0	.0	
76.3	71.7	5.7	176.3	370.3	90.0	30.0	.0	
79.9	71.1	8.9	240.8	463.4	66.0	3.0	.0	
75.6	68.7	4.2	204.2	389.0	51.0	.0	.0	
76.5	67.3	7.0	102.1	469.5	69.0	.0	.0	
72.6	66.1	8.9	125.0	328.2	98.0	.0	.0	
76.8	72.7	6.2	167.5	373.3	95.0	48.0	.0	
80.9	69.6	6.9	219.6	517.4	65.0	.0	.0	
76.9	63.4	7.2	297.1	648.0	15.0	.0	.0	
77.9	65.0	5.2	236.7	641.0	29.0	.0	.0	
79.9	68.9	4.6	186.7	562.9	40.0	.0	.0	
79.3	71.2	4.5	138.3	617.7	41.0	25.0	.0	
81.3	71.0	6.3	285.4	618.6	38.0	2.0	.0	
78.7	68.8	6.1	231.3	590.1	40.0	50.0	.0	
81.1	73.9	6.2	269.2	569.8	54.0	3.0	.0	
81.9	71.7	9.8	283.3	496.4	51.0	1.0	.0	
75.5	56.5	10.6	263.8	668.5	13.0	.0	.0	
69.6	55.1	7.8	255.8	603.1	28.0	.0	.0	
74.4	60.1	6.0	131.3	510.1	53.0	.0	.0	
74.1	65.6	8.4	240.8	253.9	84.0	85.0	.0	
68.6	53.1	9.4	306.3	531.0	28.0	.0	.0	
64.9	49.5	6.2	203.8	643.6	13.0	.0	.0	
66.5	53.5	7.4	155.4	568.3	30.0	.0	.0	
71.5	62.4	7.1	128.8	427.5	93.0	.0	.0	
72.2	65.9	3.5	116.7	435.0	70.0	4.0	.0	
77.3	66.4	7.1	183.3	548.2	40.0	.0	.0	
   8    31    1977
76.8	67.0	4.4	145.8	360.8	68.0	.0	.0	
72.5	57.6	6.5	255.0	604.7	51.0	.0	.0	
72.3	66.6	5.7	86.7	311.5	95.0	.0	.0	
77.9	68.1	5.6	147.1	527.5	67.0	.0	.0	
80.8	70.3	6.0	185.8	441.5	36.0	.0	.0	
81.0	70.4	6.9	226.7	373.6	55.0	.0	.0	
79.9	70.3	8.4	249.6	383.2	81.0	.0	.0	
80.2	68.9	9.1	277.1	412.3	55.0	.0	.0	
79.3	67.6	6.2	225.4	465.4	50.0	.0	.0	
77.6	70.9	5.9	175.0	393.7	90.0	9.0	.0	
79.5	69.1	8.0	230.4	470.7	54.0	.0	.0	
75.4	70.0	6.5	205.0	238.5	90.0	7.0	.0	
74.9	70.6	6.3	169.6	250.1	93.0	16.0	.0	
74.7	69.7	5.1	215.4	252.1	84.0	9.0	.0	
75.2	62.7	4.9	207.1	534.8	44.0	.0	.0	
77.4	70.6	6.9	125.4	294.5	95.0	.0	.0	
74.6	67.9	8.8	238.3	268.3	80.0	22.0	.0	
65.6	51.1	7.7	242.5	535.6	27.0	.0	.0	
63.9	50.6	3.9	163.8	509.4	58.0	.0	.0	
65.4	49.9	7.4	274.6	545.2	38.0	.0	.0	
65.3	56.0	7.6	124.2	285.9	80.0	9.0	.0	
72.8	62.2	9.3	262.5	520.2	50.0	11.0	.0	
68.9	59.9	3.9	166.3	314.1	58.0	.0	.0	
69.3	64.7	5.3	178.3	206.6	86.0	7.0	.0	
62.8	46.4	5.6	262.1	559.2	2.0	.0	.0	
65.2	55.0	6.6	132.1	309.7	48.0	.0	.0	
73.5	65.1	4.9	135.8	355.6	41.0	.0	.0	
79.3	70.6	4.3	95.0	566.5	5.0	.0	.0	
80.1	71.2	5.6	142.9	477.3	45.0	3.0	.0	
78.9	70.3	6.7	291.7	425.6	67.0	.0	.0	
76.9	70.2	6.5	142.5	415.3	74.0	.0	.0	
   9    30    1977
76.4	71.5	3.6	74.6	314.3	71.0	.0	.0	
77.2	71.7	4.8	152.9	339.9	87.0	38.0	.0	
75.9	67.6	7.0	258.8	334.9	71.0	.0	.0	
71.7	60.4	4.5	133.3	454.7	63.0	.0	.0	
76.0	67.9	3.2	120.4	322.8	75.0	.0	.0	
74.5	69.2	5.2	228.8	359.6	65.0	1.0	.0	
69.5	60.9	3.2	42.9	236.4	93.0	.0	.0	
69.9	61.0	5.4	103.3	367.1	78.0	.0	.0	
67.7	60.7	8.2	114.2	238.9	72.0	.0	.0	
72.5	57.8	8.9	245.4	379.8	54.0	.0	.0	
63.9	44.6	10.0	282.5	482.0	19.0	.0	.0	
61.9	46.7	6.9	226.7	457.3	52.0	.0	.0	
70.9	58.0	9.1	177.1	277.7	88.0	.0	.0	
70.2	57.8	11.8	269.6	244.2	75.0	6.0	.0	
60.4	47.6	5.3	173.3	257.8	77.0	.0	.0	
64.0	61.2	5.2	97.1	219.0	98.0	28.0	.0	
71.7	66.3	4.8	173.8	364.0	73.0	5.0	.0	
74.6	65.2	7.3	213.3	409.1	33.0	.0	.0	
73.3	65.8	4.5	137.1	371.1	65.0	53.0	.0	
70.1	62.7	6.6	195.0	299.0	63.0	16.0	.0	
64.5	57.3	5.9	204.6	266.4	90.0	.0	.0	
61.7	59.3	3.7	101.3	253.5	81.0	.0	.0	
62.5	61.3	6.1	113.3	195.9	98.0	10.0	.0	
64.8	63.0	5.4	90.4	192.3	98.0	25.0	.0	
57.5	55.1	9.7	98.8	217.6	98.0	69.0	.0	
62.3	59.5	5.8	172.1	192.9	71.0	96.0	.0	
64.0	57.8	7.6	237.9	190.1	60.0	26.0	.0	
62.1	53.1	10.6	286.7	343.8	25.0	.0	.0	
59.6	47.2	7.6	268.3	432.4	28.0	.0	.0	
64.1	54.1	5.6	127.1	425.5	39.0	.0	.0	
  10    31    1977
64.8	61.0	8.7	173.8	139.3	89.0	17.0	.0	
62.7	56.2	9.6	262.5	253.3	70.0	5.0	.0	
53.9	39.3	13.6	302.1	234.8	62.0	.0	.0	
56.6	41.8	10.8	288.3	343.5	29.0	.0	.0	
55.8	42.8	7.5	244.2	311.8	43.0	.0	.0	
53.5	47.1	6.4	277.1	283.5	58.0	26.0	.0	
49.4	38.8	4.7	195.0	359.2	44.0	.0	.0	
51.8	46.9	7.6	118.8	161.6	98.0	14.0	.0	
57.4	51.7	9.3	232.9	225.6	63.0	64.0	.0	
51.5	41.1	7.7	250.0	241.3	48.0	.0	.0	
52.3	46.1	5.8	107.1	324.9	49.0	.0	.0	
50.7	36.5	10.5	283.3	365.2	52.0	.0	.0	
49.8	37.6	8.0	203.3	255.7	85.0	.0	.0	
47.2	39.6	10.9	315.0	118.7	93.0	127.0	.0	
53.1	41.8	11.7	254.6	322.8	38.0	10.0	.0	
46.4	42.0	10.5	239.2	118.6	95.0	37.0	.0	
42.3	33.2	18.4	287.1	253.6	56.0	28.0	.0	
46.0	35.0	4.9	185.0	217.7	62.0	.0	.0	
46.6	42.4	7.4	269.2	173.6	88.0	15.0	.0	
50.9	42.4	11.0	301.7	219.9	53.0	7.0	.0	
52.0	41.9	7.5	239.2	323.6	9.0	.0	.0	
55.0	45.1	7.1	227.9	288.1	11.0	.0	.0	
48.5	33.9	4.6	106.3	260.7	52.0	.0	.0	
49.8	39.9	4.8	126.7	289.1	30.0	.0	.0	
53.1	45.0	3.9	75.0	291.5	47.0	.0	.0	
55.2	52.2	3.9	78.8	81.9	90.0	16.0	.0	
65.8	63.1	3.1	112.5	167.4	98.0	.0	.0	
59.6	52.3	7.5	219.6	298.4	38.0	.0	.0	
50.7	41.5	4.4	99.2	302.1	20.0	.0	.0	
47.1	36.8	3.1	150.4	327.8	2.0	.0	.0	
45.3	36.2	5.7	126.3	151.3	61.0	.0	.0	
  11    30    1977
51.8	44.3	6.8	97.5	188.9	79.0	.0	.0	
58.3	56.7	6.6	98.3	137.8	98.0	13.0	.0	
61.9	61.1	6.6	89.6	135.3	98.0	22.0	.0	
66.9	64.3	6.0	95.4	156.7	93.0	18.0	.0	
65.1	62.6	5.9	109.6	117.6	98.0	4.0	.0	
56.5	55.7	10.6	86.3	119.9	98.0	33.0	.0	
56.8	55.0	13.0	93.8	116.2	98.0	109.0	.0	
53.9	51.7	8.7	126.3	128.5	98.0	4.0	.0	
57.4	53.9	4.0	92.1	149.5	98.0	.0	.0	
56.7	53.5	11.4	197.9	123.9	98.0	42.0	.0	
41.1	33.2	11.7	252.5	139.1	58.0	.0	.0	
36.5	28.2	11.6	287.9	146.0	52.0	3.0	.0	
34.0	24.0	12.0	307.9	187.6	42.0	.0	.0	
35.2	23.5	7.0	207.9	178.8	73.0	.0	.0	
43.5	27.7	3.6	90.0	165.9	63.0	.0	.0	
52.3	35.7	6.5	105.4	214.7	72.0	.0	.0	
54.2	44.8	11.8	239.2	154.0	68.0	20.0	.0	
43.2	26.7	13.8	265.8	219.3	35.0	.0	.0	
41.0	25.2	9.3	260.8	208.2	42.0	.0	.0	
40.5	27.6	5.7	130.8	204.5	45.0	.0	.0	
47.5	43.1	5.2	112.1	76.9	98.0	17.0	.0	
43.6	31.7	6.7	194.2	107.9	98.0	15.0	.0	
40.1	33.2	6.7	95.0	84.5	98.0	37.0	.0	
44.1	36.1	7.7	245.0	132.1	87.0	.0	.0	
36.1	29.8	3.9	185.8	91.4	84.0	56.0	.0	
34.0	23.2	18.1	290.0	130.3	69.0	8.0	.0	
29.5	13.6	12.3	230.4	174.2	62.0	.0	5.1	
34.3	16.0	5.5	212.1	107.3	90.0	.0	.0	
33.6	16.0	4.4	118.3	83.0	97.0	36.0	.0	
36.4	26.1	5.4	85.4	72.8	98.0	122.0	.0	
  12    31    1977
43.6	39.0	6.8	164.6	111.7	80.0	35.0	.0	
43.8	28.4	10.6	265.0	145.7	54.0	.0	.0	
38.1	28.6	6.7	214.6	85.1	62.0	.0	.0	
36.4	22.2	6.6	237.9	205.2	35.0	.0	.0	
34.8	22.1	8.7	117.1	68.0	98.0	75.0	.0	
34.7	21.0	12.6	276.3	106.2	91.0	.0	.0	
24.7	11.4	17.2	288.3	218.8	28.0	.0	.0	
25.5	11.7	9.3	202.1	185.9	52.0	.0	.0	
30.2	14.1	15.8	244.2	152.9	54.0	.0	10.2	
18.5	3.9	14.7	291.3	204.9	5.0	.0	.0	
18.3	4.7	8.6	292.5	203.9	15.0	.0	.0	
24.6	7.2	5.2	158.8	81.5	69.0	.0	.0	
34.7	21.8	4.0	72.5	97.9	88.0	.0	.0	
36.8	27.2	4.2	128.8	58.6	83.0	61.0	.0	
41.1	29.5	12.0	299.6	101.6	72.0	.0	.0	
36.0	28.7	3.1	117.5	209.1	5.0	.0	.0	
36.5	28.8	4.1	71.3	93.3	78.0	1.0	.0	
36.0	30.3	9.8	70.8	66.6	98.0	123.0	.0	
36.8	29.3	6.5	127.5	70.7	98.0	35.0	.0	
35.5	31.0	7.9	97.1	93.5	98.0	50.0	.0	
37.0	26.4	9.4	245.8	104.9	78.0	93.0	.0	
31.0	16.3	9.9	262.9	131.4	55.0	.0	.0	
31.6	19.3	3.8	137.5	125.0	58.0	.0	.0	
36.3	25.0	5.0	100.4	158.7	54.0	.0	.0	
40.9	24.5	15.8	269.6	129.5	73.0	5.0	.0	
17.8	-3.6	12.6	295.4	211.9	10.0	.0	.0	
19.2	2.8	5.8	214.6	159.3	40.0	.0	.0	
18.5	.6	7.8	268.3	141.4	32.0	.0	.0	
25.2	7.3	6.0	207.1	194.6	48.0	.0	.0	
31.2	16.0	4.2	144.2	174.3	53.0	.0	.0	
36.1	19.8	5.9	241.7	195.3	37.0	.0	.0	
