01	31	2010
23.5	20.0	8.7	272.0	53.5	0.0	2	6.2
9.8	4.4	16.6	301.4	70.5	5.0	0	0.0
11.7	6.5	18.2	299.8	60.9	4.2	0	0.0
13.1	8.9	9.9	295.7	54.3	0.0	0	0.0
15.7	11.9	9.7	288.3	54.7	0.0	0	0.0
20.1	18.1	14.1	298.7	55.0	0.0	0	0.0
20.3	18.0	5.1	186.8	55.4	0.0	3	16.4
16.9	13.4	8.6	252.2	63.5	3.8	4	27.6
7.1	3.0	8.1	277.1	133.7	53.6	0	0.0
9.1	5.9	5.6	179.4	62.1	27.8	0	0.0
13.2	8.9	5.8	217.6	88.7	5.2	3	22.8
15.7	11.9	8.0	294.4	57.8	0.0	0	0.0
18.8	14.3	6.5	233.8	97.7	42.7	0	0.0
27.2	18.2	5.9	195.8	139.8	76.6	0	0.0
31.4	25.9	8.0	267.1	59.6	0.0	0	0.0
30.6	26.6	5.1	175.3	123.3	42.9	0	0.0
30.7	29.0	4.2	79.6	108.8	48.4	41	69.8
33.0	30.3	5.1	235.6	130.6	21.4	0	0.0
27.1	24.2	5.8	263.0	71.9	3.5	0	0.0
23.8	16.9	4.1	198.8	63.0	4.7	0	0.0
21.8	13.7	7.3	92.9	182.2	94.8	0	0.0
27.3	19.2	5.5	82.8	67.0	29.2	0	0.0
25.2	14.5	6.7	98.8	186.8	100.0	0	0.0
34.9	29.9	13.7	145.8	98.7	41.7	91	0.0
38.6	35.6	9.7	219.7	67.1	7.0	112	1.9
22.4	16.4	8.5	255.4	73.1	0.7	1	5.6
20.6	13.2	8.4	242.2	148.1	41.7	0	0.0
15.3	10.5	12.2	261.4	146.8	22.4	5	21.5
5.7	0.7	9.2	289.7	91.0	2.2	0	0.0
4.5	0.0	2.6	55.8	205.1	76.2	0	0.0
10.0	2.1	5.0	160.3	178.1	58.2	0	0.0
02	28	2010
15.7	7.3	6.0	217.8	169.0	40.5	0	0.0
16.7	11.0	2.4	74.9	95.3	17.7	1	4.4
23.6	19.1	8.4	250.6	76.0	0.0	0	0.0
21.4	12.0	4.7	201.6	220.2	75.0	0	0.0
22.7	15.2	4.7	57.6	213.8	63.5	0	0.0
14.9	5.7	10.8	90.3	226.7	54.5	0	0.0
10.7	5.5	6.0	232.2	190.9	77.0	0	0.0
15.5	9.1	7.2	217.8	229.5	61.1	0	0.0
21.3	17.9	7.1	131.2	139.3	9.6	2	7.8
19.3	16.8	11.1	236.7	115.2	18.8	10	46.5
18.1	12.7	12.3	290.4	125.7	4.2	0	0.0
17.7	12.1	8.5	293.4	87.1	0.0	0	0.0
16.3	11.4	8.8	266.0	100.4	1.0	0	0.0
20.4	17.3	10.9	272.9	89.8	0.0	0	0.0
21.7	14.4	3.5	145.3	190.1	36.5	5	21.9
19.8	15.7	7.4	290.8	92.7	0.0	1	5.0
20.5	17.5	11.6	281.7	94.1	0.0	0	0.0
24.6	21.4	13.5	287.7	95.6	0.0	0	0.0
25.1	19.5	13.4	292.8	137.6	39.3	0	0.0
23.2	14.8	7.2	233.8	281.5	98.4	0	0.0
24.4	13.7	5.5	224.6	285.9	100.0	0	0.0
27.6	20.1	8.1	112.1	172.8	19.3	0	0.0
29.3	28.0	5.2	192.3	103.1	0.0	0	0.0
26.1	19.6	3.7	212.7	141.7	3.1	0	0.0
20.1	15.9	13.0	305.6	128.3	13.2	0	0.0
17.9	14.5	11.4	264.8	178.2	11.2	1	6.7
23.8	21.3	7.5	277.6	145.2	4.2	1	3.8
27.7	24.2	8.7	310.1	124.3	5.2	4	12.0
03	31	2010
28.0	25.0	9.5	314.2	113.6	1.0	0	0.0
27.9	23.8	5.4	139.5	114.2	0.0	0	0.0
29.6	20.5	9.1	250.4	142.9	17.7	0	0.0
24.0	13.8	9.5	328.3	333.9	96.9	0	0.0
23.8	14.6	8.6	334.2	340.3	96.9	0	0.0
26.3	9.6	5.8	246.2	344.9	100.0	0	0.0
30.3	13.4	5.0	202.1	341.5	97.9	0	0.0
33.8	19.4	5.9	245.4	354.4	100.0	0	0.0
36.0	20.5	0.5	31.7	359.1	100.0	0	0.0
39.7	25.9	3.9	91.2	170.2	35.4	0	0.0
46.7	35.2	6.1	113.7	316.4	72.9	0	0.0
45.3	43.7	12.4	125.1	130.7	0.0	1	0.0
39.0	36.3	14.8	84.5	132.3	0.0	17	12.3
35.4	34.0	7.1	55.9	134.0	0.0	3	7.6
35.8	32.4	8.3	148.3	135.7	1.0	0	0.0
41.0	22.0	3.9	140.0	392.4	90.6	0	0.0
40.6	18.0	2.9	137.9	397.1	100.0	0	0.0
41.4	21.3	4.7	131.2	401.8	100.0	0	0.0
47.1	28.6	3.9	155.0	406.7	92.7	0	0.0
47.0	32.2	4.5	142.9	373.4	72.9	0	0.0
49.1	32.4	4.4	121.7	352.1	41.7	0	0.0
43.6	40.2	6.5	76.2	147.5	3.1	14	0.0
35.9	35.2	8.7	241.6	161.9	2.1	10	6.8
38.5	20.9	8.6	236.4	431.1	80.6	0	0.0
34.4	28.7	4.3	200.3	171.6	12.8	20	37.2
24.0	12.2	7.9	106.5	440.8	90.6	0	0.0
30.1	9.2	6.6	121.2	443.9	99.0	0	0.0
35.9	30.3	11.0	148.3	267.9	36.8	13	0.0
40.6	37.5	5.6	143.0	159.3	2.1	1	0.0
35.5	23.8	12.1	224.8	434.8	68.8	0	0.0
43.7	21.8	4.4	211.2	462.7	99.0	0	0.0
04	30	2010
55.0	31.3	3.5	101.7	467.8	99.0	0	0.0
64.1	38.6	5.2	162.9	472.6	99.0	0	0.0
63.9	42.1	9.3	181.2	478.8	83.3	0	0.0
50.8	25.8	2.6	71.9	483.9	90.3	0	0.0
57.5	36.3	7.5	167.9	378.4	71.9	0	0.0
62.8	45.7	6.6	176.1	316.8	52.1	12	0.0
66.1	43.4	8.2	221.7	351.6	68.8	0	0.0
53.3	45.2	8.2	191.2	364.5	43.8	6	0.0
32.7	25.7	10.6	280.5	177.4	0.0	1	2.0
42.1	21.4	10.6	267.9	501.3	69.3	0	0.0
48.1	22.6	6.0	241.7	369.6	61.5	0	0.0
43.5	18.0	4.3	157.9	518.3	83.3	0	0.0
43.5	24.5	4.1	70.4	347.2	42.7	0	0.0
45.4	21.8	1.5	40.8	529.0	99.0	0	0.0
55.4	34.1	3.2	172.1	512.4	90.6	0	0.0
56.3	45.4	9.0	235.4	329.7	33.0	11	0.0
33.8	27.4	12.1	288.8	232.1	3.1	0	0.0
36.0	30.7	9.0	297.7	220.8	21.9	0	0.0
42.0	27.5	6.3	255.0	547.2	99.0	0	0.0
46.5	27.8	2.7	135.8	525.8	92.7	0	0.0
47.8	27.9	3.8	118.3	486.4	86.5	0	0.0
43.1	25.0	7.4	194.2	543.5	90.6	0	0.0
43.3	22.5	4.2	138.8	565.3	99.0	0	0.0
46.8	29.7	7.8	116.9	483.1	59.4	0	0.0
45.1	44.2	7.8	115.4	200.8	0.0	0	0.0
44.5	43.3	6.3	116.4	202.2	10.4	11	0.0
36.8	23.3	12.4	331.2	410.7	55.2	0	0.0
39.1	23.5	14.3	297.2	393.8	53.1	0	0.0
45.6	24.7	7.2	182.1	586.2	90.6	0	0.0
61.2	41.6	5.1	108.3	582.0	75.0	0	0.0
05	31	2010
67.4	50.0	4.3	112.9	462.9	36.5	0	0.0
65.0	57.5	7.4	140.4	451.9	49.1	1	0.0
61.3	51.3	7.8	201.2	445.3	43.8	18	0.0
54.2	40.6	7.3	167.5	474.5	68.2	1	0.0
59.9	39.9	7.4	153.9	597.2	68.6	19	0.0
50.2	39.8	9.4	218.5	534.8	59.5	25	0.0
51.5	36.8	5.2	80.6	612.2	84.4	17	0.0
44.4	38.7	14.4	258.5	276.8	4.2	35	0.0
34.2	26.1	14.3	274.7	279.7	24.6	1	3.6
38.0	23.3	6.3	203.3	570.6	91.7	0	0.0
35.1	30.1	10.3	114.9	366.9	44.9	75	22.9
43.6	41.6	5.8	181.7	221.1	0.0	0	0.0
47.6	42.1	7.6	127.5	356.4	38.5	7	0.0
60.9	51.5	9.0	212.8	453.5	44.7	44	0.0
51.1	38.7	9.5	260.4	532.4	80.2	0	0.0
50.6	38.0	4.8	68.3	441.8	67.7	0	0.0
50.9	39.1	8.3	114.8	607.3	65.6	7	0.0
46.2	42.8	8.3	102.2	231.2	5.2	31	0.0
55.1	42.6	7.1	86.7	461.5	24.5	0	0.0
61.7	42.2	9.0	80.0	649.8	99.0	0	0.0
62.5	45.8	6.2	106.7	634.6	88.5	0	0.0
60.1	51.5	7.2	146.5	324.1	10.4	16	0.0
61.8	56.2	4.2	116.9	330.7	22.9	0	0.0
63.0	55.2	4.3	73.4	465.1	55.7	0	0.0
65.7	56.0	1.1	25.9	562.0	62.2	1	0.0
69.1	57.9	4.8	212.1	609.6	92.7	0	0.0
68.2	55.9	4.2	192.9	649.7	95.8	0	0.0
65.2	55.5	2.8	55.0	532.5	73.4	0	0.0
64.8	53.1	4.6	167.8	536.0	52.9	0	0.0
65.5	49.5	2.1	118.3	672.8	100.0	0	0.0
64.4	58.3	4.0	139.2	493.1	68.7	87	0.0
06	30	2010
63.2	56.3	6.4	199.1	519.2	51.6	7	0.0
62.7	52.2	5.5	161.7	665.3	78.1	11	0.0
64.5	58.5	5.1	228.3	486.9	36.5	13	0.0
66.4	58.5	4.3	199.3	572.1	50.7	0	0.0
66.9	62.1	4.8	168.8	510.9	23.3	20	0.0
58.9	55.7	9.7	227.8	277.1	6.5	114	0.0
53.6	43.4	8.2	269.6	501.0	39.6	0	0.0
51.7	39.0	3.2	126.7	616.8	88.5	0	0.0
54.0	51.2	5.7	158.2	240.7	8.2	39	0.0
60.4	51.8	7.3	221.9	495.6	63.4	0	0.0
60.6	50.8	1.9	50.4	572.7	67.7	0	0.0
72.5	63.3	5.0	182.1	515.6	45.8	0	0.0
68.3	65.2	6.3	270.5	324.4	5.9	6	0.0
64.6	58.5	5.3	230.9	357.5	25.3	0	0.0
64.4	52.6	5.4	104.3	653.5	67.5	0	0.0
68.2	60.6	8.6	219.2	435.4	19.4	11	0.0
57.4	50.5	9.0	243.2	402.4	37.0	0	0.0
61.1	50.8	2.7	92.3	691.4	97.5	0	0.0
69.9	60.8	5.6	180.0	650.5	84.4	0	0.0
67.5	58.2	5.7	186.7	476.1	59.1	0	0.0
65.3	55.7	2.0	97.3	680.0	89.1	0	0.0
68.0	61.3	5.7	160.8	550.5	61.5	0	0.0
70.4	61.8	6.2	193.8	689.3	85.1	16	0.0
67.2	62.0	8.4	264.4	433.4	35.9	46	0.0
63.0	55.7	4.1	173.3	537.4	57.1	0	0.0
63.0	55.7	2.5	103.9	547.6	59.8	0	0.0
72.3	64.8	5.6	187.2	561.2	36.0	11	0.0
69.7	64.5	5.5	226.4	476.7	36.9	15	0.0
57.9	47.6	8.6	245.7	544.9	59.4	1	0.0
51.2	40.6	6.7	199.2	442.8	56.2	0	0.0
07	31	2010
53.7	42.4	6.0	194.2	521.8	71.9	0	0.0
57.2	44.8	2.1	83.8	688.3	99.0	0	0.0
63.9	49.2	2.7	124.2	690.2	100.0	0	0.0
67.7	54.2	3.3	144.6	689.5	100.0	0	0.0
73.5	62.4	3.6	140.8	633.1	89.6	0	0.0
74.6	63.5	3.0	139.8	639.1	85.1	0	0.0
74.3	61.6	2.5	108.9	661.1	92.0	0	0.0
75.3	61.7	1.9	57.9	625.0	86.5	0	0.0
68.2	63.3	3.5	125.9	489.8	43.2	62	0.0
66.1	54.8	6.1	195.7	680.3	88.3	0	0.0
65.1	54.4	2.2	118.8	586.4	77.1	0	0.0
68.0	59.5	4.4	113.2	589.9	74.0	0	0.0
69.7	64.7	3.0	105.7	520.5	40.2	1	0.0
70.3	62.6	5.1	225.9	595.6	67.9	0	0.0
70.4	58.4	2.1	136.7	651.1	87.3	0	0.0
69.5	62.1	4.6	155.6	525.0	71.9	30	0.0
70.9	59.5	5.3	169.8	648.0	81.2	4	0.0
70.9	58.9	3.6	168.5	661.2	79.1	30	0.0
68.9	63.6	6.9	225.5	471.5	51.6	8	0.0
66.4	61.7	1.5	59.3	394.9	36.9	1	0.0
71.4	64.5	7.1	244.5	523.8	48.1	0	0.0
67.9	58.5	3.8	153.5	574.4	60.8	0	0.0
72.1	67.2	6.6	219.5	523.6	35.8	87	0.0
73.6	68.4	6.8	239.7	550.7	43.7	24	0.0
67.5	62.9	5.8	248.2	430.6	37.8	21	0.0
63.4	53.7	4.2	156.2	628.0	92.4	0	0.0
64.8	53.0	1.5	76.2	571.4	87.5	0	0.0
68.6	60.8	4.8	146.6	564.0	69.1	74	0.0
66.0	57.2	6.1	240.2	610.5	67.2	21	0.0
59.4	50.5	5.3	177.1	475.9	76.0	0	0.0
62.2	53.2	2.7	128.3	500.0	59.4	0	0.0
08	31	2010
67.1	59.2	3.1	69.6	416.2	31.2	0	0.0
67.3	60.2	5.3	141.9	484.6	67.2	0	0.0
69.8	64.5	4.0	170.5	528.5	47.4	0	0.0
73.0	67.2	3.7	162.1	454.3	30.7	13	0.0
70.8	63.4	6.0	213.0	519.7	38.2	19	0.0
64.5	53.1	7.8	269.1	561.0	45.3	1	0.0
59.6	48.0	3.3	150.2	622.6	97.0	0	0.0
64.8	53.2	3.4	136.7	608.3	88.5	0	0.0
69.9	59.2	3.0	109.2	572.5	76.0	2	0.0
71.5	64.9	3.0	116.1	549.2	57.4	1	0.0
70.4	63.6	2.3	116.7	441.3	58.7	0	0.0
69.3	63.3	4.1	68.3	354.1	26.6	4	0.0
63.7	58.6	8.8	140.8	211.2	3.5	0	0.0
67.4	58.7	9.1	149.5	527.7	45.3	0	0.0
68.5	65.6	4.3	132.0	314.6	30.9	38	0.0
68.4	57.3	6.3	212.1	524.5	61.8	0	0.0
62.2	52.6	2.6	80.8	574.6	88.5	0	0.0
65.9	57.0	1.7	65.8	456.1	68.8	0	0.0
66.4	56.9	3.3	116.2	526.3	76.4	0	0.0
65.8	56.0	2.4	86.5	548.7	71.5	0	0.0
65.5	59.5	5.7	111.9	565.3	71.9	38	0.0
64.9	62.4	7.8	261.6	258.7	5.5	83	0.0
60.7	58.3	8.0	224.9	198.6	1.0	9	0.0
61.0	56.1	4.6	75.2	248.8	5.2	0	0.0
62.9	56.6	4.0	157.5	333.7	40.4	0	0.0
57.0	49.9	5.8	195.6	368.4	49.1	0	0.0
54.5	45.3	2.6	93.8	534.0	92.2	0	0.0
59.1	48.5	0.9	24.2	547.7	100.0	0	0.0
64.5	51.1	2.1	100.0	543.6	100.0	0	0.0
67.1	56.5	1.9	94.2	501.7	92.7	0	0.0
68.7	56.5	1.5	50.0	532.9	98.1	1	0.0
09	30	2010
68.4	58.7	2.8	92.9	514.3	94.8	0	0.0
68.8	59.1	3.3	108.8	491.2	92.7	0	0.0
65.7	57.5	5.6	175.8	412.1	73.4	8	0.0
52.7	47.1	8.6	243.1	237.0	21.9	3	0.0
51.1	43.3	4.6	172.9	299.1	51.0	1	0.0
55.0	45.7	3.6	120.8	399.4	72.9	0	0.0
69.3	52.4	7.4	164.1	498.9	78.1	28	0.0
55.4	50.7	10.3	277.1	211.4	27.1	2	0.0
52.0	48.5	9.3	301.8	186.6	0.7	6	0.0
52.5	47.3	5.2	210.0	303.6	34.5	2	0.0
53.5	44.5	5.6	96.0	485.8	82.2	17	0.0
55.1	52.3	4.5	152.4	186.9	29.4	1	0.0
55.0	45.2	6.7	161.4	439.9	79.6	0	0.0
53.3	45.0	7.2	224.3	353.6	67.9	0	0.0
49.7	41.0	4.7	156.7	464.5	90.6	0	0.0
54.1	51.5	8.1	185.3	189.5	32.3	38	0.0
52.3	49.6	4.4	197.5	160.6	3.1	0	0.0
53.9	47.5	2.0	55.7	448.7	73.3	0	0.0
56.9	53.5	3.1	154.5	328.8	38.7	4	0.0
48.7	40.9	3.1	147.3	444.7	89.2	0	0.0
57.8	45.8	5.2	154.2	440.2	100.0	0	0.0
64.9	60.0	4.7	201.4	318.8	48.6	8	0.0
65.7	59.4	2.8	108.7	313.8	63.5	0	0.0
73.8	58.0	8.4	201.7	411.1	72.9	0	0.0
54.7	48.0	8.7	264.5	239.4	27.1	0	0.0
49.8	44.5	2.3	70.6	236.3	38.5	0	0.0
56.0	54.3	5.0	98.3	144.0	0.0	30	0.0
58.4	55.3	7.8	189.8	181.5	2.6	25	0.0
52.2	49.0	3.5	131.3	169.1	22.9	0	0.0
53.8	52.7	6.0	236.8	138.9	10.8	84	0.0
10	31	2010
49.5	43.6	9.1	248.1	259.5	34.9	0	0.0
43.7	36.6	3.8	53.8	180.8	36.8	0	0.0
44.5	36.7	7.8	60.0	134.7	9.9	0	0.0
41.0	39.0	5.2	175.6	138.9	5.7	24	0.0
42.1	41.3	8.0	336.9	130.5	0.0	36	0.0
46.3	45.1	5.3	276.4	141.6	2.4	5	0.0
51.3	43.1	11.2	290.1	283.0	52.9	0	0.0
50.2	37.4	4.5	165.1	333.3	91.0	0	0.0
51.0	41.2	3.7	149.2	353.5	99.0	0	0.0
53.1	43.0	4.7	142.1	348.8	99.0	0	0.0
56.2	49.7	3.8	148.3	292.1	66.3	1	0.0
48.7	41.9	5.8	248.1	310.1	68.4	5	0.0
41.8	27.6	0.9	43.9	330.1	91.6	0	0.0
42.5	38.1	4.5	172.7	132.0	19.0	4	0.0
43.2	34.1	15.3	308.1	230.7	21.0	0	0.0
43.5	32.2	10.2	255.4	300.4	83.3	0	0.0
46.5	35.8	7.8	219.2	289.1	82.3	0	0.0
40.5	35.5	2.8	126.0	149.1	15.6	0	0.0
39.0	35.9	2.5	121.9	129.3	25.5	2	0.0
43.2	30.6	5.8	182.5	273.9	62.5	0	0.0
40.4	34.0	10.0	280.4	186.2	13.2	18	0.0
36.1	29.3	7.2	221.2	148.1	38.5	2	4.5
47.1	35.0	4.0	162.1	223.4	39.6	0	0.0
59.5	38.5	5.1	174.2	285.2	85.4	0	0.0
57.8	50.0	4.7	184.2	131.0	22.9	37	0.0
59.1	54.6	8.3	172.7	210.4	28.5	67	0.0
53.3	41.1	7.9	210.4	255.9	64.6	0	0.0
46.2	31.6	10.2	261.0	110.2	32.3	1	0.0
36.3	32.6	8.5	262.5	116.1	13.5	16	0.0
39.5	26.2	7.0	180.4	262.2	90.6	0	0.0
36.9	26.8	9.8	306.1	110.3	9.4	0	0.0
11	30	2010
29.9	22.0	4.0	186.2	228.7	74.5	0	0.0
30.5	21.5	2.2	40.8	250.8	100.0	0	0.0
35.1	23.0	2.8	87.9	247.0	100.0	0	0.0
36.7	33.0	2.8	143.9	158.4	22.7	8	0.0
34.9	33.2	7.1	292.2	92.8	1.4	1	0.0
31.8	26.8	3.2	168.8	96.6	34.4	0	0.0
29.4	22.4	2.3	114.5	142.4	61.0	0	0.0
34.6	26.7	7.0	242.5	229.2	100.0	0	0.0
39.3	34.3	4.9	226.8	210.6	78.5	0	0.0
41.6	30.1	5.4	61.5	219.2	85.5	0	0.0
40.1	23.0	1.1	26.1	219.2	100.0	0	0.0
41.8	16.6	1.2	41.2	216.0	100.0	0	0.0
42.2	15.0	3.0	82.5	212.9	100.0	0	0.0
44.2	30.8	6.6	172.1	132.8	44.8	26	0.0
35.1	28.4	1.4	66.6	206.8	78.0	0	0.0
41.8	38.2	9.8	114.7	71.3	25.0	32	0.0
42.8	41.6	16.9	145.2	65.7	79.7	19	11.0
35.5	33.8	11.5	284.3	79.2	23.6	0	0.0
32.7	26.5	6.5	252.4	133.7	45.5	1	1.3
37.1	31.0	8.6	263.8	157.6	43.2	0	0.0
36.1	30.4	6.3	107.8	160.1	69.8	0	0.0
50.5	44.3	5.9	151.2	77.1	5.0	29	0.0
46.5	37.3	11.5	247.4	142.4	38.3	18	0.0
30.7	20.1	7.6	171.0	177.8	46.9	0	0.0
38.5	28.4	10.6	138.3	63.2	13.2	30	21.6
29.1	21.1	11.6	256.5	134.6	29.7	20	0.8
25.6	20.9	9.9	265.8	86.6	9.4	1	2.5
27.0	21.9	3.0	151.7	126.2	50.0	0	0.0
30.8	22.0	8.2	148.3	172.2	100.0	0	0.0
43.5	40.8	13.8	151.4	59.6	5.2	134	0.0
12	31	2010
40.0	29.9	9.6	255.4	87.2	7.8	96	2.1
20.6	16.8	4.9	172.3	75.4	4.2	0	0.0
22.9	19.4	3.6	174.0	84.4	4.3	4	18.1
23.6	20.0	8.8	305.4	57.2	0.0	3	11.4
20.0	16.7	13.9	299.5	125.9	15.3	1	2.5
20.5	17.7	16.3	293.3	132.9	31.1	0	1.5
19.6	15.4	15.6	293.3	91.0	7.5	0	0.0
16.8	12.5	9.4	282.0	85.7	12.0	2	11.8
12.0	8.4	3.0	153.4	73.9	26.8	0	0.0
21.7	16.7	7.6	171.1	56.1	1.2	0	0.0
30.6	23.4	6.1	137.4	155.1	82.3	0	0.0
32.8	31.0	9.5	172.4	54.0	0.0	16	7.1
12.3	6.7	14.9	290.1	62.1	1.0	0	0.0
10.5	5.8	16.7	300.7	99.2	10.9	0	0.0
14.7	10.6	11.8	283.9	125.6	21.4	0	0.0
12.6	8.5	4.0	194.5	110.5	29.2	0	0.0
18.7	15.1	5.7	246.0	66.5	2.1	1	6.3
14.6	8.6	4.5	163.6	144.4	65.1	0	0.0
13.6	9.8	2.6	144.8	52.5	3.1	0	0.0
19.9	17.4	7.3	293.9	52.5	0.0	0	0.0
18.9	14.3	6.8	314.5	125.7	28.8	0	0.0
18.9	15.9	8.1	240.6	67.1	2.6	0	0.0
20.3	16.9	15.5	314.5	52.3	5.6	0	0.0
19.5	15.3	8.7	314.4	62.1	3.6	0	0.0
19.4	15.9	4.9	208.2	52.4	0.0	0	0.0
14.8	10.4	11.4	168.9	54.3	1.4	0	0.0
14.8	9.6	18.5	318.1	54.0	9.9	0	0.0
20.8	15.4	11.8	276.8	70.7	4.2	0	0.0
19.2	15.8	4.5	166.7	63.4	37.1	0	0.0
23.7	20.9	3.2	93.6	56.2	43.9	0	0.0
41.2	37.1	5.0	168.0	53.9	19.0	1	0.0
