   1    31    1963
13.1	5.2	14.0	305.4	96.6	98.0	.0	.0	
21.7	16.2	7.1	252.1	112.5	98.0	.0	.0	
26.3	20.9	3.1	165.4	118.4	98.0	.0	.0	
28.1	23.2	5.4	262.5	113.7	92.0	.0	.0	
28.4	22.4	3.6	190.4	89.7	98.0	.0	.0	
30.3	22.0	3.9	122.5	126.0	79.0	.0	.0	
29.2	23.2	3.4	81.7	105.3	98.0	.0	.0	
33.4	29.3	4.2	162.9	120.5	98.0	.0	.0	
34.9	26.3	8.3	217.5	121.9	77.0	.0	.0	
36.4	27.9	3.7	100.0	198.6	38.0	.0	.0	
38.6	34.7	5.7	108.3	63.0	90.0	.0	.0	
37.2	34.9	6.7	76.3	92.7	98.0	.0	.0	
28.5	25.2	6.6	262.9	114.2	96.0	.0	.0	
15.7	4.9	11.0	235.0	215.6	2.0	.0	.0	
19.1	9.1	6.0	160.8	180.6	28.0	.0	.0	
16.0	7.2	6.9	162.5	206.7	25.0	.0	.0	
28.0	15.3	3.9	140.8	179.2	44.0	.0	.0	
32.7	25.4	6.0	152.1	169.1	65.0	.0	.0	
31.4	26.0	3.9	94.6	149.4	64.0	.0	.0	
38.4	34.1	7.3	180.0	108.5	95.0	.0	.0	
14.7	-2.6	13.8	287.5	246.9	20.0	.0	.0	
19.7	3.8	8.7	224.2	134.8	71.0	.0	.0	
26.0	16.8	9.4	225.0	92.7	98.0	.0	.0	
-2.0	-16.0	15.1	250.8	215.9	29.0	.0	.0	
4.5	-11.0	9.4	192.9	243.7	19.0	.0	.0	
18.8	5.9	7.5	107.1	194.9	93.0	.0	.0	
21.3	12.3	14.8	201.7	189.6	80.0	.0	.0	
10.0	-5.6	11.3	271.3	254.6	30.0	.0	.0	
8.8	-5.5	5.3	179.2	236.3	47.0	.0	.0	
21.6	14.1	4.1	150.8	156.4	98.0	.0	.0	
16.3	7.2	6.8	179.6	265.2	41.0	.0	.0	
   2    28    1963
16.6	5.4	7.0	130.8	198.9	72.0	.0	.0	
34.9	30.8	7.9	154.2	95.4	98.0	.0	.0	
15.5	1.3	14.5	302.1	284.4	26.0	.0	.0	
10.8	-4.0	7.3	194.2	155.5	68.0	.0	.0	
27.6	14.5	6.1	195.0	259.6	43.0	.0	.0	
30.7	21.9	4.4	133.3	247.5	59.0	.0	.0	
25.5	19.8	9.0	251.7	131.8	94.0	.0	.0	
1.0	-10.5	12.2	175.8	232.7	46.0	.0	.0	
16.0	6.3	6.1	208.8	203.4	83.0	.0	.0	
28.5	20.6	7.1	190.4	152.5	97.0	.0	.0	
33.4	30.3	3.9	166.3	129.8	98.0	.0	.0	
24.6	21.4	9.7	157.5	164.7	98.0	.0	.0	
18.8	11.8	10.5	263.8	242.0	64.0	.0	.0	
19.4	15.3	8.1	201.3	162.3	80.0	.0	.0	
11.3	.3	13.6	290.4	264.2	40.0	.0	.0	
5.8	-7.0	8.7	252.1	337.0	5.0	.0	.0	
13.2	.8	7.0	169.2	181.5	64.0	.0	.0	
31.6	18.1	9.3	212.9	310.0	39.0	.0	.0	
31.0	25.2	6.6	123.8	153.6	93.0	.0	.0	
35.5	25.3	13.2	236.7	269.6	87.0	.0	.0	
12.1	-3.2	12.1	322.1	306.2	48.0	.0	.0	
4.6	-11.6	11.0	246.7	369.4	23.0	.0	.0	
11.4	-3.7	11.7	235.4	375.1	19.0	.0	.0	
22.2	15.7	7.6	253.8	187.7	80.0	.0	.0	
15.7	6.8	9.9	255.0	222.4	71.0	.0	.0	
8.2	-6.1	8.3	179.6	355.7	14.0	.0	.0	
11.1	-2.2	6.9	200.8	371.1	35.0	.0	.0	
20.7	14.9	5.7	207.9	217.6	80.0	.0	.0	
   3    31    1963
20.6	15.8	8.0	77.9	208.3	92.0	.0	.0	
25.6	19.3	7.4	195.8	218.9	90.0	.0	.0	
30.0	18.5	7.1	180.8	213.2	75.0	.0	.0	
36.3	28.1	3.4	107.5	227.2	97.0	.0	.0	
37.9	34.0	5.4	115.0	248.1	98.0	.0	.0	
35.8	29.4	15.7	185.4	219.2	96.0	.0	.0	
31.9	23.3	11.3	245.4	211.2	67.0	.0	.0	
33.1	24.2	9.0	233.3	272.8	68.0	.0	.0	
33.8	26.4	5.5	125.4	187.6	75.0	.0	.0	
35.0	24.3	10.8	228.8	232.8	66.0	.0	.0	
26.9	16.2	7.6	114.6	189.3	89.0	.0	.0	
38.0	33.8	7.1	132.9	222.4	98.0	.0	.0	
39.1	37.2	8.0	198.3	199.0	98.0	.0	.0	
33.3	23.6	11.1	306.7	353.3	54.0	.0	.0	
31.1	19.0	8.7	214.6	424.1	13.0	.0	.0	
38.3	26.2	9.0	141.7	347.7	84.0	.0	.0	
45.6	40.7	7.2	180.4	283.2	73.0	.0	.0	
37.3	28.9	14.4	259.2	202.6	89.0	.0	.0	
33.2	23.5	7.9	143.3	226.3	83.0	.0	.0	
35.2	29.7	8.2	224.6	212.6	98.0	.0	.0	
31.1	24.4	9.6	320.0	220.3	97.0	.0	.0	
32.4	22.5	12.6	325.4	354.1	61.0	.0	.0	
35.9	21.6	8.1	241.3	364.6	50.0	.0	.0	
48.7	29.1	6.6	186.3	446.4	39.0	.0	.0	
58.2	34.2	7.4	147.1	404.5	53.0	.0	.0	
59.0	38.5	11.6	161.3	467.4	45.0	.0	.0	
45.5	34.6	11.6	229.6	331.4	51.0	.0	.0	
50.6	31.6	7.8	180.0	460.9	17.0	.0	.0	
47.7	26.7	8.2	135.4	450.7	55.0	.0	.0	
47.2	40.8	7.7	217.5	195.2	85.0	.0	.0	
49.6	24.3	7.6	129.6	486.1	49.0	.0	.0	
   4    30    1963
46.9	26.6	9.1	203.8	230.9	98.0	.0	.0	
59.9	46.4	9.2	226.7	428.5	74.0	.0	.0	
69.0	47.4	10.2	222.1	236.4	85.0	.0	.0	
47.6	29.8	19.6	267.5	180.5	85.0	.0	.0	
36.7	11.6	14.5	293.3	517.5	21.0	.0	.0	
44.8	17.3	7.7	207.9	532.3	20.0	.0	.0	
46.4	22.6	10.3	176.7	467.3	28.0	.0	.0	
41.4	17.1	7.6	172.1	530.2	35.0	.0	.0	
41.9	22.0	7.9	227.9	337.4	91.0	.0	.0	
35.7	21.7	14.5	294.2	242.0	88.0	.0	.0	
41.3	26.9	14.7	315.8	282.2	81.0	.0	.0	
47.7	26.1	10.3	285.4	570.6	3.0	.0	.0	
47.8	24.4	7.8	210.8	489.7	60.0	.0	.0	
46.4	20.1	10.6	215.8	591.5	4.0	.0	.0	
45.0	19.5	8.1	219.6	543.3	58.0	.0	.0	
48.9	20.5	5.4	178.3	510.7	48.0	.0	.0	
55.0	37.9	9.0	205.4	243.2	95.0	.0	.0	
60.1	43.4	10.8	194.2	545.7	42.0	.0	.0	
59.5	40.2	8.9	158.8	325.2	85.0	.0	.0	
61.8	41.1	15.7	287.9	556.0	35.0	.0	.0	
57.1	36.4	10.3	204.6	397.7	63.0	.0	.0	
44.2	17.4	13.4	269.6	550.8	55.0	.0	.0	
39.9	31.2	11.4	202.9	225.4	98.0	.0	.0	
42.1	28.0	13.8	310.0	368.3	70.0	.0	.0	
44.1	25.9	9.0	233.3	471.0	25.0	.0	.0	
45.8	26.2	9.0	216.3	453.1	45.0	.0	.0	
48.3	25.4	7.9	218.3	531.8	23.0	.0	.0	
51.2	23.7	6.4	205.4	649.6	2.0	.0	.0	
54.8	33.4	13.1	192.5	467.3	78.0	.0	.0	
55.6	52.2	13.3	205.4	246.6	98.0	.0	.0	
   5    31    1963
36.6	28.9	12.3	286.3	316.9	98.0	.0	.0	
47.5	26.3	12.9	300.4	667.8	11.0	.0	.0	
57.2	33.3	7.4	184.6	602.6	34.0	.0	.0	
66.9	42.5	8.9	195.8	641.6	11.0	.0	.0	
63.7	49.2	8.5	195.0	348.1	49.0	.0	.0	
56.3	34.9	6.2	205.4	604.6	24.0	.0	.0	
59.6	34.0	6.9	180.4	627.2	39.0	.0	.0	
72.2	43.5	12.6	232.1	421.3	93.0	.0	.0	
73.7	56.5	10.2	210.8	450.2	93.0	.0	.0	
65.4	58.0	8.4	136.7	545.2	78.0	.0	.0	
41.6	32.9	11.7	322.5	300.7	98.0	.0	.0	
48.2	28.9	8.7	137.5	584.0	46.0	.0	.0	
52.4	34.7	10.8	179.6	481.2	54.0	.0	.0	
57.9	46.3	10.9	268.3	368.1	93.0	.0	.0	
58.1	39.6	10.6	211.3	566.0	75.0	.0	.0	
61.5	40.0	6.8	205.0	606.8	30.0	.0	.0	
62.8	51.4	9.4	167.9	393.4	68.0	.0	.0	
57.4	53.0	7.4	128.3	261.8	88.0	.0	.0	
63.2	44.6	11.3	217.1	671.4	18.0	.0	.0	
59.9	46.9	6.8	191.3	340.7	74.0	.0	.0	
56.7	44.6	8.7	167.9	387.0	64.0	.0	.0	
57.7	39.4	10.9	247.1	565.0	56.0	.0	.0	
44.7	27.9	11.0	244.6	399.5	47.0	.0	.0	
49.7	31.8	4.4	200.8	681.6	17.0	.0	.0	
57.5	39.9	7.4	155.4	607.4	36.0	.0	.0	
52.2	44.7	4.7	152.1	298.3	79.0	.0	.0	
58.3	41.2	7.8	154.6	676.2	23.0	.0	.0	
57.0	48.0	9.1	197.9	286.4	98.0	.0	.0	
63.4	57.4	5.4	178.8	282.0	98.0	.0	.0	
62.2	52.3	8.9	197.1	490.3	55.0	.0	.0	
63.6	48.1	6.5	139.2	657.0	14.0	.0	.0	
   6    30    1963
66.6	48.7	4.9	182.1	638.5	16.0	.0	.0	
66.6	48.0	7.1	142.9	519.6	68.0	.0	.0	
66.5	55.1	9.9	70.8	280.3	93.0	.0	.0	
68.8	59.9	6.7	117.9	331.6	90.0	.0	.0	
70.4	62.2	7.1	149.2	322.3	85.0	.0	.0	
72.3	62.7	6.0	218.8	434.7	59.0	.0	.0	
68.6	62.8	6.7	120.4	304.5	98.0	.0	.0	
64.5	56.4	6.6	184.2	342.5	97.0	.0	.0	
71.0	64.8	9.0	224.6	441.1	73.0	.0	.0	
71.5	64.2	8.0	175.4	406.2	92.0	.0	.0	
67.6	59.5	8.4	165.8	337.9	91.0	.0	.0	
52.7	45.3	7.6	285.8	301.8	98.0	.0	.0	
58.9	50.2	6.8	231.3	457.2	63.0	.0	.0	
60.0	53.4	6.5	178.8	349.0	90.0	.0	.0	
58.1	51.1	8.8	201.7	458.3	66.0	.0	.0	
59.2	46.9	5.3	205.4	632.3	30.0	.0	.0	
62.4	48.9	5.8	171.3	555.1	45.0	.0	.0	
65.2	51.1	5.7	188.8	598.4	35.0	.0	.0	
70.6	53.2	9.3	190.4	619.4	33.0	.0	.0	
69.8	61.5	9.3	221.3	314.9	94.0	.0	.0	
54.1	42.2	10.3	282.1	368.6	72.0	.0	.0	
60.8	38.8	9.3	255.4	676.1	13.0	.0	.0	
65.6	44.8	6.7	184.6	693.5	27.0	.0	.0	
67.8	49.5	5.9	185.8	698.0	22.0	.0	.0	
71.2	52.5	6.2	198.3	730.2	5.0	.0	.0	
73.2	53.1	4.9	172.1	723.1	2.0	.0	.0	
76.5	58.5	5.4	184.6	700.0	7.0	.0	.0	
76.8	61.4	5.8	157.5	515.8	59.0	.0	.0	
71.1	69.0	6.3	70.0	253.6	98.0	.0	.0	
75.6	67.8	4.0	149.6	491.8	60.0	.0	.0	
   7    31    1963
77.7	66.3	5.4	184.6	663.0	16.0	.0	.0	
77.5	66.7	6.7	198.3	615.6	39.0	.0	.0	
66.3	51.3	10.1	315.4	488.1	60.0	.0	.0	
64.8	39.3	11.2	286.3	703.9	8.0	.0	.0	
68.2	42.5	10.3	249.6	640.6	21.0	.0	.0	
64.7	42.5	6.9	178.3	700.7	13.0	.0	.0	
68.2	53.8	7.6	172.5	470.7	70.0	.0	.0	
65.3	54.2	7.6	207.9	441.3	75.0	.0	.0	
60.0	44.5	6.9	138.3	610.8	58.0	.0	.0	
60.9	50.3	6.6	122.1	392.6	59.0	.0	.0	
66.3	55.4	6.0	177.9	422.7	73.0	.0	.0	
68.8	56.9	5.6	148.8	527.7	38.0	.0	.0	
71.5	57.6	6.4	126.3	485.5	50.0	.0	.0	
66.0	60.6	9.3	172.9	250.7	89.0	.0	.0	
72.0	60.5	10.7	229.2	447.1	55.0	.0	.0	
73.8	58.1	7.3	220.8	499.5	68.0	.0	.0	
74.7	62.8	6.6	204.6	558.7	57.0	.0	.0	
77.8	68.4	7.5	191.7	498.0	50.0	.0	.0	
75.8	66.9	7.9	165.4	520.1	62.0	.0	.0	
69.8	67.6	4.0	163.3	236.4	96.0	.0	.0	
68.4	64.9	5.7	146.3	344.3	95.0	.0	.0	
67.5	64.1	4.9	132.5	290.7	93.0	.0	.0	
70.6	62.7	5.1	155.0	470.1	70.0	.0	.0	
74.1	64.1	5.5	162.5	654.5	12.0	.0	.0	
76.7	65.0	5.2	122.5	578.6	24.0	.0	.0	
77.2	65.3	5.2	150.4	589.8	13.0	.0	.0	
74.9	68.0	4.2	184.2	471.7	30.0	.0	.0	
77.5	69.4	4.9	159.6	523.1	60.0	.0	.0	
75.9	69.5	6.2	223.3	500.8	77.0	.0	.0	
71.5	59.5	8.5	252.1	630.0	27.0	.0	.0	
68.8	56.5	5.8	162.5	618.2	27.0	.0	.0	
   8    31    1963
70.0	64.3	5.2	147.9	388.1	83.0	.0	.0	
71.3	60.7	7.8	266.3	490.3	70.0	.0	.0	
72.1	64.1	6.8	196.3	291.7	70.0	.0	.0	
74.5	61.0	12.9	267.1	548.5	58.0	.0	.0	
69.6	56.6	11.1	292.1	465.4	60.0	.0	.0	
70.3	56.7	5.1	163.3	633.1	8.0	.0	.0	
73.3	63.0	7.0	228.3	437.6	74.0	.0	.0	
70.7	62.8	4.7	100.4	415.3	42.0	.0	.0	
70.4	60.0	6.8	182.1	503.4	64.0	.0	.0	
66.9	55.1	8.6	131.3	562.1	29.0	.0	.0	
67.0	54.0	6.5	167.5	515.4	37.0	.0	.0	
69.5	57.7	5.7	212.5	380.7	78.0	.0	.0	
71.3	63.7	9.4	185.4	240.0	96.0	.0	.0	
62.7	52.0	12.6	297.1	371.1	81.0	.0	.0	
63.1	50.2	6.7	222.1	475.8	29.0	.0	.0	
66.3	53.8	6.1	205.8	448.0	62.0	.0	.0	
70.5	58.1	10.3	190.8	373.0	73.0	.0	.0	
62.2	52.8	8.7	205.4	495.4	49.0	.0	.0	
62.7	53.7	5.7	168.8	296.9	76.0	.0	.0	
69.3	63.5	5.8	195.4	268.2	95.0	.0	.0	
70.7	60.9	5.0	149.6	522.2	54.0	.0	.0	
72.3	62.6	4.9	163.8	390.5	66.0	.0	.0	
73.1	62.9	5.4	199.6	430.8	74.0	.0	.0	
66.5	57.3	7.3	212.1	284.4	79.0	.0	.0	
60.5	48.4	8.5	56.3	513.4	25.0	.0	.0	
60.3	49.0	5.5	123.3	503.2	23.0	.0	.0	
62.9	49.8	4.9	144.2	498.3	27.0	.0	.0	
67.2	53.2	8.3	168.8	464.0	59.0	.0	.0	
66.8	62.4	7.9	193.8	253.9	98.0	.0	.0	
69.3	62.2	5.2	199.6	378.6	70.0	.0	.0	
64.4	55.3	7.3	238.3	346.2	60.0	.0	.0	
   9    30    1963
60.5	47.2	6.9	163.3	537.5	6.0	.0	.0	
64.5	51.0	6.4	167.1	485.2	55.0	.0	.0	
70.3	63.5	8.4	215.4	221.1	98.0	.0	.0	
62.9	57.7	8.3	207.1	270.0	73.0	.0	.0	
57.6	49.0	6.9	79.2	236.6	87.0	.0	.0	
57.3	48.8	5.5	83.8	253.6	62.0	.0	.0	
63.1	54.2	4.3	170.0	477.2	12.0	.0	.0	
67.0	58.0	5.8	177.5	441.2	24.0	.0	.0	
68.1	58.4	5.0	142.1	474.4	8.0	.0	.0	
63.1	53.0	6.6	183.8	418.9	42.0	.0	.0	
63.1	50.0	6.5	177.5	474.6	48.0	.0	.0	
71.0	63.0	12.0	228.3	233.3	94.0	.0	.0	
50.8	43.7	10.2	68.8	325.9	78.0	.0	.0	
52.9	40.8	7.5	89.2	528.1	2.0	.0	.0	
55.5	41.5	6.7	88.3	416.4	57.0	.0	.0	
62.1	49.7	5.9	102.5	234.4	93.0	.0	.0	
62.1	55.2	4.8	78.3	207.3	98.0	.0	.0	
67.3	62.2	3.9	126.7	235.5	82.0	.0	.0	
68.1	56.1	5.4	165.8	382.8	71.0	.0	.0	
61.7	59.0	5.6	254.2	140.7	98.0	.0	.0	
51.0	45.9	6.1	167.9	258.1	91.0	.0	.0	
49.7	38.9	9.2	167.5	402.8	20.0	.0	.0	
46.4	31.7	9.4	135.4	424.4	8.0	.0	.0	
46.7	32.1	4.9	125.8	478.7	2.0	.0	.0	
52.5	37.2	7.1	182.1	423.6	6.0	.0	.0	
58.7	43.7	7.3	185.8	434.2	15.0	.0	.0	
65.7	50.5	7.6	240.0	398.8	28.0	.0	.0	
62.7	51.7	6.6	192.9	286.5	80.0	.0	.0	
56.1	53.4	9.3	150.4	177.5	93.0	.0	.0	
53.1	43.7	6.6	225.0	334.7	50.0	.0	.0	
  10    31    1963
57.0	49.3	5.3	160.8	382.3	3.0	.0	.0	
62.8	49.5	6.5	184.6	428.6	2.0	.0	.0	
61.5	53.1	9.7	232.5	228.6	77.0	.0	.0	
51.7	37.5	11.9	268.3	392.3	36.0	.0	.0	
49.4	36.6	2.8	119.2	396.0	2.0	.0	.0	
58.7	38.3	5.4	139.6	407.8	12.0	.0	.0	
70.1	49.0	9.6	221.3	327.2	68.0	.0	.0	
58.5	44.6	8.9	246.7	299.9	55.0	.0	.0	
51.2	38.0	6.0	161.3	400.1	2.0	.0	.0	
52.7	40.5	5.0	148.8	394.0	2.0	.0	.0	
57.6	43.6	5.4	129.2	308.7	67.0	.0	.0	
52.7	38.9	10.0	176.7	366.7	17.0	.0	.0	
49.2	39.1	5.0	110.4	374.7	26.0	.0	.0	
51.0	35.9	3.6	137.1	371.5	8.0	.0	.0	
56.0	34.5	3.7	162.5	371.9	2.0	.0	.0	
56.9	35.1	3.8	124.2	366.5	2.0	.0	.0	
58.8	39.6	3.6	157.9	282.4	32.0	.0	.0	
62.5	45.4	3.5	133.8	341.0	5.0	.0	.0	
64.3	44.3	5.0	155.8	347.7	4.0	.0	.0	
62.3	46.6	5.2	140.0	303.9	17.0	.0	.0	
60.2	49.7	4.3	80.0	338.4	2.0	.0	.0	
52.9	44.8	7.5	123.8	281.7	48.0	.0	.0	
54.8	49.1	6.8	191.7	279.9	34.0	.0	.0	
58.1	48.9	4.8	160.0	292.6	34.0	.0	.0	
60.7	49.2	4.8	185.8	330.1	11.0	.0	.0	
63.0	49.8	3.1	125.4	301.4	7.0	.0	.0	
63.3	54.4	4.5	137.1	310.0	37.0	.0	.0	
53.2	35.1	6.6	107.1	136.0	85.0	.0	.0	
43.2	30.0	12.5	215.0	163.6	77.0	.0	.0	
40.5	24.8	15.3	315.4	191.0	58.0	.0	.0	
45.7	30.5	9.2	234.6	212.3	60.0	.0	.0	
  11    30    1963
49.3	41.7	9.1	237.9	123.5	98.0	.0	.0	
39.7	32.6	10.9	281.3	148.8	94.0	.0	.0	
38.5	23.5	14.8	272.5	172.4	53.0	.0	.0	
44.6	23.6	7.7	216.3	200.4	75.0	.0	.0	
50.6	34.5	5.4	167.5	120.7	98.0	.0	.0	
52.4	51.4	5.6	47.9	73.2	98.0	.0	.0	
52.9	51.4	10.2	64.6	82.5	98.0	.0	.0	
48.6	47.1	7.6	290.4	89.8	98.0	.0	.0	
49.8	45.7	10.6	310.8	129.4	98.0	.0	.0	
50.9	45.2	5.2	197.1	151.1	81.0	.0	.0	
48.8	37.6	8.2	247.5	228.8	55.0	.0	.0	
40.8	32.1	8.9	227.5	153.6	63.0	.0	.0	
38.7	30.4	6.9	222.9	102.4	87.0	.0	.0	
39.7	31.7	9.4	282.5	111.9	98.0	.0	.0	
37.7	26.7	10.0	278.8	90.6	81.0	.0	.0	
45.1	31.9	10.7	223.8	110.0	83.0	.0	.0	
56.3	40.9	7.7	212.9	183.4	83.0	.0	.0	
60.1	47.9	9.2	220.4	119.2	82.0	.0	.0	
44.9	35.9	9.5	242.1	133.6	59.0	.0	.0	
40.5	33.8	5.5	166.3	189.9	58.0	.0	.0	
48.6	44.5	8.8	205.0	81.7	98.0	.0	.0	
51.5	46.6	6.3	167.5	151.5	81.0	.0	.0	
56.3	51.4	12.4	233.3	60.4	98.0	.0	.0	
35.8	23.7	12.2	316.3	107.0	78.0	.0	.0	
31.1	18.6	6.2	232.9	195.9	43.0	.0	.0	
38.0	25.7	7.9	214.6	117.8	91.0	.0	.0	
44.9	37.0	8.8	216.7	102.0	66.0	.0	.0	
44.9	36.5	6.2	127.1	202.3	49.0	.0	.0	
49.1	43.1	11.2	95.8	62.1	98.0	.0	.0	
30.5	23.0	13.5	265.4	120.3	98.0	.0	.0	
  12    31    1963
25.6	16.1	10.3	253.8	129.6	62.0	.0	.0	
29.5	25.3	5.1	115.0	87.9	98.0	.0	.0	
32.0	29.2	6.0	185.0	119.4	98.0	.0	.0	
28.2	20.4	6.3	200.8	158.8	70.0	.0	.0	
31.6	26.8	2.3	70.4	100.3	96.0	.0	.0	
33.3	26.4	3.9	182.9	149.5	90.0	.0	.0	
35.2	26.7	3.7	148.3	195.4	20.0	.0	.0	
40.7	33.4	8.2	112.1	108.1	71.0	.0	.0	
31.3	25.6	11.4	236.3	98.7	91.0	.0	.0	
30.1	22.7	13.7	275.8	86.8	98.0	.0	.0	
25.4	14.8	8.7	195.4	164.8	69.0	.0	.0	
26.5	20.7	6.2	133.8	95.9	98.0	.0	.0	
31.2	23.7	3.8	166.7	111.3	98.0	.0	.0	
23.9	12.6	10.7	252.9	120.6	63.0	.0	.0	
15.7	4.8	12.9	267.5	144.8	40.0	.0	.0	
16.0	4.8	11.4	274.2	131.6	50.0	.0	.0	
16.1	7.6	9.6	226.7	169.6	28.0	.0	.0	
19.6	14.5	5.5	206.3	94.1	98.0	.0	.0	
15.2	6.2	12.6	259.2	98.9	80.0	.0	.0	
9.5	-.9	13.5	237.5	198.9	27.0	.0	.0	
11.0	-.5	9.6	285.4	101.9	75.0	.0	.0	
24.7	17.0	3.8	212.5	121.1	90.0	.0	.0	
25.0	19.3	5.2	78.8	88.6	98.0	.0	.0	
26.1	20.4	9.7	230.8	105.2	98.0	.0	.0	
28.3	18.9	11.8	254.6	106.1	76.0	.0	.0	
33.4	22.1	6.2	160.4	172.6	89.0	.0	.0	
30.2	22.7	4.9	137.9	94.0	97.0	.0	.0	
21.8	13.1	4.0	134.2	102.2	80.0	.0	.0	
19.0	7.1	9.7	241.7	173.8	51.0	.0	.0	
11.8	-1.2	7.8	249.6	196.1	20.0	.0	.0	
7.3	-4.6	3.3	92.5	187.6	57.0	.0	.0	
