   1    31    1984
22.8	18.0	4.0	146.7	105.4	94.0	.0	53.3	
22.3	19.4	9.0	247.1	109.4	95.0	.0	.0	
26.5	20.6	11.1	182.9	155.0	66.0	.0	.0	
33.2	27.3	11.0	260.4	199.0	45.0	.0	.0	
34.6	29.0	12.2	245.8	180.6	69.0	.0	.0	
32.5	26.3	9.9	253.3	188.8	26.0	.0	.0	
28.8	24.6	6.9	180.8	194.0	30.0	.0	.0	
25.5	16.8	9.0	180.0	118.8	64.0	.0	.0	
24.3	17.0	13.0	175.0	109.3	72.0	.0	.0	
12.1	3.0	7.5	258.3	199.7	15.0	.0	.0	
11.3	.3	7.7	101.7	129.5	68.0	.0	.0	
18.3	9.5	13.6	90.8	126.2	98.0	.0	.0	
19.9	13.2	8.2	235.8	108.3	98.0	.0	15.2	
21.1	12.6	9.6	157.5	222.2	72.0	.0	.0	
16.0	6.4	6.3	100.8	190.6	59.0	.0	.0	
15.9	7.2	9.4	217.5	134.0	68.0	.0	2.5	
10.0	-4.2	9.0	284.6	210.7	60.0	.0	.0	
.9	-14.4	11.0	283.3	223.2	29.0	.0	.0	
.0	-12.7	10.7	219.2	207.4	14.0	.0	.0	
-10.5	-24.2	13.1	280.4	233.6	2.0	.0	.0	
3.5	-9.1	10.8	197.1	246.9	15.0	.0	.0	
21.1	12.2	10.7	157.1	183.5	95.0	.0	.0	
30.1	26.8	12.2	182.9	75.1	98.0	.0	15.2	
32.2	25.6	13.1	226.7	209.0	54.0	.0	.0	
33.0	26.5	10.4	227.9	226.0	30.0	.0	.0	
38.2	30.3	12.1	241.7	123.5	98.0	.0	.0	
23.5	15.5	11.1	267.1	206.7	63.0	.0	.0	
31.4	23.4	19.3	245.0	97.7	90.0	.0	5.1	
24.2	17.4	10.9	192.5	139.9	85.0	.0	101.6	
19.3	10.6	15.0	304.2	250.6	48.0	.0	20.3	
20.4	12.3	7.1	202.1	199.6	67.0	.0	.0	
   2    29    1984
27.0	19.4	4.7	117.1	261.4	2.0	.0	.0	
36.9	27.7	14.7	215.0	144.5	74.0	.0	.0	
34.2	27.2	14.5	252.5	134.1	91.0	.0	.0	
28.1	20.2	17.3	282.5	108.4	98.0	.0	5.1	
13.4	4.3	16.5	252.9	160.6	70.0	.0	30.5	
1.8	-11.9	9.5	261.7	285.6	10.0	.0	.0	
10.4	-2.0	3.4	109.6	288.3	30.0	.0	.0	
27.6	17.2	7.5	150.8	201.1	65.0	.0	.0	
36.0	26.5	7.2	140.0	244.3	58.0	.0	.0	
36.3	34.2	5.1	141.3	95.6	98.0	3.0	.0	
38.6	36.6	9.9	98.3	126.5	93.0	.0	.0	
48.3	45.8	11.3	172.5	152.4	98.0	4.0	.0	
41.0	32.7	10.1	195.4	243.8	66.0	.0	.0	
42.0	32.4	6.2	104.6	298.6	38.0	.0	.0	
47.7	35.6	13.0	120.4	262.7	73.0	.0	.0	
40.6	36.8	9.5	107.5	102.6	98.0	29.0	.0	
39.4	36.3	9.2	261.3	169.9	98.0	1.0	.0	
40.8	36.3	15.4	149.2	101.6	91.0	27.0	.0	
37.7	30.7	18.4	269.6	164.2	98.0	1.0	.0	
36.8	25.0	13.7	257.1	323.9	29.0	.0	.0	
39.8	27.1	4.4	141.7	313.3	41.0	.0	.0	
49.4	29.8	10.0	181.7	357.9	2.0	.0	.0	
46.1	31.0	11.9	267.5	289.6	63.0	.0	.0	
40.5	27.5	11.1	316.3	173.1	98.0	.0	.0	
36.4	24.2	3.6	161.7	300.6	61.0	.0	.0	
37.7	25.3	12.2	69.6	226.5	89.0	.0	.0	
30.7	15.4	21.9	31.3	187.3	98.0	.0	.0	
30.5	11.1	21.0	253.8	317.1	55.0	.0	.0	
28.0	9.8	14.3	311.7	383.2	12.0	.0	.0	
   3    31    1984
30.3	16.0	4.6	107.9	178.6	74.0	.0	.0	
31.7	11.7	6.3	83.3	345.4	51.0	.0	.0	
31.3	14.7	7.0	102.9	350.5	25.0	.0	.0	
31.2	23.3	12.4	129.2	145.3	98.0	.0	94.0	
30.6	19.4	18.2	272.5	217.7	98.0	.0	.0	
17.2	5.0	9.7	268.3	396.1	10.0	.0	.0	
21.8	13.1	11.2	98.3	185.2	82.0	.0	30.5	
21.4	9.6	12.6	201.3	413.6	49.0	.0	35.6	
17.6	6.3	8.2	269.6	326.8	63.0	.0	.0	
18.2	8.2	14.4	239.2	333.5	42.0	.0	.0	
15.9	.3	11.9	245.8	376.8	42.0	.0	5.1	
19.6	11.2	15.4	92.1	235.2	98.0	.0	43.2	
27.2	18.6	3.9	95.4	231.1	98.0	.0	.0	
32.5	24.9	12.5	126.3	251.7	98.0	.0	.0	
43.8	38.6	12.1	182.9	223.0	98.0	143.0	.0	
37.4	27.4	15.4	146.7	192.3	98.0	.0	.0	
31.0	23.2	16.9	70.0	256.2	98.0	.0	109.2	
31.2	20.8	12.6	52.1	245.0	98.0	.0	.0	
31.8	25.7	12.5	59.6	199.6	98.0	.0	114.3	
32.1	27.8	11.9	224.6	191.4	98.0	24.0	.0	
34.3	27.2	18.4	295.4	255.7	98.0	.0	.0	
35.9	25.0	17.7	289.2	464.9	28.0	.0	.0	
37.6	25.1	5.9	152.9	470.0	38.0	.0	.0	
38.6	26.9	10.6	75.4	233.7	97.0	.0	.0	
40.4	24.5	11.9	59.6	382.4	61.0	.0	.0	
40.4	28.3	13.1	95.4	295.9	78.0	5.0	.0	
40.9	36.0	15.4	68.3	199.4	98.0	3.0	.0	
42.5	26.3	17.7	30.0	416.2	71.0	.0	.0	
39.5	22.7	12.3	292.1	400.8	54.0	.0	.0	
38.6	23.0	11.0	320.0	211.9	76.0	.0	.0	
39.3	23.8	7.7	268.8	501.3	18.0	.0	.0	
   4    30    1984
42.7	27.2	7.7	228.3	522.1	26.0	.0	.0	
45.8	36.6	9.3	60.8	229.9	98.0	1.0	.0	
39.6	34.0	18.8	67.5	170.6	98.0	77.0	.0	
40.0	36.7	14.1	227.9	175.1	98.0	8.0	.0	
49.3	30.5	14.4	319.2	516.8	27.0	.0	.0	
48.1	28.5	11.0	288.8	549.8	2.0	.0	.0	
47.8	27.8	12.5	90.8	338.4	76.0	.0	.0	
45.2	38.0	17.3	90.4	158.5	98.0	33.0	.0	
46.6	38.7	15.7	75.0	234.0	98.0	1.0	.0	
54.3	32.7	13.2	90.0	488.1	78.0	.0	.0	
54.0	33.8	14.0	105.4	280.9	95.0	.0	.0	
54.2	43.3	16.7	173.3	243.8	98.0	37.0	.0	
47.5	41.2	18.1	230.4	241.0	98.0	4.0	.0	
48.3	45.9	9.5	157.1	205.6	98.0	14.0	.0	
48.4	44.1	15.0	342.5	206.9	98.0	6.0	.0	
46.1	39.8	16.5	267.9	202.7	98.0	.0	.0	
46.2	29.0	14.7	295.0	443.8	69.0	.0	.0	
43.8	32.2	8.4	158.3	271.0	86.0	.0	.0	
46.5	35.9	5.8	55.8	468.1	56.0	.0	.0	
51.3	39.0	15.4	81.3	481.9	78.0	.0	.0	
49.4	37.4	22.9	81.7	234.6	98.0	28.0	.0	
38.9	36.0	13.9	145.0	217.9	98.0	86.0	.0	
39.1	35.0	8.9	280.0	275.1	97.0	.0	.0	
51.0	40.2	5.1	154.2	570.2	21.0	.0	.0	
57.6	42.7	13.3	137.1	530.0	35.0	.0	.0	
70.2	57.0	15.9	157.1	583.3	28.0	.0	.0	
69.9	51.1	21.8	201.3	557.4	40.0	.0	.0	
52.8	30.5	14.6	206.7	650.0	3.0	.0	.0	
52.2	46.6	18.0	108.3	176.3	95.0	135.0	.0	
43.3	32.9	30.1	257.5	489.4	61.0	1.0	.0	
   5    31    1984
50.2	34.8	12.6	237.5	627.2	34.0	4.0	.0	
54.4	39.2	15.3	79.6	468.9	75.0	9.0	.0	
47.0	42.8	14.1	108.3	169.1	98.0	110.0	.0	
52.4	41.9	6.8	225.0	484.8	83.0	.0	.0	
57.3	46.6	8.6	205.0	552.9	66.0	.0	.0	
59.7	49.4	10.5	119.6	411.0	83.0	2.0	.0	
55.7	45.3	17.1	270.8	307.6	73.0	.0	.0	
48.0	26.1	22.8	288.8	561.8	40.0	.0	.0	
54.5	34.8	14.7	275.8	636.2	30.0	.0	.0	
58.2	44.6	9.2	173.3	306.8	83.0	.0	.0	
59.7	47.5	8.1	210.4	367.8	68.0	.0	.0	
62.1	41.8	9.4	241.7	599.5	55.0	.0	.0	
68.6	47.8	15.5	233.3	616.8	52.0	.0	.0	
58.6	39.8	6.6	159.6	646.7	15.0	.0	.0	
56.5	33.3	8.4	74.2	603.1	19.0	.0	.0	
58.6	28.2	8.7	129.6	669.8	18.0	.0	.0	
69.3	46.1	11.7	193.3	684.2	19.0	.0	.0	
75.5	56.1	11.6	232.5	665.1	41.0	.0	.0	
66.3	62.0	6.4	223.8	207.6	98.0	39.0	.0	
66.8	58.5	7.1	83.8	649.7	44.0	15.0	.0	
65.2	61.2	7.1	143.8	310.6	70.0	.0	.0	
63.1	59.0	8.9	250.4	227.2	85.0	26.0	.0	
61.0	45.5	11.1	248.8	672.8	2.0	.0	.0	
69.4	52.1	15.7	178.3	617.9	45.0	.0	.0	
62.3	56.0	13.1	264.2	250.6	90.0	175.0	.0	
56.4	44.7	11.3	272.9	591.7	33.0	.0	.0	
56.2	47.8	13.3	94.2	329.4	88.0	29.0	.0	
47.7	43.9	16.4	80.8	255.4	75.0	88.0	.0	
50.6	37.2	8.8	220.0	615.2	42.0	.0	.0	
59.5	42.7	9.0	253.8	671.6	11.0	.0	.0	
64.6	45.5	10.0	175.4	693.6	13.0	.0	.0	
   6    30    1984
73.8	55.3	11.8	199.6	685.3	25.0	.0	.0	
68.7	54.1	10.3	241.7	537.0	53.0	.0	.0	
67.6	44.7	2.6	88.3	671.7	23.0	.0	.0	
73.2	55.6	10.6	152.5	420.7	85.0	.0	.0	
79.8	61.3	15.6	192.5	621.8	66.0	.0	.0	
75.3	64.6	13.6	185.4	430.4	62.0	43.0	.0	
76.0	65.5	17.4	175.8	358.8	84.0	.0	.0	
79.1	65.4	13.0	212.9	666.5	52.0	83.0	.0	
73.3	66.1	10.4	180.0	237.4	98.0	164.0	.0	
74.4	59.9	13.3	239.2	647.5	47.0	.0	.0	
70.2	56.9	10.0	116.3	655.2	50.0	.0	.0	
79.3	66.0	12.3	188.3	487.7	79.0	.0	.0	
77.5	64.7	9.6	240.4	580.0	67.0	2.0	.0	
73.4	56.8	11.8	113.3	601.6	70.0	.0	.0	
63.7	51.3	11.1	92.1	265.6	98.0	.0	.0	
77.7	66.9	8.9	134.2	352.2	89.0	5.0	.0	
84.9	68.7	14.7	210.4	610.8	55.0	.0	.0	
77.5	64.0	11.8	277.1	615.3	48.0	7.0	.0	
72.4	57.4	4.4	170.4	611.9	64.0	.0	.0	
76.1	57.0	9.2	77.9	633.9	69.0	.0	.0	
75.4	61.4	7.1	107.5	344.9	94.0	.0	.0	
78.1	66.7	7.7	169.2	633.4	61.0	65.0	.0	
76.1	64.3	11.0	273.3	600.3	42.0	.0	.0	
71.7	54.1	12.2	267.9	691.6	6.0	.0	.0	
72.9	53.9	6.5	211.3	683.9	15.0	.0	.0	
77.1	62.0	14.1	210.4	566.5	69.0	6.0	.0	
71.8	54.8	12.0	258.8	692.5	5.0	.0	.0	
70.5	56.9	5.4	188.3	441.7	48.0	.0	.0	
65.4	54.2	8.2	35.4	577.4	31.0	.0	.0	
66.2	54.9	8.0	40.0	391.4	60.0	.0	.0	
   7    31    1984
69.6	54.8	5.4	100.4	652.5	27.0	.0	.0	
73.6	57.5	5.2	151.7	638.2	35.0	.0	.0	
72.6	62.2	6.3	169.6	355.4	72.0	4.0	.0	
72.6	62.9	4.5	147.5	383.8	73.0	17.0	.0	
73.9	57.1	6.8	228.3	696.0	54.0	31.0	.0	
67.3	52.2	10.4	264.6	663.3	25.0	3.0	.0	
63.7	46.7	6.8	110.0	667.4	4.0	.0	.0	
68.2	55.9	12.2	153.3	358.5	61.0	18.0	.0	
85.8	69.6	13.3	214.6	585.4	34.0	.0	.0	
82.2	68.5	12.2	211.3	562.7	58.0	118.0	.0	
74.8	61.9	9.8	286.7	673.6	30.0	.0	.0	
75.9	63.8	6.1	225.4	636.1	18.0	2.0	.0	
78.0	64.5	8.0	170.4	636.9	41.0	.0	.0	
80.1	67.5	12.9	182.1	559.7	63.0	63.0	.0	
76.5	64.3	10.5	292.9	644.6	37.0	1.0	.0	
72.1	57.3	8.4	241.7	679.2	27.0	27.0	.0	
70.0	57.0	12.1	282.9	625.1	40.0	.0	.0	
66.4	54.9	7.5	225.4	632.6	16.0	.0	.0	
73.5	59.2	10.2	156.3	580.3	49.0	.0	.0	
77.2	68.7	7.1	207.1	597.8	43.0	21.0	.0	
79.1	69.7	6.4	159.6	608.1	12.0	.0	.0	
81.8	70.2	8.8	179.2	633.7	25.0	.0	.0	
83.3	71.5	7.8	205.0	626.5	42.0	.0	.0	
78.4	70.2	8.1	139.6	397.6	83.0	.0	.0	
67.7	62.8	7.2	87.5	257.5	98.0	31.0	.0	
65.1	61.6	7.6	139.2	282.4	70.0	127.0	.0	
66.9	58.6	4.6	115.4	485.1	37.0	.0	.0	
67.3	56.3	6.1	98.8	563.7	20.0	.0	.0	
66.4	52.8	4.9	57.1	676.1	10.0	.0	.0	
68.2	55.5	4.8	95.0	599.5	29.0	.0	.0	
72.4	58.4	6.5	149.2	599.7	32.0	.0	.0	
   8    31    1984
75.2	63.8	5.4	148.8	568.8	47.0	.0	.0	
77.3	65.5	3.5	108.8	585.2	69.0	.0	.0	
77.9	68.4	3.9	120.0	471.5	67.0	.0	.0	
80.0	69.0	5.9	138.3	559.3	23.0	.0	.0	
80.2	69.8	7.9	176.7	575.3	38.0	.0	.0	
84.0	72.5	7.4	197.9	598.1	17.0	.0	.0	
85.8	74.9	7.5	182.1	585.4	49.0	.0	.0	
80.5	71.8	9.2	229.6	524.2	69.0	8.0	.0	
81.3	71.2	8.4	210.8	532.6	40.0	.0	.0	
75.7	60.6	8.6	184.2	582.7	16.0	.0	.0	
73.5	59.5	7.0	51.3	572.3	12.0	.0	.0	
73.4	59.0	7.0	70.4	609.5	6.0	.0	.0	
71.8	57.6	4.5	90.0	600.8	12.0	.0	.0	
73.5	58.3	4.1	103.3	598.9	5.0	.0	.0	
78.2	63.6	4.6	150.0	572.4	13.0	.0	.0	
82.0	67.8	5.9	160.0	493.9	64.0	.0	.0	
73.1	70.1	6.1	135.8	191.0	98.0	59.0	.0	
74.6	67.5	7.2	61.7	345.2	78.0	.0	.0	
70.5	60.3	7.4	62.5	578.0	4.0	.0	.0	
69.0	56.9	7.5	109.2	553.0	18.0	.0	.0	
72.4	61.6	9.5	207.5	310.0	74.0	14.0	.0	
71.1	56.2	11.8	297.5	543.2	13.0	.0	.0	
62.9	50.2	8.3	161.3	476.5	26.0	.0	.0	
62.0	48.5	3.1	41.7	530.1	35.0	.0	.0	
68.5	53.6	7.5	132.9	516.7	37.0	.0	.0	
74.0	59.0	11.7	172.1	550.3	15.0	.0	.0	
77.5	66.0	10.9	170.4	424.2	48.0	50.0	.0	
80.6	70.8	6.5	120.0	575.4	4.0	.0	.0	
85.1	71.3	8.6	182.1	547.5	10.0	.0	.0	
72.0	49.8	10.2	291.7	571.3	11.0	.0	.0	
70.0	47.1	6.3	127.5	556.1	52.0	.0	.0	
   9    30    1984
82.5	58.3	13.6	175.8	494.1	65.0	.0	.0	
71.4	59.8	11.2	267.1	215.6	98.0	4.0	.0	
61.2	50.7	10.1	287.5	292.7	68.0	.0	.0	
61.3	49.6	5.3	124.2	357.2	65.0	.0	.0	
61.6	49.5	8.4	86.3	438.8	58.0	.0	.0	
62.6	51.9	15.7	130.0	221.7	77.0	4.0	.0	
79.4	56.4	21.6	186.3	501.4	37.0	.0	.0	
67.7	60.0	11.8	193.3	213.9	97.0	33.0	.0	
67.2	60.5	9.5	194.2	224.8	94.0	.0	.0	
65.6	62.1	8.3	125.8	193.7	98.0	34.0	.0	
67.6	57.9	6.8	167.9	473.9	33.0	.0	.0	
78.3	64.9	15.2	170.4	453.0	58.0	.0	.0	
71.5	63.4	9.4	229.6	214.3	95.0	31.0	.0	
59.9	50.2	13.0	212.5	212.6	85.0	.0	.0	
51.5	38.5	8.1	242.9	465.9	11.0	.0	.0	
50.9	38.3	3.5	65.8	469.9	27.0	.0	.0	
55.7	41.6	7.5	151.3	428.0	33.0	.0	.0	
60.6	47.5	8.0	172.9	478.3	2.0	.0	.0	
70.7	54.7	10.9	225.8	485.1	2.0	.0	.0	
69.7	53.3	7.4	140.4	445.8	2.0	.0	.0	
69.4	52.6	9.6	137.9	451.8	38.0	.0	.0	
65.4	59.0	11.2	172.9	170.3	97.0	5.0	.0	
70.2	63.8	6.6	178.8	322.8	53.0	2.0	.0	
78.4	68.1	14.0	183.3	384.4	62.0	.0	.0	
51.7	44.7	16.2	299.6	181.3	79.0	118.0	.0	
44.8	30.8	8.2	200.8	327.2	68.0	.0	.0	
48.1	39.2	5.1	149.6	195.4	86.0	.0	.0	
45.5	38.5	7.1	254.2	200.1	78.0	1.0	.0	
42.0	29.1	4.3	193.3	446.2	4.0	.0	.0	
44.9	30.8	2.2	96.3	425.6	3.0	.0	.0	
  10    31    1984
48.9	31.0	4.4	142.9	413.0	2.0	.0	.0	
58.0	38.7	12.1	190.8	367.4	48.0	.0	.0	
58.2	42.2	6.5	198.8	411.7	22.0	.0	.0	
57.1	42.0	6.0	87.5	265.6	76.0	.0	.0	
61.9	50.9	8.4	104.2	180.5	91.0	.0	.0	
63.2	57.5	11.6	117.9	164.0	90.0	.0	.0	
66.6	60.1	11.0	180.8	219.6	78.0	4.0	.0	
63.0	53.5	5.4	164.2	342.2	41.0	4.0	.0	
61.7	56.8	6.9	73.8	242.2	66.0	2.0	.0	
64.7	60.5	10.0	90.0	207.6	98.0	.0	.0	
62.3	59.5	10.5	94.6	160.9	98.0	33.0	.0	
64.8	60.6	4.5	114.2	242.4	85.0	1.0	.0	
61.9	58.4	4.8	90.8	199.0	85.0	.0	.0	
65.3	61.0	6.8	107.5	180.7	98.0	28.0	.0	
62.7	56.5	14.2	185.0	177.7	90.0	16.0	.0	
56.2	51.4	14.8	118.8	132.8	79.0	116.0	.0	
49.4	36.4	11.3	202.1	360.2	43.0	.0	.0	
53.5	49.5	14.4	120.4	94.9	98.0	158.0	.0	
50.1	35.4	19.1	235.0	306.3	33.0	.0	.0	
47.2	38.1	9.1	133.3	136.1	84.0	28.0	.0	
46.0	39.7	9.2	252.9	217.3	55.0	44.0	.0	
42.7	33.2	4.2	153.8	298.3	32.0	.0	.0	
39.1	29.6	3.6	135.0	295.5	23.0	.0	.0	
42.0	30.4	4.3	75.4	322.7	25.0	.0	.0	
49.7	46.5	8.7	152.9	91.8	98.0	26.0	.0	
57.1	50.8	10.3	187.5	211.9	72.0	.0	.0	
64.9	59.8	17.0	200.8	84.9	89.0	94.0	.0	
41.3	32.8	10.4	281.7	138.9	84.0	.0	.0	
43.7	33.5	4.6	89.2	308.3	14.0	.0	.0	
47.6	39.3	10.0	195.4	154.9	72.0	.0	.0	
50.0	45.2	15.7	130.8	89.2	98.0	106.0	.0	
  11    30    1984
43.2	32.8	18.2	287.1	135.2	76.0	131.0	.0	
30.2	11.1	8.4	214.2	239.3	34.0	.0	.0	
43.7	25.1	15.6	161.3	278.8	18.0	.0	.0	
51.4	36.3	12.0	266.3	250.0	32.0	.0	.0	
34.4	25.6	12.8	285.0	160.9	51.0	.0	.0	
40.5	27.4	6.0	145.8	273.0	15.0	.0	.0	
50.5	32.7	17.7	162.5	127.9	90.0	2.0	.0	
56.0	43.5	10.9	178.3	190.4	77.0	8.0	.0	
55.6	50.0	9.2	135.8	135.5	58.0	74.0	.0	
39.6	33.4	13.4	165.4	111.5	79.0	.0	.0	
30.5	20.8	8.9	239.2	132.2	78.0	.0	.0	
29.9	21.6	2.6	136.3	255.5	10.0	.0	.0	
38.5	29.3	10.4	135.8	192.0	69.0	.0	.0	
48.3	37.2	18.3	172.1	122.3	88.0	.0	.0	
40.5	26.1	22.2	270.8	160.7	42.0	.0	.0	
31.0	13.5	12.5	251.7	245.7	7.0	.0	.0	
35.6	20.0	6.1	159.2	99.5	88.0	.0	.0	
34.5	24.1	8.0	98.8	117.4	80.0	.0	.0	
25.9	11.9	8.7	130.8	245.8	2.0	.0	.0	
22.3	10.3	2.2	47.5	219.5	2.0	.0	.0	
26.3	14.2	5.5	115.4	244.2	3.0	.0	.0	
36.0	22.4	12.7	201.7	201.6	57.0	.0	.0	
34.5	27.1	2.0	73.8	219.9	10.0	.0	.0	
41.2	32.7	5.4	125.4	229.4	13.0	.0	.0	
44.4	30.8	10.3	130.4	107.8	61.0	.0	.0	
56.1	47.6	16.6	176.3	167.2	79.0	35.0	.0	
43.7	37.9	14.7	210.8	87.2	96.0	41.0	.0	
32.6	22.0	12.2	225.8	113.2	77.0	.0	.0	
38.4	27.1	6.1	126.3	144.3	67.0	.0	.0	
33.4	26.4	9.7	262.9	115.5	74.0	.0	.0	
  12    31    1984
31.2	20.7	8.0	192.9	188.3	45.0	.0	.0	
34.6	28.3	18.6	222.9	78.7	98.0	22.0	.0	
19.3	8.0	16.7	279.2	196.3	22.0	.0	.0	
17.3	7.5	6.4	213.3	175.1	18.0	.0	.0	
20.7	12.9	12.0	189.2	95.1	74.0	.0	10.2	
8.5	-3.2	16.6	263.3	188.3	28.0	.0	.0	
25.5	14.5	11.4	212.9	174.1	25.0	.0	.0	
32.5	23.7	5.2	179.2	208.2	23.0	.0	.0	
34.5	29.2	6.2	101.3	105.4	83.0	.0	.0	
33.6	27.5	4.9	205.8	189.5	28.0	.0	.0	
40.2	34.3	13.5	152.5	86.1	89.0	19.0	.0	
38.9	35.4	8.5	290.4	75.9	98.0	22.0	.0	
33.9	28.8	15.1	102.9	105.7	98.0	58.0	.0	
36.4	31.9	12.8	180.0	97.5	98.0	33.0	.0	
42.0	38.8	10.4	145.8	75.2	98.0	2.0	.0	
50.0	40.5	20.1	226.3	140.0	61.0	8.0	.0	
29.6	22.2	10.8	208.3	122.8	55.0	.0	.0	
22.2	11.6	9.7	188.8	175.8	51.0	.0	25.4	
27.6	21.3	12.9	255.4	165.6	64.0	.0	10.2	
27.1	19.8	8.8	143.8	139.8	51.0	.0	.0	
37.7	32.7	19.2	197.5	88.3	97.0	25.0	.0	
25.5	13.8	13.4	242.1	190.4	8.0	.0	.0	
35.5	24.9	12.4	229.2	160.5	54.0	.0	.0	
13.6	4.8	13.9	255.8	94.9	65.0	.0	12.7	
12.9	1.8	9.5	183.3	200.9	17.0	.0	.0	
28.8	23.3	8.8	122.9	59.7	98.0	.0	86.4	
43.1	40.3	10.5	147.5	83.8	98.0	1.0	.0	
63.3	57.6	20.8	204.2	91.9	98.0	2.0	.0	
36.1	28.2	15.0	298.8	85.4	96.0	32.0	.0	
28.8	21.1	8.8	109.2	205.0	34.0	.0	.0	
28.9	24.7	13.1	40.0	51.7	98.0	.0	177.8	
