   1    31    1971
28.9	21.2	7.1	208.8	114.6	63.0	.0	.0	
34.4	25.4	7.5	202.5	155.9	64.0	.0	.0	
40.2	29.9	12.1	105.0	97.8	98.0	135.0	.0	
34.9	29.7	13.3	221.3	113.1	98.0	25.0	.0	
16.7	7.4	12.6	271.3	186.4	49.0	.0	.0	
11.5	-.2	9.3	286.3	228.3	2.0	.0	.0	
13.9	.1	7.9	275.0	210.6	13.0	.0	.0	
18.1	6.5	7.2	120.0	168.1	55.0	.0	.0	
21.2	13.3	8.1	153.8	166.4	24.0	.0	.0	
30.7	23.0	7.2	211.3	191.5	52.0	.0	.0	
34.8	30.5	6.9	252.5	111.1	98.0	.0	.0	
32.0	25.4	10.0	60.0	112.1	98.0	.0	.0	
35.5	32.7	7.8	115.0	119.3	98.0	21.0	.0	
29.3	28.3	9.4	286.3	117.9	98.0	.0	2.5	
20.8	15.2	10.1	327.5	209.6	57.0	.0	.0	
15.8	10.4	6.8	221.3	111.1	93.0	.0	2.5	
20.2	15.4	8.1	128.8	132.7	93.0	.0	.0	
15.4	7.9	8.9	271.3	239.8	34.0	.0	.0	
12.6	5.4	10.7	307.5	138.1	50.0	.0	.0	
16.8	5.2	9.5	227.5	228.1	53.0	.0	.0	
31.8	17.8	14.2	228.8	138.9	65.0	.0	.0	
32.1	24.8	8.2	207.5	162.9	88.0	.0	.0	
25.7	12.2	9.2	236.3	270.3	23.0	.0	.0	
28.3	23.7	6.5	167.5	106.0	77.0	.0	20.3	
29.2	28.4	8.5	172.5	130.0	88.0	.0	.0	
19.5	5.4	26.5	282.5	279.9	16.0	.0	.0	
7.1	-12.8	15.2	282.5	234.3	40.0	.0	.0	
8.0	-1.4	10.4	271.3	263.6	58.0	.0	10.2	
26.6	14.9	13.0	202.5	148.7	98.0	.0	2.5	
16.9	4.4	15.3	302.5	197.9	88.0	.0	5.1	
5.5	-11.1	14.7	281.3	250.8	9.0	.0	.0	
   2    28    1971
5.3	-9.5	15.3	278.8	239.8	18.0	.0	.0	
7.6	-8.1	9.1	221.3	197.8	54.0	.0	.0	
22.9	14.3	11.7	132.5	137.0	98.0	.0	7.6	
38.9	37.9	12.4	140.0	138.5	98.0	168.0	.0	
31.2	26.1	21.3	231.3	206.6	60.0	.0	2.5	
25.2	17.1	8.5	262.5	266.4	35.0	.0	.0	
24.2	19.9	13.0	105.0	149.3	98.0	.0	10.2	
16.3	10.4	18.1	341.3	172.5	97.0	.0	5.1	
5.5	-4.2	12.1	267.5	248.5	46.0	.0	.0	
20.4	8.7	12.4	210.0	310.5	68.0	.0	.0	
37.0	25.7	14.3	195.0	214.7	95.0	.0	.0	
32.7	31.9	11.5	262.5	133.9	98.0	88.0	.0	
13.2	7.5	17.3	343.8	334.4	24.0	.0	.0	
14.7	8.8	8.1	235.0	233.2	69.0	.0	7.6	
26.3	22.4	7.9	288.8	219.9	98.0	.0	.0	
29.7	24.1	11.3	140.0	290.8	88.0	.0	.0	
38.0	35.1	10.7	230.0	248.2	58.0	28.0	.0	
37.6	34.1	8.2	117.5	206.9	50.0	6.0	.0	
44.9	42.9	10.9	147.5	157.9	86.0	53.0	.0	
36.9	34.9	11.8	257.5	170.2	98.0	.0	.0	
33.6	31.5	11.7	118.8	178.1	98.0	57.0	.0	
36.5	34.3	17.2	156.3	165.1	98.0	62.0	.0	
28.3	25.3	13.9	236.3	204.7	98.0	.0	12.7	
30.8	27.3	10.1	230.0	236.6	63.0	.0	.0	
38.8	33.4	8.4	172.5	211.8	51.0	.0	.0	
46.3	43.5	14.3	160.0	162.6	88.0	55.0	.0	
39.6	26.0	18.5	243.8	365.4	8.0	.0	.0	
36.2	21.0	10.7	273.8	388.6	35.0	.0	.0	
   3    31    1971
38.2	23.9	10.1	38.8	400.6	46.0	.0	.0	
33.8	22.8	12.9	68.8	311.2	94.0	.0	.0	
24.0	16.2	17.4	218.8	199.9	92.0	.0	.0	
26.0	15.1	11.1	277.5	401.0	19.0	.0	.0	
39.0	21.4	11.2	188.8	333.8	70.0	.0	.0	
38.8	34.5	12.8	246.3	170.3	98.0	53.0	.0	
24.9	20.6	18.9	276.3	309.8	88.0	.0	17.8	
22.1	14.8	16.8	280.0	375.0	38.0	.0	2.5	
29.4	18.5	7.4	187.5	325.0	69.0	.0	.0	
35.0	32.1	10.7	202.5	213.2	98.0	16.0	.0	
34.0	28.1	8.3	161.3	207.9	73.0	9.0	.0	
47.1	38.6	10.1	190.0	425.9	51.0	.0	.0	
47.0	42.5	8.4	128.8	289.7	59.0	.0	.0	
55.3	51.5	14.3	162.5	229.8	72.0	.0	.0	
49.3	38.5	22.2	240.0	210.7	85.0	28.0	.0	
32.2	21.5	15.5	292.5	239.0	95.0	.0	.0	
33.1	18.9	8.2	283.8	433.7	47.0	.0	.0	
40.5	27.2	12.5	141.3	273.2	93.0	2.0	.0	
36.0	31.6	20.2	240.0	200.6	98.0	30.0	.0	
31.5	21.4	17.4	290.0	501.0	36.0	.0	2.5	
41.0	27.1	11.7	220.0	451.5	30.0	.0	.0	
33.3	26.5	10.2	306.3	233.2	88.0	1.0	.0	
26.1	13.5	13.8	305.0	372.6	74.0	.0	2.5	
27.7	14.6	7.2	277.5	397.6	59.0	.0	.0	
33.0	17.5	11.3	78.8	374.9	96.0	.0	.0	
37.7	20.1	8.9	78.8	526.0	41.0	.0	.0	
42.3	24.9	8.5	130.0	311.6	79.0	.0	.0	
51.1	33.8	10.3	252.5	334.0	86.0	.0	.0	
37.1	27.0	11.7	297.5	248.2	68.0	.0	.0	
39.1	23.6	7.4	237.5	494.7	14.0	.0	.0	
55.5	30.0	14.7	171.3	475.5	48.0	.0	.0	
   4    30    1971
51.0	39.0	14.8	212.5	215.7	88.0	44.0	.0	
37.8	23.8	15.3	241.3	411.3	37.0	.0	.0	
39.3	22.1	10.7	265.0	520.7	5.0	.0	.0	
39.7	25.2	7.4	116.3	246.9	93.0	.0	.0	
35.7	23.6	15.9	46.3	275.0	98.0	.0	.0	
39.5	23.4	16.6	83.8	344.6	76.0	.0	.0	
44.3	25.1	10.0	308.8	574.4	39.0	.0	.0	
54.0	27.6	12.2	218.8	589.4	8.0	.0	.0	
55.6	36.3	14.0	262.5	434.0	39.0	.0	.0	
47.8	27.5	5.6	191.3	573.9	2.0	.0	.0	
58.3	28.0	8.6	173.8	564.7	36.0	.0	.0	
67.4	40.0	12.3	197.5	594.2	10.0	.0	.0	
52.3	41.6	12.4	247.5	261.4	70.0	36.0	.0	
45.4	34.3	6.1	127.5	424.4	53.0	.0	.0	
52.2	31.5	6.1	146.3	605.5	4.0	.0	.0	
59.1	37.4	7.9	181.3	542.4	49.0	.0	.0	
63.0	48.7	8.9	198.8	392.6	76.0	2.0	.0	
59.8	43.9	10.4	73.8	548.6	55.0	.0	.0	
61.6	38.1	8.8	83.8	433.3	53.0	.0	.0	
66.4	37.6	5.4	162.5	582.0	59.0	.0	.0	
59.4	46.0	10.0	258.8	430.0	78.0	.0	.0	
49.4	32.4	8.3	303.8	600.7	21.0	.0	.0	
48.2	23.9	7.4	141.3	413.8	64.0	.0	.0	
49.3	24.6	12.8	307.5	628.0	29.0	.0	.0	
54.0	26.1	9.4	270.0	594.5	18.0	.0	.0	
54.1	35.8	8.0	225.0	615.8	11.0	.0	.0	
50.2	37.5	14.8	95.0	391.6	79.0	34.0	.0	
50.5	40.3	14.7	278.8	481.2	36.0	.0	.0	
46.9	34.5	8.6	235.0	417.5	44.0	.0	.0	
48.6	31.3	6.2	112.5	601.9	21.0	.0	.0	
   5    31    1971
56.4	32.4	10.8	226.3	564.5	65.0	.0	.0	
46.3	35.0	13.8	300.0	288.0	77.0	.0	.0	
45.8	24.8	12.5	295.0	677.9	5.0	.0	.0	
52.1	24.0	9.6	231.3	443.5	53.0	.0	.0	
60.4	48.5	11.7	195.0	424.1	89.0	11.0	.0	
63.4	56.9	10.9	187.5	439.2	94.0	28.0	.0	
57.1	52.4	11.7	70.0	272.5	98.0	92.0	.0	
60.0	45.9	8.1	286.3	652.0	32.0	.0	.0	
59.9	46.4	6.1	231.3	497.7	44.0	.0	.0	
63.3	49.0	7.0	117.5	527.5	77.0	.0	.0	
62.3	55.3	7.6	133.8	296.3	98.0	138.0	.0	
48.9	39.8	11.8	213.8	387.9	98.0	23.0	.0	
52.6	33.6	8.6	255.0	643.6	67.0	.0	.0	
60.2	42.5	7.0	217.5	694.6	2.0	.0	.0	
65.2	48.2	5.8	197.5	628.2	36.0	.0	.0	
65.1	52.5	10.2	233.8	654.0	14.0	14.0	.0	
69.8	56.1	7.6	157.5	694.0	3.0	.0	.0	
73.2	56.2	11.8	195.0	587.8	38.0	.0	.0	
67.7	55.3	10.4	227.5	361.5	55.0	.0	.0	
62.1	43.2	8.9	247.5	617.1	31.0	.0	.0	
61.6	38.9	8.9	233.8	655.1	29.0	.0	.0	
57.0	37.2	8.3	85.0	603.6	55.0	.0	.0	
61.3	42.5	10.1	153.8	386.8	67.0	1.0	.0	
64.7	59.0	13.4	192.5	303.3	98.0	112.0	.0	
54.8	47.8	12.4	242.5	324.1	95.0	6.0	.0	
54.8	43.9	9.5	265.0	509.9	69.0	.0	.0	
53.3	39.7	6.5	205.0	516.1	54.0	.0	.0	
58.0	40.5	5.8	71.3	615.2	33.0	.0	.0	
60.8	39.8	7.6	31.3	700.5	18.0	.0	.0	
64.9	46.1	6.9	325.0	724.4	21.0	.0	.0	
68.6	49.7	6.2	250.0	605.4	30.0	.0	.0	
   6    30    1971
68.0	58.9	7.6	128.8	345.6	88.0	67.0	.0	
69.5	63.3	8.4	236.3	466.0	93.0	13.0	.0	
73.7	63.3	5.7	176.3	642.2	67.0	.0	.0	
77.7	66.7	6.3	208.8	663.3	50.0	.0	.0	
79.1	68.1	6.9	201.3	591.0	23.0	.0	.0	
79.0	66.6	9.5	195.0	586.0	26.0	.0	.0	
76.1	65.7	13.3	195.0	551.3	75.0	12.0	.0	
71.1	58.6	7.5	291.3	616.6	64.0	.0	.0	
67.2	53.3	8.3	75.0	625.5	42.0	.0	.0	
69.3	49.8	7.2	102.5	643.6	50.0	.0	.0	
74.7	63.1	8.1	158.8	540.9	73.0	63.0	.0	
75.2	68.0	8.2	256.3	538.1	88.0	145.0	.0	
77.5	67.6	7.8	255.0	557.8	81.0	4.0	.0	
76.2	66.8	5.4	236.3	499.1	89.0	.0	.0	
73.5	67.1	6.6	113.8	313.1	92.0	.0	.0	
74.2	61.0	7.9	87.5	641.2	31.0	.0	.0	
74.4	56.3	7.4	113.8	697.8	2.0	.0	.0	
75.4	61.4	5.9	146.3	706.7	6.0	.0	.0	
78.0	69.4	8.1	163.8	431.9	86.0	11.0	.0	
78.2	67.3	8.8	196.3	624.6	74.0	2.0	.0	
74.4	65.0	10.0	222.5	504.1	63.0	9.0	.0	
71.9	56.8	6.5	183.8	657.7	23.0	.0	.0	
74.4	60.3	7.2	216.3	700.0	15.0	.0	.0	
78.1	65.5	9.2	198.8	650.5	25.0	.0	.0	
80.3	70.2	11.7	225.0	577.8	68.0	9.0	.0	
82.5	72.1	6.7	228.8	644.8	28.0	.0	.0	
84.6	71.6	7.2	220.0	656.4	37.0	.0	.0	
80.7	67.8	9.4	250.0	639.9	66.0	.0	.0	
78.7	66.7	9.2	138.8	708.5	17.0	.0	.0	
78.4	70.0	10.1	221.3	632.6	38.0	4.0	.0	
   7    31    1971
77.1	62.8	9.8	257.5	647.0	74.0	.0	.0	
74.7	54.5	8.1	235.0	605.7	25.0	.0	.0	
73.2	56.6	7.6	113.8	698.1	5.0	.0	.0	
76.0	62.9	7.5	158.8	626.5	63.0	.0	.0	
74.6	66.7	9.8	232.5	347.5	95.0	10.0	.0	
78.0	63.9	5.5	245.0	578.2	76.0	.0	.0	
78.2	63.9	5.8	205.0	652.5	41.0	.0	.0	
78.2	69.0	8.1	195.0	429.9	68.0	1.0	.0	
77.6	66.1	7.6	167.5	479.3	93.0	.0	.0	
74.8	69.9	6.4	145.0	361.8	95.0	81.0	.0	
75.1	66.4	10.1	91.3	474.6	71.0	34.0	.0	
74.2	63.0	7.6	101.3	707.2	15.0	.0	.0	
79.0	67.6	12.2	246.3	598.2	63.0	2.0	.0	
70.9	58.1	6.5	281.3	557.7	60.0	.0	.0	
70.1	61.6	7.0	235.0	595.6	39.0	48.0	.0	
72.9	61.3	7.9	255.0	657.7	3.0	.0	.0	
75.6	66.2	8.5	185.0	591.0	55.0	.0	.0	
71.4	62.7	9.3	100.0	325.0	96.0	.0	.0	
69.2	61.8	11.2	267.5	517.6	73.0	115.0	.0	
67.2	55.0	6.2	267.5	565.7	41.0	.0	.0	
69.0	56.6	5.0	215.0	621.2	5.0	.0	.0	
71.3	59.9	7.4	203.8	674.2	8.0	.0	.0	
72.3	62.2	8.3	175.0	457.0	75.0	64.0	.0	
73.4	65.2	7.6	227.5	519.6	67.0	109.0	.0	
76.3	68.8	7.7	186.3	522.4	73.0	.0	.0	
70.8	63.4	9.5	268.8	413.6	73.0	19.0	.0	
65.5	51.4	6.2	266.3	593.4	14.0	.0	.0	
64.0	57.8	6.8	217.5	305.6	75.0	59.0	.0	
67.3	56.0	6.8	295.0	578.0	53.0	.0	.0	
63.2	56.4	7.5	252.5	493.8	75.0	26.0	.0	
63.0	52.0	6.7	252.5	553.9	18.0	.0	.0	
   8    31    1971
67.2	56.1	6.0	210.0	639.2	13.0	.0	.0	
69.2	58.8	6.0	228.8	544.4	75.0	.0	.0	
72.0	63.7	4.6	166.3	369.2	96.0	.0	.0	
70.5	64.1	9.3	58.8	316.8	85.0	5.0	.0	
69.1	54.6	11.0	53.8	600.0	87.0	.0	.0	
71.2	57.5	6.9	110.0	553.8	82.0	.0	.0	
70.9	56.5	5.4	163.8	495.2	84.0	.0	.0	
72.9	61.1	4.8	220.0	636.9	35.0	.0	.0	
75.9	69.3	5.3	227.5	419.6	48.0	8.0	.0	
80.3	71.8	10.4	212.5	588.7	38.0	32.0	.0	
71.8	60.6	9.8	225.0	591.5	40.0	19.0	.0	
66.5	53.0	5.9	140.0	626.4	20.0	.0	.0	
69.9	58.6	5.7	241.3	641.3	15.0	.0	.0	
71.3	62.1	8.8	248.8	585.9	59.0	72.0	.0	
70.6	64.2	8.5	116.3	415.0	68.0	.0	.0	
70.7	58.9	8.8	82.5	618.5	28.0	.0	.0	
70.1	57.2	6.8	217.5	634.0	4.0	.0	.0	
72.6	59.7	4.9	236.3	608.7	5.0	.0	.0	
75.3	64.9	8.7	210.0	508.7	43.0	.0	.0	
77.7	66.4	8.8	232.5	389.1	89.0	.0	.0	
77.3	68.4	7.1	246.3	342.3	95.0	.0	.0	
75.9	68.5	6.2	251.3	402.1	60.0	.0	.0	
71.0	61.0	9.4	73.8	433.1	45.0	.0	.0	
69.9	56.7	8.1	147.5	547.5	50.0	.0	.0	
72.8	65.2	6.9	216.3	359.1	86.0	57.0	.0	
68.2	58.1	8.2	278.8	567.5	19.0	.0	.0	
63.0	56.1	8.1	316.3	350.7	34.0	.0	.0	
65.5	56.4	7.9	251.3	550.2	14.0	.0	.0	
67.8	56.5	4.9	217.5	591.8	2.0	.0	.0	
71.4	60.9	8.8	250.0	540.2	21.0	.0	.0	
74.5	62.8	5.6	112.5	449.0	48.0	.0	.0	
   9    30    1971
75.5	68.9	6.4	133.8	306.7	95.0	.0	.0	
76.1	69.9	9.8	148.8	323.5	95.0	1.0	.0	
74.5	70.5	9.5	165.0	248.7	97.0	2.0	.0	
77.3	70.3	10.0	163.8	477.9	58.0	1.0	.0	
78.9	69.3	9.4	165.0	471.6	48.0	.0	.0	
72.4	68.0	9.2	161.3	270.2	86.0	35.0	.0	
73.7	67.8	6.5	201.3	347.5	58.0	.0	.0	
74.5	65.5	4.9	236.3	509.0	21.0	.0	.0	
76.0	65.1	5.2	177.5	470.1	25.0	.0	.0	
75.3	66.9	6.2	233.8	403.4	73.0	.0	.0	
68.9	62.8	9.5	255.0	261.8	81.0	57.0	.0	
64.6	58.0	10.5	338.8	237.4	73.0	.0	.0	
64.7	56.4	8.5	320.0	404.4	37.0	.0	.0	
70.0	58.9	8.0	198.8	517.0	2.0	.0	.0	
69.3	55.9	11.1	281.3	485.7	27.0	.0	.0	
63.8	51.8	10.5	50.0	344.3	95.0	8.0	.0	
64.7	55.2	8.9	102.5	457.7	39.0	.0	.0	
64.9	53.6	10.5	37.5	388.7	58.0	.0	.0	
64.8	59.7	7.0	171.3	228.4	93.0	41.0	.0	
56.1	51.1	9.9	303.8	271.9	70.0	99.0	.0	
56.1	44.5	6.0	136.3	453.9	9.0	.0	.0	
59.6	48.6	6.1	182.5	355.0	74.0	.0	.0	
60.0	50.8	8.0	240.0	430.6	53.0	.0	.0	
54.8	42.3	8.5	95.0	391.0	35.0	.0	.0	
55.4	48.0	10.0	97.5	198.9	98.0	65.0	.0	
69.4	64.6	7.2	177.5	255.8	84.0	1.0	.0	
73.7	67.3	10.4	186.3	419.1	30.0	.0	.0	
75.9	68.9	10.5	190.0	387.9	26.0	.0	.0	
76.9	68.5	7.5	215.0	381.1	50.0	.0	.0	
76.2	67.9	6.7	158.8	391.2	35.0	.0	.0	
  10    31    1971
74.7	65.5	4.9	208.8	415.8	23.0	.0	.0	
73.5	61.4	5.2	203.8	385.3	13.0	.0	.0	
72.6	63.3	9.7	206.3	331.5	70.0	32.0	.0	
65.1	52.0	7.7	248.8	413.9	55.0	.0	.0	
63.3	48.4	8.8	242.5	410.8	43.0	.0	.0	
58.1	44.0	10.1	281.3	368.1	21.0	.0	.0	
50.5	39.2	5.6	267.5	373.5	18.0	.0	.0	
54.3	44.2	9.1	178.8	210.7	74.0	26.0	.0	
52.6	44.5	9.5	245.0	262.4	93.0	17.0	.0	
49.3	39.7	8.0	256.3	305.2	43.0	.0	.0	
53.9	38.5	10.7	265.0	394.6	11.0	.0	.0	
50.9	35.9	4.9	231.3	393.2	10.0	.0	.0	
55.7	47.9	8.5	198.8	211.0	50.0	12.0	.0	
55.7	45.7	7.5	198.8	375.4	14.0	.0	.0	
62.8	54.0	6.8	151.3	270.2	67.0	.0	.0	
64.4	59.0	6.2	160.0	287.4	57.0	.0	.0	
63.3	56.8	6.9	83.8	273.2	23.0	.0	.0	
62.8	58.8	7.9	120.0	261.5	50.0	.0	.0	
65.1	57.8	6.3	126.3	319.5	33.0	.0	.0	
65.5	55.1	8.4	101.3	358.7	3.0	.0	.0	
64.6	59.0	7.5	113.8	142.5	87.0	54.0	.0	
65.4	60.8	6.9	198.8	233.2	78.0	31.0	.0	
63.6	59.3	6.8	152.5	186.1	87.0	.0	.0	
64.0	60.5	6.9	83.8	149.3	96.0	12.0	.0	
59.3	56.7	4.1	160.0	178.8	72.0	.0	.0	
59.5	53.2	7.8	221.3	280.0	83.0	.0	.0	
64.2	54.5	13.7	168.8	308.0	14.0	.0	.0	
60.9	49.6	6.6	185.0	318.3	2.0	.0	.0	
62.9	52.7	7.8	103.8	290.2	57.0	.0	.0	
65.7	54.5	7.8	133.8	273.5	23.0	.0	.0	
57.6	42.0	6.9	295.0	270.5	48.0	.0	.0	
  11    30    1971
60.3	47.1	10.1	137.5	300.3	43.0	.0	.0	
59.8	49.1	13.7	250.0	268.9	39.0	.0	.0	
45.5	28.9	12.6	281.3	287.1	21.0	.0	.0	
38.2	23.9	7.8	223.8	323.7	4.0	.0	.0	
50.4	28.5	12.8	166.3	300.4	30.0	.0	.0	
39.0	31.0	11.4	255.0	152.7	67.0	16.0	.0	
24.7	10.6	9.4	267.5	289.2	3.0	.0	.0	
29.6	18.0	7.9	165.0	296.0	39.0	.0	.0	
34.8	28.9	8.6	215.0	120.7	98.0	11.0	.0	
39.1	31.9	8.7	241.3	192.8	59.0	.0	.0	
43.2	32.4	5.2	238.8	250.6	48.0	.0	.0	
51.9	38.8	12.4	207.5	164.8	83.0	.0	.0	
54.0	44.5	7.6	161.3	253.0	66.0	.0	.0	
61.3	51.1	10.5	173.8	178.9	55.0	.0	.0	
63.5	55.9	8.4	235.0	210.7	61.0	.0	.0	
60.6	52.6	6.9	157.5	208.6	68.0	.0	.0	
58.2	49.6	8.9	137.5	207.7	53.0	.0	.0	
60.0	50.7	12.4	181.3	133.7	90.0	2.0	.0	
40.6	33.1	13.3	262.5	235.1	53.0	19.0	.0	
41.4	32.5	13.8	240.0	95.9	79.0	7.0	.0	
32.2	21.8	17.0	307.5	103.4	82.0	.0	.0	
26.7	15.1	8.2	213.8	224.5	10.0	.0	.0	
26.8	17.9	10.2	115.0	108.7	79.0	.0	27.9	
30.1	26.0	7.5	250.0	137.7	98.0	.0	15.2	
32.3	26.1	7.4	222.5	176.2	53.0	.0	.0	
33.5	28.4	10.5	143.8	104.6	88.0	11.0	.0	
37.1	34.5	11.8	275.0	110.0	98.0	13.0	.0	
36.8	29.9	10.3	130.0	129.6	98.0	3.0	.0	
36.4	34.7	12.7	197.5	100.2	98.0	30.0	.0	
33.1	27.4	11.3	302.5	160.2	75.0	.0	.0	
  12    31    1971
27.6	19.9	6.2	315.0	214.4	34.0	.0	.0	
27.7	21.4	6.0	167.5	211.7	20.0	.0	.0	
30.6	18.6	12.0	72.5	110.0	85.0	.0	.0	
36.7	23.0	10.8	91.3	109.1	98.0	.0	.0	
41.4	37.6	7.2	148.8	97.2	98.0	5.0	.0	
44.7	43.8	7.4	167.5	97.1	98.0	70.0	.0	
43.3	41.7	11.5	128.8	99.8	98.0	97.0	.0	
43.3	40.8	6.3	235.0	120.4	98.0	.0	.0	
45.3	44.0	9.1	162.5	102.1	98.0	6.0	.0	
55.7	52.0	20.2	181.3	98.4	98.0	25.0	.0	
37.9	29.1	9.1	185.0	212.5	8.0	.0	.0	
37.0	31.0	6.9	206.3	157.0	63.0	.0	.0	
35.9	30.6	7.5	217.5	139.0	77.0	.0	.0	
42.2	39.6	10.2	122.5	75.7	98.0	212.0	.0	
55.3	48.1	20.4	207.5	161.2	85.0	53.0	.0	
38.0	34.1	8.3	273.8	106.9	72.0	.0	.0	
28.2	20.6	15.0	281.3	184.7	45.0	.0	.0	
22.1	8.1	10.7	233.8	161.7	24.0	.0	.0	
32.8	22.0	11.3	191.3	99.8	69.0	18.0	.0	
36.8	34.9	5.6	238.8	108.9	90.0	1.0	.0	
33.3	29.6	8.0	235.0	104.4	96.0	.0	.0	
31.9	21.2	11.3	83.8	197.5	30.0	.0	.0	
40.8	26.4	12.4	161.3	94.0	97.0	.0	.0	
42.9	37.1	13.3	238.8	109.7	85.0	.0	.0	
41.5	38.2	9.2	138.8	100.3	92.0	2.0	.0	
51.8	49.2	10.4	216.3	110.5	98.0	4.0	.0	
53.5	50.6	12.5	196.3	117.0	98.0	5.0	.0	
25.1	17.4	9.8	278.8	190.4	50.0	.0	.0	
32.1	25.5	8.3	137.5	94.3	98.0	31.0	.0	
45.3	38.8	20.0	235.0	134.3	88.0	73.0	.0	
30.5	23.9	8.7	256.7	123.3	63.0	.0	.0	
