   1    31    1986
39.4	29.3	5.7	150.4	285.1	24.0	.0	.0	
39.9	28.2	4.7	89.2	275.3	36.0	.0	.0	
48.5	29.6	8.8	238.3	279.6	47.0	.0	.0	
42.3	31.5	4.4	83.3	117.4	98.0	.0	.0	
35.9	19.6	9.3	272.5	276.0	12.0	.0	.0	
37.5	8.0	9.7	235.4	236.5	61.0	.0	.0	
39.3	17.0	9.1	91.3	204.8	55.0	.0	.0	
26.4	2.2	7.9	47.5	295.9	8.0	.0	.0	
31.8	5.2	6.0	169.6	291.3	36.0	.0	.0	
46.5	20.3	6.1	170.4	141.5	97.0	.0	.0	
40.8	14.0	5.7	175.0	298.5	12.0	.0	.0	
45.5	21.3	10.2	219.6	302.4	2.0	.0	.0	
38.0	12.3	11.7	248.3	301.5	3.0	.0	.0	
35.1	15.9	8.1	191.7	279.5	21.0	.0	.0	
38.3	19.0	7.4	150.4	301.4	2.0	.0	.0	
42.4	27.4	7.6	220.8	274.9	45.0	.0	.0	
51.0	41.7	6.0	173.3	132.6	98.0	.0	.0	
54.2	49.9	4.4	90.4	130.3	98.0	54.0	.0	
50.6	41.6	11.9	240.4	170.4	73.0	18.0	.0	
41.8	25.9	8.7	239.2	317.4	3.0	.0	.0	
43.7	26.1	3.2	142.9	302.7	2.0	.0	.0	
52.1	41.3	10.0	239.2	268.9	69.0	.0	.0	
42.5	21.7	10.8	53.8	260.1	51.0	.0	.0	
35.8	18.9	9.6	41.3	314.2	33.0	.0	.0	
36.5	25.8	7.3	84.6	127.9	96.0	6.0	.0	
38.5	31.1	6.2	190.8	146.2	87.0	32.0	.0	
17.6	-5.2	14.8	320.0	334.1	19.0	.0	.0	
17.0	-2.4	9.8	237.1	283.5	24.0	.0	.0	
35.1	20.9	11.4	229.2	197.2	55.0	.0	.0	
38.5	20.5	7.1	162.1	304.9	24.0	.0	.0	
39.2	21.6	6.3	103.3	307.6	33.0	.0	.0	
   2    28    1986
43.1	27.2	4.9	136.7	233.0	42.0	.0	.0	
55.3	39.0	10.8	229.6	272.8	56.0	.0	.0	
58.9	46.3	8.1	226.3	245.0	90.0	.0	.0	
59.2	48.7	9.6	216.7	269.2	84.0	.0	.0	
59.1	56.9	10.0	225.0	120.8	92.0	5.0	.0	
56.2	55.5	6.8	127.5	116.8	83.0	17.0	.0	
53.8	39.5	11.9	238.8	371.4	2.0	.0	.0	
44.7	37.4	4.6	51.3	212.9	35.0	.0	.0	
42.4	39.8	6.5	100.0	175.4	75.0	.0	.0	
45.1	44.1	7.8	50.8	104.8	98.0	35.0	.0	
41.4	37.1	6.7	101.3	155.5	98.0	6.0	.0	
32.4	13.5	8.3	199.6	391.6	20.0	.0	.0	
26.6	4.5	9.2	223.8	385.8	2.0	.0	.0	
30.9	17.4	6.4	201.7	167.9	97.0	.0	40.6	
37.3	26.2	7.1	228.3	410.0	17.0	.0	.0	
43.4	24.4	6.6	150.4	379.0	46.0	.0	.0	
52.0	34.2	6.7	221.3	176.9	98.0	37.0	.0	
55.6	50.1	6.4	193.8	294.4	61.0	24.0	.0	
57.2	52.9	7.6	201.3	218.1	73.0	.0	.0	
60.3	51.0	6.3	167.5	363.0	77.0	.0	.0	
59.2	54.6	9.7	204.2	336.6	78.0	.0	.0	
49.6	43.4	5.5	79.6	171.8	91.0	.0	.0	
47.7	30.7	6.1	147.9	446.0	23.0	.0	.0	
43.6	32.9	8.9	152.9	188.7	78.0	6.0	.0	
39.7	21.0	9.2	292.1	446.1	15.0	.0	.0	
42.7	29.1	8.0	222.1	250.9	98.0	.0	.0	
50.7	36.8	8.9	235.0	398.1	62.0	.0	.0	
37.9	27.4	6.2	189.2	200.1	98.0	.0	.0	
   3    31    1986
35.9	13.7	9.6	173.8	437.7	38.0	.0	.0	
40.5	15.3	8.9	241.7	422.1	33.0	.0	.0	
49.5	30.7	9.5	254.2	465.3	23.0	.0	.0	
41.3	31.1	6.7	161.7	369.7	50.0	1.0	.0	
43.0	24.9	8.1	261.7	459.5	22.0	.0	.0	
47.8	25.2	9.5	251.7	441.6	27.0	.0	.0	
45.2	24.9	11.8	263.8	403.8	10.0	.0	.0	
36.3	11.3	7.3	125.8	493.3	15.0	.0	.0	
45.2	29.0	5.7	185.4	281.8	35.0	.0	.0	
59.1	53.9	7.7	190.8	224.7	78.0	9.0	.0	
68.1	57.4	10.5	220.0	402.8	70.0	.0	.0	
57.0	43.8	11.2	42.5	256.5	89.0	14.0	.0	
52.4	52.3	7.0	142.9	142.0	98.0	61.0	.0	
55.5	54.9	7.0	191.7	175.7	85.0	84.0	.0	
54.9	50.5	6.5	206.3	387.7	34.0	.0	.0	
54.2	45.2	5.4	187.1	376.9	58.0	.0	.0	
54.5	41.6	6.6	150.4	524.5	11.0	.0	.0	
60.3	48.9	8.3	103.8	377.5	80.0	.0	.0	
61.4	58.5	14.1	210.0	168.1	98.0	75.0	.0	
48.4	41.5	5.7	277.5	181.3	97.0	20.0	.0	
36.8	19.9	8.1	159.6	336.4	53.0	.0	.0	
36.7	13.4	5.8	72.9	561.3	2.0	.0	.0	
46.6	21.6	6.6	171.7	554.9	2.0	.0	.0	
60.1	31.3	8.1	226.3	564.7	2.0	.0	.0	
56.7	38.8	7.7	135.4	563.3	2.0	.0	.0	
59.3	50.2	4.9	183.3	358.7	65.0	.0	.0	
60.5	40.7	7.3	163.8	553.9	12.0	.0	.0	
56.3	29.8	5.2	80.4	585.7	2.0	.0	.0	
58.9	35.5	5.7	164.6	536.9	2.0	.0	.0	
63.0	38.5	5.6	199.2	539.6	2.0	.0	.0	
66.9	41.2	5.6	157.9	592.6	2.0	.0	.0	
   4    30    1986
67.4	42.0	4.6	175.0	591.4	3.0	.0	.0	
67.9	44.5	4.8	155.8	568.9	10.0	.0	.0	
67.4	49.3	8.8	74.6	586.6	13.0	.0	.0	
68.5	49.5	7.1	166.7	594.0	31.0	.0	.0	
69.3	50.2	9.8	224.6	555.3	24.0	.0	.0	
70.8	50.2	9.4	227.5	522.5	62.0	.0	.0	
71.7	52.8	7.8	212.1	507.7	50.0	.0	.0	
64.1	59.1	8.1	236.7	174.9	68.0	63.0	.0	
52.2	28.6	12.8	320.4	564.5	15.0	.0	.0	
52.7	21.9	9.9	272.9	624.1	2.0	.0	.0	
58.0	28.0	10.8	257.1	621.5	2.0	.0	.0	
59.2	37.0	6.7	202.1	439.4	40.0	.0	.0	
61.3	40.7	4.8	86.7	543.6	28.0	.0	.0	
63.9	45.3	8.3	129.6	423.7	67.0	.0	.0	
65.0	46.1	14.0	215.8	375.2	54.0	3.0	.0	
51.3	32.0	11.1	292.9	417.4	49.0	.0	.0	
46.9	33.8	8.9	252.9	416.5	27.0	.0	.0	
57.0	39.7	6.0	162.5	579.0	29.0	.0	.0	
60.7	45.8	7.1	187.9	613.4	16.0	.0	.0	
60.4	51.6	10.4	212.9	319.0	96.0	6.0	.0	
59.5	48.8	9.4	249.2	432.7	65.0	15.0	.0	
50.1	29.0	9.9	234.2	591.6	5.0	.0	.0	
48.9	16.6	11.2	330.0	679.2	2.0	.0	.0	
57.0	25.1	6.3	188.3	676.9	2.0	.0	.0	
68.1	34.7	5.9	190.0	630.2	6.0	.0	.0	
71.8	50.1	7.5	147.5	644.6	17.0	.0	.0	
74.8	52.5	6.0	145.0	628.3	25.0	.0	.0	
71.4	51.6	8.7	202.5	462.3	66.0	23.0	.0	
68.4	44.6	8.3	322.9	671.0	18.0	.0	.0	
69.9	41.9	6.0	147.5	670.2	19.0	.0	.0	
   5    31    1986
74.8	49.8	8.5	237.9	514.1	65.0	.0	.0	
68.3	37.3	9.7	235.8	659.6	9.0	.0	.0	
59.2	29.0	7.8	111.3	635.0	12.0	.0	.0	
57.3	29.1	7.0	132.5	673.7	2.0	.0	.0	
65.7	43.2	9.2	218.3	653.4	22.0	.0	.0	
72.8	58.6	9.7	228.3	595.4	54.0	.0	.0	
71.8	61.0	6.9	266.7	447.4	66.0	.0	.0	
71.9	58.1	7.0	146.3	560.2	53.0	.0	.0	
68.4	53.4	7.2	81.3	439.9	60.0	.0	.0	
61.9	49.1	5.3	124.2	442.7	63.0	.0	.0	
68.0	55.9	7.3	243.3	630.0	54.0	51.0	.0	
71.1	58.6	5.6	123.3	362.9	97.0	.0	.0	
66.8	60.7	5.5	116.7	333.9	98.0	43.0	.0	
61.8	60.0	5.4	57.5	261.0	98.0	1.0	.0	
66.7	61.8	4.0	109.6	321.7	91.0	.0	.0	
68.7	62.0	6.0	221.7	450.4	95.0	129.0	.0	
71.2	64.5	5.6	185.4	458.0	74.0	.0	.0	
71.6	63.5	6.2	219.2	525.2	65.0	3.0	.0	
67.3	63.9	5.2	178.8	268.4	98.0	76.0	.0	
66.3	58.9	6.4	232.1	501.3	50.0	.0	.0	
62.9	50.9	5.5	176.7	548.6	49.0	.0	.0	
62.4	46.3	5.1	130.0	580.6	24.0	.0	.0	
62.8	55.4	5.2	142.9	404.9	77.0	3.0	.0	
71.6	61.8	4.2	174.2	511.2	57.0	.0	.0	
73.4	64.6	5.6	161.3	305.6	97.0	.0	.0	
67.7	65.3	5.6	44.2	319.1	98.0	1.0	.0	
69.3	67.5	4.2	87.1	300.8	98.0	325.0	.0	
72.7	67.2	6.3	86.3	335.8	98.0	2.0	.0	
74.7	68.8	5.8	248.3	367.9	74.0	.0	.0	
77.1	65.7	4.1	191.3	618.8	47.0	.0	.0	
76.2	64.8	3.3	139.6	591.7	67.0	.0	.0	
   6    30    1986
73.5	65.2	4.9	161.7	525.3	60.0	49.0	.0	
75.3	67.2	3.5	132.1	437.0	73.0	.0	.0	
66.7	55.7	7.0	51.7	298.0	98.0	.0	.0	
69.7	63.3	6.8	52.1	419.8	86.0	.0	.0	
74.5	66.6	4.3	112.9	547.8	65.0	.0	.0	
76.9	66.6	4.5	55.8	674.8	21.0	.0	.0	
80.4	69.9	7.0	180.4	624.6	53.0	.0	.0	
78.1	71.3	8.7	247.9	529.8	60.0	37.0	.0	
77.6	71.0	6.2	115.4	536.6	66.0	7.0	.0	
76.4	71.4	4.5	117.5	421.0	75.0	.0	.0	
79.9	71.5	7.9	231.3	606.1	42.0	.0	.0	
80.1	68.6	11.7	233.3	639.6	8.0	.0	.0	
76.9	61.5	5.2	214.2	608.2	23.0	.0	.0	
76.4	63.9	7.2	32.1	625.0	31.0	.0	.0	
75.4	66.7	6.1	129.2	605.7	40.0	.0	.0	
78.7	67.6	4.7	174.6	694.2	9.0	.0	.0	
78.5	66.5	6.8	197.1	610.1	24.0	.0	.0	
75.6	59.8	9.3	66.7	679.3	35.0	.0	.0	
76.1	61.5	4.8	130.4	656.2	25.0	.0	.0	
81.4	65.4	7.0	240.4	647.4	29.0	.0	.0	
79.1	60.2	8.8	72.1	706.1	20.0	.0	.0	
78.8	62.8	8.3	204.2	648.1	52.0	.0	.0	
82.4	63.5	8.1	229.2	685.1	25.0	.0	.0	
80.0	67.3	6.9	210.8	475.2	75.0	.0	.0	
79.8	57.6	6.5	73.8	716.6	13.0	.0	.0	
80.9	65.8	6.8	108.3	556.8	63.0	.0	.0	
82.0	69.0	6.4	209.2	616.2	44.0	.0	.0	
81.7	68.8	10.0	238.8	600.7	60.0	.0	.0	
79.7	69.3	10.8	247.1	573.1	72.0	.0	.0	
80.0	69.8	7.2	233.3	391.6	73.0	.0	.0	
   7    31    1986
81.8	70.3	9.9	223.8	566.1	66.0	.0	.0	
79.0	70.3	10.9	248.3	442.1	67.0	15.0	.0	
76.3	59.6	9.3	170.8	684.5	12.0	.0	.0	
76.6	59.8	7.5	93.8	588.2	25.0	.0	.0	
77.9	61.5	4.2	85.0	605.4	25.0	.0	.0	
80.2	63.7	4.4	80.4	600.0	21.0	.0	.0	
85.2	65.7	3.4	105.8	623.7	15.0	.0	.0	
85.9	67.9	5.0	187.9	606.2	37.0	.0	.0	
86.8	66.6	7.2	193.8	659.3	22.0	.0	.0	
82.2	69.0	4.0	153.3	499.7	61.0	7.0	.0	
82.4	68.3	5.9	156.3	626.1	12.0	4.0	.0	
84.7	66.9	10.3	247.9	673.6	3.0	.0	.0	
84.5	66.7	8.9	238.8	535.1	36.0	.0	.0	
82.4	66.9	5.6	192.9	571.5	75.0	103.0	.0	
77.3	70.8	4.6	131.3	427.5	70.0	9.0	.0	
82.5	69.9	6.3	93.8	661.5	27.0	1.0	.0	
84.6	70.9	5.0	136.7	647.5	48.0	.0	.0	
88.1	68.9	5.1	209.2	674.6	5.0	.0	.0	
88.8	66.1	6.7	230.8	694.5	2.0	.0	.0	
87.4	65.3	6.2	204.6	661.9	2.0	.0	.0	
87.8	67.0	7.7	109.6	660.3	13.0	.0	.0	
82.1	71.3	5.6	190.4	540.0	66.0	.0	.0	
80.3	71.4	6.4	103.3	462.0	79.0	.0	.0	
79.4	73.3	6.9	70.0	307.5	75.0	.0	.0	
78.8	71.7	6.9	142.1	410.0	80.0	.0	.0	
80.3	71.1	6.8	179.6	630.1	54.0	2.0	.0	
77.0	72.3	6.3	150.4	480.5	69.0	22.0	.0	
81.6	71.6	5.5	178.3	565.7	49.0	.0	.0	
82.4	70.0	5.5	164.2	561.2	23.0	.0	.0	
81.6	58.9	7.7	173.8	674.7	23.0	.0	.0	
79.2	57.5	7.0	135.0	581.0	37.0	.0	.0	
   8    31    1986
79.3	66.1	5.6	166.3	571.1	69.0	34.0	.0	
81.2	68.1	3.8	134.6	529.6	45.0	.0	.0	
77.5	69.1	7.5	102.5	505.9	84.0	46.0	.0	
76.0	69.2	6.8	104.2	536.6	59.0	.0	.0	
76.7	69.6	5.4	105.8	523.1	59.0	.0	.0	
74.7	70.6	5.3	121.3	364.5	82.0	74.0	.0	
76.5	69.3	7.1	201.3	508.4	80.0	42.0	.0	
79.1	68.5	11.3	233.3	567.2	83.0	4.0	.0	
77.2	67.8	7.6	211.3	454.9	78.0	22.0	.0	
79.2	68.4	9.2	218.3	597.1	42.0	7.0	.0	
75.2	70.8	8.1	182.5	322.7	92.0	36.0	.0	
71.0	70.3	6.2	27.9	245.0	98.0	108.0	.0	
70.9	69.1	9.1	41.7	263.0	96.0	60.0	.0	
73.3	70.2	9.6	46.3	339.4	65.0	2.0	.0	
78.1	70.7	6.4	85.0	521.5	48.0	.0	.0	
78.8	71.6	4.1	104.6	547.3	37.0	.0	.0	
75.9	71.4	8.2	86.7	305.5	81.0	5.0	.0	
73.4	71.6	9.5	75.8	314.3	90.0	82.0	.0	
71.6	70.0	9.9	31.7	177.7	98.0	33.0	.0	
73.2	70.0	10.0	40.8	355.6	98.0	6.0	.0	
75.9	70.0	6.7	126.3	483.8	60.0	.0	.0	
77.4	71.9	6.1	154.6	527.0	50.0	3.0	.0	
77.0	72.6	5.1	137.5	395.5	76.0	3.0	.0	
77.8	68.0	6.9	167.5	556.7	21.0	.0	.0	
72.5	64.5	6.1	54.6	356.4	53.0	.0	.0	
76.4	69.5	7.4	186.3	481.4	48.0	.0	.0	
78.7	71.0	10.6	232.1	412.4	88.0	4.0	.0	
67.9	64.0	9.9	150.8	251.1	98.0	3.0	.0	
62.4	47.7	10.6	46.7	551.8	79.0	.0	.0	
60.5	50.9	10.7	40.0	261.6	96.0	4.0	.0	
62.9	59.8	11.6	37.5	237.1	98.0	15.0	.0	
   9    30    1986
62.8	62.3	11.0	31.7	170.9	98.0	78.0	.0	
65.7	65.3	8.4	33.8	195.9	98.0	22.0	.0	
69.0	67.9	6.1	77.5	260.5	95.0	80.0	.0	
69.9	69.6	5.4	143.3	159.8	98.0	53.0	.0	
73.7	70.7	4.3	80.0	333.6	98.0	3.0	.0	
74.1	66.0	5.9	117.5	483.4	56.0	.0	.0	
71.8	59.3	4.9	120.8	554.1	25.0	.0	.0	
68.8	62.1	8.1	67.9	433.1	61.0	3.0	.0	
64.4	60.6	7.8	55.8	247.8	98.0	.0	.0	
69.4	65.6	5.5	149.6	313.9	85.0	.0	.0	
72.6	69.3	7.1	171.3	244.8	88.0	2.0	.0	
76.5	67.9	10.6	185.0	493.7	55.0	8.0	.0	
69.3	59.4	7.3	37.5	498.9	13.0	.0	.0	
68.9	58.1	7.4	81.7	557.2	7.0	.0	.0	
67.0	58.3	4.7	166.3	419.1	45.0	.0	.0	
70.6	62.4	5.8	157.5	297.1	59.0	.0	.0	
65.8	53.7	9.3	64.6	280.7	73.0	.0	.0	
64.0	59.4	4.8	152.1	197.3	98.0	7.0	.0	
72.0	67.1	8.0	236.3	341.3	72.0	.0	.0	
74.1	67.2	4.9	198.8	489.4	49.0	.0	.0	
76.6	67.2	4.9	176.7	470.5	46.0	.0	.0	
73.8	65.8	5.3	73.8	433.7	33.0	.0	.0	
74.4	66.2	7.0	213.3	464.5	23.0	.0	.0	
77.3	69.0	7.7	228.8	479.3	14.0	.0	.0	
77.7	68.7	6.0	225.8	474.3	2.0	.0	.0	
78.7	68.4	4.3	192.9	505.5	7.0	.0	.0	
77.6	67.2	3.7	186.3	492.8	5.0	.0	.0	
77.1	66.7	5.8	98.8	461.8	24.0	.0	.0	
74.1	70.4	4.6	105.4	280.2	69.0	.0	.0	
74.1	69.3	7.1	200.0	280.8	48.0	.0	.0	
  10    31    1986
76.7	66.7	8.7	225.8	411.3	26.0	.0	.0	
78.3	66.1	5.4	204.6	425.8	19.0	.0	.0	
77.6	66.6	7.8	172.1	411.0	36.0	.0	.0	
78.7	66.3	11.9	241.3	451.3	13.0	.0	.0	
78.8	63.0	10.5	255.0	450.7	3.0	.0	.0	
66.6	48.6	9.0	193.3	461.4	33.0	.0	.0	
62.8	47.5	8.5	58.8	312.9	80.0	.0	.0	
65.6	56.1	6.9	79.2	309.6	74.0	.0	.0	
64.4	62.8	6.5	70.8	133.3	98.0	15.0	.0	
60.3	58.1	11.2	42.5	179.6	98.0	28.0	.0	
52.4	50.9	13.6	36.3	123.2	98.0	17.0	.0	
56.9	55.5	9.6	36.3	177.2	98.0	1.0	.0	
62.4	61.7	4.8	105.4	126.1	98.0	195.0	.0	
64.8	55.7	8.4	236.3	316.1	90.0	6.0	.0	
54.7	43.7	5.4	152.9	415.0	43.0	.0	.0	
54.5	42.0	6.9	110.0	332.4	57.0	.0	.0	
53.6	40.4	4.5	86.3	431.8	2.0	.0	.0	
54.1	42.8	8.0	42.9	371.7	6.0	.0	.0	
50.6	40.4	6.1	56.7	430.2	2.0	.0	.0	
52.7	41.6	3.8	143.3	430.5	2.0	.0	.0	
54.7	41.3	3.2	106.3	424.3	2.0	.0	.0	
56.6	45.4	2.8	98.8	370.8	47.0	.0	.0	
58.8	46.6	4.6	161.3	343.6	74.0	.0	.0	
63.0	48.6	5.0	142.1	319.4	92.0	.0	.0	
56.9	55.8	10.4	49.6	98.9	98.0	306.0	.0	
59.5	54.9	8.8	132.5	203.9	94.0	7.0	.0	
57.9	47.7	8.1	254.6	331.2	31.0	.0	.0	
55.9	44.5	5.4	171.7	381.4	2.0	.0	.0	
52.6	47.1	4.1	150.0	196.2	80.0	.0	.0	
57.5	47.7	5.5	60.0	370.1	11.0	.0	.0	
56.9	48.8	12.9	34.6	301.8	46.0	36.0	.0	
  11    30    1986
55.3	53.8	13.6	31.7	107.9	98.0	27.0	.0	
63.3	57.1	7.2	86.7	250.2	73.0	.0	.0	
60.1	52.2	5.7	100.4	339.7	42.0	.0	.0	
60.0	56.1	5.9	158.3	202.1	92.0	.0	.0	
60.8	57.9	5.9	190.0	157.6	98.0	10.0	.0	
65.0	59.0	6.7	162.9	257.9	96.0	.0	.0	
59.7	58.5	9.9	51.3	95.5	98.0	101.0	.0	
61.0	60.6	3.7	123.8	132.2	96.0	7.0	.0	
66.3	59.6	11.7	193.3	218.2	90.0	7.0	.0	
55.8	42.2	9.9	62.1	157.9	98.0	5.0	.0	
50.1	48.8	5.5	111.7	105.2	98.0	26.0	.0	
51.4	49.6	8.3	52.9	167.1	98.0	41.0	.0	
41.2	32.2	9.1	158.8	213.5	57.0	3.0	.0	
30.8	15.2	10.2	37.5	250.5	65.0	.0	7.6	
36.4	34.9	5.4	118.3	149.2	98.0	25.0	.0	
49.8	47.4	6.6	163.3	152.3	98.0	.0	.0	
52.8	52.1	5.5	82.9	89.8	98.0	15.0	.0	
55.8	54.9	7.1	126.3	132.6	95.0	.0	.0	
49.5	34.9	10.9	79.2	256.0	63.0	.0	.0	
42.1	39.8	9.3	122.9	104.7	96.0	50.0	.0	
44.5	33.6	6.9	230.4	316.5	2.0	.0	.0	
40.9	33.8	6.1	78.3	319.1	18.0	.0	.0	
47.6	42.3	6.6	55.4	132.6	98.0	3.0	.0	
55.8	53.5	5.5	170.4	145.7	97.0	.0	.0	
55.6	54.0	11.5	49.2	101.8	98.0	93.0	.0	
55.4	50.7	10.3	140.8	148.4	58.0	78.0	.0	
52.0	45.2	7.4	43.3	195.1	71.0	.0	.0	
51.4	45.5	7.6	74.2	90.4	98.0	.0	.0	
53.3	45.9	4.6	87.5	276.5	57.0	.0	.0	
48.7	42.0	15.8	39.2	89.3	98.0	43.0	.0	
  12    31    1986
38.5	37.1	21.7	43.3	90.3	98.0	57.0	.0	
42.7	41.9	12.2	89.2	85.7	98.0	39.0	.0	
45.4	35.4	8.1	238.3	286.0	10.0	.0	.0	
42.2	23.2	8.5	220.4	276.2	43.0	.0	.0	
40.0	19.1	7.0	85.0	268.8	39.0	.0	.0	
35.6	22.7	5.9	85.4	276.9	2.0	.0	.0	
38.7	24.0	5.3	147.5	227.0	58.0	.0	.0	
48.5	43.2	6.7	195.8	94.1	98.0	9.0	.0	
51.0	50.7	4.0	120.0	118.7	98.0	25.0	.0	
57.2	55.2	7.0	197.5	103.2	98.0	23.0	.0	
46.8	45.5	10.0	37.1	77.7	98.0	78.0	.0	
44.7	41.0	6.4	202.5	129.8	82.0	8.0	.0	
35.7	18.6	11.3	135.8	284.2	2.0	.0	.0	
31.1	18.8	5.8	112.1	233.3	59.0	.0	.0	
42.7	29.9	4.0	153.8	145.8	98.0	.0	.0	
46.2	35.0	4.5	112.5	264.8	31.0	.0	.0	
47.3	40.5	5.9	51.3	126.5	98.0	5.0	.0	
46.0	41.1	6.3	204.2	98.9	77.0	3.0	.0	
40.4	26.8	6.9	194.6	202.4	37.0	.0	.0	
42.7	29.5	5.8	127.1	251.7	31.0	.0	.0	
37.3	27.7	6.9	51.3	237.2	62.0	.0	.0	
33.0	22.5	6.8	37.5	221.1	85.0	.0	.0	
34.3	28.8	11.4	40.0	68.5	98.0	72.0	.0	
47.4	45.4	10.5	124.6	108.9	98.0	98.0	.0	
49.9	43.4	8.1	239.2	186.1	81.0	.0	.0	
44.7	37.7	2.1	76.3	248.7	50.0	.0	.0	
41.1	35.4	8.4	43.8	227.5	65.0	.0	.0	
37.5	33.1	3.0	62.5	173.2	27.0	.0	.0	
36.2	30.6	3.8	111.7	253.7	8.0	.0	.0	
38.7	27.9	8.0	197.5	268.7	2.0	.0	.0	
36.0	25.1	7.1	55.8	207.6	65.0	.0	.0	
