   1    31    1977
26.9	4.9	6.9	265.0	294.1	2.0	.0	.0	
29.2	12.5	4.7	163.8	170.8	63.0	.0	.0	
31.5	26.1	6.2	63.8	125.4	88.0	.0	55.9	
38.3	35.0	5.1	182.5	157.6	98.0	.0	.0	
43.6	39.9	7.7	147.5	141.6	98.0	3.0	.0	
36.4	34.1	3.0	95.0	128.6	90.0	63.0	.0	
38.7	28.5	9.2	246.3	289.7	23.0	3.0	.0	
33.2	17.9	3.5	108.8	222.3	47.0	.0	.0	
35.0	28.2	6.0	135.0	122.9	98.0	153.0	.0	
30.5	21.2	15.7	203.8	284.2	37.0	.0	12.7	
21.7	4.7	9.2	242.5	300.3	2.0	.0	.0	
28.3	11.6	4.3	86.3	266.8	38.0	.0	.0	
31.2	11.4	5.5	45.0	260.9	49.0	.0	.0	
33.3	28.6	3.3	48.8	103.0	98.0	65.0	.0	
35.2	30.2	3.9	213.8	170.8	60.0	.0	.0	
28.6	15.6	12.7	255.0	308.1	2.0	.0	.0	
16.7	-3.7	8.1	198.8	316.8	20.0	.0	.0	
20.7	4.4	6.0	221.3	264.5	67.0	.0	.0	
21.7	4.1	9.9	305.0	314.7	8.0	.0	.0	
27.7	15.4	8.1	217.5	178.2	71.0	.0	.0	
27.6	12.8	6.5	256.3	309.9	2.0	.0	.0	
29.5	8.5	8.2	248.8	328.3	8.0	.0	.0	
28.9	10.5	5.1	126.3	230.3	84.0	.0	.0	
30.5	23.4	3.4	133.8	131.4	97.0	.0	73.7	
34.5	25.5	8.4	255.0	279.7	51.0	.0	.0	
35.3	21.9	12.4	221.3	316.7	4.0	.0	.0	
43.9	29.5	11.7	226.3	277.5	27.0	.0	.0	
36.3	31.8	8.6	277.5	153.5	63.0	10.0	.0	
21.9	-1.4	7.8	252.5	358.3	2.0	.0	.0	
28.7	6.8	9.5	201.3	287.8	45.0	.0	.0	
31.9	8.0	6.5	278.8	347.4	30.0	.0	.0	
   2    28    1977
30.3	6.0	6.1	220.0	353.5	2.0	.0	.0	
34.3	8.0	5.0	186.3	365.2	2.0	.0	.0	
37.3	15.3	7.8	190.0	154.3	70.0	.0	.0	
47.3	25.7	9.2	235.0	363.3	6.0	.0	.0	
41.9	15.6	11.5	212.5	363.7	6.0	.0	.0	
30.8	5.5	6.7	173.8	369.5	2.0	.0	.0	
28.8	6.1	5.9	81.3	387.3	2.0	.0	.0	
29.9	9.2	2.9	57.5	376.8	2.0	.0	.0	
36.1	16.7	2.3	98.8	376.2	2.0	.0	.0	
45.3	22.6	4.6	212.5	379.3	2.0	.0	.0	
46.7	26.1	3.9	132.5	269.7	40.0	.0	.0	
51.8	34.4	5.6	148.8	193.3	98.0	35.0	.0	
51.8	34.0	9.4	216.3	393.1	22.0	5.0	.0	
48.0	25.8	8.5	163.8	402.1	2.0	.0	.0	
44.6	29.3	6.1	88.8	156.5	64.0	.0	.0	
33.5	14.5	9.7	141.3	370.6	6.0	.0	.0	
30.3	6.8	5.8	191.3	410.9	13.0	.0	.0	
38.4	25.8	5.6	133.8	346.5	42.0	.0	.0	
45.8	32.1	10.9	143.8	266.8	46.0	.0	.0	
36.5	17.8	9.5	288.8	313.8	30.0	.0	.0	
31.8	14.4	5.2	196.3	413.9	6.0	.0	.0	
44.5	27.0	11.0	212.5	439.4	4.0	.0	.0	
51.7	35.8	8.2	188.8	286.1	67.0	.0	.0	
55.9	42.4	17.8	218.8	382.7	43.0	90.0	.0	
56.7	34.4	12.7	221.3	420.0	10.0	.0	.0	
61.2	36.5	12.7	212.5	413.9	41.0	.0	.0	
51.5	46.4	7.1	206.3	180.5	73.0	70.0	.0	
40.7	24.1	7.1	200.0	464.9	2.0	.0	.0	
   3    31    1977
41.1	23.7	7.5	197.5	414.0	11.0	.0	.0	
40.7	21.0	5.9	91.3	412.2	38.0	.0	.0	
49.5	34.5	5.5	63.8	211.9	98.0	.0	.0	
57.6	53.6	9.8	175.0	222.9	95.0	56.0	.0	
52.8	41.6	6.8	236.3	295.8	93.0	1.0	.0	
48.7	46.5	5.9	76.3	187.2	98.0	65.0	.0	
48.7	32.7	9.4	266.3	486.6	33.0	7.0	.0	
47.1	23.6	5.7	237.5	498.3	2.0	.0	.0	
49.5	30.8	7.1	207.5	492.1	37.0	.0	.0	
53.0	42.3	5.2	155.0	309.4	98.0	.0	.0	
55.2	53.5	8.8	37.5	199.9	98.0	2.0	.0	
60.6	59.4	9.8	105.0	229.7	98.0	43.0	.0	
60.3	47.4	13.7	225.0	482.9	8.0	.0	.0	
59.4	41.8	6.3	252.5	498.9	2.0	.0	.0	
62.5	41.4	5.3	213.8	524.8	2.0	.0	.0	
63.4	43.2	10.3	183.8	506.9	19.0	.0	.0	
52.3	26.5	5.9	113.8	269.7	77.0	.0	.0	
62.8	44.0	14.0	201.3	324.7	73.0	.0	.0	
57.9	35.9	6.8	88.8	242.1	89.0	.0	.0	
54.6	41.6	11.7	81.3	492.8	65.0	71.0	.0	
48.3	39.0	5.6	32.5	215.1	98.0	161.0	.0	
48.2	35.5	11.8	226.3	544.3	33.0	12.0	.0	
46.3	21.0	7.0	206.3	564.8	2.0	.0	.0	
52.4	26.3	5.9	120.0	536.2	15.0	.0	.0	
54.5	31.1	4.8	102.5	545.0	30.0	.0	.0	
57.8	36.6	5.0	162.5	487.2	60.0	.0	.0	
57.1	44.0	6.0	75.0	261.5	98.0	.0	.0	
60.2	51.6	8.5	148.8	378.7	98.0	23.0	.0	
61.4	60.4	5.9	168.8	218.6	98.0	155.0	.0	
62.6	62.0	8.0	130.0	239.0	97.0	251.0	.0	
65.9	51.1	9.1	158.8	559.2	37.0	.0	.0	
   4    30    1977
59.4	39.6	6.5	45.0	464.0	70.0	.0	.0	
63.2	58.3	4.6	147.5	270.4	96.0	.0	.0	
61.3	59.5	7.7	137.5	239.2	98.0	69.0	.0	
65.8	60.5	12.1	237.5	239.9	98.0	51.0	.0	
54.0	41.0	17.7	237.5	522.8	52.0	47.0	.0	
48.8	25.0	11.0	241.3	614.5	2.0	.0	.0	
54.0	36.4	8.8	197.5	588.1	8.0	.0	.0	
61.1	36.4	8.2	223.8	575.1	5.0	.0	.0	
52.2	30.0	4.7	46.3	579.8	2.0	.0	.0	
57.7	41.2	5.3	160.0	586.2	8.0	.0	.0	
66.9	48.9	5.5	175.0	559.0	15.0	.0	.0	
67.0	49.7	5.3	138.8	526.2	16.0	.0	.0	
66.7	49.5	4.9	173.8	598.7	5.0	.0	.0	
68.7	50.7	4.9	151.3	565.7	36.0	.0	.0	
68.5	51.9	7.6	140.0	350.1	93.0	.0	.0	
67.9	51.7	3.2	73.8	617.3	20.0	.0	.0	
69.3	49.1	5.6	50.0	612.8	29.0	.0	.0	
68.2	54.9	6.0	152.5	462.6	73.0	56.0	.0	
68.0	57.4	4.5	117.5	587.4	62.0	.0	.0	
65.9	58.1	2.8	40.0	493.0	48.0	.0	.0	
66.2	58.1	3.6	80.0	435.4	76.0	.0	.0	
67.1	59.3	6.6	145.0	346.8	86.0	.0	.0	
64.6	62.8	8.5	176.3	273.2	98.0	74.0	.0	
61.1	53.6	8.8	272.5	504.3	57.0	15.0	.0	
55.8	42.3	6.0	281.3	524.2	39.0	.0	.0	
49.9	35.6	3.7	157.5	508.0	24.0	.0	.0	
55.9	39.0	8.7	201.3	615.9	9.0	.0	.0	
64.6	46.9	13.5	238.8	533.3	44.0	.0	.0	
60.7	53.0	7.1	93.8	298.4	98.0	2.0	.0	
57.3	55.5	4.6	66.3	299.2	98.0	9.0	.0	
   5    31    1977
60.6	58.6	3.7	100.0	304.4	98.0	8.0	.0	
67.2	60.6	3.3	93.8	448.7	92.0	14.0	.0	
70.6	61.0	5.3	187.5	553.5	78.0	.0	.0	
70.3	61.7	5.6	147.5	448.8	81.0	1.0	.0	
74.7	62.0	7.8	196.3	554.1	47.0	.0	.0	
76.9	59.6	6.5	166.3	614.8	40.0	.0	.0	
76.4	60.7	8.7	265.0	406.6	90.0	.0	.0	
70.9	58.5	5.8	78.8	552.0	45.0	171.0	.0	
64.0	37.4	9.4	262.5	704.2	5.0	.0	.0	
57.0	33.4	6.3	133.8	704.6	2.0	.0	.0	
60.3	39.1	4.9	113.8	644.4	26.0	.0	.0	
65.2	45.6	4.7	152.5	666.4	20.0	.0	.0	
69.4	44.9	2.6	126.3	709.2	2.0	.0	.0	
71.4	51.9	3.8	187.5	552.8	56.0	.0	.0	
74.6	54.0	5.3	110.0	618.7	26.0	.0	.0	
73.4	59.2	6.3	91.3	654.4	14.0	.0	.0	
75.1	57.5	5.8	192.5	656.9	15.0	.0	.0	
75.2	59.1	4.8	200.0	556.1	48.0	.0	.0	
76.3	58.6	6.1	268.8	629.3	62.0	.0	.0	
73.9	61.3	8.1	148.8	551.4	66.0	3.0	.0	
69.5	64.0	4.3	80.0	334.6	83.0	14.0	.0	
72.4	63.5	6.1	91.3	369.2	77.0	3.0	.0	
71.3	63.2	8.2	43.8	382.6	83.0	.0	.0	
68.2	61.5	11.2	35.0	283.8	98.0	34.0	.0	
68.7	64.0	6.9	23.8	333.2	98.0	2.0	.0	
70.0	64.8	6.9	30.0	269.8	88.0	5.0	.0	
72.5	64.5	5.3	88.8	525.4	85.0	.0	.0	
72.9	63.6	4.2	78.8	541.1	64.0	8.0	.0	
74.4	62.5	3.2	136.3	636.5	30.0	.0	.0	
73.5	65.0	4.6	112.5	522.8	39.0	4.0	.0	
74.0	67.1	4.1	60.0	405.2	79.0	4.0	.0	
   6    30    1977
74.9	65.4	5.6	195.0	510.5	69.0	57.0	.0	
74.3	55.0	4.4	235.0	689.5	18.0	.0	.0	
75.6	56.3	4.6	81.3	720.3	15.0	.0	.0	
76.7	59.4	5.8	166.3	695.7	8.0	.0	.0	
78.5	58.1	5.9	215.0	668.2	17.0	.0	.0	
77.0	61.6	7.9	180.0	579.7	71.0	15.0	.0	
68.0	46.2	9.5	143.8	654.7	17.0	.0	.0	
65.6	45.3	6.5	153.8	633.0	31.0	.0	.0	
71.0	46.1	9.1	228.8	708.0	40.0	.0	.0	
70.4	41.1	7.1	217.5	661.8	29.0	.0	.0	
73.4	48.5	4.4	125.0	685.4	28.0	.0	.0	
78.0	63.2	8.2	233.8	546.1	74.0	.0	.0	
78.8	67.5	6.7	145.0	528.1	86.0	7.0	.0	
75.4	67.9	5.1	165.0	321.4	98.0	52.0	.0	
77.4	66.7	4.2	201.3	497.8	87.0	14.0	.0	
75.2	67.0	5.9	113.8	424.1	84.0	79.0	.0	
73.9	67.3	3.6	156.3	406.9	75.0	.0	.0	
78.0	68.9	7.4	193.8	514.2	54.0	2.0	.0	
80.7	66.9	8.6	225.0	633.2	55.0	3.0	.0	
78.0	67.7	6.8	221.3	547.0	77.0	.0	.0	
79.1	65.2	4.0	187.5	628.8	53.0	.0	.0	
75.9	62.5	5.0	123.8	619.7	62.0	30.0	.0	
78.6	68.1	6.1	147.5	607.9	79.0	.0	.0	
76.8	67.5	6.1	106.3	529.1	81.0	6.0	.0	
80.0	66.6	7.7	231.3	617.8	70.0	.0	.0	
77.1	67.3	5.8	200.0	544.7	80.0	20.0	.0	
80.6	68.4	3.0	153.8	649.8	25.0	.0	.0	
82.6	66.7	9.0	227.5	660.6	28.0	.0	.0	
81.1	69.3	8.3	217.5	587.3	45.0	3.0	.0	
80.6	68.4	6.2	136.3	533.3	55.0	.0	.0	
   7    31    1977
77.9	66.4	10.8	236.3	550.4	59.0	44.0	.0	
77.2	67.0	5.3	111.3	608.1	65.0	.0	.0	
77.9	64.2	6.9	46.3	641.5	38.0	.0	.0	
78.8	67.0	3.2	71.3	663.5	13.0	.0	.0	
81.8	65.6	3.9	168.8	635.7	31.0	.0	.0	
84.9	69.5	3.5	138.8	695.1	21.0	.0	.0	
86.4	69.0	2.4	111.3	621.4	27.0	.0	.0	
88.2	69.1	4.5	153.8	683.5	20.0	.0	.0	
87.6	67.6	5.8	201.3	679.8	43.0	.0	.0	
81.5	68.4	4.3	133.8	546.0	39.0	16.0	.0	
82.1	68.5	6.8	135.0	602.6	11.0	.0	.0	
83.7	68.1	6.1	92.5	583.7	28.0	.0	.0	
83.6	68.4	5.4	131.3	600.0	24.0	.0	.0	
84.9	68.7	4.8	108.8	605.7	57.0	.0	.0	
85.5	68.5	6.2	85.0	657.8	27.0	.0	.0	
85.0	65.8	4.3	153.8	637.8	18.0	.0	.0	
82.7	66.5	6.6	218.8	574.7	43.0	.0	.0	
83.5	64.6	6.9	210.0	656.7	21.0	.0	.0	
84.5	66.5	6.8	202.5	613.9	20.0	.0	.0	
87.1	65.2	6.0	210.0	604.4	30.0	.0	.0	
87.5	65.6	6.0	303.8	601.6	35.0	.0	.0	
81.3	70.5	5.9	255.0	288.5	94.0	8.0	.0	
79.2	63.8	7.2	75.0	615.4	41.0	.0	.0	
79.0	60.3	7.0	158.8	654.0	11.0	.0	.0	
78.0	65.0	10.9	218.8	411.9	85.0	1.0	.0	
79.5	69.7	6.9	117.5	459.1	83.0	2.0	.0	
75.8	60.0	7.5	131.3	428.3	90.0	.0	.0	
69.9	62.6	4.2	81.3	299.6	98.0	3.0	.0	
69.9	65.1	2.4	126.3	281.2	98.0	6.0	.0	
78.3	66.8	5.3	235.0	559.6	70.0	.0	.0	
80.9	67.0	4.8	163.8	490.9	61.0	.0	.0	
   8    31    1977
79.2	69.1	4.0	92.5	428.1	54.0	56.0	.0	
73.9	69.5	4.4	125.0	286.9	88.0	6.0	.0	
70.8	67.9	4.5	147.5	294.8	96.0	49.0	.0	
76.8	68.5	5.8	208.8	495.8	65.0	.0	.0	
80.2	69.9	6.0	163.8	516.7	64.0	.0	.0	
82.4	69.5	7.8	193.8	624.9	7.0	.0	.0	
81.6	70.3	8.1	192.5	586.5	27.0	1.0	.0	
78.1	68.9	7.0	253.8	492.1	61.0	.0	.0	
80.8	66.5	3.3	150.0	500.7	65.0	.0	.0	
81.8	67.4	6.3	222.5	556.7	47.0	.0	.0	
82.5	66.1	5.2	150.0	563.8	39.0	.0	.0	
83.0	66.3	8.2	192.5	548.6	27.0	.0	.0	
80.5	67.6	7.1	158.8	536.8	48.0	.0	.0	
80.6	68.1	7.5	191.3	477.1	70.0	.0	.0	
78.2	71.3	5.2	162.5	433.6	75.0	28.0	.0	
77.7	72.7	5.6	190.0	368.7	82.0	126.0	.0	
77.5	71.5	8.9	226.3	404.2	92.0	37.0	.0	
69.8	66.0	5.6	95.0	356.5	68.0	31.0	.0	
72.4	62.0	4.3	35.0	558.5	54.0	.0	.0	
73.9	64.5	3.2	98.8	451.1	66.0	79.0	.0	
74.9	64.8	4.3	131.3	594.5	48.0	.0	.0	
76.4	66.0	3.0	131.3	568.2	30.0	.0	.0	
76.3	69.0	3.0	115.0	415.7	71.0	14.0	.0	
74.6	69.2	3.9	160.0	337.6	82.0	.0	.0	
77.3	67.6	7.4	80.0	498.2	60.0	.0	.0	
72.8	68.9	7.4	28.8	264.7	93.0	62.0	.0	
76.1	71.2	5.4	110.0	304.1	84.0	6.0	.0	
77.5	71.1	2.7	48.8	413.9	65.0	.0	.0	
77.3	67.1	2.6	61.3	524.6	25.0	.0	.0	
78.2	68.2	2.0	98.8	548.7	35.0	.0	.0	
78.7	69.5	4.6	117.5	560.8	39.0	4.0	.0	
   9    30    1977
78.9	68.4	4.1	162.5	509.6	22.0	.0	.0	
77.8	66.3	3.6	76.3	531.3	20.0	.0	.0	
78.2	65.7	3.3	103.8	529.7	29.0	.0	.0	
76.1	68.0	2.0	105.0	419.7	77.0	110.0	.0	
77.3	70.3	3.9	65.0	360.3	81.0	1.0	.0	
78.0	68.7	3.7	147.5	391.4	79.0	.0	.0	
76.2	71.5	5.8	120.0	273.8	98.0	242.0	.0	
72.1	68.1	11.4	82.5	241.9	98.0	62.0	.0	
74.9	66.9	7.9	147.5	434.3	73.0	133.0	.0	
75.2	67.5	3.3	201.3	350.4	67.0	15.0	.0	
71.8	61.1	4.8	82.5	514.7	25.0	.0	.0	
68.3	56.6	5.7	91.3	486.9	29.0	.0	.0	
69.9	64.1	3.3	120.0	287.5	89.0	1.0	.0	
76.2	69.1	7.7	182.5	445.2	60.0	29.0	.0	
71.0	66.9	8.9	27.5	207.1	73.0	28.0	.0	
71.6	68.2	5.6	110.0	230.9	98.0	242.0	.0	
74.4	69.5	5.1	171.3	251.0	98.0	.0	.0	
76.8	69.1	5.3	247.5	445.3	58.0	.0	.0	
75.4	69.4	7.7	197.5	366.7	68.0	.0	.0	
75.5	66.4	3.5	203.8	442.1	50.0	.0	.0	
72.2	62.2	3.3	28.8	454.5	21.0	.0	.0	
70.4	60.0	6.1	33.8	520.5	28.0	.0	.0	
70.2	61.3	2.2	45.0	468.8	25.0	.0	.0	
70.7	62.3	4.4	123.8	371.3	88.0	.0	.0	
74.2	65.8	5.8	147.5	420.2	68.0	4.0	.0	
73.6	66.4	8.0	217.5	349.9	58.0	3.0	.0	
70.0	65.6	5.5	182.5	313.4	75.0	73.0	.0	
68.8	54.3	6.2	205.0	448.6	24.0	.0	.0	
64.2	52.4	4.6	48.8	353.8	62.0	.0	.0	
65.9	60.3	3.2	90.0	215.9	98.0	1.0	.0	
  10    31    1977
71.0	67.2	6.9	186.3	205.4	93.0	27.0	.0	
74.7	65.3	12.1	233.8	397.0	47.0	22.0	.0	
59.7	40.9	10.3	335.0	456.0	2.0	.0	.0	
55.1	42.4	3.6	108.8	474.1	2.0	.0	.0	
57.4	47.2	6.3	131.3	476.8	3.0	.0	.0	
62.5	49.8	5.1	158.8	408.7	47.0	.0	.0	
62.8	51.1	7.0	37.5	374.1	80.0	.0	.0	
62.4	58.1	5.9	86.3	170.1	98.0	55.0	.0	
66.4	57.1	10.4	221.3	374.8	51.0	71.0	.0	
54.2	42.0	7.2	41.3	359.2	50.0	.0	.0	
57.9	49.8	5.1	101.3	311.8	59.0	.0	.0	
57.2	46.5	6.5	147.5	200.7	85.0	.0	.0	
49.4	36.9	8.1	193.8	320.4	76.0	.0	.0	
53.6	38.5	7.6	318.8	409.5	40.0	.0	.0	
57.5	39.1	8.0	213.8	448.7	27.0	.0	.0	
53.1	37.4	7.6	293.8	345.5	50.0	2.0	.0	
48.6	30.6	5.5	188.8	434.9	14.0	.0	.0	
54.8	38.4	6.6	132.5	391.9	34.0	.0	.0	
57.5	37.7	5.9	178.8	362.8	29.0	.0	.0	
55.6	39.0	5.2	141.3	406.5	2.0	.0	.0	
54.0	42.1	4.4	145.0	351.0	39.0	.0	.0	
56.3	43.4	3.3	126.3	405.1	2.0	.0	.0	
58.3	45.7	5.9	63.8	369.0	43.0	.0	.0	
59.6	48.2	11.1	35.0	230.9	73.0	.0	.0	
61.4	55.9	9.2	33.8	142.0	98.0	386.0	.0	
66.2	59.2	6.7	203.8	222.3	93.0	67.0	.0	
66.9	57.8	5.9	177.5	151.4	98.0	1.0	.0	
68.9	60.1	5.6	142.5	326.6	52.0	8.0	.0	
65.6	54.0	6.8	32.5	307.1	58.0	.0	.0	
60.5	45.6	7.2	47.5	197.7	98.0	.0	.0	
56.0	38.6	9.2	38.8	369.3	34.0	.0	.0	
  11    30    1977
60.0	48.5	11.8	23.8	328.5	56.0	.0	.0	
60.9	56.6	11.6	28.8	149.5	98.0	4.0	.0	
66.6	63.1	8.4	40.0	167.7	98.0	6.0	.0	
69.6	65.3	7.9	47.5	185.4	98.0	5.0	.0	
70.8	66.8	7.9	72.5	153.7	98.0	104.0	.0	
68.7	63.4	5.6	83.8	201.2	81.0	128.0	.0	
63.4	57.0	7.5	197.5	218.4	61.0	.0	.0	
62.4	55.8	5.2	157.5	334.8	16.0	.0	.0	
65.0	58.0	5.1	163.8	241.7	67.0	.0	.0	
56.8	40.7	11.8	215.0	293.9	45.0	1.0	.0	
44.6	21.2	4.1	193.8	323.6	2.0	.0	.0	
43.3	15.5	7.4	202.5	321.0	2.0	.0	.0	
39.9	17.1	7.1	203.8	350.0	2.0	.0	.0	
41.5	23.6	5.5	100.0	332.9	8.0	.0	.0	
47.1	28.1	6.5	181.3	281.8	50.0	.0	.0	
55.4	44.5	7.0	158.8	125.2	87.0	2.0	.0	
61.7	49.5	11.7	237.5	257.4	40.0	33.0	.0	
47.8	29.1	2.7	93.8	331.5	4.0	.0	.0	
49.3	27.8	5.5	93.8	291.0	20.0	.0	.0	
52.4	33.5	6.8	65.0	180.3	84.0	.0	.0	
56.6	44.9	5.8	182.5	135.3	98.0	.0	.0	
58.0	55.2	3.4	150.0	125.1	98.0	30.0	.0	
54.8	53.5	5.5	50.0	133.9	98.0	29.0	.0	
55.8	52.9	3.7	166.3	165.2	94.0	.0	.0	
54.1	51.8	6.9	108.8	108.9	90.0	28.0	.0	
35.7	17.8	9.9	232.5	307.6	2.0	.0	.0	
37.7	21.2	3.7	61.3	243.8	73.0	.0	.0	
45.5	39.9	5.3	156.3	116.1	98.0	47.0	.0	
51.4	47.6	9.8	37.5	146.3	98.0	.0	.0	
49.4	46.8	9.1	35.0	114.4	98.0	26.0	.0	
  12    31    1977
51.9	47.4	7.9	150.0	156.9	89.0	20.0	.0	
46.1	36.9	3.0	112.5	176.8	81.0	.0	.0	
50.3	40.8	10.4	226.3	255.1	46.0	.0	.0	
61.3	55.0	10.5	198.8	135.1	91.0	.0	.0	
60.5	53.9	12.1	198.8	170.0	60.0	67.0	.0	
43.7	26.4	13.8	250.0	260.6	10.0	.0	.0	
27.5	5.1	6.8	163.8	276.0	3.0	.0	.0	
31.5	15.8	2.4	106.3	183.1	42.0	.0	.0	
42.0	22.5	11.1	248.8	228.0	48.0	16.0	.0	
31.1	8.0	7.8	205.0	280.5	2.0	.0	.0	
33.2	12.6	3.4	68.8	283.0	14.0	.0	.0	
33.7	16.5	3.5	148.8	268.9	22.0	.0	.0	
47.0	37.0	4.5	163.8	119.5	96.0	.0	.0	
53.5	51.5	5.3	153.8	108.3	94.0	57.0	.0	
52.9	46.4	4.4	198.8	272.3	6.0	.0	.0	
50.3	44.9	5.7	66.3	169.2	49.0	.0	.0	
52.7	47.5	9.1	42.5	115.1	98.0	.0	.0	
51.8	43.4	3.8	156.3	211.2	47.0	24.0	.0	
46.3	33.8	2.4	85.0	272.0	19.0	.0	.0	
44.9	40.0	8.2	72.5	104.6	98.0	34.0	.0	
40.5	29.1	9.7	230.0	189.8	61.0	.0	.0	
34.7	21.0	6.8	231.3	270.3	3.0	.0	.0	
41.1	28.4	10.8	208.8	154.8	79.0	.0	.0	
46.9	43.1	7.5	146.3	109.2	98.0	76.0	.0	
50.4	36.6	9.9	242.5	262.8	40.0	6.0	.0	
30.2	10.7	6.1	235.0	271.9	2.0	.0	.0	
29.0	15.3	6.4	171.3	226.3	31.0	.0	.0	
28.0	13.0	4.8	210.0	203.0	25.0	.0	.0	
32.5	16.7	2.0	53.8	182.4	55.0	.0	.0	
36.6	31.0	7.4	103.8	123.9	98.0	55.0	.0	
43.2	40.1	5.5	22.5	123.0	98.0	.0	.0	
