   1    31    1962
35.4	34.2	8.6	144.6	101.7	98.0	.0	.0	
33.2	27.0	5.2	189.6	291.8	16.0	.0	.0	
40.5	28.6	7.5	247.5	283.5	2.0	.0	.0	
46.3	33.6	8.1	265.8	125.6	54.0	.0	.0	
45.6	38.5	7.1	97.9	126.9	83.0	.0	.0	
48.9	45.5	13.7	172.1	100.9	85.0	.0	.0	
36.4	29.0	15.4	254.2	138.7	80.0	.0	.0	
37.5	26.9	13.0	252.5	250.8	49.0	.0	.0	
34.7	24.4	5.7	242.9	133.9	90.0	.0	.0	
28.2	19.3	7.8	41.7	158.5	98.0	.0	.0	
21.0	8.0	7.4	80.8	279.8	67.0	.0	.0	
24.6	15.0	5.6	135.4	175.4	48.0	.0	.0	
31.2	12.2	5.2	71.7	308.7	2.0	.0	.0	
34.3	15.0	10.0	69.6	139.5	72.0	.0	.0	
44.7	33.7	11.3	133.8	269.0	50.0	.0	.0	
40.1	25.9	5.2	80.4	306.1	18.0	.0	.0	
40.8	19.5	5.2	90.0	273.8	36.0	.0	.0	
35.9	17.5	9.5	72.5	131.5	95.0	.0	.0	
32.4	30.2	8.7	65.0	95.1	98.0	.0	.0	
34.2	32.9	3.9	137.1	161.6	98.0	.0	.0	
35.8	34.2	5.4	124.6	150.4	98.0	.0	.0	
47.7	47.1	9.3	260.0	138.7	98.0	.0	.0	
56.3	54.6	7.8	167.9	156.4	96.0	.0	.0	
50.7	45.4	10.8	154.6	136.8	98.0	.0	.0	
61.4	59.6	12.6	250.8	118.5	90.0	.0	.0	
62.9	60.2	10.9	240.4	184.5	92.0	.0	.0	
56.0	54.3	9.8	96.7	107.0	98.0	.0	.0	
38.3	35.4	12.3	101.3	151.8	85.0	.0	.0	
44.0	34.7	8.7	267.1	305.4	26.0	.0	.0	
51.5	34.1	11.5	255.0	237.3	36.0	.0	.0	
38.6	22.4	9.3	152.9	355.9	2.0	.0	.0	
   2    28    1962
49.6	33.2	9.6	256.7	272.3	30.0	.0	.0	
45.7	35.0	7.5	100.0	292.9	35.0	.0	.0	
51.7	37.9	6.6	165.8	348.3	2.0	.0	.0	
58.0	40.0	7.5	255.0	356.9	17.0	.0	.0	
57.4	48.3	11.0	210.0	185.2	73.0	.0	.0	
37.5	13.6	11.0	85.0	380.4	2.0	.0	.0	
30.4	10.4	5.4	128.3	317.5	48.0	.0	.0	
36.7	24.0	4.5	204.2	146.6	95.0	.0	.0	
42.3	38.6	7.5	130.0	128.8	75.0	.0	.0	
42.1	25.1	13.2	21.3	377.0	10.0	.0	.0	
35.2	15.1	6.4	155.8	263.3	57.0	.0	.0	
50.4	30.6	7.7	195.8	388.6	10.0	.0	.0	
42.3	32.6	7.1	74.6	258.1	36.0	.0	.0	
53.0	35.9	6.3	165.0	261.1	79.0	.0	.0	
49.8	28.7	7.6	83.8	249.0	83.0	.0	.0	
44.7	38.2	8.3	82.9	213.8	71.0	.0	.0	
45.9	37.0	7.0	112.9	400.2	13.0	.0	.0	
43.9	41.5	9.4	71.7	123.0	95.0	.0	.0	
53.7	40.2	11.6	188.8	313.8	55.0	.0	.0	
49.6	26.4	7.4	130.0	387.9	43.0	.0	.0	
41.3	35.8	6.6	87.5	113.8	98.0	.0	.0	
49.2	48.8	7.2	210.0	162.6	98.0	.0	.0	
61.3	58.3	8.5	168.3	174.7	98.0	.0	.0	
64.2	48.7	9.3	166.3	381.8	33.0	.0	.0	
42.3	35.6	12.5	72.5	146.6	75.0	.0	.0	
44.6	44.1	6.0	154.2	162.1	98.0	.0	.0	
60.3	56.0	7.4	249.2	369.3	64.0	.0	.0	
64.0	56.6	12.7	192.5	163.7	68.0	.0	.0	
   3    31    1962
48.4	38.4	10.0	72.1	191.6	98.0	.0	.0	
38.0	20.1	14.1	72.5	219.2	98.0	.0	.0	
34.5	13.4	13.8	75.0	203.1	98.0	.0	.0	
38.9	27.6	6.5	59.6	223.2	98.0	.0	.0	
40.0	27.6	10.7	182.1	400.3	70.0	.0	.0	
35.9	17.9	14.5	223.3	232.5	49.0	.0	.0	
44.4	28.6	13.1	32.5	432.4	28.0	.0	.0	
38.5	24.8	6.6	85.4	222.0	76.0	.0	.0	
35.5	34.6	5.5	103.8	240.5	98.0	.0	.0	
43.7	40.4	6.5	137.1	261.2	98.0	.0	.0	
43.3	42.9	12.9	70.0	138.0	98.0	.0	.0	
52.4	34.6	14.0	219.6	430.8	48.0	.0	.0	
50.8	26.5	15.2	260.8	504.9	5.0	.0	.0	
46.2	28.2	6.5	189.6	330.6	92.0	.0	.0	
48.2	33.4	4.7	175.0	263.4	93.0	.0	.0	
48.2	22.3	10.0	157.1	501.4	30.0	.0	.0	
43.2	20.2	11.3	67.9	542.8	2.0	.0	.0	
46.5	21.1	6.7	162.9	534.1	2.0	.0	.0	
53.2	31.4	9.6	221.7	308.2	75.0	.0	.0	
56.2	47.4	6.5	187.1	276.2	91.0	.0	.0	
62.6	49.5	13.7	245.4	503.3	37.0	.0	.0	
53.8	39.7	8.9	72.9	354.8	81.0	.0	.0	
52.5	42.5	6.1	97.5	308.5	69.0	.0	.0	
57.7	43.4	5.9	167.9	494.8	30.0	.0	.0	
53.5	45.3	9.5	70.4	237.7	85.0	.0	.0	
46.4	43.0	12.9	108.3	202.2	79.0	.0	.0	
54.9	34.8	8.3	189.6	570.4	2.0	.0	.0	
57.0	29.8	5.2	131.3	561.9	7.0	.0	.0	
60.1	41.6	7.1	184.2	482.4	61.0	.0	.0	
64.2	53.1	6.4	209.6	359.9	84.0	.0	.0	
61.2	60.4	8.8	198.3	181.6	96.0	.0	.0	
   4    30    1962
54.3	37.6	15.0	274.6	552.9	32.0	.0	.0	
46.3	22.1	8.6	229.6	585.6	3.0	.0	.0	
46.1	25.8	5.1	88.8	465.5	30.0	.0	.0	
49.8	29.1	5.7	108.8	597.3	9.0	.0	.0	
49.9	37.6	5.5	97.9	229.6	93.0	.0	.0	
52.4	51.5	9.0	76.7	208.7	98.0	.0	.0	
62.5	58.2	9.1	220.0	312.2	97.0	.0	.0	
62.7	52.8	7.7	203.3	494.3	47.0	.0	.0	
64.8	40.2	12.3	227.5	611.0	9.0	.0	.0	
61.2	38.9	7.1	112.1	305.1	82.0	.0	.0	
57.4	54.1	7.2	125.0	172.4	98.0	.0	.0	
60.6	58.4	8.0	185.4	212.4	85.0	.0	.0	
51.3	28.6	15.8	276.7	612.9	2.0	.0	.0	
49.8	25.3	7.7	227.1	639.6	18.0	.0	.0	
49.8	31.3	12.3	150.4	573.1	34.0	.0	.0	
45.9	22.4	8.5	65.0	644.0	2.0	.0	.0	
48.1	26.1	5.0	123.8	451.1	42.0	.0	.0	
57.3	31.9	8.1	225.8	552.0	31.0	.0	.0	
63.7	28.7	11.7	249.2	637.5	3.0	.0	.0	
56.1	21.0	11.2	74.6	671.3	2.0	.0	.0	
55.3	28.9	6.1	163.8	645.0	2.0	.0	.0	
66.2	35.5	9.7	262.1	611.1	2.0	.0	.0	
70.8	47.9	10.2	236.7	505.4	43.0	.0	.0	
64.8	41.4	6.8	116.3	540.8	67.0	.0	.0	
66.4	54.2	5.2	192.1	372.1	79.0	.0	.0	
67.8	56.7	5.0	135.4	516.7	47.0	.0	.0	
68.5	57.4	3.8	146.3	447.4	25.0	.0	.0	
69.2	61.0	6.2	202.9	370.1	71.0	.0	.0	
69.4	61.0	7.8	223.8	442.8	58.0	.0	.0	
76.0	64.5	5.8	207.9	613.8	15.0	.0	.0	
   5    31    1962
77.6	59.9	9.7	251.7	460.7	43.0	.0	.0	
72.7	46.8	9.8	168.3	673.6	11.0	.0	.0	
66.7	40.3	5.6	137.1	652.8	8.0	.0	.0	
68.5	45.8	4.7	147.9	441.3	54.0	.0	.0	
70.3	47.2	8.5	87.9	578.1	38.0	.0	.0	
74.2	45.7	8.2	269.2	585.1	21.0	.0	.0	
75.0	52.7	5.5	142.5	576.6	46.0	.0	.0	
78.1	56.5	7.8	231.3	588.7	55.0	.0	.0	
75.6	59.1	6.2	121.7	417.6	70.0	.0	.0	
60.7	58.2	7.0	73.3	293.8	96.0	.0	.0	
71.2	62.1	7.7	201.3	450.6	77.0	.0	.0	
70.3	63.7	5.3	89.6	409.7	62.0	.0	.0	
75.2	63.9	7.1	197.1	641.7	42.0	.0	.0	
75.4	63.3	7.7	192.1	615.4	33.0	.0	.0	
78.1	62.4	8.7	119.6	535.2	38.0	.0	.0	
77.0	58.9	7.2	86.7	589.8	53.0	.0	.0	
77.4	61.9	6.1	150.8	622.8	42.0	.0	.0	
82.1	62.8	6.0	100.8	592.3	67.0	.0	.0	
82.0	61.9	6.1	156.7	605.0	50.0	.0	.0	
81.6	60.2	6.5	179.2	625.3	38.0	.0	.0	
79.7	63.6	6.0	175.8	539.4	28.0	.0	.0	
81.0	62.0	4.2	57.9	578.1	50.0	.0	.0	
79.9	64.0	7.5	141.7	574.1	73.0	.0	.0	
78.2	61.1	7.4	195.8	637.9	50.0	.0	.0	
81.1	59.3	7.0	225.4	638.3	35.0	.0	.0	
81.8	61.3	7.5	172.1	650.9	33.0	.0	.0	
84.1	60.1	6.6	195.0	644.6	51.0	.0	.0	
76.1	67.6	8.0	65.4	435.5	86.0	.0	.0	
71.1	66.0	7.2	42.9	315.8	79.0	.0	.0	
74.0	65.9	7.1	109.2	475.7	68.0	.0	.0	
73.0	66.6	6.3	137.9	355.0	90.0	.0	.0	
   6    30    1962
74.2	66.7	5.1	159.6	482.0	75.0	.0	.0	
74.7	67.2	6.2	160.4	493.0	87.0	.0	.0	
73.7	68.0	5.5	144.2	382.0	79.0	.0	.0	
73.3	69.4	6.8	82.9	324.6	96.0	.0	.0	
74.2	69.6	5.0	184.2	347.5	94.0	.0	.0	
76.2	64.6	7.6	102.1	628.5	31.0	.0	.0	
71.8	64.4	9.3	37.9	310.7	75.0	.0	.0	
73.7	59.3	7.1	69.6	570.2	66.0	.0	.0	
75.1	63.3	7.0	103.3	424.4	80.0	.0	.0	
74.9	63.1	4.9	122.1	461.6	71.0	.0	.0	
74.5	69.3	6.1	210.4	300.2	96.0	.0	.0	
73.4	70.5	8.1	201.3	393.5	97.0	.0	.0	
73.5	69.8	5.1	151.3	360.6	92.0	.0	.0	
72.5	68.1	5.9	58.8	389.8	87.0	.0	.0	
73.5	65.2	6.6	51.3	520.4	48.0	.0	.0	
75.7	64.2	5.9	83.3	630.9	25.0	.0	.0	
78.7	67.9	5.5	192.9	584.6	43.0	.0	.0	
81.5	68.8	5.7	225.0	630.8	28.0	.0	.0	
81.5	68.8	7.5	197.9	660.2	29.0	.0	.0	
73.3	69.4	5.2	233.3	245.6	86.0	.0	.0	
76.1	66.7	4.8	135.4	644.1	30.0	.0	.0	
78.4	68.4	4.3	146.7	621.4	49.0	.0	.0	
76.8	69.5	4.2	136.7	537.7	55.0	.0	.0	
80.0	67.1	7.5	158.3	598.2	20.0	.0	.0	
80.9	64.7	5.2	113.3	679.8	20.0	.0	.0	
76.2	66.4	6.0	98.3	506.4	55.0	.0	.0	
70.5	68.5	7.3	86.3	254.7	98.0	.0	.0	
68.2	62.3	10.3	61.7	275.5	98.0	.0	.0	
71.5	57.9	7.5	54.2	647.5	39.0	.0	.0	
73.5	59.7	5.9	148.8	614.5	56.0	.0	.0	
   7    31    1962
80.0	63.4	5.9	141.7	651.4	47.0	.0	.0	
78.5	67.5	4.8	164.6	669.4	32.0	.0	.0	
78.9	70.1	8.0	183.8	511.2	73.0	.0	.0	
78.0	71.4	7.5	137.9	576.4	54.0	.0	.0	
73.8	67.2	4.9	84.2	308.8	81.0	.0	.0	
75.3	70.1	3.9	135.0	293.9	92.0	.0	.0	
77.4	72.8	4.9	153.8	334.9	91.0	.0	.0	
78.5	73.9	5.0	217.1	338.0	89.0	.0	.0	
81.2	66.5	9.0	165.4	643.2	38.0	.0	.0	
77.2	63.5	5.8	92.5	681.7	10.0	.0	.0	
80.6	68.7	6.3	149.6	522.8	57.0	.0	.0	
78.9	72.3	5.2	224.6	388.0	73.0	.0	.0	
80.7	69.7	4.5	135.4	670.6	18.0	.0	.0	
83.7	70.4	4.4	185.4	653.1	48.0	.0	.0	
86.6	69.9	4.5	195.4	631.4	27.0	.0	.0	
84.9	73.1	6.7	180.0	459.1	48.0	.0	.0	
80.4	71.5	6.0	84.2	488.6	57.0	.0	.0	
78.5	72.4	4.2	134.6	404.4	89.0	.0	.0	
78.9	67.4	5.6	78.3	632.8	28.0	.0	.0	
79.9	70.0	5.7	127.9	617.0	37.0	.0	.0	
84.4	68.9	7.0	259.6	594.6	33.0	.0	.0	
82.4	62.5	5.6	129.6	641.1	19.0	.0	.0	
84.2	62.3	7.6	253.3	635.0	38.0	.0	.0	
83.4	66.7	5.2	195.0	556.0	75.0	.0	.0	
75.4	72.7	7.7	245.4	276.5	94.0	.0	.0	
79.8	64.6	7.0	266.7	611.0	25.0	.0	.0	
70.8	55.0	5.9	87.9	681.4	10.0	.0	.0	
73.8	60.1	3.5	76.3	494.0	50.0	.0	.0	
76.4	70.5	4.0	132.5	409.6	88.0	.0	.0	
78.0	73.4	4.3	161.3	429.2	74.0	.0	.0	
79.5	68.4	6.7	100.0	540.8	36.0	.0	.0	
   8    31    1962
80.4	65.3	4.8	94.2	574.2	34.0	.0	.0	
77.7	68.4	7.6	60.4	467.7	88.0	.0	.0	
74.1	70.7	5.9	92.9	285.3	94.0	.0	.0	
77.7	73.3	4.5	91.3	416.3	76.0	.0	.0	
81.3	72.4	4.0	152.9	544.4	65.0	.0	.0	
81.6	70.2	5.4	148.8	627.3	22.0	.0	.0	
80.0	69.5	6.3	165.0	504.6	58.0	.0	.0	
78.7	68.4	5.7	136.7	507.8	56.0	.0	.0	
80.8	63.9	8.2	65.4	569.9	7.0	.0	.0	
76.4	60.5	6.7	64.6	588.7	10.0	.0	.0	
73.5	61.5	6.5	100.0	550.3	38.0	.0	.0	
74.7	64.3	4.4	102.5	519.3	45.0	.0	.0	
76.8	66.5	5.7	207.5	399.6	60.0	.0	.0	
76.2	67.6	6.5	190.4	534.3	58.0	.0	.0	
75.7	70.0	6.2	124.2	473.6	63.0	.0	.0	
76.3	71.1	4.9	209.6	388.7	68.0	.0	.0	
76.4	69.4	4.6	161.7	503.6	60.0	.0	.0	
77.3	68.4	4.1	95.0	568.2	18.0	.0	.0	
79.5	70.5	4.7	110.8	565.9	30.0	.0	.0	
82.0	71.4	5.7	238.8	577.9	6.0	.0	.0	
77.8	70.5	5.7	193.3	357.3	53.0	.0	.0	
78.4	69.7	5.6	135.4	502.5	62.0	.0	.0	
74.2	68.9	7.7	55.4	264.5	91.0	.0	.0	
72.4	63.7	8.8	62.1	478.5	48.0	.0	.0	
74.6	64.1	7.8	63.3	499.6	38.0	.0	.0	
76.3	67.2	7.5	58.3	431.4	52.0	.0	.0	
77.3	68.1	7.2	60.0	498.6	23.0	.0	.0	
79.1	65.6	4.2	118.8	536.0	13.0	.0	.0	
78.0	60.7	4.8	102.5	611.0	2.0	.0	.0	
79.6	60.2	5.2	91.3	568.9	17.0	.0	.0	
78.0	62.7	3.2	121.7	492.8	31.0	.0	.0	
   9    30    1962
78.6	62.9	4.1	180.4	558.5	14.0	.0	.0	
81.0	63.9	5.9	227.1	561.2	25.0	.0	.0	
82.1	66.7	4.9	173.3	404.4	59.0	.0	.0	
80.1	71.7	5.4	107.5	433.3	60.0	.0	.0	
80.0	70.5	6.0	165.0	421.5	57.0	.0	.0	
71.1	63.7	8.4	80.8	281.1	78.0	.0	.0	
63.5	57.0	6.7	68.3	188.0	98.0	.0	.0	
70.3	61.3	9.1	64.6	306.4	88.0	.0	.0	
73.5	69.0	6.8	57.9	235.0	86.0	.0	.0	
80.0	70.9	4.6	158.3	416.3	78.0	.0	.0	
80.6	69.8	4.5	158.8	435.4	53.0	.0	.0	
80.0	60.4	6.2	101.3	536.3	14.0	.0	.0	
79.5	60.2	3.9	167.5	508.7	27.0	.0	.0	
79.7	68.9	5.1	195.8	352.9	75.0	.0	.0	
78.3	67.7	6.3	66.3	382.6	78.0	.0	.0	
69.8	68.6	6.4	90.8	184.6	98.0	.0	.0	
69.9	67.2	4.2	116.7	297.3	87.0	.0	.0	
72.3	54.1	6.6	81.3	481.7	13.0	.0	.0	
68.6	53.8	5.6	77.9	496.7	10.0	.0	.0	
67.1	52.7	8.9	63.8	461.4	26.0	.0	.0	
57.8	44.1	8.0	73.3	546.1	3.0	.0	.0	
60.9	50.2	7.5	67.5	268.5	75.0	.0	.0	
64.9	54.1	8.4	72.9	487.7	37.0	.0	.0	
62.1	52.5	5.5	105.4	360.6	52.0	.0	.0	
65.6	56.5	4.6	224.6	346.8	60.0	.0	.0	
66.3	63.9	4.8	165.4	172.1	98.0	.0	.0	
64.3	51.5	8.0	95.8	426.1	43.0	.0	.0	
59.5	43.3	6.1	170.8	475.4	7.0	.0	.0	
59.8	45.8	3.0	136.7	473.6	4.0	.0	.0	
62.4	49.2	3.7	111.3	442.7	24.0	.0	.0	
  10    31    1962
65.7	53.6	6.9	66.7	439.0	37.0	.0	.0	
65.3	63.1	7.8	65.4	121.4	98.0	.0	.0	
63.7	62.8	7.7	73.3	141.5	98.0	.0	.0	
66.9	65.7	4.1	60.0	248.7	86.0	.0	.0	
69.5	61.2	2.6	88.8	400.9	38.0	.0	.0	
68.6	58.6	4.8	180.0	271.4	67.0	.0	.0	
72.5	63.4	8.1	241.7	401.4	51.0	.0	.0	
74.2	66.7	9.7	252.9	394.6	30.0	.0	.0	
69.5	52.8	8.0	105.0	451.3	3.0	.0	.0	
71.2	52.8	5.6	167.9	457.1	2.0	.0	.0	
69.4	57.5	5.4	268.3	429.8	21.0	.0	.0	
70.4	56.4	4.7	228.3	450.2	5.0	.0	.0	
72.5	58.9	2.9	145.4	381.2	38.0	.0	.0	
71.9	60.8	4.7	82.2	340.2	49.0	.0	.0	
70.1	61.7	4.2	53.8	386.4	10.0	.0	.0	
69.9	63.0	4.7	136.7	325.6	42.0	.0	.0	
70.6	61.5	6.9	116.3	395.8	13.0	.0	.0	
63.9	45.7	9.3	38.3	402.0	11.0	.0	.0	
60.0	41.3	8.4	30.8	420.8	2.0	.0	.0	
62.6	45.2	7.1	219.6	419.2	3.0	.0	.0	
65.7	58.0	8.3	251.3	194.0	80.0	40.0	.0	
61.3	51.8	6.7	149.2	383.6	12.0	.0	.0	
59.7	41.5	10.6	231.3	370.3	3.0	.0	.0	
47.0	23.8	8.3	187.1	392.9	2.0	.0	.0	
46.8	24.3	8.4	206.3	372.3	28.0	.0	.0	
42.4	18.6	5.9	139.6	401.2	18.0	.0	.0	
43.4	19.4	6.0	205.0	410.4	2.0	.0	.0	
55.6	34.4	8.9	239.2	360.5	18.0	.0	.0	
64.0	46.6	5.4	181.7	296.7	78.0	.0	.0	
62.9	48.0	7.8	149.2	341.0	41.0	.0	.0	
52.3	46.1	7.4	68.8	188.9	58.0	12.0	.0	
  11    30    1962
47.7	34.1	4.9	130.0	343.7	40.0	.0	.0	
47.8	34.1	10.1	40.4	320.8	57.0	.0	.0	
48.4	38.7	7.0	77.9	159.8	79.0	.0	.0	
49.7	37.1	7.6	215.8	246.0	60.0	.0	.0	
44.2	29.0	10.6	225.8	337.0	33.0	.0	.0	
43.7	28.0	3.6	148.8	353.9	2.0	.0	.0	
47.6	31.5	3.8	151.3	309.4	53.0	.0	.0	
53.4	42.2	6.2	70.8	144.8	98.0	4.0	.0	
51.7	48.5	13.3	101.3	91.3	98.0	280.0	.0	
53.1	40.8	13.3	267.9	331.0	25.0	.0	.0	
56.4	36.3	7.2	215.0	343.1	2.0	.0	.0	
49.7	41.5	8.6	37.1	145.5	85.0	.0	.0	
51.1	36.3	7.9	150.8	328.8	5.0	.0	.0	
50.2	30.6	5.5	195.0	327.4	2.0	.0	.0	
54.9	34.8	6.7	213.3	262.0	63.0	.0	.0	
59.8	43.9	9.7	250.8	171.3	95.0	.0	.0	
62.5	58.8	10.3	231.7	95.0	98.0	9.0	.0	
59.5	50.3	12.1	143.3	231.0	55.0	40.0	.0	
45.1	37.4	6.5	41.3	133.5	85.0	.0	.0	
47.9	44.7	4.4	209.2	128.5	98.0	5.0	.0	
53.8	52.3	3.4	162.1	87.9	98.0	105.0	.0	
54.2	33.2	9.8	256.7	312.7	19.0	.0	.0	
47.7	23.1	5.8	207.9	311.5	9.0	.0	.0	
54.1	29.0	6.2	143.8	256.7	70.0	.0	.0	
46.4	33.0	7.9	53.8	141.1	78.0	4.0	.0	
41.1	25.8	10.0	37.9	297.5	2.0	.0	.0	
51.9	30.2	15.3	48.3	213.1	54.0	.0	.0	
53.5	43.1	16.5	51.3	106.3	98.0	.0	.0	
58.1	45.7	16.9	48.3	244.7	63.0	.0	.0	
57.4	28.9	14.6	45.8	248.7	45.0	.0	.0	
  12    31    1962
56.5	31.0	10.2	34.2	286.9	2.0	.0	.0	
55.4	24.8	7.3	27.9	289.8	23.0	.0	.0	
57.1	38.7	11.3	42.5	119.9	73.0	.0	.0	
54.1	50.3	5.5	97.1	125.5	68.0	53.0	.0	
47.2	42.8	5.9	219.6	103.4	94.0	13.0	.0	
33.7	16.1	13.2	275.0	231.5	19.0	.0	.0	
36.4	18.0	11.7	247.9	284.6	15.0	.0	.0	
42.7	34.0	7.4	212.9	146.4	67.0	3.0	.0	
34.6	14.8	10.9	263.3	259.6	9.0	.0	.0	
29.4	6.3	9.5	240.4	285.4	5.0	.0	.0	
30.3	10.1	10.8	208.8	100.3	76.0	.0	.0	
14.6	-3.8	10.1	184.2	293.2	2.0	.0	.0	
21.0	-2.2	9.9	262.9	229.4	34.0	.0	.0	
32.1	9.7	5.6	217.9	269.2	3.0	.0	.0	
34.5	16.1	8.9	146.3	246.7	50.0	.0	.0	
46.4	36.3	6.0	181.3	184.4	81.0	.0	.0	
47.2	33.0	5.9	210.8	270.8	25.0	.0	.0	
53.5	33.4	6.3	143.3	274.9	2.0	.0	.0	
54.2	38.4	7.1	232.5	177.0	62.0	.0	.0	
52.7	43.6	5.3	128.3	111.9	73.0	.0	.0	
36.6	32.3	10.5	59.6	73.5	98.0	17.0	.0	
38.5	35.7	6.2	178.3	154.8	84.0	44.0	.0	
42.6	31.5	5.7	124.6	274.4	35.0	.0	.0	
37.4	19.2	11.7	47.9	111.4	65.0	7.0	.0	
33.6	31.7	7.4	65.4	76.1	98.0	112.0	.0	
39.9	37.6	3.8	160.4	150.9	86.0	.0	.0	
45.0	42.7	5.6	98.8	114.3	92.0	.0	.0	
43.1	39.0	4.7	90.8	151.8	85.0	.0	.0	
42.6	37.2	10.0	136.3	84.9	82.0	89.0	.0	
41.7	15.3	13.1	201.3	287.9	2.0	.0	.0	
36.9	10.4	7.6	142.1	266.5	7.0	.0	.0	
