   1    31    1972
43.0	39.1	3.8	63.8	186.1	18.0	.0	.0	
43.1	38.3	10.0	221.3	191.6	12.0	.0	.0	
44.9	22.4	9.9	120.0	218.6	7.0	.0	.0	
43.3	24.7	6.4	103.8	195.3	39.0	.0	.0	
39.3	34.9	4.8	120.0	208.2	32.0	.0	.0	
39.7	37.4	4.1	87.5	173.5	67.0	.0	.0	
44.3	42.3	6.5	145.0	102.6	92.0	.0	.0	
42.2	36.5	5.4	88.8	103.9	65.0	.0	.0	
43.7	42.1	3.0	95.0	151.0	65.0	.0	.0	
43.4	41.7	4.5	140.0	132.8	86.0	.0	.0	
46.2	46.0	4.6	111.3	94.7	98.0	.0	.0	
48.7	48.7	7.2	278.8	120.1	98.0	.0	.0	
44.2	41.4	7.4	268.8	209.2	35.0	.0	.0	
39.9	37.2	3.4	91.3	225.0	2.0	.0	.0	
45.3	38.9	3.0	42.5	229.1	2.0	.0	.0	
43.7	40.1	3.5	126.3	173.0	63.0	.0	.0	
47.5	46.2	4.5	112.5	104.6	98.0	.0	.0	
50.5	50.1	6.5	160.0	126.6	98.0	.0	.0	
54.6	49.2	11.1	162.5	114.5	98.0	.0	.0	
55.2	51.0	11.0	183.8	121.7	98.0	.0	.0	
54.2	53.3	12.1	181.3	112.2	98.0	.0	.0	
53.5	52.7	16.0	203.8	109.3	98.0	.0	.0	
46.1	41.0	11.4	215.0	146.4	75.0	.0	.0	
44.0	38.4	8.9	141.3	162.1	67.0	.0	.0	
40.0	36.5	7.7	181.3	164.9	86.0	.0	.0	
35.9	32.7	10.0	123.8	164.8	91.0	.0	.0	
37.5	34.9	7.5	167.5	210.0	81.0	.0	.0	
38.6	33.1	6.1	63.8	148.1	62.0	.0	.0	
39.8	27.7	3.2	60.0	275.7	2.0	.0	.0	
38.1	29.8	5.5	140.0	284.1	2.0	.0	.0	
36.9	32.1	6.5	182.5	240.2	28.0	.0	.0	
   2    29    1972
39.2	27.7	6.2	148.8	283.2	2.0	.0	.0	
41.5	25.5	6.0	127.5	195.7	73.0	.0	.0	
49.3	37.2	3.9	100.0	140.0	98.0	.0	.0	
49.8	47.0	4.8	72.5	146.9	98.0	.0	.0	
48.9	45.6	3.5	108.8	175.8	96.0	.0	.0	
48.5	46.7	5.4	137.5	126.4	86.0	.0	.0	
46.1	42.3	4.8	118.8	216.5	79.0	.0	.0	
47.8	43.4	4.1	112.5	197.0	68.0	.0	.0	
44.7	39.0	5.1	120.0	317.1	5.0	.0	.0	
41.5	39.9	3.0	135.0	205.2	68.0	.0	.0	
47.0	45.0	5.6	140.0	224.2	94.0	.0	.0	
47.1	43.2	3.2	78.8	157.2	81.0	.0	.0	
48.3	46.9	7.8	210.0	222.0	88.0	.0	.0	
47.5	45.9	5.1	93.8	143.0	98.0	.0	.0	
50.5	49.0	3.8	117.5	187.3	98.0	.0	.0	
52.7	49.8	2.0	86.3	254.5	86.0	.0	.0	
50.3	48.9	4.9	173.8	152.9	89.0	.0	.0	
50.1	48.1	4.2	88.8	186.7	95.0	.0	.0	
54.7	48.0	13.2	201.3	162.0	98.0	.0	.0	
49.0	45.9	4.2	132.5	284.7	63.0	.0	.0	
49.4	41.3	15.0	155.0	215.0	83.0	.0	.0	
46.0	42.0	14.3	151.3	154.5	92.0	.0	.0	
48.4	45.3	9.5	137.5	175.0	98.0	.0	.0	
47.2	44.1	8.5	182.5	198.9	98.0	.0	.0	
47.4	44.6	8.7	112.5	168.5	93.0	.0	.0	
56.2	54.0	6.5	175.0	193.0	98.0	.0	.0	
57.9	54.5	10.9	173.8	152.2	98.0	.0	.0	
55.6	53.1	9.8	191.3	183.9	98.0	.0	.0	
47.6	43.0	6.8	165.0	246.2	73.0	.0	.0	
   3    31    1972
48.5	45.9	7.9	142.5	176.4	98.0	.0	.0	
55.0	54.1	11.1	187.5	192.1	98.0	.0	.0	
52.4	50.7	4.1	210.0	243.6	98.0	.0	.0	
53.5	51.8	2.0	83.8	186.2	98.0	.0	.0	
51.4	49.4	3.6	137.5	343.8	86.0	.0	.0	
53.3	51.2	6.7	226.3	246.4	95.0	.0	.0	
52.0	50.1	3.8	172.5	361.2	50.0	.0	.0	
53.4	51.0	6.5	225.0	329.8	86.0	.0	.0	
58.2	50.2	12.0	143.8	178.2	87.0	.0	.0	
58.1	51.2	8.4	142.5	190.1	95.0	.0	.0	
56.6	53.8	2.0	67.5	226.0	88.0	.0	.0	
57.8	55.6	8.6	136.3	254.1	96.0	.0	.0	
54.0	53.0	3.5	168.8	238.1	88.0	.0	.0	
51.4	49.6	4.8	91.3	312.3	93.0	.0	.0	
53.8	51.3	2.6	83.8	281.0	75.0	.0	.0	
53.9	51.5	2.0	77.5	418.3	52.0	.0	.0	
51.7	51.7	3.9	173.8	206.7	98.0	.0	.0	
53.4	51.5	8.4	245.0	368.0	75.0	.0	.0	
50.8	48.0	5.4	171.3	387.4	55.0	.0	.0	
51.1	49.9	4.5	117.5	335.0	91.0	.0	.0	
56.1	52.3	6.3	145.0	226.3	98.0	.0	.0	
50.3	49.9	8.0	192.5	218.9	90.0	.0	.0	
47.4	43.5	3.5	123.8	437.2	85.0	.0	.0	
46.9	45.6	8.1	158.8	204.3	97.0	.0	.0	
41.0	37.0	6.8	140.0	410.8	42.0	.0	.0	
43.4	36.9	8.2	182.5	495.1	31.0	.0	.0	
44.6	39.8	8.2	197.5	512.8	20.0	.0	.0	
47.3	42.9	6.6	170.0	439.7	62.0	.0	.0	
45.2	40.6	5.9	180.0	546.7	13.0	.0	.0	
46.7	43.6	4.2	117.5	454.7	80.0	.0	.0	
50.7	48.9	2.0	80.0	242.5	98.0	.0	.0	
   4    30    1972
54.1	52.9	2.9	80.0	243.5	98.0	.0	.0	
53.5	53.2	3.6	153.8	278.5	98.0	.0	.0	
55.9	54.0	4.3	173.8	233.6	98.0	.0	.0	
61.1	52.8	6.8	85.0	379.2	91.0	.0	.0	
57.9	50.0	15.7	186.3	245.6	98.0	.0	.0	
53.1	47.1	9.9	178.8	273.2	98.0	.0	.0	
50.4	45.6	4.2	145.0	477.9	80.0	.0	.0	
50.0	43.1	7.2	161.3	497.1	69.0	.0	.0	
45.4	39.8	5.7	185.0	426.6	48.0	.0	.0	
48.2	40.4	5.1	151.3	478.7	72.0	.0	.0	
49.5	45.1	6.2	101.3	282.0	98.0	.0	.0	
45.2	42.5	9.8	193.8	299.0	88.0	.0	.0	
47.4	42.7	8.2	171.3	550.5	43.0	.0	.0	
49.7	45.3	9.4	235.0	609.4	2.0	.0	.0	
50.5	47.9	6.8	188.8	488.2	72.0	.0	.0	
48.4	37.6	15.4	348.8	553.7	30.0	.0	.0	
46.2	35.6	13.4	223.8	593.7	5.0	.0	.0	
46.7	34.3	12.4	313.8	619.7	2.0	.0	.0	
46.7	41.0	7.8	196.3	615.7	29.0	.0	.0	
50.7	46.8	7.1	230.0	548.7	67.0	.0	.0	
48.8	45.2	6.5	162.5	482.5	43.0	.0	.0	
45.1	41.7	3.8	172.5	624.8	19.0	.0	.0	
52.5	41.9	9.6	115.0	283.0	98.0	.0	.0	
50.0	46.6	8.1	185.0	417.9	85.0	.0	.0	
48.7	44.0	8.9	211.3	602.5	47.0	.0	.0	
50.0	46.0	5.1	120.0	630.6	29.0	.0	.0	
49.5	47.8	3.8	130.0	275.2	78.0	.0	.0	
47.4	40.9	10.4	228.8	552.2	36.0	.0	.0	
47.0	38.1	12.0	176.3	669.2	4.0	.0	.0	
46.1	41.7	8.9	190.0	662.6	2.0	.0	.0	
   5    31    1972
47.4	44.5	5.8	185.0	613.6	38.0	.0	.0	
48.4	46.6	3.0	100.0	388.3	54.0	.0	.0	
50.3	48.4	4.8	176.3	294.2	98.0	.0	.0	
50.7	49.1	4.6	181.3	316.2	98.0	.0	.0	
50.6	48.1	4.1	198.8	316.1	98.0	.0	.0	
50.7	47.0	2.6	145.0	335.4	98.0	.0	.0	
51.6	48.2	6.2	122.5	335.4	97.0	.0	.0	
53.0	49.2	4.6	175.0	581.5	57.0	.0	.0	
52.3	48.3	9.4	220.0	593.1	57.0	.0	.0	
52.3	48.9	9.4	226.3	599.1	78.0	.0	.0	
51.6	48.6	5.1	157.5	610.5	38.0	.0	.0	
54.7	52.2	2.0	40.0	551.8	56.0	.0	.0	
53.5	52.5	4.1	162.5	300.1	90.0	.0	.0	
53.1	52.0	6.0	232.5	340.7	98.0	.0	.0	
54.9	52.1	2.0	103.8	564.3	87.0	.0	.0	
55.5	53.9	7.5	143.8	332.6	95.0	.0	.0	
51.7	49.1	11.7	285.0	397.6	73.0	.0	.0	
51.6	47.2	11.1	220.0	653.4	54.0	.0	.0	
54.6	49.4	5.9	166.3	527.5	77.0	.0	.0	
54.3	49.9	6.6	120.0	319.0	98.0	.0	.0	
53.2	51.1	2.0	67.5	284.6	98.0	.0	.0	
53.0	51.5	6.6	196.3	360.3	93.0	.0	.0	
52.8	47.8	7.7	290.0	586.0	66.0	.0	.0	
51.0	47.5	8.5	185.0	662.9	39.0	.0	.0	
52.1	49.5	4.8	186.3	488.6	79.0	.0	.0	
53.4	51.4	3.0	95.0	330.8	98.0	.0	.0	
52.7	51.9	2.5	145.0	336.7	98.0	.0	.0	
52.8	52.0	2.2	108.8	349.3	92.0	.0	.0	
54.6	53.0	5.5	207.5	555.9	65.0	.0	.0	
54.7	52.6	5.5	206.3	316.9	98.0	.0	.0	
55.2	52.7	8.1	290.0	573.4	53.0	.0	.0	
   6    30    1972
55.1	53.2	3.5	128.8	407.4	98.0	.0	.0	
54.9	53.3	6.5	222.5	374.4	98.0	.0	.0	
55.3	52.9	5.6	165.0	433.5	81.0	.0	.0	
55.1	52.9	3.5	175.0	318.1	98.0	.0	.0	
56.5	54.5	4.5	165.0	365.8	91.0	.0	.0	
55.8	53.9	6.1	181.3	317.9	98.0	.0	.0	
56.6	53.6	7.2	206.3	365.4	98.0	.0	.0	
56.8	54.3	3.5	147.5	444.8	98.0	.0	.0	
55.3	51.6	5.6	190.0	364.0	86.0	.0	.0	
54.3	50.1	9.2	156.3	360.5	89.0	.0	.0	
56.7	53.2	7.4	166.3	632.6	41.0	.0	.0	
54.4	51.3	5.3	176.3	627.1	32.0	.0	.0	
55.6	52.8	4.8	195.0	332.6	98.0	.0	.0	
57.6	55.6	6.1	200.0	481.1	91.0	.0	.0	
57.7	54.4	11.1	291.3	543.6	56.0	.0	.0	
56.6	51.9	9.8	245.0	667.1	43.0	.0	.0	
57.4	54.0	7.9	201.3	574.3	48.0	.0	.0	
57.5	53.4	4.3	170.0	741.1	12.0	.0	.0	
57.0	54.0	5.5	152.5	332.5	98.0	.0	.0	
57.8	54.4	4.2	150.0	418.0	86.0	.0	.0	
56.6	53.5	6.5	238.8	460.3	63.0	.0	.0	
56.2	52.4	5.5	203.8	407.8	88.0	.0	.0	
56.3	54.3	6.0	240.0	542.1	67.0	.0	.0	
57.7	53.5	8.2	252.5	651.6	52.0	.0	.0	
57.6	54.1	7.2	203.8	627.5	54.0	.0	.0	
57.2	52.9	6.2	193.8	679.7	37.0	.0	.0	
56.7	53.5	4.5	162.5	362.4	67.0	.0	.0	
57.2	54.9	4.3	167.5	344.9	98.0	.0	.0	
55.9	54.4	4.1	150.0	413.7	98.0	.0	.0	
57.4	54.6	5.2	171.3	584.7	50.0	.0	.0	
   7    31    1972
58.3	53.0	8.2	156.3	644.8	45.0	.0	.0	
56.8	54.7	4.9	170.0	321.3	98.0	.0	.0	
58.4	56.3	6.1	291.3	331.0	98.0	.0	.0	
56.2	55.0	6.7	315.0	368.7	98.0	.0	.0	
55.7	54.7	5.8	256.3	331.6	98.0	.0	.0	
55.4	52.9	6.5	261.3	366.4	88.0	.0	.0	
56.0	52.9	6.1	195.0	608.9	49.0	.0	.0	
56.3	53.6	7.9	235.0	386.0	70.0	.0	.0	
54.5	51.9	7.8	187.5	636.1	20.0	.0	.0	
55.9	53.4	10.2	220.0	614.8	34.0	.0	.0	
59.9	57.4	7.8	163.8	665.7	51.0	.0	.0	
59.5	58.0	8.4	248.8	543.6	83.0	.0	.0	
60.9	59.4	7.2	185.0	535.8	70.0	.0	.0	
59.2	57.0	4.8	158.8	600.7	46.0	.0	.0	
62.1	56.3	7.1	152.5	710.5	4.0	.0	.0	
56.9	56.0	7.2	313.8	302.1	98.0	.0	.0	
58.6	56.6	4.5	233.8	430.3	94.0	.0	.0	
57.5	55.6	4.8	222.5	327.1	96.0	.0	.0	
58.1	54.9	6.5	183.8	425.2	94.0	.0	.0	
59.1	56.0	6.5	200.0	324.7	98.0	.0	.0	
61.2	56.3	4.6	141.3	334.7	98.0	.0	.0	
59.2	56.4	6.4	291.3	336.4	98.0	.0	.0	
57.8	55.6	6.0	205.0	343.2	89.0	.0	.0	
59.3	54.7	6.5	171.3	323.9	98.0	.0	.0	
58.8	54.5	7.5	260.0	324.9	98.0	.0	.0	
58.5	55.0	6.7	210.0	379.3	83.0	.0	.0	
57.7	54.6	6.2	222.5	425.2	63.0	.0	.0	
57.2	55.6	6.3	215.0	309.4	98.0	.0	.0	
56.1	55.6	4.9	222.5	326.8	98.0	.0	.0	
57.6	55.3	9.8	253.8	443.1	84.0	.0	.0	
60.1	55.6	10.1	286.3	481.8	69.0	.0	.0	
   8    31    1972
59.5	56.4	8.4	241.3	422.8	88.0	.0	.0	
58.5	54.1	7.1	185.0	635.7	43.0	.0	.0	
55.2	53.6	6.1	221.3	304.5	98.0	.0	.0	
55.5	53.6	7.6	208.8	327.0	98.0	.0	.0	
57.4	54.8	4.6	160.0	563.4	62.0	.0	.0	
57.9	54.5	3.6	158.8	597.9	30.0	.0	.0	
60.1	56.5	6.1	203.8	549.8	63.0	.0	.0	
59.8	57.1	7.4	226.3	487.2	83.0	.0	.0	
57.1	56.2	6.5	275.0	384.0	95.0	.0	.0	
56.3	55.1	5.9	207.5	376.9	66.0	.0	.0	
56.5	53.2	7.4	205.0	529.6	41.0	.0	.0	
56.2	52.6	8.0	182.5	618.8	23.0	.0	.0	
54.5	51.5	7.7	181.3	591.8	34.0	.0	.0	
57.1	53.0	5.2	142.5	592.5	40.0	.0	.0	
58.9	54.1	7.5	166.3	518.3	70.0	.0	.0	
58.3	53.2	10.4	197.5	341.6	72.0	.0	.0	
56.3	52.3	8.6	203.8	604.1	26.0	.0	.0	
57.6	53.8	5.1	125.0	387.1	87.0	.0	.0	
59.8	55.9	6.3	187.5	340.7	86.0	.0	.0	
64.8	60.5	5.5	182.5	475.6	91.0	.0	.0	
62.9	59.6	6.7	182.5	597.6	21.0	.0	.0	
58.9	55.7	9.3	196.3	543.0	53.0	.0	.0	
60.0	57.6	6.2	180.0	395.9	83.0	.0	.0	
59.9	55.8	8.7	197.5	559.0	20.0	.0	.0	
58.4	55.6	6.8	190.0	475.6	58.0	.0	.0	
57.6	55.0	4.6	128.8	507.3	55.0	.0	.0	
55.2	53.4	6.5	170.0	266.7	79.0	.0	.0	
57.6	55.4	5.2	232.5	276.1	98.0	.0	.0	
57.4	55.6	6.2	190.0	349.6	79.0	.0	.0	
54.8	53.6	2.9	118.8	400.5	57.0	.0	.0	
54.0	51.5	4.9	186.3	528.7	24.0	.0	.0	
   9    30    1972
54.1	51.3	5.1	118.8	448.6	62.0	.0	.0	
57.7	55.1	5.3	190.0	278.6	98.0	.0	.0	
59.5	55.8	4.3	160.0	316.7	94.0	.0	.0	
58.1	55.6	4.8	245.0	256.0	98.0	.0	.0	
58.7	55.0	7.9	235.0	305.0	98.0	.0	.0	
58.4	51.8	7.8	170.0	526.1	35.0	.0	.0	
53.6	48.4	8.7	205.0	452.7	13.0	.0	.0	
54.9	50.2	5.6	152.5	540.8	2.0	.0	.0	
54.6	49.1	8.2	182.5	485.3	15.0	.0	.0	
53.1	44.6	9.1	198.8	555.3	2.0	.0	.0	
50.3	45.7	6.1	148.8	546.7	3.0	.0	.0	
54.1	49.6	8.7	197.5	515.5	52.0	.0	.0	
51.5	49.8	4.8	151.3	385.0	86.0	.0	.0	
49.9	49.3	2.5	116.3	275.1	95.0	.0	.0	
50.6	49.7	3.6	123.8	248.6	98.0	.0	.0	
53.5	51.5	4.0	116.3	257.5	98.0	.0	.0	
54.5	51.8	4.1	90.0	258.5	98.0	.0	.0	
56.1	50.5	5.4	137.5	264.6	98.0	.0	.0	
54.6	50.6	7.8	183.8	439.1	41.0	.0	.0	
51.5	44.6	6.8	177.5	424.4	31.0	.0	.0	
56.4	52.1	6.1	198.8	261.2	77.0	.0	.0	
51.9	47.5	6.1	136.3	444.7	41.0	.0	.0	
53.2	48.3	7.5	210.0	379.1	65.0	.0	.0	
49.2	44.0	7.8	157.5	483.6	20.0	.0	.0	
50.8	47.6	3.2	65.0	196.1	96.0	.0	.0	
56.0	55.6	5.5	230.0	224.7	98.0	.0	.0	
50.9	48.9	3.6	132.5	220.2	73.0	.0	.0	
49.7	46.6	2.6	53.8	340.2	50.0	.0	.0	
58.4	49.8	4.9	107.5	458.2	2.0	.0	.0	
55.5	51.9	5.6	158.8	392.2	44.0	.0	.0	
  10    31    1972
53.6	51.8	4.8	193.8	218.6	98.0	.0	.0	
52.3	51.9	2.5	67.5	232.6	98.0	.0	.0	
53.7	51.4	4.6	136.3	347.8	79.0	.0	.0	
53.7	52.0	5.4	175.0	239.5	96.0	.0	.0	
50.1	49.9	3.5	123.8	196.5	83.0	.0	.0	
60.3	43.3	8.1	175.0	404.9	6.0	.0	.0	
63.1	46.7	7.7	192.5	300.2	45.0	.0	.0	
57.8	50.2	5.8	197.5	244.9	84.0	.0	.0	
58.7	55.2	3.2	113.8	258.6	95.0	.0	.0	
57.3	54.7	6.1	158.8	169.6	98.0	.0	.0	
49.8	47.8	5.5	176.3	172.6	98.0	.0	.0	
57.1	52.0	7.2	105.0	220.8	93.0	.0	.0	
57.1	52.9	5.1	132.5	322.9	73.0	.0	.0	
55.4	51.0	4.3	93.8	252.9	71.0	.0	.0	
56.1	52.0	4.6	142.5	226.6	85.0	.0	.0	
54.6	50.7	4.1	88.8	288.9	68.0	.0	.0	
53.7	50.9	3.6	98.8	295.8	40.0	.0	.0	
50.4	49.0	5.1	177.5	173.0	79.0	.0	.0	
51.6	50.7	5.2	165.0	173.5	98.0	.0	.0	
51.3	48.8	4.9	140.0	178.8	85.0	.0	.0	
52.3	49.7	6.9	222.5	201.5	72.0	.0	.0	
53.5	52.0	7.1	243.8	185.0	98.0	.0	.0	
53.6	50.4	4.1	151.3	292.5	63.0	.0	.0	
55.8	48.6	5.6	166.3	337.0	20.0	.0	.0	
55.5	42.8	7.2	211.3	329.6	17.0	.0	.0	
50.6	44.0	9.5	205.0	317.1	22.0	.0	.0	
44.5	39.2	6.5	156.3	322.7	9.0	.0	.0	
45.3	41.0	6.4	152.5	191.1	69.0	.0	.0	
44.3	39.2	9.7	211.3	304.1	8.0	.0	.0	
43.5	32.6	6.2	135.0	214.2	52.0	.0	.0	
44.1	38.5	4.5	117.5	177.7	89.0	.0	.0	
  11    30    1972
52.9	49.8	8.1	116.3	133.4	97.0	.0	.0	
54.0	49.3	4.5	152.5	230.9	55.0	.0	.0	
58.3	55.0	10.7	181.3	128.5	98.0	.0	.0	
52.7	51.4	4.9	190.0	204.3	72.0	.0	.0	
47.3	42.8	5.2	100.0	263.2	35.0	.0	.0	
50.2	41.2	13.1	145.0	112.4	95.0	.0	.0	
50.1	46.4	5.2	117.5	145.0	91.0	.0	.0	
50.9	44.5	8.0	147.5	240.9	79.0	.0	.0	
53.9	44.7	12.3	153.8	140.2	93.0	.0	.0	
52.4	46.0	9.2	137.5	164.7	98.0	.0	.0	
48.8	44.5	8.4	138.8	188.6	76.0	.0	.0	
51.6	42.9	10.1	140.0	149.9	94.0	.0	.0	
54.1	42.4	15.1	141.3	138.1	95.0	.0	.0	
47.9	40.5	6.8	125.0	217.3	26.0	.0	.0	
49.1	40.0	12.0	126.3	125.4	79.0	.0	.0	
49.5	38.3	9.0	175.0	237.3	32.0	.0	.0	
45.1	39.8	7.8	128.8	215.8	35.0	.0	.0	
50.2	44.9	10.1	183.8	174.8	86.0	.0	.0	
51.1	47.9	9.4	196.3	210.8	63.0	.0	.0	
47.0	41.7	5.5	93.8	150.7	89.0	.0	.0	
48.3	45.7	2.5	31.3	101.0	83.0	.0	.0	
45.6	41.5	6.2	110.0	231.3	25.0	.0	.0	
49.0	43.9	6.0	121.3	156.1	88.0	.0	.0	
46.3	42.8	5.6	133.8	229.0	55.0	.0	.0	
46.3	42.6	4.6	122.5	215.0	45.0	.0	.0	
49.6	47.4	7.5	197.5	139.3	71.0	.0	.0	
47.3	44.5	6.1	136.3	204.1	52.0	.0	.0	
47.4	44.7	6.4	142.5	140.8	82.0	.0	.0	
46.7	43.6	4.6	110.0	215.4	18.0	.0	.0	
43.9	40.9	5.7	156.3	225.4	2.0	.0	.0	
  12    31    1972
46.6	42.3	5.4	98.8	111.7	88.0	.0	.0	
51.0	43.0	7.2	153.8	102.1	98.0	.0	.0	
47.0	41.9	11.0	153.8	112.7	95.0	.0	.0	
39.7	29.0	9.5	128.8	192.5	27.0	.0	.0	
36.9	27.6	10.0	125.0	101.5	67.0	.0	.0	
37.2	32.1	5.8	68.8	101.0	97.0	.0	.0	
34.4	24.6	8.4	183.8	152.1	74.0	.0	.0	
29.2	14.9	8.5	63.8	222.3	13.0	.0	.0	
28.0	16.9	7.4	88.8	89.7	68.0	.0	.0	
31.6	16.8	9.1	70.0	215.4	2.0	.0	.0	
33.2	21.0	6.5	102.5	216.8	30.0	.0	.0	
40.5	34.3	9.5	126.3	104.5	97.0	.0	.0	
37.6	28.6	8.2	147.5	206.4	10.0	.0	.0	
38.3	28.9	5.6	85.0	152.4	67.0	.0	.0	
49.5	32.2	10.8	161.3	95.0	98.0	.0	.0	
57.3	48.4	14.6	146.3	101.5	98.0	.0	.0	
57.8	52.4	10.1	140.0	104.4	98.0	.0	.0	
59.8	52.8	10.4	163.8	82.8	98.0	.0	.0	
56.1	52.5	6.0	146.3	87.3	98.0	.0	.0	
56.9	53.0	6.9	152.5	88.9	98.0	.0	.0	
59.0	53.5	12.2	171.3	97.7	96.0	.0	.0	
53.2	49.0	12.8	190.0	89.9	95.0	.0	.0	
50.4	45.5	8.2	122.5	85.7	88.0	.0	.0	
46.0	41.0	6.7	171.3	189.7	28.0	.0	.0	
49.4	39.3	7.1	121.3	184.0	70.0	.0	.0	
52.6	35.1	6.5	68.8	102.3	98.0	.0	.0	
49.0	41.4	8.6	182.5	114.4	73.0	.0	.0	
43.8	35.8	10.4	202.5	174.4	22.0	.0	.0	
40.6	32.0	7.7	138.8	154.7	51.0	.0	.0	
45.3	36.0	7.9	151.3	160.3	67.0	.0	.0	
42.6	33.7	5.9	152.5	206.1	2.0	.0	.0	
