   1    31    1988
37.8	33.3	6.2	253.1	144.8	90.0	.0	.0	
40.8	36.7	5.4	188.1	120.4	98.0	.0	.0	
48.0	40.8	6.4	188.8	142.1	98.0	.0	.0	
53.3	41.7	8.5	143.1	97.0	98.0	26.0	.0	
52.4	48.1	10.8	276.9	145.6	85.0	16.0	.0	
46.8	42.2	5.7	176.9	200.8	66.0	.0	.0	
45.2	43.4	8.4	221.9	189.1	66.0	.0	.0	
45.9	43.7	5.7	185.6	177.2	93.0	.0	.0	
43.8	43.0	5.2	178.1	147.6	88.0	.0	.0	
42.6	41.4	3.9	197.5	122.6	98.0	.0	.0	
44.8	44.0	6.5	191.9	95.3	88.0	2.0	.0	
43.4	38.4	5.8	215.0	259.1	45.0	.0	.0	
43.6	38.9	7.6	208.8	220.6	77.0	.0	.0	
46.4	39.3	6.7	192.5	199.6	79.0	.0	.0	
48.4	43.6	6.1	226.3	96.1	98.0	5.0	.0	
50.0	42.0	5.7	117.5	154.3	94.0	2.0	.0	
50.8	41.9	13.6	184.4	131.7	98.0	27.0	.0	
45.4	31.9	6.9	185.0	262.9	44.0	3.0	.0	
43.5	34.3	5.4	173.1	220.9	42.0	.0	.0	
42.9	35.6	6.7	229.4	259.8	48.0	.0	.0	
42.5	37.8	5.1	175.0	255.9	53.0	.0	.0	
47.0	35.9	5.6	183.8	280.2	9.0	.0	.0	
46.8	39.4	5.4	145.0	263.6	77.0	.0	.0	
48.7	41.7	5.0	181.9	282.2	17.0	.0	.0	
51.0	42.9	5.6	180.0	268.6	78.0	.0	.0	
52.7	48.1	6.0	200.6	258.8	94.0	.0	.0	
53.2	48.3	5.4	164.4	240.8	90.0	.0	.0	
59.8	43.0	6.8	153.8	230.7	93.0	.0	.0	
55.3	36.8	9.0	249.4	183.7	60.0	.0	.0	
49.1	44.3	5.8	201.9	136.5	94.0	.0	.0	
44.6	40.7	5.2	147.5	132.3	88.0	.0	.0	
   2    29    1988
46.1	36.1	5.0	161.3	293.1	47.0	.0	.0	
45.5	40.3	5.9	184.4	144.5	69.0	4.0	.0	
45.8	38.0	6.1	171.3	331.7	8.0	.0	.0	
44.5	35.6	3.7	117.5	310.5	3.0	.0	.0	
46.5	36.2	4.8	129.4	354.9	2.0	.0	.0	
46.2	37.0	5.7	180.0	310.6	79.0	.0	.0	
48.3	37.6	6.6	177.5	335.2	13.0	.0	.0	
50.8	39.2	5.7	183.8	311.1	53.0	.0	.0	
52.6	41.1	6.0	165.0	335.1	19.0	.0	.0	
53.7	43.2	6.3	161.3	346.2	4.0	.0	.0	
55.5	42.6	7.2	259.4	350.5	2.0	.0	.0	
57.7	40.7	6.0	203.8	354.6	2.0	.0	.0	
55.7	41.7	8.3	200.0	356.0	12.0	.0	.0	
55.0	40.7	6.2	234.4	366.8	21.0	.0	.0	
55.7	40.6	7.1	201.9	340.7	56.0	.0	.0	
53.4	40.1	8.1	201.3	386.1	2.0	.0	.0	
51.3	28.0	6.0	179.4	394.0	8.0	.0	.0	
48.5	32.9	5.8	188.8	396.3	13.0	.0	.0	
51.4	25.7	6.0	113.8	384.2	5.0	.0	.0	
55.3	29.2	7.5	218.8	388.0	37.0	.0	.0	
53.7	34.5	4.0	130.0	297.7	93.0	.0	.0	
55.0	36.8	4.8	145.0	363.5	76.0	.0	.0	
57.8	37.6	5.7	172.5	355.7	71.0	.0	.0	
55.3	43.0	5.4	177.5	318.6	81.0	.0	.0	
59.3	44.3	5.1	170.0	324.0	88.0	.0	.0	
65.0	41.5	6.4	144.4	268.0	98.0	.0	.0	
66.5	51.4	12.0	166.9	239.8	82.0	23.0	.0	
64.8	49.2	14.6	136.9	350.3	92.0	2.0	.0	
59.5	50.5	11.0	187.5	190.4	90.0	8.0	.0	
   3    31    1988
54.0	49.0	7.8	176.9	188.6	93.0	41.0	.0	
51.7	43.4	6.9	210.6	334.6	39.0	.0	.0	
54.2	45.9	7.1	200.0	436.8	58.0	.0	.0	
56.9	50.0	6.3	201.3	406.8	48.0	.0	.0	
58.5	52.5	6.1	176.9	354.9	58.0	.0	.0	
55.1	51.3	5.3	193.1	211.2	96.0	.0	.0	
57.2	49.1	7.3	201.3	404.8	54.0	.0	.0	
61.1	48.1	5.4	188.1	411.3	75.0	.0	.0	
55.2	35.3	13.0	301.9	412.4	36.0	.0	.0	
47.1	29.4	6.9	210.6	501.3	3.0	.0	.0	
50.1	25.4	8.4	243.8	490.3	2.0	.0	.0	
51.3	27.5	9.4	198.1	489.0	15.0	.0	.0	
55.5	29.9	9.3	254.4	511.3	2.0	.0	.0	
56.6	30.3	7.4	211.9	511.1	2.0	.0	.0	
58.0	35.4	9.2	250.0	522.6	2.0	.0	.0	
56.9	35.1	8.5	198.8	503.2	5.0	.0	.0	
61.1	32.8	7.1	234.4	489.8	2.0	.0	.0	
62.9	33.6	6.6	215.0	539.0	2.0	.0	.0	
64.8	34.7	7.4	214.4	508.4	2.0	.0	.0	
65.9	37.6	8.2	210.6	498.7	52.0	.0	.0	
63.4	42.9	9.7	255.6	516.9	38.0	.0	.0	
61.5	41.4	9.2	242.5	510.2	34.0	.0	.0	
60.6	45.7	7.9	225.0	524.6	15.0	.0	.0	
60.2	43.1	6.1	153.1	529.8	19.0	.0	.0	
66.4	44.3	8.1	199.4	540.6	2.0	.0	.0	
69.0	47.9	7.3	226.3	515.3	2.0	.0	.0	
60.1	38.4	10.8	313.8	532.9	20.0	.0	.0	
56.2	29.4	4.9	173.8	581.7	2.0	.0	.0	
61.0	31.4	7.9	184.4	583.5	2.0	.0	.0	
57.3	30.8	8.2	266.9	541.2	38.0	.0	.0	
61.5	26.0	8.9	214.4	555.2	8.0	.0	.0	
   4    30    1988
64.2	29.8	7.8	220.6	566.1	28.0	.0	.0	
64.2	34.6	8.2	215.6	522.8	59.0	.0	.0	
65.0	35.6	9.4	220.0	536.2	78.0	.0	.0	
62.3	48.4	6.8	212.5	361.5	71.0	.0	.0	
67.3	45.4	7.2	182.5	565.9	34.0	.0	.0	
72.3	48.0	7.0	213.1	514.8	92.0	.0	.0	
69.4	47.7	8.3	245.0	504.9	81.0	.0	.0	
60.3	33.4	6.7	246.9	592.7	16.0	.0	.0	
70.2	40.2	7.2	178.1	623.9	2.0	.0	.0	
76.0	39.3	8.7	193.1	535.6	91.0	.0	.0	
77.0	41.1	8.1	210.7	514.2	72.0	.0	.0	
74.2	39.3	8.7	256.9	310.1	96.0	.0	.0	
66.8	42.7	7.3	258.1	266.7	92.0	.0	.0	
54.3	49.4	10.8	256.3	211.7	98.0	25.0	.0	
54.0	46.6	6.3	247.5	347.8	96.0	3.0	.0	
59.8	49.6	8.2	246.9	307.1	98.0	.0	.0	
60.4	50.3	9.6	288.1	392.0	78.0	.0	.0	
63.3	47.5	6.9	300.0	569.0	32.0	.0	.0	
60.6	46.6	8.8	193.1	300.1	98.0	58.0	.0	
57.9	47.0	8.2	263.8	445.2	72.0	.0	.0	
56.5	47.4	7.0	244.4	339.5	89.0	16.0	.0	
57.9	44.6	10.0	308.1	393.0	89.0	.0	.0	
52.6	44.0	8.7	230.6	404.9	68.0	29.0	.0	
60.1	47.5	7.4	230.6	601.2	26.0	.0	.0	
61.4	50.7	6.1	268.1	577.9	16.0	.0	.0	
66.9	51.1	6.2	216.9	541.6	86.0	.0	.0	
67.4	47.5	8.3	273.8	415.5	90.0	.0	.0	
60.5	46.3	10.1	250.0	390.3	74.0	.0	.0	
64.8	48.0	7.6	257.5	596.6	49.0	.0	.0	
56.5	31.7	18.6	325.6	507.9	61.0	.0	.0	
   5    31    1988
54.3	31.4	9.4	278.1	702.7	3.0	.0	.0	
61.4	33.6	7.2	206.9	647.9	19.0	.0	.0	
64.1	39.7	7.0	273.8	604.0	68.0	.0	.0	
63.9	38.2	9.4	230.0	568.1	64.0	.0	.0	
51.8	37.3	8.8	250.6	368.5	91.0	4.0	.0	
54.4	36.8	9.2	328.8	520.4	61.0	.0	.0	
59.3	42.9	8.6	256.3	443.2	86.0	.0	.0	
59.9	43.6	7.4	282.5	553.8	57.0	.0	.0	
65.7	43.9	6.9	258.8	606.0	71.0	.0	.0	
70.6	47.2	7.6	241.9	696.2	5.0	.0	.0	
77.7	49.1	8.2	266.9	708.6	2.0	.0	.0	
77.8	49.1	10.5	302.5	695.9	2.0	.0	.0	
69.0	44.6	9.6	310.0	685.0	34.0	.0	.0	
70.8	44.4	5.6	211.3	656.1	43.0	.0	.0	
77.8	47.6	6.9	225.0	693.3	15.0	.0	.0	
68.5	47.5	12.8	296.9	487.8	62.0	.0	.0	
62.4	44.3	11.2	260.0	337.9	88.0	.0	.0	
67.9	45.4	8.1	229.4	718.1	2.0	.0	.0	
76.8	45.6	8.9	246.3	717.0	2.0	.0	.0	
82.7	41.0	7.7	230.6	732.5	2.0	.0	.0	
84.7	39.9	8.5	253.8	706.4	13.0	.0	.0	
80.0	40.4	7.4	253.1	560.0	84.0	.0	.0	
77.7	44.0	8.0	258.8	638.1	54.0	.0	.0	
78.1	42.0	7.0	250.6	696.5	33.0	.0	.0	
73.3	45.1	8.0	310.0	710.4	2.0	.0	.0	
73.5	42.8	8.7	290.0	709.2	21.0	.0	.0	
69.6	45.2	7.8	280.6	724.3	3.0	.0	.0	
70.9	48.3	9.4	299.4	616.0	62.0	.0	.0	
58.4	32.1	15.9	329.4	422.8	69.0	8.0	.0	
61.5	35.2	10.0	291.3	692.6	28.0	.0	.0	
68.2	37.1	7.0	238.8	599.5	56.0	.0	.0	
   6    30    1988
73.5	48.4	6.2	218.8	584.3	84.0	.0	.0	
78.8	48.6	8.9	247.5	744.5	2.0	.0	.0	
74.2	52.7	7.4	290.6	734.4	2.0	.0	.0	
67.7	42.0	11.0	315.6	544.1	60.0	.0	.0	
62.9	36.5	11.1	329.4	577.4	44.0	.0	.0	
61.6	36.2	10.0	310.0	668.3	24.0	.0	.0	
63.0	35.6	8.8	256.9	680.2	24.0	.0	.0	
63.6	39.9	6.6	247.5	719.0	15.0	.0	.0	
68.5	41.5	7.9	253.1	736.3	2.0	.0	.0	
71.2	46.1	7.8	264.4	645.3	58.0	.0	.0	
74.5	44.9	9.7	286.9	681.4	32.0	.0	.0	
74.3	44.3	8.0	300.0	747.9	2.0	.0	.0	
82.1	48.3	9.0	241.3	661.1	32.0	.0	.0	
85.6	52.3	10.1	263.1	619.2	71.0	.0	.0	
84.4	47.3	10.4	298.8	646.0	56.0	.0	.0	
77.8	48.4	12.6	302.5	692.7	33.0	.0	.0	
73.8	51.8	8.3	285.6	491.7	93.0	.0	.0	
81.9	53.5	6.9	228.8	532.8	96.0	.0	.0	
89.3	57.5	7.8	235.6	524.5	79.0	.0	.0	
76.0	55.6	10.0	301.3	516.2	46.0	2.0	.0	
76.1	51.8	9.7	223.1	710.2	20.0	.0	.0	
79.9	58.0	8.2	230.0	509.0	79.0	.0	.0	
84.3	63.2	8.8	222.5	619.6	26.0	2.0	.0	
83.8	57.8	11.0	256.3	693.3	9.0	.0	.0	
80.4	51.2	10.8	248.8	642.8	36.0	.0	.0	
81.3	55.8	8.2	295.6	725.8	2.0	.0	.0	
80.6	48.7	9.4	271.3	746.7	3.0	.0	.0	
80.2	49.6	8.6	271.3	714.1	2.0	.0	.0	
76.8	41.5	7.3	271.3	760.1	2.0	.0	.0	
81.1	48.4	7.7	218.8	735.3	10.0	.0	.0	
   7    31    1988
85.7	51.0	9.0	258.8	728.2	2.0	.0	.0	
88.1	49.5	7.9	235.6	750.1	2.0	.0	.0	
87.1	49.4	11.8	261.9	746.0	2.0	.0	.0	
79.7	47.7	10.2	299.4	710.5	2.0	.0	.0	
76.6	44.7	8.6	241.3	748.1	2.0	.0	.0	
79.0	48.8	9.5	248.1	736.2	2.0	.0	.0	
83.7	50.2	8.4	240.6	728.9	2.0	.0	.0	
84.7	49.6	8.8	263.1	694.5	2.0	.0	.0	
87.0	50.6	9.1	263.8	712.9	2.0	.0	.0	
90.9	51.0	9.8	243.8	694.3	2.0	.0	.0	
84.4	46.3	9.4	256.3	728.2	2.0	.0	.0	
79.8	53.1	9.0	281.3	662.7	58.0	.0	.0	
79.5	56.9	9.5	264.4	623.4	73.0	.0	.0	
82.1	58.0	8.6	306.9	681.5	2.0	.0	.0	
81.7	56.2	9.7	285.6	733.1	2.0	.0	.0	
86.5	59.3	7.8	213.1	686.6	2.0	.0	.0	
90.9	60.7	9.1	242.5	714.8	2.0	.0	.0	
93.0	55.2	7.3	219.4	709.0	2.0	.0	.0	
90.6	56.1	8.6	231.9	687.7	2.0	.0	.0	
93.8	54.7	9.3	223.1	689.6	19.0	.0	.0	
93.0	62.2	8.8	260.6	531.6	89.0	.0	.0	
92.4	59.6	7.9	250.6	538.1	66.0	.0	.0	
92.8	60.0	10.3	281.3	558.4	70.0	.0	.0	
91.8	61.1	10.5	294.4	675.6	8.0	.0	.0	
90.0	62.2	9.0	222.5	669.7	2.0	.0	.0	
92.1	61.3	9.7	259.4	709.2	2.0	.0	.0	
91.4	57.8	9.3	255.6	705.4	2.0	.0	.0	
89.1	57.6	9.1	256.9	700.6	4.0	.0	.0	
87.7	52.4	7.4	246.9	544.6	48.0	.0	.0	
89.2	52.4	9.5	291.3	634.6	14.0	.0	.0	
86.3	57.9	10.5	304.4	680.2	2.0	.0	.0	
   8    31    1988
84.8	58.4	8.6	298.1	632.2	9.0	.0	.0	
83.6	52.8	9.1	219.4	602.0	49.0	.0	.0	
79.8	58.3	9.0	302.5	638.2	28.0	.0	.0	
82.8	60.8	6.4	224.4	565.1	54.0	.0	.0	
81.9	58.7	9.4	310.6	685.5	2.0	.0	.0	
74.5	56.9	8.4	291.3	692.2	2.0	.0	.0	
75.7	55.7	7.8	230.0	686.7	2.0	.0	.0	
80.7	53.3	8.4	245.6	661.7	2.0	.0	.0	
81.7	53.3	8.4	226.3	669.0	2.0	.0	.0	
82.9	49.0	9.6	234.4	662.6	2.0	.0	.0	
79.4	46.5	11.3	288.8	635.0	2.0	.0	.0	
75.6	55.6	8.9	303.8	669.1	2.0	.0	.0	
72.6	54.4	7.6	278.8	676.2	2.0	.0	.0	
74.8	54.3	7.8	248.1	658.3	2.0	.0	.0	
73.3	51.8	7.8	210.0	670.9	2.0	.0	.0	
77.5	51.9	8.7	235.6	663.2	2.0	.0	.0	
81.3	53.9	7.7	215.0	629.9	2.0	.0	.0	
83.4	53.6	7.2	215.0	650.0	2.0	.0	.0	
84.2	54.9	8.3	257.5	626.8	2.0	.0	.0	
84.4	48.5	11.4	280.6	567.5	29.0	.0	.0	
80.3	54.1	8.7	265.0	647.2	2.0	.0	.0	
80.1	56.7	7.4	267.5	578.0	9.0	.0	.0	
82.0	60.7	6.2	235.6	590.5	31.0	.0	.0	
83.5	56.4	6.3	208.8	396.9	98.0	.0	.0	
86.8	58.0	9.1	278.8	452.3	69.0	.0	.0	
90.3	58.6	8.3	262.5	578.1	20.0	.0	.0	
89.8	58.3	9.0	252.5	483.6	98.0	.0	.0	
87.0	53.1	8.2	211.3	511.7	76.0	.0	.0	
88.7	57.5	7.2	216.9	578.0	27.0	.0	.0	
90.9	59.4	7.5	211.9	565.5	30.0	.0	.0	
89.4	59.8	8.3	248.8	600.1	2.0	.0	.0	
   9    30    1988
88.2	57.3	7.7	233.1	595.3	3.0	.0	.0	
88.2	57.8	7.4	209.4	592.5	11.0	.0	.0	
89.2	57.3	7.0	228.1	570.8	8.0	.0	.0	
91.3	60.0	8.8	260.0	573.7	18.0	.0	.0	
91.4	60.3	6.7	203.1	580.5	11.0	.0	.0	
89.8	55.8	8.8	265.0	581.5	2.0	.0	.0	
84.2	51.8	7.5	255.6	588.7	3.0	.0	.0	
83.0	52.0	6.8	250.6	585.4	4.0	.0	.0	
79.9	53.6	8.0	288.8	554.4	13.0	.0	.0	
74.6	56.6	6.4	221.9	570.4	2.0	.0	.0	
76.1	54.3	7.5	239.4	577.0	2.0	.0	.0	
76.8	46.3	9.9	256.9	576.1	2.0	.0	.0	
73.3	48.4	8.5	269.4	539.8	2.0	.0	.0	
76.1	50.1	8.2	243.1	560.3	2.0	.0	.0	
75.8	52.5	7.3	211.9	530.1	2.0	.0	.0	
75.2	51.5	7.9	168.1	523.9	2.0	.0	.0	
73.0	47.4	8.5	231.9	540.0	2.0	.0	.0	
69.8	39.8	5.4	179.4	540.1	2.0	.0	.0	
73.7	45.4	7.1	226.9	519.9	24.0	.0	.0	
66.5	47.4	11.7	301.3	510.0	22.0	.0	.0	
69.0	48.4	8.4	243.1	517.9	16.0	.0	.0	
69.7	51.4	7.6	231.9	537.5	2.0	.0	.0	
72.9	52.6	6.2	230.6	509.8	2.0	.0	.0	
71.2	52.8	9.4	245.0	510.4	2.0	.0	.0	
66.2	53.8	5.8	231.9	430.2	41.0	.0	.0	
66.3	53.2	6.7	203.8	500.2	2.0	.0	.0	
69.5	53.1	5.8	204.4	487.1	34.0	.0	.0	
73.3	53.3	7.3	218.1	483.3	22.0	.0	.0	
77.5	54.0	7.2	208.8	441.9	16.0	.0	.0	
78.8	52.3	6.5	183.8	451.1	2.0	.0	.0	
  10    31    1988
80.0	51.1	7.4	201.9	495.4	2.0	.0	.0	
72.8	49.5	6.6	234.4	434.6	49.0	.0	.0	
72.6	52.8	7.0	217.5	425.9	41.0	.0	.0	
74.2	53.2	7.4	225.0	411.8	54.0	.0	.0	
72.8	53.4	8.4	258.8	418.6	70.0	.0	.0	
69.3	54.0	7.6	231.9	456.0	2.0	.0	.0	
66.5	54.5	8.1	273.1	471.9	2.0	.0	.0	
68.5	55.7	5.0	173.8	448.4	2.0	.0	.0	
72.7	54.9	6.6	201.9	463.4	2.0	.0	.0	
74.4	52.9	7.7	223.8	422.2	2.0	.0	.0	
69.1	52.0	6.2	213.8	456.3	2.0	.0	.0	
67.3	53.6	5.6	232.5	389.1	31.0	.0	.0	
65.4	51.2	10.9	311.3	307.2	83.0	.0	.0	
64.3	51.6	6.2	248.8	402.3	20.0	.0	.0	
66.1	53.0	5.8	197.5	413.0	2.0	.0	.0	
73.5	53.6	6.4	198.1	383.0	20.0	.0	.0	
81.1	50.0	8.3	215.6	413.1	4.0	.0	.0	
79.6	46.5	6.4	210.6	414.8	8.0	.0	.0	
75.9	51.3	5.5	213.8	413.6	7.0	.0	.0	
75.9	51.9	6.2	191.3	408.3	2.0	.0	.0	
78.0	51.7	5.9	236.9	392.8	2.0	.0	.0	
76.8	51.0	6.2	183.1	372.6	24.0	.0	.0	
75.9	49.2	6.1	185.6	385.3	2.0	.0	.0	
72.7	51.3	7.4	221.9	365.2	2.0	.0	.0	
71.9	50.5	5.3	196.3	380.2	24.0	.0	.0	
70.3	52.5	4.6	188.1	379.3	2.0	.0	.0	
66.4	53.3	6.7	175.0	289.8	93.0	.0	.0	
60.0	51.7	7.5	228.8	257.2	89.0	.0	.0	
62.4	52.4	6.4	233.8	238.9	92.0	.0	.0	
62.3	51.9	5.0	228.8	334.9	13.0	.0	.0	
68.7	54.5	5.8	168.1	280.1	80.0	.0	.0	
  11    30    1988
66.5	53.0	8.9	288.1	297.6	59.0	.0	.0	
60.1	50.6	6.3	201.9	296.6	51.0	.0	.0	
61.8	52.4	5.0	177.5	356.8	2.0	.0	.0	
64.4	56.7	5.3	198.8	327.9	12.0	.0	.0	
64.7	56.0	5.3	176.9	303.8	71.0	.0	.0	
63.3	54.7	8.5	276.3	287.0	59.0	.0	.0	
61.5	45.5	6.5	213.8	288.8	86.0	.0	.0	
55.3	44.6	5.9	194.4	261.6	89.0	.0	.0	
56.4	45.7	6.4	193.8	304.1	60.0	.0	.0	
59.8	48.2	6.9	226.9	233.6	71.0	.0	.0	
57.4	48.1	7.0	225.0	285.5	34.0	.0	.0	
56.2	45.9	5.7	208.1	309.2	5.0	.0	.0	
58.5	50.7	9.4	163.1	128.0	98.0	5.0	.0	
50.5	44.8	9.9	247.5	223.6	62.0	22.0	.0	
48.3	42.7	4.8	170.0	295.5	20.0	.0	.0	
52.6	42.6	4.8	200.0	227.0	78.0	.0	.0	
50.0	42.0	10.4	289.4	256.5	29.0	3.0	.0	
46.9	38.3	6.3	196.9	263.4	24.0	.0	.0	
46.3	36.9	5.9	166.3	244.3	54.0	.0	.0	
46.9	35.1	6.0	180.6	298.4	2.0	.0	.0	
48.6	35.4	4.8	183.1	268.4	62.0	.0	.0	
54.8	36.3	5.5	191.9	251.9	78.0	.0	.0	
55.0	48.7	11.3	243.8	148.9	85.0	16.0	.0	
47.0	39.2	5.3	203.1	225.4	59.0	.0	.0	
48.8	47.9	6.5	218.8	105.1	98.0	18.0	.0	
48.1	47.0	7.5	236.3	148.4	78.0	.0	.0	
44.1	42.9	3.3	131.3	164.0	78.0	.0	.0	
44.7	41.1	5.5	178.1	121.7	98.0	.0	.0	
51.3	42.2	6.3	184.4	278.7	5.0	.0	.0	
46.0	44.1	5.5	190.0	182.5	46.0	.0	.0	
  12    31    1988
45.9	45.8	5.3	200.6	164.0	58.0	.0	.0	
45.2	42.2	3.2	121.9	164.2	92.0	.0	.0	
49.9	44.9	5.3	160.6	228.2	59.0	.0	.0	
48.2	44.3	4.4	153.1	189.5	62.0	.0	.0	
45.8	43.0	6.8	191.9	203.9	42.0	.0	.0	
48.0	39.2	5.0	204.4	199.8	81.0	.0	.0	
45.5	38.9	7.4	196.3	238.5	28.0	.0	.0	
47.0	37.2	6.7	176.3	235.8	22.0	.0	.0	
48.9	35.2	3.7	112.5	228.8	79.0	.0	.0	
53.2	39.0	7.4	165.0	254.2	23.0	.0	.0	
50.2	40.5	5.1	180.6	244.2	29.0	.0	.0	
52.0	40.7	5.4	230.6	241.6	23.0	.0	.0	
49.9	41.0	7.6	188.1	213.8	78.0	.0	.0	
49.4	39.8	7.5	150.6	231.1	47.0	.0	.0	
42.7	31.2	10.2	221.3	117.4	93.0	.0	.0	
45.0	42.5	9.1	181.9	108.2	93.0	18.0	.0	
45.6	42.8	7.1	252.5	123.7	88.0	.0	.0	
44.8	43.7	3.2	203.8	86.2	98.0	1.0	.0	
50.3	41.3	4.3	135.0	196.6	78.0	.0	.0	
51.1	46.2	6.8	162.5	109.2	98.0	28.0	.0	
45.3	37.1	4.5	157.5	167.8	32.0	4.0	.0	
45.2	37.4	7.2	156.3	121.3	88.0	7.0	.0	
44.2	38.5	5.3	199.4	196.3	80.0	.0	.0	
50.3	45.4	9.9	190.0	88.2	93.0	15.0	.0	
42.6	33.9	6.6	238.8	163.9	69.0	.0	.0	
36.5	33.9	6.0	260.6	119.0	75.0	.0	.0	
37.2	29.2	7.3	96.3	177.2	61.0	.0	.0	
41.7	36.3	7.9	223.8	138.9	98.0	1.0	.0	
40.3	35.4	6.6	237.5	238.9	41.0	.0	.0	
37.0	32.4	4.9	175.0	131.0	65.0	.0	.0	
44.8	39.8	6.2	152.5	141.4	67.0	8.0	.0	
