   1    31    1980
49.3	33.0	4.9	208.8	238.4	49.0	.0	.0	
48.6	28.4	4.8	116.3	294.0	11.0	.0	.0	
46.8	25.5	3.2	96.3	235.6	83.0	.0	.0	
45.2	26.0	4.9	160.0	272.3	61.0	.0	.0	
46.1	25.6	5.6	176.3	284.8	70.0	.0	.0	
54.4	26.6	12.0	257.5	106.3	84.0	.0	.0	
58.5	36.3	16.9	257.5	249.1	29.0	.0	.0	
57.8	41.7	11.7	200.0	243.8	78.0	.0	.0	
53.8	46.8	6.8	193.8	75.7	92.0	.0	.0	
56.7	43.8	18.9	255.0	237.4	88.0	.0	.0	
57.6	48.0	9.7	160.0	260.4	85.0	.0	.0	
62.6	50.7	14.0	147.5	241.7	55.0	.0	.0	
63.5	51.4	17.7	261.3	220.4	72.0	.0	.0	
59.7	46.4	14.4	226.3	158.0	68.0	.0	.0	
57.0	42.8	15.1	275.0	273.5	30.0	.0	.0	
59.0	43.6	12.4	241.3	281.9	33.0	.0	.0	
55.7	40.9	10.1	232.5	132.6	68.0	.0	.0	
51.5	33.3	18.0	260.0	222.9	62.0	.0	.0	
47.4	28.4	4.1	186.3	160.6	60.0	.0	.0	
48.5	25.9	3.7	21.3	323.7	2.0	.0	.0	
52.0	22.9	5.8	205.0	266.9	16.0	.0	.0	
51.0	26.7	3.4	95.0	333.2	2.0	.0	.0	
45.9	24.9	3.8	156.3	334.5	2.0	.0	.0	
49.3	24.0	4.6	142.5	340.1	2.0	.0	.0	
52.9	23.2	8.8	288.8	342.6	2.0	.0	.0	
53.2	33.5	10.4	205.0	341.5	36.0	.0	.0	
52.6	36.9	17.8	268.8	273.5	82.0	.0	.0	
50.8	42.0	8.4	212.5	115.3	93.0	.0	.0	
52.3	45.5	8.9	205.0	179.3	98.0	.0	.0	
52.2	43.4	6.3	172.5	184.3	83.0	.0	.0	
53.1	43.0	4.9	121.3	320.8	69.0	.0	.0	
   2    29    1980
53.3	41.6	4.1	136.3	355.1	28.0	.0	.0	
53.9	42.5	5.0	181.3	341.9	62.0	.0	.0	
56.3	43.4	6.1	203.8	338.2	87.0	.0	.0	
56.4	41.0	3.6	158.8	313.1	87.0	.0	.0	
57.7	41.2	4.1	143.8	319.6	75.0	.0	.0	
58.2	38.5	12.7	280.0	302.3	43.0	.0	.0	
51.8	25.6	9.4	205.0	367.5	30.0	.0	.0	
52.1	24.3	9.4	173.8	383.2	4.0	.0	.0	
46.6	21.5	3.2	68.8	402.8	2.0	.0	.0	
46.4	15.8	5.6	183.8	406.3	14.0	.0	.0	
47.6	20.0	6.8	200.0	403.0	2.0	.0	.0	
49.4	22.5	5.5	120.0	403.4	4.0	.0	.0	
48.1	37.4	10.7	55.0	125.6	83.0	.0	.0	
52.6	46.2	9.8	162.5	186.4	94.0	.0	.0	
53.3	44.5	8.4	141.3	207.3	75.0	.0	.0	
51.2	46.6	8.5	80.0	104.0	92.0	.0	.0	
59.0	47.5	9.4	143.8	372.5	74.0	.0	.0	
60.9	45.4	15.7	167.5	289.8	45.0	.0	.0	
54.7	43.6	14.1	152.5	215.9	90.0	.0	.0	
54.9	40.7	10.2	201.3	314.3	64.0	.0	.0	
55.8	43.2	15.7	186.3	295.8	52.0	.0	.0	
56.9	36.9	15.0	253.8	426.6	55.0	.0	.0	
54.4	38.8	6.9	208.8	433.5	44.0	.0	.0	
54.6	38.7	5.2	140.0	360.9	69.0	.0	.0	
55.6	36.6	5.7	207.5	448.3	13.0	.0	.0	
57.7	37.4	6.4	128.8	452.5	18.0	.0	.0	
60.1	36.7	7.5	133.8	442.0	45.0	.0	.0	
58.5	35.4	16.3	281.3	348.8	86.0	.0	.0	
57.6	34.4	6.3	195.0	457.8	65.0	.0	.0	
   3    31    1980
55.6	31.5	6.0	117.5	232.1	98.0	.0	.0	
57.2	42.8	9.4	248.8	263.9	91.0	.0	.0	
56.4	41.0	17.6	218.8	379.5	45.0	.0	.0	
58.4	37.6	15.4	276.3	479.3	4.0	.0	.0	
56.0	42.8	9.5	193.8	263.2	89.0	.0	.0	
52.6	38.3	13.8	215.0	260.4	57.0	.0	.0	
53.7	32.1	11.3	266.3	496.8	11.0	.0	.0	
52.6	33.4	4.9	137.5	488.8	7.0	.0	.0	
54.1	33.4	4.9	75.0	495.4	2.0	.0	.0	
53.9	37.2	5.2	45.0	316.9	83.0	.0	.0	
57.4	38.3	17.0	273.8	490.4	24.0	.0	.0	
54.4	30.7	9.2	223.8	506.2	2.0	.0	.0	
55.6	32.1	8.0	233.8	514.7	3.0	.0	.0	
61.7	28.5	10.2	280.0	532.9	2.0	.0	.0	
58.8	34.4	19.8	281.3	511.9	3.0	.0	.0	
54.8	22.4	10.1	165.0	534.3	2.0	.0	.0	
52.8	15.2	6.8	150.0	545.4	31.0	.0	.0	
50.9	33.1	10.7	275.0	254.6	87.0	.0	.0	
56.4	34.6	9.8	277.5	540.2	21.0	.0	.0	
60.3	34.0	11.4	213.8	544.3	2.0	.0	.0	
55.4	27.9	17.4	280.0	557.8	48.0	.0	.0	
55.3	25.7	17.1	277.5	447.4	52.0	.0	.0	
58.7	28.1	10.5	228.8	553.5	2.0	.0	.0	
58.5	26.1	17.8	275.0	555.4	5.0	.0	.0	
50.3	25.8	8.6	215.0	296.1	69.0	.0	.0	
54.7	26.2	7.1	211.3	565.6	36.0	.0	.0	
55.7	30.0	15.3	281.3	565.7	4.0	.0	.0	
56.5	17.2	7.8	196.3	602.4	2.0	.0	.0	
59.0	19.6	6.6	168.8	588.8	3.0	.0	.0	
61.6	30.7	16.8	290.0	576.8	18.0	.0	.0	
56.8	12.1	9.2	260.0	586.5	37.0	.0	.0	
   4    30    1980
53.9	26.5	15.0	261.3	296.5	49.0	.0	.0	
55.9	29.1	12.7	246.3	569.1	25.0	.0	.0	
57.9	32.1	5.5	140.0	593.3	2.0	.0	.0	
60.8	31.8	8.5	241.3	502.6	40.0	.0	.0	
61.5	36.6	18.9	266.3	583.7	38.0	.0	.0	
62.2	33.8	24.5	260.0	593.6	48.0	.0	.0	
61.1	26.3	7.7	202.5	577.5	50.0	.0	.0	
64.2	25.1	6.6	178.8	609.7	21.0	.0	.0	
69.1	29.4	15.6	272.5	619.0	8.0	.0	.0	
67.8	33.5	10.7	216.3	622.6	2.0	.0	.0	
62.6	19.9	10.5	166.3	644.6	13.0	.0	.0	
62.6	14.2	4.8	142.5	654.3	2.0	.0	.0	
64.8	20.4	7.8	150.0	612.1	13.0	.0	.0	
69.2	28.0	14.1	277.5	630.8	19.0	.0	.0	
68.6	33.1	9.4	198.8	614.7	2.0	.0	.0	
72.7	27.0	9.4	195.0	626.8	2.0	.0	.0	
74.6	27.9	7.0	152.5	635.3	14.0	.0	.0	
76.2	33.1	8.5	235.0	629.7	16.0	.0	.0	
77.0	31.3	9.6	256.3	645.6	2.0	.0	.0	
74.5	31.3	17.3	262.5	657.1	35.0	.0	.0	
59.8	34.9	20.4	270.0	460.9	76.0	.0	.0	
52.7	30.5	17.3	242.5	358.2	46.0	.0	.0	
52.2	34.1	12.3	281.3	403.8	53.0	.0	.0	
62.1	36.9	16.2	282.5	634.9	38.0	.0	.0	
67.1	35.7	10.1	260.0	651.8	15.0	.0	.0	
71.6	40.4	9.8	167.5	608.6	49.0	.0	.0	
74.0	32.7	10.8	187.5	497.8	88.0	.0	.0	
63.8	43.7	12.7	220.0	275.8	94.0	.0	.0	
60.4	44.6	11.1	262.5	504.3	95.0	.0	.0	
62.4	48.1	9.8	301.3	485.2	73.0	.0	.0	
   5    31    1980
59.1	48.5	8.5	218.8	319.1	65.0	.0	.0	
65.5	47.4	6.6	197.5	672.1	2.0	.0	.0	
73.5	48.0	9.1	267.5	642.4	38.0	.0	.0	
75.5	47.5	11.3	245.0	626.6	15.0	.0	.0	
76.8	45.4	11.1	267.5	653.6	35.0	.0	.0	
76.3	43.5	15.0	241.3	670.8	18.0	.0	.0	
71.2	34.5	19.2	262.5	691.0	2.0	.0	.0	
71.4	41.0	12.7	280.0	682.9	10.0	.0	.0	
64.2	41.5	24.1	253.8	583.0	87.0	.0	.0	
57.7	38.8	17.6	245.0	259.7	73.0	.0	.0	
58.4	32.0	24.0	257.5	669.2	24.0	.0	.0	
63.4	35.4	14.8	262.5	679.0	8.0	.0	.0	
64.9	39.0	10.2	212.5	575.3	64.0	.0	.0	
65.3	40.8	18.0	255.0	537.5	50.0	.0	.0	
69.9	40.6	15.2	272.5	694.0	6.0	.0	.0	
73.6	39.2	12.1	237.5	679.6	27.0	.0	.0	
75.5	34.1	7.2	192.5	705.8	16.0	.0	.0	
78.4	37.9	8.7	197.5	706.2	2.0	.0	.0	
82.0	38.0	9.5	172.5	699.8	24.0	.0	.0	
82.7	37.7	11.4	187.5	663.9	32.0	.0	.0	
72.9	43.1	13.9	237.5	667.0	43.0	.0	.0	
69.9	44.7	18.8	272.5	690.8	23.0	.0	.0	
59.9	28.2	27.4	271.3	634.9	23.0	.0	.0	
57.0	24.4	25.6	252.5	720.7	8.0	.0	.0	
61.6	26.7	10.8	208.8	732.6	8.0	.0	.0	
64.2	30.7	12.1	290.0	678.7	33.0	.0	.0	
64.8	35.1	15.7	280.0	705.8	2.0	.0	.0	
64.9	37.1	18.3	268.8	703.7	8.0	.0	.0	
69.0	37.2	10.8	221.3	712.2	2.0	.0	.0	
68.1	39.7	14.7	270.0	672.4	5.0	.0	.0	
67.3	39.9	14.0	286.3	703.1	3.0	.0	.0	
   6    30    1980
70.8	41.4	16.3	266.3	665.1	4.0	.0	.0	
74.1	39.3	17.7	250.0	706.3	2.0	.0	.0	
71.7	39.9	18.8	258.8	716.4	3.0	.0	.0	
73.2	39.6	15.6	268.8	713.4	5.0	.0	.0	
72.5	37.9	16.3	281.3	724.0	2.0	.0	.0	
72.7	27.4	14.0	276.3	750.7	4.0	.0	.0	
75.8	32.5	8.4	221.3	711.9	47.0	.0	.0	
80.9	35.9	9.8	256.3	714.8	44.0	.0	.0	
82.8	37.8	13.8	290.0	736.2	21.0	.0	.0	
83.6	35.1	18.0	265.0	753.7	2.0	.0	.0	
82.4	31.1	16.7	257.5	744.7	2.0	.0	.0	
76.8	31.3	18.0	278.8	753.4	2.0	.0	.0	
76.7	32.4	16.1	268.8	753.5	2.0	.0	.0	
78.4	32.4	18.0	272.5	760.4	8.0	.0	.0	
80.0	31.4	6.0	182.5	742.9	34.0	.0	.0	
85.1	37.0	9.7	220.0	708.3	58.0	.0	.0	
84.6	38.4	15.4	267.5	734.9	23.0	.0	.0	
85.7	36.7	17.0	260.0	696.1	6.0	.0	.0	
85.4	34.3	15.1	271.3	750.3	2.0	.0	.0	
84.2	30.0	16.7	280.0	749.0	2.0	.0	.0	
83.8	35.3	15.0	273.8	751.5	2.0	.0	.0	
83.8	35.9	14.0	286.3	746.0	2.0	.0	.0	
81.4	37.9	16.9	251.3	743.2	5.0	.0	.0	
80.4	36.0	12.3	253.8	748.7	2.0	.0	.0	
82.1	36.5	12.6	280.0	748.6	2.0	.0	.0	
86.0	40.0	13.4	273.8	731.3	5.0	.0	.0	
88.1	41.4	11.3	252.5	666.0	69.0	.0	.0	
90.8	45.6	11.4	285.0	583.3	47.0	.0	.0	
88.2	52.2	12.3	270.0	563.0	53.0	.0	.0	
81.8	55.4	8.5	265.0	610.7	81.0	.0	.0	
   7    31    1980
77.6	61.1	7.3	191.3	631.6	53.0	.0	.0	
81.0	54.8	13.1	271.3	718.4	2.0	.0	.0	
83.0	50.0	13.2	287.5	735.9	2.0	.0	.0	
85.6	45.1	13.7	287.5	744.9	2.0	.0	.0	
86.5	39.0	10.2	250.0	743.0	2.0	.0	.0	
87.3	32.9	10.7	238.8	743.1	21.0	.0	.0	
87.1	33.6	12.2	272.5	653.4	69.0	.0	.0	
85.8	31.3	13.4	236.3	714.3	24.0	.0	.0	
85.4	28.7	13.6	238.8	735.2	2.0	.0	.0	
87.6	30.5	12.8	273.8	736.6	6.0	.0	.0	
91.0	35.1	15.3	277.5	696.7	18.0	.0	.0	
88.8	36.0	11.8	235.0	728.5	2.0	.0	.0	
84.8	32.6	11.7	221.3	734.8	2.0	.0	.0	
86.3	33.9	11.8	225.7	727.5	5.0	.0	.0	
89.0	38.0	10.0	291.3	703.5	20.0	.0	.0	
93.8	42.1	16.0	276.3	687.2	5.0	.0	.0	
93.5	43.7	14.6	271.3	712.8	2.0	.0	.0	
93.5	39.5	14.1	262.5	720.5	2.0	.0	.0	
92.5	40.2	13.7	266.3	722.5	2.0	.0	.0	
90.9	39.1	8.2	200.0	716.0	2.0	.0	.0	
94.2	40.8	12.1	278.8	688.3	3.0	.0	.0	
96.4	45.4	9.1	195.0	641.7	7.0	.0	.0	
94.4	53.4	9.1	275.0	523.5	38.0	.0	.0	
97.1	54.5	9.8	250.0	673.1	21.0	.0	.0	
97.5	53.5	9.8	215.0	598.8	15.0	.0	.0	
90.7	60.0	8.1	202.5	568.3	45.0	.0	.0	
93.0	60.2	6.3	138.8	443.7	66.0	.0	.0	
96.1	54.1	10.8	248.8	661.9	28.0	.0	.0	
94.8	54.3	12.5	202.5	533.7	48.0	.0	.0	
91.2	57.1	9.3	157.5	545.2	88.0	.0	.0	
89.9	63.6	7.8	125.0	571.7	57.0	.0	.0	
   8    31    1980
96.3	57.2	13.9	281.3	649.9	12.0	.0	.0	
96.6	54.0	14.3	246.3	664.4	21.0	.0	.0	
95.2	50.7	18.3	251.3	670.9	13.0	.0	.0	
90.4	46.3	14.2	235.0	684.9	2.0	.0	.0	
88.0	42.6	11.7	287.5	686.4	2.0	.0	.0	
90.0	41.3	11.3	233.8	677.0	20.0	.0	.0	
93.2	39.9	13.1	273.8	675.9	8.0	.0	.0	
95.3	42.8	14.6	285.0	669.0	2.0	.0	.0	
97.0	44.9	12.4	276.3	665.6	2.0	.0	.0	
96.9	44.3	10.3	266.3	657.9	2.0	.0	.0	
96.0	47.0	11.7	271.3	663.8	11.0	.0	.0	
92.5	48.6	14.0	230.0	575.6	25.0	.0	.0	
90.8	53.2	11.1	196.3	653.7	2.0	.0	.0	
84.8	47.6	18.5	258.8	668.2	2.0	.0	.0	
81.5	44.6	18.1	282.5	655.8	2.0	.0	.0	
80.9	47.4	10.3	231.3	642.9	2.0	.0	.0	
81.7	44.6	11.4	245.0	637.5	2.0	.0	.0	
80.9	38.8	15.3	265.0	661.6	2.0	.0	.0	
78.1	45.4	13.4	283.8	632.3	2.0	.0	.0	
81.6	43.1	10.0	203.8	643.0	2.0	.0	.0	
84.4	40.8	9.5	255.0	639.9	2.0	.0	.0	
81.2	42.3	13.4	277.5	639.9	2.0	.0	.0	
80.3	35.4	10.0	261.3	646.3	2.0	.0	.0	
82.3	44.1	13.3	202.5	616.6	9.0	.0	.0	
82.9	48.0	11.0	287.5	629.3	2.0	.0	.0	
84.2	39.5	11.8	232.5	631.5	2.0	.0	.0	
85.8	36.4	12.6	267.5	631.7	2.0	.0	.0	
85.9	31.4	11.4	192.5	609.2	45.0	.0	.0	
83.2	29.4	15.1	276.3	619.5	13.0	.0	.0	
82.0	33.8	18.0	270.0	614.0	2.0	.0	.0	
80.4	41.6	12.8	278.8	618.1	2.0	.0	.0	
   9    30    1980
81.6	42.6	10.5	202.5	604.1	2.0	.0	.0	
84.2	42.0	8.8	215.0	600.9	2.0	.0	.0	
84.2	36.2	9.5	243.8	607.9	2.0	.0	.0	
85.9	35.7	9.8	202.5	574.6	5.0	.0	.0	
87.9	46.4	11.2	270.0	542.8	20.0	.0	.0	
86.8	51.0	11.4	236.3	526.3	33.0	.0	.0	
80.7	39.4	16.2	235.0	557.2	34.0	.0	.0	
75.9	42.1	9.2	215.0	526.5	16.0	.0	.0	
75.5	47.1	8.8	148.8	576.2	28.0	.0	.0	
78.4	45.6	6.0	257.5	566.3	3.0	.0	.0	
81.0	42.5	8.4	205.0	562.7	2.0	.0	.0	
82.8	45.5	9.2	210.0	545.5	2.0	.0	.0	
80.0	41.5	12.4	206.3	559.2	2.0	.0	.0	
71.8	43.4	14.1	282.5	536.6	15.0	.0	.0	
75.7	40.8	8.3	253.8	499.5	68.0	.0	.0	
83.5	43.5	10.9	285.0	544.3	37.0	.0	.0	
88.2	48.2	11.7	266.3	536.7	10.0	.0	.0	
85.2	48.9	14.7	263.8	535.4	2.0	.0	.0	
76.0	46.4	19.9	283.8	546.8	2.0	.0	.0	
75.6	41.9	15.9	282.5	544.3	2.0	.0	.0	
75.4	37.1	11.7	197.5	538.6	2.0	.0	.0	
75.5	36.5	7.7	195.0	532.6	2.0	.0	.0	
75.4	24.1	6.2	188.8	547.3	2.0	.0	.0	
76.9	27.1	8.1	185.0	536.7	2.0	.0	.0	
80.8	26.1	8.1	186.3	528.3	2.0	.0	.0	
82.9	35.5	8.1	180.0	496.4	8.0	.0	.0	
84.2	35.4	8.6	226.3	503.1	2.0	.0	.0	
82.2	30.6	8.7	288.8	501.3	8.0	.0	.0	
84.4	30.5	7.9	206.3	502.3	2.0	.0	.0	
85.2	29.0	8.1	208.8	501.0	2.0	.0	.0	
  10    31    1980
87.1	28.3	8.5	183.8	504.0	2.0	.0	.0	
87.1	28.0	7.2	183.8	499.1	2.0	.0	.0	
86.2	28.6	8.4	195.0	500.9	2.0	.0	.0	
88.0	32.7	10.6	268.8	472.8	2.0	.0	.0	
86.7	31.6	9.1	232.5	470.2	2.0	.0	.0	
84.3	31.5	8.9	213.8	473.8	2.0	.0	.0	
83.4	32.2	9.1	227.5	469.6	2.0	.0	.0	
83.8	31.8	11.3	285.0	465.9	2.0	.0	.0	
85.2	33.5	12.6	287.5	451.7	2.0	.0	.0	
83.5	32.5	12.4	271.3	453.0	2.0	.0	.0	
79.7	30.4	10.5	251.3	430.3	25.0	.0	.0	
76.4	34.4	15.3	275.0	439.7	21.0	.0	.0	
69.3	38.6	13.9	280.0	449.1	2.0	.0	.0	
62.5	34.8	25.5	260.0	414.3	25.0	.0	.0	
58.5	30.9	20.2	253.8	399.7	35.0	.0	.0	
57.6	30.1	10.1	273.8	389.7	42.0	.0	.0	
60.3	29.3	5.8	193.8	423.3	15.0	.0	.0	
62.1	24.4	6.9	192.5	432.0	2.0	.0	.0	
64.3	24.5	5.8	140.0	430.0	2.0	.0	.0	
66.7	25.1	6.1	228.8	426.2	2.0	.0	.0	
68.4	23.6	6.9	208.8	400.3	27.0	.0	.0	
69.3	25.2	7.6	186.3	413.1	5.0	.0	.0	
68.7	25.3	7.8	217.5	413.8	2.0	.0	.0	
65.9	19.4	4.2	63.8	418.3	2.0	.0	.0	
66.7	18.8	12.9	260.0	304.8	54.0	.0	.0	
63.6	36.4	20.5	253.8	393.1	3.0	.0	.0	
61.1	27.1	9.9	280.0	396.3	2.0	.0	.0	
58.7	16.5	7.0	83.8	406.7	2.0	.0	.0	
56.7	13.6	4.5	110.0	406.1	2.0	.0	.0	
60.6	13.6	6.7	103.8	401.5	31.0	.0	.0	
61.5	18.1	5.5	158.8	286.0	64.0	.0	.0	
  11    30    1980
64.4	17.3	7.1	210.0	387.8	2.0	.0	.0	
66.4	20.6	7.0	213.8	371.5	14.0	.0	.0	
67.7	20.8	7.1	191.3	370.4	11.0	.0	.0	
68.5	24.0	2.9	56.3	367.3	2.0	.0	.0	
69.5	27.5	6.5	195.0	364.8	2.0	.0	.0	
70.4	28.3	7.7	203.8	336.7	20.0	.0	.0	
73.4	26.3	10.4	232.5	355.4	2.0	.0	.0	
72.1	35.3	9.3	230.0	358.7	2.0	.0	.0	
65.7	26.2	5.9	197.5	359.3	2.0	.0	.0	
67.1	25.1	5.1	181.3	323.8	33.0	.0	.0	
67.6	37.7	6.4	217.5	232.5	82.0	.0	.0	
61.4	37.8	12.4	280.0	323.1	23.0	.0	.0	
55.5	23.9	8.6	200.0	340.1	2.0	.0	.0	
52.9	13.8	5.6	188.8	349.9	3.0	.0	.0	
52.8	16.9	9.7	267.5	333.3	2.0	.0	.0	
51.3	6.6	9.1	147.5	345.0	13.0	.0	.0	
47.5	4.4	4.9	117.5	222.9	59.0	.0	.0	
46.9	5.5	5.8	226.3	332.1	2.0	.0	.0	
50.2	4.1	7.1	208.8	308.8	48.0	.0	.0	
52.6	7.5	6.9	193.8	315.9	24.0	.0	.0	
55.0	12.2	6.3	172.5	310.2	52.0	.0	.0	
61.6	18.1	10.1	272.5	309.5	34.0	.0	.0	
60.7	32.4	13.8	265.0	249.3	57.0	.0	.0	
58.6	21.6	14.1	275.0	322.2	2.0	.0	.0	
51.2	11.7	3.9	70.0	317.4	25.0	.0	.0	
50.6	8.8	4.3	183.8	313.2	10.0	.0	.0	
52.9	9.5	6.3	217.5	316.5	2.0	.0	.0	
56.6	10.8	7.7	236.3	311.4	2.0	.0	.0	
56.8	12.4	4.2	138.8	272.1	67.0	.0	.0	
63.3	14.1	13.1	251.3	286.1	61.0	.0	.0	
  12    31    1980
58.1	29.5	6.6	158.8	295.9	9.0	.0	.0	
54.4	23.1	3.5	160.0	283.1	58.0	.0	.0	
56.1	25.3	5.4	176.3	248.1	82.0	.0	.0	
59.3	40.8	13.6	236.3	243.7	36.0	.0	.0	
54.4	33.5	12.3	267.5	286.2	28.0	.0	.0	
47.0	26.4	10.9	285.0	284.9	4.0	.0	.0	
46.9	21.7	9.9	183.8	280.3	37.0	.0	.0	
47.2	15.3	7.9	145.0	286.7	35.0	.0	.0	
45.3	10.1	5.1	143.8	290.1	15.0	.0	.0	
44.6	3.4	3.2	97.5	298.9	2.0	.0	.0	
48.3	2.4	5.5	145.0	296.6	10.0	.0	.0	
46.9	3.1	3.9	188.8	101.4	70.0	.0	.0	
52.2	6.1	6.8	247.5	244.7	36.0	.0	.0	
48.9	5.9	6.3	178.8	293.1	2.0	.0	.0	
53.0	11.4	7.5	228.8	278.0	7.0	.0	.0	
57.2	25.4	5.2	165.0	280.0	3.0	.0	.0	
58.4	27.1	6.3	178.8	255.0	28.0	.0	.0	
61.5	28.9	11.3	272.5	275.0	10.0	.0	.0	
57.7	26.2	7.1	166.3	273.3	2.0	.0	.0	
54.6	26.8	6.0	218.8	228.9	28.0	.0	.0	
54.1	26.1	5.2	141.3	254.2	45.0	.0	.0	
56.3	26.6	2.5	85.0	258.5	61.0	.0	.0	
55.1	30.1	4.9	178.8	283.1	31.0	.0	.0	
51.9	19.3	6.6	235.0	269.5	35.0	.0	.0	
53.6	22.2	5.8	195.0	283.9	21.0	.0	.0	
56.0	21.7	5.4	221.3	274.4	23.0	.0	.0	
56.6	25.1	6.1	195.0	224.9	82.0	.0	.0	
58.6	28.0	7.1	247.5	252.0	38.0	.0	.0	
56.5	28.3	5.9	187.5	288.1	2.0	.0	.0	
53.5	22.4	2.9	96.3	291.1	2.0	.0	.0	
52.7	19.0	3.8	118.8	280.7	23.0	.0	.0	
