01	31	1998
52.9	44.5	3.5	95.1	201.7	86.3	0	0.0
53.3	43.8	8.1	112.9	97.2	38.0	6	0.0
50.5	45.9	8.7	131.2	201.9	78.4	2	0.0
47.0	40.9	7.3	158.7	147.7	51.0	27	0.0
40.7	36.3	2.0	113.8	201.8	96.9	0	0.0
39.9	36.7	2.3	71.0	194.7	71.7	0	0.0
45.7	42.8	4.6	187.3	146.3	47.8	6	0.0
45.3	43.8	3.1	129.6	89.7	18.2	0	0.0
49.0	46.9	6.4	108.8	124.5	18.5	25	0.0
54.1	50.1	6.3	116.0	186.5	34.9	3	0.0
54.5	51.3	2.9	57.0	88.2	10.4	6	0.0
53.4	51.0	9.6	162.5	117.4	27.3	21	0.0
44.6	43.2	2.9	90.8	122.6	75.0	0	0.0
48.6	46.1	5.9	119.8	154.3	29.7	31	0.0
54.0	52.6	8.7	116.5	76.8	8.1	40	0.0
55.7	53.9	2.6	135.7	129.2	46.8	0	0.0
55.1	52.7	1.2	25.5	122.3	47.7	2	0.0
53.4	48.9	8.9	150.9	191.0	62.4	19	0.0
50.0	42.3	4.0	183.3	219.2	65.6	1	0.0
45.8	40.8	3.5	185.4	215.2	87.5	0	0.0
40.8	39.6	2.7	98.1	115.0	46.7	0	0.0
42.3	40.0	1.8	59.9	149.1	81.9	0	0.0
43.3	40.7	3.5	102.4	236.7	81.9	0	0.0
43.5	42.6	3.9	117.2	217.8	79.3	0	0.0
44.0	43.4	2.9	83.3	152.6	83.1	0	0.0
47.5	43.4	4.7	120.8	220.1	95.8	0	0.0
52.6	45.3	3.4	120.8	247.5	88.0	0	0.0
52.0	46.1	5.8	139.5	250.3	91.7	0	0.0
50.2	46.4	7.4	117.6	113.9	45.8	87	0.0
46.2	41.4	4.5	95.1	255.3	99.0	0	0.0
49.8	41.9	5.0	103.8	248.1	92.7	0	0.0
02	28	1998
50.2	44.6	9.2	110.8	143.6	27.1	15	0.0
56.7	50.8	12.4	124.6	122.5	20.8	27	0.0
53.4	45.5	13.8	168.4	126.7	19.5	37	0.0
48.6	43.2	5.6	126.3	227.3	66.3	0	0.0
52.4	43.8	7.0	111.2	146.7	37.5	5	0.0
53.8	46.3	15.2	147.1	178.7	34.4	35	0.0
51.2	45.4	13.5	122.1	117.1	44.8	23	0.0
50.2	46.6	7.4	133.8	204.6	25.0	11	0.0
47.8	44.0	5.2	233.1	109.8	27.1	0	0.0
47.0	43.0	5.7	123.5	252.0	61.5	14	0.0
50.2	44.5	3.7	170.6	290.0	79.2	0	0.0
49.6	48.0	3.8	95.1	172.9	50.5	11	0.0
52.3	48.3	3.6	116.7	128.4	32.1	0	0.0
51.3	47.3	9.3	132.7	174.1	20.8	62	0.0
48.5	41.1	6.7	203.3	268.9	62.5	0	0.0
45.7	40.5	8.0	126.7	252.5	58.3	14	0.0
49.6	42.9	4.9	178.7	219.4	54.0	0	0.0
49.3	42.3	2.0	69.6	303.3	85.8	0	0.0
49.4	45.8	7.8	152.9	146.0	9.7	50	0.0
46.2	40.1	4.3	141.0	266.5	74.0	0	0.0
47.7	42.8	9.8	116.4	142.4	22.9	22	0.0
52.9	46.8	4.0	130.9	221.7	24.0	8	0.0
51.0	45.8	8.8	122.3	181.4	49.0	36	0.0
46.7	38.9	8.5	285.0	290.4	87.5	0	0.0
48.8	39.8	5.1	184.6	336.0	63.5	0	0.0
50.4	43.6	8.2	284.7	268.1	52.2	0	0.0
49.5	43.3	3.1	134.2	316.6	89.1	0	0.0
53.0	46.6	3.0	149.2	301.8	50.5	0	0.0
03	31	1998
55.4	47.2	4.2	215.4	367.4	66.7	0	0.0
54.5	46.3	4.2	187.9	324.5	60.4	0	0.0
52.3	44.7	7.5	188.5	199.3	61.5	0	0.0
47.9	36.7	5.1	247.9	380.1	97.4	0	0.0
46.2	40.2	7.2	106.2	333.0	59.4	18	0.0
46.0	38.6	9.8	228.9	215.2	37.5	19	0.0
47.0	38.0	5.7	135.0	366.7	69.8	0	0.0
52.6	42.8	4.4	240.0	396.8	69.8	0	0.0
51.2	44.9	3.3	163.7	389.3	92.8	0	0.0
55.5	46.4	3.9	196.0	409.3	100.0	0	0.0
56.6	49.1	2.8	112.4	373.4	100.0	0	0.0
60.2	48.5	4.8	125.8	418.2	100.0	0	0.0
56.0	49.8	4.9	153.8	415.5	59.9	0	0.0
55.0	48.1	6.1	130.1	234.4	36.5	0	0.0
57.9	49.3	3.0	122.5	431.6	100.0	0	0.0
59.5	53.0	7.4	236.2	352.1	60.9	0	0.0
60.5	53.3	3.3	147.4	370.6	80.1	0	0.0
61.2	50.3	2.4	113.8	444.1	97.1	0	0.0
63.5	50.5	3.3	151.2	449.5	100.0	0	0.0
62.5	53.4	3.9	159.1	453.1	98.3	0	0.0
61.1	53.9	3.0	109.7	388.8	84.1	0	0.0
65.9	53.5	3.2	61.7	462.7	99.0	0	0.0
68.2	46.8	8.8	136.7	467.1	100.0	0	0.0
60.0	54.5	10.8	118.2	326.5	39.6	89	0.0
54.6	50.7	4.7	97.1	339.3	22.9	57	0.0
55.7	48.4	8.4	270.8	168.0	12.5	0	0.0
53.4	46.8	7.7	267.8	312.2	21.9	31	0.0
46.0	38.5	6.8	235.5	311.7	15.6	34	0.0
45.0	38.1	2.5	109.2	243.1	50.5	0	0.0
50.7	40.0	5.7	118.8	489.4	96.9	0	0.0
48.1	43.4	9.6	113.4	251.9	18.8	24	0.0
04	30	1998
47.8	41.8	5.4	86.0	233.1	12.5	16	0.0
53.8	42.7	4.6	115.0	355.1	37.5	0	0.0
48.9	44.8	9.8	150.6	284.9	19.3	41	0.0
51.1	41.9	7.1	169.4	352.8	38.5	0	0.0
54.4	43.5	6.8	267.1	485.4	64.6	0	0.0
52.2	43.3	6.8	283.8	370.1	25.0	2	0.0
53.2	43.6	6.3	238.4	410.1	49.6	1	0.0
54.0	41.8	4.6	229.2	532.2	99.0	0	0.0
57.3	45.2	4.9	120.8	539.1	99.0	0	0.0
58.2	47.5	4.8	177.1	531.4	92.7	0	0.0
49.6	45.6	10.3	306.5	196.0	16.7	11	0.0
52.1	36.1	9.9	265.4	550.9	79.2	0	0.0
48.5	42.9	7.7	135.4	194.2	5.2	31	0.0
49.5	38.5	6.2	201.7	469.6	67.7	0	0.0
50.4	38.4	9.2	252.9	476.2	81.2	0	0.0
54.0	39.9	3.3	93.8	564.6	96.9	0	0.0
58.0	44.2	6.0	151.7	569.7	100.0	0	0.0
61.2	47.2	5.0	187.9	573.3	100.0	0	0.0
63.7	50.9	4.5	181.2	576.9	100.0	0	0.0
66.8	55.1	4.8	222.1	580.4	100.0	0	0.0
72.4	58.2	3.0	102.1	583.9	100.0	0	0.0
75.2	49.2	7.5	164.2	587.3	100.0	0	0.0
60.0	49.8	6.7	141.7	325.8	56.2	7	0.0
61.0	49.8	10.8	308.0	504.8	54.5	0	0.0
59.3	46.2	9.0	246.5	440.1	80.2	0	0.0
63.5	46.0	4.5	142.1	600.4	100.0	0	0.0
69.5	48.3	3.9	129.2	603.6	100.0	0	0.0
72.1	50.3	4.1	97.9	606.7	100.0	0	0.0
75.5	49.2	3.9	80.0	609.7	100.0	0	0.0
73.6	42.2	8.3	151.7	612.7	97.9	0	0.0
05	31	1998
67.5	48.5	10.1	162.3	588.4	71.9	0	0.0
63.9	55.4	5.8	137.2	339.4	12.0	10	0.0
64.7	54.0	7.0	149.6	419.6	18.8	13	0.0
64.0	54.6	5.2	160.9	468.1	34.0	24	0.0
59.8	53.5	7.3	133.9	452.5	21.9	36	0.0
61.7	51.8	6.2	135.7	540.5	53.5	3	0.0
61.0	53.4	5.4	215.3	461.5	30.6	0	0.0
61.7	53.2	7.7	276.0	307.7	16.8	0	0.0
59.8	43.6	11.8	300.8	542.3	37.0	0	0.0
59.3	43.3	7.0	235.8	626.3	85.4	0	0.0
56.1	48.1	8.7	306.2	612.6	69.8	1	0.0
50.8	48.0	10.0	123.3	270.8	22.9	28	0.0
55.2	44.7	3.4	114.4	436.0	50.5	0	0.0
59.0	47.5	7.2	236.2	433.2	35.4	0	0.0
60.6	46.7	7.8	299.2	478.7	47.9	0	0.0
56.9	42.8	11.4	290.0	383.3	55.2	0	0.0
59.2	41.4	11.5	306.2	655.1	100.0	0	0.0
62.8	42.5	4.7	196.2	657.2	100.0	0	0.0
64.8	43.7	8.7	273.3	659.2	100.0	0	0.0
60.7	41.6	11.0	312.1	661.1	100.0	0	0.0
61.8	43.8	10.8	311.7	663.0	100.0	0	0.0
64.5	47.3	6.8	285.0	662.0	99.0	0	0.0
67.9	50.0	10.6	311.0	666.8	92.7	0	0.0
68.0	50.4	9.3	311.7	668.5	100.0	0	0.0
60.9	49.6	10.2	249.6	265.2	27.1	0	0.0
58.2	38.2	8.3	316.2	669.2	76.0	0	0.0
62.7	41.7	7.2	179.6	673.6	100.0	0	0.0
61.7	47.2	12.7	149.1	567.5	64.2	7	0.0
59.9	43.9	7.5	242.5	673.2	97.9	0	0.0
64.1	48.7	7.8	267.3	639.9	78.7	0	0.0
70.6	51.5	5.0	196.2	679.4	100.0	0	0.0
06	30	1998
70.9	55.5	8.3	222.1	680.8	100.0	0	0.0
68.2	52.0	11.7	308.8	661.7	82.3	0	0.0
63.2	49.7	8.6	269.2	299.0	25.0	0	0.0
65.9	50.4	7.9	300.4	675.1	94.8	0	0.0
69.3	54.0	7.4	265.0	685.5	100.0	0	0.0
64.7	56.6	9.4	272.5	539.3	50.5	89	0.0
61.6	55.5	5.5	145.9	257.7	3.1	4	0.0
65.8	55.6	7.8	281.2	348.3	16.7	0	0.0
70.5	58.0	6.8	282.1	686.7	80.2	0	0.0
68.8	60.2	7.5	240.4	658.3	67.7	5	0.0
65.4	53.8	7.2	226.4	398.6	32.6	0	0.0
60.2	54.9	7.5	152.1	362.0	34.4	0	0.0
70.5	57.3	5.2	129.6	673.2	66.7	0	0.0
75.9	61.8	5.4	202.9	685.9	93.8	0	0.0
80.5	62.3	5.5	190.0	693.1	100.0	0	0.0
77.8	54.4	12.2	280.0	693.5	100.0	0	0.0
74.3	48.8	6.0	187.5	693.9	100.0	0	0.0
79.0	52.0	5.3	199.2	694.2	100.0	0	0.0
78.3	54.2	8.2	208.8	694.5	100.0	0	0.0
72.9	51.6	7.6	275.0	694.7	100.0	0	0.0
70.6	55.0	7.2	282.5	694.8	100.0	0	0.0
72.2	54.8	6.8	229.2	694.9	100.0	0	0.0
71.2	54.5	8.1	255.0	694.9	100.0	0	0.0
72.1	55.2	7.9	310.0	694.9	100.0	0	0.0
72.6	58.8	10.4	306.2	694.8	100.0	0	0.0
72.8	49.1	9.9	313.3	694.7	100.0	0	0.0
76.7	51.6	3.8	167.5	694.5	100.0	0	0.0
80.8	55.3	6.1	177.5	694.2	100.0	0	0.0
77.1	55.7	9.2	261.7	693.9	100.0	0	0.0
74.6	53.2	10.1	307.1	693.5	100.0	0	0.0
07	31	1998
73.2	52.1	9.9	315.0	693.0	100.0	0	0.0
70.5	54.5	9.5	302.1	692.5	100.0	0	0.0
73.3	56.5	6.4	233.3	692.0	100.0	0	0.0
78.2	58.2	6.5	275.8	691.4	100.0	0	0.0
81.6	58.4	7.0	183.3	690.7	100.0	0	0.0
82.5	59.1	6.9	228.8	690.0	100.0	0	0.0
85.0	57.1	7.1	196.2	689.2	100.0	0	0.0
85.0	58.8	7.9	233.3	688.3	100.0	0	0.0
83.4	62.0	7.1	203.8	687.4	100.0	0	0.0
76.7	56.5	10.7	302.9	686.5	100.0	0	0.0
76.6	56.0	8.0	301.2	685.4	100.0	0	0.0
81.9	57.2	4.2	176.7	684.4	100.0	0	0.0
85.2	59.5	6.5	196.7	683.2	100.0	0	0.0
83.1	57.4	7.9	268.3	682.0	100.0	0	0.0
84.4	63.5	6.1	234.2	680.8	100.0	0	0.0
88.0	64.1	5.2	170.0	679.4	100.0	0	0.0
91.1	66.0	5.0	155.4	678.1	100.0	0	0.0
91.3	63.7	5.5	240.4	676.6	100.0	0	0.0
92.0	66.4	6.8	197.5	675.1	100.0	0	0.0
88.2	61.3	7.9	255.0	673.7	100.0	0	0.0
84.0	56.8	6.8	228.3	672.1	100.0	0	0.0
83.4	58.0	8.6	311.2	670.5	100.0	0	0.0
82.0	57.7	7.9	264.2	668.9	100.0	0	0.0
81.8	60.6	6.9	255.4	667.2	100.0	0	0.0
84.6	62.4	5.7	250.0	665.4	100.0	0	0.0
88.9	66.2	5.2	205.0	663.6	100.0	0	0.0
87.7	62.1	8.5	255.0	661.7	100.0	0	0.0
85.8	57.3	7.8	201.2	659.8	100.0	0	0.0
78.9	56.2	10.0	307.5	657.8	100.0	0	0.0
74.2	57.5	10.0	312.1	655.8	100.0	0	0.0
73.5	56.6	8.8	303.8	653.7	100.0	0	0.0
08	31	1998
80.4	60.0	4.0	180.6	651.5	100.0	0	0.0
86.4	64.8	5.8	155.0	649.3	100.0	0	0.0
89.5	67.9	5.8	196.2	647.0	100.0	0	0.0
92.7	67.3	5.6	185.4	644.7	100.0	0	0.0
93.8	67.0	6.3	242.5	642.3	100.0	0	0.0
91.5	64.7	8.0	205.4	639.8	100.0	0	0.0
87.0	55.8	7.2	255.8	637.4	100.0	0	0.0
82.7	52.0	7.6	243.3	634.9	100.0	0	0.0
81.5	57.7	6.8	220.8	632.4	100.0	0	0.0
84.1	60.0	6.4	208.8	629.9	100.0	0	0.0
87.2	61.9	6.2	199.2	627.3	100.0	0	0.0
90.6	62.0	5.2	180.0	624.6	100.0	0	0.0
91.2	63.0	5.0	171.7	621.9	100.0	0	0.0
90.7	63.8	6.1	201.2	619.1	100.0	0	0.0
87.9	63.5	6.3	190.8	616.0	97.9	0	0.0
83.7	53.2	5.9	223.8	613.4	100.0	0	0.0
76.8	51.6	7.8	263.8	610.4	100.0	0	0.0
72.0	51.1	7.4	262.9	607.5	100.0	0	0.0
72.5	53.4	7.1	267.1	604.4	100.0	0	0.0
74.5	55.3	8.5	276.2	601.3	100.0	0	0.0
76.2	56.5	7.3	267.9	598.2	100.0	0	0.0
80.1	54.8	5.9	195.8	595.0	100.0	0	0.0
79.6	53.2	5.4	248.8	591.7	100.0	0	0.0
81.9	54.6	4.0	180.4	588.4	100.0	0	0.0
81.6	50.7	5.9	202.5	585.0	100.0	0	0.0
76.7	53.7	7.7	275.0	581.6	100.0	0	0.0
80.4	54.4	5.4	206.2	578.2	100.0	0	0.0
83.6	57.6	5.9	170.0	574.7	100.0	0	0.0
86.6	60.5	4.7	162.5	571.2	100.0	0	0.0
89.2	58.8	4.5	160.8	567.6	100.0	0	0.0
88.2	56.0	4.4	177.5	563.9	100.0	0	0.0
09	30	1998
89.2	61.6	3.9	140.0	560.2	100.0	0	0.0
90.8	61.0	6.0	105.8	556.5	99.0	0	0.0
92.6	59.8	4.1	90.4	552.7	100.0	0	0.0
82.3	65.4	11.4	135.0	473.4	81.2	0	0.0
82.5	65.4	4.9	194.6	545.0	97.9	0	0.0
86.4	64.6	4.7	218.3	541.2	99.0	0	0.0
87.5	60.8	4.4	158.3	537.2	100.0	0	0.0
86.2	61.0	8.1	205.0	532.6	93.8	0	0.0
71.1	50.9	11.8	310.8	452.9	65.6	0	0.0
67.8	50.2	6.2	270.4	525.2	100.0	0	0.0
73.0	50.1	4.8	142.9	521.1	100.0	0	0.0
77.5	52.2	4.5	147.9	517.0	100.0	0	0.0
81.5	55.1	5.3	213.3	512.8	100.0	0	0.0
83.9	58.5	6.1	195.8	508.6	100.0	0	0.0
81.3	59.7	6.3	230.0	504.4	100.0	0	0.0
81.5	56.0	6.2	228.8	500.2	100.0	0	0.0
77.5	49.7	10.1	305.0	495.9	100.0	0	0.0
71.2	49.1	11.9	313.3	491.6	100.0	0	0.0
70.8	50.0	4.8	211.2	487.3	100.0	0	0.0
72.1	48.2	4.9	187.5	482.9	100.0	0	0.0
68.5	49.7	5.3	255.8	478.7	100.0	0	0.0
68.2	51.2	5.2	220.8	474.4	95.8	0	0.0
66.5	51.5	5.7	212.5	427.8	75.0	0	0.0
66.8	51.8	6.8	207.1	337.9	63.5	0	0.0
66.4	51.3	7.5	276.7	461.6	94.8	0	0.0
61.3	51.3	7.2	227.1	177.2	17.0	15	0.0
61.5	50.8	4.1	186.7	422.4	75.2	0	0.0
65.6	50.1	8.3	263.8	430.0	47.9	0	0.0
66.5	51.4	4.7	187.9	411.9	91.7	0	0.0
67.8	53.2	6.2	272.5	439.8	96.9	0	0.0
10	31	1998
69.3	54.8	5.8	203.8	435.4	100.0	0	0.0
65.0	49.8	9.7	308.8	431.0	100.0	0	0.0
62.1	43.5	11.0	309.4	416.7	89.6	0	0.0
61.4	43.1	4.9	192.5	422.2	100.0	0	0.0
65.2	43.0	3.9	122.9	417.9	100.0	0	0.0
68.8	40.0	2.8	94.2	413.5	100.0	0	0.0
69.7	37.4	5.0	122.1	409.2	100.0	0	0.0
65.7	49.5	6.6	276.2	404.8	100.0	0	0.0
64.3	48.0	8.7	261.2	400.4	100.0	0	0.0
61.7	45.0	5.9	288.3	396.1	100.0	0	0.0
63.3	44.6	2.4	110.0	391.7	100.0	0	0.0
64.5	46.1	3.9	159.6	387.4	100.0	0	0.0
63.7	48.6	5.5	227.9	383.0	100.0	0	0.0
63.8	48.2	9.0	311.2	378.7	100.0	0	0.0
60.5	42.7	8.7	307.5	374.4	100.0	0	0.0
57.9	38.3	3.2	167.5	370.1	100.0	0	0.0
60.5	38.0	3.3	115.4	365.8	100.0	0	0.0
60.5	37.2	2.8	123.3	361.5	100.0	0	0.0
61.8	39.3	3.0	132.9	357.2	100.0	0	0.0
64.8	41.1	3.4	107.9	353.0	100.0	0	0.0
64.5	42.4	3.2	82.1	348.8	100.0	0	0.0
67.2	44.4	3.6	158.3	344.6	100.0	0	0.0
66.2	47.2	2.7	95.8	340.4	100.0	0	0.0
59.5	49.3	8.0	176.4	264.2	54.2	13	0.0
55.3	51.3	8.2	265.5	127.3	27.8	0	0.0
58.8	50.5	5.7	111.7	327.4	87.5	0	0.0
61.2	49.1	2.5	75.0	324.1	92.7	0	0.0
58.2	51.4	5.3	224.6	301.5	96.9	0	0.0
58.7	50.4	6.5	261.8	218.2	64.1	0	0.0
55.7	46.2	3.4	116.7	312.2	92.7	0	0.0
58.1	44.3	3.2	110.4	308.4	100.0	0	0.0
11	30	1998
57.2	46.6	6.9	192.9	290.5	87.5	0	0.0
51.3	46.1	2.9	119.0	209.8	73.8	0	0.0
54.6	45.4	2.2	82.5	297.0	100.0	0	0.0
54.5	45.6	4.0	167.5	293.4	100.0	0	0.0
56.1	45.0	11.2	309.4	283.6	94.2	0	0.0
51.2	38.0	4.4	200.0	283.1	89.6	0	0.0
52.7	46.1	9.6	118.8	104.4	12.0	4	0.0
54.1	44.6	7.8	278.1	265.1	32.3	0	0.0
46.8	41.9	6.0	207.4	183.3	68.5	0	0.0
49.7	42.9	7.1	109.6	136.2	27.1	18	0.0
51.5	47.9	7.3	242.1	120.7	17.7	2	0.0
50.4	45.6	1.9	84.4	235.4	92.6	0	0.0
49.8	43.6	2.0	95.8	234.6	89.6	0	0.0
48.6	44.3	2.2	80.1	240.4	83.2	1	0.0
46.2	44.3	4.5	96.6	229.4	76.6	0	0.0
52.2	47.9	3.0	73.8	110.4	33.2	0	0.0
53.6	45.4	5.7	201.9	211.1	69.8	2	0.0
49.9	41.7	3.9	167.1	248.7	100.0	0	0.0
48.8	42.4	3.3	100.6	245.9	100.0	0	0.0
48.6	41.2	1.9	58.8	243.2	100.0	0	0.0
50.5	41.9	2.9	60.0	240.6	100.0	0	0.0
54.1	45.7	2.6	80.6	200.9	69.8	0	0.0
59.4	46.3	8.6	121.5	174.3	39.6	0	0.0
57.8	44.8	7.2	221.0	180.3	52.1	0	0.0
52.0	41.3	4.2	108.8	228.3	96.9	0	0.0
52.2	42.0	2.0	99.6	228.6	100.0	0	0.0
52.4	45.5	3.1	91.3	79.7	34.4	1	0.0
52.1	48.1	9.6	290.1	101.0	19.6	4	0.0
53.4	42.9	7.6	129.2	77.8	6.2	0	0.0
59.0	48.8	9.8	156.0	137.6	25.0	0	0.0
12	31	1998
53.2	47.5	8.9	257.3	109.3	25.5	13	0.0
50.0	43.5	4.4	129.2	201.7	67.7	0	0.0
52.5	45.7	8.7	188.9	127.2	19.8	19	0.0
42.5	37.4	4.6	171.4	166.1	71.5	0	0.0
42.6	35.7	6.5	193.5	152.5	45.8	1	0.0
40.7	36.0	6.1	201.8	92.0	33.9	10	0.0
40.9	33.9	2.7	88.4	208.3	89.1	0	0.0
43.7	36.5	6.6	184.8	195.6	54.7	0	0.0
43.6	40.3	2.5	135.7	107.7	41.0	0	0.0
41.6	36.5	1.8	92.9	196.3	93.8	0	0.0
42.3	36.9	1.6	86.0	158.3	83.1	0	0.0
42.6	39.6	2.0	75.5	195.5	92.4	0	0.0
51.1	39.0	7.6	149.2	155.6	67.1	2	0.0
46.8	41.6	6.0	210.6	156.9	64.6	2	0.0
44.6	38.8	3.2	92.7	198.1	79.7	0	0.0
46.0	39.8	1.9	78.3	199.4	97.4	0	0.0
48.7	41.8	1.7	66.5	200.2	100.0	0	0.0
47.4	41.9	1.4	61.9	193.6	90.0	0	0.0
42.2	35.8	5.6	180.2	88.9	62.5	0	0.0
33.9	29.9	5.2	158.5	82.6	42.0	5	2.5
30.9	28.0	3.7	147.6	71.8	31.8	0	0.0
28.0	25.0	1.9	36.5	83.4	56.6	0	0.0
30.9	23.8	1.8	77.5	198.6	100.0	0	0.0
32.4	25.2	2.5	110.9	198.6	100.0	0	0.0
35.6	28.1	2.4	102.6	198.7	100.0	0	0.0
37.1	30.5	1.4	38.8	198.9	100.0	0	0.0
39.0	30.6	1.2	29.5	199.2	100.0	0	0.0
41.3	32.4	2.9	140.2	199.5	99.0	0	0.0
40.2	35.0	2.2	74.4	199.9	100.0	0	0.0
43.8	36.1	2.5	95.6	200.4	100.0	0	0.0
48.9	43.2	6.4	240.3	201.0	100.0	0	0.0
