   1    31    1975
37.8	31.8	4.0	125.0	208.7	36.0	.0	.0	
41.3	30.1	7.8	243.8	228.3	2.0	.0	.0	
40.3	33.8	3.7	187.5	196.1	52.0	.0	.0	
43.6	39.5	8.2	191.3	103.5	72.0	1.0	.0	
41.8	39.8	7.9	141.3	110.0	87.0	3.0	.0	
47.8	46.2	10.6	141.3	111.7	98.0	11.0	.0	
52.7	50.1	8.5	168.8	113.8	98.0	3.0	.0	
51.1	42.8	12.6	223.8	162.1	65.0	.0	.0	
44.3	30.5	10.4	285.0	212.5	65.0	.0	.0	
42.2	42.0	4.9	178.8	102.7	88.0	2.0	.0	
43.6	38.9	8.7	256.3	231.5	4.0	.0	.0	
43.2	38.9	2.7	156.3	237.9	6.0	.0	.0	
43.2	39.7	3.6	246.3	188.3	52.0	.0	.0	
39.4	39.4	2.2	80.0	108.2	98.0	.0	.0	
39.8	39.7	2.0	67.5	112.5	98.0	.0	.0	
42.3	40.6	6.0	228.8	189.4	73.0	.0	.0	
41.3	41.2	3.0	85.0	111.2	98.0	.0	.0	
41.3	40.8	4.2	135.0	150.9	88.0	.0	.0	
40.0	39.7	2.9	98.8	105.8	98.0	.0	.0	
41.0	40.3	3.5	125.0	170.3	85.0	.0	.0	
41.5	40.4	4.4	78.8	180.0	81.0	.0	.0	
40.7	39.6	3.0	175.0	163.9	75.0	.0	.0	
39.9	39.9	2.0	92.5	109.0	98.0	.0	.0	
44.1	42.6	3.3	95.0	179.0	66.0	.0	.0	
46.5	44.0	5.3	150.0	206.3	47.0	.0	.0	
48.0	34.6	13.4	281.3	281.8	22.0	.0	.0	
42.4	23.1	16.7	323.8	269.6	6.0	.0	.0	
38.5	25.1	8.4	171.3	217.9	47.0	11.0	.0	
39.6	29.9	9.7	295.0	255.5	16.0	.0	.0	
37.0	25.3	4.7	153.8	287.9	3.0	.0	.0	
42.9	31.6	18.6	132.5	134.1	93.0	42.0	.0	
   2    28    1975
47.9	41.7	17.7	143.8	135.6	98.0	40.0	.0	
47.6	41.2	11.0	155.0	218.6	84.0	53.0	.0	
48.4	41.2	9.0	142.5	186.0	86.0	29.0	.0	
48.3	38.9	11.9	180.0	273.2	77.0	9.0	.0	
47.8	40.9	5.7	158.8	138.8	98.0	4.0	.0	
46.8	42.8	5.6	163.8	161.0	98.0	7.0	.0	
51.9	47.8	5.7	106.3	132.2	98.0	28.0	.0	
56.6	50.8	8.4	130.0	207.3	98.0	87.0	.0	
53.1	45.8	16.0	187.5	246.8	73.0	24.0	.0	
51.2	43.7	8.9	170.0	197.2	64.0	1.0	.0	
50.5	43.1	5.3	135.0	210.4	83.0	.0	.0	
49.7	44.8	10.3	136.3	119.2	98.0	92.0	.0	
52.2	47.3	9.7	156.3	187.8	72.0	56.0	.0	
47.7	33.0	15.4	297.5	336.1	14.0	.0	.0	
44.9	27.6	11.7	283.8	318.5	19.0	.0	.0	
44.8	28.6	16.0	278.8	334.8	10.0	.0	.0	
43.6	26.8	10.8	275.0	284.5	21.0	.0	.0	
44.9	33.0	4.8	106.3	189.4	64.0	.0	.0	
45.7	41.4	13.1	136.3	171.4	87.0	29.0	.0	
44.1	33.6	10.3	210.0	300.9	49.0	.0	.0	
44.1	21.6	19.6	337.5	389.8	3.0	.0	.0	
44.3	27.0	6.6	152.5	393.7	2.0	.0	.0	
46.5	34.5	2.0	93.8	399.2	2.0	.0	.0	
48.8	38.4	5.1	178.8	310.6	54.0	.0	.0	
50.7	41.1	5.1	163.8	378.2	28.0	.0	.0	
51.2	42.3	3.3	116.3	343.3	75.0	.0	.0	
56.2	47.5	3.2	123.8	366.4	56.0	.0	.0	
56.2	48.0	2.7	87.5	371.6	57.0	.0	.0	
   3    31    1975
50.6	45.9	9.1	147.5	164.0	84.0	5.0	.0	
51.7	44.1	4.8	170.0	352.9	56.0	.0	.0	
51.1	40.5	5.1	291.3	400.8	43.0	.0	.0	
52.2	43.7	4.6	145.0	335.9	70.0	.0	.0	
50.1	45.6	3.6	117.5	173.8	98.0	27.0	.0	
53.7	46.4	8.1	103.8	239.8	92.0	4.0	.0	
54.2	47.4	14.4	140.0	165.7	94.0	51.0	.0	
52.5	45.9	12.0	175.0	228.4	82.0	26.0	.0	
48.8	38.6	11.1	192.5	346.4	75.0	1.0	.0	
47.3	38.7	7.8	166.3	212.9	75.0	19.0	.0	
52.0	38.5	11.0	252.5	383.0	42.0	6.0	.0	
49.9	36.2	7.0	208.8	439.4	15.0	.0	.0	
42.4	35.4	9.9	193.8	181.4	98.0	98.0	.0	
43.9	35.4	8.8	231.3	328.5	74.0	.0	.0	
46.5	37.2	11.4	160.0	214.5	93.0	28.0	.0	
45.4	35.0	11.2	218.8	394.0	25.0	.0	.0	
48.4	36.5	9.4	132.5	219.2	89.0	4.0	.0	
54.0	42.0	10.0	155.0	380.6	76.0	.0	.0	
51.9	42.2	8.8	162.5	247.2	84.0	1.0	.0	
44.8	32.2	5.8	157.5	462.1	33.0	.0	.0	
44.8	35.9	15.0	172.5	200.3	93.0	113.0	.0	
47.6	38.2	14.8	200.0	342.7	52.0	.0	.0	
48.9	39.0	5.8	130.0	279.0	88.0	28.0	.0	
53.2	47.0	9.5	145.0	239.3	98.0	9.0	.0	
51.9	32.4	21.3	278.8	445.0	35.0	8.0	.0	
47.2	23.0	18.9	317.5	550.2	24.0	.0	.0	
47.6	21.9	18.3	331.3	509.6	8.0	.0	.0	
48.2	18.4	18.7	346.3	515.2	9.0	.0	.0	
53.1	30.6	10.1	200.0	502.7	25.0	.0	.0	
53.8	37.9	5.3	131.3	518.3	8.0	.0	.0	
52.3	28.3	17.0	308.8	497.6	24.0	.0	.0	
   4    30    1975
48.7	26.2	14.4	293.8	553.2	5.0	.0	.0	
49.7	34.6	10.2	156.3	492.4	59.0	.0	.0	
48.1	34.1	12.1	180.0	346.0	77.0	.0	.0	
45.0	34.6	11.7	166.3	316.6	88.0	31.0	.0	
43.9	34.1	7.2	182.5	310.4	88.0	5.0	.0	
44.0	32.8	4.9	123.8	277.3	69.0	23.0	.0	
45.1	33.2	10.2	155.0	271.7	75.0	1.0	.0	
47.4	35.9	7.2	163.8	285.8	61.0	.0	.0	
49.5	37.3	8.4	256.3	575.4	2.0	.0	.0	
49.9	37.9	12.1	205.0	597.5	2.0	.0	.0	
54.2	37.0	8.8	250.0	573.7	5.0	.0	.0	
57.8	37.4	10.5	305.0	612.8	2.0	.0	.0	
53.5	42.1	14.6	188.8	488.0	59.0	.0	.0	
47.8	34.3	15.7	198.8	480.6	63.0	.0	.0	
44.2	30.5	7.6	140.0	411.6	49.0	.0	.0	
46.5	32.4	4.4	182.5	489.1	59.0	2.0	.0	
49.5	34.7	7.8	196.3	611.7	2.0	.0	.0	
50.7	37.6	11.2	168.8	573.7	20.0	.0	.0	
55.7	40.2	8.3	251.3	535.3	32.0	.0	.0	
57.9	39.5	6.8	251.3	556.1	53.0	.0	.0	
56.4	39.9	12.3	171.3	465.7	65.0	.0	.0	
49.4	34.3	14.8	202.5	528.9	63.0	.0	.0	
53.5	40.4	6.8	150.0	321.9	98.0	4.0	.0	
52.2	42.9	12.1	181.3	290.1	73.0	15.0	.0	
48.1	32.1	8.9	162.5	508.7	53.0	.0	.0	
51.8	32.9	12.9	302.5	572.8	14.0	.0	.0	
54.7	38.8	8.0	220.0	652.9	7.0	.0	.0	
57.6	30.6	13.7	270.0	684.0	2.0	.0	.0	
57.5	34.0	9.6	278.8	657.0	3.0	.0	.0	
58.1	42.5	4.9	163.8	573.2	53.0	.0	.0	
   5    31    1975
56.7	44.0	8.1	195.0	651.4	2.0	.0	.0	
53.7	41.2	12.8	187.5	605.6	38.0	.0	.0	
50.3	39.1	14.3	205.0	291.5	69.0	.0	.0	
54.1	31.2	8.4	283.8	592.1	23.0	.0	.0	
56.0	33.3	9.1	198.8	642.4	2.0	.0	.0	
59.5	41.3	8.0	190.0	689.0	2.0	.0	.0	
60.5	46.1	7.5	187.5	673.3	2.0	.0	.0	
61.1	47.6	8.6	183.8	681.6	3.0	.0	.0	
60.4	47.5	9.8	197.5	619.3	45.0	.0	.0	
62.9	48.9	10.1	198.8	592.3	50.0	.0	.0	
66.7	45.8	9.8	241.3	702.7	3.0	.0	.0	
74.9	45.6	9.5	245.0	707.3	2.0	.0	.0	
72.4	52.8	6.6	128.8	706.6	2.0	.0	.0	
58.8	46.6	17.7	192.5	688.7	2.0	.0	.0	
60.3	48.4	8.7	201.3	537.0	33.0	.0	.0	
66.4	48.8	6.5	211.3	697.7	2.0	.0	.0	
71.7	51.2	4.8	147.5	688.2	2.0	.0	.0	
71.9	53.1	7.4	185.0	687.8	2.0	.0	.0	
68.4	46.6	10.7	241.3	615.8	40.0	.0	.0	
61.9	28.6	17.3	271.3	674.7	11.0	.0	.0	
68.5	38.4	11.3	288.8	689.2	25.0	.0	.0	
68.4	46.9	6.7	197.5	615.3	59.0	.0	.0	
71.7	49.0	4.0	182.5	716.0	7.0	.0	.0	
75.5	50.2	5.9	167.5	686.6	4.0	.0	.0	
76.2	34.1	10.7	306.3	700.0	2.0	.0	.0	
74.2	46.5	6.9	170.0	562.8	45.0	.0	.0	
78.0	46.8	10.8	277.5	690.8	13.0	.0	.0	
82.1	45.3	15.3	332.5	732.2	4.0	.0	.0	
83.1	47.1	11.9	333.8	728.8	2.0	.0	.0	
79.7	51.8	4.4	113.8	737.2	2.0	.0	.0	
73.8	51.5	8.8	177.5	696.9	29.0	.0	.0	
   6    30    1975
67.7	51.5	10.4	186.3	687.2	20.0	.0	.0	
65.1	51.4	11.1	186.3	569.4	41.0	.0	.0	
76.7	49.6	10.0	262.5	705.8	20.0	.0	.0	
82.6	47.6	11.5	288.8	731.2	10.0	.0	.0	
73.0	54.6	11.2	182.5	725.6	2.0	.0	.0	
69.3	53.6	14.0	192.5	681.0	3.0	.0	.0	
70.4	53.2	9.1	202.5	705.8	9.0	.0	.0	
79.8	46.8	10.0	265.0	701.0	2.0	.0	.0	
82.8	47.0	8.1	278.8	729.8	2.0	.0	.0	
80.6	48.9	5.6	201.3	721.8	8.0	.0	.0	
70.2	53.0	10.6	181.3	688.6	19.0	.0	.0	
76.4	53.1	6.0	177.5	688.8	13.0	.0	.0	
82.6	56.8	6.6	257.5	680.9	14.0	.0	.0	
73.6	55.5	9.4	176.3	723.5	2.0	.0	.0	
68.2	54.2	14.5	185.0	728.5	4.0	.0	.0	
67.4	52.0	13.1	201.3	740.5	11.0	.0	.0	
68.8	48.4	11.2	170.0	680.4	38.0	.0	.0	
67.0	46.1	8.9	153.8	739.0	3.0	.0	.0	
61.6	48.5	11.8	178.8	455.4	49.0	.0	.0	
67.4	52.0	7.7	130.0	733.6	2.0	.0	.0	
67.6	49.9	10.8	205.0	739.2	2.0	.0	.0	
69.6	49.8	9.1	168.8	692.5	29.0	.0	.0	
64.2	47.3	13.3	190.0	515.1	65.0	.0	.0	
64.2	43.8	14.1	212.5	594.8	40.0	.0	.0	
66.9	42.8	5.3	245.0	696.9	9.0	.0	.0	
71.0	46.6	6.2	205.0	681.0	8.0	.0	.0	
72.9	46.2	7.4	240.0	726.2	2.0	.0	.0	
75.3	48.2	6.2	192.5	740.7	2.0	.0	.0	
73.3	46.8	10.3	173.8	752.7	2.0	.0	.0	
67.0	45.4	14.8	181.3	727.7	2.0	.0	.0	
   7    31    1975
66.4	45.6	10.7	196.3	739.9	2.0	.0	.0	
67.2	47.4	9.7	183.8	748.9	3.0	.0	.0	
66.2	49.0	12.9	203.8	696.4	13.0	.0	.0	
65.9	50.5	8.8	205.0	518.2	69.0	.0	.0	
73.4	51.5	5.1	180.0	689.3	2.0	.0	.0	
75.9	53.0	7.5	177.5	706.3	2.0	.0	.0	
74.5	53.8	7.9	180.0	734.6	3.0	.0	.0	
75.9	53.8	6.2	198.8	695.2	2.0	.0	.0	
74.3	54.0	8.4	180.0	653.7	23.0	.0	.0	
76.9	55.0	8.7	187.5	614.6	35.0	.0	.0	
74.9	54.7	8.5	192.5	732.6	2.0	.0	.0	
75.4	55.3	9.5	177.5	674.9	2.0	.0	.0	
74.2	55.4	8.5	165.0	729.8	2.0	.0	.0	
70.8	53.8	14.4	190.0	721.8	2.0	.0	.0	
66.4	58.2	9.1	176.3	282.7	88.0	4.0	.0	
75.7	60.0	6.7	236.3	584.8	43.0	.0	.0	
72.6	56.4	12.4	192.5	675.3	9.0	.0	.0	
69.5	55.0	14.5	183.8	700.8	18.0	.0	.0	
73.0	57.8	8.1	207.5	649.9	30.0	.0	.0	
72.8	56.6	10.0	193.8	706.8	2.0	.0	.0	
75.6	57.0	6.0	198.8	706.2	3.0	.0	.0	
81.7	56.0	6.4	176.3	662.3	6.0	.0	.0	
82.5	54.5	5.6	175.0	716.5	2.0	.0	.0	
85.1	56.4	5.2	151.3	706.3	2.0	.0	.0	
89.4	57.4	7.2	237.5	693.8	2.0	.0	.0	
87.4	55.3	6.3	151.3	655.8	2.0	.0	.0	
79.3	56.2	12.0	187.5	688.0	2.0	.0	.0	
72.5	56.5	14.3	195.0	681.9	2.0	.0	.0	
72.6	54.9	12.9	175.0	624.4	13.0	.0	.0	
72.7	51.6	6.2	212.5	701.3	2.0	.0	.0	
78.3	49.2	6.1	260.0	671.9	2.0	.0	.0	
   8    31    1975
81.7	50.6	4.8	173.8	663.3	2.0	.0	.0	
84.8	51.5	4.8	166.3	686.3	2.0	.0	.0	
85.1	53.1	4.3	136.3	671.7	2.0	.0	.0	
77.6	51.6	8.9	181.3	654.6	2.0	.0	.0	
75.5	54.7	8.5	190.0	677.1	3.0	.0	.0	
71.4	49.9	13.4	181.3	651.4	2.0	.0	.0	
77.4	48.0	8.4	258.8	657.1	2.0	.0	.0	
81.7	50.3	4.7	148.8	683.2	2.0	.0	.0	
80.8	54.5	7.8	188.8	615.0	24.0	.0	.0	
78.9	53.6	4.8	158.8	594.6	14.0	.0	.0	
74.3	54.3	8.8	198.8	650.7	2.0	.0	.0	
70.2	53.6	11.7	188.8	670.0	2.0	.0	.0	
69.3	54.0	12.3	177.5	584.2	23.0	.0	.0	
70.3	53.3	10.5	195.0	617.3	12.0	.0	.0	
69.2	53.3	9.5	200.0	605.2	19.0	.0	.0	
69.3	53.5	11.4	190.0	607.4	4.0	.0	.0	
71.5	56.5	10.1	181.3	518.4	58.0	.0	.0	
66.2	59.3	8.9	180.0	272.7	98.0	23.0	.0	
71.4	57.5	7.1	245.0	447.9	58.0	.0	.0	
77.0	57.5	4.2	187.5	601.6	20.0	.0	.0	
75.2	54.9	6.2	173.8	508.9	55.0	.0	.0	
76.9	57.0	4.6	173.8	623.6	3.0	.0	.0	
80.3	54.2	9.8	166.3	591.7	2.0	.0	.0	
80.9	60.3	5.6	135.0	604.6	2.0	.0	.0	
79.2	58.6	10.2	181.3	597.3	2.0	.0	.0	
66.1	52.2	16.1	198.8	627.0	3.0	.0	.0	
66.8	53.0	11.2	187.5	519.3	17.0	.0	.0	
71.1	52.1	5.6	191.3	609.9	4.0	.0	.0	
72.7	50.9	7.1	216.3	612.5	2.0	.0	.0	
72.4	51.9	8.1	163.8	590.1	2.0	.0	.0	
71.1	51.6	6.2	183.8	559.5	2.0	.0	.0	
   9    30    1975
70.8	49.4	7.0	220.0	581.1	2.0	.0	.0	
75.8	49.8	3.2	152.5	591.7	2.0	.0	.0	
78.5	50.3	3.6	201.3	594.6	2.0	.0	.0	
82.2	53.8	3.2	143.8	581.7	2.0	.0	.0	
83.0	54.4	4.6	155.0	530.2	2.0	.0	.0	
78.7	54.4	6.1	182.5	583.9	2.0	.0	.0	
76.0	53.1	6.3	171.3	560.8	2.0	.0	.0	
71.0	53.1	10.0	162.5	404.3	82.0	.0	.0	
75.9	55.8	7.0	211.3	494.1	53.0	.0	.0	
69.9	55.6	7.1	188.8	256.0	81.0	.0	.0	
72.9	56.8	8.1	191.3	516.7	11.0	.0	.0	
72.0	55.9	8.8	182.5	539.6	2.0	.0	.0	
70.0	55.9	9.1	186.3	528.8	2.0	.0	.0	
70.6	55.0	8.9	197.5	545.5	2.0	.0	.0	
72.2	53.8	7.2	181.3	541.8	2.0	.0	.0	
73.9	54.6	6.5	208.8	524.3	4.0	.0	.0	
77.4	53.3	7.1	207.5	417.0	51.0	.0	.0	
72.1	52.6	10.8	200.0	435.3	28.0	.0	.0	
70.9	52.0	9.5	187.5	489.1	2.0	.0	.0	
73.7	54.8	5.2	161.3	497.0	21.0	.0	.0	
75.5	56.2	6.4	185.0	422.9	60.0	.0	.0	
74.0	56.2	6.0	185.0	501.6	13.0	.0	.0	
77.6	55.0	3.0	165.0	455.5	19.0	.0	.0	
81.0	55.4	2.2	86.3	493.5	5.0	.0	.0	
81.1	51.2	3.6	155.0	502.7	2.0	.0	.0	
76.7	49.2	5.9	172.5	499.2	2.0	.0	.0	
70.4	49.5	7.1	206.3	448.5	2.0	.0	.0	
68.9	49.6	5.6	216.3	479.3	2.0	.0	.0	
71.8	51.4	3.6	103.8	467.6	2.0	.0	.0	
71.7	51.5	5.5	213.8	457.3	2.0	.0	.0	
  10    31    1975
68.6	51.9	7.8	178.8	463.3	4.0	.0	.0	
69.6	51.5	6.8	182.5	450.1	25.0	.0	.0	
73.4	52.2	6.1	181.3	400.6	40.0	.0	.0	
74.7	52.2	2.9	143.8	444.2	10.0	.0	.0	
75.8	51.9	6.9	136.3	419.2	16.0	.0	.0	
64.5	53.5	12.8	208.8	277.2	64.0	7.0	.0	
60.5	42.9	5.2	197.5	420.4	10.0	.0	.0	
62.2	44.8	5.3	150.0	393.2	64.0	.0	.0	
60.2	47.4	6.5	122.5	193.7	98.0	52.0	.0	
62.9	54.9	10.2	176.3	202.1	85.0	22.0	.0	
60.8	51.7	6.7	221.3	293.1	50.0	.0	.0	
59.2	50.4	7.5	187.5	370.7	24.0	.0	.0	
60.1	50.2	5.0	206.3	383.3	4.0	.0	.0	
63.3	49.9	3.4	203.8	415.7	2.0	.0	.0	
65.2	51.3	2.7	163.8	375.7	11.0	.0	.0	
66.7	52.2	2.8	145.0	405.7	2.0	.0	.0	
66.0	53.4	5.8	125.0	350.9	43.0	.0	.0	
67.6	53.8	6.1	226.3	377.7	17.0	.0	.0	
67.0	51.1	2.0	47.5	359.1	2.0	.0	.0	
68.3	53.0	2.9	90.0	365.4	2.0	.0	.0	
67.7	54.7	9.9	171.3	326.3	26.0	.0	.0	
61.4	35.7	14.1	262.5	368.7	8.0	.0	.0	
59.0	30.3	14.7	326.3	361.1	2.0	.0	.0	
55.9	33.4	5.0	140.0	359.5	21.0	.0	.0	
58.8	43.4	6.8	137.5	186.8	80.0	9.0	.0	
58.8	52.0	11.5	166.3	178.9	76.0	28.0	.0	
55.8	42.9	4.5	130.0	340.7	6.0	.0	.0	
54.4	40.6	3.4	143.8	342.8	2.0	.0	.0	
58.9	44.4	5.5	145.0	337.7	27.0	41.0	.0	
60.4	52.7	7.0	230.0	194.8	56.0	44.0	.0	
59.6	44.2	8.9	258.8	309.8	2.0	.0	.0	
  11    30    1975
58.9	49.0	2.6	107.5	311.8	4.0	.0	.0	
59.2	50.0	2.0	80.0	282.0	21.0	.0	.0	
60.5	51.0	2.0	90.0	313.3	9.0	.0	.0	
61.6	52.4	2.0	86.3	322.8	7.0	.0	.0	
60.1	51.6	5.6	157.5	219.0	56.0	.0	.0	
58.3	47.1	5.2	146.3	280.0	16.0	.0	.0	
59.9	52.7	6.2	145.0	143.9	79.0	.0	.0	
55.6	42.3	8.1	323.8	272.4	14.0	.0	.0	
52.1	35.6	5.3	177.5	232.7	55.0	6.0	.0	
54.9	40.1	7.5	198.8	252.0	27.0	1.0	.0	
51.6	34.0	8.9	325.0	282.1	2.0	.0	.0	
52.2	39.2	3.9	161.3	259.9	2.0	.0	.0	
54.7	42.1	2.1	161.3	277.5	9.0	.0	.0	
55.3	44.8	2.3	62.5	149.3	70.0	.0	.0	
58.6	51.5	5.4	108.8	136.0	91.0	17.0	.0	
55.7	45.9	8.2	253.8	164.4	62.0	2.0	.0	
50.8	30.7	18.0	308.8	285.5	2.0	.0	.0	
50.1	22.2	20.9	318.8	281.2	4.0	.0	.0	
48.2	29.9	4.2	93.8	223.4	67.0	.0	.0	
51.7	41.1	9.5	226.3	190.4	55.0	3.0	.0	
46.5	37.9	4.5	136.3	195.6	21.0	.0	.0	
48.6	38.5	3.9	172.5	182.4	28.0	.0	.0	
52.1	38.9	4.4	156.3	233.4	5.0	.0	.0	
53.0	42.5	2.9	133.8	226.6	14.0	.0	.0	
61.2	35.5	13.3	235.0	233.0	33.0	.0	.0	
52.3	40.6	6.9	122.5	137.5	54.0	.0	.0	
50.7	43.4	4.2	122.5	113.8	70.0	.0	.0	
47.0	28.0	7.8	290.0	239.3	22.0	.0	.0	
46.7	28.9	6.2	177.5	205.7	48.0	.0	.0	
51.6	36.9	5.2	110.0	214.2	58.0	.0	.0	
  12    31    1975
52.5	40.4	4.6	193.8	236.4	6.0	.0	.0	
52.2	41.8	2.2	76.3	218.6	2.0	.0	.0	
52.1	42.4	2.5	91.3	223.1	24.0	.0	.0	
57.3	46.5	8.4	167.5	197.7	61.0	2.0	.0	
60.0	50.7	3.2	128.8	111.4	94.0	1.0	.0	
53.1	45.9	3.5	120.0	189.0	31.0	.0	.0	
49.4	44.5	2.0	.0	115.1	75.0	.0	.0	
45.0	43.5	2.0	61.3	97.1	98.0	.0	.0	
43.9	43.4	3.0	142.5	115.3	98.0	.0	.0	
43.7	41.8	3.6	171.3	107.6	98.0	.0	.0	
44.5	42.5	6.9	165.0	108.4	98.0	2.0	.0	
46.4	41.0	8.6	267.5	142.3	56.0	2.0	.0	
45.3	31.9	7.0	185.0	183.7	29.0	.0	.0	
41.7	27.5	8.8	267.5	196.9	4.0	.0	.0	
40.3	32.6	3.7	167.5	218.6	14.0	.0	.0	
42.3	33.4	2.6	72.5	231.6	2.0	.0	.0	
43.8	34.6	2.0	17.5	229.0	2.0	.0	.0	
42.4	35.1	2.0	47.5	195.3	5.0	.0	.0	
44.0	36.6	4.9	256.3	185.8	15.0	.0	.0	
44.2	35.3	3.3	91.3	206.6	4.0	.0	.0	
46.4	39.8	5.2	122.5	155.5	68.0	8.0	.0	
46.2	44.7	6.7	182.5	101.3	73.0	3.0	.0	
44.6	39.5	3.5	132.5	175.7	33.0	.0	.0	
45.0	40.4	4.6	205.0	193.1	28.0	.0	.0	
39.6	39.3	3.3	137.5	87.6	94.0	.0	.0	
43.3	42.4	4.0	183.8	108.7	98.0	.0	.0	
47.0	44.3	5.6	166.3	128.9	63.0	.0	.0	
45.3	40.9	3.3	67.5	225.0	35.0	.0	.0	
49.1	43.0	3.8	98.8	190.9	20.0	.0	.0	
48.3	32.6	11.5	306.3	197.0	8.0	.0	.0	
44.1	22.2	17.1	336.3	200.3	2.0	.0	.0	
