   1    31    1974
42.4	26.0	14.7	248.8	214.9	29.0	.0	.0	
37.7	21.1	8.8	245.0	229.2	7.0	.0	.0	
43.8	29.8	10.6	133.8	94.4	98.0	22.0	.0	
38.9	35.2	7.8	307.5	106.5	95.0	59.0	.0	
39.8	34.9	7.8	188.8	84.0	98.0	14.0	.0	
40.4	36.5	6.9	230.0	102.3	98.0	41.0	.0	
41.5	33.9	14.1	335.0	142.5	72.0	6.0	.0	
40.9	28.3	5.1	177.5	229.2	5.0	.0	.0	
37.7	33.5	4.7	215.0	102.8	64.0	.0	.0	
38.1	33.2	4.2	166.3	209.8	61.0	.0	.0	
41.0	38.1	2.8	107.5	98.0	97.0	45.0	.0	
49.9	46.4	5.8	115.0	127.3	84.0	.0	.0	
51.4	49.5	7.0	145.0	98.4	98.0	.0	.0	
51.4	48.2	7.0	138.8	112.8	98.0	49.0	.0	
55.4	49.0	6.5	180.0	124.5	98.0	1.0	.0	
55.2	47.6	11.8	155.0	122.5	98.0	62.0	.0	
56.0	51.5	2.5	60.0	189.8	83.0	2.0	.0	
57.9	53.8	9.2	135.0	90.6	93.0	37.0	.0	
53.4	49.1	9.0	180.0	125.5	93.0	.0	.0	
48.7	44.5	5.4	238.8	139.6	75.0	.0	.0	
47.5	29.0	15.7	331.3	239.3	2.0	.0	.0	
48.3	32.9	10.4	300.0	243.2	23.0	.0	.0	
48.0	37.1	5.5	108.8	261.0	28.0	.0	.0	
46.9	38.5	3.0	112.5	273.5	16.0	.0	.0	
42.3	39.4	3.9	118.8	119.9	85.0	.0	.0	
46.5	34.6	10.2	255.0	241.9	36.0	.0	.0	
43.9	34.6	5.9	148.8	242.1	29.0	.0	.0	
43.9	37.6	5.6	215.0	251.6	38.0	.0	.0	
44.4	38.8	2.9	118.8	248.1	52.0	.0	.0	
43.2	39.4	3.0	150.0	124.7	86.0	.0	.0	
47.9	43.7	5.3	111.3	108.7	98.0	20.0	.0	
   2    28    1974
50.0	41.2	7.2	215.0	249.8	23.0	.0	.0	
47.1	34.6	6.5	250.0	232.4	33.0	.0	.0	
46.0	39.1	2.0	53.8	295.1	10.0	.0	.0	
46.6	40.5	5.8	220.0	197.9	54.0	.0	.0	
48.3	24.0	21.6	323.8	289.9	2.0	.0	.0	
47.4	24.1	13.6	337.5	296.8	5.0	.0	.0	
45.6	32.6	4.6	96.3	299.0	2.0	.0	.0	
47.8	35.3	2.7	131.3	322.9	2.0	.0	.0	
48.2	36.8	4.2	186.3	305.6	40.0	.0	.0	
49.7	40.0	2.2	86.3	276.7	46.0	.0	.0	
46.0	38.2	9.3	171.3	262.5	39.0	.0	.0	
44.2	37.8	7.2	146.3	166.7	74.0	18.0	.0	
43.5	37.2	4.5	206.3	202.0	74.0	.0	.0	
47.4	38.2	4.5	121.3	246.0	57.0	.0	.0	
49.0	41.0	5.9	136.3	291.6	74.0	.0	.0	
51.0	41.5	7.9	235.0	272.6	56.0	11.0	.0	
47.4	35.4	10.7	292.5	323.2	40.0	.0	.0	
46.9	39.8	8.4	142.5	147.7	88.0	2.0	.0	
50.8	39.4	9.6	258.8	339.1	37.0	24.0	.0	
46.1	32.5	7.8	250.0	273.8	63.0	.0	.0	
45.9	38.9	7.4	133.8	146.9	77.0	6.0	.0	
45.6	32.3	6.8	210.0	354.8	15.0	.0	.0	
46.6	30.8	6.5	221.3	395.7	3.0	.0	.0	
50.1	38.4	2.6	117.5	372.8	18.0	.0	.0	
52.0	40.1	3.9	120.0	309.0	70.0	.0	.0	
51.9	44.1	9.7	172.5	185.7	91.0	.0	.0	
49.0	38.4	3.9	115.0	172.0	92.0	.0	.0	
53.5	43.0	13.0	157.5	191.1	98.0	76.0	.0	
   3    31    1974
53.9	48.4	13.2	190.0	193.3	98.0	66.0	.0	
47.2	39.0	10.5	210.0	239.8	90.0	23.0	.0	
46.8	32.6	13.1	285.0	405.4	30.0	.0	.0	
47.2	31.0	6.0	207.5	423.3	18.0	.0	.0	
49.0	39.4	4.8	155.0	376.6	40.0	.0	.0	
49.9	42.6	12.5	193.8	200.4	79.0	.0	.0	
45.7	40.4	8.6	212.5	180.3	98.0	50.0	.0	
46.0	30.4	13.1	301.3	417.3	30.0	.0	.0	
45.8	37.1	5.8	178.8	373.2	38.0	.0	.0	
52.1	42.7	5.6	150.0	217.4	92.0	.0	.0	
52.2	46.7	5.8	133.8	183.5	98.0	28.0	.0	
53.8	48.2	8.8	198.8	330.6	57.0	.0	.0	
53.3	44.6	7.5	232.5	425.9	55.0	.0	.0	
59.3	48.1	4.3	222.5	395.2	65.0	.0	.0	
58.9	51.5	2.5	102.5	210.0	74.0	.0	.0	
60.4	53.5	4.9	152.5	208.8	98.0	.0	.0	
59.6	51.8	4.1	207.5	286.3	77.0	.0	.0	
60.4	47.8	8.5	248.8	457.0	14.0	.0	.0	
59.6	41.0	7.1	252.5	506.9	2.0	.0	.0	
55.2	46.8	7.8	170.0	492.8	4.0	.0	.0	
51.8	46.0	9.8	201.3	300.8	31.0	.0	.0	
52.2	45.4	7.0	191.3	396.6	28.0	.0	.0	
51.5	46.9	5.5	166.3	294.0	46.0	.0	.0	
52.8	47.9	6.1	162.5	295.7	77.0	.0	.0	
53.1	50.6	3.2	113.8	182.5	98.0	33.0	.0	
58.6	54.3	6.8	145.0	378.0	98.0	20.0	.0	
55.0	50.8	9.4	152.5	227.2	98.0	23.0	.0	
56.8	52.1	9.5	155.0	266.5	98.0	17.0	.0	
59.4	54.8	10.4	161.3	264.0	98.0	19.0	.0	
53.8	49.2	12.4	196.3	368.5	61.0	35.0	.0	
50.9	44.1	6.9	165.0	241.4	82.0	13.0	.0	
   4    30    1974
50.8	49.0	11.5	177.5	243.4	71.0	37.0	.0	
49.7	42.4	5.2	180.0	516.0	18.0	.0	.0	
52.3	40.3	6.8	236.3	575.3	13.0	.0	.0	
54.2	45.0	2.6	131.3	536.4	33.0	.0	.0	
54.6	47.8	8.2	167.5	316.8	61.0	1.0	.0	
53.2	42.9	5.8	192.5	522.5	11.0	.0	.0	
56.7	43.1	6.2	271.3	425.2	57.0	.0	.0	
54.9	45.3	9.9	150.0	369.3	84.0	1.0	.0	
50.0	43.0	7.5	177.5	446.6	60.0	20.0	.0	
54.1	40.6	9.3	275.0	590.7	2.0	.0	.0	
62.3	46.1	9.8	321.3	565.1	26.0	.0	.0	
60.5	36.6	14.7	327.5	620.4	8.0	.0	.0	
60.6	37.4	9.1	316.3	590.5	5.0	.0	.0	
59.5	45.1	3.8	108.8	554.1	41.0	.0	.0	
56.7	43.3	5.5	171.3	562.1	9.0	.0	.0	
60.1	45.3	2.6	112.5	593.3	5.0	.0	.0	
55.4	46.5	12.7	187.5	537.5	47.0	.0	.0	
49.9	43.5	6.8	152.5	239.7	73.0	3.0	.0	
55.2	45.7	6.7	171.3	586.3	30.0	.0	.0	
59.7	43.8	8.9	261.3	626.2	14.0	.0	.0	
60.1	49.7	6.3	150.0	624.9	2.0	.0	.0	
55.9	47.1	11.1	192.5	465.7	59.0	.0	.0	
49.9	44.4	8.1	162.5	275.8	93.0	13.0	.0	
50.2	42.1	8.3	171.3	405.7	66.0	12.0	.0	
51.1	39.6	6.7	155.0	473.7	55.0	.0	.0	
53.5	44.1	4.9	202.5	383.5	62.0	9.0	.0	
58.2	43.6	7.5	240.0	643.5	3.0	.0	.0	
65.0	45.0	12.7	328.8	658.9	3.0	.0	.0	
67.6	44.7	9.0	308.8	613.0	36.0	.0	.0	
65.4	52.1	7.9	176.3	663.1	11.0	.0	.0	
   5    31    1974
57.1	47.1	13.4	192.5	553.5	34.0	.0	.0	
56.8	46.6	8.8	222.5	615.2	18.0	.0	.0	
59.3	49.0	9.9	236.3	672.8	3.0	.0	.0	
59.9	50.4	7.2	172.5	684.7	2.0	.0	.0	
60.0	51.0	8.1	200.0	623.0	8.0	.0	.0	
64.0	52.7	6.5	177.5	669.6	15.0	.0	.0	
68.2	55.2	7.4	186.3	665.7	2.0	.0	.0	
66.5	55.1	6.3	176.3	676.1	2.0	.0	.0	
62.0	48.4	7.8	187.5	693.5	2.0	.0	.0	
63.0	47.3	5.6	175.0	697.1	2.0	.0	.0	
65.4	49.5	6.0	212.5	672.8	33.0	.0	.0	
60.1	47.4	9.4	188.8	605.4	40.0	.0	.0	
59.9	43.1	5.9	191.3	600.4	57.0	.0	.0	
59.9	46.1	8.7	178.8	708.0	7.0	.0	.0	
57.3	43.5	6.1	171.3	673.5	6.0	.0	.0	
54.7	34.6	10.0	202.5	696.6	2.0	.0	.0	
51.1	36.5	13.0	210.0	656.9	19.0	.0	.0	
52.1	36.0	6.6	203.8	608.2	28.0	1.0	.0	
56.4	40.3	10.1	220.0	611.9	10.0	.0	.0	
57.5	42.1	10.0	190.0	710.1	18.0	.0	.0	
61.1	43.9	6.5	207.5	679.2	39.0	.0	.0	
64.3	45.6	6.0	208.8	685.7	8.0	.0	.0	
67.0	48.2	6.1	205.0	682.9	39.0	.0	.0	
69.3	49.0	5.5	178.8	688.8	40.0	.0	.0	
73.7	53.2	5.6	208.8	720.0	10.0	.0	.0	
78.4	56.5	4.6	170.0	718.4	10.0	.0	.0	
72.0	53.7	7.9	172.5	656.6	28.0	.0	.0	
57.2	48.9	16.4	192.5	641.0	19.0	.0	.0	
60.5	48.5	10.1	221.3	685.5	2.0	.0	.0	
65.6	48.0	7.9	186.3	709.1	2.0	.0	.0	
62.8	48.9	10.2	191.3	734.4	2.0	.0	.0	
   6    30    1974
62.1	51.0	9.8	183.8	722.7	9.0	.0	.0	
65.1	53.1	8.9	195.0	720.9	9.0	.0	.0	
68.1	54.8	7.3	186.3	668.7	19.0	.0	.0	
73.7	51.5	8.9	273.8	582.1	70.0	.0	.0	
78.0	54.0	10.7	310.0	608.4	75.0	.0	.0	
80.0	49.1	13.3	321.3	712.4	3.0	.0	.0	
76.2	35.1	18.0	317.5	749.9	2.0	.0	.0	
73.8	37.8	10.7	223.8	747.6	2.0	.0	.0	
73.9	44.6	8.1	186.3	753.6	2.0	.0	.0	
74.4	49.6	6.1	170.0	730.3	2.0	.0	.0	
67.5	48.2	9.3	186.3	650.2	19.0	.0	.0	
64.5	51.1	9.6	187.5	660.6	28.0	.0	.0	
63.7	50.9	12.6	181.3	725.5	6.0	.0	.0	
64.0	49.2	11.2	191.3	719.1	2.0	.0	.0	
64.7	49.1	12.1	182.5	715.9	10.0	.0	.0	
60.6	50.1	11.4	208.8	660.2	26.0	.0	.0	
62.5	51.8	8.6	191.3	667.4	39.0	.0	.0	
62.1	51.8	13.4	203.8	579.4	59.0	.0	.0	
62.4	54.7	10.4	215.0	594.3	55.0	50.0	.0	
69.0	55.4	10.0	296.3	738.2	2.0	.0	.0	
72.8	55.5	7.2	182.5	735.7	2.0	.0	.0	
67.9	54.1	9.8	182.5	749.1	2.0	.0	.0	
64.3	52.1	10.8	190.0	746.6	2.0	.0	.0	
64.7	48.6	10.3	190.0	730.8	2.0	.0	.0	
63.2	47.5	11.1	187.5	721.1	2.0	.0	.0	
66.3	45.9	6.5	197.5	750.9	2.0	.0	.0	
70.0	47.4	6.1	228.8	718.3	2.0	.0	.0	
77.4	54.8	4.6	158.8	740.4	2.0	.0	.0	
79.4	53.3	7.5	182.5	743.4	2.0	.0	.0	
68.4	54.4	13.1	186.3	728.7	2.0	.0	.0	
   7    31    1974
72.5	55.2	8.8	135.0	711.9	2.0	.0	.0	
72.2	50.2	6.6	203.8	728.4	2.0	.0	.0	
72.3	52.5	9.6	180.0	742.7	2.0	.0	.0	
72.6	53.9	8.2	182.5	715.7	2.0	.0	.0	
72.4	55.2	9.5	185.0	738.6	4.0	.0	.0	
64.8	51.5	13.7	178.8	698.8	4.0	.0	.0	
61.4	49.3	13.3	185.0	614.1	45.0	2.0	.0	
59.4	57.6	8.9	166.3	300.2	98.0	77.0	.0	
63.5	56.7	10.5	187.5	435.7	72.0	.0	.0	
60.8	50.0	12.6	193.8	623.5	20.0	.0	.0	
64.2	50.3	6.5	166.3	707.5	2.0	.0	.0	
69.7	51.6	5.5	183.8	734.4	2.0	.0	.0	
71.9	52.3	5.6	198.8	737.3	2.0	.0	.0	
74.2	53.2	6.2	185.0	711.6	2.0	.0	.0	
69.1	50.4	10.3	162.5	729.1	2.0	.0	.0	
67.6	51.1	8.5	170.0	724.0	2.0	.0	.0	
72.0	55.6	8.2	183.8	675.7	3.0	.0	.0	
75.4	57.4	7.4	188.8	710.3	2.0	.0	.0	
77.1	57.0	5.8	193.8	713.6	2.0	.0	.0	
76.8	53.5	9.3	178.8	701.1	2.0	.0	.0	
76.4	53.3	4.9	157.5	719.4	2.0	.0	.0	
77.5	51.8	5.5	200.0	709.4	2.0	.0	.0	
80.5	54.0	4.3	165.0	705.8	2.0	.0	.0	
84.8	56.1	3.3	170.0	705.0	8.0	.0	.0	
83.1	58.0	4.1	143.8	566.6	49.0	.0	.0	
77.0	53.4	11.1	176.3	702.8	2.0	.0	.0	
72.3	54.6	11.1	182.5	631.9	13.0	.0	.0	
71.6	55.4	8.1	192.5	677.5	2.0	.0	.0	
72.6	58.1	7.4	196.3	651.2	16.0	.0	.0	
72.8	58.4	8.1	180.0	644.2	32.0	.0	.0	
70.3	59.1	8.2	177.5	561.4	38.0	.0	.0	
   8    31    1974
75.6	61.0	7.6	198.8	677.0	6.0	.0	.0	
79.1	61.1	7.7	193.8	677.3	2.0	.0	.0	
75.9	57.8	9.1	188.8	631.3	33.0	.0	.0	
74.9	56.9	9.4	172.5	592.6	38.0	.0	.0	
76.8	60.5	9.2	265.0	530.2	37.0	.0	.0	
79.7	61.4	6.7	241.3	679.8	2.0	.0	.0	
72.2	55.6	10.1	188.8	653.0	2.0	.0	.0	
72.5	56.4	6.3	165.0	643.5	2.0	.0	.0	
72.2	57.9	8.2	186.3	657.3	2.0	.0	.0	
69.0	56.5	9.9	178.8	656.4	2.0	.0	.0	
66.4	55.6	11.8	198.8	603.3	29.0	.0	.0	
65.2	53.8	15.1	188.8	669.3	4.0	.0	.0	
65.3	50.4	12.1	180.0	631.9	11.0	.0	.0	
69.3	50.4	6.4	243.8	647.6	2.0	.0	.0	
68.0	52.0	10.3	181.3	663.8	2.0	.0	.0	
66.1	53.2	8.7	182.5	652.8	2.0	.0	.0	
69.1	52.1	7.2	190.0	623.8	3.0	.0	.0	
68.7	46.0	8.5	157.5	646.7	2.0	.0	.0	
69.5	44.2	6.4	227.5	646.6	2.0	.0	.0	
72.9	44.6	9.1	258.8	633.1	2.0	.0	.0	
75.0	48.4	5.3	191.3	643.0	4.0	.0	.0	
78.0	52.5	4.6	170.0	627.9	2.0	.0	.0	
77.9	55.5	5.2	222.5	613.1	2.0	.0	.0	
76.7	54.6	5.8	147.5	590.9	2.0	.0	.0	
73.0	52.3	8.5	180.0	613.7	2.0	.0	.0	
72.0	53.5	7.1	210.0	593.5	8.0	.0	.0	
67.0	53.3	9.4	187.5	600.5	2.0	.0	.0	
65.2	54.6	9.6	178.8	575.7	13.0	.0	.0	
64.9	54.9	7.6	196.3	442.4	59.0	.0	.0	
64.7	54.5	8.7	190.0	497.3	75.0	.0	.0	
67.0	53.8	7.6	187.5	521.6	45.0	.0	.0	
   9    30    1974
70.3	52.9	6.6	213.8	578.7	2.0	.0	.0	
70.0	51.1	8.4	190.0	576.6	2.0	.0	.0	
68.3	52.9	7.6	182.5	593.5	2.0	.0	.0	
72.4	53.8	4.6	155.0	586.6	2.0	.0	.0	
75.9	52.6	4.6	197.5	582.1	2.0	.0	.0	
77.4	53.6	5.6	161.3	568.4	2.0	.0	.0	
75.6	50.4	7.4	180.0	544.0	2.0	.0	.0	
70.4	53.7	6.1	156.3	547.8	2.0	.0	.0	
72.9	54.7	5.6	192.5	548.5	2.0	.0	.0	
76.9	58.0	5.8	208.8	518.7	2.0	.0	.0	
76.8	47.2	12.1	311.3	474.4	13.0	.0	.0	
69.4	45.5	7.0	217.5	546.1	2.0	.0	.0	
65.4	52.5	7.4	201.3	503.9	2.0	.0	.0	
67.0	55.4	8.5	180.0	539.3	2.0	.0	.0	
67.3	54.0	6.2	175.0	543.0	2.0	.0	.0	
67.4	53.0	5.1	192.5	511.8	2.0	.0	.0	
73.2	53.7	5.0	161.3	536.6	2.0	.0	.0	
69.5	53.0	5.5	175.0	527.7	2.0	.0	.0	
67.0	53.0	5.2	172.5	519.2	2.0	.0	.0	
68.8	51.5	5.2	178.8	519.9	2.0	.0	.0	
68.1	51.1	4.9	138.8	511.3	2.0	.0	.0	
65.9	51.7	6.4	173.8	502.6	2.0	.0	.0	
65.9	50.7	4.6	163.8	498.5	2.0	.0	.0	
69.6	50.9	6.7	210.0	465.5	15.0	.0	.0	
61.6	50.8	10.5	173.8	427.9	28.0	.0	.0	
61.4	52.2	8.2	182.5	473.0	2.0	.0	.0	
62.8	52.1	5.5	163.8	485.1	2.0	.0	.0	
63.0	52.0	7.8	173.8	454.1	2.0	.0	.0	
64.3	50.1	3.9	111.3	465.8	2.0	.0	.0	
67.1	46.5	5.4	252.5	392.4	25.0	.0	.0	
  10    31    1974
71.0	46.8	7.7	256.3	446.2	23.0	.0	.0	
70.0	52.5	7.9	170.0	339.8	54.0	.0	.0	
62.8	52.6	11.2	180.0	444.1	7.0	.0	.0	
63.8	48.8	6.2	198.8	428.6	23.0	.0	.0	
63.4	36.3	7.0	291.3	459.6	10.0	.0	.0	
63.5	37.3	4.3	206.3	455.5	2.0	.0	.0	
64.9	37.2	8.9	233.8	384.3	55.0	.0	.0	
64.2	55.4	8.4	216.3	367.6	65.0	.0	.0	
63.2	52.0	7.7	185.0	438.1	6.0	.0	.0	
65.7	51.0	5.5	207.5	413.0	2.0	.0	.0	
69.9	42.9	9.8	248.8	417.1	2.0	.0	.0	
69.2	40.4	6.2	241.3	407.1	2.0	.0	.0	
67.1	43.3	2.0	16.3	400.7	6.0	.0	.0	
67.7	42.7	2.0	41.3	406.0	2.0	.0	.0	
68.0	47.5	3.0	158.8	374.8	2.0	.0	.0	
69.0	47.5	2.0	86.3	363.1	16.0	.0	.0	
69.8	44.7	3.1	175.0	323.5	33.0	.0	.0	
68.8	47.8	2.9	167.5	359.8	23.0	.0	.0	
66.8	47.0	2.6	155.0	176.3	59.0	.0	.0	
64.6	48.2	7.5	208.8	372.6	6.0	.0	.0	
66.0	30.9	11.2	296.3	351.0	2.0	.0	.0	
61.8	36.9	5.6	225.0	384.2	2.0	.0	.0	
59.8	47.8	9.8	203.8	323.1	4.0	.0	.0	
59.7	46.6	2.2	117.5	239.5	56.0	.0	.0	
61.4	47.5	5.0	252.5	318.8	42.0	.0	.0	
62.6	48.7	6.3	173.8	264.9	46.0	.0	.0	
59.7	51.3	8.6	152.5	186.2	85.0	69.0	.0	
58.3	50.0	11.2	158.8	237.7	77.0	8.0	.0	
56.5	46.4	7.0	240.0	312.5	26.0	.0	.0	
56.4	48.4	6.9	157.5	300.9	45.0	.0	.0	
53.4	49.9	5.8	243.8	152.5	91.0	39.0	.0	
  11    30    1974
55.6	45.3	7.2	203.8	233.3	43.0	.0	.0	
52.5	41.2	5.5	213.8	322.9	2.0	.0	.0	
52.9	44.2	3.0	90.0	330.3	2.0	.0	.0	
54.1	45.8	2.0	82.5	264.7	41.0	.0	.0	
53.3	45.4	3.3	145.0	298.3	2.0	.0	.0	
55.9	46.6	3.4	108.8	318.8	4.0	.0	.0	
54.7	49.8	5.6	106.3	128.0	98.0	27.0	.0	
52.4	44.4	8.4	311.3	252.8	34.0	.0	.0	
51.4	40.9	3.2	132.5	304.9	10.0	.0	.0	
55.4	47.2	4.0	193.8	279.5	16.0	.0	.0	
53.7	47.8	2.2	122.5	246.2	31.0	.0	.0	
56.1	50.5	2.3	86.3	228.7	74.0	.0	.0	
58.2	50.9	2.0	.0	250.9	64.0	.0	.0	
57.7	51.8	2.0	.0	214.3	37.0	.0	.0	
51.3	49.6	3.5	138.8	156.8	65.0	.0	.0	
52.3	49.5	4.8	131.3	119.1	98.0	.0	.0	
54.3	48.8	5.8	238.8	161.0	86.0	.0	.0	
55.5	48.0	5.9	150.0	214.1	58.0	6.0	.0	
51.5	44.0	2.9	155.0	228.6	41.0	.0	.0	
54.2	46.7	3.0	103.8	212.8	73.0	.0	.0	
54.1	49.9	10.4	165.0	144.2	80.0	27.0	.0	
47.6	38.6	5.5	231.3	262.0	2.0	.0	.0	
46.6	38.9	2.0	13.8	236.6	36.0	.0	.0	
50.4	42.3	3.7	105.0	237.6	54.0	6.0	.0	
53.4	48.6	8.4	250.0	214.2	15.0	.0	.0	
48.5	43.1	2.9	73.8	246.5	19.0	.0	.0	
45.5	43.6	4.2	218.8	150.4	58.0	.0	.0	
44.6	40.9	2.6	72.5	176.1	60.0	.0	.0	
44.9	40.9	4.6	202.5	168.8	44.0	.0	.0	
45.8	40.6	2.0	75.0	193.9	41.0	.0	.0	
  12    31    1974
46.5	40.8	2.6	86.3	213.3	57.0	.0	.0	
51.5	46.2	5.8	120.0	103.9	98.0	54.0	.0	
55.2	51.4	17.0	142.5	84.4	94.0	87.0	.0	
52.7	46.6	5.8	207.5	223.4	22.0	2.0	.0	
48.0	44.5	2.3	73.8	104.7	66.0	.0	.0	
49.2	45.5	2.2	32.5	174.4	38.0	.0	.0	
50.5	45.5	7.8	278.8	181.1	34.0	.0	.0	
45.6	44.7	3.4	143.8	99.3	98.0	.0	.0	
41.9	41.7	4.4	191.3	108.2	98.0	.0	.0	
43.2	41.0	2.5	88.8	103.1	98.0	.0	.0	
46.1	42.4	3.9	175.0	111.8	98.0	.0	.0	
49.1	47.0	5.3	135.0	106.4	98.0	1.0	.0	
47.8	45.9	7.8	281.3	135.8	75.0	.0	.0	
49.3	45.7	5.6	196.3	106.3	90.0	.0	.0	
47.2	45.0	5.2	210.0	195.9	63.0	.0	.0	
44.8	43.2	3.2	91.3	154.4	64.0	.0	.0	
49.0	42.8	10.2	290.0	197.2	50.0	.0	.0	
42.2	41.0	5.8	175.0	127.6	87.0	.0	.0	
44.2	42.3	4.9	172.5	91.6	98.0	.0	.0	
44.9	42.2	2.6	151.3	101.1	98.0	.0	.0	
47.4	44.6	8.9	202.5	132.2	92.0	.0	.0	
44.2	30.1	13.9	313.8	219.8	9.0	.0	.0	
42.0	26.6	15.0	338.8	215.4	4.0	.0	.0	
38.5	27.0	3.9	150.0	212.7	8.0	.0	.0	
38.9	29.4	3.4	161.3	204.2	15.0	.0	.0	
42.5	31.0	6.2	102.5	181.6	62.0	.0	.0	
48.5	38.7	12.1	133.8	80.7	98.0	69.0	.0	
45.5	36.3	15.4	340.0	138.2	62.0	73.0	.0	
42.1	27.4	13.4	298.8	197.5	42.0	.0	.0	
44.4	34.1	12.8	221.3	163.6	53.0	.0	.0	
45.1	25.7	16.1	332.5	234.9	5.0	.0	.0	
