   1    31    1980
50.9	49.3	3.6	88.8	175.1	56.0	.0	.0	
44.9	44.3	2.7	121.3	105.2	98.0	.0	.0	
48.9	44.1	5.4	85.0	175.6	98.0	.0	.0	
49.6	44.7	5.8	106.3	107.7	96.0	2.0	.0	
51.5	45.1	5.2	121.3	106.3	97.0	.0	.0	
52.8	44.3	3.3	52.5	119.0	98.0	.0	.0	
52.1	45.5	4.4	136.3	232.1	28.0	.0	.0	
51.8	47.1	3.6	87.5	106.8	96.0	11.0	.0	
52.5	49.5	7.0	137.5	109.9	98.0	60.0	.0	
48.5	39.3	8.5	211.3	88.0	98.0	61.0	.0	
56.6	52.0	10.9	141.3	102.7	98.0	130.0	.0	
62.5	57.9	12.8	206.3	117.7	98.0	19.0	.0	
60.6	56.4	21.3	207.5	101.8	95.0	137.0	.0	
57.0	51.9	10.4	215.0	91.8	85.0	9.0	.0	
51.9	48.5	5.4	78.8	91.1	96.0	43.0	.0	
56.2	51.4	8.4	213.8	102.4	93.0	7.0	.0	
53.1	47.1	12.1	237.5	127.1	79.0	6.0	.0	
48.8	31.5	14.1	287.5	241.2	12.0	.0	.0	
47.4	29.4	7.2	206.3	270.2	2.0	.0	.0	
48.3	37.1	5.9	221.3	253.3	23.0	.0	.0	
48.4	42.1	4.9	157.5	246.4	16.0	.0	.0	
51.9	39.6	3.5	81.3	279.4	2.0	.0	.0	
50.8	41.4	2.2	56.3	277.7	2.0	.0	.0	
48.6	42.0	3.4	70.0	269.1	23.0	.0	.0	
46.5	40.9	4.9	115.0	283.9	35.0	.0	.0	
46.2	41.7	4.8	142.5	130.1	93.0	.0	.0	
47.6	40.0	4.0	135.0	127.5	95.0	.0	.0	
45.0	34.5	4.9	156.3	266.3	44.0	.0	.0	
43.5	30.1	8.3	187.5	299.5	7.0	.0	.0	
45.0	28.9	6.2	107.5	262.2	47.0	.0	.0	
49.4	39.4	2.0	56.3	131.2	98.0	.0	.0	
   2    29    1980
53.1	44.9	3.8	100.0	194.0	98.0	.0	.0	
52.1	45.4	2.9	73.8	137.6	98.0	.0	.0	
53.8	48.3	2.8	57.5	158.3	88.0	.0	.0	
54.1	45.5	4.2	87.5	279.7	71.0	.0	.0	
53.7	46.6	4.9	81.3	163.1	96.0	.0	.0	
55.3	47.1	9.2	188.8	294.4	31.0	.0	.0	
56.2	30.6	15.4	297.5	308.8	2.0	.0	.0	
54.8	37.9	8.5	180.0	302.7	41.0	.0	.0	
50.4	41.3	4.6	203.8	325.4	14.0	.0	.0	
49.8	42.6	4.9	153.8	299.6	59.0	.0	.0	
49.6	39.9	4.2	123.8	267.8	87.0	.0	.0	
49.5	37.4	3.4	81.3	320.4	45.0	.0	.0	
50.6	41.2	3.6	75.0	223.3	70.0	4.0	.0	
52.3	48.0	6.7	97.5	139.5	98.0	77.0	.0	
56.3	50.6	15.2	161.3	159.4	90.0	78.0	.0	
56.6	51.6	16.9	146.3	171.0	93.0	96.0	.0	
58.4	52.7	18.4	182.5	112.7	97.0	58.0	.0	
59.6	52.5	21.2	203.8	254.6	82.0	56.0	.0	
54.9	48.0	14.8	220.0	246.8	90.0	136.0	.0	
52.8	47.1	14.7	160.0	173.7	88.0	106.0	.0	
54.1	46.2	15.9	218.8	268.5	72.0	22.0	.0	
54.9	47.3	8.4	148.8	239.0	62.0	7.0	.0	
53.6	46.6	2.0	41.3	200.8	84.0	.0	.0	
55.1	50.1	2.0	5.0	150.4	89.0	13.0	.0	
57.2	51.6	3.7	116.3	204.6	88.0	.0	.0	
57.8	52.4	2.0	93.8	184.3	98.0	.0	.0	
57.7	51.4	10.5	170.0	159.0	98.0	109.0	.0	
54.0	46.9	5.6	178.8	313.1	58.0	.0	.0	
53.8	46.5	4.6	166.3	377.0	52.0	.0	.0	
   3    31    1980
53.8	46.4	5.1	127.5	213.7	98.0	1.0	.0	
52.4	47.1	3.7	111.3	200.3	98.0	48.0	.0	
53.2	46.4	7.6	222.5	266.7	66.0	12.0	.0	
53.5	44.5	8.5	136.3	285.4	67.0	98.0	.0	
53.0	46.2	10.0	210.0	236.6	90.0	66.0	.0	
49.9	43.0	6.3	162.5	352.3	42.0	8.0	.0	
51.0	42.1	5.9	185.0	396.5	39.0	.0	.0	
53.4	44.1	3.8	27.5	441.8	30.0	.0	.0	
55.9	42.6	4.2	130.0	459.2	2.0	.0	.0	
55.0	45.4	6.7	116.3	392.3	47.0	.0	.0	
52.8	41.3	17.9	293.8	417.9	43.0	4.0	.0	
50.2	35.6	9.2	231.3	468.3	2.0	.0	.0	
51.9	43.7	6.0	208.8	271.1	67.0	.0	.0	
54.9	47.8	8.5	188.8	199.3	96.0	4.0	.0	
51.0	37.9	12.8	312.5	436.2	45.0	.0	.0	
50.7	35.5	6.5	270.0	489.8	2.0	.0	.0	
52.5	44.4	10.0	285.0	274.8	56.0	.0	.0	
53.8	39.0	14.0	310.0	477.5	3.0	.0	.0	
56.1	39.4	9.4	267.5	489.3	4.0	.0	.0	
52.2	41.1	18.6	291.3	478.0	21.0	2.0	.0	
51.7	40.9	13.4	308.8	467.5	35.0	3.0	.0	
56.1	39.0	14.9	321.3	485.2	8.0	.0	.0	
54.5	43.5	8.8	191.3	477.5	9.0	.0	.0	
52.1	40.6	18.0	288.8	546.3	4.0	.0	.0	
48.7	40.2	16.4	183.8	348.2	58.0	19.0	.0	
49.7	42.2	11.2	198.8	438.4	62.0	.0	.0	
51.3	41.8	10.1	255.0	499.6	12.0	.0	.0	
54.8	39.2	8.5	271.3	557.1	2.0	.0	.0	
53.5	44.9	9.0	231.3	503.8	20.0	.0	.0	
53.4	39.7	15.5	296.3	555.9	24.0	.0	.0	
52.2	34.7	21.3	308.8	506.9	44.0	.0	.0	
   4    30    1980
50.3	38.2	14.7	291.3	569.9	2.0	.0	.0	
51.1	40.9	8.4	222.5	452.3	45.0	.0	.0	
51.9	38.4	5.9	163.8	364.0	93.0	.0	.0	
52.6	46.4	9.4	138.8	219.2	98.0	55.0	.0	
55.2	48.7	12.7	238.8	393.1	90.0	16.0	.0	
53.5	44.2	12.4	257.5	341.5	72.0	.0	.0	
51.7	37.1	7.4	203.8	428.9	44.0	.0	.0	
53.8	42.5	7.5	152.5	419.0	68.0	.0	.0	
54.3	47.0	10.5	221.3	382.3	77.0	1.0	.0	
54.8	42.4	10.8	258.8	569.3	9.0	.0	.0	
60.8	41.1	4.9	120.0	480.5	50.0	.0	.0	
64.5	37.2	4.5	113.8	605.5	6.0	.0	.0	
59.3	42.5	8.6	213.8	505.1	77.0	.0	.0	
55.9	47.5	11.5	291.3	501.4	53.0	.0	.0	
56.8	46.7	9.4	256.3	632.9	2.0	.0	.0	
57.6	48.5	10.2	256.3	527.6	46.0	.0	.0	
53.8	46.2	13.7	288.8	569.4	45.0	.0	.0	
56.9	48.4	10.8	292.5	574.2	30.0	.0	.0	
56.0	50.1	10.9	295.0	618.3	24.0	.0	.0	
54.0	47.5	14.0	227.5	344.3	83.0	9.0	.0	
51.0	40.3	13.9	290.0	429.2	69.0	.0	.0	
51.2	44.7	9.7	238.8	291.0	76.0	9.0	.0	
53.1	47.3	13.0	252.5	474.2	78.0	.0	.0	
55.0	48.4	13.3	283.8	558.5	42.0	.0	.0	
52.6	43.7	12.6	282.5	392.0	60.0	.0	.0	
55.8	45.7	9.3	291.3	500.7	74.0	.0	.0	
56.8	49.4	10.7	235.0	430.4	90.0	.0	.0	
55.0	48.5	11.7	272.5	349.2	98.0	.0	.0	
54.9	47.0	13.2	262.5	492.7	81.0	.0	.0	
57.6	47.0	9.4	256.3	632.1	23.0	.0	.0	
   5    31    1980
58.0	46.0	11.1	211.3	624.0	13.0	.0	.0	
54.3	47.6	12.4	293.8	517.7	77.0	.0	.0	
55.7	47.6	10.3	252.5	591.8	49.0	.0	.0	
55.4	46.1	14.3	287.5	609.3	75.0	.0	.0	
56.7	48.2	15.9	280.0	435.6	65.0	.0	.0	
55.7	46.1	20.9	288.8	611.2	22.0	.0	.0	
55.3	45.5	13.7	251.3	677.0	19.0	.0	.0	
53.5	46.0	18.9	271.3	508.7	84.0	.0	.0	
53.3	47.6	12.5	250.0	312.1	78.0	20.0	.0	
52.5	42.4	13.5	283.8	588.2	29.0	.0	.0	
53.5	46.4	14.6	268.8	397.7	84.0	1.0	.0	
52.9	48.1	11.4	277.5	314.5	98.0	3.0	.0	
53.2	46.6	15.0	281.3	307.4	92.0	.0	.0	
54.0	44.8	18.5	277.5	662.4	29.0	.0	.0	
54.0	45.2	17.6	278.8	647.1	10.0	.0	.0	
55.1	45.4	14.7	277.5	616.6	52.0	.0	.0	
57.5	46.2	10.8	231.3	691.6	2.0	.0	.0	
55.6	48.4	15.5	307.5	651.0	34.0	.0	.0	
58.3	48.5	9.8	232.5	648.6	32.0	.0	.0	
58.0	47.5	12.7	303.8	583.9	25.0	.0	.0	
55.7	48.7	17.4	273.8	426.8	53.0	.0	.0	
54.6	42.3	27.8	286.3	697.1	7.0	.0	.0	
53.2	39.1	23.0	293.8	616.7	16.0	.0	.0	
53.4	41.9	20.0	287.5	639.8	11.0	.0	.0	
54.4	42.1	14.1	226.3	651.5	8.0	.0	.0	
54.2	43.4	10.8	240.0	645.4	69.0	.0	.0	
54.7	45.9	12.2	257.5	378.5	85.0	.0	.0	
56.2	46.1	12.4	277.5	494.2	57.0	.0	.0	
56.5	45.7	10.7	285.0	676.5	19.0	.0	.0	
54.6	47.1	8.8	245.0	321.8	68.0	.0	.0	
57.1	46.0	10.2	222.5	614.3	47.0	.0	.0	
   6    30    1980
55.5	47.6	13.6	257.5	461.0	74.0	.0	.0	
54.2	42.5	21.1	278.8	678.3	40.0	.0	.0	
56.7	45.0	15.6	268.8	567.7	72.0	.0	.0	
56.6	48.4	11.3	241.3	482.5	67.0	3.0	.0	
55.1	45.5	15.4	280.0	670.5	27.0	.0	.0	
56.9	45.7	14.0	277.5	654.6	38.0	.0	.0	
59.3	47.7	10.9	292.5	691.2	11.0	.0	.0	
59.7	50.2	12.6	286.3	651.8	12.0	.0	.0	
56.6	48.7	16.0	281.3	607.8	41.0	.0	.0	
55.3	47.3	18.2	277.5	675.9	40.0	.0	.0	
56.9	47.6	16.1	280.0	489.9	75.0	.0	.0	
57.3	47.4	13.1	278.8	557.7	43.0	.0	.0	
56.8	48.3	15.6	285.0	494.6	63.0	.0	.0	
58.3	47.5	14.6	255.0	728.6	11.0	.0	.0	
59.9	49.2	12.0	248.8	705.0	7.0	.0	.0	
57.7	49.0	14.7	292.5	645.1	38.0	.0	.0	
58.6	48.9	12.0	307.5	737.1	2.0	.0	.0	
56.4	48.1	13.0	250.0	581.9	65.0	.0	.0	
54.5	48.2	13.5	263.8	326.2	98.0	.0	.0	
56.3	48.1	16.4	280.0	652.7	40.0	.0	.0	
56.2	49.7	14.0	288.8	470.2	43.0	.0	.0	
57.6	49.9	15.2	287.5	668.1	38.0	.0	.0	
59.0	49.8	16.0	286.3	689.6	36.0	.0	.0	
61.2	50.4	11.4	278.8	652.8	49.0	.0	.0	
61.7	48.1	14.6	282.5	696.1	35.0	.0	.0	
61.9	46.8	14.3	263.8	700.6	4.0	.0	.0	
71.8	44.5	6.6	193.8	523.4	59.0	.0	.0	
65.7	50.0	9.8	161.3	720.5	27.0	.0	.0	
59.2	51.0	9.2	288.8	434.1	95.0	.0	.0	
58.9	50.5	12.6	302.5	569.4	70.0	.0	.0	
   7    31    1980
57.0	50.3	12.6	306.3	403.8	75.0	1.0	.0	
56.9	51.4	11.3	293.8	301.8	87.0	9.0	.0	
57.5	48.4	14.6	286.3	634.3	32.0	.0	.0	
57.4	50.0	16.0	280.0	523.5	62.0	.0	.0	
57.5	48.9	16.4	285.0	647.6	42.0	.0	.0	
57.5	48.8	17.6	280.0	592.7	67.0	.0	.0	
58.8	49.3	15.0	276.3	668.2	35.0	.0	.0	
60.3	50.0	13.8	281.3	620.9	43.0	.0	.0	
61.9	51.1	10.6	241.3	651.2	22.0	.0	.0	
62.6	50.8	12.0	231.3	708.7	3.0	.0	.0	
59.0	50.8	15.2	293.8	701.3	24.0	.0	.0	
58.9	51.6	15.0	268.8	379.4	93.0	.0	.0	
59.4	51.6	11.2	270.0	411.2	69.0	.0	.0	
60.7	51.6	11.5	281.3	656.4	43.0	.0	.0	
61.9	52.5	10.7	223.8	659.0	16.0	.0	.0	
60.8	52.9	14.1	316.3	712.0	2.0	.0	.0	
59.6	52.0	10.5	200.0	661.6	22.0	.0	.0	
56.7	51.0	12.6	262.5	378.1	85.0	.0	.0	
61.2	51.6	9.7	222.5	703.4	30.0	.0	.0	
62.6	53.1	8.9	210.0	618.1	39.0	.0	.0	
60.6	52.4	13.4	300.0	671.2	27.0	.0	.0	
59.0	52.4	15.0	301.3	630.7	46.0	.0	.0	
59.5	52.0	13.1	298.8	682.3	38.0	.0	.0	
60.7	51.9	11.4	276.3	646.8	27.0	.0	.0	
63.4	52.5	12.4	276.3	686.6	2.0	.0	.0	
61.7	53.5	14.0	266.3	672.7	2.0	.0	.0	
64.3	54.4	11.9	267.5	648.8	4.0	.0	.0	
64.1	55.1	13.7	271.3	590.3	18.0	.0	.0	
63.6	54.1	13.8	313.8	612.3	27.0	.0	.0	
64.2	54.9	13.1	303.8	596.6	36.0	.0	.0	
66.6	54.4	12.8	278.8	552.3	67.0	.0	.0	
   8    31    1980
68.7	52.2	12.7	308.8	639.3	12.0	.0	.0	
61.1	52.1	14.5	295.0	644.1	28.0	.0	.0	
61.7	51.3	10.0	266.3	672.5	12.0	.0	.0	
60.5	51.3	8.9	225.0	525.2	39.0	.0	.0	
61.3	51.5	9.8	216.3	660.9	20.0	.0	.0	
59.5	51.3	12.1	257.5	611.9	43.0	.0	.0	
58.9	50.9	12.8	268.8	644.8	33.0	.0	.0	
57.8	50.5	12.9	286.3	623.6	45.0	.0	.0	
57.8	50.3	14.5	283.8	618.0	40.0	.0	.0	
56.9	49.7	16.1	303.8	595.2	39.0	.0	.0	
57.4	49.9	15.1	308.8	633.1	28.0	.0	.0	
56.6	49.3	13.4	282.5	586.0	41.0	.0	.0	
54.9	49.9	12.6	258.8	276.6	98.0	.0	.0	
55.1	49.3	12.9	257.5	404.8	89.0	.0	.0	
59.6	50.1	8.9	206.3	646.4	6.0	.0	.0	
58.2	50.1	9.2	233.8	620.4	14.0	.0	.0	
59.9	51.3	7.5	245.0	601.7	18.0	.0	.0	
59.9	50.5	11.5	205.0	598.9	17.0	.0	.0	
64.0	51.6	10.0	183.8	560.8	27.0	.0	.0	
60.5	51.1	12.2	301.3	632.6	23.0	.0	.0	
57.8	50.9	12.4	300.0	606.4	37.0	.0	.0	
57.6	48.8	11.3	232.5	518.0	56.0	.0	.0	
59.8	48.4	10.2	242.5	531.3	43.0	.0	.0	
59.4	50.4	11.5	315.0	590.3	34.0	.0	.0	
58.6	50.6	10.4	238.8	565.4	39.0	.0	.0	
57.6	50.2	11.5	307.5	512.3	52.0	.0	.0	
58.3	51.0	10.5	226.3	551.0	48.0	.0	.0	
57.8	48.9	8.9	225.0	514.6	70.0	.0	.0	
59.9	47.5	9.3	241.3	568.6	22.0	.0	.0	
60.9	48.2	10.5	285.0	567.0	6.0	.0	.0	
59.8	51.4	13.3	296.3	544.4	36.0	.0	.0	
   9    30    1980
59.0	50.5	10.1	260.0	568.8	19.0	.0	.0	
59.3	50.6	10.2	257.5	533.4	44.0	.0	.0	
59.3	51.8	10.5	268.8	571.9	27.0	.0	.0	
58.0	51.0	12.5	312.5	454.2	46.0	.0	.0	
58.7	50.5	11.4	310.0	536.9	29.0	.0	.0	
58.2	49.5	14.1	271.3	512.8	56.0	.0	.0	
62.1	56.0	11.0	270.0	289.6	89.0	.0	.0	
60.5	53.9	8.8	206.3	453.1	53.0	.0	.0	
59.5	52.5	11.8	268.8	486.6	41.0	.0	.0	
60.7	51.8	7.1	183.8	432.5	53.0	.0	.0	
57.4	51.4	11.8	287.5	386.1	79.0	.0	.0	
59.6	51.8	10.5	282.5	464.1	72.0	.0	.0	
57.6	49.3	18.2	265.0	426.1	59.0	.0	.0	
58.4	47.9	7.8	210.0	415.2	70.0	.0	.0	
62.3	47.1	7.3	210.0	403.6	57.0	.0	.0	
60.9	49.6	10.0	232.5	497.6	2.0	.0	.0	
63.2	47.3	9.8	231.3	354.3	67.0	.0	.0	
61.6	54.7	8.4	270.0	229.2	84.0	.0	.0	
61.1	53.0	14.1	283.8	447.0	35.0	.0	.0	
60.2	51.8	16.1	283.8	445.3	24.0	.0	.0	
61.6	48.9	7.5	195.0	512.7	2.0	.0	.0	
66.2	45.2	7.7	191.3	505.6	2.0	.0	.0	
68.3	44.8	6.6	147.5	511.6	2.0	.0	.0	
63.0	52.0	10.5	232.5	501.6	13.0	.0	.0	
58.2	50.9	12.4	275.0	450.7	50.0	.0	.0	
58.6	50.0	8.1	245.0	426.1	50.0	.0	.0	
57.6	49.1	14.3	285.0	287.2	72.0	.0	.0	
60.3	54.0	14.4	296.3	420.9	39.0	.0	.0	
62.5	52.1	9.6	198.8	480.6	2.0	.0	.0	
68.5	52.0	7.5	177.5	458.5	2.0	.0	.0	
  10    31    1980
76.1	50.0	4.2	158.8	469.9	2.0	.0	.0	
75.5	49.1	8.4	176.3	445.4	3.0	.0	.0	
67.8	53.3	9.7	271.3	456.5	2.0	.0	.0	
61.5	52.7	12.8	302.5	455.4	4.0	.0	.0	
59.1	53.8	9.6	205.0	362.2	48.0	.0	.0	
58.3	53.0	11.1	276.3	348.4	50.0	.0	.0	
59.2	52.4	11.5	271.3	440.3	17.0	.0	.0	
60.1	52.8	11.1	307.5	406.2	9.0	.0	.0	
58.6	51.5	11.1	271.3	431.1	3.0	.0	.0	
56.6	48.0	10.8	255.0	314.0	65.0	.0	.0	
57.9	49.0	9.6	222.5	210.8	73.0	4.0	.0	
59.6	52.4	8.4	225.0	349.3	38.0	2.0	.0	
58.2	50.9	10.5	261.3	251.9	70.0	1.0	.0	
56.6	48.4	15.9	285.0	341.7	30.0	3.0	.0	
55.5	45.4	9.2	220.0	419.8	2.0	.0	.0	
55.6	45.2	8.2	241.3	360.2	13.0	.0	.0	
55.7	44.9	8.5	217.5	363.1	2.0	.0	.0	
54.5	47.9	10.1	261.3	327.8	23.0	.0	.0	
55.0	47.8	9.7	225.0	356.2	4.0	.0	.0	
56.2	48.2	9.4	235.0	346.0	18.0	.0	.0	
55.4	49.3	9.7	196.3	344.3	33.0	.0	.0	
58.1	48.2	7.7	236.3	370.7	5.0	.0	.0	
55.1	47.9	9.2	238.8	345.9	50.0	.0	.0	
56.0	48.1	8.1	271.3	238.2	98.0	.0	.0	
55.8	50.4	11.9	281.3	168.3	80.0	.0	.0	
56.1	45.7	8.2	215.0	340.2	11.0	.0	.0	
57.8	47.4	7.8	192.5	321.0	29.0	.0	.0	
60.2	36.9	4.1	143.8	341.3	2.0	.0	.0	
60.0	38.6	4.9	163.8	359.9	10.0	.0	.0	
59.0	44.8	5.3	107.5	209.8	77.0	.0	.0	
58.7	36.5	6.1	197.5	334.1	37.0	.0	.0	
  11    30    1980
57.7	36.6	6.5	230.0	149.1	85.0	.0	.0	
59.4	44.1	8.5	192.5	306.9	49.0	.0	.0	
61.9	51.9	3.6	75.0	312.5	16.0	.0	.0	
62.5	50.8	7.1	152.5	324.7	2.0	.0	.0	
56.7	51.5	9.1	277.5	157.4	70.0	.0	.0	
58.4	54.1	7.8	272.5	250.3	54.0	.0	.0	
59.1	54.1	6.3	178.8	156.0	88.0	.0	.0	
56.4	49.2	8.8	238.8	297.2	5.0	.0	.0	
56.0	46.9	9.8	251.3	286.3	13.0	.0	.0	
54.3	45.2	8.9	212.5	220.6	78.0	.0	.0	
53.1	43.0	10.5	277.5	246.2	58.0	.0	.0	
49.9	40.6	6.9	208.8	281.3	10.0	.0	.0	
49.7	39.6	6.2	175.0	299.9	10.0	.0	.0	
50.7	41.9	7.9	188.8	295.9	7.0	.0	.0	
56.9	30.1	9.8	251.3	265.2	23.0	.0	.0	
53.7	26.4	4.1	158.8	216.0	75.0	.0	.0	
55.6	37.4	6.5	228.8	271.9	25.0	.0	.0	
53.7	41.6	4.5	130.0	291.1	7.0	.0	.0	
53.5	40.0	6.0	198.8	255.8	23.0	.0	.0	
51.9	43.3	5.6	183.8	156.2	63.0	.0	.0	
52.6	47.3	5.0	213.8	151.1	87.0	3.0	.0	
55.7	52.7	7.5	127.5	108.7	96.0	9.0	.0	
54.6	48.9	11.4	288.8	186.3	52.0	.0	.0	
54.6	35.5	8.8	233.8	255.5	10.0	.0	.0	
51.3	34.3	4.0	180.0	183.9	50.0	.0	.0	
52.6	37.5	4.6	101.3	263.4	2.0	.0	.0	
52.1	38.9	3.9	156.3	232.6	4.0	.0	.0	
52.0	41.8	5.4	87.5	238.3	22.0	.0	.0	
53.8	48.6	5.8	198.8	143.4	98.0	.0	.0	
54.6	46.4	7.6	266.3	176.9	75.0	.0	.0	
  12    31    1980
50.5	40.2	4.5	136.3	140.1	85.0	.0	.0	
58.1	47.3	13.1	146.3	109.6	98.0	1.0	.0	
57.4	51.8	20.6	165.0	115.0	91.0	117.0	.0	
52.2	41.8	9.1	268.8	220.8	37.0	25.0	.0	
49.0	38.7	8.3	240.0	253.3	2.0	.0	.0	
48.4	38.5	7.5	245.0	236.0	3.0	.0	.0	
47.8	25.7	10.7	292.5	245.6	2.0	.0	.0	
45.8	24.4	5.3	126.3	248.5	2.0	.0	.0	
46.0	29.0	3.9	147.5	225.2	9.0	.0	.0	
46.3	33.3	5.7	128.8	217.8	10.0	.0	.0	
47.0	31.7	3.5	80.0	246.0	2.0	.0	.0	
46.8	33.3	3.6	111.3	217.4	3.0	.0	.0	
47.3	38.9	4.0	150.0	228.8	12.0	.0	.0	
47.7	36.9	4.2	133.8	216.7	3.0	.0	.0	
53.2	35.5	5.6	115.0	232.9	4.0	.0	.0	
52.1	39.5	4.0	135.0	234.6	2.0	.0	.0	
52.8	42.1	4.1	123.8	165.2	61.0	.0	.0	
52.9	45.4	5.9	237.5	114.4	81.0	.0	.0	
53.5	44.5	4.5	168.8	205.9	70.0	.0	.0	
53.1	46.2	3.0	83.8	180.6	70.0	.0	.0	
52.6	49.6	4.5	97.5	86.2	98.0	30.0	.0	
53.5	50.6	4.2	67.5	167.1	69.0	.0	.0	
50.5	45.9	6.2	132.5	194.3	78.0	.0	.0	
50.5	45.4	5.4	113.8	148.0	96.0	.0	.0	
52.7	46.3	5.4	161.3	129.8	83.0	.0	.0	
51.4	46.5	3.8	55.0	193.7	63.0	.0	.0	
49.5	47.2	4.3	81.3	156.1	85.0	.0	.0	
51.8	46.8	4.0	91.3	210.7	24.0	.0	.0	
50.0	46.1	4.8	60.0	183.7	35.0	.0	.0	
47.6	42.7	6.4	106.3	212.5	29.0	.0	.0	
45.4	39.6	5.6	115.0	191.8	42.0	.0	.0	
