   1    31    1968
5.2	-3.7	7.4	230.0	141.8	53.0	.0	.0	
16.3	6.5	7.8	153.8	91.1	79.0	.0	.0	
26.4	22.6	9.7	235.0	114.2	98.0	.0	2.5	
12.1	4.5	15.9	260.0	151.8	54.0	.0	.0	
7.5	-6.5	13.1	216.3	125.3	51.0	.0	.0	
23.0	14.7	8.2	170.0	88.9	98.0	.0	7.6	
7.3	.9	15.7	292.5	153.4	49.0	.0	5.1	
2.4	-9.0	6.6	198.8	198.8	43.0	.0	.0	
18.4	10.0	10.6	190.0	89.8	98.0	.0	.0	
20.1	14.9	6.9	123.8	102.9	77.0	.0	5.1	
12.4	1.5	14.4	61.3	224.3	3.0	.0	.0	
17.1	-5.1	12.7	97.5	160.8	70.0	.0	.0	
27.6	18.0	15.9	96.3	100.9	98.0	.0	188.0	
33.6	30.5	13.1	97.5	137.1	98.0	28.0	.0	
23.8	20.6	14.0	316.3	155.3	86.0	.0	50.8	
13.7	7.7	8.0	256.3	196.8	63.0	.0	.0	
23.1	16.2	11.4	202.5	233.5	28.0	.0	.0	
32.4	24.6	13.2	211.3	249.3	15.0	.0	.0	
34.5	28.1	11.9	256.3	120.0	85.0	4.0	.0	
34.1	25.0	11.0	225.0	236.9	59.0	.0	.0	
35.6	30.2	9.7	270.0	125.2	83.0	.0	.0	
33.4	29.1	15.1	215.0	131.6	92.0	.0	.0	
26.1	22.5	12.4	312.5	163.0	89.0	.0	7.6	
12.3	5.4	8.7	72.5	240.7	23.0	.0	.0	
10.3	-.6	6.8	140.0	262.6	5.0	.0	.0	
24.8	9.0	7.2	198.8	212.8	53.0	.0	.0	
37.5	20.6	8.1	171.3	148.7	86.0	8.0	.0	
40.5	35.4	9.5	202.5	129.8	98.0	30.0	.0	
41.7	38.9	9.1	183.8	129.0	98.0	44.0	.0	
37.5	34.8	9.8	163.8	123.4	98.0	67.0	.0	
39.1	35.5	8.1	141.3	141.6	96.0	2.0	.0	
   2    29    1968
46.0	40.6	16.1	168.8	108.2	86.0	3.0	.0	
40.3	35.1	17.4	237.5	130.5	98.0	5.0	.0	
28.8	20.8	15.7	282.5	139.2	96.0	.0	7.6	
29.6	18.0	9.8	327.5	256.0	29.0	.0	.0	
29.6	14.4	7.8	308.8	256.5	31.0	.0	.0	
33.4	12.9	7.5	267.5	254.8	20.0	.0	.0	
34.3	18.6	8.8	86.3	251.5	26.0	.0	.0	
27.5	18.5	11.6	247.5	256.4	53.0	.0	.0	
22.2	16.1	15.1	273.8	142.3	88.0	.0	20.3	
5.9	-1.7	12.5	281.3	193.8	51.0	.0	10.2	
9.4	-2.0	13.5	266.3	216.9	62.0	.0	.0	
14.8	5.7	12.0	266.3	185.9	88.0	.0	2.5	
11.8	1.6	13.4	285.0	258.5	38.0	.0	5.1	
21.3	10.4	12.6	245.0	319.5	26.0	.0	.0	
24.3	16.5	12.6	261.3	176.8	73.0	.0	.0	
29.4	16.9	12.7	238.8	288.4	56.0	.0	.0	
18.9	6.0	18.9	270.0	237.6	52.0	.0	.0	
18.1	-2.0	14.7	258.8	358.1	2.0	.0	.0	
23.8	5.1	11.7	257.5	286.6	53.0	.0	2.5	
15.6	10.1	12.7	285.0	152.0	84.0	.0	15.2	
4.8	-5.8	11.2	275.0	341.2	38.0	.0	2.5	
15.4	5.1	13.3	261.3	317.8	24.0	.0	.0	
22.0	11.3	8.6	245.0	351.4	34.0	.0	.0	
22.1	14.3	8.3	150.0	354.9	15.0	.0	.0	
19.7	10.0	7.9	340.0	365.7	6.0	.0	.0	
25.6	12.4	4.5	226.3	343.9	45.0	.0	.0	
31.3	21.0	7.8	237.5	225.9	86.0	.0	5.1	
29.6	22.5	11.3	240.0	257.7	70.0	.0	27.9	
24.4	19.9	9.5	276.3	159.8	93.0	.0	2.5	
   3    31    1968
27.0	16.7	15.5	285.0	188.9	96.0	.0	5.1	
28.1	18.1	16.6	287.5	198.1	90.0	.0	.0	
19.5	8.8	13.4	292.5	271.2	65.0	.0	.0	
34.5	14.0	11.5	277.5	291.1	33.0	.0	.0	
39.8	22.5	7.8	203.8	286.7	55.0	1.0	.0	
32.7	24.3	11.4	150.0	341.2	48.0	1.0	.0	
30.9	13.0	5.9	231.3	435.1	2.0	.0	.0	
43.4	23.0	8.9	198.8	301.5	63.0	.0	.0	
48.7	42.5	11.7	245.0	199.0	95.0	20.0	.0	
41.3	37.8	7.8	298.8	181.8	98.0	.0	.0	
35.0	24.6	11.1	77.5	328.2	88.0	.0	.0	
31.3	26.4	16.5	131.3	190.0	98.0	.0	96.5	
20.4	12.0	15.1	316.3	322.7	57.0	.0	7.6	
25.8	13.9	8.9	196.3	422.2	42.0	.0	.0	
41.6	25.9	12.5	183.8	188.0	98.0	.0	.0	
44.3	38.5	11.2	228.8	186.8	98.0	14.0	.0	
45.2	34.7	7.9	302.5	415.4	43.0	.0	.0	
45.0	27.1	6.5	120.0	491.3	3.0	.0	.0	
51.4	30.7	8.1	173.8	289.0	83.0	.0	.0	
53.3	46.6	8.1	258.8	200.6	98.0	15.0	.0	
40.0	37.1	7.6	187.5	199.5	98.0	35.0	.0	
33.0	29.8	11.4	143.8	205.9	98.0	36.0	.0	
26.9	23.1	14.3	270.0	222.9	98.0	.0	53.3	
31.4	21.5	14.4	275.0	426.8	41.0	.0	.0	
40.8	28.6	11.1	207.5	451.3	50.0	.0	.0	
48.8	36.4	11.1	208.8	323.0	77.0	40.0	.0	
57.7	43.9	9.5	208.8	472.5	35.0	.0	.0	
61.3	43.8	12.8	221.3	477.4	43.0	.0	.0	
60.3	45.6	12.9	277.5	409.9	40.0	.0	.0	
52.8	24.9	8.0	168.8	540.5	2.0	.0	.0	
56.9	43.7	13.8	210.0	297.1	78.0	45.0	.0	
   4    30    1968
38.3	21.4	10.8	263.8	537.2	20.0	3.0	.0	
46.2	21.9	9.7	168.8	491.5	73.0	.0	.0	
54.4	38.3	12.4	168.8	310.3	94.0	.0	.0	
58.5	51.5	20.3	215.0	261.3	98.0	54.0	.0	
34.5	27.4	12.4	198.8	288.1	82.0	.0	.0	
38.0	21.7	7.5	101.3	555.1	7.0	.0	.0	
52.6	32.8	10.5	155.0	543.0	30.0	.0	.0	
61.8	39.1	14.3	227.5	310.1	97.0	.0	.0	
53.5	29.9	11.8	272.5	484.2	73.0	.0	.0	
50.0	33.5	9.3	285.0	403.2	73.0	10.0	.0	
46.5	29.4	7.1	252.5	528.5	12.0	.0	.0	
56.9	32.9	10.9	197.5	569.5	26.0	.0	.0	
64.6	37.1	7.0	166.3	456.6	80.0	.0	.0	
62.6	46.6	12.1	185.0	378.7	91.0	59.0	.0	
44.6	31.1	12.5	270.0	401.0	45.0	.0	.0	
49.9	29.9	5.3	208.8	584.0	41.0	.0	.0	
57.7	34.9	11.8	162.5	435.0	90.0	.0	.0	
58.3	49.5	10.7	252.5	377.2	85.0	.0	.0	
57.7	44.2	8.5	296.3	451.8	66.0	.0	.0	
58.4	45.4	8.5	126.3	272.5	80.0	5.0	.0	
59.8	49.0	8.6	266.3	363.6	63.0	.0	.0	
59.2	46.7	5.8	197.5	517.4	62.0	.0	.0	
61.1	51.6	16.6	156.3	390.2	71.0	92.0	.0	
46.2	32.0	15.4	250.0	323.3	77.0	.0	.0	
37.0	30.0	12.6	256.3	269.8	88.0	4.0	.0	
46.3	35.4	6.2	175.0	347.4	73.0	2.0	.0	
48.7	32.9	7.9	262.5	588.8	28.0	5.0	.0	
51.2	26.1	7.5	121.3	633.1	21.0	.0	.0	
54.9	24.7	6.8	152.5	642.1	43.0	.0	.0	
52.6	36.0	12.8	305.0	532.0	78.0	1.0	.0	
   5    31    1968
50.5	34.0	8.9	321.3	631.2	14.0	.0	.0	
55.5	34.4	8.3	197.5	639.4	18.0	.0	.0	
62.4	50.0	10.5	265.0	273.3	86.0	5.0	.0	
49.6	42.9	10.2	246.3	417.1	87.0	22.0	.0	
44.8	34.7	11.7	233.8	432.7	67.0	10.0	.0	
44.1	24.5	7.2	176.3	548.5	20.0	.0	.0	
51.1	25.2	10.0	113.8	585.0	60.0	.0	.0	
60.9	44.9	11.0	175.0	421.2	97.0	75.0	.0	
62.3	56.8	13.8	205.0	326.8	98.0	5.0	.0	
56.3	45.9	7.5	215.0	459.2	89.0	.0	.0	
56.5	51.8	8.6	125.0	246.5	98.0	118.0	.0	
56.0	51.8	9.5	261.3	328.5	98.0	.0	.0	
59.1	48.2	8.0	138.8	524.6	85.0	.0	.0	
59.5	53.8	12.6	138.8	262.1	97.0	35.0	.0	
68.2	61.5	10.0	182.5	356.3	98.0	57.0	.0	
65.9	55.6	14.0	218.8	405.9	89.0	31.0	.0	
58.6	46.3	12.0	281.3	563.5	88.0	5.0	.0	
54.4	48.0	7.5	163.8	371.8	73.0	29.0	.0	
51.9	43.1	11.1	216.3	404.9	67.0	27.0	.0	
52.6	43.3	10.9	260.0	397.7	73.0	2.0	.0	
53.3	43.3	8.5	251.3	332.1	76.0	4.0	.0	
57.9	42.0	6.9	235.0	533.7	64.0	.0	.0	
56.1	50.2	9.7	112.5	273.7	98.0	40.0	.0	
57.7	51.9	10.1	63.8	299.6	91.0	27.0	.0	
62.5	41.1	9.1	73.8	617.7	20.0	.0	.0	
61.3	52.7	10.8	108.8	261.7	93.0	71.0	.0	
54.2	49.1	15.7	130.0	287.9	98.0	72.0	.0	
56.2	47.0	12.8	117.5	353.7	98.0	3.0	.0	
58.1	50.3	6.1	166.3	374.1	98.0	3.0	.0	
57.8	48.6	9.1	163.8	327.3	98.0	4.0	.0	
60.5	51.9	8.5	307.5	395.4	73.0	9.0	.0	
   6    30    1968
62.4	55.0	6.4	176.3	267.7	85.0	18.0	.0	
68.0	54.1	9.8	270.0	590.9	79.0	.0	.0	
66.3	52.3	9.1	278.8	631.1	38.0	.0	.0	
68.3	53.9	5.8	227.5	630.5	21.0	.0	.0	
73.0	56.0	5.8	192.5	721.9	2.0	.0	.0	
76.1	59.8	5.9	186.3	676.3	25.0	.0	.0	
77.9	63.8	5.5	210.0	643.4	77.0	.0	.0	
80.1	63.0	6.6	87.5	646.7	65.0	.0	.0	
78.5	66.1	5.4	192.5	659.5	51.0	.0	.0	
77.9	66.1	4.5	213.8	551.0	48.0	5.0	.0	
77.7	69.0	8.8	228.8	586.6	75.0	54.0	.0	
71.8	60.8	13.1	251.3	636.9	54.0	4.0	.0	
57.7	45.6	11.0	296.3	445.0	61.0	2.0	.0	
66.2	51.5	10.3	203.8	619.8	48.0	.0	.0	
71.4	61.5	8.8	228.8	415.7	87.0	11.0	.0	
62.2	55.6	10.1	38.8	410.1	83.0	25.0	.0	
60.8	53.3	6.0	123.8	350.3	85.0	8.0	.0	
66.5	54.4	6.6	222.5	504.3	87.0	.0	.0	
69.3	56.6	9.2	242.5	525.5	60.0	5.0	.0	
60.3	47.0	8.8	291.3	656.2	15.0	.0	.0	
66.8	49.2	12.0	187.5	608.0	52.0	.0	.0	
72.6	60.4	10.5	250.0	347.6	65.0	.0	.0	
72.2	62.0	7.8	140.0	612.2	59.0	.0	.0	
74.4	67.9	8.9	213.8	400.0	91.0	24.0	.0	
74.0	69.3	12.2	195.0	307.2	98.0	41.0	.0	
65.8	61.7	10.8	207.5	343.1	98.0	43.0	.0	
65.1	55.0	12.0	237.5	394.3	95.0	.0	.0	
60.2	53.7	9.7	221.3	326.4	96.0	.0	.0	
75.7	64.6	11.5	210.0	512.9	73.0	.0	.0	
81.8	67.4	11.2	222.5	659.8	15.0	.0	.0	
   7    31    1968
76.1	69.1	7.8	233.8	526.0	32.0	18.0	.0	
69.1	62.4	6.9	271.3	319.3	75.0	.0	.0	
61.2	50.8	8.5	328.8	563.8	30.0	.0	.0	
63.4	47.1	5.0	221.3	688.3	8.0	.0	.0	
68.7	54.4	8.9	233.8	592.1	43.0	17.0	.0	
66.8	54.4	6.9	260.0	625.2	52.0	.0	.0	
69.1	50.1	5.1	191.3	662.1	70.0	.0	.0	
73.8	60.0	6.3	190.0	526.5	76.0	.0	.0	
76.9	63.8	8.2	207.5	632.0	43.0	.0	.0	
73.7	65.3	7.5	155.0	483.0	79.0	.0	.0	
72.7	62.6	6.3	251.3	594.5	34.0	.0	.0	
75.1	61.7	7.5	203.8	673.4	13.0	.0	.0	
77.8	63.1	5.8	71.3	618.2	29.0	.0	.0	
77.7	67.4	6.3	166.3	465.4	66.0	.0	.0	
76.3	67.7	8.6	222.5	451.1	62.0	.0	.0	
73.7	68.9	8.1	220.0	450.1	58.0	38.0	.0	
77.1	68.9	6.3	187.5	514.2	70.0	137.0	.0	
80.9	70.7	9.7	182.5	571.0	44.0	84.0	.0	
74.1	64.2	10.1	266.3	622.8	45.0	3.0	.0	
69.9	58.3	6.6	190.0	621.7	20.0	.0	.0	
73.6	57.9	5.8	175.0	636.0	9.0	.0	.0	
75.3	66.2	10.2	206.3	500.3	63.0	28.0	.0	
77.1	69.6	7.6	201.3	514.2	79.0	.0	.0	
76.6	70.6	8.3	226.3	313.7	94.0	79.0	.0	
74.5	68.7	5.2	263.8	301.7	97.0	6.0	.0	
72.6	60.7	6.4	120.0	657.7	28.0	.0	.0	
73.0	64.8	6.9	206.3	426.7	72.0	3.0	.0	
70.2	59.0	10.8	308.8	575.6	45.0	.0	.0	
64.9	48.9	8.1	275.0	563.3	16.0	.0	.0	
68.3	52.5	7.4	132.5	507.9	53.0	.0	.0	
74.8	67.6	13.3	190.0	445.5	85.0	.0	.0	
   8    31    1968
69.6	64.6	5.2	155.0	320.2	85.0	42.0	.0	
71.0	62.4	5.2	211.3	568.8	32.0	.0	.0	
73.6	65.3	6.8	211.3	391.0	65.0	.0	.0	
73.9	69.6	6.3	232.5	324.1	69.0	6.0	.0	
75.6	69.5	5.7	133.8	424.6	82.0	.0	.0	
82.6	74.4	11.0	233.8	468.4	65.0	.0	.0	
74.6	70.1	6.5	237.5	331.0	85.0	60.0	.0	
75.2	69.3	7.0	212.5	501.4	83.0	.0	.0	
75.9	69.3	6.1	247.5	455.1	79.0	.0	.0	
69.5	63.4	9.2	308.8	336.1	71.0	.0	.0	
61.4	47.3	6.5	222.5	523.7	16.0	.0	.0	
65.0	49.8	4.6	106.3	626.4	11.0	.0	.0	
69.3	58.4	6.3	182.5	476.6	57.0	.0	.0	
74.1	63.6	6.9	240.0	595.2	25.0	.0	.0	
73.1	57.9	6.9	117.5	586.0	20.0	.0	.0	
78.7	71.6	8.5	217.5	320.7	75.0	4.0	.0	
75.2	68.4	10.5	258.8	459.1	65.0	46.0	.0	
73.5	65.6	5.3	235.0	522.1	66.0	.0	.0	
79.5	71.3	10.0	195.0	484.4	40.0	.0	.0	
81.3	72.9	10.1	237.5	405.4	63.0	3.0	.0	
80.4	72.4	6.9	272.5	537.3	45.0	.0	.0	
82.1	73.5	8.7	248.8	528.3	52.0	.0	.0	
82.2	73.7	7.7	245.0	487.5	33.0	.0	.0	
82.8	72.3	9.1	221.3	547.3	32.0	.0	.0	
71.7	60.6	12.1	252.5	466.4	72.0	.0	.0	
59.4	50.4	10.8	302.5	327.1	78.0	.0	.0	
61.0	49.2	8.0	327.5	450.5	46.0	.0	.0	
60.5	47.7	7.5	148.8	565.3	3.0	.0	.0	
62.6	48.0	8.8	43.8	583.7	4.0	.0	.0	
63.5	47.7	7.5	55.0	559.9	21.0	.0	.0	
67.2	51.9	6.5	148.8	500.6	53.0	.0	.0	
   9    30    1968
63.1	58.3	9.7	177.5	233.5	96.0	55.0	.0	
65.8	55.0	8.8	212.5	412.9	55.0	1.0	.0	
67.3	58.5	6.3	202.5	446.2	38.0	1.0	.0	
73.7	60.1	9.4	180.0	460.9	51.0	.0	.0	
70.2	65.4	12.1	170.0	253.0	98.0	33.0	.0	
66.4	55.4	9.7	238.8	488.4	35.0	74.0	.0	
62.1	50.0	7.1	216.3	503.6	24.0	.0	.0	
66.8	54.5	7.9	148.8	465.2	43.0	.0	.0	
68.3	58.9	10.3	141.3	359.7	90.0	.0	.0	
62.9	58.9	8.8	213.8	239.0	89.0	14.0	.0	
59.1	56.4	8.6	257.5	229.6	97.0	19.0	.0	
58.3	48.8	9.7	291.3	490.9	30.0	.0	.0	
64.1	53.0	7.7	277.5	465.1	16.0	.0	.0	
66.0	56.5	4.0	241.3	442.2	29.0	.0	.0	
69.4	58.0	6.1	115.0	496.9	33.0	.0	.0	
70.6	56.9	8.7	140.0	435.0	68.0	.0	.0	
68.4	57.8	8.8	130.0	231.4	97.0	.0	.0	
67.0	57.0	12.8	143.8	342.7	72.0	3.0	.0	
63.1	59.0	11.8	140.0	211.2	94.0	21.0	.0	
68.5	61.1	10.7	157.5	408.6	31.0	.0	.0	
72.7	64.0	5.0	201.3	401.4	23.0	.0	.0	
72.1	64.5	5.9	222.5	364.0	60.0	.0	.0	
70.9	65.9	6.7	175.0	336.8	71.0	78.0	.0	
71.6	65.0	8.5	208.8	399.8	69.0	26.0	.0	
64.4	56.3	7.3	266.3	365.5	77.0	.0	.0	
56.8	43.6	5.9	218.8	403.3	28.0	.0	.0	
57.9	46.1	7.1	246.3	409.9	11.0	.0	.0	
57.3	46.4	8.1	305.0	387.6	34.0	.0	.0	
55.2	44.1	5.0	222.5	309.3	31.0	.0	.0	
59.7	46.3	8.2	243.8	417.9	34.0	.0	.0	
  10    31    1968
67.4	54.3	9.6	218.8	414.9	15.0	.0	.0	
67.4	59.0	13.7	178.8	292.4	83.0	14.0	.0	
58.8	49.6	13.4	246.3	293.5	75.0	7.0	.0	
44.6	33.9	12.5	267.5	258.9	59.0	.0	.0	
44.8	33.1	7.2	220.0	253.8	54.0	.0	.0	
49.4	39.0	11.8	146.3	167.1	97.0	9.0	.0	
52.2	47.1	6.9	222.5	191.1	98.0	.0	.0	
53.5	44.9	7.6	122.5	349.4	62.0	.0	.0	
59.7	49.9	11.8	126.3	355.4	35.0	.0	.0	
56.1	49.1	9.8	216.3	237.6	57.0	16.0	.0	
52.8	45.7	5.2	91.3	228.1	69.0	.0	.0	
59.8	54.3	5.2	152.5	288.8	53.0	.0	.0	
61.2	53.9	4.9	105.0	332.4	21.0	.0	.0	
64.8	56.5	6.8	148.8	369.6	4.0	.0	.0	
64.8	54.9	7.8	163.8	342.1	2.0	.0	.0	
67.0	55.9	10.2	155.0	316.0	33.0	.0	.0	
71.5	60.6	13.1	160.0	276.0	68.0	.0	.0	
65.2	61.1	9.7	162.5	139.8	97.0	70.0	.0	
57.3	42.2	10.7	266.3	326.8	35.0	3.0	.0	
52.8	38.0	8.8	277.5	326.2	11.0	.0	.0	
50.0	39.9	6.5	240.0	334.2	28.0	.0	.0	
55.0	42.6	12.7	190.0	228.9	68.0	9.0	.0	
48.5	35.9	7.9	243.8	285.6	64.0	.0	.0	
46.8	36.4	4.3	236.3	165.1	96.0	.0	.0	
44.1	38.8	9.1	235.0	140.1	96.0	4.0	.0	
42.3	32.8	10.0	248.8	166.4	90.0	.0	.0	
48.9	34.7	12.8	206.3	237.8	54.0	.0	.0	
41.1	31.8	13.1	225.0	184.4	69.0	4.0	.0	
40.0	31.9	12.8	290.0	166.5	95.0	2.0	.0	
39.6	29.0	7.2	252.5	238.8	48.0	.0	.0	
45.7	29.8	7.9	137.5	295.3	5.0	.0	.0	
  11    30    1968
61.4	48.8	12.4	200.0	256.9	48.0	.0	.0	
56.9	42.3	10.7	235.0	259.7	53.0	.0	.0	
48.1	39.5	7.0	248.8	150.4	98.0	.0	.0	
48.5	37.0	7.8	96.3	243.2	56.0	.0	.0	
51.2	40.6	6.0	158.8	140.8	93.0	.0	.0	
48.5	45.4	7.8	126.3	108.3	98.0	52.0	.0	
46.8	45.0	7.8	335.0	129.8	98.0	8.0	.0	
39.7	35.3	12.4	281.3	125.7	98.0	3.0	.0	
34.0	28.5	6.1	236.3	118.0	95.0	3.0	.0	
33.8	29.4	5.3	252.5	146.7	63.0	.0	.0	
39.7	32.9	7.4	121.3	118.5	98.0	6.0	.0	
35.1	30.8	13.5	258.8	148.9	96.0	16.0	.0	
34.5	25.7	13.6	282.5	170.6	53.0	.0	.0	
36.0	28.5	9.2	187.5	117.0	79.0	5.0	.0	
48.4	44.0	14.0	213.8	109.4	98.0	82.0	.0	
46.6	43.1	11.0	91.3	111.5	98.0	64.0	.0	
48.4	43.8	7.9	185.0	125.7	98.0	6.0	.0	
44.1	38.9	14.3	213.8	118.8	98.0	6.0	.0	
32.9	26.4	15.4	261.3	144.4	94.0	4.0	.0	
30.9	21.7	15.0	258.8	154.8	93.0	.0	.0	
35.8	22.3	18.2	215.0	160.4	67.0	.0	.0	
42.4	31.3	11.1	235.0	207.7	31.0	.0	.0	
48.7	35.5	12.7	175.0	175.5	53.0	.0	.0	
45.5	40.9	11.4	246.3	99.2	77.0	27.0	.0	
36.0	28.9	7.6	272.5	134.1	60.0	.0	.0	
42.5	32.5	12.0	185.0	87.5	96.0	.0	.0	
43.4	35.8	8.6	205.0	95.9	98.0	.0	.0	
51.1	46.8	14.5	162.5	108.3	88.0	101.0	.0	
39.7	34.0	12.9	262.5	86.6	98.0	3.0	.0	
35.1	27.3	6.3	235.0	105.2	75.0	.0	.0	
  12    31    1968
34.2	28.8	10.5	120.0	85.9	97.0	23.0	.0	
44.6	40.0	10.7	221.3	104.2	98.0	.0	.0	
43.5	38.9	7.4	127.5	104.0	98.0	8.0	.0	
38.2	33.3	14.7	223.8	95.9	98.0	46.0	.0	
30.8	19.4	20.4	246.3	107.3	87.0	.0	10.2	
26.3	13.2	13.3	247.5	165.9	33.0	.0	.0	
24.4	16.7	8.9	258.8	123.0	73.0	.0	5.1	
25.5	20.1	14.5	280.0	100.8	96.0	.0	25.4	
20.7	15.0	10.2	272.5	130.4	73.0	.0	20.3	
13.6	7.5	7.0	121.3	154.5	45.0	.0	.0	
24.1	11.5	12.0	160.0	158.1	31.0	.0	.0	
42.2	26.4	15.2	172.5	94.6	84.0	.0	.0	
47.3	35.8	18.0	216.3	89.1	81.0	.0	.0	
26.8	17.0	10.8	271.3	96.9	98.0	.0	10.2	
20.9	12.9	19.4	322.5	122.6	93.0	.0	7.6	
22.0	13.7	15.6	272.5	190.7	70.0	.0	5.1	
26.4	18.1	8.5	248.8	184.9	60.0	.0	.0	
31.5	25.7	8.1	150.0	84.9	97.0	.0	12.7	
41.8	36.3	12.3	171.3	107.1	98.0	14.0	.0	
34.4	27.2	15.4	262.5	71.1	98.0	1.0	.0	
32.4	25.2	7.9	252.5	102.8	91.0	.0	.0	
38.9	32.7	14.1	123.8	74.2	98.0	39.0	.0	
30.5	22.0	19.1	247.5	95.2	98.0	.0	2.5	
22.1	15.3	16.3	275.0	109.4	98.0	.0	27.9	
14.2	6.4	12.3	271.3	148.7	60.0	.0	10.2	
20.1	10.2	11.0	146.3	96.2	98.0	.0	12.7	
40.2	34.0	13.0	163.8	93.5	98.0	108.0	.0	
45.2	40.4	20.6	201.3	104.1	90.0	85.0	.0	
27.9	20.6	15.0	265.0	112.9	98.0	.0	12.7	
29.2	18.6	10.6	161.3	129.4	94.0	.0	.0	
26.9	19.6	15.3	247.5	146.9	67.0	.0	.0	
