01	31	2010
23.8	19.7	12.5	279.6	65.5	6.6	7	37.5
12.4	5.0	13.2	298.4	106.3	31.2	1	7.0
10.8	5.2	13.1	285.1	113.3	17.4	0	0.0
19.2	15.2	11.1	292.3	67.2	8.0	7	50.3
21.4	18.0	9.9	294.5	70.3	7.6	5	22.2
22.7	21.1	11.3	275.6	74.4	8.3	1	4.4
21.1	18.8	7.0	207.4	71.8	13.5	7	31.6
17.4	13.6	11.8	267.8	69.2	12.2	3	18.4
19.1	13.5	11.3	301.5	111.1	39.4	0	0.0
15.4	10.0	10.1	233.4	97.1	18.5	0	0.0
17.4	13.7	10.0	182.3	70.8	10.4	5	34.3
20.6	16.9	7.6	298.6	74.2	23.3	2	6.8
21.5	16.0	13.7	233.5	107.5	55.2	0	0.0
30.8	20.6	11.8	198.0	152.4	55.7	0	0.0
36.1	30.9	6.6	244.9	82.1	7.3	0	0.0
34.4	33.0	4.5	154.9	85.3	28.1	0	0.0
34.1	32.9	5.6	82.9	85.5	20.8	4	0.0
30.9	29.0	8.5	266.1	76.9	13.9	0	0.0
30.0	26.2	6.0	275.5	75.9	9.7	0	0.0
27.6	21.3	4.8	102.9	79.0	23.8	0	0.0
30.6	22.4	12.5	93.4	145.7	47.2	4	5.7
34.8	32.6	7.2	79.0	82.5	7.6	1	2.5
39.4	32.6	7.4	117.2	83.5	8.0	0	0.0
43.1	39.2	12.6	146.7	84.6	8.3	49	0.0
38.2	34.6	12.3	232.5	92.6	10.8	10	0.6
24.3	17.6	14.5	250.2	108.3	14.6	1	6.5
25.0	14.0	16.7	233.5	139.4	23.8	0	0.0
19.8	13.3	14.1	266.3	131.1	35.3	7	30.0
9.8	0.1	6.3	276.7	146.4	38.0	0	0.0
12.9	0.6	10.4	103.1	118.0	28.1	0	0.0
15.7	4.8	9.5	222.7	206.1	52.1	0	0.0
02	28	2010
20.9	12.3	6.2	209.4	111.8	32.8	0	0.0
27.7	17.6	4.7	63.6	111.2	13.6	0	0.0
30.5	26.7	6.9	288.4	89.6	6.2	5	13.1
30.2	22.0	2.7	76.0	155.9	23.4	0	0.0
31.1	23.4	13.0	74.3	107.9	10.8	52	131.2
22.2	16.6	14.5	99.9	179.3	53.9	25	91.2
17.9	11.1	4.1	149.5	159.2	28.5	0	0.0
14.0	8.7	2.4	101.4	204.6	51.1	0	0.0
24.6	20.2	10.6	123.2	182.2	22.6	14	49.7
18.8	14.2	14.5	275.4	134.9	12.5	16	81.8
24.0	18.7	10.2	289.8	109.0	8.3	1	4.4
23.0	17.8	5.5	274.3	152.4	14.9	1	2.5
22.4	17.9	8.5	258.5	106.9	6.2	5	21.8
22.8	17.4	9.5	249.7	108.5	17.2	0	0.0
18.8	14.6	4.8	139.7	143.8	22.7	11	51.6
23.3	19.9	7.3	254.5	133.1	13.5	11	50.0
26.0	21.8	9.2	286.7	121.5	7.3	4	19.9
31.9	27.2	11.6	281.2	144.6	10.4	0	0.0
28.2	20.0	10.2	262.1	260.4	59.7	0	0.0
28.1	15.8	4.2	192.1	205.7	29.7	0	0.0
35.0	22.9	3.3	92.9	139.3	10.4	0	0.0
36.3	31.4	10.0	161.7	129.0	11.5	15	0.0
30.4	26.7	5.6	233.4	121.1	11.8	0	0.0
28.6	25.0	4.8	207.1	145.4	14.6	7	24.7
24.5	20.1	12.0	312.0	121.4	6.0	5	22.3
24.6	20.6	14.1	298.6	129.4	10.1	15	64.2
29.3	26.9	10.0	297.6	148.4	10.4	10	28.1
31.6	28.0	9.7	307.4	139.0	7.6	0	0.0
03	31	2010
32.5	26.6	9.3	308.3	164.5	10.9	0	0.0
28.0	24.3	8.2	141.0	137.7	8.7	0	0.0
30.8	24.0	11.2	309.5	168.6	21.2	0	0.0
27.7	17.0	9.8	271.2	295.0	69.3	0	0.0
28.2	20.3	8.9	310.7	298.1	78.7	0	0.0
27.7	20.3	4.6	218.6	295.9	87.8	0	0.0
33.2	20.3	5.8	223.1	319.5	74.5	0	0.0
37.6	23.8	4.2	220.0	362.3	94.3	0	0.0
41.9	25.9	4.4	113.1	296.4	53.1	0	0.0
49.8	37.5	6.5	128.8	224.7	26.6	0	0.0
55.5	42.7	8.9	126.0	277.2	48.4	0	0.0
55.7	50.0	13.3	118.1	222.6	16.5	0	0.0
47.0	43.3	14.2	82.1	163.9	6.6	39	0.0
40.1	37.9	7.4	77.2	187.5	8.3	14	0.0
39.4	35.6	10.9	244.3	170.3	6.9	0	0.0
45.1	29.8	7.3	184.2	327.7	54.7	0	0.0
46.2	20.9	4.7	84.2	356.4	75.5	0	0.0
49.9	22.4	5.8	227.7	347.6	67.2	0	0.0
52.5	35.0	9.5	238.8	307.8	49.0	0	0.0
50.8	35.3	6.6	166.2	215.4	24.0	0	0.0
47.7	34.8	9.3	57.3	292.4	20.3	0	0.0
45.5	41.9	11.5	157.4	223.8	11.8	100	0.0
39.1	36.4	11.1	291.2	200.2	25.7	1	0.0
45.9	31.5	3.8	167.6	356.6	57.5	0	0.0
41.7	34.0	9.5	62.5	198.6	16.5	36	22.2
30.0	17.1	12.4	35.0	357.7	51.6	0	0.0
38.6	20.2	7.3	106.9	328.5	52.6	0	0.0
46.0	38.4	11.4	158.8	193.2	8.2	23	0.0
43.0	40.0	8.1	267.4	237.1	15.3	0	0.0
40.6	32.3	7.7	314.0	345.3	54.0	0	0.0
49.0	34.8	6.3	181.5	405.0	65.1	0	0.0
04	30	2010
62.8	39.6	10.3	194.8	332.2	35.9	0	0.0
68.3	41.4	7.4	182.9	294.7	29.7	0	0.0
64.2	41.0	13.5	194.4	232.3	24.0	0	0.0
57.4	39.1	6.7	162.1	275.7	44.3	0	0.0
65.7	46.9	10.0	202.0	364.6	31.2	1	0.0
71.3	49.2	17.3	218.1	391.2	49.3	2	0.0
70.7	48.9	13.2	225.6	220.8	20.8	0	0.0
51.8	44.4	12.1	230.3	214.0	13.4	14	0.0
38.3	28.0	10.5	266.9	221.1	12.8	0	0.0
47.0	28.3	7.4	196.9	513.6	96.3	0	0.0
54.5	33.7	6.2	167.1	394.1	49.0	0	0.0
50.9	22.5	6.4	54.6	369.6	42.2	0	0.0
47.5	36.9	8.9	69.2	294.6	28.1	23	0.0
52.9	32.2	5.9	101.9	340.3	26.6	0	0.0
64.9	41.0	7.7	235.0	439.2	43.2	0	0.0
62.4	47.6	12.7	271.3	379.9	39.2	9	0.0
40.9	29.7	10.2	313.1	232.1	13.9	0	0.0
40.8	32.3	7.7	315.2	237.6	19.3	0	0.0
46.3	31.9	6.8	280.2	494.7	69.8	0	0.0
49.8	32.9	3.9	58.8	331.1	34.4	0	0.0
53.6	32.7	4.1	163.8	415.9	52.6	0	0.0
50.2	36.4	6.5	151.2	435.2	57.3	0	0.0
52.8	30.5	3.6	52.3	443.7	34.9	0	0.0
55.6	45.1	9.0	110.6	268.8	9.4	20	0.0
59.6	55.6	7.2	160.1	325.6	11.7	60	0.0
52.3	48.7	8.8	220.4	232.1	15.4	15	0.0
42.5	27.8	12.5	301.9	469.4	67.2	0	0.0
43.4	27.6	6.7	268.1	433.1	66.7	0	0.0
51.9	31.7	7.0	189.8	441.7	53.6	0	0.0
65.9	46.5	10.3	202.1	569.9	71.9	0	0.0
05	31	2010
66.9	54.3	9.6	196.7	303.4	32.8	0	0.0
66.1	61.9	14.1	187.6	308.8	15.3	7	0.0
66.4	53.1	11.7	257.9	446.8	37.5	20	0.0
63.0	45.8	9.5	257.5	447.7	48.4	0	0.0
67.0	48.7	13.2	217.8	532.8	64.5	2	0.0
57.6	44.6	8.4	226.7	529.1	52.3	5	0.0
63.1	48.4	12.0	164.8	440.9	40.1	21	0.0
48.2	40.2	18.3	278.6	279.8	13.9	7	0.0
42.9	29.9	9.6	291.0	460.8	51.0	2	0.0
46.9	29.4	4.6	124.6	532.2	55.2	0	0.0
48.8	42.5	12.8	154.0	273.7	10.1	61	0.0
51.4	47.9	6.4	169.5	274.0	8.7	11	0.0
61.9	55.5	11.1	163.2	343.6	34.5	0	0.0
67.9	55.5	12.1	268.8	464.1	47.2	2	0.0
58.1	45.1	7.4	222.9	406.6	32.3	0	0.0
58.1	45.0	7.7	50.2	354.2	15.1	0	0.0
54.5	50.3	13.1	100.8	274.9	7.6	40	0.0
53.9	51.8	8.2	97.3	270.9	7.6	9	0.0
57.6	48.5	7.3	153.6	412.9	32.1	0	0.0
64.8	47.3	3.7	156.5	506.3	48.4	0	0.0
65.1	53.7	7.4	153.3	283.2	16.7	5	0.0
64.7	60.3	6.3	146.5	280.2	11.6	13	0.0
68.8	60.0	3.8	59.6	507.9	66.8	0	0.0
70.2	59.6	7.8	105.6	508.6	61.5	0	0.0
71.8	60.8	5.1	119.6	496.3	35.9	0	0.0
73.5	60.9	5.4	155.2	543.5	45.3	0	0.0
74.1	61.2	5.4	154.8	548.6	51.0	0	0.0
72.0	61.8	6.2	204.8	498.6	47.9	0	0.0
71.6	58.1	6.6	109.0	565.4	67.7	0	0.0
73.7	56.4	2.5	110.8	673.5	99.5	0	0.0
72.7	64.5	7.4	210.3	446.6	45.1	55	0.0
06	30	2010
69.4	60.8	5.9	212.6	381.7	28.6	0	0.0
69.6	63.6	6.9	179.6	438.3	38.7	12	0.0
68.8	64.5	6.9	198.7	412.1	28.0	10	0.0
69.6	64.6	6.3	153.1	469.5	33.5	21	0.0
70.2	67.4	8.3	214.9	315.2	9.2	45	0.0
66.9	60.1	12.9	301.2	336.6	14.6	34	0.0
60.7	48.0	7.3	292.7	441.6	35.2	0	0.0
62.1	47.2	3.8	201.5	582.7	48.4	0	0.0
63.6	60.1	8.7	226.0	316.3	20.0	91	0.0
68.7	56.5	8.0	261.5	589.5	53.1	0	0.0
69.0	60.3	7.0	157.3	377.3	31.2	0	0.0
76.5	69.3	9.0	229.6	438.2	33.3	3	0.0
72.7	66.8	7.0	251.0	401.2	32.3	9	0.0
70.3	64.9	3.8	74.2	312.6	25.5	0	0.0
71.4	64.9	7.7	97.5	295.1	14.2	9	0.0
74.3	62.1	12.2	254.5	433.0	29.9	0	0.0
65.5	57.1	5.4	158.1	374.1	42.2	0	0.0
70.7	59.8	5.3	160.8	628.7	70.8	0	0.0
76.6	65.4	8.1	239.6	515.1	49.0	0	0.0
73.3	60.6	6.0	244.8	496.0	58.3	0	0.0
74.4	60.4	3.3	100.4	521.5	44.3	0	0.0
76.8	67.5	9.6	232.2	435.5	36.9	27	0.0
74.8	68.8	7.6	209.7	408.4	44.3	19	0.0
72.7	64.1	9.7	274.2	451.0	46.1	16	0.0
72.2	59.0	4.8	171.7	594.8	72.4	0	0.0
74.8	63.2	7.8	205.1	421.0	33.2	11	0.0
77.1	70.1	10.0	228.4	484.2	30.2	21	0.0
73.7	66.5	8.9	251.7	410.7	25.4	34	0.0
64.7	51.7	6.6	179.2	468.8	53.5	0	0.0
62.6	46.9	7.2	252.3	595.9	56.8	0	0.0
07	31	2010
62.9	45.5	5.4	111.2	590.7	65.1	0	0.0
65.9	46.8	1.7	29.6	595.9	66.7	0	0.0
70.7	52.7	3.8	112.5	681.8	93.2	0	0.0
76.6	62.6	6.8	211.9	583.5	81.2	0	0.0
81.1	66.6	5.6	212.3	569.3	64.1	0	0.0
81.7	65.5	4.0	163.8	611.7	70.3	0	0.0
80.6	63.8	2.4	122.7	594.2	74.5	0	0.0
81.6	65.1	4.2	187.3	610.1	64.1	0	0.0
72.6	69.1	6.1	223.7	320.9	21.0	33	0.0
73.2	59.2	5.5	179.6	536.2	63.5	0	0.0
75.4	59.2	5.6	186.5	609.5	67.7	0	0.0
73.2	65.6	7.4	179.7	410.7	24.1	12	0.0
73.9	68.1	3.2	101.2	309.1	26.3	0	0.0
75.3	64.7	4.8	211.8	505.9	46.4	0	0.0
78.3	66.8	6.9	179.6	459.9	34.4	0	0.0
78.6	65.0	7.2	262.1	490.7	40.5	0	0.0
78.6	65.0	9.0	226.0	504.2	50.0	0	0.0
77.8	64.9	7.5	236.8	458.4	43.2	1	0.0
75.0	66.8	9.1	209.4	417.4	24.5	0	0.0
74.4	67.2	7.5	185.5	388.2	18.2	5	0.0
75.2	68.7	6.2	204.4	480.7	35.7	24	0.0
76.6	65.6	6.8	254.4	525.7	46.4	4	0.0
83.1	72.8	13.2	225.4	499.7	38.5	18	0.0
79.5	72.2	10.6	235.9	492.0	28.9	24	0.0
73.3	67.3	7.9	307.7	311.9	27.1	3	0.0
70.5	57.5	3.4	48.1	514.2	58.3	0	0.0
74.0	59.9	3.9	129.8	487.2	60.4	0	0.0
76.5	67.4	7.4	212.3	465.2	43.2	108	0.0
71.7	60.8	8.1	240.8	481.7	44.8	0	0.0
69.3	56.1	2.3	87.3	465.4	41.1	0	0.0
71.6	58.3	6.6	109.2	347.6	25.5	0	0.0
08	31	2010
72.9	62.2	5.5	73.8	546.8	61.5	0	0.0
77.0	64.7	4.6	185.0	542.7	60.4	0	0.0
74.7	68.8	4.9	196.8	323.4	21.0	3	0.0
76.7	71.8	7.2	212.0	416.9	32.1	3	0.0
76.3	67.6	8.8	260.7	486.9	32.2	35	0.0
69.5	59.4	6.2	249.4	463.8	51.0	0	0.0
69.8	56.8	3.5	145.0	494.5	61.5	0	0.0
73.2	59.6	7.0	201.9	480.1	61.5	0	0.0
77.0	63.6	6.4	205.8	482.0	40.6	0	0.0
78.9	68.7	4.6	206.2	441.1	35.4	0	0.0
78.6	69.3	2.8	112.6	423.9	37.7	14	0.0
77.8	71.3	6.3	146.2	406.3	34.0	0	0.0
76.8	67.8	8.3	104.0	475.3	54.0	0	0.0
75.9	69.0	9.0	174.1	356.2	31.2	14	0.0
77.8	71.3	8.5	221.8	327.0	23.6	0	0.0
73.7	59.2	7.2	267.2	528.7	57.5	0	0.0
70.1	55.6	3.2	159.8	390.3	32.8	0	0.0
73.5	60.4	3.9	105.4	401.9	33.9	0	0.0
74.9	60.9	3.0	138.1	504.8	70.3	0	0.0
77.7	63.4	4.9	195.6	500.5	60.9	0	0.0
74.9	66.5	9.2	195.0	255.0	21.4	47	0.0
71.9	65.4	9.5	320.0	363.7	29.2	2	0.0
69.1	62.4	9.2	110.0	281.8	19.4	0	0.0
67.0	60.9	5.9	61.2	244.9	16.1	1	0.0
69.7	62.3	4.6	234.2	350.0	25.0	1	0.0
65.0	53.9	6.3	207.8	413.7	57.1	0	0.0
64.2	49.7	3.0	77.7	495.2	83.8	0	0.0
69.8	50.6	3.2	79.4	552.0	100.0	0	0.0
75.2	55.4	3.0	117.7	541.5	94.3	0	0.0
78.6	56.5	3.4	146.7	516.1	83.8	0	0.0
79.2	60.2	5.2	158.3	486.8	81.8	0	0.0
09	30	2010
78.3	61.1	8.1	216.2	502.4	76.0	0	0.0
79.0	59.7	8.5	220.4	505.3	66.7	0	0.0
71.4	56.3	10.8	244.8	374.2	41.6	27	0.0
60.0	44.8	13.4	280.6	328.4	40.8	1	0.0
58.9	41.9	7.7	246.7	397.3	65.6	0	0.0
66.6	47.0	8.9	181.0	360.9	39.1	0	0.0
73.7	57.3	13.2	210.8	415.1	44.3	17	0.0
63.0	48.5	10.0	293.3	349.1	53.1	0	0.0
59.0	47.0	7.2	298.1	367.4	33.9	0	0.0
58.1	48.9	4.9	143.5	306.8	46.4	0	0.0
61.7	51.3	8.0	130.8	303.1	36.8	19	0.0
63.8	52.8	7.8	249.4	336.2	45.3	0	0.0
67.1	49.3	9.0	270.2	392.3	53.6	3	0.0
63.8	46.9	7.2	270.0	411.7	59.4	0	0.0
63.4	48.2	4.9	132.7	425.2	49.5	0	0.0
65.5	57.6	12.6	222.5	227.9	16.7	107	0.0
59.5	49.8	5.2	220.2	274.5	37.3	0	0.0
63.1	52.2	5.0	159.0	364.1	54.2	1	0.0
64.1	57.5	5.5	175.6	240.5	25.5	0	0.0
60.6	48.4	4.5	46.9	376.1	51.0	0	0.0
69.8	53.0	9.0	185.4	367.6	51.0	0	0.0
72.8	61.9	8.1	191.0	294.1	37.0	1	0.0
74.6	62.1	7.2	168.5	372.6	43.2	1	0.0
77.9	60.0	16.2	226.2	346.6	41.7	0	0.0
59.0	47.1	8.5	287.1	336.6	54.2	0	0.0
53.4	45.9	6.0	59.2	199.3	12.5	0	0.0
57.8	53.9	6.1	53.4	172.4	6.9	2	0.0
56.1	54.2	8.4	219.3	170.5	9.4	73	0.0
56.6	50.5	3.9	129.6	264.0	34.3	0	0.0
59.7	51.4	8.2	221.9	262.2	31.2	0	0.0
10	31	2010
55.2	45.3	8.4	284.6	265.8	44.3	0	0.0
50.9	45.5	4.9	168.3	241.9	33.9	20	0.0
47.8	44.6	9.4	32.7	162.6	7.6	18	0.0
48.0	42.8	7.8	115.8	176.3	15.3	2	0.0
46.6	43.5	6.7	297.3	175.5	13.5	8	0.0
52.2	46.5	6.7	295.6	194.3	25.7	11	0.0
56.5	42.6	8.4	291.2	328.6	70.7	0	0.0
57.7	40.9	5.8	205.0	355.0	88.0	0	0.0
62.1	44.8	4.4	175.0	352.6	85.9	0	0.0
66.5	51.0	7.1	225.0	284.3	59.4	0	0.0
66.5	49.2	6.0	200.8	247.8	51.0	0	0.0
55.4	44.8	7.9	257.7	297.1	47.2	0	0.0
53.1	36.4	4.5	107.5	307.8	50.5	0	0.0
51.7	42.6	9.7	268.1	227.4	23.1	2	0.0
48.5	40.8	8.2	215.4	234.2	37.0	0	0.0
50.6	38.0	7.0	269.0	292.5	72.9	0	0.0
53.1	36.5	6.8	234.4	273.7	71.3	0	0.0
48.2	39.0	2.2	59.0	186.6	28.1	0	0.0
46.1	34.9	4.8	199.4	268.8	62.0	0	0.0
50.2	34.2	10.7	219.8	266.1	43.2	0	0.0
47.8	36.4	9.8	285.0	222.3	32.6	1	0.0
44.4	31.0	7.1	259.8	232.1	74.0	0	0.0
53.9	36.4	7.2	187.5	146.5	22.4	0	0.0
64.3	44.3	9.8	194.0	215.7	22.4	0	0.0
62.2	54.3	11.1	188.6	127.0	21.2	4	0.0
59.5	54.0	16.1	193.1	173.0	27.9	57	0.0
56.9	42.2	13.8	208.3	248.6	45.8	0	0.0
47.6	31.9	13.9	267.4	172.1	41.7	0	0.0
41.2	30.8	9.4	274.4	127.2	27.4	0	0.0
44.8	27.2	11.1	222.5	118.0	53.1	0	0.0
43.1	31.1	8.1	295.4	166.5	32.3	0	0.0
11	30	2010
36.7	26.2	5.6	93.1	219.1	57.3	0	0.0
36.0	24.7	7.3	53.8	224.3	61.5	0	0.0
40.9	28.0	4.2	105.4	216.8	57.3	0	0.0
42.4	35.2	4.5	161.3	142.8	18.1	1	0.0
37.8	33.7	10.7	310.2	106.6	7.6	6	0.0
34.1	27.1	6.3	277.5	101.1	23.6	1	2.1
35.6	23.4	5.8	204.6	173.7	42.7	0	0.0
42.1	27.6	5.5	197.7	218.9	79.2	0	0.0
44.6	31.3	1.6	26.5	223.4	84.4	0	0.0
44.2	36.2	4.1	36.7	230.6	89.6	0	0.0
46.9	32.1	2.4	31.0	217.2	75.5	0	0.0
50.9	27.6	2.9	48.1	208.9	90.6	0	0.0
54.0	28.3	6.2	149.8	187.4	57.8	0	0.0
46.8	38.5	8.0	212.0	105.6	36.8	11	0.0
39.7	27.9	4.9	146.9	177.6	43.8	0	0.0
45.0	39.6	10.0	108.1	87.5	11.8	78	0.0
45.0	37.9	15.2	265.1	145.0	27.1	3	0.0
39.4	35.0	6.8	270.9	82.8	7.3	2	0.0
38.5	30.5	8.1	228.5	181.6	57.3	0	0.0
39.1	35.1	6.0	204.8	94.7	48.7	0	0.0
48.2	40.3	10.2	161.2	114.7	31.1	0	0.0
61.4	48.0	15.9	204.6	101.4	20.3	0	0.0
48.6	38.3	14.4	264.6	136.8	32.8	7	0.0
34.7	24.0	9.0	121.5	82.1	8.3	3	0.0
45.8	43.5	11.2	171.2	89.6	8.0	120	0.0
30.9	20.2	15.9	260.8	167.6	35.4	18	0.0
30.5	19.8	13.7	268.1	79.2	8.3	0	0.0
31.2	20.5	5.6	183.3	134.6	69.8	0	0.0
40.0	24.2	10.2	145.0	156.4	54.7	0	0.0
50.2	46.7	15.3	185.3	73.0	6.9	114	0.0
12	31	2010
28.8	23.9	13.4	262.2	62.9	5.6	14	24.7
25.9	19.1	8.1	189.8	75.0	8.7	0	0.0
26.1	20.0	6.2	287.6	101.3	22.4	0	0.0
25.1	19.9	3.8	177.3	79.0	33.7	5	13.9
25.1	20.0	12.0	301.1	69.7	7.6	12	48.8
23.0	17.8	16.2	283.0	68.9	6.9	10	46.1
20.2	14.2	13.2	278.4	68.3	5.9	4	27.4
20.8	14.5	11.2	268.8	91.0	13.2	1	9.7
21.7	15.0	6.4	205.7	122.9	24.6	1	5.3
28.8	21.2	11.0	189.0	75.9	27.4	7	30.7
34.5	25.1	7.8	157.9	78.6	40.1	2	0.0
31.4	28.0	13.3	208.6	69.3	8.3	56	44.4
15.7	10.8	18.8	310.3	105.5	15.6	5	37.3
12.8	7.3	13.7	282.6	68.5	7.6	7	59.4
16.7	10.0	10.8	276.5	112.0	16.7	0	0.0
16.7	9.7	3.3	129.8	82.6	27.6	0	0.0
21.3	15.7	8.6	230.8	71.5	26.4	1	2.5
16.8	11.6	9.2	218.7	91.9	52.6	0	0.0
18.7	13.1	7.5	245.0	103.1	30.7	0	0.0
21.4	15.2	6.8	263.4	86.5	11.8	0	0.0
24.5	18.1	0.8	57.9	84.9	15.6	0	0.0
27.7	21.6	8.0	238.3	64.0	7.6	0	0.0
27.2	19.9	12.0	322.7	63.9	6.9	1	4.4
25.7	20.2	6.6	305.0	67.1	8.3	2	6.8
25.4	20.0	7.2	299.9	67.2	6.9	2	9.2
22.1	15.9	13.7	264.9	67.3	8.3	1	4.9
20.1	14.1	13.8	309.8	71.4	18.6	0	0.0
20.5	14.7	11.9	234.7	132.0	43.4	0	0.0
25.5	19.4	6.9	202.1	142.5	52.1	0	0.0
35.2	32.0	9.9	166.3	68.1	16.9	2	5.9
48.4	41.4	10.8	185.5	91.7	21.7	0	0.0
