01	31	2006
36.1	30.5	7.6	184.8	80.2	9.4	0	0.0
40.9	38.4	9.7	80.4	69.1	6.2	53	0.0
41.4	39.8	6.8	77.8	69.5	11.0	1	0.0
42.2	40.9	11.8	201.0	69.9	9.0	8	0.0
34.8	32.2	11.7	287.1	67.0	5.6	8	5.1
24.0	18.0	9.8	291.5	118.9	18.0	4	16.8
27.6	22.4	12.1	204.4	71.2	9.7	1	4.4
37.1	27.8	9.9	179.4	82.7	17.2	0	0.0
39.7	30.5	10.9	267.4	72.3	20.1	0	0.0
38.8	30.6	5.7	175.0	93.5	12.5	0	0.0
43.6	37.6	12.3	221.8	91.0	13.9	8	0.0
45.5	28.9	11.2	231.5	115.5	65.8	0	0.0
52.6	33.8	10.7	199.4	88.0	24.5	38	0.0
30.4	22.5	21.1	329.0	78.2	13.5	12	16.1
26.4	13.1	7.9	256.9	129.5	42.7	0	0.0
31.9	17.7	7.1	111.7	121.9	35.4	0	0.0
45.1	38.5	10.4	151.0	77.9	8.3	29	0.0
31.4	24.7	14.5	252.5	70.7	19.6	20	14.4
40.4	25.4	12.5	217.1	136.5	46.4	0	0.0
51.7	36.4	12.8	214.0	80.5	12.5	0	0.0
38.8	29.2	12.7	208.9	86.3	29.2	4	0.0
31.2	21.4	6.2	89.2	82.5	20.8	0	0.0
35.8	25.1	5.7	230.4	146.9	33.7	19	5.1
33.3	26.4	12.9	231.3	87.8	30.2	1	0.0
28.5	22.6	15.4	305.8	81.7	13.9	14	35.6
25.4	15.4	8.9	320.2	137.0	51.6	0	0.0
31.3	18.3	9.0	229.0	156.5	53.6	0	0.0
45.5	25.4	9.3	210.8	150.6	29.2	0	0.0
48.3	37.4	15.0	206.0	104.3	13.5	30	0.0
44.6	35.1	11.3	249.2	155.5	25.4	4	0.0
33.1	26.9	7.7	282.9	103.4	12.5	0	0.0
02	28	2006
35.8	27.2	11.4	191.0	131.8	25.0	0	0.0
41.2	33.8	6.7	141.5	163.4	43.8	31	0.0
40.6	38.5	8.8	182.5	97.0	13.7	12	0.0
37.8	36.4	11.8	131.8	93.3	13.2	46	18.6
27.5	23.3	20.0	239.9	95.3	6.9	19	76.1
25.5	15.8	17.6	251.5	192.7	34.7	4	16.9
24.7	18.6	9.7	268.1	113.9	10.4	4	15.0
22.1	17.8	7.6	234.3	108.9	12.5	9	42.2
18.9	12.6	10.4	256.5	179.6	41.7	0	0.0
25.3	19.9	7.2	184.4	114.2	17.7	1	1.3
25.5	19.8	6.6	76.9	122.5	31.4	0	0.0
21.6	15.5	8.7	297.1	143.9	30.5	1	4.4
24.3	16.8	15.1	233.0	141.0	14.8	1	2.5
35.0	23.8	15.0	212.3	200.4	40.6	0	0.0
44.2	29.2	9.5	174.6	162.1	39.6	0	0.0
51.1	42.9	15.0	181.2	121.4	15.6	11	0.0
33.0	22.6	19.1	265.0	169.9	16.7	8	0.0
12.4	5.0	12.7	289.0	175.1	33.0	1	6.7
12.5	2.2	9.7	238.3	243.1	51.6	0	0.0
22.0	8.2	10.0	235.4	258.8	46.4	0	0.0
28.9	17.0	11.1	226.5	216.6	47.4	0	0.0
34.1	22.8	6.6	184.0	220.1	41.1	0	0.0
37.6	25.4	13.7	261.0	261.0	33.9	1	2.5
28.5	10.4	9.7	246.0	277.4	46.9	0	0.0
35.5	17.9	15.4	276.0	241.8	27.1	1	5.1
19.8	8.7	10.2	298.3	231.9	37.3	2	12.6
23.5	19.0	9.9	250.9	137.8	9.7	16	56.5
23.2	13.0	4.8	155.8	241.0	27.6	0	0.0
03	31	2006
31.2	15.5	2.7	53.3	199.0	28.6	0	0.0
30.0	25.9	9.1	216.6	143.7	5.6	9	24.7
24.5	17.6	9.4	304.0	218.5	20.3	0	1.8
26.1	17.4	9.5	289.7	321.8	74.1	0	0.0
30.8	20.0	5.7	193.1	213.4	44.3	0	0.0
31.8	19.5	7.9	174.8	151.7	16.1	0	0.0
30.6	16.1	5.4	186.2	332.0	79.2	0	0.0
37.0	24.0	9.3	156.9	155.8	8.3	1	0.0
52.6	44.1	15.5	176.2	157.8	16.7	8	0.0
49.7	42.4	17.8	232.2	158.7	9.0	0	0.0
45.6	41.6	7.6	128.3	186.6	44.3	2	0.0
55.8	53.2	9.6	185.1	169.6	15.4	72	0.0
59.0	52.8	17.7	203.1	197.9	22.6	25	0.0
34.4	23.4	20.7	261.9	190.8	19.3	2	4.2
33.4	20.8	16.4	275.0	291.1	47.4	0	0.0
34.6	18.9	6.1	213.8	245.3	32.3	0	0.0
31.0	16.9	10.6	246.7	341.8	44.8	0	0.0
27.8	14.9	9.6	278.9	371.7	55.8	0	0.0
31.6	18.9	10.3	280.6	309.7	55.2	0	0.0
29.5	19.2	8.0	225.2	239.2	37.0	0	0.0
24.9	14.9	11.7	149.6	191.6	26.6	0	0.0
27.2	20.5	8.7	259.4	196.4	28.6	0	0.0
34.4	25.0	5.0	196.7	223.4	11.5	0	0.0
32.9	28.9	4.5	95.1	189.2	18.2	8	19.1
31.1	27.8	7.1	300.2	163.7	15.6	4	10.2
35.2	28.5	7.5	316.0	249.2	34.7	1	3.4
39.3	23.8	5.3	210.4	379.4	53.1	0	0.0
42.2	34.5	6.3	153.1	197.5	8.3	0	0.0
45.8	30.5	5.3	222.9	337.4	47.9	0	0.0
52.2	33.3	7.8	135.4	445.4	75.5	0	0.0
58.3	46.1	17.4	181.7	247.7	33.0	13	0.0
04	30	2006
49.9	43.9	14.1	250.1	205.6	10.9	3	0.0
47.1	40.5	7.5	86.7	207.7	9.0	2	0.0
49.4	42.4	17.9	224.4	278.5	24.5	3	0.0
39.8	23.0	16.6	269.6	415.1	52.6	0	0.0
35.3	28.8	9.6	238.8	219.0	27.4	28	70.6
45.3	30.3	5.9	113.6	334.1	40.8	0	0.0
53.9	48.4	13.2	241.9	317.3	16.1	40	0.0
35.9	26.1	13.5	282.9	416.8	49.0	0	0.0
37.9	24.9	4.8	173.5	444.5	52.6	0	0.0
48.9	27.0	3.3	112.1	415.0	54.2	0	0.0
58.8	32.0	6.2	144.8	343.4	53.6	0	0.0
64.5	44.9	15.5	213.8	284.0	34.4	0	0.0
63.3	45.0	8.8	223.6	422.6	49.0	0	0.0
63.3	51.6	11.2	201.5	293.8	20.8	3	0.0
60.1	42.5	8.5	228.2	470.1	53.1	0	0.0
52.4	39.4	6.8	56.2	314.8	27.6	0	0.0
50.8	31.6	14.2	60.2	486.8	59.9	0	0.0
53.1	36.2	9.3	40.8	549.7	94.8	0	0.0
58.4	36.5	9.1	76.2	474.7	67.2	0	0.0
62.7	36.0	5.3	112.7	274.9	39.1	0	0.0
63.0	53.9	5.3	153.5	284.4	13.4	58	0.0
60.9	49.8	5.7	208.4	347.5	45.8	3	0.0
55.4	45.9	11.6	231.9	410.9	24.1	59	0.0
51.8	44.2	7.1	238.0	348.1	33.0	0	0.0
42.9	38.0	9.3	259.0	283.1	41.0	10	0.0
43.5	26.2	3.4	130.0	531.8	83.8	0	0.0
52.9	31.4	9.7	267.4	548.9	73.4	0	0.0
48.8	28.0	8.4	41.7	587.3	94.3	0	0.0
55.2	29.5	9.0	85.2	373.3	35.4	0	0.0
61.8	30.2	11.8	113.5	356.2	19.8	0	0.0
05	31	2006
62.2	29.8	9.0	137.5	468.4	42.2	0	0.0
56.4	44.2	7.3	149.8	284.5	27.6	22	0.0
59.4	48.4	5.7	258.9	413.8	41.1	0	0.0
62.2	49.8	9.0	238.3	358.7	51.0	0	0.0
57.8	41.9	6.6	225.8	475.8	51.0	0	0.0
49.3	34.5	9.4	298.5	476.4	39.9	0	0.0
51.0	26.2	5.5	80.0	443.9	42.7	0	0.0
54.4	37.1	9.6	93.8	554.6	71.3	0	0.0
58.7	43.3	8.4	133.5	552.6	66.2	0	0.0
65.2	50.8	10.1	152.3	386.7	33.3	25	0.0
57.1	51.6	13.8	183.7	298.1	12.7	20	0.0
48.3	44.9	12.8	183.4	258.9	7.3	17	0.0
50.5	45.1	8.3	137.3	277.6	18.1	13	0.0
54.1	49.5	6.8	94.4	311.9	15.1	17	0.0
48.5	46.4	6.6	230.3	267.8	6.9	78	0.0
51.7	48.7	7.7	256.4	362.8	16.5	31	0.0
56.2	51.0	8.2	225.5	394.8	19.3	28	0.0
50.6	44.8	10.6	242.8	401.8	20.1	43	0.0
47.1	44.2	6.3	228.4	292.7	10.4	32	0.0
51.5	40.6	8.9	262.7	499.6	55.1	0	0.0
50.4	37.5	11.3	279.5	527.1	43.1	2	0.0
47.8	36.2	7.1	230.8	548.9	52.3	0	0.0
50.9	33.0	4.8	189.8	579.0	70.3	0	0.0
60.1	39.8	6.4	192.9	454.2	41.7	0	0.0
64.0	56.2	9.3	179.1	355.8	17.7	73	0.0
64.6	60.4	9.8	245.1	339.9	24.4	12	0.0
67.9	58.4	3.9	126.2	590.5	66.3	0	0.0
73.7	59.6	3.7	115.4	530.5	57.8	0	0.0
77.1	62.4	4.2	176.7	563.5	63.5	0	0.0
78.0	61.1	3.9	152.9	475.4	55.7	0	0.0
74.3	63.1	6.1	154.0	499.9	45.8	4	0.0
06	30	2006
69.7	65.0	5.2	190.7	340.4	19.4	15	0.0
62.4	58.3	8.2	239.3	282.6	11.1	31	0.0
61.7	53.9	7.6	280.6	440.3	27.7	1	0.0
56.9	51.8	8.2	249.6	310.2	24.8	15	0.0
64.2	45.8	8.2	305.3	623.6	69.3	0	0.0
68.3	46.1	4.5	223.5	593.6	58.3	0	0.0
68.6	53.8	4.7	145.6	511.1	52.6	0	0.0
69.1	54.0	6.5	268.3	573.1	55.6	0	0.0
62.1	51.9	9.2	319.6	468.5	38.5	0	0.0
56.6	40.1	8.7	266.5	487.4	38.5	0	0.0
55.3	40.6	4.9	188.8	450.2	32.8	0	0.0
57.8	46.7	6.3	202.8	464.9	35.9	0	0.0
61.6	50.6	4.4	182.3	564.7	65.6	0	0.0
64.4	48.4	8.2	277.9	635.4	76.0	0	0.0
65.3	46.2	6.1	264.6	623.1	76.0	0	0.0
69.4	46.5	3.2	76.7	639.5	66.7	0	0.0
75.5	54.2	8.6	182.1	529.9	39.6	0	0.0
78.3	62.9	13.2	194.2	460.1	24.0	0	0.0
71.3	60.9	9.3	236.0	515.7	30.2	14	0.0
67.8	55.0	7.8	232.1	552.7	51.0	0	0.0
65.2	59.4	7.6	147.2	370.1	32.3	57	0.0
70.0	65.9	9.6	182.4	416.3	22.7	103	0.0
66.8	63.5	4.6	188.0	297.2	23.4	9	0.0
66.3	50.8	7.1	285.0	651.6	77.1	0	0.0
68.0	57.9	4.9	121.0	371.3	34.9	0	0.0
71.1	64.8	5.7	118.5	295.2	7.3	0	0.0
71.0	64.2	7.2	188.2	375.0	14.6	35	0.0
67.1	60.9	6.6	203.3	468.6	38.1	25	0.0
64.6	54.8	7.2	242.3	535.9	57.3	0	0.0
68.3	54.5	5.4	218.5	577.0	66.7	0	0.0
07	31	2006
73.4	60.0	10.4	189.4	609.5	63.5	0	0.0
74.1	64.4	10.4	217.2	421.9	18.1	56	0.0
71.4	66.8	7.5	213.3	398.5	34.4	12	0.0
71.1	67.5	9.6	212.1	326.5	21.1	66	0.0
65.5	55.1	8.7	270.4	553.9	50.0	0	0.0
63.0	49.7	6.8	289.4	559.2	69.3	0	0.0
66.2	54.3	3.2	132.5	580.5	70.3	0	0.0
69.4	55.7	4.4	140.4	546.6	60.9	0	0.0
70.3	58.0	6.4	199.4	425.6	34.9	0	0.0
69.7	62.3	9.0	191.5	392.3	23.8	112	0.0
71.8	66.0	8.3	167.8	339.0	19.4	9	0.0
72.4	68.9	11.1	216.0	292.8	9.2	16	0.0
73.9	66.9	3.9	93.5	411.1	25.5	1	0.0
74.5	68.1	6.8	146.7	463.2	33.5	41	0.0
76.8	67.1	6.8	234.8	537.8	42.4	0	0.0
79.9	65.2	3.8	211.5	600.2	74.5	0	0.0
79.5	66.2	7.1	197.9	657.9	89.6	0	0.0
76.0	65.1	6.3	184.0	486.5	45.8	0	0.0
76.0	63.9	5.3	96.0	504.9	52.6	0	0.0
77.2	68.8	6.3	182.5	424.9	51.0	0	0.0
74.2	67.1	6.5	235.6	425.3	27.5	47	0.0
65.1	61.1	7.5	271.9	330.6	16.0	69	0.0
67.4	57.1	4.4	224.4	548.6	56.9	0	0.0
71.4	59.6	7.8	203.8	579.9	68.8	0	0.0
74.7	62.2	6.2	204.8	613.6	67.7	0	0.0
76.0	62.9	8.9	190.2	538.4	56.8	0	0.0
75.4	68.8	11.2	205.4	384.3	21.4	13	0.0
75.5	68.5	9.5	235.1	409.2	34.7	3	0.0
76.3	69.4	6.3	229.2	464.2	65.8	0	0.0
77.4	70.9	5.8	207.4	453.6	37.7	5	0.0
78.1	72.0	6.6	177.9	458.9	50.2	61	0.0
08	31	2006
82.0	72.4	7.8	225.0	596.9	73.4	0	0.0
81.8	71.2	9.8	220.4	608.6	87.0	0	0.0
77.4	70.5	7.9	233.8	417.1	44.3	21	0.0
74.4	60.5	7.6	227.1	549.4	54.7	0	0.0
72.4	58.8	5.7	62.9	549.9	50.0	0	0.0
75.5	65.3	6.4	165.0	459.8	40.6	0	0.0
76.9	69.5	6.9	256.0	422.6	32.8	5	0.0
70.5	59.1	7.5	101.9	442.0	51.4	0	0.0
69.4	56.8	3.9	111.5	540.3	70.8	0	0.0
71.6	60.5	3.8	135.6	367.8	29.2	0	0.0
68.1	55.9	9.7	49.2	491.9	56.8	0	0.0
64.7	48.0	8.2	48.5	602.7	90.1	0	0.0
66.9	48.5	4.0	114.2	524.8	66.2	0	0.0
71.9	63.1	9.4	208.8	408.5	26.0	146	0.0
70.6	57.7	5.4	244.9	512.8	59.2	0	0.0
69.8	55.2	3.6	23.8	533.9	72.4	0	0.0
71.6	58.2	5.7	92.9	425.9	46.9	0	0.0
73.5	64.5	4.7	133.8	258.8	17.7	8	0.0
73.3	69.4	8.1	214.6	296.5	17.7	13	0.0
68.2	60.0	7.3	255.5	402.6	40.7	0	0.0
65.9	52.6	3.4	146.7	499.3	68.2	0	0.0
69.9	56.6	2.7	149.4	501.2	62.0	0	0.0
70.8	59.7	4.2	142.1	463.7	50.5	0	0.0
69.2	59.4	3.7	164.0	356.2	40.1	0	0.0
74.3	63.5	2.7	103.3	345.9	28.6	0	0.0
75.6	63.5	4.5	139.2	295.1	22.4	0	0.0
73.5	68.8	7.2	232.6	333.9	16.0	25	0.0
70.9	68.0	4.7	133.5	229.6	7.3	12	0.0
69.5	66.0	9.0	193.3	236.4	8.3	11	0.0
65.9	61.0	9.0	40.5	246.2	17.2	0	0.0
65.4	58.2	11.8	54.8	302.8	17.7	0	0.0
09	30	2006
62.6	52.3	10.3	67.9	231.2	12.5	0	0.0
56.8	53.2	11.5	104.0	226.5	10.8	27	0.0
59.1	54.2	5.8	233.4	257.8	29.7	1	0.0
63.0	54.8	3.9	218.8	301.7	25.0	0	0.0
62.6	57.2	3.5	130.6	339.0	24.0	7	0.0
63.0	56.1	5.3	219.0	406.3	55.7	0	0.0
65.1	55.7	3.6	116.7	462.3	75.5	0	0.0
67.8	56.1	5.8	195.2	454.7	75.5	0	0.0
66.4	57.9	6.9	181.2	467.4	59.9	1	0.0
61.6	56.4	8.5	58.6	247.7	29.5	0	0.0
63.7	57.3	8.4	73.3	386.6	42.2	0	0.0
63.9	61.6	9.8	160.6	211.2	11.5	33	0.0
63.4	61.2	11.0	181.1	217.1	11.3	4	0.0
62.1	58.6	6.9	294.5	237.7	18.1	0	0.0
60.5	57.4	6.3	242.6	202.9	22.1	0	0.0
61.0	56.9	4.6	106.3	266.2	30.6	0	0.0
63.4	57.2	6.9	159.4	357.3	59.9	0	0.0
66.6	60.2	9.8	204.3	336.8	29.2	55	0.0
57.3	48.4	10.1	264.6	347.9	26.9	1	0.0
50.9	43.3	9.0	268.1	272.1	37.0	0	0.0
52.5	40.5	4.6	198.8	389.5	67.7	0	0.0
58.2	50.8	12.2	156.9	204.0	17.7	1	0.0
66.8	62.4	15.2	196.5	216.5	13.5	1	0.0
63.5	53.3	14.1	256.6	319.2	25.5	1	0.0
55.2	43.9	8.6	241.8	362.8	45.1	0	0.0
58.3	46.1	5.3	169.0	372.3	56.2	0	0.0
62.3	51.3	12.7	189.0	327.7	36.5	18	0.0
53.0	49.3	7.3	297.2	198.1	19.1	64	0.0
49.4	41.5	6.6	216.0	322.7	41.1	1	0.0
49.7	46.2	10.3	169.0	160.7	5.6	36	0.0
10	31	2006
54.2	46.0	6.2	180.3	341.9	64.2	0	0.0
56.5	50.9	6.4	161.2	245.1	50.0	1	0.0
64.0	56.8	6.4	166.0	266.2	40.6	0	0.0
64.3	59.9	9.5	212.6	219.8	25.4	3	0.0
51.0	43.2	10.9	101.3	222.5	23.3	0	0.0
48.5	38.6	10.1	76.0	342.9	75.5	0	0.0
50.6	38.8	7.1	55.0	358.2	81.2	0	0.0
59.6	51.0	4.0	108.1	366.2	95.8	0	0.0
62.9	54.3	3.1	134.8	336.2	74.0	0	0.0
61.2	54.2	6.1	52.6	245.7	23.3	0	0.0
59.6	56.1	14.8	185.0	159.1	7.8	43	0.0
38.9	27.1	15.6	236.5	240.3	25.4	2	4.6
40.6	25.1	17.1	207.9	292.9	68.2	0	0.0
41.1	24.4	11.6	236.9	255.0	62.5	0	0.0
41.2	28.9	6.4	229.4	303.9	75.0	0	0.0
48.3	34.7	7.1	125.6	173.9	14.1	7	0.0
53.8	51.2	14.6	186.9	139.3	7.6	149	0.0
53.3	50.5	6.4	204.2	133.4	8.0	1	0.0
52.0	50.5	7.3	247.4	126.9	6.1	19	0.0
43.2	39.3	7.8	251.9	133.2	8.8	35	0.0
45.6	37.2	8.8	187.5	233.9	45.3	0	0.0
44.9	38.5	13.6	212.0	126.1	11.8	9	0.0
35.8	29.6	13.3	255.9	143.3	9.6	1	1.3
36.7	30.1	13.2	273.3	138.9	9.9	0	0.0
38.5	30.6	6.4	277.4	156.3	22.7	0	0.0
40.6	28.9	3.9	117.1	185.5	28.6	0	0.0
43.6	39.4	8.3	84.4	120.9	6.6	66	0.0
41.0	35.4	17.1	249.2	134.9	21.9	21	0.0
40.9	25.1	13.4	240.6	241.0	74.0	0	0.0
51.1	36.8	10.2	179.8	218.9	60.4	0	0.0
53.9	43.8	12.0	225.3	110.5	25.0	14	0.0
11	30	2006
39.7	30.7	5.7	247.3	170.6	38.0	0	0.0
31.6	20.5	12.4	263.8	215.3	62.0	0	0.0
28.4	18.4	7.8	240.2	187.7	53.6	0	0.0
32.1	19.4	5.7	150.6	163.5	39.6	0	0.0
44.2	26.5	7.8	170.0	180.3	22.9	0	0.0
50.3	33.5	6.2	140.8	183.7	29.2	0	0.0
49.4	41.7	8.5	121.2	87.5	4.7	3	0.0
50.7	47.5	4.8	180.1	105.9	14.5	0	0.0
52.8	47.0	9.5	226.7	216.4	66.8	0	0.0
51.4	44.6	7.6	113.8	166.2	41.1	0	0.0
49.2	45.5	10.7	256.6	94.3	14.9	32	0.0
37.6	33.7	8.8	294.0	101.9	8.8	0	0.0
38.7	36.1	4.6	161.2	96.5	7.6	0	0.0
39.1	32.2	2.4	129.4	115.8	19.3	0	0.0
40.8	37.3	9.4	80.8	97.1	26.0	63	0.0
54.0	49.9	11.3	179.0	122.5	11.6	34	0.0
37.5	32.2	8.7	246.6	90.0	6.6	7	0.0
38.6	31.9	2.5	74.8	84.5	7.3	0	0.0
36.1	33.5	6.2	289.7	87.6	7.6	9	5.1
34.2	28.3	6.2	306.6	106.6	19.1	2	5.1
34.8	26.1	4.0	91.9	149.3	42.7	0	0.0
36.8	22.8	7.9	79.8	181.2	84.9	0	0.0
39.8	24.6	6.5	191.2	169.8	77.9	0	0.0
39.6	25.0	4.7	101.0	180.5	72.4	0	0.0
47.1	29.5	7.9	169.2	136.1	57.3	0	0.0
50.5	38.7	7.7	192.1	122.0	50.5	0	0.0
50.1	41.1	6.3	173.3	110.0	26.6	0	0.0
51.1	39.2	8.2	154.2	124.0	23.4	0	0.0
57.1	51.4	11.1	171.4	80.6	10.8	2	0.0
56.1	51.7	13.1	164.5	72.2	4.5	41	0.0
12	31	2006
42.8	37.7	18.9	170.1	82.3	6.4	63	0.0
29.1	20.8	10.9	234.1	105.5	33.0	0	0.0
28.2	19.6	10.9	238.1	77.4	12.5	0	0.0
20.8	11.5	14.1	231.9	109.7	20.8	0	0.0
25.4	16.6	10.6	218.5	108.4	30.7	1	4.4
36.9	21.6	15.2	203.3	107.5	18.2	0	0.0
23.5	16.2	15.7	272.5	78.7	12.6	9	43.9
17.4	10.0	13.7	241.2	107.4	36.5	3	20.3
26.9	9.8	14.9	197.9	158.4	53.1	0	0.0
38.1	16.1	12.2	197.3	156.3	60.9	0	0.0
44.6	19.0	7.4	181.0	108.0	18.2	0	0.0
48.7	21.2	12.0	143.3	118.4	40.1	1	0.0
46.0	35.6	15.1	199.2	122.4	41.5	3	0.0
47.8	35.4	13.5	197.3	132.3	50.5	0	0.0
45.0	32.7	13.7	243.1	116.5	26.6	0	0.0
39.8	27.8	8.6	178.3	82.5	26.6	0	0.0
53.6	41.1	10.2	211.7	67.8	8.8	2	0.0
42.0	35.5	7.3	269.9	92.8	25.5	18	0.0
31.6	26.2	4.7	184.4	99.4	56.2	0	0.0
33.8	24.1	5.3	177.9	133.3	53.1	0	0.0
40.6	34.7	5.4	128.8	67.2	7.6	13	0.0
49.8	48.2	12.5	155.3	64.0	5.6	41	0.0
40.0	34.7	12.6	230.9	69.2	20.7	0	0.0
36.5	31.5	8.5	213.5	89.8	38.4	2	0.0
35.9	32.7	7.9	72.8	69.1	12.6	25	0.0
35.4	32.7	10.3	281.0	67.3	6.9	15	3.4
33.9	25.5	11.4	238.6	116.5	21.7	0	0.0
36.2	27.7	7.0	164.0	77.7	30.7	0	0.0
41.1	28.1	4.7	115.4	107.5	34.4	0	0.0
41.1	32.6	4.9	152.6	132.6	54.3	0	0.0
45.4	41.3	12.8	118.5	68.4	17.2	18	0.0
