01	31	1998
27.9	16.2	17.6	200.2	114.2	63.1	0	0.0
44.8	28.0	16.1	209.0	106.2	47.5	0	0.0
52.4	40.4	16.3	210.3	57.2	10.5	2	0.0
53.4	49.3	8.3	192.7	42.5	17.1	23	0.0
56.8	47.1	11.9	182.4	71.7	25.0	15	0.0
55.5	52.3	7.8	182.7	57.5	2.4	3	0.0
47.7	45.8	11.1	97.5	56.5	4.5	77	0.0
39.5	35.3	9.1	60.8	57.0	6.8	18	0.0
40.0	35.3	14.4	220.3	59.9	3.0	21	0.0
33.6	22.5	16.9	236.5	88.8	43.1	0	0.0
24.9	13.9	7.0	213.9	115.9	83.5	0	0.0
34.2	27.6	10.2	161.4	46.4	10.0	0	0.0
26.2	19.0	13.8	271.9	100.5	28.8	2	3.8
21.6	11.9	8.5	136.2	88.9	54.6	0	0.0
31.3	30.4	6.2	145.9	69.0	2.3	7	18.8
27.9	27.9	12.1	27.4	73.3	11.2	0	0.0
29.9	29.4	5.2	170.9	94.7	10.3	1	3.4
27.7	25.4	9.1	239.2	62.7	1.1	2	4.2
26.8	25.1	7.1	239.0	74.4	17.5	0	0.0
26.9	25.3	6.6	246.0	76.8	23.1	6	15.2
26.1	21.8	7.2	104.5	85.0	11.9	0	0.0
31.6	30.1	8.1	92.0	54.1	2.8	6	3.8
35.5	35.0	11.9	211.2	54.8	4.8	13	0.0
30.1	29.0	7.7	289.0	67.5	0.0	0	1.1
29.8	26.9	7.5	246.0	79.1	7.5	1	1.3
34.4	31.6	6.8	141.2	126.2	25.9	0	0.0
37.9	33.3	6.5	155.3	85.5	25.7	0	0.0
33.8	31.9	3.5	95.9	161.9	78.4	0	0.0
39.1	34.1	12.2	219.2	72.4	10.7	4	3.8
33.0	28.1	10.6	299.4	76.9	7.9	0	0.8
31.7	25.6	6.1	215.0	58.5	45.0	0	0.0
02	28	1998
36.7	23.6	10.3	169.8	167.1	72.5	0	0.0
41.0	30.2	12.7	240.7	101.3	22.1	0	0.0
31.6	25.7	12.2	96.7	103.2	17.8	0	0.0
30.5	27.1	23.1	42.5	65.3	1.8	0	0.0
29.7	23.4	19.0	28.2	93.7	16.9	0	0.0
30.6	27.5	9.8	49.2	182.8	70.0	0	0.0
31.6	28.1	9.7	48.0	188.5	60.6	0	0.0
30.7	27.1	7.1	100.4	160.8	52.8	0	0.0
30.3	25.6	2.8	75.0	199.1	76.2	0	0.0
40.7	30.6	5.0	138.8	173.4	61.9	0	0.0
47.0	38.9	9.6	142.8	97.6	7.5	19	0.0
37.3	33.8	12.0	266.2	94.8	0.6	13	17.8
33.0	26.6	5.9	282.9	75.1	7.1	0	0.0
29.6	23.4	7.3	110.1	91.3	9.1	0	0.0
35.9	24.0	9.2	146.5	154.8	40.6	0	0.0
40.4	29.9	12.4	122.0	78.7	19.4	10	0.0
44.2	41.3	16.4	112.0	109.2	10.3	52	0.0
44.9	43.9	8.4	187.3	81.2	4.8	1	0.0
36.8	36.8	4.4	221.3	82.5	0.0	0	0.0
37.5	36.9	6.8	247.7	99.9	0.0	0	0.0
36.9	35.4	8.1	268.2	85.2	0.0	0	0.0
37.6	32.9	6.2	124.0	209.0	36.3	0	0.0
36.2	32.4	11.5	82.0	96.0	2.5	0	0.0
36.0	32.6	9.8	293.0	140.7	5.4	0	0.0
38.3	34.2	9.2	240.5	153.7	41.1	0	0.0
42.4	31.7	8.4	119.8	136.4	48.8	0	0.0
50.4	39.0	9.6	147.0	106.5	35.0	6	0.0
43.9	41.4	6.0	108.9	143.5	19.6	3	0.0
03	31	1998
42.8	38.7	6.8	223.9	151.9	12.1	16	0.0
36.5	32.2	6.9	260.6	111.0	12.9	0	0.0
33.8	32.8	8.6	246.6	125.7	2.6	9	9.7
32.4	30.0	8.1	256.2	111.7	2.3	4	9.7
33.6	28.7	4.6	193.2	130.3	25.8	1	0.0
33.4	27.2	3.9	78.8	122.7	41.2	0	0.0
36.0	29.4	9.0	111.0	237.6	45.0	0	0.0
48.1	44.0	15.3	121.5	125.2	14.3	7	0.0
44.4	41.4	15.8	226.1	137.1	3.4	15	5.9
21.7	14.6	15.5	312.2	131.9	3.7	0	0.0
19.5	6.8	14.3	315.2	170.1	12.4	1	2.5
21.9	13.4	15.2	262.4	112.2	9.5	0	0.0
26.3	14.1	15.1	200.8	148.5	25.0	0	0.0
32.0	22.2	19.1	273.5	149.1	5.0	2	0.0
28.0	20.3	10.5	251.3	119.5	0.6	0	0.0
28.9	20.6	10.3	65.3	332.9	56.5	0	0.0
39.0	25.9	10.8	127.5	242.9	32.5	13	0.0
49.5	43.1	10.3	170.5	148.9	3.4	5	0.0
49.4	46.1	9.5	195.3	124.4	0.4	0	0.0
35.2	33.3	18.9	36.6	131.2	2.4	46	107.3
32.1	29.4	19.6	29.2	146.4	0.0	18	46.6
32.0	23.1	10.6	300.4	194.4	23.5	0	0.0
33.2	22.1	8.5	243.8	329.5	56.5	0	0.0
36.0	21.3	6.3	182.7	363.0	70.2	1	0.5
45.5	25.6	14.8	167.8	259.5	36.2	0	0.0
64.5	45.8	19.0	203.8	344.7	78.1	0	0.0
70.8	48.4	14.8	206.2	186.7	32.5	0	0.0
64.9	52.2	16.6	207.8	275.0	30.6	14	0.0
64.5	53.4	8.2	204.7	310.8	72.4	0	0.0
72.4	54.2	14.3	198.8	384.7	74.4	0	0.0
72.8	51.3	14.7	183.8	369.4	68.8	0	0.0
04	30	1998
55.5	45.6	12.6	227.4	280.8	19.3	18	0.0
44.9	35.5	13.9	261.2	144.3	20.8	2	0.0
42.6	35.5	10.8	108.3	219.7	28.6	0	0.0
40.7	33.6	17.1	147.1	179.2	10.0	0	0.0
41.6	27.6	8.1	229.2	415.7	97.5	0	0.0
39.9	23.4	4.4	91.0	409.0	83.1	0	0.0
46.5	28.2	6.5	121.8	322.7	55.0	2	0.0
54.9	48.8	9.9	134.8	384.1	48.1	17	0.0
47.0	44.6	12.6	60.8	178.2	5.2	33	0.0
42.2	29.1	13.3	167.3	367.1	73.8	1	0.0
43.4	26.1	6.0	207.5	438.5	98.1	0	0.0
54.1	32.6	5.5	116.0	438.2	96.9	0	0.0
60.6	36.1	10.5	173.8	304.8	26.2	0	0.0
55.8	51.2	13.4	219.4	182.4	13.6	23	0.0
51.1	45.7	7.5	111.0	260.5	17.5	0	0.0
60.2	55.5	11.9	177.4	278.1	19.2	84	0.0
46.7	37.0	12.8	282.4	336.2	44.7	1	0.0
48.8	31.9	6.7	170.8	260.0	60.0	0	0.0
45.7	42.1	15.2	59.7	164.2	0.0	40	0.0
50.6	40.1	7.1	188.9	461.3	61.4	4	0.0
54.0	39.3	8.9	99.0	293.7	52.5	0	0.0
56.8	40.6	9.6	95.4	342.1	30.8	0	0.0
52.9	38.0	4.8	187.5	442.6	75.6	0	0.0
55.8	38.8	10.9	204.3	523.8	77.4	0	0.0
50.0	39.7	5.3	80.0	431.3	55.0	12	0.0
46.3	44.5	12.5	80.2	209.8	4.9	81	0.0
42.4	30.9	11.4	93.5	481.2	94.4	0	0.0
45.4	35.3	5.7	89.3	488.8	82.7	0	0.0
54.5	44.1	5.4	143.5	269.0	41.9	1	0.0
60.9	57.9	7.4	154.3	308.5	7.3	4	0.0
05	31	1998
61.6	58.0	7.1	153.8	276.0	11.0	11	0.0
57.1	56.3	5.2	206.3	228.6	5.4	2	0.0
57.7	55.8	4.8	80.2	237.6	4.9	7	0.0
56.5	54.8	4.5	179.8	290.5	41.4	9	0.0
55.5	52.3	3.1	77.4	347.1	73.5	0	0.0
64.0	54.1	5.4	114.8	507.1	82.1	0	0.0
65.9	55.9	10.3	129.8	338.8	35.1	0	0.0
60.9	58.6	9.9	58.9	285.8	6.9	1	0.0
59.1	54.7	12.1	59.5	433.0	60.2	0	0.0
57.1	54.3	14.4	56.6	397.5	46.7	0	0.0
55.5	55.0	7.7	250.2	186.1	1.0	3	0.0
59.4	56.1	4.8	124.6	267.7	26.7	0	0.0
66.7	57.1	9.1	161.0	434.4	80.0	0	0.0
72.2	60.4	5.6	122.2	526.0	91.2	0	0.0
75.0	62.3	5.7	133.2	532.8	86.9	0	0.0
73.7	61.8	9.9	227.8	480.8	75.6	0	0.0
67.3	52.3	6.2	250.0	544.9	100.0	0	0.0
72.5	52.5	7.7	230.5	534.3	93.8	0	0.0
76.3	59.6	9.3	234.5	598.9	79.8	0	0.0
75.5	57.9	10.4	247.2	416.3	35.6	0	0.0
60.8	47.5	11.2	218.0	541.7	91.2	0	0.0
55.9	43.1	9.2	88.8	532.1	62.5	0	0.0
59.9	44.8	8.4	42.9	443.3	72.4	0	0.0
60.4	52.1	6.6	105.5	348.7	38.7	3	0.0
60.7	56.5	10.0	275.6	320.3	20.9	0	0.0
64.7	51.9	4.0	131.8	564.1	58.5	0	0.0
66.0	52.4	5.5	68.8	493.0	85.0	0	0.0
73.8	58.6	10.2	204.2	483.0	74.4	0	0.0
77.5	63.2	10.8	255.8	518.5	72.5	0	0.0
72.3	61.8	6.2	136.0	395.8	56.2	0	0.0
73.7	67.9	15.6	180.8	240.1	22.5	30	0.0
06	30	1998
58.9	49.6	7.8	173.1	526.0	63.7	0	0.0
68.9	58.3	15.6	201.0	505.5	47.5	0	0.0
56.6	47.7	9.6	200.0	411.4	46.2	0	0.0
56.5	42.9	4.9	190.8	414.8	50.6	0	0.0
53.6	43.6	10.4	114.0	335.7	14.5	3	0.0
53.1	43.2	6.2	250.8	347.6	35.6	1	0.0
55.7	45.1	10.9	269.2	538.2	45.8	1	0.0
57.9	44.6	6.2	205.2	565.1	79.4	0	0.0
59.0	50.0	10.9	147.2	353.4	22.5	0	0.0
63.6	61.4	6.2	165.8	391.0	40.1	1	0.0
67.2	63.5	8.8	142.2	296.9	31.0	10	0.0
74.6	64.8	13.9	215.6	626.2	50.0	61	0.0
66.5	60.7	12.1	280.9	374.6	35.5	6	0.0
65.0	58.8	6.3	230.7	365.4	27.8	0	0.0
66.6	61.2	4.1	148.7	293.6	32.1	1	0.0
67.7	63.5	8.8	200.9	412.4	43.4	3	0.0
70.9	62.4	10.2	262.1	446.8	52.0	0	0.0
73.2	60.2	6.8	215.8	541.5	70.6	0	0.0
75.3	66.0	8.2	223.5	375.9	36.2	2	0.0
75.7	61.0	6.7	233.5	576.4	90.6	0	0.0
77.6	62.6	9.0	178.2	497.7	64.4	0	0.0
78.8	68.3	6.9	207.4	537.8	70.2	0	0.0
76.1	67.5	6.7	208.0	372.5	41.9	0	0.0
79.8	67.7	6.6	175.6	591.0	83.3	0	0.0
83.5	71.2	10.6	212.9	453.0	88.8	0	0.0
79.5	69.3	12.6	243.3	507.6	80.2	16	0.0
72.3	68.9	5.6	133.6	426.4	36.2	8	0.0
75.0	69.6	6.3	150.1	545.8	71.9	0	0.0
75.2	69.1	10.6	213.2	495.9	51.2	0	0.0
69.5	64.2	10.7	265.2	397.1	40.3	11	0.0
07	31	1998
69.8	59.4	7.9	249.1	569.4	80.6	0	0.0
69.9	55.6	5.0	171.5	510.6	89.4	0	0.0
73.4	60.6	7.3	199.8	524.7	65.0	0	0.0
70.3	64.3	9.0	231.9	269.9	6.5	1	0.0
69.8	56.2	9.9	69.3	561.9	83.9	0	0.0
71.8	58.2	6.1	186.8	434.0	75.7	0	0.0
73.6	67.4	6.7	179.0	321.4	36.3	8	0.0
73.9	70.2	6.5	174.2	429.9	42.6	3	0.0
72.6	63.6	5.3	199.2	552.2	73.3	0	0.0
68.7	56.5	10.6	154.6	530.6	84.1	0	0.0
66.3	52.2	4.8	159.0	559.9	88.1	0	0.0
68.1	56.3	6.0	118.8	561.9	89.4	0	0.0
72.9	58.9	5.0	128.0	570.6	96.9	0	0.0
75.5	63.4	6.3	180.2	360.9	58.9	0	0.0
74.3	70.1	7.3	211.7	387.3	40.8	14	0.0
77.5	69.7	6.7	223.4	529.4	51.0	0	0.0
72.7	64.2	8.2	234.8	382.5	59.8	0	0.0
71.8	56.5	5.4	72.5	493.0	80.6	0	0.0
76.1	67.0	12.0	194.8	502.1	65.0	2	0.0
79.1	65.5	10.4	234.1	557.9	69.6	0	0.0
77.9	72.6	14.1	210.5	421.8	48.7	45	0.0
75.3	69.1	8.2	227.4	347.2	30.3	12	0.0
73.3	64.9	10.1	262.5	474.5	49.5	17	0.0
66.9	55.9	5.3	218.0	307.0	40.0	0	0.0
67.5	57.6	3.8	143.5	423.4	58.8	0	0.0
68.5	57.5	5.3	160.8	535.0	88.1	0	0.0
72.1	60.4	9.0	207.8	534.6	71.9	0	0.0
74.9	66.2	11.5	223.8	489.3	83.8	0	0.0
74.1	60.9	7.7	227.1	446.9	57.5	0	0.0
70.4	58.7	7.1	186.9	398.2	53.0	0	0.0
69.3	58.0	10.4	69.0	477.7	78.1	0	0.0
08	31	1998
68.5	54.1	7.0	110.2	535.1	97.5	0	0.0
70.1	53.0	7.2	82.0	521.9	89.4	0	0.0
72.3	58.0	4.9	105.0	439.4	74.4	0	0.0
73.8	61.2	5.8	159.2	294.4	26.2	0	0.0
71.6	68.2	4.3	106.8	220.9	4.6	22	0.0
78.0	69.1	9.0	179.4	443.1	35.8	0	0.0
79.2	70.8	7.3	133.1	390.1	43.5	1	0.0
81.0	67.8	9.2	163.8	517.2	76.2	0	0.0
76.1	71.9	6.9	179.3	341.7	41.6	7	0.0
73.7	71.6	6.4	205.1	372.6	39.6	10	0.0
72.5	65.6	9.5	180.3	448.5	46.6	0	0.0
70.4	62.9	9.3	67.5	487.7	63.4	0	0.0
68.9	58.8	4.7	55.0	419.5	86.2	0	0.0
70.9	59.9	4.6	164.7	338.2	72.4	0	0.0
74.2	64.4	6.3	173.4	439.8	90.6	0	0.0
74.8	65.4	5.2	71.6	474.1	68.2	0	0.0
76.6	65.9	5.5	215.7	526.3	64.9	0	0.0
70.0	58.5	13.0	261.0	373.3	43.3	1	0.0
63.8	50.3	8.2	63.7	420.6	86.8	0	0.0
67.1	52.3	5.9	207.5	387.9	81.2	0	0.0
75.3	65.1	7.3	238.5	328.4	48.8	0	0.0
72.9	65.8	6.4	255.1	469.4	75.8	0	0.0
78.0	66.6	10.8	219.1	479.1	77.4	0	0.0
73.9	67.6	12.4	204.8	315.0	48.8	3	0.0
69.6	66.6	8.6	194.1	253.7	38.0	75	0.0
70.0	62.7	6.4	261.6	393.3	91.5	0	0.0
70.0	60.5	6.4	57.2	452.0	89.8	0	0.0
71.7	62.5	4.6	179.2	419.8	60.0	0	0.0
71.7	65.5	8.6	235.8	368.7	49.8	6	0.0
72.3	63.0	6.4	216.5	430.9	80.0	0	0.0
67.5	56.9	5.2	138.8	448.9	86.2	0	0.0
09	30	1998
67.2	56.2	6.0	196.8	378.6	55.0	0	0.0
65.6	53.5	9.0	217.9	449.9	66.9	0	0.0
63.2	52.1	6.3	166.8	354.1	75.6	0	0.0
64.5	54.7	4.7	206.1	351.2	84.4	0	0.0
68.8	57.2	6.8	171.0	438.2	100.0	0	0.0
79.5	65.5	10.8	222.2	424.5	88.1	0	0.0
66.5	59.9	9.8	183.9	201.2	12.7	23	0.0
59.5	49.2	14.6	336.8	279.5	18.8	11	0.0
60.1	49.8	11.1	300.6	265.8	51.5	0	0.0
59.9	50.0	6.2	203.5	370.6	91.2	0	0.0
68.5	54.7	10.1	228.3	482.0	98.2	0	0.0
72.0	58.2	7.6	203.2	409.2	92.5	0	0.0
73.7	62.0	5.4	147.2	408.0	95.0	0	0.0
77.0	63.9	8.4	176.0	260.4	35.0	0	0.0
75.8	67.2	8.8	216.5	253.1	26.2	2	0.0
68.7	66.7	6.5	83.3	187.0	17.4	3	0.0
65.8	59.1	5.4	58.4	387.8	83.5	0	0.0
65.8	56.3	3.6	51.8	388.2	99.4	0	0.0
71.4	65.2	6.2	158.8	326.0	56.4	10	0.0
75.9	65.7	8.4	209.1	350.2	73.8	0	0.0
69.9	64.6	7.5	199.8	162.9	40.8	5	0.0
62.3	51.9	12.7	104.4	172.1	30.0	0	0.0
55.1	41.9	5.8	135.2	288.3	74.4	0	0.0
58.9	44.4	9.0	182.0	230.3	40.6	0	0.0
68.4	59.2	7.9	161.8	209.4	36.9	0	0.0
78.2	66.2	11.9	205.9	340.4	85.7	0	0.0
73.8	63.3	12.0	210.5	205.6	63.1	0	0.0
62.8	52.4	8.1	274.1	291.0	64.9	0	0.0
64.0	47.1	8.2	169.2	323.0	86.2	0	0.0
66.1	57.6	6.9	227.2	221.7	42.7	0	0.0
10	31	1998
54.5	40.5	12.8	284.6	291.0	52.5	0	0.0
49.7	37.9	6.6	215.2	182.3	35.0	0	0.0
49.3	46.2	9.1	91.0	117.7	3.8	28	0.0
52.4	47.3	8.2	103.3	112.8	6.0	0	0.0
59.3	53.2	7.5	110.2	177.9	29.2	0	0.0
69.1	61.7	12.5	150.6	304.6	67.5	0	0.0
65.3	60.4	11.5	236.5	174.2	5.2	44	0.0
56.3	50.4	9.9	296.8	107.0	0.0	1	0.0
54.5	48.7	5.9	146.8	105.6	15.0	2	0.0
53.2	47.2	5.7	230.2	173.8	45.8	0	0.0
52.9	47.9	3.2	66.4	287.9	82.7	0	0.0
57.5	49.3	5.0	107.8	258.0	86.2	0	0.0
55.0	44.2	12.2	249.8	268.1	58.8	0	0.0
48.8	41.6	9.8	262.3	130.2	6.2	0	0.0
51.9	45.0	5.4	175.5	142.4	41.1	0	0.0
57.3	46.0	7.2	166.5	266.8	83.1	0	0.0
66.5	49.8	11.2	178.2	174.0	51.9	0	0.0
63.0	54.2	14.0	220.0	96.3	12.5	15	0.0
51.2	43.9	8.1	239.1	217.9	60.0	0	0.0
49.7	39.6	10.9	262.5	227.0	54.4	0	0.0
45.5	36.9	10.4	259.4	145.0	22.6	15	0.0
43.4	34.3	10.4	294.5	112.7	31.6	1	0.0
46.6	35.3	9.8	223.1	248.2	97.0	0	0.0
51.6	34.3	9.2	217.0	244.7	98.8	0	0.0
53.9	38.5	7.2	210.0	237.1	68.8	0	0.0
55.0	41.6	6.8	187.2	143.7	42.4	0	0.0
59.5	45.2	8.2	200.0	161.9	46.1	0	0.0
56.8	49.0	8.8	193.9	95.8	23.1	1	0.0
46.2	40.3	4.7	97.7	143.2	56.4	0	0.0
46.3	42.6	2.9	94.1	74.1	51.0	4	0.0
45.8	40.0	3.7	157.7	211.0	72.8	0	0.0
11	30	1998
48.6	43.3	7.0	93.7	153.1	44.0	0	0.0
46.0	36.7	11.7	44.2	76.5	18.6	0	0.0
41.5	29.5	14.2	44.0	76.0	2.9	0	0.0
39.5	28.1	10.6	236.2	58.8	11.7	0	0.0
37.7	32.7	7.0	259.2	70.7	0.7	2	0.0
37.9	28.8	9.2	260.0	56.0	1.5	1	0.0
42.3	32.3	9.9	247.8	56.0	2.3	0	0.0
42.0	31.4	2.8	115.0	67.7	1.3	0	0.0
44.0	35.5	5.1	161.7	73.2	19.9	0	0.0
54.1	47.1	18.4	174.6	76.0	12.5	39	0.0
41.5	27.7	19.6	239.2	69.4	74.3	0	0.0
42.7	26.9	10.3	228.4	102.3	41.4	0	0.0
42.7	36.4	4.6	122.9	75.8	13.8	0	0.0
48.6	36.3	11.2	206.2	120.7	47.7	0	0.0
44.2	33.2	10.8	266.6	115.2	55.9	0	0.0
45.8	37.2	9.4	192.8	65.8	37.5	0	0.0
44.4	41.0	9.5	275.1	47.6	0.7	1	0.0
43.3	35.7	8.2	132.2	131.9	84.4	0	0.0
52.9	41.7	15.3	210.0	57.7	43.8	0	0.0
37.2	31.5	10.1	247.8	74.0	19.4	10	0.0
34.0	28.2	11.0	234.8	56.8	21.5	1	1.3
40.8	28.8	13.9	188.4	86.0	67.2	0	0.0
52.4	38.2	17.6	222.2	106.8	63.9	0	0.0
42.0	30.8	8.3	215.0	123.8	94.5	0	0.0
46.2	34.5	11.9	182.3	52.0	25.7	16	0.0
45.6	37.5	13.3	267.6	119.7	81.5	1	0.0
41.2	33.5	6.7	230.8	115.6	90.9	0	0.0
53.5	39.5	9.4	208.2	117.9	99.3	0	0.0
59.1	51.8	11.1	192.5	70.8	30.5	0	0.0
60.9	49.9	17.8	207.3	61.6	16.4	9	0.0
12	31	1998
46.0	37.5	13.1	241.1	112.5	67.4	0	0.0
53.9	33.2	14.1	209.1	103.5	81.2	0	0.0
58.5	51.0	12.6	219.3	62.7	15.7	0	0.0
61.2	58.3	6.9	217.1	56.0	1.2	0	0.0
59.3	53.6	9.7	185.6	51.4	26.6	0	0.0
65.0	58.7	13.4	196.1	55.6	17.7	1	0.0
45.7	40.4	12.8	157.4	50.6	2.5	7	0.0
39.8	33.6	7.1	272.2	53.2	12.3	0	0.0
35.1	27.8	6.8	230.6	106.1	96.9	0	0.0
37.2	28.7	9.6	241.9	83.1	46.1	0	0.0
35.4	26.6	7.9	224.5	104.2	57.3	0	0.0
36.1	24.3	6.9	194.7	77.9	64.1	0	0.0
35.5	30.1	6.8	128.9	73.2	64.6	0	0.0
36.9	29.3	6.7	193.3	100.9	57.0	0	0.0
39.1	26.4	10.9	210.9	102.3	97.7	0	0.0
36.2	31.4	7.2	236.7	83.7	31.2	7	3.4
33.0	29.4	11.1	274.8	51.1	4.0	11	8.0
31.9	23.8	13.0	191.6	55.5	24.2	0	0.0
42.0	33.8	10.7	218.3	35.3	0.7	3	0.0
38.7	36.1	6.1	111.4	35.2	2.9	1	0.0
46.0	44.8	9.6	227.7	47.6	0.6	28	5.1
20.0	12.7	18.2	262.8	37.7	0.0	0	0.8
13.4	5.4	7.0	221.8	48.9	62.5	0	0.0
18.6	9.4	9.2	231.5	100.2	100.0	0	0.0
21.4	7.9	10.6	213.5	152.5	100.0	0	0.0
26.3	14.2	12.0	217.5	75.8	61.7	0	0.0
32.8	22.2	12.3	187.8	54.0	59.4	0	0.0
33.1	28.3	5.2	163.0	70.0	41.4	0	0.0
33.3	28.6	11.3	228.6	74.2	49.8	4	1.5
16.6	9.4	15.8	281.6	154.4	100.0	1	7.0
17.2	12.0	11.7	226.6	126.3	100.0	0	0.0
