01	31	2017
35.9	27.6	4.9	90.0	156.0	46.3	0	0.0
44.5	43.8	6.2	107.0	88.2	19.1	1	0.0
47.9	47.2	7.6	208.7	90.1	14.0	47	0.0
25.0	16.8	19.0	279.3	156.9	54.9	0	0.0
16.0	10.0	9.6	278.6	98.9	16.3	5	33.3
5.4	0.4	8.1	280.8	132.8	43.2	0	0.0
6.2	0.9	8.7	279.8	171.0	56.0	0	0.0
11.8	2.8	9.1	248.1	150.1	66.4	0	0.0
24.6	11.6	12.6	187.5	99.9	19.8	0	0.0
40.8	33.5	22.8	193.2	92.9	21.1	15	5.9
44.5	41.5	13.5	187.5	92.6	40.8	14	0.0
51.1	47.0	17.4	260.6	84.5	15.0	36	0.0
30.0	23.7	9.5	156.5	117.1	26.6	0	0.0
30.3	27.8	6.0	182.1	84.8	12.5	5	12.1
30.1	27.7	4.3	115.5	94.6	17.7	0	0.0
40.8	39.3	7.3	128.4	90.1	10.2	12	0.0
50.7	47.9	14.9	226.8	104.9	14.2	20	0.0
37.1	35.0	11.3	259.9	93.3	12.2	1	0.0
40.0	36.6	7.7	147.3	138.0	20.5	2	0.0
48.9	46.0	12.0	161.3	130.9	23.3	44	0.0
52.9	48.4	8.4	166.7	108.3	33.3	0	0.0
52.1	47.1	8.6	70.6	106.7	36.5	0	0.0
43.2	41.7	14.1	283.3	96.1	15.8	9	0.0
39.8	36.5	10.6	281.7	107.3	15.3	0	0.0
41.8	36.5	11.6	195.8	128.9	37.0	3	0.0
33.8	27.5	19.0	261.9	100.7	12.6	0	0.0
29.5	23.8	16.0	254.6	103.9	10.4	1	2.5
28.1	21.7	15.4	245.0	111.7	17.5	0	0.0
27.2	20.1	9.5	296.8	111.4	14.6	0	0.0
25.8	14.2	12.3	243.2	184.2	39.4	0	0.0
37.7	27.9	17.8	243.3	113.7	17.4	0	0.0
02	28	2017
35.5	27.8	9.3	260.0	127.0	28.1	0	0.0
26.4	14.0	11.1	292.3	183.9	47.9	0	0.0
20.6	9.4	9.4	290.0	161.3	52.6	0	0.0
23.5	6.8	9.2	205.4	180.0	58.9	0	0.0
37.6	21.5	13.4	245.8	237.7	63.5	0	0.0
43.0	34.7	9.4	165.6	197.1	43.8	3	0.0
56.0	52.5	17.3	214.3	129.4	15.6	50	0.0
36.3	32.7	12.8	271.4	130.8	15.3	3	7.2
19.5	11.5	14.4	290.0	188.2	46.4	0	0.0
29.1	15.1	10.9	188.3	160.0	35.4	0	0.0
53.6	42.1	11.9	208.3	185.7	25.3	4	0.0
46.4	38.9	15.9	279.6	164.3	38.4	6	0.0
35.0	19.5	9.1	277.9	247.3	77.1	0	0.0
41.1	26.0	13.8	236.2	198.3	27.6	0	0.0
33.1	20.3	15.4	310.4	176.2	42.7	0	0.0
30.0	18.6	7.8	245.2	207.5	41.7	0	0.0
47.9	29.3	11.9	197.5	260.4	62.5	0	0.0
52.9	36.5	12.1	208.8	239.6	65.6	0	0.0
48.7	43.6	8.5	236.2	211.8	62.6	0	0.0
47.9	40.8	5.8	104.6	229.8	60.9	0	0.0
55.9	44.7	9.2	184.0	163.5	18.8	1	0.0
56.6	54.7	8.5	178.0	149.3	20.5	0	0.0
60.4	54.3	9.6	199.7	217.6	41.5	0	0.0
63.9	52.3	16.1	197.1	225.3	37.7	14	0.0
34.1	25.8	17.9	269.6	160.0	16.7	0	0.0
33.4	16.2	10.4	226.3	276.3	50.7	0	0.0
43.0	31.2	7.9	163.8	171.9	23.8	0	0.0
50.4	47.8	12.8	170.7	166.4	16.1	12	0.0
03	31	2017
50.2	44.5	21.9	242.2	179.4	15.3	46	0.0
34.1	22.7	16.4	286.0	230.3	30.7	0	0.0
27.9	14.4	12.3	291.5	266.4	53.6	0	0.0
27.9	18.4	8.2	103.0	203.6	48.4	2	9.3
44.8	23.5	12.2	152.5	327.7	66.7	0	0.0
52.9	45.9	15.2	189.3	159.0	13.3	22	0.0
52.0	45.2	15.4	224.3	169.3	32.6	19	0.0
46.2	26.4	19.4	234.4	348.9	77.6	0	0.0
46.5	26.4	9.1	131.9	312.9	58.3	1	0.0
31.7	17.3	15.7	311.6	299.2	44.3	1	2.5
24.6	8.4	6.5	295.8	310.0	38.0	0	0.0
25.6	9.6	8.1	186.2	324.2	42.7	0	0.0
28.1	17.9	10.6	73.8	198.5	17.9	1	3.4
21.5	13.1	16.0	305.3	280.9	36.1	0	0.0
22.8	9.1	15.2	301.2	297.6	59.4	0	0.0
28.8	10.9	8.9	252.3	405.1	89.1	0	0.0
32.8	27.1	8.9	158.0	188.9	36.1	7	12.5
38.2	35.0	13.0	276.5	209.5	24.3	0	0.0
38.7	31.1	6.0	220.3	223.4	32.5	0	0.0
42.2	39.5	8.7	140.8	247.1	28.5	143	0.0
45.6	38.1	10.9	264.5	253.3	34.7	0	0.0
30.3	17.0	12.4	39.4	428.3	80.7	0	0.0
39.0	20.4	10.4	125.8	335.3	51.0	0	0.0
61.5	45.8	16.5	197.5	352.0	37.5	0	0.0
65.2	49.8	13.2	174.6	237.0	24.5	0	0.0
58.5	53.4	9.0	189.4	264.1	26.0	12	0.0
56.7	49.8	6.9	182.8	307.4	35.2	15	0.0
52.6	49.4	9.1	111.8	237.4	13.7	10	0.0
49.5	38.3	10.9	70.5	398.9	39.4	0	0.0
59.4	44.6	12.7	161.6	301.6	27.7	7	0.0
50.2	48.8	13.4	235.1	225.7	12.0	28	0.0
04	30	2017
41.5	36.2	8.4	268.1	259.6	26.0	1	0.0
47.8	34.6	7.6	109.6	375.4	53.1	0	0.0
58.4	47.7	12.4	149.6	254.9	21.4	8	0.0
54.5	48.5	15.7	258.6	321.1	30.2	0	0.0
52.0	45.2	13.8	102.2	385.0	37.0	43	0.0
41.5	38.6	19.2	292.0	251.6	14.2	24	0.0
41.7	29.8	15.7	310.2	428.1	54.0	1	1.3
47.1	24.2	5.8	189.2	491.6	71.3	0	0.0
61.9	32.1	14.4	184.6	335.5	40.1	0	0.0
67.0	43.8	15.8	202.5	384.8	35.9	0	0.0
60.5	48.2	11.2	249.5	281.6	16.1	7	0.0
53.4	38.9	5.6	227.9	472.4	64.1	0	0.0
57.6	41.2	9.2	103.5	373.5	41.1	1	0.0
63.4	46.8	6.5	94.9	391.6	32.1	0	0.0
71.0	49.3	13.6	201.7	424.1	49.0	0	0.0
68.8	54.5	14.4	238.1	402.0	38.5	3	0.0
60.6	39.5	7.1	109.6	400.6	35.9	0	0.0
63.5	41.3	11.2	131.2	481.4	57.8	0	0.0
69.6	59.2	11.2	213.5	376.1	33.5	0	0.0
68.8	59.7	14.6	217.6	396.5	44.0	23	0.0
53.5	43.1	10.9	269.4	391.6	34.5	0	0.0
47.5	36.6	13.3	33.4	301.3	37.9	6	0.0
52.9	33.1	10.8	48.8	469.2	69.8	0	0.0
58.9	42.3	12.7	82.1	507.9	58.3	0	0.0
62.5	51.7	7.9	118.5	450.5	61.5	0	0.0
69.7	54.4	12.8	165.8	463.8	51.0	0	0.0
62.2	50.8	14.8	225.1	385.5	41.3	10	0.0
54.6	48.3	9.0	151.3	328.8	31.6	89	0.0
62.3	59.9	8.9	126.6	346.4	15.6	71	0.0
68.6	60.2	14.8	171.2	346.1	23.9	42	0.0
05	31	2017
59.0	50.3	18.8	209.7	404.1	21.7	24	0.0
51.1	39.2	20.1	258.3	439.0	26.7	1	0.0
48.2	39.6	8.4	150.4	420.4	38.0	6	0.0
50.5	48.2	11.8	88.6	304.6	15.3	44	0.0
45.4	43.4	19.4	204.7	284.5	13.3	56	0.0
49.3	38.2	11.9	309.2	463.7	55.2	0	0.0
47.4	27.7	13.5	308.1	610.3	92.2	0	0.0
48.9	26.4	9.1	305.4	615.2	78.7	0	0.0
52.3	46.8	5.7	147.1	306.6	15.3	4	0.0
63.6	56.9	6.2	118.6	477.3	32.5	0	0.0
58.6	53.1	11.8	161.5	334.6	20.3	3	0.0
55.3	46.3	9.0	64.6	402.6	39.3	0	0.0
59.9	44.6	5.8	222.1	572.2	85.4	0	0.0
69.1	50.5	11.9	279.4	601.4	79.7	0	0.0
65.1	44.8	8.7	117.5	596.3	71.9	0	0.0
73.7	55.1	11.8	192.9	614.0	77.1	0	0.0
76.1	58.8	15.7	197.3	443.1	52.1	0	0.0
76.2	63.6	14.3	213.0	482.4	37.3	9	0.0
68.3	63.7	7.5	122.8	401.2	19.7	38	0.0
63.7	60.4	9.8	101.3	380.7	16.7	16	0.0
68.0	62.7	11.6	207.5	389.8	32.3	25	0.0
59.3	44.3	7.0	209.0	503.7	54.7	0	0.0
63.4	47.8	5.9	107.3	460.7	31.8	0	0.0
63.6	57.6	9.7	115.0	448.4	23.8	51	0.0
61.2	57.2	10.8	249.8	383.2	16.4	2	0.0
66.0	55.4	11.0	241.7	535.5	51.6	90	0.0
71.2	64.4	5.3	206.5	458.4	28.1	0	0.0
68.7	62.2	11.0	187.9	430.6	34.2	3	0.0
68.9	56.0	11.1	214.4	539.8	58.9	6	0.0
67.7	48.7	10.9	256.5	531.7	60.9	0	0.0
67.2	44.6	13.1	255.0	588.5	66.7	0	0.0
06	30	2017
66.6	43.7	6.5	211.7	638.1	87.5	0	0.0
69.7	42.6	2.9	161.0	663.7	88.0	0	0.0
74.2	48.1	5.8	183.8	537.0	65.6	0	0.0
75.0	57.5	11.0	213.3	480.6	44.3	5	0.0
72.9	60.4	9.7	188.7	472.1	35.2	1	0.0
63.9	49.5	10.3	99.4	580.3	67.7	0	0.0
58.6	50.9	10.5	35.0	356.1	33.5	2	0.0
62.5	48.8	5.7	172.9	552.8	68.2	0	0.0
70.1	50.2	11.3	226.9	584.9	66.2	0	0.0
74.6	54.5	11.8	211.9	537.7	64.6	0	0.0
77.6	58.7	12.4	209.8	620.0	80.7	0	0.0
80.5	63.4	10.7	212.5	607.6	65.1	0	0.0
75.4	68.8	7.4	207.2	467.5	34.6	7	0.0
70.5	67.2	7.9	186.3	386.5	30.7	174	0.0
72.9	66.2	6.3	215.9	477.2	32.5	8	0.0
77.4	63.8	6.0	234.4	537.8	53.6	0	0.0
78.8	65.5	11.7	200.8	555.7	51.6	0	0.0
74.9	67.9	14.3	229.3	442.1	28.1	13	0.0
67.7	59.1	10.5	232.4	532.2	54.0	8	0.0
70.7	53.4	11.2	250.3	632.5	68.9	0	0.0
74.9	62.4	4.2	145.8	590.7	49.0	0	0.0
76.5	68.0	13.2	207.8	517.5	36.5	0	0.0
69.5	68.2	9.9	225.6	354.0	23.2	158	0.0
68.3	55.8	11.3	275.4	602.6	71.0	0	0.0
65.7	47.3	12.8	266.9	651.5	80.7	0	0.0
62.9	48.5	10.5	278.1	546.5	60.9	0	0.0
62.2	47.1	7.2	272.9	598.6	77.1	0	0.0
68.0	50.6	9.5	179.8	522.9	60.9	0	0.0
77.0	61.0	16.0	206.9	551.3	54.7	0	0.0
74.7	68.8	10.7	197.1	401.5	25.0	47	0.0
07	31	2017
73.3	65.5	9.5	243.6	493.8	38.1	0	0.0
74.8	59.0	9.0	246.5	675.0	81.2	0	0.0
76.1	62.4	6.2	232.7	547.6	49.5	0	0.0
75.1	66.5	5.8	47.7	505.8	47.9	0	0.0
74.6	63.1	3.4	55.4	481.8	43.2	0	0.0
72.0	67.8	3.2	122.3	382.6	30.1	101	0.0
69.9	65.6	9.0	200.8	453.0	55.0	56	0.0
70.3	60.1	8.1	301.8	563.8	54.7	0	0.0
69.7	53.5	6.5	220.0	653.2	80.2	0	0.0
76.3	65.8	14.0	208.3	445.7	30.7	0	0.0
74.4	67.7	12.7	213.7	502.5	33.9	9	0.0
79.3	69.5	11.0	216.9	495.7	30.7	0	0.0
78.5	71.9	11.8	213.7	464.8	26.6	0	0.0
76.3	66.7	9.2	276.0	554.5	48.4	0	0.0
69.5	60.4	6.1	292.7	561.2	71.3	0	0.0
73.8	63.4	6.9	201.2	557.0	54.2	7	0.0
73.4	66.2	4.2	63.0	512.2	47.1	11	0.0
78.3	68.3	6.4	189.6	603.0	76.6	0	0.0
78.3	66.7	5.6	250.8	617.1	76.6	0	0.0
78.3	72.5	8.9	234.4	454.0	45.5	6	0.0
76.3	71.2	9.1	203.8	447.6	33.3	22	0.0
77.9	71.9	8.8	225.8	434.3	26.7	24	0.0
74.5	69.7	8.4	218.4	369.0	32.6	5	0.0
71.5	63.7	9.4	241.5	604.7	75.0	0	0.0
67.4	57.9	5.2	53.5	603.0	82.8	0	0.0
71.0	59.5	4.3	124.8	525.7	56.8	0	0.0
74.2	69.1	5.0	148.3	371.4	21.7	17	0.0
72.3	65.2	11.4	72.3	516.0	47.9	0	0.0
67.5	54.5	12.1	126.2	583.2	86.5	0	0.0
71.4	58.5	5.9	111.5	596.7	78.1	0	0.0
73.2	59.6	3.2	105.2	474.2	55.2	0	0.0
08	31	2017
73.7	61.4	3.9	123.8	472.4	50.5	0	0.0
74.1	63.8	6.2	201.9	510.9	43.8	0	0.0
75.3	64.7	8.0	200.2	547.2	58.3	0	0.0
69.0	59.0	14.6	240.4	456.5	34.5	2	0.0
65.2	54.2	8.5	247.3	516.8	62.0	0	0.0
67.2	57.4	5.0	118.3	359.8	21.9	0	0.0
67.4	59.9	5.5	123.4	416.7	25.1	5	0.0
68.0	52.6	5.7	114.2	605.9	89.1	0	0.0
69.5	53.8	2.7	46.2	578.8	80.7	0	0.0
71.9	56.7	4.2	147.7	543.6	59.4	0	0.0
73.4	62.1	9.1	215.3	451.1	43.8	15	0.0
69.2	58.9	8.2	326.7	537.3	63.5	0	0.0
69.1	57.5	5.0	135.6	504.7	65.6	0	0.0
72.5	61.1	5.4	134.8	416.6	34.9	0	0.0
76.8	65.5	5.1	213.8	522.8	55.7	0	0.0
78.9	66.9	4.8	137.5	539.7	56.2	0	0.0
77.7	72.3	10.8	196.6	430.8	41.2	16	0.0
74.7	65.7	10.5	247.5	512.4	70.5	0	0.0
74.6	62.9	7.8	222.7	544.4	67.7	0	0.0
76.7	63.1	6.2	149.6	500.9	53.1	0	0.0
79.3	66.8	8.0	209.8	342.6	32.8	0	0.0
74.6	67.0	11.7	252.4	373.4	38.3	15	0.0
66.9	53.4	7.7	316.9	515.5	81.2	0	0.0
64.2	50.5	6.7	259.2	551.7	76.0	0	0.0
63.2	50.2	5.2	129.0	484.9	65.6	0	0.0
63.3	49.1	6.7	63.8	533.4	69.8	0	0.0
65.8	50.1	5.5	62.1	525.4	53.6	0	0.0
67.3	61.4	6.0	118.6	373.3	25.2	28	0.0
67.2	62.0	4.7	132.4	420.7	43.1	61	0.0
68.3	60.0	3.4	203.2	455.9	58.6	0	0.0
67.4	59.2	7.6	120.2	376.1	33.3	0	0.0
09	30	2017
57.3	47.8	15.6	52.2	277.4	15.6	2	0.0
56.0	54.2	6.5	100.0	258.8	14.7	22	0.0
65.8	54.5	8.3	244.0	463.8	50.9	0	0.0
71.4	63.2	14.0	214.5	464.4	61.4	15	0.0
63.8	54.5	9.7	275.5	395.4	46.5	54	0.0
55.6	47.5	6.4	279.6	380.9	62.0	1	0.0
57.7	46.7	11.7	255.8	413.3	60.9	0	0.0
59.9	49.5	6.3	154.8	383.8	42.7	0	0.0
59.9	46.9	8.3	59.6	494.7	70.3	0	0.0
57.5	44.7	6.4	63.3	504.4	99.5	0	0.0
59.4	49.3	6.9	68.1	334.2	35.9	0	0.0
60.4	54.5	7.9	54.5	319.8	28.8	18	0.0
62.4	60.0	6.7	153.2	277.2	15.1	9	0.0
63.1	59.8	4.2	176.9	232.5	18.8	1	0.0
67.1	59.6	3.2	85.6	394.4	54.9	0	0.0
68.9	58.4	4.1	93.3	457.0	92.7	0	0.0
71.5	59.8	3.6	162.9	455.6	82.8	0	0.0
71.0	64.4	4.5	146.3	314.2	33.1	22	0.0
68.8	65.7	6.1	157.0	264.1	27.8	3	0.0
72.7	65.9	5.0	178.3	357.4	55.4	0	0.0
76.0	67.2	3.7	133.5	399.0	64.6	0	0.0
77.7	65.8	3.2	86.7	415.1	77.1	0	0.0
76.4	61.6	3.6	53.3	440.6	93.2	0	0.0
75.0	56.3	5.3	94.8	436.0	86.5	0	0.0
75.0	59.5	3.1	91.7	329.1	48.4	0	0.0
75.8	60.7	4.3	168.5	420.2	93.8	0	0.0
73.3	59.9	8.8	296.7	406.6	80.7	0	0.0
60.2	47.0	7.7	286.5	394.7	82.8	0	0.0
60.0	44.5	8.3	243.3	337.6	75.0	0	0.0
55.8	42.2	8.2	85.0	391.7	92.2	0	0.0
10	31	2017
56.5	40.4	8.9	114.2	266.5	64.1	0	0.0
62.7	45.9	6.6	146.7	361.8	75.5	0	0.0
68.8	54.1	8.2	182.7	375.2	83.3	0	0.0
69.8	61.5	8.8	223.1	289.8	44.3	0	0.0
66.3	65.0	7.1	197.1	223.5	25.0	53	0.0
67.8	64.6	6.5	163.1	249.8	24.0	0	0.0
71.9	64.7	13.1	193.4	288.0	27.0	29	0.0
63.8	61.7	7.6	152.2	205.2	35.0	57	0.0
65.8	64.9	5.7	220.6	189.1	27.9	0	0.0
64.5	61.6	5.1	88.6	252.8	36.3	9	0.0
62.9	61.7	10.6	224.9	204.3	13.8	12	0.0
57.9	56.9	3.7	166.8	173.6	12.8	0	0.0
63.1	55.5	2.8	97.8	315.7	60.4	0	0.0
68.4	58.5	9.3	173.5	296.8	54.7	0	0.0
63.0	58.5	17.9	254.5	170.2	29.9	1	0.0
49.4	41.1	6.1	298.1	265.1	76.2	0	0.0
53.1	40.4	8.3	191.2	325.7	89.6	0	0.0
55.0	43.4	8.0	181.7	321.4	90.6	0	0.0
59.5	49.3	9.2	220.6	296.8	79.7	0	0.0
61.1	52.7	4.3	145.4	303.0	79.7	0	0.0
61.1	51.5	8.0	162.3	231.0	47.9	0	0.0
63.7	51.5	11.0	161.7	252.2	44.3	0	0.0
59.7	55.6	12.4	184.3	151.7	14.2	25	0.0
47.3	43.5	17.3	226.2	198.5	19.4	9	0.0
43.0	35.6	9.7	238.6	209.4	43.2	3	0.0
44.6	33.6	6.4	124.4	255.2	72.4	0	0.0
49.7	42.5	13.2	241.9	203.9	39.9	38	0.0
37.1	33.2	8.1	257.0	158.7	17.7	15	0.0
37.8	31.2	10.1	294.8	145.7	18.2	0	0.0
38.1	34.0	14.6	228.7	138.1	35.6	8	0.0
35.8	29.4	8.1	191.2	191.8	45.8	0	0.0
11	30	2017
41.0	39.7	8.0	132.4	128.7	13.7	62	0.0
61.1	57.3	13.7	189.0	156.3	24.8	0	0.0
52.2	49.4	12.6	134.8	171.4	39.0	2	0.0
50.5	49.4	9.1	136.5	133.6	27.6	0	0.0
63.9	62.9	13.6	192.6	144.0	18.8	197	0.0
48.2	44.8	11.2	116.3	148.6	21.9	4	0.0
42.8	38.5	12.4	37.5	148.8	22.7	17	0.0
40.9	34.3	6.5	102.9	224.8	68.8	0	0.0
40.4	32.7	10.1	237.3	238.8	83.0	0	0.0
26.7	14.2	11.9	107.5	202.9	75.0	0	0.0
28.5	19.5	7.3	113.1	140.1	35.9	0	0.0
38.9	34.2	4.6	117.9	128.1	22.0	19	0.0
38.0	34.9	8.2	236.6	114.5	13.9	0	0.0
37.8	31.1	6.2	122.7	201.8	64.6	0	0.0
40.4	39.2	12.4	189.2	106.5	33.2	19	0.0
36.6	32.5	11.4	277.6	113.7	24.5	0	0.0
41.1	32.6	10.9	136.3	162.4	28.1	0	0.0
52.2	48.0	20.1	222.3	110.8	16.0	47	0.0
34.2	29.3	15.6	273.9	107.3	25.0	0	0.0
34.8	24.8	12.3	197.3	184.6	69.3	0	0.0
43.1	30.6	16.3	234.8	152.8	46.2	0	0.0
31.4	24.5	8.0	259.4	143.7	53.1	0	0.0
32.6	24.8	7.0	185.0	149.9	59.9	0	0.0
42.8	26.9	12.5	190.0	191.8	80.2	0	0.0
46.5	33.6	13.7	275.8	191.9	72.9	0	0.0
36.5	28.8	8.1	258.8	174.8	79.7	0	0.0
45.8	31.4	9.8	202.7	160.6	60.9	0	0.0
52.5	30.9	14.3	201.0	193.0	78.1	0	0.0
47.1	28.7	7.2	134.2	190.3	62.0	0	0.0
44.0	37.3	8.9	223.1	107.5	54.0	3	0.0
12	31	2017
38.9	30.5	2.5	98.3	184.5	97.4	0	0.0
39.0	31.0	4.1	149.6	157.2	66.2	0	0.0
42.4	32.5	4.7	177.1	181.9	92.2	0	0.0
51.0	38.2	14.3	168.1	124.5	27.6	2	0.0
41.2	35.2	16.9	239.9	97.3	33.0	23	0.0
32.7	24.1	14.5	227.9	160.1	74.5	0	0.0
25.8	19.1	12.3	263.3	98.8	40.1	0	0.0
22.4	12.7	8.7	214.4	146.8	74.5	0	0.0
25.3	19.5	12.0	225.2	81.0	29.3	2	10.2
26.3	20.1	11.4	228.9	107.8	29.2	0	0.0
32.4	25.9	8.8	209.6	124.9	27.1	0	0.0
25.1	19.3	16.4	302.6	120.2	27.3	1	4.3
24.9	15.4	14.1	219.5	91.9	24.5	0	0.0
22.8	17.7	9.2	224.3	101.5	22.1	0	0.0
24.9	19.3	12.3	204.8	88.1	21.2	0	0.0
37.7	26.9	13.9	213.5	168.2	67.7	0	0.0
38.9	32.8	8.8	201.0	86.9	27.1	1	0.0
42.1	41.3	12.3	222.1	82.8	14.2	2	0.0
44.2	41.7	14.7	243.4	118.3	25.9	0	0.0
35.4	26.1	6.9	121.7	160.3	52.1	0	0.0
37.7	25.1	9.0	114.8	123.9	50.5	0	0.0
50.1	49.5	9.0	233.8	74.2	11.0	4	0.0
34.0	32.7	11.7	294.9	82.7	15.4	57	9.5
28.2	25.4	8.7	180.2	84.3	14.7	4	11.6
19.3	10.6	18.3	259.0	142.7	44.1	0	0.0
12.1	4.7	8.5	296.2	86.7	27.1	0	0.0
5.5	0.5	6.8	319.1	152.8	76.2	0	0.0
9.7	3.3	6.1	147.7	119.1	39.6	0	0.0
16.6	11.5	7.8	228.6	82.4	16.1	10	61.5
10.5	7.8	10.8	274.1	86.3	24.5	0	0.0
4.1	1.7	5.9	307.9	115.4	50.9	4	36.7
