01	31	2016
28.2	21.4	15.2	257.1	114.4	34.4	0	0.0
30.1	23.9	12.3	231.7	162.7	90.6	0	0.0
30.4	25.1	10.5	290.0	90.1	37.9	0	0.0
26.6	20.4	10.3	206.2	119.4	43.2	0	0.0
20.3	11.1	6.7	122.9	163.2	83.3	0	0.0
27.5	15.0	6.4	167.3	127.2	51.6	0	0.0
33.6	18.8	6.3	146.0	145.6	55.7	0	0.0
42.0	40.0	8.8	158.9	87.5	14.9	21	0.0
48.4	47.1	9.7	164.8	90.9	13.0	7	0.0
27.8	25.1	19.4	251.1	88.9	19.8	46	24.8
14.5	8.9	13.2	214.9	97.8	28.5	1	4.4
18.8	14.3	16.9	255.8	118.5	42.0	5	16.7
11.0	4.1	10.8	219.4	115.4	50.5	0	0.0
35.1	26.7	11.8	200.6	148.5	55.2	0	0.0
41.4	33.7	13.0	198.2	93.6	20.3	17	0.0
30.8	26.9	11.8	279.3	98.1	16.7	2	4.6
18.7	12.3	15.4	281.4	110.5	28.5	0	1.5
7.2	0.1	14.9	271.2	175.8	60.9	0	0.0
11.4	2.9	6.6	199.2	177.5	57.6	0	0.0
16.4	10.8	6.1	184.4	112.6	26.6	9	55.4
15.6	11.2	4.7	68.7	165.9	45.1	0	0.0
22.2	15.2	16.6	46.0	113.6	17.7	0	0.0
23.4	15.8	13.9	187.5	179.4	48.8	0	0.0
25.4	17.7	8.9	201.9	173.5	54.7	0	0.0
36.8	26.0	12.6	176.2	143.3	31.8	0	0.0
35.6	30.1	17.3	250.8	110.0	16.0	2	0.0
26.6	19.0	9.9	252.0	111.4	27.4	0	0.0
34.3	25.9	15.2	233.5	186.6	35.8	0	0.0
31.2	21.0	10.6	273.5	191.8	44.6	0	0.0
45.1	29.8	12.7	200.2	176.0	50.5	0	0.0
54.1	44.7	13.9	199.4	117.7	26.6	0	0.0
02	29	2016
39.1	33.1	6.2	167.4	182.2	48.6	0	0.0
43.2	39.1	13.6	110.3	165.3	39.9	68	0.0
49.7	41.3	19.2	232.8	220.1	35.4	25	0.0
28.7	22.4	9.9	283.6	118.7	24.3	0	0.0
29.2	19.5	7.3	216.9	222.2	75.5	0	0.0
31.1	21.2	6.4	216.2	237.0	76.6	0	0.0
41.7	23.8	12.5	203.3	164.2	48.4	0	0.0
35.5	30.5	9.4	280.6	154.8	18.6	3	2.5
22.4	18.6	15.6	269.6	107.3	10.2	3	14.9
14.6	7.9	16.8	262.6	134.5	23.6	0	5.0
14.6	6.0	6.5	239.2	180.4	44.8	0	0.0
18.5	10.4	11.4	219.8	136.3	26.6	0	0.0
10.4	2.0	10.4	308.8	204.4	54.0	1	6.0
12.7	6.3	10.9	134.1	174.8	32.9	4	29.7
28.1	27.3	5.8	127.9	140.3	32.5	0	0.0
30.9	28.5	6.5	315.4	140.0	27.8	0	0.0
32.1	25.3	7.1	291.9	192.8	19.1	0	0.0
34.1	24.0	8.6	158.3	190.8	25.5	0	0.0
51.2	36.2	22.2	198.3	227.8	41.1	0	0.0
55.4	41.1	15.0	233.3	287.4	76.6	0	0.0
45.3	34.6	9.9	79.8	267.4	55.2	0	0.0
36.5	28.7	7.6	63.4	237.6	58.2	0	0.0
38.9	28.1	11.4	36.7	241.0	49.0	0	0.0
39.7	38.7	14.3	146.1	152.3	12.5	105	9.6
31.8	27.9	19.8	299.0	138.7	10.2	6	14.0
30.0	20.4	8.0	272.1	182.0	18.2	0	0.0
38.1	26.4	12.0	223.3	289.0	54.5	0	0.0
52.5	35.1	19.2	207.5	301.6	65.6	0	0.0
44.0	34.4	14.5	248.7	282.9	43.1	9	0.0
03	31	2016
39.1	32.5	14.8	198.2	178.6	29.3	32	0.0
27.1	16.8	11.2	263.7	289.9	42.5	0	0.0
30.3	27.0	7.2	153.1	158.9	12.2	11	27.6
31.5	28.8	6.4	246.7	175.2	14.6	3	7.6
34.8	31.9	8.1	236.2	185.2	17.0	0	0.0
38.5	31.5	7.3	145.2	226.3	28.1	0	0.0
51.1	35.6	11.6	184.4	221.8	31.8	0	0.0
60.9	41.4	13.0	195.6	290.3	47.9	0	0.0
60.4	50.6	11.4	206.2	243.1	43.8	23	0.0
56.2	55.9	9.7	240.0	174.4	11.6	71	0.0
47.6	43.1	8.2	112.7	268.6	34.5	0	0.0
53.1	45.0	4.0	51.0	279.7	29.7	2	0.0
54.8	54.4	9.1	119.5	187.9	15.3	33	0.0
58.5	56.9	8.9	216.7	217.2	17.0	22	0.0
60.1	53.2	8.4	165.7	340.8	44.6	0	0.0
57.2	38.6	20.6	235.6	372.7	55.7	0	0.0
49.7	29.1	14.0	258.5	364.5	61.5	0	0.0
46.0	26.7	10.2	280.4	363.3	55.7	0	0.0
38.1	29.0	9.5	52.9	251.2	31.9	3	0.0
33.6	19.4	9.6	254.4	329.8	66.7	0	0.0
38.4	22.8	10.6	269.0	388.5	76.6	0	0.0
51.2	28.3	17.0	201.9	324.1	38.0	0	0.0
56.8	38.8	14.8	199.4	262.4	26.0	0	0.0
58.9	48.4	17.6	206.6	221.7	17.5	25	0.0
36.6	29.6	9.8	200.3	261.4	24.8	0	0.0
44.2	32.4	7.5	105.4	433.5	74.5	0	0.0
57.9	45.0	10.4	152.4	366.9	55.4	14	0.0
44.9	38.1	14.7	295.5	240.1	16.8	1	0.0
42.9	28.9	8.0	162.9	462.9	83.3	0	0.0
55.6	35.7	12.4	175.4	306.9	36.5	4	0.0
59.2	52.7	19.2	205.0	252.6	17.6	85	0.0
04	30	2016
50.6	38.8	14.5	266.4	379.4	45.0	0	0.0
38.7	27.6	22.7	271.4	310.7	41.2	1	3.4
41.3	25.1	14.5	230.4	473.3	71.3	0	0.0
42.9	32.9	15.3	236.9	260.5	19.6	0	0.0
33.8	19.1	7.9	99.5	475.6	51.4	0	0.0
49.3	31.4	18.8	189.3	349.7	29.0	9	0.0
40.4	35.4	17.2	273.5	228.3	13.1	2	0.0
35.1	29.9	12.6	260.6	258.6	26.8	10	0.0
30.5	21.4	13.6	278.6	326.2	35.0	1	2.5
42.2	31.0	14.9	164.8	274.0	24.5	13	0.0
50.3	46.0	13.8	245.8	239.8	18.1	47	0.0
40.8	27.6	7.2	215.2	508.0	89.1	0	0.0
43.9	27.8	9.2	97.1	523.8	90.1	0	0.0
49.0	30.9	8.2	45.0	540.6	96.9	0	0.0
56.3	36.5	5.4	122.1	544.6	97.4	0	0.0
63.1	37.9	6.4	105.4	552.2	100.0	0	0.0
64.7	38.8	3.6	53.5	556.2	100.0	0	0.0
67.6	41.4	3.4	112.7	450.8	62.0	0	0.0
63.1	46.2	6.8	75.4	337.0	30.7	0	0.0
63.9	38.6	10.0	101.9	419.0	43.2	0	0.0
62.1	53.5	9.0	179.6	292.5	18.8	10	0.0
58.5	52.8	10.1	218.2	407.1	26.9	16	0.0
51.5	39.5	9.4	32.7	568.2	71.3	0	0.0
57.3	39.9	6.8	151.5	532.4	67.7	0	0.0
67.5	47.9	11.9	196.2	453.9	50.5	0	0.0
66.2	55.6	13.1	196.7	412.9	38.9	15	0.0
52.1	46.5	8.8	60.2	303.9	14.4	25	0.0
55.2	51.4	6.5	130.6	332.4	16.1	14	0.0
52.8	48.1	8.1	219.2	326.6	16.3	0	0.0
51.9	49.0	9.7	113.8	299.0	16.8	37	0.0
05	31	2016
65.5	58.2	7.6	215.0	476.6	34.1	28	0.0
54.8	51.5	7.8	157.0	304.0	20.3	11	0.0
52.2	45.2	6.3	159.7	314.4	22.4	0	0.0
49.3	42.0	12.9	261.0	383.9	31.4	4	0.0
48.4	40.8	8.9	295.6	380.1	32.6	0	0.0
57.6	41.1	8.2	269.2	553.6	74.5	0	0.0
62.6	47.2	13.5	259.2	412.5	46.9	0	0.0
52.4	39.4	5.2	183.1	335.1	30.7	0	0.0
53.1	49.0	10.0	115.2	379.5	20.1	32	0.0
60.8	56.8	10.6	142.8	361.9	22.6	6	0.0
65.8	58.7	4.0	109.2	392.1	20.1	1	0.0
67.1	59.6	9.7	213.3	463.6	26.2	33	0.0
59.0	47.5	10.9	264.8	516.8	54.7	0	0.0
47.5	39.5	15.1	272.8	322.2	16.3	12	0.0
45.7	30.2	11.7	294.8	489.1	47.4	0	0.0
51.4	31.1	7.4	214.2	493.2	47.9	0	0.0
53.1	44.4	4.2	153.4	355.0	16.7	13	0.0
56.9	43.5	9.2	94.5	607.2	56.4	3	0.0
57.8	38.9	7.2	91.9	603.1	79.2	0	0.0
59.3	47.6	8.7	79.9	358.6	23.3	15	0.0
57.6	51.8	10.1	151.4	348.0	29.5	0	0.0
61.7	45.0	9.8	221.7	586.0	74.0	0	0.0
63.0	44.4	3.6	106.9	650.6	93.8	0	0.0
69.0	48.0	7.2	206.5	605.0	78.7	0	0.0
72.7	55.8	10.3	184.2	479.1	44.3	2	0.0
71.2	63.5	10.3	200.9	456.9	35.2	0	0.0
74.8	62.2	8.8	189.8	562.7	52.6	0	0.0
74.4	64.9	9.2	193.1	461.1	44.8	2	0.0
73.5	64.0	8.3	177.1	501.3	36.4	5	0.0
75.2	57.6	4.5	222.3	587.0	58.3	0	0.0
75.4	56.2	4.5	97.9	473.8	43.8	0	0.0
06	30	2016
74.7	60.2	8.1	185.4	511.6	49.0	1	0.0
72.0	64.9	5.8	212.8	380.1	30.5	0	0.0
73.9	56.0	3.8	130.6	495.1	37.3	0	0.0
69.5	63.3	7.6	182.9	404.8	28.1	48	0.0
70.8	60.9	14.4	240.5	533.0	49.6	0	0.0
72.7	54.6	14.4	252.9	583.0	63.5	0	0.0
64.2	49.3	11.2	323.5	516.6	47.9	0	0.0
62.8	43.9	9.1	316.9	617.0	70.8	0	0.0
67.9	44.2	4.8	212.1	535.9	56.8	0	0.0
70.0	61.7	8.8	207.3	444.1	38.7	74	0.0
80.0	65.2	12.9	242.9	592.1	54.2	0	0.0
77.6	57.1	9.8	268.3	492.4	47.9	0	0.0
70.1	47.6	4.8	94.2	632.2	77.1	0	0.0
70.9	56.3	8.3	101.2	477.4	40.6	1	0.0
74.8	66.8	9.4	198.9	517.5	42.0	3	0.0
72.6	63.3	14.3	280.3	557.9	54.0	0	0.0
73.3	57.6	11.5	117.9	628.0	62.9	0	0.0
74.6	52.5	7.9	106.2	571.7	49.1	0	0.0
77.2	60.2	7.1	180.5	593.5	55.6	0	0.0
79.2	66.9	13.5	233.8	520.3	39.6	3	0.0
76.1	60.9	11.0	268.5	601.5	59.9	0	0.0
70.1	61.4	7.9	184.9	424.6	41.1	1	0.0
76.8	69.1	11.9	205.9	521.4	37.4	15	0.0
73.2	60.5	6.6	40.0	606.1	62.1	0	0.0
75.2	54.7	3.7	110.8	685.5	93.2	0	0.0
79.9	68.2	9.8	203.7	598.5	57.1	47	0.0
79.9	64.3	7.3	289.8	616.4	51.0	0	0.0
70.8	57.7	10.1	328.1	622.5	78.7	0	0.0
67.0	50.9	7.3	167.9	670.3	68.8	0	0.0
70.4	51.9	4.2	156.5	524.9	52.6	0	0.0
07	31	2016
71.1	56.3	9.6	280.4	556.9	52.3	6	0.0
65.4	53.7	5.2	160.0	411.7	40.1	0	0.0
62.8	58.4	7.5	124.7	333.2	18.6	27	0.0
67.2	65.5	7.0	146.2	337.4	16.9	2	0.0
75.0	67.1	6.3	261.9	458.6	36.6	35	0.0
75.0	69.1	9.3	215.4	530.8	55.7	3	0.0
76.1	70.3	8.6	214.7	511.1	45.0	0	0.0
76.9	69.4	11.9	248.6	468.7	33.5	0	0.0
73.0	60.2	10.5	301.5	528.5	58.9	0	0.0
72.6	59.6	3.9	197.5	567.0	68.2	0	0.0
76.6	61.6	5.2	142.9	624.0	77.1	0	0.0
77.4	67.4	9.1	186.0	593.0	70.3	0	0.0
77.5	69.8	12.2	228.1	509.1	40.6	26	0.0
73.8	68.8	10.3	230.1	506.1	47.4	12	0.0
76.4	64.5	8.9	267.9	568.6	56.2	0	0.0
70.7	60.4	5.6	297.9	551.9	59.9	0	0.0
75.9	64.5	7.5	172.9	382.1	45.8	0	0.0
76.2	69.1	10.8	265.1	466.0	35.9	34	0.0
77.0	64.0	5.1	235.1	607.1	67.8	0	0.0
77.8	63.2	4.7	160.4	629.5	78.1	0	0.0
77.3	66.8	8.1	191.7	504.7	62.5	9	0.0
77.5	71.8	8.0	204.4	418.2	43.1	2	0.0
80.4	71.7	5.2	209.0	496.5	56.1	0	0.0
82.8	72.6	6.4	192.7	490.0	43.8	0	0.0
82.2	70.4	9.0	274.0	479.2	34.9	0	0.0
77.4	67.4	4.4	261.5	437.5	34.9	0	0.0
79.3	66.2	4.1	210.2	578.2	48.4	0	0.0
77.2	66.5	5.1	188.9	453.6	36.6	0	0.0
75.3	68.1	5.7	171.9	487.5	52.5	29	0.0
75.9	68.2	5.7	225.2	505.2	45.4	0	0.0
76.5	65.7	6.4	227.1	557.5	59.4	0	0.0
08	31	2016
76.5	67.0	3.5	137.1	500.9	52.1	0	0.0
78.4	65.2	3.4	62.1	539.4	65.6	0	0.0
79.1	63.6	3.6	146.5	473.3	51.0	0	0.0
79.4	67.6	4.7	96.7	538.7	63.0	0	0.0
80.3	70.7	9.0	248.1	509.3	58.3	6	0.0
76.2	60.8	5.7	243.3	477.1	48.4	0	0.0
75.4	58.6	4.4	98.3	517.3	53.6	0	0.0
75.6	57.4	8.0	57.3	539.6	53.1	0	0.0
78.3	68.8	5.8	152.4	459.0	49.0	0	0.0
77.9	73.2	6.1	169.8	405.5	28.7	37	0.0
82.8	72.7	8.9	207.7	486.7	49.5	3	0.0
83.1	71.7	10.2	215.2	468.4	49.5	0	0.0
79.3	72.4	13.4	213.4	360.2	29.7	3	0.0
72.7	70.2	5.4	193.2	301.2	18.1	45	0.0
73.0	70.9	6.2	119.5	349.4	23.6	43	0.0
73.7	70.8	11.1	222.5	317.3	20.0	10	0.0
74.5	68.5	7.0	257.7	427.8	31.9	6	0.0
74.3	67.4	6.3	210.1	486.6	62.3	0	0.0
74.7	68.5	7.2	201.2	448.3	53.0	0	0.0
73.5	69.3	10.7	187.5	399.9	48.5	26	0.0
69.5	58.9	10.0	285.1	515.2	60.4	0	0.0
67.3	54.4	3.6	199.8	522.8	83.8	0	0.0
69.9	57.4	5.3	127.9	463.5	60.9	0	0.0
74.4	66.7	9.3	183.1	369.9	32.3	5	0.0
79.4	72.3	9.0	220.1	485.5	49.9	0	0.0
78.8	70.8	4.3	120.7	470.0	47.7	2	0.0
76.3	70.3	6.0	132.6	411.4	47.0	19	0.0
77.6	69.3	5.8	140.2	474.9	48.1	26	0.0
76.5	68.0	5.6	47.9	497.8	74.0	0	0.0
76.0	64.9	3.9	101.5	448.3	61.5	0	0.0
75.3	68.0	6.3	224.5	413.9	36.2	0	0.0
09	30	2016
67.9	56.7	10.4	28.3	442.7	61.5	0	0.0
66.1	55.9	11.0	38.5	431.3	78.1	0	0.0
66.7	55.0	6.2	90.4	458.6	82.8	0	0.0
69.3	56.3	4.7	104.6	509.5	84.9	0	0.0
74.8	60.1	7.0	181.5	442.0	80.7	0	0.0
78.9	66.3	8.9	225.2	469.1	85.4	0	0.0
80.0	68.9	10.3	230.0	462.9	80.2	0	0.0
77.6	69.9	12.3	232.6	381.8	38.3	47	0.0
76.2	69.0	5.7	176.0	379.4	39.1	4	0.0
73.6	67.6	12.2	236.3	331.8	42.5	11	0.0
64.6	52.6	6.3	135.4	467.2	85.9	0	0.0
67.2	53.3	4.6	102.1	474.8	94.8	0	0.0
69.4	56.0	4.9	175.0	437.7	77.1	0	0.0
68.7	62.0	6.1	117.2	326.3	49.0	9	0.0
65.7	54.8	6.0	63.8	356.7	60.4	0	0.0
71.4	61.6	6.4	155.2	350.8	50.0	0	0.0
70.9	68.1	9.3	187.0	237.3	21.4	39	0.0
72.2	64.2	4.2	166.5	363.3	42.0	0	0.0
71.4	56.7	4.1	108.3	447.9	88.5	0	0.0
72.0	53.6	1.1	49.0	408.6	80.7	0	0.0
73.6	55.6	2.6	59.2	413.3	85.9	0	0.0
73.8	58.3	3.6	98.1	363.8	58.3	0	0.0
76.6	61.9	3.6	86.9	335.1	51.0	0	0.0
70.0	63.3	6.8	68.5	257.8	45.1	0	0.0
68.8	58.4	5.2	94.6	418.3	90.1	0	0.0
63.4	53.5	10.8	232.8	280.6	58.0	5	0.0
61.7	44.8	13.7	222.3	397.1	88.0	0	0.0
55.9	52.4	5.8	133.7	199.7	26.7	75	0.0
56.7	53.2	5.7	106.5	278.9	33.6	4	0.0
59.6	58.1	6.3	101.3	193.0	15.8	9	0.0
10	31	2016
58.4	52.7	7.7	181.6	265.8	29.0	13	0.0
61.3	55.8	8.0	261.5	258.2	36.7	0	0.0
61.0	52.9	3.7	105.2	354.5	74.0	0	0.0
64.8	54.0	8.2	117.3	344.9	76.0	0	0.0
68.9	58.1	9.4	161.7	327.4	58.3	0	0.0
69.5	57.5	7.2	152.9	337.5	76.6	0	0.0
67.1	55.2	6.8	184.2	374.3	91.7	0	0.0
56.6	43.0	12.8	299.8	362.5	81.2	0	0.0
52.6	39.2	5.5	103.5	363.5	97.4	0	0.0
53.8	42.5	6.4	124.2	326.4	72.4	0	0.0
57.1	45.0	7.4	147.9	261.6	41.7	0	0.0
63.4	50.4	11.4	200.6	312.5	52.1	1	0.0
54.9	43.9	7.8	195.5	295.6	51.4	1	0.0
51.9	41.1	7.9	116.2	251.5	64.6	0	0.0
63.0	53.4	9.1	170.0	291.4	67.7	0	0.0
69.0	57.8	12.5	205.4	233.5	46.9	0	0.0
72.5	59.4	15.2	199.8	307.5	61.5	0	0.0
72.7	61.4	15.6	220.4	182.2	37.0	1	0.0
66.5	58.4	6.2	110.5	242.5	40.6	14	0.0
57.2	56.1	10.4	188.2	158.7	13.1	66	0.0
48.9	43.4	14.0	338.6	179.8	18.2	18	0.0
47.8	37.4	10.1	295.8	251.1	47.4	0	0.0
57.4	43.4	13.2	227.7	304.0	88.5	0	0.0
52.9	41.3	8.8	268.2	278.6	83.3	0	0.0
46.1	36.4	6.1	111.0	191.3	46.9	0	0.0
50.2	37.2	11.5	107.7	198.9	24.5	2	0.0
52.3	45.6	11.5	273.7	145.7	14.2	3	0.0
51.8	42.3	6.4	141.5	208.8	40.6	0	0.0
65.1	52.1	14.2	217.7	224.6	41.1	0	0.0
59.9	52.1	12.5	180.1	158.7	27.4	0	0.0
51.9	43.4	8.3	108.0	189.2	25.5	0	0.0
11	30	2016
65.5	52.5	11.2	195.8	186.5	40.1	0	0.0
68.6	53.8	11.9	202.7	192.3	41.1	0	0.0
60.7	54.6	10.1	280.8	160.0	37.7	0	0.0
48.8	41.6	5.8	203.8	204.5	75.5	0	0.0
48.4	37.1	3.8	155.4	238.9	81.2	0	0.0
52.7	41.0	1.8	51.7	250.8	100.0	0	0.0
54.0	40.5	5.0	135.4	240.1	82.8	0	0.0
52.8	43.3	8.7	244.0	143.0	30.9	6	0.0
45.5	36.9	11.7	292.6	154.8	47.9	0	0.0
46.9	34.6	11.6	240.0	232.5	94.3	0	0.0
45.9	34.9	11.6	185.4	176.7	72.4	0	0.0
37.4	26.3	1.8	66.9	231.2	100.0	0	0.0
41.3	25.4	5.9	200.6	228.1	100.0	0	0.0
43.8	25.1	6.8	206.9	195.1	70.8	0	0.0
47.2	32.7	7.6	205.6	168.7	63.5	0	0.0
47.6	39.8	5.0	189.9	213.9	83.0	0	0.0
55.1	42.9	9.7	159.4	193.2	65.5	0	0.0
64.1	43.9	14.5	191.0	204.7	65.1	0	0.0
37.4	29.2	21.1	277.9	98.3	13.2	3	0.0
32.7	22.3	14.7	292.3	99.2	15.3	0	0.0
33.2	21.7	8.6	314.0	178.2	55.2	0	0.0
31.5	23.5	4.2	123.8	147.9	47.9	0	0.0
40.4	32.0	10.2	137.1	103.2	20.8	16	0.0
44.4	41.4	9.2	258.0	93.7	11.8	0	0.0
37.6	33.7	7.6	278.8	91.8	13.9	0	0.0
37.8	31.5	9.2	254.5	109.9	30.4	0	0.0
38.1	29.6	9.0	174.8	169.3	62.0	0	0.0
47.2	37.3	14.7	157.1	98.0	18.8	61	0.0
54.7	45.1	13.0	191.9	147.8	37.0	0	0.0
52.1	44.2	12.5	231.4	142.0	34.5	1	0.0
12	31	2016
37.2	28.2	14.3	253.5	91.2	16.0	0	0.0
36.4	30.0	10.8	269.2	87.5	15.3	0	0.0
36.6	28.2	5.0	215.2	93.6	19.1	0	0.0
36.1	30.6	9.4	142.0	92.0	16.7	14	0.0
35.7	30.6	7.8	154.5	95.5	25.9	0	0.0
36.7	33.6	10.4	195.6	78.9	13.5	28	0.0
31.0	22.6	9.4	258.5	139.2	46.4	0	0.0
23.9	15.3	17.4	280.5	95.9	18.6	0	0.0
21.7	15.6	11.8	262.4	103.8	30.6	0	0.0
24.2	16.5	7.5	217.8	93.8	17.0	0	0.0
30.9	24.8	11.0	148.8	88.7	15.6	10	18.6
32.3	27.9	12.4	264.0	88.2	15.6	3	0.0
26.8	24.1	5.9	222.9	82.8	13.0	12	31.2
12.5	5.3	8.9	260.0	122.4	59.9	0	0.0
5.6	1.0	13.2	257.1	145.6	68.2	0	0.0
16.3	4.8	9.8	148.5	86.9	16.7	2	6.3
33.0	32.3	6.7	146.8	79.0	10.6	75	148.0
23.5	19.8	13.0	301.5	78.7	13.5	1	2.5
14.6	9.6	5.0	219.3	125.4	47.9	0	0.0
23.8	16.9	9.7	181.5	125.2	60.4	0	0.0
30.6	22.4	9.5	195.4	121.7	50.0	0	0.0
32.5	26.0	10.0	267.8	86.8	36.1	0	0.0
32.5	28.1	8.7	164.4	86.1	26.6	8	0.0
38.4	36.7	8.7	164.0	86.2	14.2	5	0.0
39.6	37.2	9.1	85.3	81.0	14.2	0	0.0
57.2	53.4	17.2	195.6	86.1	20.0	32	0.0
34.9	26.4	14.7	262.5	162.9	84.4	0	0.0
34.8	24.9	9.1	199.7	149.8	63.4	5	0.0
35.8	28.1	18.7	264.0	148.1	38.9	0	0.0
31.4	18.4	15.6	254.8	158.2	44.8	0	0.0
37.5	24.0	18.2	220.9	98.6	33.2	0	0.0
