01	31	2004
37.0	27.7	8.6	170.2	161.1	100.0	18	0.0
48.8	48.0	13.4	208.5	161.9	100.0	12	0.0
53.1	49.8	12.5	203.5	162.7	100.0	39	0.0
33.8	32.7	12.1	46.7	163.6	100.0	110	274.4
28.4	26.6	5.1	176.3	147.6	100.0	4	10.7
13.7	6.8	15.5	261.4	165.7	100.0	0	0.0
15.2	4.9	14.6	252.3	166.9	100.0	0	0.0
23.5	13.9	6.1	162.7	168.1	100.0	0	0.0
17.4	11.7	11.1	73.1	169.4	100.0	0	0.0
12.3	4.5	4.8	180.2	170.8	100.0	0	0.0
25.4	14.6	17.9	206.4	172.3	100.0	0	0.0
33.5	30.2	12.4	260.8	153.8	100.0	1	0.0
27.4	23.2	12.0	210.2	175.5	100.0	0	0.0
24.9	21.6	9.9	174.5	150.9	100.0	3	6.3
12.2	7.6	12.2	301.1	179.0	100.0	0	0.0
11.1	2.8	4.0	95.0	180.9	100.0	0	0.0
22.7	18.3	11.4	171.1	182.9	100.0	5	21.6
23.2	17.8	5.2	119.4	184.9	100.0	1	1.9
15.7	9.2	3.9	122.5	187.0	100.0	0	0.0
11.2	4.8	6.3	269.6	189.2	100.0	0	0.0
16.5	9.5	13.2	207.9	191.5	100.0	0	0.0
16.0	8.0	15.4	277.4	193.8	100.0	0	0.0
8.4	3.7	10.4	222.6	196.3	100.0	3	20.2
10.3	5.8	7.5	221.2	198.8	100.0	1	7.0
8.9	2.6	11.9	91.8	201.3	100.0	6	48.8
21.7	20.6	7.4	65.3	204.0	100.0	36	152.0
27.4	24.6	15.6	200.6	206.7	100.0	18	20.1
14.2	8.0	15.8	255.0	209.5	100.0	0	0.0
9.4	4.2	8.7	282.0	212.3	100.0	0	0.0
5.3	1.9	11.2	268.0	184.8	100.0	0	0.0
4.7	0.8	7.7	224.4	218.3	100.0	0	0.0
02	29	2004
12.1	6.2	8.0	112.7	221.3	100.0	0	0.0
28.8	15.9	11.3	140.0	224.5	100.0	6	0.0
31.3	29.6	13.5	224.3	227.7	100.0	6	0.0
19.6	13.8	6.7	227.3	230.9	100.0	0	0.0
24.4	18.9	12.3	97.5	194.7	100.0	10	29.4
33.1	32.2	12.3	235.8	237.6	100.0	6	13.1
24.5	20.9	10.0	296.3	241.1	100.0	1	7.1
19.1	14.4	9.3	224.9	210.8	100.0	0	0.0
31.2	24.2	17.6	217.7	248.2	100.0	0	0.0
28.6	22.4	14.3	252.3	251.8	100.0	0	0.0
22.8	15.2	8.0	212.1	255.5	100.0	0	0.0
28.0	22.2	8.5	256.5	259.2	100.0	0	0.0
23.0	18.4	13.5	240.6	263.0	100.0	0	0.0
25.8	18.3	9.8	271.2	266.8	100.0	0	0.0
17.7	10.8	11.1	41.6	270.7	100.0	0	0.0
14.8	2.2	6.9	87.5	274.6	100.0	0	0.0
25.4	9.3	4.6	202.5	278.6	100.0	0	0.0
28.6	18.6	9.3	253.0	273.4	100.0	0	0.0
40.0	30.7	8.6	218.5	286.9	100.0	0	0.0
42.2	36.5	15.2	193.1	291.1	100.0	11	0.0
31.2	27.4	15.9	270.8	295.4	100.0	1	3.4
31.9	25.6	4.6	197.9	299.7	100.0	0	0.0
33.8	27.2	5.3	102.0	304.0	100.0	1	1.3
28.8	27.8	8.3	52.0	308.4	100.0	3	7.6
27.1	21.0	9.4	116.5	312.8	100.0	0	0.0
29.5	23.1	10.0	62.5	317.3	100.0	0	0.0
32.0	22.6	5.9	46.7	321.7	100.0	0	0.0
37.0	21.7	5.2	186.5	326.2	100.0	0	0.0
44.2	29.4	8.5	195.2	330.8	100.0	0	0.0
03	31	2004
46.6	39.6	15.5	177.9	335.3	100.0	12	0.0
46.6	42.1	14.4	248.8	339.9	100.0	2	0.0
42.5	40.4	6.7	229.5	344.4	100.0	0	0.0
46.2	45.0	5.5	101.4	349.1	100.0	31	0.0
60.6	51.1	21.4	209.8	353.7	100.0	1	0.0
40.9	36.2	10.5	275.8	358.3	100.0	0	0.0
36.9	31.8	14.8	234.9	362.9	100.0	5	4.3
30.6	26.6	11.5	302.1	367.7	100.0	3	7.6
28.5	22.5	5.1	160.2	372.5	100.0	0	0.0
31.3	18.1	3.8	117.4	322.2	100.0	0	0.0
33.9	25.2	13.9	215.5	382.2	100.0	2	0.0
21.0	14.6	12.5	276.0	387.0	100.0	0	0.0
25.7	14.9	5.8	127.9	391.9	100.0	0	0.0
37.4	28.0	14.7	210.0	396.7	100.0	2	2.5
35.3	24.1	9.4	217.0	401.6	100.0	0	0.0
27.3	25.2	12.6	141.1	406.4	100.0	12	46.7
25.6	20.7	5.8	247.2	411.3	100.0	0	1.5
31.9	29.8	5.6	193.1	416.1	100.0	11	26.9
33.8	27.4	6.9	176.8	420.9	100.0	0	0.0
45.0	39.1	14.1	231.8	425.8	100.0	31	0.0
28.9	23.1	14.9	309.6	430.6	100.0	1	4.4
22.9	12.2	7.7	282.4	435.4	100.0	0	0.0
35.7	19.2	13.8	213.3	440.2	100.0	0	0.0
46.2	34.5	13.7	195.0	438.9	100.0	1	0.0
57.5	47.0	12.6	209.5	449.7	100.0	6	0.0
57.7	53.7	12.4	218.2	454.4	100.0	48	0.0
54.5	52.5	6.2	84.5	459.1	100.0	3	0.0
55.8	46.9	9.8	143.4	463.8	100.0	0	0.0
52.4	44.8	10.9	219.1	468.4	100.0	39	0.0
44.9	44.4	6.3	98.3	473.0	100.0	59	0.0
38.5	38.4	10.9	180.5	477.6	100.0	20	0.0
04	30	2004
34.3	34.0	15.1	348.5	482.2	100.0	9	12.7
37.3	37.1	11.6	291.0	486.7	100.0	6	1.3
43.6	33.9	11.9	279.5	491.2	100.0	0	0.0
32.8	25.7	15.8	286.2	472.9	100.0	2	5.1
32.0	15.9	9.3	298.7	437.5	100.0	0	0.0
44.8	26.5	9.9	231.0	504.4	100.0	0	0.0
46.6	35.8	8.7	168.7	508.8	100.0	0	0.0
47.5	38.5	11.5	233.0	513.1	100.0	12	0.0
44.9	32.8	5.9	242.5	517.3	100.0	0	0.0
43.5	27.8	7.2	144.2	521.5	100.0	0	0.0
40.9	30.9	8.6	85.0	525.7	100.0	1	0.0
38.9	34.0	11.2	36.0	529.8	100.0	36	0.0
36.0	35.5	14.9	74.1	534.0	100.0	43	0.0
41.2	29.8	11.8	221.2	538.3	100.0	2	0.0
49.8	32.0	4.6	140.8	542.6	100.0	0	0.0
60.3	38.7	13.3	189.2	546.8	100.0	0	0.0
65.3	52.3	13.2	203.5	551.0	100.0	12	0.0
70.0	53.7	16.4	212.1	555.1	100.0	0	0.0
66.3	51.2	20.0	230.9	559.1	100.0	1	0.0
54.0	46.0	8.6	112.1	563.2	100.0	2	0.0
60.2	55.5	16.9	198.7	567.1	100.0	27	0.0
49.4	45.7	8.0	124.2	497.9	100.0	37	0.0
49.2	44.7	7.5	183.5	574.9	100.0	0	0.0
53.2	37.8	8.5	112.1	578.8	100.0	0	0.0
58.1	51.5	14.7	193.5	582.5	100.0	25	0.0
51.4	41.1	10.6	266.5	586.2	100.0	6	0.0
38.2	27.2	8.3	289.6	589.9	100.0	8	0.0
49.4	30.4	15.5	197.7	593.5	100.0	0	0.0
65.5	42.8	16.6	212.7	597.0	100.0	0	0.0
58.7	53.9	10.7	188.8	600.5	100.0	20	0.0
05	31	2004
59.7	55.5	12.3	161.7	604.0	100.0	54	0.0
40.5	38.9	11.0	232.0	603.8	100.0	90	0.0
39.8	31.3	6.5	217.5	610.6	100.0	0	0.0
46.6	34.1	10.9	220.7	538.0	100.0	0	0.0
56.0	39.6	10.2	241.7	617.1	100.0	0	0.0
66.9	48.5	13.0	206.7	620.2	100.0	0	0.0
51.5	43.9	11.5	133.6	623.2	100.0	23	0.0
63.0	48.0	12.2	186.0	626.3	100.0	0	0.0
70.9	54.9	10.4	198.4	552.0	100.0	0	0.0
71.7	56.8	10.0	220.6	632.1	100.0	0	0.0
69.5	59.9	5.3	170.6	634.9	100.0	0	0.0
71.8	60.3	9.1	184.2	637.6	100.0	0	0.0
71.7	62.2	9.4	190.8	640.3	100.0	5	0.0
71.1	63.5	14.7	206.2	643.0	100.0	15	0.0
52.4	51.8	7.5	193.1	645.5	100.0	49	0.0
53.5	49.4	4.8	77.5	628.8	100.0	0	0.0
65.0	59.5	11.1	178.0	650.4	100.0	25	0.0
67.4	63.3	10.0	212.0	652.8	100.0	22	0.0
61.0	58.1	5.9	72.7	655.1	100.0	6	0.0
71.9	65.8	11.0	213.9	657.3	100.0	4	0.0
67.4	63.6	9.3	195.1	659.5	100.0	116	0.0
73.5	64.8	14.2	222.1	661.6	100.0	2	0.0
74.9	64.7	14.3	219.2	663.6	100.0	0	0.0
66.2	56.5	13.6	243.1	665.6	100.0	4	0.0
65.3	57.4	10.7	203.2	667.5	100.0	1	0.0
65.8	56.0	6.1	228.0	669.3	100.0	0	0.0
64.5	59.8	9.1	188.3	671.1	100.0	0	0.0
57.1	53.2	7.8	116.6	672.8	100.0	2	0.0
55.6	41.3	5.1	107.9	674.4	100.0	0	0.0
63.8	54.0	12.3	142.0	676.0	100.0	85	0.0
66.3	57.8	13.8	222.7	677.5	100.0	34	0.0
06	30	2004
63.7	49.9	11.7	234.2	678.9	100.0	0	0.0
61.0	54.7	8.6	237.1	605.0	100.0	8	0.0
61.6	49.6	7.2	158.3	681.6	100.0	0	0.0
57.8	45.0	5.3	48.7	615.9	100.0	0	0.0
59.8	53.2	5.6	148.8	684.0	100.0	0	0.0
64.3	55.8	7.5	195.6	685.1	100.0	0	0.0
70.3	56.0	8.9	193.1	686.1	100.0	0	0.0
75.8	63.1	9.6	205.0	687.0	100.0	0	0.0
75.6	67.3	9.3	219.1	688.0	100.0	92	0.0
68.0	65.8	6.8	252.7	688.8	100.0	35	0.0
61.5	60.7	7.8	68.0	689.5	100.0	85	0.0
61.8	58.6	8.9	137.4	690.2	100.0	23	0.0
72.0	65.8	11.4	209.9	690.9	100.0	119	0.0
71.4	66.1	8.8	206.4	691.4	100.0	27	0.0
73.8	67.3	6.0	192.5	691.9	100.0	17	0.0
71.9	68.1	7.7	151.6	692.4	100.0	4	0.0
75.8	69.6	10.0	223.3	692.7	100.0	9	0.0
68.8	64.7	6.6	268.9	693.0	100.0	0	0.0
61.7	54.1	9.5	167.7	693.3	100.0	0	0.0
58.5	48.0	4.6	160.8	693.4	100.0	0	0.0
65.6	54.8	10.1	185.8	693.5	100.0	0	0.0
68.3	59.2	8.6	276.0	693.5	100.0	3	0.0
63.6	51.0	5.2	233.5	654.8	100.0	0	0.0
66.3	58.8	9.7	199.0	672.0	100.0	54	0.0
56.8	53.4	5.9	109.6	693.2	100.0	1	0.0
61.1	49.3	6.4	246.7	693.0	100.0	0	0.0
64.2	51.2	6.9	237.9	692.7	100.0	0	0.0
60.5	56.6	5.4	200.5	692.4	100.0	12	0.0
63.9	52.7	7.0	245.0	691.9	100.0	0	0.0
68.4	56.1	6.0	227.5	691.4	100.0	0	0.0
07	31	2004
72.1	59.8	5.3	190.9	690.8	100.0	0	0.0
71.4	61.8	4.9	58.3	690.2	100.0	0	0.0
74.1	62.7	7.7	143.5	689.5	100.0	0	0.0
75.0	67.3	13.4	211.8	688.8	100.0	36	0.0
73.8	65.3	8.9	213.9	687.9	100.0	0	0.0
73.7	64.6	10.1	181.5	687.0	100.0	0	0.0
70.2	62.1	9.9	242.3	686.0	100.0	32	0.0
65.7	54.9	7.8	246.3	604.6	100.0	0	0.0
67.0	55.5	3.7	62.1	683.9	100.0	0	0.0
73.3	64.1	4.9	148.8	682.8	100.0	0	0.0
73.0	66.7	5.6	133.9	681.5	100.0	8	0.0
74.4	69.3	7.7	202.5	680.2	100.0	17	0.0
75.2	68.5	6.6	264.4	678.9	100.0	0	0.0
70.3	60.4	11.2	279.9	677.5	100.0	24	0.0
68.1	55.8	9.4	289.3	595.4	100.0	0	0.0
68.8	55.1	6.3	266.9	674.4	100.0	0	0.0
64.5	61.8	4.4	89.0	672.8	100.0	100	0.0
66.4	60.0	7.3	72.8	671.1	100.0	0	0.0
68.1	59.8	5.8	275.5	669.3	100.0	0	0.0
70.2	62.2	6.1	217.9	603.2	100.0	2	0.0
75.7	66.1	9.2	214.2	665.6	100.0	0	0.0
73.6	69.9	7.0	235.7	626.3	100.0	15	0.0
67.1	60.3	9.6	140.3	661.7	100.0	2	0.0
61.1	50.9	8.6	48.3	659.6	100.0	0	0.0
61.7	55.5	7.5	56.2	657.4	100.0	1	0.0
64.3	61.4	8.7	97.3	655.2	100.0	37	0.0
61.9	61.1	7.1	304.7	653.0	100.0	2	0.0
62.6	58.6	5.0	202.9	650.6	100.0	0	0.0
67.1	60.9	5.2	128.1	648.2	100.0	1	0.0
72.8	66.6	7.2	157.2	645.8	100.0	13	0.0
73.0	68.7	10.3	231.1	643.2	100.0	54	0.0
08	31	2004
70.8	62.4	4.1	249.0	640.6	100.0	0	0.0
73.7	62.9	3.4	127.3	638.0	100.0	0	0.0
75.3	68.6	4.8	184.2	635.3	100.0	0	0.0
68.5	66.2	6.7	177.8	632.5	100.0	28	0.0
61.5	54.6	9.6	164.1	505.3	100.0	0	0.0
60.6	50.8	8.6	257.5	626.7	100.0	5	0.0
62.6	52.6	4.8	251.2	623.8	100.0	0	0.0
67.1	56.2	5.3	212.5	620.7	100.0	0	0.0
69.4	60.1	9.7	202.5	617.7	100.0	0	0.0
69.4	60.9	11.5	244.8	614.5	100.0	0	0.0
61.1	53.9	8.6	241.2	548.7	100.0	0	0.0
59.3	50.6	4.2	201.5	608.0	100.0	0	0.0
58.7	53.9	3.4	184.0	604.7	100.0	0	0.0
60.8	52.8	3.3	127.1	601.4	100.0	0	0.0
61.3	55.2	4.2	121.0	597.9	100.0	0	0.0
63.1	54.3	2.1	76.6	594.4	100.0	0	0.0
66.3	54.5	7.2	203.8	590.9	100.0	0	0.0
70.2	62.6	10.0	196.6	587.3	100.0	16	0.0
68.5	66.2	6.1	229.2	509.8	100.0	58	0.0
63.0	62.0	5.2	91.4	565.9	100.0	33	0.0
60.2	54.2	7.7	233.3	576.2	100.0	0	0.0
61.9	52.5	7.6	196.0	572.4	100.0	0	0.0
69.4	58.9	5.6	195.8	568.5	100.0	0	0.0
72.0	62.6	7.7	134.4	564.6	100.0	0	0.0
74.3	68.5	11.9	174.8	560.6	100.0	0	0.0
72.4	68.2	12.6	187.3	556.6	100.0	29	0.0
76.0	70.5	10.3	192.8	552.6	100.0	0	0.0
72.4	69.3	7.2	190.3	548.5	100.0	3	0.0
68.8	66.1	8.5	202.0	544.3	100.0	1	0.0
63.6	57.5	7.3	147.2	540.1	100.0	2	0.0
62.2	54.9	2.9	139.9	535.9	100.0	0	0.0
09	30	2004
66.1	57.1	3.8	111.7	531.7	100.0	0	0.0
69.7	59.5	7.3	131.5	527.7	100.0	0	0.0
69.5	62.5	7.9	163.3	523.6	100.0	0	0.0
70.9	65.3	4.1	170.2	455.6	100.0	1	0.0
72.5	63.0	7.0	128.7	515.3	100.0	0	0.0
72.7	62.7	11.8	165.8	511.0	100.0	0	0.0
66.4	63.5	7.5	130.4	506.8	100.0	0	0.0
63.5	61.9	12.6	45.2	502.5	100.0	182	0.0
61.6	60.2	10.0	272.7	498.1	100.0	2	0.0
62.1	53.2	3.9	70.1	493.8	100.0	0	0.0
62.8	53.5	4.1	107.5	489.4	100.0	0	0.0
66.3	55.5	4.0	162.5	484.9	100.0	0	0.0
67.6	57.2	5.3	125.0	480.4	100.0	0	0.0
68.7	61.3	8.2	165.0	475.9	100.0	0	0.0
69.0	61.3	9.9	170.0	471.4	100.0	0	0.0
71.2	65.5	8.8	184.3	466.8	100.0	49	0.0
58.8	55.6	14.7	83.8	462.2	100.0	24	0.0
57.3	47.5	9.8	158.2	457.6	100.0	0	0.0
56.5	46.5	7.6	46.7	453.0	100.0	0	0.0
59.5	42.9	6.7	144.6	413.2	100.0	0	0.0
64.1	50.2	3.8	122.9	443.6	100.0	0	0.0
67.3	53.3	4.2	157.1	438.9	100.0	0	0.0
66.2	55.4	5.2	134.1	372.6	100.0	0	0.0
68.1	58.9	5.2	166.2	429.5	100.0	0	0.0
62.2	55.9	6.2	201.2	424.8	100.0	0	0.0
58.3	52.4	3.6	55.8	420.0	100.0	0	0.0
59.1	53.3	3.3	38.7	355.4	100.0	0	0.0
60.3	54.8	9.8	155.5	410.5	100.0	1	0.0
54.0	51.9	5.3	244.2	405.7	100.0	1	0.0
53.4	43.4	2.8	127.1	400.9	100.0	0	0.0
10	31	2004
59.8	50.0	7.8	184.2	396.1	100.0	0	0.0
56.6	48.6	9.6	270.3	391.3	100.0	4	0.0
49.2	35.6	6.3	191.2	386.5	100.0	0	0.0
53.0	36.5	10.1	300.6	381.8	100.0	0	0.0
45.4	34.5	3.1	151.1	376.7	100.0	0	0.0
52.1	36.5	7.6	211.5	372.2	100.0	0	0.0
57.3	40.8	7.4	178.7	312.4	100.0	0	0.0
62.7	51.0	11.5	190.0	362.9	100.0	0	0.0
61.6	44.7	10.3	270.2	358.4	100.0	0	0.0
50.6	41.7	7.3	133.5	353.8	100.0	0	0.0
49.7	43.3	4.9	63.7	349.2	100.0	0	0.0
47.4	39.9	5.6	102.7	344.7	100.0	0	0.0
49.2	44.6	4.2	163.0	306.2	100.0	22	0.0
52.7	47.4	7.5	225.2	335.7	100.0	0	0.0
47.9	45.2	12.7	205.9	331.2	100.0	31	0.0
43.1	35.0	15.4	245.2	283.6	100.0	1	0.0
40.0	30.8	10.2	213.4	322.3	100.0	0	0.0
38.6	36.0	7.7	95.1	317.9	100.0	47	0.0
48.9	47.5	3.9	34.6	313.5	100.0	0	0.0
52.9	51.8	6.4	68.8	309.1	100.0	1	0.0
50.3	47.7	6.6	123.8	304.8	100.0	1	0.0
49.2	45.2	6.8	109.9	300.5	100.0	0	0.0
53.3	50.8	12.2	158.8	296.2	100.0	27	0.0
56.8	51.1	7.2	226.5	292.0	100.0	0	0.0
52.5	44.1	2.5	108.2	287.8	100.0	0	0.0
54.1	44.4	5.3	120.8	283.6	100.0	0	0.0
56.5	47.2	6.1	78.6	238.1	100.0	0	0.0
53.8	44.9	5.3	91.1	275.5	100.0	0	0.0
62.1	59.8	10.2	195.5	271.5	100.0	60	0.0
66.1	52.7	19.6	226.0	267.6	100.0	3	0.0
52.5	37.6	12.4	247.0	263.8	100.0	0	0.0
11	30	2004
48.9	41.2	8.0	111.1	257.3	100.0	0	0.0
57.8	54.6	11.8	256.0	256.4	100.0	66	0.0
44.3	38.4	7.8	87.9	252.7	100.0	1	0.0
47.3	43.7	15.8	216.0	249.1	100.0	21	0.0
41.7	31.1	12.2	266.7	245.6	100.0	0	0.0
48.6	36.2	13.2	230.8	242.1	100.0	0	0.0
51.5	42.0	11.9	277.1	238.6	100.0	0	0.0
35.4	22.9	7.8	298.8	235.3	100.0	0	0.0
32.9	21.8	4.3	215.0	231.9	100.0	0	0.0
47.8	28.5	13.8	191.2	228.7	100.0	0	0.0
44.5	37.2	11.2	126.7	225.5	100.0	7	0.0
37.8	29.1	13.3	36.5	222.4	100.0	0	0.0
33.7	24.0	8.8	50.4	219.3	100.0	0	0.0
35.5	22.2	5.8	122.1	216.3	100.0	0	0.0
38.5	26.4	4.8	152.8	183.5	100.0	0	0.0
45.5	40.6	7.0	236.1	210.5	100.0	0	0.0
49.2	47.6	8.6	220.4	207.7	100.0	23	0.0
55.3	55.3	4.8	219.3	205.0	100.0	3	0.0
55.1	55.0	6.0	123.4	202.3	100.0	44	0.0
53.3	52.2	8.6	234.2	199.8	100.0	4	0.0
44.3	40.1	4.4	216.9	197.3	100.0	0	0.0
39.3	37.9	3.1	92.8	194.8	100.0	0	0.0
46.3	45.6	5.4	129.0	179.3	100.0	0	0.0
46.5	46.5	9.0	109.9	190.2	100.0	45	0.0
29.2	25.2	11.6	295.8	188.0	100.0	0	0.6
32.8	26.7	11.0	190.4	185.8	100.0	0	0.0
44.7	32.0	16.5	173.3	183.8	100.0	0	0.0
35.4	33.8	12.3	250.3	181.8	100.0	0	0.0
32.2	32.1	4.2	122.6	180.0	100.0	1	1.7
40.1	37.0	9.4	136.9	178.2	100.0	14	0.0
12	31	2004
37.9	30.8	17.4	249.8	176.4	100.0	9	6.3
34.1	28.0	7.9	237.7	174.8	100.0	0	0.0
30.1	23.9	8.7	247.5	173.2	100.0	0	0.0
36.0	27.5	14.7	214.6	171.7	100.0	0	0.0
37.5	33.6	7.4	145.6	170.3	100.0	0	0.0
43.6	43.0	8.0	158.2	169.0	100.0	8	0.0
52.4	49.7	17.9	198.9	167.7	100.0	24	0.0
39.8	37.0	7.4	190.8	166.5	100.0	1	0.0
40.7	38.5	9.2	146.7	165.4	100.0	13	0.0
41.7	41.7	7.2	217.5	164.4	100.0	9	0.0
31.3	30.6	11.0	301.4	163.4	100.0	3	6.7
33.8	29.9	16.7	240.2	162.5	100.0	0	0.0
27.8	24.0	16.0	278.4	135.8	100.0	5	16.8
19.8	13.8	10.2	304.6	161.0	100.0	0	0.0
22.2	15.0	11.4	217.2	131.3	100.0	0	0.0
30.5	18.8	16.6	219.6	159.8	100.0	0	0.0
25.7	18.3	5.8	184.2	159.3	100.0	0	0.0
31.1	26.6	12.1	201.7	158.9	100.0	1	1.3
11.9	9.2	9.3	197.0	158.6	100.0	2	5.6
6.8	0.0	3.0	46.1	158.3	100.0	0	0.0
30.5	22.3	10.1	164.3	133.1	100.0	0	0.0
25.2	23.7	6.5	208.8	158.0	100.0	59	233.6
20.3	18.2	11.8	229.2	158.0	100.0	61	401.7
4.5	2.3	6.8	242.4	157.8	100.0	0	0.0
7.4	5.6	5.8	150.6	158.3	100.0	0	0.0
17.6	15.1	7.6	250.4	158.6	100.0	0	0.0
12.8	10.4	4.0	202.0	158.9	100.0	0	0.0
26.9	19.1	15.6	196.8	159.4	100.0	0	0.0
37.7	32.6	9.6	230.9	159.9	100.0	0	0.0
39.6	38.7	10.9	178.9	160.5	100.0	0	0.0
49.0	47.4	21.0	216.7	161.1	79.2	8	0.0
