   1    31    1973
28.6	15.6	16.4	251.3	97.8	72.0	.0	.0	
23.5	11.5	7.9	229.6	186.7	18.0	.0	.0	
29.3	20.3	11.3	101.3	126.4	62.0	.0	160.0	
30.5	20.6	19.6	255.4	100.1	98.0	.0	.0	
19.8	8.5	14.6	272.5	96.5	93.0	.0	.0	
14.3	1.5	9.7	329.6	103.8	59.0	.0	.0	
14.3	.7	7.2	199.2	162.0	69.0	.0	.0	
15.5	6.7	5.1	86.7	109.4	78.0	.0	5.1	
15.5	4.9	12.6	254.6	94.2	45.0	.0	.0	
11.6	-1.8	12.7	231.7	189.8	30.0	.0	.0	
14.9	3.6	14.1	257.9	112.7	47.0	.0	.0	
18.0	3.6	11.5	234.6	218.6	7.0	.0	.0	
28.2	5.5	12.7	208.8	177.1	58.0	.0	.0	
32.2	15.8	11.0	220.4	103.9	98.0	.0	.0	
30.6	25.9	7.5	195.0	112.5	98.0	.0	27.9	
35.8	29.4	13.5	210.4	138.8	81.0	.0	.0	
46.7	34.5	12.9	205.0	165.9	70.0	.0	.0	
50.0	38.3	12.3	186.3	167.7	82.0	1.0	.0	
40.5	33.0	17.1	243.8	98.6	98.0	.0	.0	
26.5	16.4	11.5	207.5	162.0	85.0	.0	.0	
30.4	19.0	13.4	84.2	136.6	98.0	.0	30.5	
41.3	36.5	14.0	181.7	68.3	98.0	55.0	.0	
32.5	26.4	15.4	242.1	106.3	98.0	2.0	.0	
27.3	17.4	9.2	230.0	210.4	42.0	.0	.0	
38.7	28.2	12.2	229.6	234.0	2.0	.0	.0	
40.5	32.5	5.4	177.5	200.1	67.0	.0	.0	
41.2	33.2	7.5	64.6	139.5	96.0	.0	.0	
29.9	24.8	12.0	244.2	117.9	98.0	.0	38.1	
17.4	5.3	12.7	290.4	265.1	36.0	.0	.0	
22.4	12.3	9.4	210.0	166.7	68.0	.0	.0	
28.0	19.1	10.1	104.6	153.9	75.0	.0	5.1	
   2    28    1973
40.3	32.6	12.8	134.6	125.5	87.0	10.0	.0	
45.1	39.8	12.7	220.0	132.3	92.0	2.0	.0	
33.5	25.0	14.6	283.8	142.6	94.0	.0	.0	
36.9	28.5	10.1	193.8	245.7	62.0	.0	.0	
33.0	25.2	15.0	63.8	123.5	98.0	.0	.0	
35.2	27.8	10.8	176.7	130.7	96.0	.0	.0	
33.3	26.3	7.3	237.5	141.4	97.0	11.0	.0	
20.3	9.2	13.3	326.3	249.9	78.0	.0	12.7	
14.6	3.2	8.5	260.0	300.0	24.0	.0	.0	
15.5	4.8	8.7	151.3	229.7	21.0	.0	.0	
16.4	6.2	11.2	80.0	261.2	43.0	.0	.0	
19.7	7.0	9.7	81.3	297.5	2.0	.0	.0	
26.4	15.7	6.8	80.4	249.9	64.0	.0	.0	
33.8	28.7	8.6	72.9	140.1	98.0	8.0	.0	
22.8	16.3	12.4	230.4	180.4	95.0	.0	96.5	
3.7	-6.9	13.9	321.7	330.9	38.0	.0	.0	
2.5	-14.0	7.7	230.0	316.1	36.0	.0	.0	
18.9	7.8	8.5	194.6	203.9	87.0	.0	.0	
34.0	21.4	10.9	221.3	244.5	57.0	.0	.0	
34.0	26.7	8.8	238.3	145.9	91.0	3.0	.0	
27.7	18.5	15.3	261.3	191.6	87.0	.0	27.9	
20.5	11.9	9.6	225.8	152.5	92.0	.0	20.3	
27.1	19.7	7.6	221.3	201.3	98.0	.0	17.8	
24.7	12.3	7.6	236.7	164.7	88.0	.0	.0	
25.6	14.9	13.6	70.0	292.1	94.0	.0	.0	
22.7	12.2	16.5	50.0	205.9	98.0	.0	5.1	
22.0	11.8	11.0	66.3	348.4	43.0	.0	.0	
27.7	19.9	7.4	197.5	345.7	50.0	.0	.0	
   3    31    1973
43.2	32.8	9.8	194.2	306.2	84.0	.0	.0	
47.8	38.3	6.6	167.1	292.8	98.0	1.0	.0	
49.1	45.7	7.0	162.5	157.9	98.0	6.0	.0	
45.6	40.0	10.1	117.9	198.0	95.0	.0	.0	
40.4	37.3	10.0	76.3	188.0	98.0	15.0	.0	
51.3	43.4	8.1	114.6	337.3	70.0	.0	.0	
56.3	46.8	14.3	192.9	215.8	59.0	16.0	.0	
49.6	34.2	9.8	241.3	387.0	11.0	.0	.0	
39.9	33.4	12.5	57.1	153.0	98.0	20.0	.0	
44.5	40.5	8.5	67.5	251.1	98.0	13.0	.0	
60.7	50.4	16.5	189.2	212.5	93.0	116.0	.0	
45.7	36.0	13.8	261.3	191.8	98.0	.0	.0	
44.5	36.1	7.8	152.5	210.7	98.0	.0	.0	
54.3	48.7	10.3	141.3	191.0	93.0	54.0	.0	
58.9	44.7	15.1	230.4	404.4	34.0	.0	.0	
42.9	35.9	11.0	97.9	165.8	97.0	37.0	.0	
29.2	23.1	21.3	320.4	226.8	98.0	.0	221.0	
30.7	18.9	18.7	294.2	255.3	98.0	.0	.0	
30.8	20.8	11.0	287.1	329.8	63.0	.0	.0	
31.3	19.8	9.9	106.7	391.3	72.0	.0	.0	
31.7	17.8	10.2	172.5	410.2	42.0	.0	.0	
31.9	19.3	7.4	195.4	319.5	50.0	.0	.0	
34.0	22.0	4.9	81.7	455.1	38.0	.0	.0	
39.1	21.7	8.5	81.3	489.6	36.0	.0	.0	
41.1	31.7	11.9	50.8	171.6	98.0	26.0	.0	
45.7	32.2	15.0	32.9	423.3	62.0	.0	.0	
38.5	20.9	9.4	96.3	523.5	2.0	.0	.0	
43.9	35.1	7.7	126.7	197.6	72.0	3.0	.0	
52.1	45.7	8.8	175.8	172.2	95.0	21.0	.0	
49.8	42.7	9.4	188.8	257.1	98.0	.0	.0	
43.2	38.8	13.1	63.3	214.4	98.0	5.0	.0	
   4    30    1973
52.0	43.2	7.9	193.8	280.6	90.0	1.0	.0	
45.2	37.6	11.5	232.9	203.9	98.0	2.0	.0	
41.7	33.6	12.3	270.0	238.9	98.0	1.0	.0	
38.4	31.5	9.3	238.8	198.3	98.0	8.0	.0	
41.4	29.3	12.7	268.8	319.1	68.0	.0	.0	
52.6	33.6	13.9	235.0	469.2	41.0	.0	.0	
45.5	33.9	10.5	60.0	263.0	80.0	.0	.0	
42.0	25.0	13.7	45.0	529.3	55.0	.0	.0	
37.6	28.7	12.7	115.4	171.9	92.0	65.0	.0	
32.8	21.4	13.9	270.8	291.0	90.0	.0	.0	
34.7	16.4	12.0	251.7	464.4	53.0	.0	.0	
39.0	20.0	9.4	190.0	381.6	74.0	.0	.0	
34.6	14.6	8.8	264.6	592.7	2.0	.0	.0	
40.3	20.3	6.2	185.4	571.6	20.0	.0	.0	
52.3	29.1	10.7	163.3	534.4	55.0	.0	.0	
56.5	42.0	16.2	194.6	246.2	84.0	18.0	.0	
48.8	37.4	8.2	197.9	454.9	69.0	.0	.0	
57.8	51.5	6.9	160.4	195.7	98.0	13.0	.0	
61.4	52.5	9.5	117.5	257.9	85.0	8.0	.0	
67.2	54.7	8.0	135.4	348.1	94.0	2.0	.0	
68.6	55.0	12.0	191.3	284.8	87.0	.0	.0	
64.2	51.5	13.8	226.7	306.9	65.0	45.0	.0	
57.4	40.9	8.4	238.3	479.1	55.0	.0	.0	
49.3	34.6	7.1	187.5	501.9	49.0	.0	.0	
49.1	31.5	12.1	57.5	436.3	83.0	.0	.0	
51.6	27.3	11.8	82.5	583.1	64.0	.0	.0	
49.0	28.3	16.1	260.8	203.5	98.0	2.0	.0	
45.3	22.5	15.9	291.3	425.3	34.0	.0	.0	
45.8	29.1	8.7	175.4	285.9	73.0	.0	.0	
58.2	48.0	9.8	148.8	332.4	96.0	14.0	.0	
   5    31    1973
64.8	50.5	13.7	188.8	375.7	84.0	2.0	.0	
61.8	48.2	15.9	212.1	363.6	92.0	17.0	.0	
43.1	31.2	14.9	254.2	244.4	98.0	2.0	.0	
44.0	27.7	15.3	290.4	404.8	73.0	.0	.0	
48.5	27.2	9.6	295.0	651.5	39.0	.0	.0	
53.3	34.1	7.7	141.3	461.3	81.0	.0	.0	
59.9	43.5	12.1	129.6	336.2	95.0	15.0	.0	
62.3	52.5	14.1	201.3	265.7	94.0	21.0	.0	
64.4	49.8	13.2	240.8	518.4	62.0	7.0	.0	
62.8	47.3	9.9	225.8	469.3	48.0	21.0	.0	
57.6	39.1	14.5	265.8	600.5	52.0	.0	.0	
52.3	37.8	14.0	269.6	417.4	67.0	5.0	.0	
45.6	32.7	10.1	280.4	288.0	85.0	1.0	.0	
44.0	32.7	6.8	242.1	433.7	58.0	1.0	.0	
45.7	26.4	10.0	256.7	378.5	49.0	.0	.0	
50.2	32.1	12.1	258.8	349.3	59.0	2.0	.0	
44.5	26.2	11.1	288.3	418.9	49.0	.0	.0	
49.3	29.1	7.1	250.0	542.6	68.0	.0	.0	
51.6	42.3	11.0	100.0	209.8	98.0	17.0	.0	
58.6	40.9	10.7	223.8	585.9	53.0	.0	.0	
61.5	41.4	8.2	249.6	551.4	59.0	.0	.0	
57.2	50.3	6.3	107.1	186.3	98.0	39.0	.0	
57.9	55.3	8.0	92.5	314.2	98.0	46.0	.0	
58.6	53.7	9.0	58.3	322.9	96.0	.0	.0	
59.8	55.5	8.5	139.2	298.2	84.0	15.0	.0	
58.6	49.9	8.0	227.5	485.3	62.0	10.0	.0	
60.5	55.8	12.4	95.0	218.3	93.0	27.0	.0	
65.1	56.2	9.7	194.6	439.1	67.0	23.0	.0	
60.4	53.3	9.7	211.3	454.8	88.0	5.0	.0	
53.3	49.9	9.5	193.8	275.4	98.0	9.0	.0	
62.6	47.9	11.5	244.2	699.1	36.0	.0	.0	
   6    30    1973
67.6	53.0	10.1	240.4	660.8	29.0	.0	.0	
67.8	55.0	5.4	125.8	573.0	44.0	.0	.0	
69.7	61.5	9.2	172.5	408.1	97.0	94.0	.0	
70.0	62.0	11.1	207.9	494.6	90.0	38.0	.0	
70.3	64.2	10.2	199.2	276.3	93.0	78.0	.0	
65.3	60.3	6.6	227.9	298.6	77.0	46.0	.0	
69.5	55.8	9.2	217.9	668.9	18.0	.0	.0	
74.2	57.6	9.8	203.3	699.4	17.0	.0	.0	
75.7	59.2	10.0	237.9	672.9	30.0	.0	.0	
75.0	59.4	7.8	206.7	649.8	8.0	.0	.0	
81.0	65.2	9.5	222.9	663.9	24.0	.0	.0	
74.0	65.0	9.3	210.0	467.8	88.0	76.0	.0	
67.8	52.5	7.6	200.0	687.1	28.0	.0	.0	
67.9	50.4	4.4	112.5	712.9	10.0	.0	.0	
70.9	56.0	7.0	170.4	586.5	67.0	.0	.0	
76.6	67.2	7.8	225.0	422.0	92.0	14.0	.0	
66.8	62.0	8.9	90.8	320.7	98.0	.0	.0	
68.1	63.5	5.9	88.3	425.3	76.0	.0	.0	
75.7	64.4	9.1	176.7	582.0	65.0	.0	.0	
71.8	63.3	7.7	206.7	439.2	60.0	4.0	.0	
70.8	56.5	8.0	234.6	585.2	72.0	.0	.0	
70.3	54.4	9.9	267.1	580.3	44.0	.0	.0	
65.8	54.5	8.3	236.7	487.0	73.0	48.0	.0	
66.1	57.7	5.4	110.4	560.8	53.0	13.0	.0	
68.7	57.8	7.1	86.3	655.4	61.0	.0	.0	
72.1	64.4	9.8	187.9	403.2	93.0	93.0	.0	
68.7	62.0	9.4	185.4	344.0	84.0	12.0	.0	
64.1	58.7	9.2	220.4	313.8	95.0	129.0	.0	
62.5	54.9	7.5	192.9	417.4	78.0	6.0	.0	
65.5	56.3	6.6	186.7	479.9	55.0	.0	.0	
   7    31    1973
70.7	59.5	4.5	97.9	648.7	30.0	.0	.0	
74.0	64.9	7.5	150.8	577.7	62.0	63.0	.0	
73.1	65.7	7.9	238.8	451.8	39.0	53.0	.0	
71.7	64.8	8.5	242.9	393.1	67.0	1.0	.0	
71.2	56.7	6.6	279.2	651.0	22.0	.0	.0	
73.9	57.3	6.2	240.8	694.8	22.0	.0	.0	
77.8	63.3	7.8	203.8	679.2	7.0	.0	.0	
79.5	64.7	7.8	224.2	610.9	18.0	.0	.0	
78.5	64.5	6.5	130.4	634.8	58.0	.0	.0	
75.3	61.4	9.3	204.6	529.4	65.0	1.0	.0	
64.8	49.8	10.3	287.1	621.2	23.0	.0	.0	
66.2	49.0	8.0	187.1	555.4	39.0	.0	.0	
81.4	59.1	14.3	233.3	668.1	22.0	.0	.0	
74.6	60.0	8.5	214.6	506.2	84.0	4.0	.0	
68.8	55.1	7.4	251.7	529.6	55.0	.0	.0	
65.7	50.3	6.5	68.3	512.4	38.0	.0	.0	
66.1	48.0	5.1	112.1	667.3	13.0	.0	.0	
68.6	51.7	3.9	147.1	670.4	12.0	.0	.0	
73.4	57.1	4.7	164.6	596.7	65.0	.0	.0	
70.1	62.7	6.9	127.1	188.6	98.0	105.0	.0	
69.4	60.5	8.9	47.1	290.5	93.0	2.0	.0	
71.0	59.1	9.1	55.4	378.1	61.0	.0	.0	
73.8	60.5	9.0	67.5	536.2	68.0	.0	.0	
73.2	64.7	5.8	134.6	262.0	87.0	.0	.0	
76.1	66.8	5.8	185.0	438.7	81.0	1.0	.0	
73.9	64.6	9.3	203.8	345.1	67.0	21.0	.0	
75.4	60.9	12.5	227.1	496.7	63.0	.0	.0	
70.8	56.9	11.7	263.3	423.8	81.0	.0	.0	
68.3	55.7	7.1	227.9	552.9	65.0	.0	.0	
70.7	60.1	7.1	189.2	313.8	82.0	22.0	.0	
70.8	63.0	7.0	143.3	361.7	93.0	44.0	.0	
   8    31    1973
69.3	62.3	8.1	255.4	331.4	69.0	.0	.0	
67.1	59.5	8.6	269.2	419.0	61.0	.0	.0	
66.3	58.2	7.0	259.6	553.5	27.0	.0	.0	
68.2	57.1	5.7	248.8	578.5	14.0	.0	.0	
70.7	59.7	5.7	185.4	597.9	12.0	.0	.0	
71.8	60.1	6.6	182.9	588.1	23.0	.0	.0	
72.5	60.3	6.0	151.7	564.6	19.0	.0	.0	
78.4	67.6	7.5	198.3	589.7	38.0	24.0	.0	
77.9	69.5	9.6	215.4	480.1	56.0	24.0	.0	
72.8	66.1	9.1	220.0	482.0	51.0	26.0	.0	
71.8	64.7	7.4	214.2	476.8	55.0	.0	.0	
72.1	63.7	6.2	252.5	488.3	70.0	7.0	.0	
69.8	60.5	5.4	155.8	522.0	48.0	.0	.0	
68.8	62.4	7.7	78.8	252.6	93.0	3.0	.0	
67.8	59.1	7.8	236.3	565.3	19.0	.0	.0	
67.7	57.7	3.9	111.7	544.5	40.0	.0	.0	
69.6	60.9	4.8	222.1	565.7	46.0	.0	.0	
71.0	62.2	6.0	277.9	573.1	36.0	.0	.0	
72.1	64.1	6.1	249.2	399.6	69.0	.0	.0	
70.7	61.0	12.6	296.7	548.7	49.0	30.0	.0	
61.3	52.7	11.1	276.3	493.0	20.0	.0	.0	
57.8	48.3	7.4	169.2	474.3	35.0	.0	.0	
59.2	50.8	4.6	160.8	282.0	74.0	.0	.0	
64.2	57.3	5.3	129.6	315.5	82.0	.0	.0	
70.1	62.6	6.7	158.3	468.5	28.0	.0	.0	
78.5	71.0	7.5	199.2	511.6	32.0	.0	.0	
82.7	72.3	9.7	234.6	548.2	15.0	.0	.0	
82.5	71.8	8.6	254.2	559.3	16.0	.0	.0	
78.3	69.0	6.0	197.1	492.8	17.0	.0	.0	
74.0	66.6	4.6	152.1	341.0	51.0	4.0	.0	
74.7	66.5	6.0	159.6	472.9	35.0	.0	.0	
   9    30    1973
78.4	69.3	6.1	182.1	514.4	11.0	.0	.0	
78.6	66.7	4.3	125.8	535.5	10.0	.0	.0	
78.9	67.2	5.7	163.8	531.2	8.0	.0	.0	
77.6	65.6	6.1	193.8	510.2	49.0	.0	.0	
74.3	65.6	6.2	182.5	241.0	93.0	.0	.0	
68.8	52.7	11.4	282.5	497.1	33.0	.0	.0	
62.7	50.2	9.0	268.8	433.1	43.0	.0	.0	
61.3	48.8	5.8	132.1	396.8	79.0	.0	.0	
60.3	53.4	5.4	140.4	325.8	62.0	7.0	.0	
61.2	49.8	6.7	202.5	537.6	12.0	.0	.0	
65.8	50.4	12.1	280.4	477.2	38.0	.0	.0	
56.4	40.5	4.6	215.4	511.8	23.0	.0	.0	
60.2	45.8	7.0	81.7	343.1	82.0	.0	.0	
63.0	52.4	7.9	155.0	344.2	55.0	.0	.0	
62.5	48.2	9.1	261.3	468.4	29.0	.0	.0	
57.6	46.0	7.9	220.8	271.2	72.0	.0	.0	
57.5	52.6	10.2	150.0	153.3	98.0	8.0	.0	
52.0	41.3	9.7	270.8	451.7	40.0	.0	.0	
54.0	41.1	7.2	175.0	409.2	60.0	.0	.0	
54.8	45.9	8.1	192.1	312.8	77.0	.0	.0	
53.4	45.8	7.6	96.3	349.7	65.0	.0	.0	
69.0	59.9	11.6	238.8	235.4	75.0	.0	.0	
61.8	52.2	7.6	164.2	439.9	28.0	.0	.0	
60.4	52.9	9.5	58.3	442.3	8.0	.0	.0	
71.3	60.2	8.2	127.5	355.2	76.0	.0	.0	
74.2	60.8	9.2	164.6	426.7	18.0	.0	.0	
73.4	61.4	6.6	202.5	323.7	67.0	.0	.0	
63.3	59.3	7.2	72.9	181.7	98.0	10.0	.0	
61.2	57.8	6.2	64.6	160.3	98.0	80.0	.0	
60.6	51.5	10.6	66.7	321.0	64.0	4.0	.0	
  10    31    1973
62.6	57.9	7.2	82.5	184.9	83.0	.0	.0	
64.0	58.9	7.8	194.2	224.1	84.0	51.0	.0	
62.3	55.7	5.6	205.8	358.5	50.0	.0	.0	
65.2	60.3	8.6	214.2	246.8	98.0	98.0	.0	
53.1	41.8	7.0	239.6	429.6	5.0	.0	.0	
52.5	42.4	4.3	72.5	308.3	69.0	.0	.0	
60.1	51.4	6.1	113.3	202.9	84.0	2.0	.0	
60.4	55.7	3.2	87.1	300.5	44.0	.0	.0	
62.7	59.8	4.6	71.3	218.1	83.0	.0	.0	
64.5	58.1	5.4	127.9	321.8	58.0	.0	.0	
62.5	53.6	5.5	99.2	378.5	29.0	.0	.0	
66.3	57.3	8.5	200.0	255.7	80.0	.0	.0	
63.4	57.0	11.7	203.8	124.5	69.0	13.0	.0	
59.2	42.2	11.0	247.1	360.0	2.0	.0	.0	
59.8	44.7	12.9	270.8	228.4	57.0	.0	.0	
47.7	31.6	13.0	290.8	258.5	48.0	.0	.0	
48.5	29.9	11.1	265.8	300.2	75.0	.0	.0	
47.4	31.7	11.6	262.1	276.6	53.0	.0	.0	
50.6	36.0	9.8	179.6	271.1	51.0	.0	.0	
47.9	39.3	7.3	237.1	265.9	20.0	.0	.0	
44.9	36.5	2.9	55.8	345.9	13.0	.0	.0	
47.3	38.3	2.0	62.5	342.4	16.0	.0	.0	
49.0	39.0	2.7	99.6	327.2	13.0	.0	.0	
55.5	42.2	6.0	120.8	322.1	5.0	.0	.0	
60.4	46.5	11.3	217.5	297.7	9.0	.0	.0	
50.1	41.4	6.6	237.5	285.7	33.0	.0	.0	
49.7	43.5	8.6	82.5	183.1	72.0	12.0	.0	
49.3	45.1	9.5	246.7	149.9	98.0	3.0	.0	
47.1	44.5	12.3	286.7	94.4	98.0	50.0	.0	
48.8	45.6	13.3	315.0	95.8	98.0	3.0	.0	
48.4	44.0	10.0	218.3	130.4	98.0	44.0	.0	
  11    30    1973
45.5	33.9	15.9	250.8	246.7	61.0	.0	.0	
45.8	39.1	9.6	210.4	180.4	79.0	7.0	.0	
39.3	29.5	7.6	271.3	250.5	21.0	.0	.0	
38.4	26.9	5.8	262.5	221.1	78.0	.0	.0	
33.8	21.0	12.1	303.8	171.0	62.0	.0	.0	
31.5	15.6	11.5	260.8	273.6	37.0	.0	.0	
34.4	21.0	7.3	226.7	136.2	93.0	.0	.0	
38.4	22.3	12.7	257.5	145.4	87.0	.0	.0	
28.9	17.2	12.8	279.2	167.4	72.0	.0	5.1	
29.1	17.6	8.4	267.5	161.9	67.0	.0	.0	
33.7	20.1	8.4	181.7	136.6	94.0	.0	.0	
47.0	28.1	11.5	204.6	116.8	98.0	.0	.0	
56.5	39.0	13.7	220.4	150.7	98.0	.0	.0	
57.7	47.7	9.3	210.0	181.7	83.0	.0	.0	
57.1	50.5	13.4	238.8	146.3	89.0	61.0	.0	
33.9	25.4	10.8	296.3	112.8	92.0	.0	.0	
35.1	24.9	7.3	205.8	240.1	48.0	.0	.0	
42.5	35.7	7.1	200.0	103.8	90.0	2.0	.0	
44.9	39.8	6.8	211.7	106.4	84.0	.0	.0	
46.1	40.3	9.3	89.6	156.8	82.0	.0	.0	
52.4	45.1	13.7	179.2	93.4	83.0	14.0	.0	
48.1	37.9	8.9	193.8	162.7	20.0	.0	.0	
46.4	40.2	5.0	168.3	167.7	62.0	.0	.0	
53.3	48.6	15.0	182.9	81.8	95.0	38.0	.0	
42.1	36.6	8.8	174.2	90.5	98.0	50.0	.0	
42.8	38.3	10.0	102.1	107.0	98.0	3.0	.0	
52.0	48.0	7.9	184.2	83.9	98.0	12.0	.0	
42.1	36.7	14.3	250.8	70.7	96.0	138.0	.0	
34.3	22.3	14.3	263.3	123.0	63.0	.0	.0	
39.7	28.2	14.5	272.5	115.0	50.0	.0	.0	
  12    31    1973
31.5	21.4	9.1	160.8	149.2	28.0	.0	.0	
37.9	28.6	11.0	149.2	180.0	36.0	.0	.0	
52.5	41.8	12.3	219.2	165.5	50.0	.0	.0	
53.6	49.8	11.8	158.3	66.8	88.0	31.0	.0	
40.9	32.5	15.9	225.8	73.1	98.0	1.0	.0	
28.1	19.7	14.4	245.0	98.7	98.0	.0	5.1	
31.7	24.8	5.1	239.2	109.7	98.0	.0	.0	
31.5	23.9	5.0	91.3	122.6	60.0	.0	.0	
28.7	23.3	6.9	213.8	166.4	48.0	.0	5.1	
23.9	17.1	14.6	238.3	84.7	98.0	.0	22.9	
18.7	10.6	8.9	216.7	166.9	60.0	.0	.0	
26.4	18.5	5.1	109.6	147.6	41.0	.0	.0	
33.0	30.1	12.7	157.9	72.7	94.0	54.0	.0	
21.3	15.4	11.6	340.8	144.7	90.0	.0	.0	
20.3	13.1	10.1	32.5	112.9	91.0	.0	.0	
17.6	9.9	10.4	162.9	107.9	79.0	.0	.0	
14.4	7.7	13.6	340.0	163.1	45.0	.0	.0	
18.7	7.7	5.9	201.3	90.6	92.0	.0	.0	
23.1	18.5	11.3	79.2	100.8	98.0	.0	116.8	
22.3	17.1	13.0	272.5	120.0	90.0	.0	45.7	
15.1	7.0	12.0	292.1	166.9	47.0	.0	.0	
16.1	7.6	11.1	219.6	127.9	74.0	.0	.0	
26.2	19.5	7.6	175.0	101.5	95.0	.0	.0	
29.0	24.3	10.8	76.3	89.2	96.0	.0	.0	
39.0	34.9	12.6	164.6	73.0	97.0	63.0	.0	
31.3	28.4	9.3	63.8	87.5	77.0	.0	147.3	
33.0	28.8	12.9	229.6	96.2	98.0	.0	.0	
32.0	23.6	12.3	195.8	92.6	94.0	.0	.0	
29.6	23.8	10.8	249.6	86.0	64.0	.0	35.6	
17.0	9.1	9.5	210.0	141.2	74.0	.0	12.7	
17.8	11.1	10.0	302.5	167.2	90.0	.0	35.6	
