   1    31    1979
52.9	54.4	8.0	187.1	100.8	98.0	36.0	.0	
42.9	36.0	11.1	230.6	110.6	83.0	112.0	.0	
12.8	-5.9	9.8	275.9	267.2	2.0	.0	.0	
23.6	8.7	8.8	257.6	262.7	2.0	.0	.0	
28.9	20.5	3.4	125.9	107.9	94.0	.0	33.0	
32.2	31.4	3.3	121.8	109.5	85.0	26.0	.0	
37.3	37.0	2.0	16.5	104.0	98.0	43.0	.0	
36.1	21.9	10.7	291.2	201.8	38.0	18.0	.0	
22.1	3.5	6.1	232.9	259.7	2.0	.0	.0	
27.6	15.4	5.8	197.6	194.1	53.0	.0	.0	
24.7	11.6	9.1	56.5	106.1	91.0	.0	.0	
23.1	20.2	9.2	34.7	119.2	98.0	.0	12.7	
33.9	34.6	8.1	27.1	76.8	98.0	56.0	.0	
35.1	23.7	14.4	252.4	208.7	47.0	.0	.0	
25.9	2.6	6.9	211.8	262.1	17.0	.0	.0	
35.1	15.6	6.9	203.5	217.6	73.0	.0	.0	
39.1	29.0	5.5	143.5	110.9	77.0	2.0	.0	
38.4	8.6	11.8	304.1	280.0	7.0	.0	.0	
20.3	11.5	3.6	108.2	115.5	92.0	.0	12.7	
30.4	29.9	3.0	69.4	88.8	98.0	.0	373.4	
36.5	36.2	10.0	207.6	119.0	98.0	96.0	.0	
33.9	18.6	12.5	278.8	260.0	22.0	.0	.0	
31.0	21.2	5.0	85.9	245.0	81.0	.0	.0	
37.2	34.2	11.8	165.3	181.7	70.0	79.0	.0	
30.0	14.9	14.9	267.1	276.9	17.0	.0	.0	
32.5	18.1	10.9	307.1	309.6	4.0	.0	.0	
36.1	25.6	5.4	177.1	265.9	54.0	18.0	.0	
33.2	20.9	14.1	286.5	242.5	62.0	4.0	.0	
34.7	19.6	13.8	294.7	317.6	3.0	.0	.0	
31.4	15.5	9.9	288.2	318.2	2.0	.0	.0	
29.2	16.1	9.8	234.1	204.0	62.0	.0	12.7	
   2    28    1979
24.9	4.1	16.3	304.1	327.9	2.0	.0	.0	
26.6	5.5	8.0	255.3	334.5	2.0	.0	.0	
27.8	25.3	3.7	158.8	128.5	97.0	.0	15.2	
36.1	19.6	10.4	263.5	283.2	47.0	.0	.0	
23.7	-8.3	12.7	278.8	280.7	47.0	.0	.0	
22.8	-.3	3.7	134.3	159.6	93.0	.0	12.7	
22.6	19.5	9.5	93.3	217.4	88.0	.0	180.3	
30.0	12.0	8.2	227.6	286.6	51.0	.0	.0	
20.9	2.0	11.8	152.9	301.4	47.0	.0	17.8	
17.7	-3.6	11.4	291.8	361.9	26.0	.0	.0	
13.8	-3.1	2.7	74.7	263.4	70.0	.0	.0	
19.2	15.3	3.8	140.6	177.9	98.0	.0	7.6	
20.9	10.1	4.0	75.3	296.6	62.0	.0	.0	
20.6	9.7	5.0	114.7	200.6	98.0	.0	.0	
28.2	22.5	7.1	53.5	215.4	94.0	.0	.0	
32.8	25.9	7.2	167.1	193.5	85.0	.0	.0	
14.9	-6.8	11.6	54.1	361.9	56.0	.0	.0	
7.7	-.6	13.8	51.0	206.7	98.0	.0	177.8	
26.3	17.9	6.8	237.8	401.2	16.0	.0	30.5	
31.8	22.2	6.1	191.2	407.5	47.0	.0	.0	
38.5	38.9	7.2	180.6	217.2	77.0	15.0	.0	
47.9	38.7	4.8	101.2	327.4	84.0	.0	.0	
38.8	37.5	9.3	34.7	133.5	98.0	26.0	.0	
39.8	40.4	7.9	26.2	113.8	98.0	187.0	.0	
40.4	39.6	17.1	60.5	134.0	98.0	87.0	.0	
35.9	34.9	7.7	157.8	134.0	96.0	10.0	.0	
37.7	27.7	9.4	292.9	427.0	6.0	.0	.0	
42.1	26.5	2.4	65.9	399.4	36.0	.0	.0	
   3    31    1979
44.1	38.0	5.9	208.8	184.3	85.0	.0	.0	
50.2	39.1	3.1	74.1	416.2	26.0	.0	.0	
46.1	38.5	9.1	72.9	218.2	96.0	.0	.0	
48.0	46.0	8.4	50.6	155.4	98.0	7.0	.0	
59.3	58.7	12.0	170.0	144.6	98.0	174.0	.0	
48.9	36.2	5.2	202.4	224.1	67.0	.0	.0	
45.1	34.3	3.5	120.6	401.4	53.0	.0	.0	
41.7	39.7	5.4	20.6	119.4	98.0	32.0	.0	
47.7	37.9	5.3	130.0	432.6	8.0	.0	.0	
51.9	39.8	12.1	224.7	308.4	96.0	13.0	.0	
34.3	15.5	13.0	287.1	435.3	26.0	11.0	.0	
40.2	17.2	9.0	249.4	478.0	2.0	.0	.0	
49.4	32.2	12.0	149.4	436.4	37.0	.0	.0	
50.1	35.6	14.3	252.9	299.0	45.0	9.0	.0	
32.8	6.3	10.4	297.1	509.7	2.0	.0	.0	
35.5	10.1	6.3	228.2	522.4	2.0	.0	.0	
47.2	19.2	4.8	175.6	513.0	21.0	.0	.0	
53.8	35.7	6.4	197.1	405.2	37.0	.0	.0	
53.5	39.6	5.5	125.3	415.2	77.0	3.0	.0	
54.1	30.8	4.6	67.1	518.7	17.0	.0	.0	
55.3	26.2	5.6	85.9	534.3	18.0	.0	.0	
54.5	37.5	5.6	147.1	453.5	67.0	.0	.0	
55.5	47.6	10.1	146.5	291.0	80.0	63.0	.0	
53.1	51.3	11.1	181.2	183.8	87.0	66.0	.0	
43.3	32.2	8.3	245.9	266.3	71.0	.0	.0	
39.7	23.9	11.6	284.1	540.8	6.0	.0	.0	
41.0	31.2	5.9	175.3	309.1	71.0	.0	.0	
45.6	32.0	6.9	160.6	474.9	33.0	.0	.0	
62.8	49.5	11.1	204.7	444.3	74.0	.0	.0	
67.1	51.4	10.6	219.4	493.9	61.0	.0	.0	
70.5	51.8	9.7	237.6	473.5	56.0	.0	.0	
   4    30    1979
68.9	57.1	5.3	166.5	320.5	84.0	.0	.0	
64.9	56.1	9.7	174.4	248.8	96.0	.0	.0	
55.1	53.0	8.8	144.1	144.1	98.0	76.0	.0	
45.5	46.2	8.2	46.5	223.2	98.0	46.0	.0	
51.2	33.6	10.1	284.1	554.6	12.0	.0	.0	
47.8	13.8	16.6	277.6	599.5	8.0	.0	.0	
47.0	14.0	8.9	251.8	603.6	26.0	.0	.0	
58.3	34.6	9.5	137.6	539.4	56.0	.0	.0	
52.4	43.9	13.5	255.9	252.0	79.0	29.0	.0	
47.4	24.9	5.5	235.3	571.9	34.0	.0	.0	
54.6	39.5	7.2	110.6	491.7	67.0	.0	.0	
64.7	57.8	10.1	205.9	306.9	88.0	.0	.0	
52.4	50.3	14.8	37.8	194.8	98.0	84.0	.0	
53.3	37.9	7.7	199.4	508.3	38.0	1.0	.0	
53.9	33.7	13.0	306.5	437.7	54.0	.0	.0	
49.9	32.4	10.6	282.9	425.0	57.0	.0	.0	
51.4	31.0	7.7	220.6	465.2	29.0	.0	.0	
55.4	25.5	7.7	294.7	633.9	2.0	.0	.0	
58.9	26.2	6.6	205.3	622.8	9.0	.0	.0	
57.1	27.4	6.2	111.2	606.3	2.0	.0	.0	
60.3	42.9	6.6	129.4	606.8	36.0	.0	.0	
66.6	54.5	3.6	115.3	419.8	79.0	.0	.0	
66.9	56.8	6.7	118.2	281.4	98.0	14.0	.0	
65.0	60.2	5.9	133.5	305.8	94.0	13.0	.0	
65.1	55.8	6.5	147.6	302.6	94.0	.0	.0	
62.2	62.0	8.5	107.6	196.5	97.0	62.0	.0	
62.7	51.3	9.3	211.8	505.2	38.0	1.0	.0	
54.8	42.7	7.5	201.8	450.6	46.0	.0	.0	
52.1	33.6	4.1	169.4	578.3	31.0	.0	.0	
58.0	40.6	7.0	137.1	625.4	17.0	.0	.0	
   5    31    1979
59.6	34.3	5.0	148.8	680.3	3.0	.0	.0	
62.0	43.3	6.4	118.2	636.3	10.0	.0	.0	
63.0	58.1	11.0	214.7	289.7	91.0	1.0	.0	
64.8	63.1	8.3	205.9	295.1	97.0	36.0	.0	
56.3	42.8	6.3	125.3	630.5	43.0	.0	.0	
60.1	54.0	6.5	131.8	498.1	59.0	.0	.0	
66.8	58.4	6.5	139.4	582.4	38.0	.0	.0	
70.8	62.3	6.5	137.6	567.4	61.0	.0	.0	
70.6	64.1	7.3	195.9	362.3	92.0	.0	.0	
70.8	65.6	4.6	156.5	430.0	78.0	.0	.0	
68.0	64.5	2.7	68.8	405.1	64.0	59.0	.0	
70.8	65.4	4.9	100.0	466.6	53.0	1.0	.0	
65.7	63.3	6.2	200.6	283.8	94.0	11.0	.0	
60.6	56.8	4.3	97.6	322.4	89.0	15.0	.0	
61.9	51.9	2.9	98.8	655.5	42.0	29.0	.0	
62.0	43.1	4.9	134.7	641.8	7.0	.0	.0	
58.7	37.1	7.4	56.5	693.0	2.0	.0	.0	
61.2	43.6	4.6	147.6	575.3	72.0	.0	.0	
58.9	55.3	9.1	87.6	311.9	86.0	29.0	.0	
63.3	54.8	4.1	57.1	555.4	48.0	.0	.0	
62.3	59.3	4.1	122.9	277.0	87.0	.0	.0	
64.5	57.2	6.6	47.6	334.5	93.0	.0	.0	
67.9	63.3	7.4	167.2	394.7	94.0	2.0	.0	
64.4	63.3	8.8	237.6	269.5	96.0	94.0	.0	
56.8	44.2	10.4	253.5	580.9	34.0	.0	.0	
52.1	38.2	11.3	255.9	535.8	52.0	.0	.0	
59.1	47.2	11.2	215.9	369.9	95.0	.0	.0	
63.4	55.2	8.4	213.5	490.7	66.0	.0	.0	
67.6	49.9	5.8	191.8	670.8	22.0	.0	.0	
68.1	50.5	4.7	125.9	637.3	60.0	.0	.0	
69.6	66.6	5.3	175.3	286.0	98.0	33.0	.0	
   6    30    1979
74.3	65.7	8.9	254.7	610.4	44.0	.0	.0	
75.1	63.5	4.4	163.5	627.0	34.0	.0	.0	
64.4	63.7	9.8	70.6	186.2	98.0	202.0	.0	
66.3	57.4	8.5	132.9	465.2	53.0	.0	.0	
70.8	54.4	4.8	172.9	664.7	27.0	.0	.0	
72.7	61.6	6.3	192.9	639.6	41.0	.0	.0	
72.8	66.8	8.7	211.2	575.2	72.0	.0	.0	
73.2	64.9	8.7	169.4	443.2	77.0	.0	.0	
74.7	70.2	6.8	201.2	554.0	68.0	21.0	.0	
73.8	73.1	3.8	110.6	443.0	88.0	1.0	.0	
66.9	50.2	10.7	284.7	649.2	27.0	1.0	.0	
65.3	47.8	6.4	220.0	669.1	8.0	.0	.0	
67.5	48.6	4.9	112.4	688.4	31.0	.0	.0	
66.5	46.8	7.1	70.0	696.8	6.0	.0	.0	
66.7	45.6	3.3	107.6	685.0	28.0	.0	.0	
64.5	58.5	5.9	70.6	297.7	98.0	116.0	.0	
61.9	60.8	7.4	143.5	295.3	98.0	29.0	.0	
75.0	63.7	9.3	241.2	616.3	52.0	2.0	.0	
68.7	59.6	5.4	115.3	386.0	89.0	6.0	.0	
68.5	53.0	6.0	172.9	536.4	69.0	.0	.0	
63.0	55.9	8.7	187.1	280.1	96.0	7.0	.0	
73.4	63.9	7.4	227.6	616.0	57.0	1.0	.0	
77.1	61.6	9.7	260.0	588.1	56.0	.0	.0	
63.7	60.6	8.5	72.4	236.4	98.0	113.0	.0	
62.2	47.8	8.0	110.6	684.9	8.0	.0	.0	
64.0	48.7	6.6	78.8	690.5	25.0	.0	.0	
66.2	52.3	4.3	171.8	633.8	38.0	.0	.0	
70.9	58.4	3.9	136.5	687.9	26.0	.0	.0	
71.0	62.9	5.5	142.9	386.5	98.0	7.0	.0	
70.1	64.4	7.3	213.7	385.4	87.0	22.0	.0	
   7    31    1979
70.2	59.9	7.3	178.2	637.7	39.0	2.0	.0	
72.7	55.4	10.6	271.8	659.1	17.0	.0	.0	
73.2	55.5	5.7	217.1	704.9	18.0	.0	.0	
68.4	65.1	5.8	168.2	268.9	86.0	11.0	.0	
66.4	46.2	5.6	179.4	676.1	44.0	.0	.0	
65.9	49.7	4.8	144.1	643.8	27.0	.0	.0	
68.3	55.6	5.9	150.7	539.3	81.0	.0	.0	
69.8	56.2	3.9	114.7	570.2	59.0	.0	.0	
68.3	61.8	4.7	117.6	364.8	94.0	4.0	.0	
69.1	64.3	3.9	142.4	340.5	95.0	25.0	.0	
74.3	63.7	3.2	66.5	567.4	84.0	.0	.0	
76.7	71.1	6.8	230.0	377.1	77.0	.0	.0	
80.1	69.8	7.2	227.1	565.1	57.0	.0	.0	
76.3	68.9	6.5	246.5	361.0	74.0	.0	.0	
78.5	70.2	5.2	202.9	549.4	57.0	7.0	.0	
76.2	73.8	5.7	115.3	370.0	77.0	9.0	.0	
79.0	70.0	5.6	73.8	591.6	46.0	.0	.0	
76.2	70.1	5.9	134.1	541.0	82.0	255.0	.0	
75.2	70.0	6.7	118.8	444.3	87.0	.0	.0	
73.0	71.6	3.2	149.4	228.4	96.0	5.0	.0	
72.3	67.8	5.1	117.6	355.4	93.0	25.0	.0	
73.4	71.2	5.3	166.5	296.5	91.0	4.0	.0	
74.3	71.9	7.2	205.9	489.3	73.0	93.0	.0	
75.4	72.1	7.8	200.6	502.0	83.0	1.0	.0	
76.4	72.4	9.3	203.5	467.0	84.0	1.0	.0	
75.1	73.0	8.8	221.2	288.6	97.0	5.0	.0	
75.8	72.3	6.7	218.8	366.4	82.0	1.0	.0	
78.9	70.7	4.9	157.1	546.9	63.0	.0	.0	
76.6	70.6	6.3	225.9	359.8	84.0	2.0	.0	
76.4	68.3	6.9	155.9	515.2	61.0	.0	.0	
79.2	67.2	3.1	70.6	656.9	12.0	.0	.0	
   8    31    1979
81.3	72.0	3.8	149.4	610.4	14.0	.0	.0	
78.6	71.0	5.8	177.8	538.8	68.0	114.0	.0	
78.0	67.9	4.6	192.9	608.8	51.0	.0	.0	
76.9	65.7	4.8	167.1	581.0	18.0	.0	.0	
76.9	65.1	5.8	266.5	621.7	31.0	.0	.0	
78.6	67.8	6.2	234.7	557.2	22.0	.0	.0	
78.8	67.9	5.1	154.7	612.7	6.0	.0	.0	
80.1	71.4	6.6	244.7	622.7	29.0	.0	.0	
80.0	70.0	3.7	161.8	513.0	77.0	.0	.0	
82.6	70.2	8.3	235.3	625.7	9.0	.0	.0	
74.5	71.3	7.2	204.7	459.9	60.0	109.0	.0	
61.8	58.9	11.9	71.2	246.9	93.0	31.0	.0	
65.1	53.1	4.8	212.4	563.5	32.0	.0	.0	
70.9	59.7	9.2	225.9	605.5	26.0	.0	.0	
70.7	49.8	7.5	282.4	599.8	35.0	.0	.0	
64.3	47.6	6.0	182.4	621.3	27.0	.0	.0	
66.1	53.0	4.9	133.5	567.9	14.0	.0	.0	
70.5	63.4	9.0	202.4	433.4	71.0	.0	.0	
75.8	68.9	6.0	226.5	442.5	57.0	22.0	.0	
74.5	69.4	5.6	158.8	473.4	84.0	50.0	.0	
71.5	69.1	4.9	121.8	322.0	89.0	.0	.0	
70.4	64.4	7.9	68.8	285.3	96.0	.0	.0	
73.7	69.6	6.2	128.7	315.9	94.0	12.0	.0	
74.3	71.9	5.5	167.6	358.6	68.0	1.0	.0	
75.1	72.2	6.6	168.8	423.3	71.0	.0	.0	
77.9	70.9	6.2	190.6	520.4	43.0	.0	.0	
75.5	72.1	7.0	195.3	365.4	54.0	3.0	.0	
75.9	71.1	4.9	184.7	431.2	76.0	.0	.0	
74.4	70.3	6.1	182.4	320.4	88.0	.0	.0	
76.4	66.8	5.1	191.8	521.3	32.0	.0	.0	
77.0	66.4	8.1	47.6	545.9	64.0	.0	.0	
   9    30    1979
73.7	70.8	6.0	51.2	281.6	95.0	40.0	.0	
76.3	71.3	6.4	163.5	377.0	65.0	.0	.0	
74.7	71.0	5.4	214.7	293.1	88.0	4.0	.0	
75.8	70.8	5.9	85.9	392.8	94.0	3.0	.0	
72.4	71.2	14.5	109.5	154.9	98.0	253.0	.0	
77.7	68.5	10.1	255.3	540.5	9.0	.0	.0	
74.7	65.7	4.8	219.4	528.3	16.0	.0	.0	
65.8	53.9	7.7	97.6	425.4	44.0	.0	.0	
62.1	49.7	7.8	32.4	502.1	23.0	.0	.0	
64.2	55.8	4.1	125.3	414.3	41.0	.0	.0	
69.5	60.7	3.9	37.1	543.1	2.0	.0	.0	
70.2	66.1	9.6	54.7	317.8	65.0	.0	.0	
68.1	66.0	10.1	59.5	206.5	98.0	36.0	.0	
74.5	65.6	13.0	210.0	332.1	56.0	9.0	.0	
64.3	49.7	4.8	238.8	424.3	43.0	.0	.0	
62.9	48.1	6.2	58.2	429.6	59.0	.0	.0	
61.3	47.8	4.5	103.5	542.0	2.0	.0	.0	
63.7	54.0	3.5	141.2	488.5	5.0	.0	.0	
68.6	52.5	7.1	281.8	507.4	8.0	.0	.0	
62.0	51.6	6.0	76.5	320.7	96.0	.0	.0	
67.1	66.5	8.4	190.0	144.6	98.0	360.0	.0	
68.4	66.8	7.5	35.3	205.2	98.0	36.0	.0	
60.5	52.5	13.4	35.9	227.9	98.0	.0	.0	
57.8	48.6	12.6	34.7	219.2	94.0	.0	.0	
61.3	54.8	6.0	94.7	247.1	94.0	.0	.0	
64.6	56.9	6.5	87.6	237.9	92.0	.0	.0	
66.1	58.4	7.1	36.5	217.0	98.0	2.0	.0	
64.1	61.5	5.9	47.1	171.6	98.0	25.0	.0	
69.8	64.1	2.4	125.9	248.6	98.0	.0	.0	
67.1	64.9	7.5	149.4	131.2	98.0	154.0	.0	
  10    31    1979
69.2	62.7	4.7	213.5	336.3	71.0	53.0	.0	
64.9	60.7	5.7	107.4	255.4	83.0	47.0	.0	
59.7	48.5	9.3	241.2	446.8	6.0	.0	.0	
60.6	54.0	6.1	140.6	330.0	67.0	26.0	.0	
53.7	40.8	9.2	284.1	283.6	54.0	80.0	.0	
52.6	41.2	9.4	177.6	420.2	41.0	.0	.0	
54.9	36.2	11.9	268.8	359.1	32.0	6.0	.0	
54.7	41.0	6.6	191.2	377.5	38.0	12.0	.0	
62.2	54.3	10.9	190.0	315.5	65.0	15.0	.0	
40.9	34.5	8.0	88.2	214.9	73.0	106.0	.0	
44.1	39.8	5.0	152.4	160.9	96.0	.0	.0	
53.8	50.3	8.4	215.9	224.4	71.0	5.0	.0	
51.3	39.2	7.6	284.7	179.8	79.0	5.0	.0	
45.5	29.2	7.4	270.0	407.0	2.0	.0	.0	
46.3	34.7	5.5	144.7	406.1	7.0	.0	.0	
54.5	40.4	4.9	177.1	207.1	72.0	.0	.0	
59.1	46.2	3.9	137.6	409.0	16.0	.0	.0	
60.8	48.1	2.9	112.4	410.5	2.0	.0	.0	
62.6	55.3	5.1	148.2	301.7	38.0	.0	.0	
65.0	58.2	6.1	132.4	349.7	29.0	.0	.0	
68.0	62.1	7.5	207.1	316.1	26.0	.0	.0	
68.8	60.1	9.1	208.8	358.0	3.0	.0	.0	
60.8	56.2	10.1	210.6	164.7	66.0	21.0	.0	
47.1	32.8	8.9	262.4	353.5	16.0	.0	.0	
43.7	30.7	5.1	164.1	375.8	11.0	.0	.0	
43.0	23.5	6.6	246.5	379.3	7.0	.0	.0	
41.2	27.2	3.9	131.8	341.4	18.0	.0	.0	
52.4	45.1	7.7	224.1	198.1	78.0	1.0	.0	
55.9	41.2	3.3	147.1	305.7	56.0	.0	.0	
53.8	45.0	8.6	49.4	321.0	29.0	.0	.0	
53.3	45.7	7.6	79.4	236.7	44.0	.0	.0	
  11    30    1979
58.3	53.8	6.6	108.8	221.6	96.0	.0	.0	
62.8	61.9	7.0	181.1	99.2	98.0	113.0	.0	
50.9	32.8	9.7	266.5	277.2	35.0	2.0	.0	
45.4	27.7	4.8	216.5	339.1	2.0	.0	.0	
44.8	33.8	6.3	75.9	298.7	9.0	.0	.0	
47.4	35.9	6.6	188.8	301.8	11.0	.0	.0	
46.9	30.7	6.6	277.1	290.6	13.0	.0	.0	
44.3	36.0	6.1	161.2	248.9	78.0	.0	.0	
54.2	46.9	6.6	145.3	256.0	89.0	4.0	.0	
57.9	58.9	5.4	227.1	98.5	96.0	54.0	.0	
48.0	45.8	9.7	51.8	96.9	98.0	55.0	.0	
44.5	40.2	9.5	67.1	148.4	98.0	3.0	.0	
47.1	44.2	6.3	304.1	167.6	72.0	7.0	.0	
40.8	23.9	8.6	329.4	200.0	24.0	.0	.0	
41.2	28.6	8.1	209.4	202.2	77.0	.0	.0	
46.0	28.8	8.0	294.1	282.6	22.0	.0	.0	
49.7	33.3	9.5	238.8	301.5	2.0	.0	.0	
54.9	37.0	4.3	194.7	284.4	8.0	.0	.0	
54.2	36.5	4.5	105.9	276.7	17.0	.0	.0	
56.4	45.2	3.3	139.4	277.8	7.0	.0	.0	
58.3	48.7	5.3	87.6	236.0	35.0	.0	.0	
58.2	49.1	8.3	209.4	249.9	31.0	.0	.0	
60.3	58.9	7.5	188.2	113.1	91.0	1.0	.0	
63.9	63.0	9.1	189.4	96.3	95.0	3.0	.0	
64.7	61.7	6.6	125.3	140.9	84.0	1.0	.0	
59.2	45.5	13.4	220.6	200.4	37.0	75.0	.0	
52.9	35.7	6.6	211.3	260.1	31.0	.0	.0	
48.9	36.1	10.7	254.1	184.3	30.0	.0	.0	
31.4	14.1	9.3	271.2	202.2	35.0	.0	.0	
27.1	15.4	6.7	218.8	271.5	2.0	.0	.0	
  12    31    1979
32.9	18.9	6.7	180.0	271.9	2.0	.0	.0	
30.7	9.4	11.8	321.2	259.2	5.0	.0	.0	
29.8	10.4	4.5	185.3	254.6	2.0	.0	.0	
40.9	15.3	10.3	247.1	233.8	34.0	.0	.0	
42.6	21.3	8.9	201.2	260.5	2.0	.0	.0	
43.9	37.8	7.6	198.8	89.1	98.0	13.0	.0	
44.2	29.7	8.3	238.8	252.7	2.0	.0	.0	
41.8	18.8	10.7	288.8	242.4	2.0	.0	.0	
32.9	18.0	5.6	160.6	246.6	4.0	.0	.0	
44.9	27.0	6.7	187.1	259.7	2.0	.0	.0	
48.0	32.9	6.8	190.0	246.4	2.0	.0	.0	
54.6	49.3	8.8	207.6	206.4	29.0	.0	.0	
56.4	55.5	7.7	224.7	74.3	74.0	68.0	.0	
40.0	22.9	5.3	222.4	222.8	36.0	.0	.0	
35.1	21.5	4.8	81.2	250.7	29.0	.0	.0	
41.4	37.4	3.3	115.3	94.0	81.0	2.0	.0	
30.1	4.6	11.9	322.4	258.5	17.0	.0	.0	
27.7	8.4	5.3	186.5	125.9	67.0	.0	.0	
33.3	15.6	5.1	85.0	144.8	44.0	.0	.0	
30.9	28.4	10.9	37.1	96.7	94.0	.0	.0	
33.9	28.9	7.0	63.5	177.6	51.0	.0	.0	
37.6	35.1	2.6	136.5	115.0	98.0	.0	.0	
48.6	44.5	5.0	180.6	159.3	83.0	3.0	.0	
53.0	53.2	7.1	150.6	87.5	98.0	24.0	.0	
44.5	32.4	12.0	264.7	135.5	71.0	3.0	.0	
41.9	25.9	9.2	295.9	252.4	2.0	.0	.0	
37.4	27.0	7.3	195.9	165.6	43.0	.0	.0	
40.4	21.4	6.7	245.3	253.6	2.0	.0	.0	
44.0	21.0	5.8	252.9	198.8	73.0	.0	.0	
46.4	22.0	3.4	123.5	192.0	81.0	.0	.0	
40.5	23.3	8.4	45.3	202.6	71.0	.0	.0	
