   1    31    1983
29.4	16.7	11.1	231.7	186.2	4.0	.0	.0	
31.3	20.6	11.8	267.5	76.2	95.0	.0	.0	
25.3	14.5	13.7	296.3	104.8	75.0	.0	.0	
19.2	6.2	10.3	137.5	199.6	12.0	.0	.0	
31.3	23.0	12.5	202.1	86.5	71.0	.0	.0	
30.5	27.0	6.1	215.8	77.0	79.0	.0	.0	
34.0	25.4	16.0	213.8	94.0	98.0	3.0	.0	
29.2	21.7	12.9	312.5	87.8	90.0	.0	2.5	
26.4	15.6	11.4	113.3	203.3	32.0	.0	.0	
33.5	29.3	20.1	134.2	79.0	98.0	23.0	.0	
39.6	34.4	11.5	237.9	100.1	88.0	5.0	.0	
22.8	16.0	13.5	287.5	82.8	91.0	.0	2.5	
17.0	7.2	7.8	275.0	191.4	53.0	.0	.0	
24.8	14.9	10.5	147.9	88.0	96.0	.0	.0	
26.3	23.2	13.9	102.1	111.2	98.0	.0	266.7	
20.1	15.3	16.6	305.0	129.2	98.0	.0	20.3	
13.8	7.2	12.1	270.4	130.9	71.0	.0	.0	
6.6	.3	16.2	291.3	116.0	90.0	.0	2.5	
5.1	-2.5	15.8	321.3	201.5	69.0	.0	.0	
7.9	-1.5	11.6	322.5	233.3	13.0	.0	.0	
14.1	4.3	5.7	250.4	221.1	34.0	.0	.0	
21.7	11.6	8.4	107.5	149.3	62.0	.0	.0	
33.0	30.7	7.2	127.5	83.7	98.0	78.0	.0	
34.2	29.2	11.7	265.4	139.8	98.0	8.0	.0	
32.7	24.8	13.9	248.8	123.0	98.0	.0	.0	
19.3	9.4	9.1	206.7	216.4	49.0	.0	.0	
20.5	15.3	3.8	52.9	127.9	98.0	.0	12.7	
25.2	17.1	5.9	144.2	189.9	53.0	.0	.0	
28.3	18.9	5.0	168.8	247.5	72.0	.0	.0	
33.0	25.8	11.4	157.1	106.9	98.0	16.0	.0	
33.0	27.8	10.0	267.9	146.3	98.0	2.0	.0	
   2    28    1983
29.9	22.5	8.5	235.0	157.2	93.0	.0	.0	
37.2	31.6	18.7	137.9	86.0	98.0	16.0	.0	
40.5	38.2	8.8	245.8	105.4	98.0	94.0	.0	
22.9	16.5	17.3	282.5	144.4	98.0	.0	.0	
14.4	6.5	12.0	242.5	228.4	62.0	.0	.0	
17.7	10.3	9.8	120.8	133.3	94.0	.0	.0	
23.7	19.8	9.6	196.7	130.6	98.0	.0	91.4	
20.8	15.3	17.0	308.8	176.9	98.0	.0	5.1	
13.5	6.5	13.6	322.9	267.3	44.0	.0	.0	
6.8	-7.0	6.8	206.7	303.3	19.0	.0	.0	
9.3	-6.0	12.0	64.2	142.2	95.0	.0	.0	
15.4	.8	10.9	325.0	285.4	33.0	.0	.0	
19.8	4.7	5.6	177.5	294.0	2.0	.0	.0	
30.4	3.0	6.9	204.2	294.3	45.0	.0	.0	
32.6	24.2	8.6	317.1	136.8	90.0	.0	.0	
35.4	26.9	10.0	170.0	261.0	87.0	.0	.0	
37.4	30.5	11.6	225.0	164.5	98.0	.0	.0	
33.0	25.8	11.6	311.3	151.0	83.0	.0	.0	
35.3	20.8	4.2	117.9	253.4	73.0	.0	.0	
38.6	21.0	7.8	168.3	334.5	7.0	.0	.0	
40.7	26.5	9.5	256.3	252.4	60.0	.0	.0	
38.1	29.9	7.1	191.3	197.2	92.0	.0	.0	
36.2	28.6	11.3	247.9	121.3	98.0	.0	.0	
32.0	22.9	9.9	292.1	242.3	95.0	.0	.0	
27.0	18.3	11.6	150.0	193.6	93.0	.0	.0	
18.8	9.4	13.8	322.9	225.5	52.0	.0	5.1	
29.5	11.5	7.3	251.7	338.6	12.0	.0	.0	
40.6	11.7	8.4	178.8	219.2	89.0	.0	.0	
   3    31    1983
42.4	20.0	8.2	190.8	275.7	96.0	.0	.0	
39.5	25.1	16.4	320.0	321.0	81.0	.0	.0	
37.1	26.8	14.4	315.8	280.8	69.0	.0	.0	
41.6	32.0	7.7	129.6	228.1	94.0	12.0	.0	
43.7	35.6	11.4	113.3	362.2	43.0	2.0	.0	
43.6	34.9	13.7	141.3	168.3	79.0	9.0	.0	
43.8	40.9	13.7	134.2	197.1	98.0	17.0	.0	
36.2	33.1	16.7	131.7	152.0	98.0	12.0	.0	
39.0	35.1	10.5	126.7	193.8	98.0	1.0	.0	
35.5	33.2	7.4	134.6	146.3	98.0	64.0	.0	
32.9	30.2	11.6	237.5	217.7	98.0	20.0	.0	
28.2	22.8	22.4	323.3	243.6	98.0	.0	.0	
34.3	19.2	16.4	306.7	429.8	23.0	.0	.0	
40.3	24.6	8.1	237.5	208.6	66.0	.0	.0	
39.4	29.3	11.0	273.8	205.7	92.0	.0	.0	
38.7	29.6	9.8	163.3	323.5	39.0	.0	.0	
37.6	29.4	13.5	137.9	227.2	72.0	.0	.0	
44.2	38.8	20.3	108.3	140.7	98.0	36.0	.0	
51.4	47.2	16.9	165.4	186.7	98.0	26.0	.0	
37.5	30.0	13.4	267.1	212.3	98.0	3.0	.0	
37.4	33.4	15.2	147.5	143.4	98.0	31.0	.0	
26.3	16.6	17.3	272.5	226.5	97.0	.0	.0	
20.1	8.3	18.5	290.0	270.0	83.0	.0	.0	
20.9	8.7	14.8	307.5	423.5	68.0	.0	.0	
20.5	2.3	15.2	272.1	460.9	39.0	.0	.0	
29.5	6.4	8.4	226.3	433.3	27.0	.0	.0	
34.5	20.7	18.0	137.5	218.5	98.0	20.0	.0	
38.9	35.8	9.1	240.8	185.6	98.0	4.0	.0	
27.1	16.5	18.8	310.4	414.0	50.0	.0	.0	
27.0	8.9	12.0	298.8	463.1	37.0	.0	.0	
33.2	8.0	6.8	100.4	447.8	80.0	.0	.0	
   4    30    1983
37.8	13.3	12.3	272.5	494.5	2.0	.0	.0	
41.1	16.0	13.1	112.9	325.2	80.0	.0	.0	
40.1	34.3	18.9	133.8	236.2	95.0	31.0	.0	
42.9	35.3	10.5	254.2	210.7	98.0	.0	.0	
41.6	29.6	11.2	252.1	296.9	72.0	.0	.0	
43.0	32.8	4.6	131.3	227.1	89.0	.0	.0	
49.4	43.9	12.0	163.8	170.8	98.0	58.0	.0	
46.0	41.2	10.5	308.3	189.7	98.0	1.0	.0	
47.6	33.4	12.7	88.3	467.0	86.0	.0	.0	
41.2	35.5	11.5	150.8	161.2	98.0	91.0	.0	
40.9	37.0	10.7	299.6	221.5	98.0	6.0	.0	
38.5	31.4	12.0	296.3	251.0	85.0	.0	.0	
46.3	29.1	9.5	157.9	532.4	36.0	.0	.0	
45.8	30.3	19.4	152.9	328.2	85.0	.0	.0	
46.2	43.0	14.9	185.8	168.3	98.0	195.0	.0	
34.0	28.9	10.8	329.6	326.7	84.0	74.0	.0	
37.3	24.3	9.5	244.6	606.2	44.0	.0	.0	
32.8	26.4	10.5	303.3	249.1	95.0	7.0	.0	
27.9	23.6	19.0	340.4	321.2	95.0	.0	157.5	
31.7	28.6	16.3	296.3	364.9	98.0	.0	78.7	
35.9	25.6	11.9	241.3	384.9	93.0	3.0	.0	
41.7	26.9	6.9	176.7	590.9	20.0	.0	.0	
47.5	29.6	6.7	87.1	589.9	48.0	.0	.0	
40.8	37.5	16.1	188.3	170.3	98.0	84.0	.0	
33.8	30.9	18.5	326.7	325.3	98.0	29.0	.0	
46.0	30.4	14.0	300.8	600.8	31.0	.0	.0	
56.9	39.4	7.6	222.1	357.8	70.0	.0	.0	
66.1	46.9	9.2	202.1	468.3	53.0	6.0	.0	
56.5	45.8	7.9	210.0	307.7	85.0	47.0	.0	
60.9	55.4	11.0	182.9	249.9	98.0	132.0	.0	
   5    31    1983
58.7	55.3	9.1	152.1	312.5	98.0	56.0	.0	
63.0	56.6	13.1	188.8	265.3	92.0	29.0	.0	
64.1	54.1	12.8	208.3	322.5	98.0	18.0	.0	
49.7	37.3	11.5	280.0	308.8	71.0	10.0	.0	
47.8	34.7	11.5	260.4	403.6	48.0	.0	.0	
49.1	28.1	8.4	256.7	673.0	15.0	.0	.0	
62.1	37.1	15.6	170.4	397.3	87.0	.0	.0	
47.9	41.0	13.5	237.1	182.7	98.0	68.0	.0	
38.6	25.5	14.9	298.3	428.8	72.0	.0	.0	
40.6	23.6	13.0	286.3	366.7	66.0	.0	.0	
45.8	30.7	11.7	279.6	448.2	65.0	.0	.0	
49.0	33.1	11.0	223.3	515.1	33.0	.0	.0	
57.3	39.6	10.4	255.0	691.5	2.0	.0	.0	
64.7	44.2	9.5	163.8	638.9	51.0	.0	.0	
56.2	51.8	11.5	254.6	243.5	98.0	45.0	.0	
42.6	32.8	12.8	271.3	322.9	87.0	.0	.0	
42.2	22.4	10.3	282.9	599.0	12.0	.0	.0	
49.5	22.1	4.8	140.0	644.5	43.0	.0	.0	
52.6	41.5	14.8	162.5	247.4	97.0	17.0	.0	
61.8	52.4	11.7	232.9	389.1	94.0	.0	.0	
61.8	48.0	4.0	126.7	486.0	58.0	.0	.0	
58.5	52.5	10.4	131.7	237.8	79.0	60.0	.0	
63.0	54.8	9.0	216.3	487.9	64.0	20.0	.0	
54.2	44.6	8.8	292.5	338.9	46.0	.0	.0	
57.7	41.1	6.5	193.8	615.4	63.0	.0	.0	
52.7	43.4	9.7	273.3	370.1	91.0	.0	.0	
47.5	34.7	9.1	300.4	429.8	48.0	.0	.0	
52.3	34.8	7.4	233.8	599.3	37.0	.0	.0	
54.2	49.0	11.2	144.6	232.1	98.0	16.0	.0	
64.6	49.8	9.1	203.8	530.3	65.0	2.0	.0	
52.9	46.9	6.8	171.3	343.5	78.0	64.0	.0	
   6    30    1983
53.7	43.1	8.2	265.0	416.8	56.0	.0	.0	
56.8	41.4	8.0	279.6	614.2	55.0	.0	.0	
60.5	43.1	5.8	193.8	509.6	84.0	10.0	.0	
57.7	52.1	9.1	222.9	400.0	69.0	37.0	.0	
63.1	50.7	7.6	215.8	528.4	57.0	.0	.0	
63.6	54.0	9.9	225.0	460.3	80.0	35.0	.0	
60.1	44.7	9.4	289.6	560.3	78.0	.0	.0	
54.9	35.0	9.3	288.3	674.6	17.0	.0	.0	
57.2	35.6	8.8	167.1	710.5	15.0	.0	.0	
62.1	48.0	8.3	187.9	666.8	16.0	12.0	.0	
68.6	50.8	7.7	245.0	692.5	47.0	.0	.0	
73.1	55.0	8.1	290.0	621.8	32.0	.0	.0	
75.2	56.6	7.9	300.8	721.1	7.0	.0	.0	
76.8	59.6	4.8	217.1	669.3	12.0	.0	.0	
77.4	61.5	5.4	207.9	674.3	21.0	.0	.0	
73.5	61.2	6.6	185.0	496.9	46.0	11.0	.0	
69.5	60.0	7.0	180.0	531.7	70.0	90.0	.0	
69.3	61.4	5.3	166.7	490.6	88.0	29.0	.0	
70.9	61.5	4.7	116.7	562.3	79.0	.0	.0	
68.3	58.5	4.7	88.3	334.3	97.0	.0	.0	
71.2	55.8	6.3	102.5	638.3	46.0	.0	.0	
73.2	53.6	5.3	100.0	728.9	38.0	.0	.0	
73.6	54.9	8.4	229.2	676.5	43.0	.0	.0	
71.7	53.6	9.9	300.0	642.5	22.0	.0	.0	
62.7	42.8	11.5	315.8	708.9	20.0	.0	.0	
65.9	47.8	9.2	210.0	616.3	26.0	.0	.0	
74.7	62.0	8.3	220.8	542.3	69.0	34.0	.0	
61.9	59.0	9.3	45.8	218.8	98.0	150.0	.0	
64.7	49.0	6.5	77.9	729.4	15.0	.0	.0	
67.2	50.8	10.8	167.5	693.9	32.0	.0	.0	
   7    31    1983
70.0	59.7	11.5	202.5	398.3	67.0	.0	.0	
78.0	64.7	9.7	268.8	536.6	60.0	.0	.0	
78.6	65.2	6.1	198.8	646.8	39.0	.0	.0	
79.9	66.9	11.3	198.3	599.5	65.0	.0	.0	
70.7	60.3	7.7	272.1	391.5	95.0	1.0	.0	
60.5	46.6	12.0	317.9	392.4	61.0	.0	.0	
63.3	45.5	8.4	305.8	651.9	15.0	.0	.0	
68.0	51.2	8.2	235.8	613.3	48.0	.0	.0	
65.2	49.7	10.9	304.6	535.2	48.0	4.0	.0	
62.5	40.3	10.7	322.5	653.4	11.0	.0	.0	
67.1	47.1	8.0	237.5	541.4	53.0	.0	.0	
77.9	60.2	8.9	259.2	624.9	35.0	.0	.0	
71.1	52.5	12.1	304.6	640.6	8.0	.0	.0	
74.5	53.3	8.4	295.8	690.4	5.0	.0	.0	
80.3	64.2	9.3	242.9	485.4	80.0	10.0	.0	
83.7	63.0	11.8	301.3	601.1	25.0	.0	.0	
73.5	56.9	7.5	299.6	700.3	25.0	.0	.0	
77.7	63.2	8.3	280.8	542.6	58.0	.0	.0	
74.1	61.3	5.4	176.3	343.0	63.0	.0	.0	
73.6	61.9	7.8	258.3	505.4	39.0	.0	.0	
70.8	61.8	12.7	268.8	466.1	46.0	150.0	.0	
65.1	49.3	15.4	315.8	591.5	6.0	.0	.0	
66.1	50.2	8.6	223.8	534.9	67.0	4.0	.0	
68.3	59.5	10.9	275.0	454.0	70.0	39.0	.0	
70.2	55.8	11.4	314.2	560.1	36.0	.0	.0	
71.1	51.0	7.3	287.5	603.8	25.0	.0	.0	
72.2	49.9	5.3	167.5	629.7	23.0	.0	.0	
76.1	58.2	8.5	210.0	582.8	49.0	.0	.0	
74.4	62.8	9.1	212.1	286.1	98.0	1.0	.0	
75.4	66.6	8.2	268.8	320.4	96.0	11.0	.0	
76.2	66.2	7.1	144.2	524.1	98.0	.0	.0	
   8    31    1983
72.6	63.1	9.5	209.6	331.8	84.0	18.0	.0	
69.8	57.7	9.9	279.2	474.0	43.0	.0	.0	
73.3	57.6	5.7	190.0	598.9	38.0	.0	.0	
72.5	64.3	5.9	204.2	272.4	98.0	.0	.0	
74.6	65.2	7.2	182.9	472.7	60.0	66.0	.0	
73.3	65.2	6.5	264.6	362.7	54.0	.0	.0	
75.7	61.8	7.6	283.3	519.6	43.0	.0	.0	
77.3	61.3	11.6	240.0	622.7	12.0	.0	.0	
68.7	56.1	9.6	307.1	526.0	46.0	6.0	.0	
62.7	44.3	7.4	191.7	551.1	55.0	.0	.0	
64.4	58.2	8.6	120.0	239.8	98.0	37.0	.0	
59.9	54.5	10.6	71.3	240.5	98.0	64.0	.0	
60.6	45.8	8.5	82.5	515.0	45.0	.0	.0	
63.6	46.8	6.6	139.6	536.0	28.0	.0	.0	
68.2	50.7	4.2	183.8	557.6	18.0	.0	.0	
70.9	53.6	5.1	185.0	528.0	40.0	.0	.0	
73.7	57.1	7.4	211.3	463.9	68.0	.0	.0	
73.5	65.6	9.7	277.5	426.8	68.0	41.0	.0	
74.7	61.1	7.7	277.1	455.9	68.0	.0	.0	
76.0	56.1	12.2	283.3	527.3	21.0	.0	.0	
65.7	47.2	9.8	302.9	615.8	2.0	.0	.0	
68.2	57.2	11.1	225.8	289.3	90.0	2.0	.0	
68.1	52.6	7.4	141.3	520.0	61.0	1.0	.0	
66.7	48.4	5.5	75.8	587.2	2.0	.0	.0	
71.2	56.5	7.4	181.3	500.5	35.0	.0	.0	
74.5	62.0	9.6	233.8	379.5	55.0	2.0	.0	
76.9	64.6	6.7	240.8	496.3	56.0	.0	.0	
75.6	63.4	5.4	138.8	403.1	67.0	.0	.0	
73.0	58.9	6.5	202.1	471.6	38.0	.0	.0	
68.0	59.0	8.5	233.3	309.6	73.0	64.0	.0	
66.9	59.5	7.8	272.1	265.1	78.0	20.0	.0	
   9    30    1983
67.2	52.3	7.8	300.0	455.7	40.0	.0	.0	
68.0	51.3	6.3	214.2	490.8	31.0	.0	.0	
72.1	53.9	6.2	228.8	534.7	11.0	.0	.0	
71.0	57.0	6.8	215.4	273.3	53.0	.0	.0	
75.2	62.3	9.4	220.4	445.2	47.0	.0	.0	
78.9	62.9	10.8	226.3	422.7	56.0	.0	.0	
71.7	51.2	12.8	281.7	447.9	39.0	.0	.0	
64.4	49.5	8.1	275.4	458.1	16.0	.0	.0	
69.0	50.9	9.1	223.8	506.9	20.0	.0	.0	
77.5	58.4	9.7	256.7	463.5	30.0	4.0	.0	
74.8	60.1	9.8	276.7	425.4	33.0	6.0	.0	
63.4	50.4	6.1	207.5	284.5	52.0	.0	.0	
57.4	44.0	7.6	190.4	249.4	61.0	.0	.0	
54.4	36.9	8.7	141.3	411.2	31.0	.0	.0	
55.9	34.4	5.0	140.0	475.2	32.0	.0	.0	
56.0	38.7	13.7	155.0	225.4	95.0	4.0	.0	
62.1	48.6	11.2	236.3	313.9	75.0	.0	.0	
63.8	49.1	8.5	215.4	313.7	60.0	.0	.0	
75.3	58.1	9.4	215.4	396.5	60.0	2.0	.0	
75.6	56.9	10.8	189.2	459.6	8.0	.0	.0	
62.8	56.5	13.6	229.6	123.4	73.0	135.0	.0	
49.2	39.0	10.6	265.8	279.5	35.0	.0	.0	
46.2	36.5	9.2	248.3	300.1	52.0	2.0	.0	
48.1	35.1	7.1	230.8	371.8	16.0	.0	.0	
52.2	34.5	8.6	178.3	451.9	23.0	.0	.0	
55.7	41.3	7.9	204.2	269.3	70.0	.0	.0	
59.3	50.2	8.1	276.7	395.5	10.0	.0	.0	
59.2	43.6	7.8	62.5	428.8	31.0	.0	.0	
57.0	40.3	7.0	77.5	442.3	2.0	.0	.0	
58.8	44.7	8.5	63.3	311.1	83.0	.0	.0	
  10    31    1983
63.0	58.3	7.0	146.7	169.1	98.0	4.0	.0	
66.0	55.0	7.0	260.0	360.2	40.0	.0	.0	
65.6	51.4	10.6	219.6	378.8	43.0	.0	.0	
64.1	54.7	11.0	212.9	191.8	98.0	23.0	.0	
61.6	56.6	9.8	202.1	166.0	95.0	31.0	.0	
54.9	44.4	10.4	270.0	305.7	32.0	13.0	.0	
51.5	35.8	9.4	236.7	338.7	10.0	.0	.0	
58.4	41.6	10.2	219.2	355.4	55.0	.0	.0	
46.7	39.8	10.5	330.8	176.1	91.0	.0	.0	
45.8	37.6	7.6	108.3	311.9	40.0	.0	.0	
49.7	39.8	15.7	129.6	221.8	70.0	.0	.0	
58.3	52.8	18.4	126.7	115.6	98.0	34.0	.0	
66.6	60.8	13.0	155.0	172.3	98.0	95.0	.0	
50.0	33.2	14.9	235.0	333.1	22.0	.0	.0	
47.4	34.0	13.7	298.3	255.4	45.0	.0	.0	
45.8	32.1	6.5	183.3	316.2	61.0	.0	.0	
52.8	42.5	10.0	211.3	217.7	84.0	.0	.0	
48.2	40.0	6.2	231.3	128.0	94.0	14.0	.0	
43.8	31.8	10.5	306.3	300.2	76.0	.0	.0	
41.7	23.9	8.7	55.8	344.4	32.0	.0	.0	
39.8	22.0	7.2	82.5	337.6	2.0	.0	.0	
40.2	24.8	9.9	147.1	270.4	73.0	.0	.0	
45.2	40.4	10.3	142.9	96.0	98.0	34.0	.0	
48.0	42.2	10.4	97.5	154.1	98.0	2.0	.0	
43.9	33.4	8.8	132.5	211.9	70.0	1.0	.0	
42.7	33.4	11.5	263.8	144.8	92.0	4.0	.0	
38.0	28.8	11.9	280.0	161.9	83.0	6.0	.0	
53.5	32.6	15.6	230.0	307.8	41.0	.0	.0	
39.1	25.3	15.3	307.1	161.2	61.0	.0	.0	
36.1	21.5	5.6	262.1	295.6	20.0	.0	.0	
42.0	21.7	5.2	198.3	296.1	2.0	.0	.0	
  11    30    1983
45.4	32.8	8.9	166.3	294.2	40.0	.0	.0	
51.5	41.5	8.7	189.2	182.9	90.0	5.0	.0	
45.2	40.4	11.4	240.0	92.9	98.0	19.0	.0	
31.0	24.7	7.8	205.0	141.6	95.0	.0	5.1	
33.8	27.0	6.6	181.7	162.1	91.0	7.0	.0	
35.8	32.2	9.0	298.3	107.5	98.0	11.0	.0	
42.4	35.0	7.5	261.3	113.4	71.0	.0	.0	
44.4	33.7	8.8	195.0	202.8	44.0	.0	.0	
52.1	33.8	7.3	190.8	251.6	41.0	.0	.0	
48.0	38.1	10.6	105.0	119.3	77.0	34.0	.0	
42.0	38.3	10.5	187.9	81.0	98.0	24.0	.0	
27.4	22.0	16.9	296.3	141.0	89.0	.0	17.8	
27.2	18.6	7.9	271.7	238.9	56.0	.0	.0	
30.6	21.6	7.0	123.8	110.1	79.0	.0	.0	
36.3	31.1	16.6	124.2	89.3	98.0	19.0	.0	
38.5	33.3	8.4	167.5	116.8	98.0	24.0	.0	
31.3	23.8	16.2	274.6	93.4	98.0	.0	17.8	
33.8	21.8	10.0	206.7	214.4	79.0	.0	.0	
42.0	33.4	5.0	131.3	156.1	89.0	1.0	.0	
52.8	43.5	14.4	151.7	169.1	72.0	28.0	.0	
48.2	32.0	15.4	247.5	217.9	26.0	25.0	.0	
45.9	34.0	9.5	285.8	200.8	21.0	.0	.0	
42.8	35.5	8.5	125.8	151.5	86.0	9.0	.0	
46.0	42.8	11.0	196.7	62.8	97.0	52.0	.0	
31.1	27.4	13.6	292.9	103.9	98.0	.0	83.8	
37.7	29.7	8.5	263.3	167.1	73.0	.0	.0	
36.1	26.4	8.6	267.5	164.3	91.0	.0	.0	
33.5	29.7	14.0	112.9	63.0	98.0	42.0	.0	
37.3	30.4	11.1	227.9	103.9	97.0	8.0	.0	
32.9	20.3	14.7	254.2	81.9	98.0	1.0	.0	
  12    31    1983
28.7	19.7	12.5	260.0	106.0	95.0	.0	2.5	
27.7	20.1	10.5	216.7	79.7	98.0	.0	15.2	
28.3	19.2	9.9	237.5	128.2	68.0	.0	5.1	
31.0	26.5	11.1	121.7	61.1	98.0	.0	106.7	
35.3	32.9	4.9	178.3	100.1	98.0	.0	.0	
39.9	37.2	14.7	167.5	94.0	98.0	46.0	.0	
27.3	17.6	23.3	271.7	117.2	98.0	.0	7.6	
24.4	13.5	10.4	235.8	171.9	73.0	.0	.0	
29.7	24.2	9.8	193.8	80.0	95.0	.0	22.9	
33.3	27.4	9.2	270.4	98.1	98.0	.0	.0	
29.4	22.6	12.9	149.6	96.1	95.0	.0	.0	
33.2	29.7	17.8	114.6	67.1	98.0	103.0	.0	
38.6	36.6	13.5	266.7	54.9	98.0	266.0	.0	
37.0	34.6	10.7	215.0	83.2	98.0	47.0	.0	
42.7	32.3	9.8	224.6	99.2	87.0	.0	.0	
32.3	22.1	12.9	246.3	139.9	69.0	.0	.0	
24.5	14.0	10.7	256.7	87.8	84.0	.0	.0	
23.2	13.2	10.9	227.9	73.6	93.0	.0	.0	
13.0	4.6	14.0	308.3	114.4	73.0	.0	.0	
4.4	-12.1	9.5	309.6	185.5	38.0	.0	.0	
10.2	-5.2	11.2	105.8	136.4	64.0	.0	.0	
31.0	26.9	17.6	189.6	78.7	93.0	.0	63.5	
15.8	4.5	14.1	245.8	159.6	69.0	.0	5.1	
6.3	-2.0	17.1	258.8	87.7	98.0	.0	7.6	
.9	-5.8	15.5	264.2	88.7	86.0	.0	20.3	
1.4	-8.4	12.8	226.7	190.8	15.0	.0	.0	
13.3	2.0	8.8	202.9	124.7	78.0	.0	.0	
25.9	21.6	12.8	169.2	69.7	90.0	.0	116.8	
20.9	11.1	13.9	287.9	105.7	67.0	.0	5.1	
9.5	.1	9.4	255.0	183.2	2.0	.0	.0	
12.8	1.3	8.6	220.8	185.0	2.0	.0	.0	
