   1    31    1974
24.4	20.5	9.5	233.8	132.0	71.0	.0	.0	
15.5	10.1	9.1	223.8	114.3	65.0	.0	2.5	
22.9	18.7	2.0	71.3	106.7	98.0	.0	.0	
20.9	15.4	12.2	260.0	178.6	57.0	.0	.0	
18.2	11.9	6.3	192.5	149.6	62.0	.0	.0	
22.9	17.2	4.6	187.5	98.6	98.0	.0	12.7	
20.1	15.5	14.2	261.3	118.2	67.0	.0	10.2	
12.1	7.5	9.2	205.0	149.9	64.0	.0	2.5	
17.4	15.0	10.1	113.8	113.8	98.0	.0	96.5	
19.9	18.1	9.6	90.0	131.6	98.0	.0	27.9	
21.6	19.5	10.3	175.0	124.6	98.0	.0	25.4	
14.2	11.4	9.1	275.0	140.0	82.0	.0	12.7	
8.3	3.0	10.8	191.3	203.2	15.0	.0	.0	
28.6	18.1	15.4	200.0	143.3	85.0	.0	.0	
33.7	30.1	11.5	152.5	110.1	98.0	6.0	.0	
28.8	26.4	9.8	153.8	122.5	98.0	.0	7.6	
9.8	6.0	10.4	73.8	121.8	90.0	.0	.0	
18.8	11.5	7.2	116.3	93.8	85.0	.0	2.5	
27.4	24.1	7.2	263.8	134.3	62.0	.0	5.1	
28.3	22.5	8.2	106.3	103.8	83.0	.0	33.0	
42.1	36.7	15.0	203.8	109.1	98.0	3.0	.0	
35.8	30.7	10.7	240.0	123.3	98.0	5.0	.0	
41.5	36.1	15.7	232.5	116.1	98.0	3.0	.0	
33.5	24.7	8.9	238.8	146.1	72.0	.0	.0	
36.5	25.3	10.6	231.3	160.7	30.0	.0	.0	
43.7	28.6	7.5	181.3	201.4	55.0	3.0	.0	
47.3	40.2	23.8	245.0	140.7	86.0	2.0	.0	
38.1	32.8	7.7	152.5	119.4	98.0	55.0	.0	
34.5	30.0	6.0	225.0	125.6	89.0	.0	.0	
43.4	31.8	13.7	218.8	223.3	31.0	.0	.0	
39.4	26.6	18.6	246.3	131.4	57.0	4.0	.0	
   2    28    1974
20.6	14.7	10.4	212.5	109.2	91.0	.0	15.2	
14.5	11.3	13.3	77.5	155.1	98.0	.0	35.6	
13.3	9.9	12.0	45.0	154.2	98.0	.0	45.7	
7.1	2.4	10.8	197.5	162.4	82.0	.0	10.2	
7.7	1.4	13.9	280.0	214.3	82.0	.0	.0	
12.5	7.9	8.3	123.8	176.6	98.0	.0	40.6	
19.5	15.9	9.7	243.8	189.2	96.0	.0	55.9	
9.6	6.0	3.0	105.0	223.0	73.0	.0	.0	
13.1	7.8	5.5	221.3	255.4	69.0	.0	.0	
16.9	9.7	12.2	203.8	204.1	70.0	.0	.0	
21.8	16.2	16.4	260.0	179.2	98.0	.0	48.3	
29.4	21.6	7.1	192.5	191.9	98.0	.0	.0	
39.9	29.0	11.8	261.3	262.6	66.0	.0	.0	
12.0	6.1	9.1	146.3	160.5	95.0	.0	.0	
13.2	5.0	3.7	197.5	328.6	30.0	.0	.0	
25.7	14.9	8.1	170.0	181.2	74.0	.0	2.5	
28.4	20.0	14.7	288.8	172.9	93.0	.0	10.2	
25.3	13.2	7.2	241.3	276.3	73.0	.0	2.5	
38.4	30.0	6.1	156.3	129.0	98.0	13.0	.0	
34.2	28.3	14.0	283.8	195.1	95.0	.0	.0	
33.7	22.3	6.5	112.5	210.0	60.0	.0	.0	
45.8	37.2	14.0	192.5	155.4	98.0	80.0	.0	
24.0	14.7	21.6	281.3	191.3	88.0	.0	15.2	
18.7	11.0	7.7	123.8	204.5	80.0	.0	.0	
21.3	14.2	11.5	208.8	171.7	96.0	.0	5.1	
21.4	13.5	12.5	261.3	212.7	51.0	.0	.0	
32.9	15.9	11.2	198.8	268.2	67.0	.0	.0	
44.9	28.8	11.5	206.3	165.5	88.0	.0	.0	
   3    31    1974
36.1	30.8	10.8	240.0	186.8	98.0	4.0	.0	
38.6	32.6	4.8	116.3	191.4	98.0	.0	.0	
53.1	44.1	13.0	146.3	215.8	98.0	.0	.0	
51.2	44.4	9.0	171.3	147.5	98.0	37.0	.0	
44.5	37.7	15.7	241.3	189.9	70.0	26.0	.0	
50.8	33.1	11.5	203.8	331.1	31.0	.0	.0	
52.3	37.8	12.1	273.8	241.2	44.0	.0	.0	
32.2	21.8	9.5	53.8	173.8	78.0	9.0	.0	
36.9	33.8	9.4	192.5	176.3	98.0	6.0	.0	
34.0	22.1	16.7	296.3	371.4	40.0	.0	.0	
32.6	17.2	7.9	276.3	311.2	77.0	.0	.0	
26.2	9.3	13.1	186.3	395.1	46.0	.0	.0	
22.3	6.0	17.6	306.3	425.5	10.0	.0	.0	
26.8	7.4	10.8	287.5	437.8	2.0	.0	.0	
31.2	15.9	5.8	165.0	199.8	83.0	.0	10.2	
35.3	32.3	13.6	192.5	247.9	98.0	21.0	.0	
26.3	21.4	23.9	286.3	213.7	98.0	.0	205.7	
29.2	16.4	16.9	261.3	449.4	44.0	.0	.0	
33.1	26.8	13.3	270.0	254.7	98.0	12.0	.0	
29.5	15.6	8.1	141.3	346.1	78.0	.0	.0	
28.3	23.2	11.5	188.8	248.5	87.0	.0	81.3	
27.8	17.4	13.1	230.0	395.3	53.0	.0	.0	
36.5	23.5	10.1	258.8	250.4	98.0	16.0	.0	
20.3	14.4	16.1	281.3	367.6	71.0	.0	45.7	
15.6	3.6	8.9	208.8	476.6	51.0	.0	.0	
31.5	16.8	15.9	251.3	289.9	93.0	.0	10.2	
26.7	15.6	12.7	252.5	410.5	74.0	.0	.0	
22.7	12.7	12.0	141.3	452.0	96.0	.0	.0	
25.9	16.9	13.8	111.3	253.9	98.0	.0	5.1	
35.6	32.6	11.3	112.5	238.3	98.0	68.0	.0	
35.2	33.0	12.6	226.3	250.4	98.0	21.0	.0	
   4    30    1974
36.1	30.0	9.1	193.8	322.8	95.0	25.0	.0	
46.6	39.2	16.4	203.8	330.9	63.0	17.0	.0	
59.4	40.3	7.9	137.5	415.5	77.0	5.0	.0	
67.0	51.8	17.2	221.3	380.1	70.0	3.0	.0	
42.0	34.2	15.3	257.5	254.1	97.0	1.0	.0	
32.8	24.6	12.6	261.3	377.8	66.0	15.0	.0	
37.4	30.5	12.2	243.8	227.2	76.0	55.0	.0	
27.8	21.0	12.7	83.8	246.2	87.0	.0	.0	
27.8	24.4	14.1	63.8	292.1	98.0	.0	96.5	
32.7	21.2	11.7	278.8	560.4	26.0	.0	.0	
47.0	30.6	7.7	202.5	448.6	68.0	.0	.0	
55.3	38.4	6.5	127.5	263.5	98.0	.0	.0	
60.9	48.6	12.4	216.3	372.8	54.0	2.0	.0	
60.5	47.8	10.3	188.8	311.2	72.0	19.0	.0	
40.6	33.4	24.2	261.3	256.4	96.0	.0	.0	
43.9	30.0	14.6	277.5	504.2	14.0	.0	.0	
50.6	29.3	14.3	245.0	580.0	2.0	.0	.0	
49.4	34.9	9.9	270.0	335.9	63.0	.0	.0	
38.7	18.5	10.0	123.8	608.0	15.0	.0	.0	
45.3	20.8	3.3	120.0	609.5	24.0	.0	.0	
64.4	38.1	9.2	225.0	475.0	72.0	.0	.0	
61.7	52.2	10.7	221.3	240.6	95.0	45.0	.0	
44.8	39.7	15.9	265.0	247.3	89.0	5.0	.0	
38.9	34.8	10.8	240.0	272.7	80.0	18.0	.0	
44.4	30.1	8.9	245.0	535.0	58.0	.0	.0	
50.6	30.5	7.7	260.0	625.5	27.0	.0	.0	
56.8	37.2	6.5	210.0	623.1	13.0	.0	.0	
71.4	49.9	14.7	235.0	393.8	93.0	.0	.0	
68.1	58.8	14.8	248.8	301.9	94.0	3.0	.0	
64.3	53.4	7.1	247.5	488.5	96.0	9.0	.0	
   5    31    1974
49.6	34.4	17.4	291.3	629.6	15.0	.0	.0	
50.4	24.4	8.6	162.5	498.5	88.0	.0	.0	
51.5	44.5	12.2	226.3	278.3	98.0	9.0	.0	
43.2	24.8	12.6	296.3	597.7	33.0	.0	.0	
46.5	26.2	8.2	180.0	465.9	64.0	3.0	.0	
43.7	36.7	15.5	222.5	315.7	98.0	27.0	.0	
39.4	29.6	14.4	278.8	309.9	97.0	1.0	.0	
43.2	32.8	6.5	147.5	387.1	75.0	9.0	.0	
53.2	46.4	11.9	183.8	281.5	98.0	14.0	.0	
45.1	38.0	11.2	233.8	306.9	95.0	1.0	.0	
54.1	40.0	7.4	77.5	585.2	45.0	.0	.0	
55.9	52.1	10.4	208.8	264.3	94.0	86.0	.0	
48.1	40.1	15.9	253.8	312.5	87.0	.0	.0	
69.7	46.4	12.0	188.8	589.5	68.0	.0	.0	
67.2	49.8	16.7	228.8	396.5	56.0	.0	.0	
53.2	43.6	7.1	161.3	445.5	67.0	345.0	.0	
62.7	55.7	10.7	270.0	361.7	82.0	40.0	.0	
58.3	44.0	6.0	197.5	617.3	58.0	.0	.0	
52.3	36.1	8.5	50.0	674.3	29.0	.0	.0	
52.5	36.5	5.6	120.0	671.7	29.0	.0	.0	
63.2	49.0	4.2	131.3	664.2	9.0	.0	.0	
70.3	61.6	10.1	230.0	470.6	67.0	2.0	.0	
66.0	57.3	14.3	257.5	558.1	62.0	32.0	.0	
56.3	49.3	12.2	261.3	475.7	75.0	1.0	.0	
48.7	41.6	12.4	271.3	347.6	83.0	.0	.0	
48.8	43.1	8.6	262.5	339.4	98.0	.0	.0	
49.4	43.3	5.6	280.0	445.8	83.0	.0	.0	
56.3	46.8	6.4	257.5	611.0	61.0	3.0	.0	
56.6	55.7	6.2	218.8	297.3	98.0	45.0	.0	
60.7	53.4	4.1	185.0	467.8	64.0	.0	.0	
65.8	59.3	9.7	152.5	364.5	95.0	44.0	.0	
   6    30    1974
59.3	48.0	10.0	287.5	556.2	94.0	.0	.0	
60.4	49.0	5.4	190.0	677.2	34.0	.0	.0	
62.9	52.2	6.1	233.8	576.9	42.0	.0	.0	
67.9	52.3	4.1	190.0	608.1	45.0	.0	.0	
73.9	57.9	6.3	156.3	678.3	10.0	.0	.0	
71.5	56.4	8.9	175.0	463.0	70.0	.0	.0	
73.0	52.9	11.4	162.5	634.6	75.0	.0	.0	
73.6	63.5	10.1	200.0	397.0	82.0	1.0	.0	
78.6	67.8	6.8	223.8	601.7	74.0	.0	.0	
77.4	67.4	10.5	188.8	442.9	71.0	55.0	.0	
59.7	51.2	14.7	245.0	372.6	73.0	.0	.0	
58.1	47.1	10.8	245.0	513.2	64.0	8.0	.0	
61.9	45.8	10.5	205.0	645.5	41.0	.0	.0	
66.8	53.8	6.2	150.0	573.3	64.0	2.0	.0	
66.1	58.9	12.1	180.0	403.4	98.0	35.0	.0	
62.9	57.0	8.7	180.0	356.0	98.0	21.0	.0	
60.1	53.0	6.8	200.0	463.1	61.0	3.0	.0	
62.1	52.5	9.8	197.5	389.7	74.0	.0	.0	
64.7	60.7	6.1	166.3	312.0	98.0	23.0	.0	
70.2	62.5	6.2	232.5	512.3	85.0	.0	.0	
68.4	63.7	6.6	253.8	341.8	93.0	85.0	.0	
66.3	57.2	9.1	257.5	544.7	74.0	.0	.0	
59.5	51.5	8.4	67.5	431.7	63.0	.0	.0	
62.4	52.2	7.1	211.3	683.5	4.0	.0	.0	
61.3	56.7	6.5	176.3	296.6	83.0	.0	.0	
61.8	56.0	8.1	60.0	471.4	66.0	.0	.0	
61.9	52.5	4.9	80.0	717.0	4.0	.0	.0	
63.8	56.8	8.0	107.5	550.3	62.0	22.0	.0	
61.5	58.3	7.0	186.3	316.9	86.0	4.0	.0	
67.7	61.4	12.7	221.3	300.2	88.0	.0	.0	
   7    31    1974
70.4	57.1	12.4	245.0	664.2	35.0	.0	.0	
75.1	60.0	11.0	220.0	296.0	94.0	19.0	.0	
79.0	70.3	11.9	228.8	427.8	81.0	.0	.0	
83.9	72.1	12.1	232.5	612.8	40.0	.0	.0	
71.1	63.3	10.1	241.3	502.2	66.0	.0	.0	
68.1	57.3	3.5	181.3	672.5	13.0	.0	.0	
74.5	60.8	8.5	258.8	623.8	70.0	.0	.0	
76.9	59.0	8.6	250.0	651.6	50.0	.0	.0	
81.7	67.6	13.4	253.8	641.2	31.0	.0	.0	
75.5	64.0	12.1	286.3	506.8	60.0	.0	.0	
65.6	49.4	10.4	211.3	604.3	38.0	.0	.0	
67.3	52.0	7.0	286.3	649.1	50.0	.0	.0	
72.8	54.3	8.7	255.0	656.0	46.0	.0	.0	
81.1	63.5	10.4	252.5	557.6	84.0	.0	.0	
73.8	63.6	11.6	267.5	495.8	71.0	.0	.0	
66.6	49.5	7.2	272.5	725.8	2.0	.0	.0	
67.5	53.4	6.9	203.8	366.2	74.0	.0	.0	
78.3	61.4	12.0	197.5	400.8	94.0	.0	.0	
75.8	62.9	14.0	295.0	503.2	56.0	.0	.0	
66.4	48.6	10.8	196.3	616.5	28.0	.0	.0	
66.0	48.5	6.0	190.0	660.7	6.0	.0	.0	
69.9	52.2	7.1	163.8	666.1	34.0	.0	.0	
64.8	60.2	7.5	193.8	275.7	98.0	40.0	.0	
65.7	62.0	4.9	155.0	346.4	72.0	22.0	.0	
66.4	60.3	5.5	131.3	452.4	83.0	.0	.0	
68.5	63.6	5.5	177.5	308.9	87.0	82.0	.0	
74.5	65.2	7.8	228.8	576.6	36.0	.0	.0	
76.0	60.3	6.0	237.5	597.4	31.0	.0	.0	
69.5	62.6	7.9	195.0	287.9	74.0	108.0	.0	
67.9	60.3	7.5	246.3	449.4	58.0	11.0	.0	
67.4	58.6	10.3	252.5	476.3	47.0	.0	.0	
   8    31    1974
68.5	59.9	6.5	266.3	462.3	69.0	.0	.0	
74.2	63.0	6.1	178.8	479.3	85.0	3.0	.0	
73.9	68.9	8.7	203.8	325.9	82.0	64.0	.0	
69.6	65.9	9.1	228.8	373.2	85.0	181.0	.0	
66.1	60.2	11.0	260.0	452.6	61.0	12.0	.0	
68.3	58.0	3.6	188.8	597.4	46.0	.0	.0	
69.9	58.4	4.0	180.0	479.3	51.0	.0	.0	
71.2	62.2	4.2	218.8	440.5	77.0	.0	.0	
70.2	61.9	7.0	53.8	564.8	38.0	.0	.0	
68.7	61.4	6.5	143.8	554.1	16.0	.0	.0	
71.8	59.2	7.9	176.3	559.9	49.0	.0	.0	
72.0	63.4	6.7	195.0	258.0	95.0	3.0	.0	
74.9	67.2	7.6	256.3	380.5	76.0	.0	.0	
66.8	58.0	7.8	272.5	452.8	28.0	.0	.0	
66.0	56.1	5.5	143.8	579.1	11.0	.0	.0	
70.9	60.0	5.6	210.0	524.4	39.0	.0	.0	
69.2	65.8	6.7	241.3	314.2	85.0	75.0	.0	
71.4	60.8	6.3	241.3	561.2	28.0	.0	.0	
72.5	64.8	6.5	215.0	451.3	52.0	.0	.0	
73.5	63.5	5.9	182.5	560.4	5.0	.0	.0	
76.2	64.5	5.5	206.3	499.4	28.0	.0	.0	
77.0	62.1	7.2	203.8	549.8	38.0	.0	.0	
76.0	66.1	8.5	232.5	487.2	63.0	.0	.0	
68.3	60.6	9.4	277.5	350.7	74.0	.0	.0	
65.2	56.2	3.7	92.5	468.4	47.0	.0	.0	
72.0	61.1	6.0	193.8	452.1	62.0	.0	.0	
73.4	66.3	11.5	263.8	256.0	98.0	13.0	.0	
66.4	58.3	5.2	198.8	264.6	98.0	.0	.0	
63.6	62.1	4.9	165.0	240.7	98.0	10.0	.0	
66.7	61.5	4.4	155.0	351.7	78.0	.0	.0	
69.4	62.9	10.7	233.8	250.5	83.0	3.0	.0	
   9    30    1974
59.4	54.5	2.0	116.3	242.4	71.0	1.0	.0	
60.0	50.2	6.6	157.5	364.8	89.0	.0	.0	
53.1	50.8	12.4	112.5	239.0	96.0	114.0	.0	
54.8	45.7	6.3	175.0	448.5	47.0	.0	.0	
56.4	47.9	5.5	132.5	465.8	16.0	.0	.0	
57.6	51.3	4.5	100.0	271.9	75.0	.0	.0	
62.2	54.0	4.6	50.0	481.3	51.0	.0	.0	
66.5	58.1	7.9	230.0	259.0	95.0	.0	.0	
67.7	59.8	9.1	228.8	223.7	96.0	.0	.0	
68.1	60.1	6.1	236.3	458.4	80.0	.0	.0	
72.3	65.0	10.0	215.0	394.2	32.0	.0	.0	
72.7	68.4	9.8	218.8	213.0	69.0	19.0	.0	
70.8	64.3	14.0	251.3	267.8	72.0	.0	.0	
54.2	45.9	8.3	266.3	264.7	63.0	.0	.0	
60.6	49.2	13.8	240.0	437.8	47.0	.0	.0	
56.1	45.5	8.8	235.0	412.4	31.0	.0	.0	
60.2	52.5	12.0	242.5	330.9	58.0	75.0	.0	
52.2	49.2	8.1	158.8	235.4	81.0	28.0	.0	
60.6	54.6	6.9	178.8	453.9	33.0	.0	.0	
62.2	57.8	8.9	262.5	224.9	97.0	38.0	.0	
51.7	50.5	5.9	221.3	233.9	76.0	34.0	.0	
43.5	39.4	9.2	263.8	245.5	43.0	2.0	.0	
42.6	32.9	7.0	272.5	285.4	56.0	.0	.0	
47.8	35.3	7.9	188.8	394.7	71.0	.0	.0	
49.9	43.1	9.8	201.3	181.3	86.0	25.0	.0	
56.5	47.9	7.6	212.5	385.3	38.0	1.0	.0	
66.2	54.8	10.1	188.8	442.8	24.0	.0	.0	
69.1	62.2	10.4	188.8	192.2	97.0	9.0	.0	
60.3	56.3	14.5	223.8	196.8	83.0	2.0	.0	
48.1	38.1	12.1	283.8	313.9	58.0	.0	.0	
  10    31    1974
43.0	38.2	8.1	231.3	161.6	85.0	15.0	.0	
37.1	35.2	10.8	296.3	148.8	96.0	39.0	.0	
36.6	29.4	11.9	280.0	229.7	65.0	.0	.0	
44.1	33.5	7.6	228.8	216.4	78.0	.0	.0	
61.0	37.8	8.6	210.0	358.6	43.0	.0	.0	
65.3	44.0	9.5	228.8	325.3	50.0	.0	.0	
47.5	37.4	13.7	273.8	250.4	77.0	.0	.0	
41.3	33.8	4.8	192.5	194.4	87.0	.0	.0	
47.6	38.3	6.9	191.3	204.0	96.0	.0	.0	
51.4	43.2	8.8	290.0	175.9	96.0	.0	.0	
55.6	46.2	3.3	108.8	374.4	44.0	.0	.0	
57.3	50.0	11.0	217.5	154.2	98.0	3.0	.0	
44.9	35.7	10.0	77.5	298.4	74.0	.0	.0	
62.8	54.6	16.4	202.5	163.7	98.0	53.0	.0	
48.3	42.0	9.9	245.0	182.1	98.0	.0	.0	
44.1	37.2	2.9	77.5	193.5	60.0	.0	.0	
46.3	37.6	15.7	243.8	263.0	77.0	4.0	.0	
32.6	19.4	12.6	288.8	325.6	50.0	.0	.0	
29.9	22.4	9.4	272.5	219.5	50.0	.0	.0	
31.1	21.4	11.0	316.3	158.5	85.0	.0	2.5	
35.4	23.3	9.8	258.8	248.9	40.0	.0	.0	
49.2	22.8	13.6	228.8	318.7	24.0	2.0	.0	
49.1	37.1	10.1	251.3	260.6	60.0	1.0	.0	
43.4	28.2	3.6	97.5	290.5	23.0	.0	.0	
51.3	40.2	14.0	268.8	211.3	75.0	10.0	.0	
44.6	35.4	12.7	251.3	275.6	46.0	.0	.0	
40.8	28.9	10.1	146.3	298.6	8.0	.0	.0	
44.0	31.9	5.5	153.8	267.4	51.0	.0	.0	
55.7	42.6	6.1	181.3	155.3	83.0	.0	.0	
58.9	53.6	6.7	213.8	126.9	89.0	6.0	.0	
61.7	56.6	7.7	217.5	169.1	71.0	.0	.0	
  11    30    1974
64.3	57.5	13.7	252.5	119.2	93.0	4.0	.0	
45.3	41.7	9.8	70.0	118.1	98.0	.0	.0	
53.3	47.7	6.5	141.3	167.0	97.0	21.0	.0	
45.4	41.3	8.1	232.5	124.3	98.0	40.0	.0	
44.4	42.0	7.1	118.8	137.7	98.0	18.0	.0	
45.5	41.9	10.7	260.0	141.4	98.0	.0	.0	
40.6	35.5	8.6	295.0	128.5	71.0	.0	.0	
40.3	35.1	6.3	237.5	242.9	3.0	.0	.0	
40.3	36.6	3.3	160.0	113.4	92.0	.0	.0	
40.5	36.7	7.7	102.5	153.3	93.0	.0	.0	
49.4	34.0	7.4	141.3	134.9	98.0	.0	.0	
46.5	41.2	8.6	191.3	96.4	98.0	34.0	.0	
37.6	35.2	12.2	248.8	112.4	86.0	.0	.0	
39.3	32.9	13.7	237.5	115.9	96.0	1.0	.0	
31.6	27.0	12.5	241.3	111.0	83.0	.0	10.2	
37.2	28.0	14.1	246.3	206.9	59.0	.0	.0	
40.4	32.7	10.2	222.5	110.1	82.0	3.0	.0	
42.7	37.5	10.3	238.8	101.4	78.0	.0	.0	
44.3	38.3	7.1	200.0	94.6	80.0	.0	.0	
48.1	45.5	11.8	191.3	100.3	98.0	88.0	.0	
34.0	30.3	18.2	313.8	103.2	98.0	37.0	.0	
28.0	20.0	9.4	277.5	105.9	83.0	.0	.0	
39.0	26.1	9.1	200.0	175.7	52.0	4.0	.0	
47.9	42.7	14.4	223.8	80.9	98.0	44.0	.0	
28.7	26.2	12.4	311.3	103.7	98.0	.0	43.2	
20.3	11.9	13.8	311.3	134.9	66.0	.0	2.5	
24.5	15.6	8.0	152.5	138.8	91.0	.0	.0	
32.5	28.1	7.6	195.0	111.9	94.0	6.0	.0	
29.8	24.4	9.5	298.8	125.9	93.0	.0	2.5	
28.3	20.9	7.8	116.3	157.9	70.0	.0	.0	
  12    31    1974
28.3	22.1	14.8	76.3	71.1	98.0	.0	.0	
31.9	30.7	18.9	83.8	116.6	98.0	.0	190.5	
28.7	24.1	16.4	307.5	140.6	94.0	.0	96.5	
22.6	15.3	11.4	280.0	198.0	37.0	.0	.0	
25.8	19.5	8.4	222.5	93.7	85.0	.0	.0	
31.5	26.4	5.8	192.5	146.1	68.0	.0	.0	
36.6	26.1	8.9	166.3	93.6	90.0	1.0	.0	
41.4	39.8	10.7	197.5	101.5	98.0	12.0	.0	
26.9	20.9	16.4	267.5	138.3	90.0	.0	5.1	
27.1	20.4	16.4	255.0	104.6	98.0	.0	2.5	
33.4	26.7	8.4	202.5	123.1	94.0	.0	.0	
36.7	34.5	7.4	211.3	90.7	98.0	5.0	.0	
36.4	34.5	3.3	163.8	95.4	98.0	1.0	.0	
33.1	31.8	6.3	190.0	93.3	98.0	10.0	.0	
31.3	26.5	10.5	117.5	99.1	98.0	.0	10.2	
35.2	33.0	10.2	156.3	86.4	98.0	60.0	.0	
34.1	32.0	7.9	237.5	89.2	98.0	5.0	.0	
29.5	23.0	16.6	260.0	167.1	76.0	.0	2.5	
29.3	24.0	9.5	190.0	75.1	98.0	.0	22.9	
31.4	28.1	7.1	190.0	95.2	98.0	.0	.0	
28.9	24.0	3.6	168.8	169.0	54.0	.0	.0	
30.5	26.6	6.8	225.0	106.9	87.0	.0	12.7	
38.2	29.3	13.5	206.3	133.2	83.0	.0	.0	
35.3	31.1	6.1	207.5	119.8	89.0	14.0	.0	
30.1	28.6	10.5	252.5	88.1	98.0	.0	81.3	
26.6	21.1	9.3	262.5	120.5	83.0	.0	.0	
30.8	23.0	11.9	236.3	103.7	98.0	.0	.0	
33.8	28.4	11.5	247.5	141.0	84.0	.0	.0	
34.9	31.2	11.6	237.5	97.4	98.0	.0	.0	
34.9	29.6	11.2	268.8	127.5	56.0	2.0	.0	
29.2	25.9	5.8	142.2	80.4	84.0	.0	22.9	
