   1    31    1986
24.9	16.5	13.6	249.2	153.6	83.0	.0	7.6	
30.1	19.8	6.7	165.4	102.2	88.0	.0	.0	
28.2	22.6	10.1	160.4	74.5	98.0	.0	10.2	
23.4	18.3	9.5	171.3	113.0	98.0	.0	.0	
27.7	21.1	15.3	240.8	121.8	90.0	.0	22.9	
19.5	13.4	16.8	262.5	177.4	61.0	.0	35.6	
11.9	7.9	12.0	287.1	124.4	90.0	.0	30.5	
11.0	4.2	12.7	247.9	184.3	73.0	.0	.0	
29.6	7.1	22.0	233.8	177.5	49.0	.0	.0	
30.3	21.3	17.5	266.3	137.7	70.0	.0	.0	
30.7	21.1	10.7	209.6	159.3	83.0	.0	2.5	
37.5	26.4	20.4	232.1	161.3	46.0	3.0	.0	
18.9	14.4	13.2	297.9	113.3	94.0	.0	30.5	
7.0	2.3	8.1	280.4	124.4	90.0	.0	10.2	
7.5	-1.5	8.5	222.9	139.2	78.0	.0	.0	
25.8	15.4	7.0	166.3	120.5	70.0	.0	.0	
42.3	26.8	14.4	203.8	101.3	74.0	.0	.0	
46.6	37.9	9.3	193.8	120.5	94.0	.0	.0	
45.6	43.9	6.1	111.3	68.1	98.0	15.0	.0	
34.9	34.1	17.0	274.6	72.3	98.0	71.0	.0	
32.8	26.7	13.6	222.9	209.0	53.0	.0	.0	
36.8	26.6	18.4	247.9	107.5	93.0	.0	.0	
21.2	10.9	8.9	297.9	138.5	66.0	.0	.0	
20.7	14.4	8.2	121.7	127.5	75.0	.0	.0	
33.6	20.1	14.7	168.8	117.3	98.0	.0	.0	
32.3	27.4	7.6	253.3	115.4	98.0	4.0	.0	
14.5	10.0	14.6	294.2	136.6	98.0	.0	17.8	
8.5	-.8	18.6	266.7	227.0	48.0	.0	2.5	
12.9	5.7	8.3	183.8	112.3	94.0	.0	5.1	
18.2	10.9	12.6	245.0	190.1	87.0	.0	.0	
22.0	14.7	15.2	255.0	165.3	94.0	.0	2.5	
   2    28    1986
24.1	19.5	10.1	153.8	118.9	98.0	.0	177.8	
30.0	26.9	12.6	281.3	137.3	98.0	.0	7.6	
29.6	24.8	5.9	101.7	138.2	98.0	.0	.0	
33.3	28.5	9.5	107.9	98.7	98.0	35.0	.0	
31.4	30.6	7.8	295.0	151.8	98.0	.0	27.9	
18.2	10.8	14.2	97.5	218.9	85.0	.0	.0	
16.9	11.3	12.7	90.8	129.2	98.0	.0	78.7	
23.1	19.2	6.7	190.4	185.5	98.0	.0	17.8	
24.9	18.1	8.7	238.3	185.8	96.0	.0	2.5	
19.5	11.8	11.7	250.8	219.9	82.0	.0	.0	
14.9	7.9	8.4	261.7	204.7	65.0	.0	.0	
14.7	8.2	14.1	245.8	247.8	60.0	.0	.0	
14.7	6.5	17.5	242.9	258.5	52.0	.0	.0	
19.2	11.4	9.2	208.3	139.5	95.0	.0	7.6	
20.1	13.4	12.9	252.5	191.9	80.0	.0	15.2	
21.5	14.8	7.7	171.7	161.6	96.0	.0	7.6	
32.0	29.6	6.5	116.3	132.0	98.0	.0	48.3	
40.8	38.7	3.4	116.7	145.1	98.0	.0	.0	
37.5	37.3	6.2	201.7	119.3	98.0	8.0	.0	
38.7	35.9	7.2	188.8	168.8	98.0	1.0	.0	
29.0	25.3	13.8	161.3	173.9	98.0	.0	86.4	
21.4	15.4	8.5	86.3	260.1	86.0	.0	2.5	
27.3	20.1	14.8	242.1	174.6	98.0	.0	7.6	
25.5	18.5	9.5	262.1	177.5	89.0	.0	5.1	
18.7	9.7	13.4	310.0	343.7	54.0	.0	15.2	
14.5	1.3	8.3	273.8	322.3	45.0	.0	.0	
17.5	8.6	11.0	281.7	353.0	60.0	.0	.0	
19.3	13.2	14.5	261.7	178.8	98.0	.0	5.1	
   3    31    1986
21.8	12.2	14.3	252.9	382.2	33.0	.0	.0	
26.7	19.6	8.4	218.3	175.1	92.0	.0	.0	
29.6	22.6	3.8	98.3	295.6	55.0	.0	.0	
32.1	28.0	6.1	199.2	194.3	90.0	.0	.0	
31.8	26.3	8.8	263.3	219.1	81.0	.0	.0	
28.2	25.6	12.5	167.9	192.4	98.0	.0	88.9	
11.8	5.7	25.7	281.3	267.6	90.0	.0	40.6	
12.8	.3	10.0	236.3	388.8	77.0	.0	.0	
28.5	23.0	7.8	107.9	197.8	98.0	.0	27.9	
49.4	41.8	9.3	182.1	227.8	96.0	27.0	.0	
34.6	28.1	20.2	265.4	229.8	73.0	8.0	.0	
31.6	25.2	8.1	112.1	228.3	73.0	.0	.0	
40.8	38.5	8.8	118.8	162.8	98.0	49.0	.0	
43.4	42.5	6.4	127.9	182.4	98.0	9.0	.0	
39.9	34.6	11.1	251.3	265.9	94.0	5.0	.0	
36.5	31.8	11.5	258.8	172.0	98.0	.0	.0	
35.2	28.0	6.0	237.9	207.4	84.0	.0	.0	
41.3	28.9	9.3	172.1	342.2	76.0	.0	.0	
47.6	38.6	24.4	232.5	343.3	83.0	18.0	.0	
15.3	7.1	15.2	296.7	212.9	90.0	.0	5.1	
16.4	6.9	10.0	260.0	315.4	38.0	.0	.0	
31.7	18.3	10.3	212.9	401.8	20.0	.0	.0	
42.3	22.0	12.8	220.4	279.9	60.0	.0	.0	
32.4	19.2	11.5	224.6	474.9	24.0	.0	.0	
54.0	27.7	11.3	192.5	404.7	88.0	.0	.0	
61.2	37.9	16.1	226.7	366.1	88.0	4.0	.0	
41.8	37.4	11.7	248.3	196.5	98.0	3.0	.0	
48.1	29.8	12.2	237.9	441.2	58.0	.0	.0	
65.7	36.1	14.0	236.3	474.2	51.0	3.0	.0	
65.5	39.6	17.9	242.9	422.1	39.0	.0	.0	
47.2	32.9	6.1	147.1	521.7	18.0	.0	.0	
   4    30    1986
63.3	37.2	12.0	236.7	484.9	39.0	.0	.0	
46.5	31.8	11.4	293.8	542.1	13.0	.0	.0	
46.3	27.2	9.1	77.5	499.4	50.0	.0	.0	
41.8	35.2	8.2	87.1	208.2	81.0	14.0	.0	
42.9	39.3	10.2	93.3	186.0	83.0	103.0	.0	
53.0	46.8	12.6	194.2	257.2	96.0	6.0	.0	
53.1	44.6	12.2	236.7	310.7	89.0	18.0	.0	
44.6	37.5	15.0	256.3	229.1	85.0	2.0	.0	
37.3	33.4	14.8	289.6	196.1	98.0	8.0	.0	
32.0	28.2	13.7	286.3	287.0	97.0	.0	10.2	
33.9	30.2	8.2	260.4	269.5	98.0	4.0	.0	
36.5	29.0	11.4	270.4	290.7	67.0	.0	.0	
41.5	29.2	9.2	261.3	459.3	29.0	.0	.0	
45.9	30.1	7.4	113.8	592.1	29.0	.0	.0	
46.3	39.0	9.3	133.8	176.7	98.0	66.0	.0	
43.6	40.9	11.8	75.4	166.5	98.0	106.0	.0	
48.3	35.8	11.0	97.5	438.8	69.0	10.0	.0	
49.3	34.8	6.1	105.4	608.1	2.0	.0	.0	
57.1	38.0	6.3	172.9	538.1	45.0	.0	.0	
57.2	52.5	7.7	158.8	218.0	98.0	35.0	.0	
48.9	41.8	15.5	245.4	272.0	98.0	2.0	.0	
31.0	23.3	9.8	209.6	297.0	92.0	.0	5.1	
39.0	21.9	12.9	245.8	624.0	17.0	.0	.0	
47.9	24.4	8.0	265.0	589.0	19.0	.0	.0	
55.7	29.5	6.2	159.6	527.0	55.0	.0	.0	
58.6	37.0	7.7	138.8	571.1	32.0	.0	.0	
59.3	51.3	6.6	120.0	624.6	3.0	.0	.0	
68.7	51.0	7.7	103.3	578.9	11.0	.0	.0	
56.6	46.0	15.4	246.3	332.1	76.0	.0	.0	
58.7	40.3	6.3	201.7	430.2	71.0	.0	.0	
   5    31    1986
58.8	43.4	17.6	240.4	297.2	83.0	7.0	.0	
39.3	22.9	19.6	286.3	464.6	63.0	.0	.0	
38.7	20.0	15.7	295.0	489.0	32.0	.0	.0	
48.0	26.8	9.3	237.5	363.3	77.0	.0	.0	
68.4	37.7	18.1	245.8	509.2	73.0	.0	.0	
68.5	55.2	11.8	210.0	382.3	98.0	.0	.0	
63.7	47.9	15.0	269.6	611.2	40.0	.0	.0	
51.4	42.0	10.6	160.0	300.7	65.0	.0	.0	
52.8	40.2	8.6	123.3	554.9	48.0	.0	.0	
54.5	37.3	5.9	210.4	622.7	37.0	.0	.0	
56.7	37.9	9.2	115.8	668.9	13.0	.0	.0	
55.5	39.0	9.1	48.8	651.2	6.0	.0	.0	
59.7	41.5	7.0	123.3	647.8	2.0	.0	.0	
61.2	44.5	10.9	152.9	397.3	68.0	.0	.0	
66.6	54.7	9.0	182.9	471.4	74.0	7.0	.0	
66.0	58.3	11.5	199.2	377.2	85.0	31.0	.0	
68.6	58.1	7.6	196.7	576.8	61.0	.0	.0	
73.0	61.5	8.0	199.2	498.9	71.0	8.0	.0	
54.3	53.1	8.2	59.6	236.9	98.0	18.0	.0	
51.1	49.4	6.5	182.9	299.8	98.0	77.0	.0	
54.3	51.0	2.9	135.0	309.5	98.0	13.0	.0	
54.2	51.9	5.4	252.5	325.0	98.0	3.0	.0	
56.2	49.4	5.4	150.0	321.7	81.0	.0	.0	
58.0	51.1	7.5	271.7	431.2	85.0	.0	.0	
64.3	52.7	5.5	170.8	704.7	8.0	.0	.0	
66.9	52.4	5.5	122.5	606.9	50.0	.0	.0	
66.3	56.8	5.5	187.5	448.4	80.0	.0	.0	
68.9	57.6	8.2	263.3	697.6	33.0	.0	.0	
71.6	57.7	9.7	250.0	687.9	22.0	.0	.0	
73.3	58.0	9.1	253.8	715.3	53.0	.0	.0	
63.7	54.8	8.6	115.0	322.3	91.0	.0	.0	
   6    30    1986
65.6	57.8	13.4	189.6	481.1	82.0	100.0	.0	
49.5	35.2	10.0	272.5	730.6	22.0	.0	.0	
54.3	38.6	5.6	160.8	730.1	16.0	.0	.0	
66.4	48.2	8.6	220.0	694.3	3.0	.0	.0	
57.1	53.8	8.2	99.2	205.8	91.0	64.0	.0	
55.7	51.8	6.1	44.6	349.2	98.0	.0	.0	
69.1	66.2	6.3	140.4	334.7	86.0	7.0	.0	
69.5	59.0	11.2	267.9	590.2	48.0	24.0	.0	
59.8	42.4	6.8	212.5	661.4	29.0	.0	.0	
67.3	53.3	7.2	185.8	574.3	63.0	.0	.0	
65.8	61.2	8.0	188.8	338.2	97.0	7.0	.0	
68.7	65.2	7.0	165.4	293.6	95.0	48.0	.0	
63.7	57.5	10.5	247.9	493.7	62.0	.0	.0	
63.2	47.8	5.8	240.4	726.4	31.0	.0	.0	
66.7	60.0	4.7	165.4	312.2	94.0	8.0	.0	
71.6	62.3	13.8	227.1	518.2	68.0	20.0	.0	
55.0	41.5	11.4	295.4	730.4	8.0	.0	.0	
57.7	44.0	9.2	248.8	692.0	20.0	.0	.0	
59.8	54.9	6.1	205.0	304.5	77.0	37.0	.0	
62.9	53.3	6.7	130.4	647.6	38.0	13.0	.0	
64.7	52.2	5.5	154.2	663.9	34.0	.0	.0	
72.0	60.9	7.2	196.3	558.3	72.0	34.0	.0	
71.5	58.9	10.5	250.4	659.0	40.0	1.0	.0	
60.1	51.3	12.5	251.3	286.0	77.0	4.0	.0	
56.3	41.8	9.7	276.3	664.3	16.0	.0	.0	
64.6	50.9	6.1	195.0	587.5	63.0	.0	.0	
70.5	61.5	8.6	218.8	307.1	85.0	27.0	.0	
72.9	61.5	8.0	249.6	611.7	67.0	.0	.0	
64.5	55.5	8.3	257.9	592.2	34.0	33.0	.0	
61.3	48.6	6.8	282.9	634.1	27.0	.0	.0	
   7    31    1986
63.7	50.7	7.0	171.7	523.9	58.0	23.0	.0	
63.8	55.9	6.9	244.6	447.9	78.0	55.0	.0	
59.3	46.8	10.0	283.8	608.3	38.0	.0	.0	
66.1	50.8	7.7	218.3	593.9	75.0	.0	.0	
77.8	62.9	10.8	233.8	533.3	88.0	.0	.0	
79.0	65.1	8.8	211.7	680.4	52.0	.0	.0	
77.5	70.8	7.3	248.3	552.2	40.0	5.0	.0	
72.2	61.1	6.6	233.8	399.5	53.0	.0	.0	
70.0	57.0	7.4	269.6	498.2	58.0	.0	.0	
65.0	49.5	7.5	247.5	674.1	34.0	.0	.0	
64.5	51.5	5.9	122.1	489.8	88.0	.0	.0	
62.4	60.0	7.0	177.9	316.1	98.0	37.0	.0	
69.7	64.0	8.2	185.8	439.1	77.0	32.0	.0	
65.7	59.1	9.4	262.1	322.8	70.0	1.0	.0	
68.6	56.7	7.0	250.8	678.6	12.0	.0	.0	
68.6	60.8	5.0	149.6	439.5	77.0	.0	.0	
68.8	66.1	4.3	158.3	330.0	85.0	6.0	.0	
73.6	71.3	4.3	139.6	329.1	98.0	30.0	.0	
74.8	71.3	3.4	123.3	355.8	85.0	.0	.0	
75.2	70.7	7.5	219.6	335.7	83.0	30.0	.0	
65.0	55.1	6.7	132.5	495.1	55.0	.0	.0	
64.8	55.5	3.3	145.4	657.8	9.0	.0	.0	
70.7	59.7	4.6	202.9	636.4	15.0	.0	.0	
73.4	66.2	5.1	173.8	560.6	38.0	.0	.0	
78.9	68.9	6.5	194.6	599.4	42.0	.0	.0	
73.8	69.6	6.5	167.9	306.1	98.0	6.0	.0	
70.6	64.9	4.4	95.0	389.3	78.0	.0	.0	
72.5	64.2	4.6	155.0	577.1	37.0	.0	.0	
70.1	65.4	6.5	244.6	281.6	88.0	21.0	.0	
67.1	65.0	6.8	201.7	257.3	98.0	49.0	.0	
66.6	63.4	5.0	191.7	344.5	76.0	18.0	.0	
   8    31    1986
66.4	63.7	5.8	195.8	277.3	80.0	38.0	.0	
68.9	60.9	5.6	194.2	518.6	51.0	.0	.0	
65.8	58.5	6.4	237.1	569.4	35.0	50.0	.0	
66.1	56.9	7.5	235.0	573.6	29.0	.0	.0	
68.8	58.8	6.0	176.7	560.7	45.0	.0	.0	
71.0	62.6	5.4	154.6	404.6	89.0	.0	.0	
68.8	66.3	5.2	146.3	238.9	94.0	50.0	.0	
70.0	65.3	7.1	229.2	350.5	79.0	9.0	.0	
68.1	62.7	9.0	237.9	347.5	46.0	.0	.0	
67.9	63.3	6.7	180.0	294.5	77.0	98.0	.0	
62.8	55.2	9.4	262.1	463.2	53.0	.0	.0	
60.0	50.8	5.0	196.7	499.7	19.0	.0	.0	
63.8	53.9	4.7	115.0	607.4	7.0	.0	.0	
69.0	60.0	5.9	153.3	533.2	59.0	.0	.0	
74.0	64.8	10.7	219.2	300.9	98.0	43.0	.0	
71.3	68.0	5.3	203.8	349.4	71.0	16.0	.0	
71.4	66.5	4.8	176.7	459.1	20.0	1.0	.0	
68.9	63.0	9.4	115.4	377.4	73.0	.0	.0	
68.1	58.3	7.8	50.0	573.7	20.0	.0	.0	
68.9	62.6	4.9	141.7	479.8	59.0	.0	.0	
70.1	64.2	6.4	207.1	336.9	80.0	4.0	.0	
64.0	53.7	7.7	70.4	459.0	77.0	.0	.0	
65.0	59.1	10.1	200.4	245.3	97.0	7.0	.0	
60.1	49.0	13.7	283.3	503.0	46.0	.0	.0	
60.5	50.6	6.0	239.6	475.9	73.0	.0	.0	
68.3	59.2	7.2	167.9	440.4	70.0	10.0	.0	
62.8	54.3	11.7	277.9	268.2	98.0	1.0	.0	
51.7	40.8	9.1	276.3	445.9	58.0	2.0	.0	
52.3	41.1	7.3	240.0	509.1	27.0	.0	.0	
57.1	47.7	5.5	168.8	473.4	20.0	.0	.0	
59.7	49.1	4.5	108.8	534.3	4.0	.0	.0	
   9    30    1986
61.5	52.3	5.1	125.4	493.7	32.0	.0	.0	
63.0	53.4	3.8	101.3	474.2	7.0	.0	.0	
65.5	56.1	4.9	107.1	497.7	23.0	.0	.0	
68.1	60.6	10.1	166.3	242.1	78.0	.0	.0	
66.9	57.8	8.3	230.4	438.2	48.0	17.0	.0	
57.6	48.7	7.1	270.4	439.4	70.0	.0	.0	
53.3	44.4	7.6	262.5	327.2	68.0	.0	.0	
51.7	40.4	7.9	232.1	449.4	9.0	.0	.0	
57.7	46.8	5.9	187.9	420.3	30.0	.0	.0	
63.4	55.5	7.3	186.3	208.4	83.0	.0	.0	
74.2	64.9	9.4	197.5	243.2	98.0	15.0	.0	
63.8	57.2	12.9	249.6	204.5	84.0	13.0	.0	
54.5	48.1	9.1	244.6	335.3	23.0	13.0	.0	
49.2	41.0	6.1	247.5	464.6	31.0	.0	.0	
47.6	46.3	7.3	182.5	149.5	98.0	88.0	.0	
46.8	41.2	8.6	297.5	273.3	72.0	.0	.0	
48.7	41.5	5.1	122.1	474.4	34.0	.0	.0	
54.1	49.5	5.2	158.3	212.5	85.0	1.0	.0	
59.7	56.6	4.7	212.5	248.9	94.0	.0	.0	
58.6	58.0	5.7	120.4	214.6	98.0	10.0	.0	
56.1	49.8	5.4	74.6	315.8	77.0	.0	.0	
58.8	55.8	4.5	146.7	186.0	98.0	.0	.0	
65.4	63.8	5.9	236.3	217.8	98.0	105.0	.0	
62.6	58.1	3.8	169.6	374.2	58.0	.0	.0	
60.8	56.4	2.7	80.8	197.5	81.0	.0	.0	
65.7	63.5	6.6	151.7	201.0	98.0	21.0	.0	
56.6	51.6	7.0	55.8	224.6	98.0	.0	.0	
65.3	62.1	4.5	148.8	239.7	90.0	.0	.0	
68.8	66.9	5.9	181.7	162.9	95.0	157.0	.0	
71.4	67.2	8.2	239.6	156.8	97.0	71.0	.0	
  10    31    1986
59.9	54.2	6.9	195.8	230.4	92.0	.0	.0	
57.4	54.2	6.0	153.8	218.5	77.0	5.0	.0	
58.9	58.0	5.0	162.9	103.9	95.0	67.0	.0	
55.7	54.2	6.5	186.7	172.1	98.0	27.0	.0	
51.0	44.6	8.7	269.6	212.9	83.0	16.0	.0	
42.9	34.3	14.2	275.4	305.1	52.0	2.0	.0	
48.2	37.4	8.2	217.1	352.8	35.0	.0	.0	
55.9	43.0	9.2	191.7	172.0	64.0	.0	.0	
46.3	39.1	9.0	233.3	175.7	86.0	6.0	.0	
39.3	27.1	7.9	75.8	354.2	20.0	.0	.0	
47.3	33.1	9.3	157.1	328.1	9.0	.0	.0	
56.0	45.7	7.9	175.0	267.9	66.0	.0	.0	
58.1	56.8	6.6	189.2	159.3	94.0	103.0	.0	
53.8	48.5	14.5	217.1	166.4	95.0	23.0	.0	
44.8	36.6	10.9	244.6	249.4	68.0	.0	.0	
44.8	39.2	6.4	219.2	157.2	98.0	5.0	.0	
43.5	41.5	8.3	61.3	129.7	96.0	22.0	.0	
40.8	35.1	5.9	226.7	266.9	31.0	.0	.0	
41.8	33.2	6.9	236.3	353.0	2.0	.0	.0	
46.5	39.8	7.7	224.6	329.4	2.0	.0	.0	
51.3	45.8	9.2	233.3	180.4	75.0	.0	.0	
55.8	47.5	7.7	214.6	285.3	55.0	.0	.0	
56.1	48.8	11.0	227.5	132.0	85.0	.0	.0	
42.4	35.8	5.1	107.5	266.3	43.0	.0	.0	
43.7	35.3	4.2	90.4	133.4	76.0	.0	.0	
51.9	47.9	5.7	120.8	159.1	98.0	8.0	.0	
55.4	52.5	6.9	200.4	179.8	90.0	65.0	.0	
51.6	45.8	10.4	249.6	219.2	48.0	.0	.0	
56.5	47.8	13.4	228.8	195.1	73.0	7.0	.0	
40.2	31.4	10.1	290.0	237.0	44.0	.0	.0	
41.8	28.5	8.6	142.5	276.5	12.0	.0	.0	
  11    30    1986
54.2	41.7	13.0	218.8	179.6	82.0	2.0	.0	
40.7	33.4	8.8	277.5	204.0	70.0	15.0	.0	
40.7	30.6	7.1	192.1	132.4	85.0	.0	.0	
37.3	29.1	10.6	270.4	201.3	63.0	2.0	.0	
34.4	28.0	8.6	121.3	139.4	92.0	1.0	.0	
42.7	39.0	5.9	189.2	131.6	64.0	1.0	.0	
45.3	40.3	4.9	168.8	158.8	55.0	.0	.0	
55.7	51.6	8.5	160.8	129.0	98.0	1.0	.0	
49.7	37.9	17.9	249.6	229.4	58.0	3.0	.0	
32.8	19.4	11.4	232.9	176.1	68.0	.0	.0	
33.7	29.7	6.1	202.9	110.2	97.0	28.0	.0	
35.4	26.9	9.4	223.3	149.6	84.0	2.0	.0	
23.1	15.5	16.4	277.9	161.1	85.0	.0	10.2	
23.2	13.2	11.1	218.8	120.9	42.0	.0	.0	
34.6	18.2	9.7	200.0	106.6	93.0	.0	.0	
36.9	34.3	6.7	227.5	117.0	98.0	2.0	.0	
41.8	35.1	9.6	230.8	151.9	82.0	.0	.0	
33.5	27.5	10.6	129.6	112.1	95.0	4.0	.0	
23.3	13.7	9.8	246.3	171.1	55.0	.0	.0	
28.0	21.7	9.4	128.3	103.0	97.0	.0	91.4	
29.8	26.1	13.0	295.4	145.5	88.0	.0	2.5	
32.1	24.5	6.8	193.8	203.8	26.0	.0	.0	
40.0	29.6	9.2	160.0	144.8	68.0	.0	.0	
41.3	32.4	14.6	255.8	132.2	95.0	3.0	.0	
38.5	27.4	6.2	173.3	216.4	32.0	.0	.0	
41.8	38.7	8.3	158.8	68.6	98.0	88.0	.0	
38.2	32.8	8.2	250.0	143.5	49.0	.0	.0	
39.7	33.3	8.9	225.0	161.5	45.0	.0	.0	
38.1	31.3	10.2	272.5	87.5	95.0	.0	.0	
27.6	20.1	9.7	163.8	94.8	90.0	.0	.0	
  12    31    1986
25.7	15.3	9.6	100.0	165.4	92.0	.0	.0	
33.6	29.2	11.7	97.1	62.2	98.0	146.0	.0	
37.2	35.1	11.9	206.3	87.2	98.0	32.0	.0	
30.6	24.6	14.1	239.2	144.3	85.0	.0	40.6	
28.0	21.8	11.3	245.8	83.4	72.0	.0	2.5	
30.9	25.0	11.0	231.3	108.3	74.0	.0	5.1	
31.1	28.4	8.3	203.3	87.4	85.0	.0	68.6	
23.2	19.4	12.2	102.5	96.7	98.0	.0	22.9	
37.9	35.2	10.9	167.5	83.1	98.0	30.0	.0	
30.5	22.4	15.1	261.3	120.4	75.0	.0	.0	
27.9	16.9	7.2	182.9	128.1	76.0	.0	.0	
29.4	21.1	12.2	259.2	85.6	96.0	.0	20.3	
15.0	7.6	10.8	265.4	147.7	59.0	.0	7.6	
28.1	15.7	13.2	217.9	132.9	76.0	.0	.0	
36.2	29.7	8.8	223.8	101.0	98.0	.0	.0	
35.0	29.8	4.4	177.9	84.6	98.0	.0	.0	
36.9	30.0	5.8	120.4	101.2	97.0	.0	.0	
38.1	33.2	11.7	194.2	73.4	98.0	28.0	.0	
34.6	29.5	12.7	268.3	83.6	98.0	.0	.0	
33.5	27.0	8.2	267.5	98.3	98.0	.0	.0	
29.1	21.4	7.3	270.0	110.3	53.0	.0	.0	
30.2	22.8	9.9	218.8	125.3	25.0	.0	.0	
32.9	26.7	11.1	232.9	81.5	87.0	.0	.0	
34.1	28.1	10.1	113.3	97.3	98.0	51.0	.0	
37.5	34.7	11.4	199.6	94.8	98.0	2.0	.0	
35.1	30.0	9.4	261.3	96.3	98.0	.0	.0	
33.0	30.6	4.7	155.0	100.8	98.0	1.0	.0	
34.0	27.2	8.3	238.8	98.0	98.0	.0	.0	
32.1	24.0	6.9	190.0	146.8	96.0	.0	.0	
30.7	26.4	7.2	156.3	86.5	96.0	.0	.0	
32.8	24.3	6.6	241.7	95.0	98.0	.0	.0	
