   1    31    1981
43.3	36.9	3.9	115.0	258.5	32.0	.0	.0	
41.2	28.5	10.8	306.3	277.2	21.0	.0	.0	
45.2	29.9	10.2	275.0	239.3	36.0	.0	.0	
30.7	19.0	15.9	253.8	124.1	61.0	.0	.0	
24.1	11.0	12.8	302.5	182.9	24.0	.0	.0	
37.2	24.1	6.7	235.0	240.6	65.0	.0	.0	
44.2	37.9	12.4	283.8	184.0	60.0	19.0	.0	
30.8	18.6	13.4	145.0	265.1	11.0	.0	.0	
33.9	26.4	12.8	97.5	125.2	61.0	.0	.0	
30.8	18.6	14.5	271.3	243.8	8.0	.0	.0	
26.4	11.2	11.0	145.0	242.2	48.0	.0	.0	
21.2	6.7	17.6	182.5	230.6	33.0	.0	.0	
21.2	7.6	8.3	291.3	268.5	24.0	.0	.0	
38.0	20.9	10.2	272.5	258.7	53.0	.0	.0	
44.7	36.2	8.8	250.0	233.5	32.0	.0	.0	
32.6	29.3	9.7	187.5	231.3	60.0	.0	.0	
30.1	14.3	13.2	332.5	300.4	12.0	.0	.0	
30.0	14.1	11.5	306.3	304.5	2.0	.0	.0	
38.2	24.7	8.1	278.8	259.0	62.0	.0	.0	
41.7	28.5	7.7	152.5	157.5	85.0	.0	.0	
45.6	43.9	12.7	205.0	132.0	98.0	101.0	.0	
41.3	35.1	11.8	291.3	292.9	35.0	.0	.0	
37.1	30.4	7.9	143.8	283.6	26.0	.0	.0	
34.3	28.3	7.7	71.3	310.7	5.0	.0	.0	
33.1	26.2	5.9	85.0	324.1	2.0	.0	.0	
47.4	39.9	7.9	153.8	183.2	46.0	.0	.0	
55.6	46.0	10.3	242.5	194.9	82.0	.0	.0	
43.9	40.6	11.2	247.5	136.0	90.0	35.0	.0	
42.6	31.4	12.6	250.0	313.4	8.0	.0	.0	
32.3	22.6	16.2	61.3	146.5	92.0	20.0	.0	
30.7	19.0	12.7	66.3	358.1	2.0	.0	.0	
   2    28    1981
48.1	36.9	13.0	107.5	188.3	55.0	.0	.0	
54.7	47.9	22.3	231.3	150.6	82.0	61.0	.0	
32.2	12.1	11.3	312.5	339.7	10.0	.0	.0	
29.9	10.1	8.1	300.0	316.5	25.0	.0	.0	
30.0	13.5	11.2	136.3	331.5	3.0	.0	.0	
32.9	29.9	7.2	256.3	138.8	56.0	27.0	.0	
41.9	35.9	7.9	127.5	195.3	72.0	51.0	.0	
46.5	45.6	11.8	261.3	175.6	96.0	9.0	.0	
34.9	21.7	9.7	120.0	369.1	33.0	.0	.0	
53.4	42.6	17.8	112.5	173.3	98.0	.0	.0	
62.7	59.9	21.3	195.0	151.8	98.0	22.0	.0	
33.2	21.2	18.5	141.3	309.2	55.0	.0	.0	
36.7	30.7	19.7	147.5	251.8	91.0	.0	.0	
41.5	36.6	15.4	63.8	327.0	66.0	.0	.0	
44.6	39.3	13.4	21.3	395.3	2.0	.0	.0	
49.7	42.8	7.5	108.8	338.8	45.0	.0	.0	
53.1	42.7	5.1	112.5	308.7	53.0	.0	.0	
57.6	50.4	5.8	80.0	243.5	92.0	.0	.0	
61.8	55.6	10.4	186.3	175.5	98.0	2.0	.0	
57.2	51.7	11.0	242.5	330.2	71.0	9.0	.0	
49.7	45.4	12.2	270.0	177.3	98.0	2.0	.0	
49.9	48.2	13.4	231.3	176.4	98.0	.0	.0	
56.7	52.9	11.5	176.3	188.9	83.0	16.0	.0	
49.7	37.0	12.4	273.8	378.4	13.0	.0	.0	
48.3	33.8	14.3	277.5	427.1	2.0	.0	.0	
46.6	31.1	15.3	295.0	424.8	5.0	.0	.0	
41.6	30.5	15.8	103.8	431.9	3.0	.0	.0	
47.3	33.8	13.3	252.5	354.8	77.0	.0	.0	
   3    31    1981
53.7	47.5	11.6	185.0	221.8	93.0	7.0	.0	
47.7	43.6	11.5	66.3	195.3	83.0	17.0	.0	
40.1	27.8	13.3	246.3	411.8	11.0	.0	.0	
43.1	32.1	8.6	117.5	329.9	67.0	20.0	.0	
55.3	52.0	17.3	268.8	296.9	96.0	16.0	.0	
42.9	31.6	12.3	216.3	396.0	45.0	.0	.0	
42.5	21.5	14.1	302.5	406.3	36.0	.0	.0	
39.7	29.0	13.8	105.0	346.4	39.0	.0	.0	
41.2	32.0	7.2	155.0	483.3	5.0	.0	.0	
39.0	29.5	7.5	47.5	494.4	6.0	.0	.0	
44.4	31.8	8.0	228.8	494.2	20.0	2.0	.0	
44.9	29.0	11.4	117.5	510.5	16.0	.0	.0	
53.2	41.3	11.7	245.0	465.1	48.0	.0	.0	
43.5	31.0	12.5	95.0	459.0	18.0	.0	.0	
44.8	27.7	10.4	175.0	514.7	32.0	.0	.0	
51.0	43.2	15.0	271.3	240.1	87.0	4.0	.0	
44.9	24.6	19.5	287.5	525.4	2.0	.0	.0	
51.5	41.7	13.0	150.0	353.5	63.0	12.0	.0	
38.3	30.5	14.1	141.3	264.2	75.0	10.0	.0	
39.3	17.4	11.8	312.5	449.6	42.0	.0	.0	
42.8	26.5	11.3	242.5	529.6	5.0	.0	.0	
43.3	33.9	12.9	33.8	247.7	86.0	37.0	.0	
47.0	45.5	18.3	46.3	214.1	98.0	105.0	.0	
42.7	32.7	13.7	66.3	538.0	18.0	.0	.0	
40.7	32.0	5.3	103.8	524.6	12.0	.0	.0	
45.4	34.0	8.2	117.5	532.7	15.0	.0	.0	
56.3	45.6	11.7	216.3	477.0	46.0	.0	.0	
48.8	37.7	14.1	32.5	530.8	2.0	.0	.0	
54.8	44.6	10.4	197.5	479.4	64.0	.0	.0	
61.8	54.4	18.1	218.8	243.3	75.0	6.0	.0	
63.9	54.4	9.3	232.5	570.5	3.0	.0	.0	
   4    30    1981
63.9	58.2	11.1	206.3	319.0	79.0	1.0	.0	
60.9	48.0	9.2	240.0	570.0	2.0	.0	.0	
62.6	51.9	9.5	236.3	503.6	36.0	.0	.0	
65.9	56.7	12.6	205.0	428.4	83.0	.0	.0	
67.2	59.9	15.4	212.5	403.2	60.0	.0	.0	
56.7	43.5	12.8	195.0	541.8	38.0	93.0	.0	
49.6	28.5	10.4	71.3	583.1	11.0	.0	.0	
55.3	42.1	7.1	191.3	553.8	8.0	.0	.0	
63.0	53.3	11.6	233.8	361.7	43.0	1.0	.0	
59.7	49.4	11.5	102.5	598.6	6.0	.0	.0	
64.0	56.6	10.8	201.3	472.1	44.0	.0	.0	
65.7	59.0	14.4	245.0	494.5	57.0	.0	.0	
59.3	55.9	15.0	173.8	261.5	98.0	1.0	.0	
67.4	58.2	10.3	166.3	557.2	93.0	.0	.0	
55.7	39.0	18.8	58.8	575.6	36.0	4.0	.0	
59.2	43.2	11.4	103.8	558.8	37.0	.0	.0	
65.1	54.1	13.4	240.0	575.1	68.0	.0	.0	
66.5	58.7	15.5	251.3	584.8	39.0	.0	.0	
63.4	50.0	11.6	46.3	575.7	38.0	.0	.0	
61.3	54.6	15.7	107.5	328.0	95.0	4.0	.0	
50.4	33.5	15.7	35.0	544.4	83.0	.0	.0	
58.9	44.4	10.8	107.5	586.9	49.0	.0	.0	
67.8	58.3	12.8	235.0	507.4	60.0	.0	.0	
66.7	56.6	16.7	253.8	478.1	68.0	35.0	.0	
57.3	37.8	14.4	291.3	564.6	20.0	.0	.0	
56.9	39.3	8.8	153.8	634.4	3.0	.0	.0	
66.5	53.1	10.8	180.0	631.4	22.0	.0	.0	
72.0	61.5	10.7	147.5	625.6	2.0	.0	.0	
71.8	61.4	16.9	236.3	594.9	53.0	.0	.0	
70.4	65.7	14.0	248.8	484.9	86.0	45.0	.0	
   5    31    1981
65.7	58.6	9.5	252.5	511.8	68.0	.0	.0	
57.9	45.7	14.0	225.0	468.9	73.0	4.0	.0	
60.1	43.4	15.1	62.5	656.3	15.0	.0	.0	
60.3	43.2	14.5	102.5	640.2	24.0	.0	.0	
54.6	50.7	13.5	61.3	288.0	93.0	.0	.0	
57.1	52.0	7.4	90.0	385.3	98.0	.0	.0	
53.2	49.2	15.9	45.0	251.4	98.0	36.0	.0	
56.1	53.2	15.9	45.0	268.2	98.0	81.0	.0	
62.4	57.9	8.5	47.5	395.0	85.0	12.0	.0	
70.4	63.5	16.0	148.8	392.4	95.0	2.0	.0	
71.5	66.7	16.0	186.3	361.3	66.0	72.0	.0	
65.8	58.5	9.7	230.0	659.7	5.0	.0	.0	
63.5	54.6	9.6	80.0	643.3	13.0	.0	.0	
71.2	62.7	8.8	166.3	520.4	53.0	3.0	.0	
74.0	65.7	12.9	225.0	584.6	49.0	.0	.0	
66.3	55.9	6.8	171.3	543.0	57.0	.0	.0	
60.9	48.1	10.7	67.5	529.8	68.0	.0	.0	
65.6	49.3	7.2	138.8	438.8	58.0	.0	.0	
71.5	65.0	16.2	171.3	523.0	86.0	36.0	.0	
60.2	56.9	14.7	35.0	278.1	98.0	77.0	.0	
57.0	52.5	15.7	105.0	298.3	86.0	87.0	.0	
65.3	52.6	6.9	237.5	693.7	2.0	.0	.0	
64.1	54.5	9.5	161.3	684.6	3.0	.0	.0	
70.5	60.5	8.5	211.3	676.1	27.0	.0	.0	
71.6	63.8	11.0	235.0	657.7	44.0	.0	.0	
73.0	63.9	9.1	223.8	601.7	71.0	.0	.0	
73.7	63.4	12.7	192.5	522.9	92.0	.0	.0	
72.7	67.1	14.8	200.0	350.2	78.0	66.0	.0	
73.5	66.5	10.8	231.3	616.0	34.0	.0	.0	
76.0	68.0	9.8	233.8	677.8	39.0	.0	.0	
76.6	71.2	13.0	236.3	663.6	50.0	14.0	.0	
   6    30    1981
74.7	68.9	5.6	163.8	442.4	83.0	11.0	.0	
73.1	70.9	8.7	216.3	265.9	98.0	34.0	.0	
77.2	72.9	12.7	231.3	602.5	58.0	.0	.0	
77.5	73.1	14.0	240.0	514.2	88.0	.0	.0	
77.7	72.1	10.7	235.0	621.1	64.0	10.0	.0	
76.2	73.2	11.5	231.3	367.6	88.0	110.0	.0	
76.0	67.2	11.2	202.5	532.9	98.0	6.0	.0	
73.8	69.5	9.4	176.3	403.2	63.0	10.0	.0	
77.4	74.1	11.8	240.0	557.2	82.0	.0	.0	
80.3	74.9	12.4	242.5	566.1	90.0	.0	.0	
75.9	66.8	9.1	83.8	445.1	69.0	.0	.0	
74.7	65.3	6.5	160.0	473.6	89.0	.0	.0	
79.1	72.6	9.4	227.5	629.0	84.0	.0	.0	
81.9	76.3	6.3	183.8	527.7	83.0	.0	.0	
81.0	74.6	5.5	107.5	666.7	15.0	.0	.0	
83.3	75.3	6.3	150.0	706.7	2.0	.0	.0	
79.8	76.0	10.2	220.0	635.4	37.0	58.0	.0	
77.7	73.4	6.8	145.0	363.9	97.0	129.0	.0	
79.8	71.8	8.8	190.0	537.7	87.0	.0	.0	
81.1	73.8	12.8	221.3	658.4	32.0	.0	.0	
80.6	74.9	10.5	245.0	679.4	25.0	7.0	.0	
81.8	77.8	14.1	228.8	675.9	13.0	.0	.0	
78.7	68.7	11.6	102.5	624.9	44.0	.0	.0	
80.5	72.1	9.1	105.0	615.8	37.0	.0	.0	
81.6	76.6	11.1	230.0	678.9	5.0	.0	.0	
77.1	70.5	12.9	147.5	376.5	75.0	16.0	.0	
73.5	55.5	13.4	37.5	687.7	27.0	.0	.0	
74.7	55.0	13.8	27.5	660.8	2.0	.0	.0	
74.2	57.9	11.1	107.5	647.9	3.0	.0	.0	
74.9	59.1	8.9	318.8	547.9	62.0	.0	.0	
   7    31    1981
74.6	64.2	8.3	150.0	621.6	73.0	.0	.0	
75.0	65.0	6.8	108.8	634.9	62.0	.0	.0	
74.9	70.7	9.4	108.8	283.7	97.0	143.0	.0	
76.8	73.2	13.4	206.3	347.0	88.0	42.0	.0	
78.6	73.7	11.7	238.8	601.9	88.0	.0	.0	
78.9	74.8	14.0	238.8	511.2	98.0	70.0	.0	
79.0	73.7	5.5	178.8	606.7	53.0	2.0	.0	
81.4	74.0	6.7	270.0	625.7	39.0	.0	.0	
82.8	74.6	8.9	271.3	547.5	47.0	.0	.0	
82.0	76.4	11.1	241.3	627.5	43.0	.0	.0	
79.3	74.6	7.9	163.8	347.9	87.0	79.0	.0	
78.1	67.9	6.9	115.0	613.9	20.0	.0	.0	
77.7	71.2	8.2	187.5	628.4	53.0	.0	.0	
83.7	77.0	8.5	260.0	443.9	84.0	.0	.0	
78.8	65.3	11.6	81.3	638.8	56.0	.0	.0	
75.9	63.5	4.9	123.8	457.5	90.0	.0	.0	
77.8	72.5	9.1	182.5	308.4	82.0	203.0	.0	
78.5	73.0	8.9	51.3	528.7	53.0	.0	.0	
79.0	70.3	6.3	195.0	605.8	27.0	.0	.0	
79.7	73.1	10.5	208.8	652.7	17.0	.0	.0	
83.5	78.0	16.6	231.3	549.9	75.0	.0	.0	
79.7	75.3	13.8	228.8	486.3	93.0	189.0	.0	
78.8	69.3	13.0	81.3	654.6	30.0	.0	.0	
78.0	63.9	10.6	76.3	550.4	43.0	.0	.0	
78.5	68.4	7.8	127.5	650.4	23.0	.0	.0	
81.0	73.4	10.0	191.3	594.7	45.0	.0	.0	
82.6	75.5	11.2	258.8	582.3	66.0	4.0	.0	
82.6	76.1	9.5	178.8	578.6	85.0	.0	.0	
81.8	77.4	13.0	250.0	583.6	54.0	105.0	.0	
74.1	65.6	15.7	46.3	361.3	90.0	95.0	.0	
77.4	66.2	17.7	68.9	297.1	80.0	.0	.0	
   8    31    1981
78.1	69.5	11.2	36.3	624.6	19.0	.0	.0	
75.8	68.1	7.1	55.4	629.3	18.0	.0	.0	
76.9	69.9	7.6	146.3	336.6	79.0	2.0	.0	
81.8	76.4	12.3	242.5	530.2	32.0	.0	.0	
81.5	76.5	15.5	243.8	593.7	67.0	.0	.0	
78.8	74.9	10.7	262.5	427.5	93.0	45.0	.0	
78.7	74.1	7.7	230.4	482.3	88.0	.0	.0	
80.8	76.7	12.5	220.4	412.9	89.0	.0	.0	
77.2	75.7	11.0	232.9	295.0	79.0	69.0	.0	
80.1	75.8	8.2	236.7	401.5	47.0	.0	.0	
80.8	76.3	9.2	230.8	547.8	70.0	.0	.0	
77.3	72.3	7.9	237.5	367.0	93.0	42.0	.0	
74.7	68.8	7.0	122.5	491.5	84.0	.0	.0	
73.7	66.5	5.2	47.5	552.2	80.0	.0	.0	
75.4	67.7	5.4	138.3	599.8	43.0	.0	.0	
78.8	72.9	11.7	249.2	569.1	55.0	.0	.0	
72.8	66.5	12.9	68.3	192.3	98.0	63.0	.0	
74.9	63.6	13.6	61.3	367.0	94.0	5.0	.0	
74.3	73.1	11.1	90.8	162.8	98.0	351.0	.0	
73.1	69.9	18.5	150.0	244.0	98.0	175.0	.0	
72.6	66.0	15.9	34.2	423.0	79.0	1.0	.0	
72.4	71.2	11.3	144.2	190.1	97.0	370.0	.0	
68.2	65.0	8.0	315.4	254.1	90.0	.0	.0	
71.3	68.2	7.1	225.4	249.8	81.0	.0	.0	
73.3	66.8	11.8	133.3	530.2	28.0	.0	.0	
72.2	63.6	13.9	40.4	550.8	58.0	.0	.0	
73.1	65.8	10.7	42.5	526.3	70.0	.0	.0	
75.2	68.1	8.8	41.7	502.8	49.0	.0	.0	
76.9	69.9	10.0	80.0	466.7	72.0	11.0	.0	
78.0	69.6	9.7	90.8	492.2	70.0	.0	.0	
76.7	71.1	12.6	39.2	575.4	28.0	.0	.0	
   9    30    1981
76.9	70.5	9.7	35.4	503.8	40.0	.0	.0	
77.0	70.1	12.4	25.0	525.6	10.0	.0	.0	
75.6	69.3	13.6	33.3	547.9	13.0	.0	.0	
74.9	68.3	12.8	54.6	505.4	46.0	.0	.0	
73.9	65.7	10.8	33.3	472.3	73.0	.0	.0	
74.3	66.9	10.8	45.0	480.0	58.0	.0	.0	
72.2	69.7	8.1	127.5	154.7	95.0	82.0	.0	
75.8	71.4	9.2	239.6	506.3	52.0	5.0	.0	
72.9	59.8	12.6	103.8	530.7	44.0	.0	.0	
68.0	56.7	6.8	91.3	516.8	7.0	.0	.0	
71.1	62.1	7.6	243.3	562.5	2.0	.0	.0	
75.6	68.5	9.3	255.8	523.6	20.0	.0	.0	
76.9	70.5	8.3	246.7	532.7	8.0	.0	.0	
77.4	71.4	9.7	235.8	521.3	5.0	.0	.0	
78.7	73.1	12.6	229.2	451.7	16.0	.0	.0	
78.9	72.4	13.9	215.0	476.3	49.0	.0	.0	
74.8	67.0	9.4	45.0	321.7	74.0	2.0	.0	
73.2	67.4	8.8	82.1	315.5	97.0	42.0	.0	
66.3	52.3	12.1	302.1	477.4	22.0	.0	.0	
69.4	54.4	12.1	263.8	535.0	3.0	.0	.0	
69.4	62.3	4.8	181.7	479.0	2.0	.0	.0	
71.1	64.5	2.5	89.2	405.5	45.0	.0	.0	
66.3	53.3	12.6	202.9	356.7	33.0	.0	.0	
64.2	44.8	9.3	330.8	512.6	2.0	.0	.0	
65.8	52.9	9.1	197.1	502.7	2.0	.0	.0	
62.3	54.4	6.8	150.0	497.5	3.0	.0	.0	
69.9	63.9	5.6	158.3	434.1	23.0	.0	.0	
71.9	62.5	8.8	149.2	469.9	6.0	.0	.0	
61.9	48.4	8.8	48.8	498.8	2.0	.0	.0	
64.9	54.5	7.4	223.3	440.1	36.0	.0	.0	
  10    31    1981
75.4	66.9	13.8	239.6	462.7	33.0	.0	.0	
67.4	56.1	15.8	301.7	236.4	56.0	5.0	.0	
57.6	39.8	12.1	317.1	480.3	2.0	.0	.0	
55.5	44.3	5.2	215.4	386.2	33.0	.0	.0	
65.5	55.9	9.9	249.2	395.2	34.0	.0	.0	
73.4	65.1	14.3	246.3	391.1	25.0	.0	.0	
67.2	52.7	10.5	285.8	355.4	89.0	5.0	.0	
59.4	44.0	8.9	220.4	410.4	33.0	.0	.0	
59.3	45.1	8.1	114.6	373.2	65.0	.0	.0	
61.5	48.9	10.0	115.0	361.2	64.0	6.0	.0	
59.2	54.5	15.5	32.9	148.4	98.0	53.0	.0	
62.1	51.3	19.1	33.3	249.5	79.0	.0	.0	
63.0	53.9	19.8	33.8	381.1	14.0	.0	.0	
63.4	56.0	19.3	31.7	411.0	16.0	.0	.0	
61.7	55.8	16.2	30.8	382.3	27.0	.0	.0	
60.5	53.7	11.8	192.9	400.3	18.0	.0	.0	
56.0	46.0	10.4	60.4	362.8	11.0	.0	.0	
63.1	57.0	9.7	151.7	378.1	37.0	1.0	.0	
59.7	41.2	11.9	326.7	400.8	26.0	4.0	.0	
54.5	40.4	7.4	151.3	419.1	2.0	.0	.0	
59.6	49.9	6.4	100.8	393.7	6.0	.0	.0	
65.6	57.4	6.2	102.1	360.9	24.0	.0	.0	
68.4	62.0	7.0	211.7	315.7	72.0	.0	.0	
58.7	50.4	18.6	60.4	174.5	98.0	1.0	.0	
68.6	66.4	10.7	149.6	123.8	97.0	84.0	.0	
71.1	67.7	6.6	148.3	267.8	85.0	9.0	.0	
70.7	68.3	10.2	206.7	140.8	77.0	94.0	.0	
64.2	56.8	8.3	185.8	332.5	9.0	.0	.0	
62.7	57.9	15.6	27.1	221.9	72.0	1.0	.0	
60.7	56.5	19.3	28.3	173.8	87.0	1.0	.0	
62.5	57.6	17.8	40.4	338.2	63.0	5.0	.0	
  11    30    1981
64.5	59.6	9.1	33.3	287.5	81.0	1.0	.0	
63.3	58.6	5.3	110.8	317.0	72.0	.0	.0	
61.9	56.8	7.5	93.8	310.3	56.0	.0	.0	
58.7	52.6	4.6	59.6	277.3	61.0	.0	.0	
60.4	56.0	5.1	66.7	133.2	86.0	12.0	.0	
63.4	54.1	10.9	287.9	339.8	38.0	56.0	.0	
52.9	31.8	13.1	322.9	317.2	6.0	.0	.0	
54.8	35.3	8.4	274.6	341.3	2.0	.0	.0	
55.7	44.4	7.6	255.0	287.3	54.0	.0	.0	
60.6	58.0	7.8	180.8	128.4	97.0	43.0	.0	
57.7	56.2	16.8	27.5	124.8	98.0	17.0	.0	
53.4	44.8	25.6	26.7	150.7	98.0	3.0	.0	
51.7	44.8	22.1	20.4	141.5	98.0	.0	.0	
49.8	46.5	18.8	205.8	90.4	98.0	30.0	.0	
52.6	40.3	12.4	307.5	146.1	92.0	2.0	.0	
55.3	44.6	8.4	252.9	270.0	37.0	.0	.0	
53.1	49.7	11.0	254.2	136.2	91.0	40.0	.0	
53.1	43.5	9.5	283.8	309.4	4.0	.0	.0	
55.4	46.9	7.3	186.3	310.4	2.0	.0	.0	
63.1	55.8	14.1	247.1	235.1	29.0	1.0	.0	
45.6	26.8	12.8	296.3	302.6	2.0	.0	.0	
40.3	26.6	6.7	292.9	234.2	23.0	.0	.0	
40.8	27.7	5.3	211.7	271.0	18.0	.0	.0	
43.8	39.4	14.0	185.0	88.2	89.0	78.0	.0	
41.5	32.3	14.8	332.9	232.7	42.0	.0	.0	
43.0	34.3	7.0	273.3	265.9	10.0	.0	.0	
61.5	56.0	13.3	246.7	236.2	65.0	.0	.0	
52.1	47.2	9.5	155.4	108.0	64.0	10.0	.0	
43.7	31.0	8.7	289.6	243.4	46.0	.0	.0	
43.9	31.2	9.8	147.1	208.4	59.0	.0	.0	
  12    31    1981
57.3	52.1	16.1	143.3	122.8	98.0	219.0	.0	
62.4	60.5	11.1	223.3	119.6	91.0	65.0	.0	
49.0	42.1	9.2	212.9	249.0	44.0	.0	.0	
48.7	43.6	7.8	183.8	114.4	90.0	17.0	.0	
45.8	36.0	16.2	337.5	166.3	78.0	.0	.0	
42.1	26.0	14.3	317.1	283.0	2.0	.0	.0	
49.5	34.3	12.1	267.9	211.9	43.0	.0	.0	
53.9	35.8	16.6	283.3	242.4	21.0	.0	.0	
39.9	21.0	16.1	322.1	179.4	30.0	.0	.0	
33.2	15.2	15.2	326.3	243.9	15.0	.0	.0	
35.0	18.6	12.2	323.8	272.7	5.0	.0	.0	
36.9	26.9	11.3	261.3	252.3	23.0	.0	.0	
36.7	30.4	11.5	168.3	251.5	32.0	.0	.0	
52.0	47.9	14.2	122.1	114.3	73.0	35.0	.0	
56.3	54.7	16.1	218.3	76.3	93.0	140.0	.0	
39.8	30.9	11.4	290.4	256.0	38.0	.0	.0	
43.5	36.3	8.9	244.6	226.5	51.0	.0	.0	
44.6	39.6	11.7	297.1	85.1	98.0	35.0	.0	
32.7	15.5	15.2	302.1	252.3	33.0	.0	.0	
28.9	10.6	11.5	299.2	271.6	2.0	.0	.0	
30.1	16.4	6.4	226.7	201.3	49.0	.0	.0	
56.5	48.9	12.6	205.8	105.1	69.0	.0	.0	
62.0	58.6	15.4	228.8	243.2	38.0	9.0	.0	
49.5	46.9	12.8	57.9	104.2	98.0	11.0	.0	
44.9	42.9	21.5	28.8	78.2	98.0	98.0	.0	
45.5	44.7	16.2	192.9	88.9	98.0	2.0	.0	
43.4	42.3	8.2	317.1	120.6	91.0	5.0	.0	
44.3	41.0	10.0	117.9	213.3	62.0	.0	.0	
44.1	38.0	16.3	148.8	159.1	54.0	34.0	.0	
39.9	29.0	17.2	29.6	202.7	40.0	.0	.0	
49.4	44.8	19.9	99.6	85.7	78.0	50.0	.0	
