01	31	2001
32.9	21.4	6.6	282.1	217.1	100.0	0	0.0
34.4	22.4	8.9	317.9	217.8	100.0	0	0.0
28.9	19.5	5.8	267.5	218.7	100.0	0	0.0
31.8	24.5	5.7	236.7	219.6	100.0	0	0.0
40.6	32.4	11.9	197.2	220.6	100.0	0	0.0
40.1	33.2	8.2	282.5	221.6	100.0	0	0.0
46.8	39.0	6.6	228.3	222.8	100.0	0	0.0
45.8	40.3	4.8	184.2	224.0	100.0	0	0.0
37.5	30.3	9.9	238.8	225.3	100.0	0	0.0
37.0	23.9	9.8	290.4	226.7	100.0	0	0.0
48.5	33.2	10.2	249.6	228.2	100.0	0	0.0
46.1	39.8	7.3	146.2	229.7	100.0	0	0.0
47.5	45.5	11.5	22.5	231.3	100.0	5	0.0
53.4	52.1	6.8	97.3	233.1	100.0	11	0.0
54.0	53.9	6.5	216.2	234.9	100.0	6	0.0
48.2	45.2	8.0	139.2	236.9	100.0	0	0.0
46.2	41.3	6.9	58.3	229.0	100.0	0	0.0
50.6	46.9	7.3	115.8	241.0	100.0	0	0.0
58.2	57.3	9.9	184.6	243.1	100.0	0	0.0
58.6	57.7	14.3	238.7	245.4	100.0	140	0.0
39.0	26.3	10.8	286.2	247.7	100.0	0	0.0
41.2	29.2	9.9	24.6	250.1	100.0	0	0.0
42.1	38.4	14.6	102.9	252.5	100.0	0	0.0
40.5	34.9	5.6	237.6	255.0	100.0	0	0.0
39.4	29.6	10.2	259.2	257.6	100.0	0	0.0
35.3	26.0	8.0	190.0	260.3	100.0	0	0.0
45.7	34.2	10.6	270.0	263.0	100.0	0	0.0
39.2	30.6	5.0	112.1	265.8	100.0	0	0.0
44.2	34.1	4.1	123.3	268.7	100.0	0	0.0
54.6	53.6	15.7	203.8	271.6	100.0	20	0.0
53.2	50.0	15.1	230.0	274.6	100.0	0	0.0
02	28	2001
50.0	46.4	7.8	77.2	277.6	100.0	0	0.0
48.3	45.2	5.7	171.7	280.7	100.0	0	0.0
37.8	23.8	8.2	101.7	283.9	100.0	0	0.0
46.6	42.2	8.6	68.5	287.1	100.0	7	0.0
49.1	46.9	9.8	221.1	290.4	100.0	1	0.0
46.7	36.2	7.4	258.3	293.8	100.0	0	0.0
47.7	42.9	6.8	147.9	297.3	100.0	0	0.0
55.2	49.1	8.2	120.4	300.8	100.0	0	0.0
56.4	54.9	8.0	183.5	304.4	100.0	0	0.0
55.2	50.8	14.3	158.5	308.0	100.0	0	0.0
41.0	28.1	14.3	28.0	311.7	100.0	0	0.0
47.9	46.4	9.3	85.4	315.4	100.0	10	0.0
49.3	49.1	9.4	177.7	319.2	100.0	1	0.0
50.6	50.2	7.5	175.2	323.0	100.0	0	0.0
56.0	55.4	9.8	229.8	326.9	100.0	0	0.0
57.6	56.7	8.0	172.3	330.8	100.0	0	0.0
48.3	43.0	13.9	109.8	334.7	100.0	15	0.0
35.9	22.6	10.4	26.7	338.7	100.0	0	0.0
40.1	29.8	4.3	112.5	342.7	100.0	0	0.0
53.9	50.7	7.6	238.3	346.8	100.0	0	0.0
56.6	51.9	10.1	212.5	350.8	100.0	0	0.0
46.5	43.7	14.4	149.2	354.9	100.0	35	0.0
38.5	34.8	7.4	177.9	359.1	100.0	0	0.0
44.7	40.6	8.2	43.3	363.2	100.0	0	0.0
57.5	54.7	12.8	182.6	367.4	100.0	1	0.0
56.0	49.6	11.1	155.8	371.6	100.0	0	0.0
47.1	40.4	8.3	28.3	375.8	100.0	0	0.0
44.1	41.2	9.7	80.4	380.1	100.0	4	0.0
03	31	2001
44.0	35.5	6.4	211.2	384.3	100.0	0	0.0
52.0	50.5	4.6	114.4	388.6	100.0	0	0.0
49.7	48.0	4.3	70.8	392.9	100.0	2	0.0
56.6	56.5	8.3	119.4	397.1	100.0	20	0.0
50.1	45.4	13.5	282.0	350.6	100.0	0	0.0
37.7	21.1	20.6	297.6	405.7	100.0	0	0.0
38.9	30.8	9.7	236.5	348.8	100.0	0	0.0
42.6	38.9	4.8	200.0	356.3	100.0	0	0.0
46.9	43.3	8.0	183.8	418.6	100.0	0	0.0
39.8	28.9	7.5	160.4	422.9	100.0	0	0.0
47.5	40.9	5.6	154.6	427.2	100.0	0	0.0
58.4	53.8	11.2	165.0	431.5	100.0	2	0.0
63.0	62.2	19.7	214.6	435.8	100.0	4	0.0
60.7	48.5	10.2	253.8	440.1	100.0	0	0.0
58.6	57.6	9.5	175.6	444.4	100.0	14	0.0
54.3	53.2	6.6	115.6	448.6	100.0	0	0.0
53.6	52.0	5.7	208.0	452.9	100.0	0	0.0
47.5	37.7	12.2	113.1	457.2	100.0	0	0.0
44.9	31.6	13.1	32.5	461.5	100.0	0	0.0
53.2	48.4	19.2	74.2	465.8	100.0	2	0.0
56.4	54.0	13.3	170.2	470.0	100.0	26	0.0
51.6	47.4	11.1	252.7	474.2	100.0	2	0.0
53.1	42.1	10.5	267.7	478.5	100.0	0	0.0
56.1	49.7	10.8	204.2	482.6	100.0	0	0.0
44.6	37.0	12.1	50.2	486.8	100.0	0	0.0
43.1	35.5	8.2	139.6	491.0	100.0	0	0.0
38.9	22.9	8.5	60.6	428.6	100.0	0	0.0
42.8	28.0	8.7	48.3	499.5	100.0	0	0.0
58.5	54.1	19.0	134.8	503.7	100.0	0	0.0
60.5	59.1	12.3	216.0	507.9	100.0	6	0.0
58.0	56.1	5.6	177.2	440.8	100.0	0	0.0
04	30	2001
50.1	47.9	9.2	121.7	384.5	100.0	2	0.0
48.9	42.1	8.6	270.6	520.3	100.0	0	0.0
54.0	48.3	6.8	222.9	524.3	100.0	0	0.0
53.1	45.5	10.7	107.9	528.4	100.0	0	0.0
50.1	36.9	7.4	47.1	532.3	100.0	0	0.0
56.2	51.7	9.5	162.6	536.3	100.0	0	0.0
62.0	57.7	9.4	184.4	540.2	100.0	0	0.0
61.8	58.0	10.9	208.3	544.1	100.0	0	0.0
64.3	59.2	13.1	227.9	547.9	100.0	0	0.0
45.8	57.9	8.7	130.2	551.7	100.0	0	0.0
64.9	62.7	8.2	120.8	555.5	100.0	0	0.0
67.6	64.9	10.7	188.9	559.2	100.0	0	0.0
65.0	63.0	10.8	161.9	562.8	100.0	2	0.0
62.6	47.3	7.7	85.4	566.5	100.0	0	0.0
66.9	60.2	13.1	233.8	570.0	100.0	0	0.0
59.7	51.8	11.4	159.2	573.5	100.0	0	0.0
50.1	43.9	14.3	180.0	577.0	100.0	19	0.0
47.5	29.9	14.2	300.8	580.5	100.0	0	0.0
52.2	32.0	7.0	241.2	583.9	100.0	0	0.0
58.5	50.5	8.0	156.2	587.2	100.0	0	0.0
64.8	59.1	9.2	220.9	513.0	100.0	0	0.0
66.0	59.9	7.2	178.8	593.7	100.0	0	0.0
68.2	62.0	9.9	222.9	596.9	100.0	0	0.0
69.8	63.8	12.7	217.8	546.6	100.0	0	0.0
55.2	52.8	14.2	46.7	603.1	100.0	23	0.0
52.0	42.5	16.6	91.9	606.1	100.0	0	0.0
60.0	45.7	10.8	274.8	465.2	100.0	0	0.0
60.5	50.0	11.4	150.0	612.0	100.0	0	0.0
56.7	41.1	10.6	36.7	614.9	100.0	0	0.0
58.3	44.1	6.2	55.9	579.9	100.0	0	0.0
05	31	2001
62.0	54.3	4.8	140.2	620.5	100.0	0	0.0
65.8	57.8	6.0	224.6	623.2	100.0	0	0.0
65.5	58.4	5.0	157.8	625.9	100.0	0	0.0
67.8	62.3	6.1	205.4	628.5	100.0	0	0.0
68.5	63.7	7.0	217.5	631.0	100.0	0	0.0
61.8	55.3	15.9	59.8	633.5	100.0	0	0.0
59.2	53.7	15.2	35.0	636.0	100.0	0	0.0
62.9	53.0	10.1	35.0	638.4	100.0	0	0.0
62.0	50.2	7.9	50.4	640.7	100.0	0	0.0
65.3	56.5	4.7	185.8	643.0	100.0	0	0.0
68.9	63.9	8.9	226.2	645.2	100.0	0	0.0
70.0	64.8	13.1	219.6	647.4	100.0	0	0.0
63.7	54.0	10.2	75.0	609.1	100.0	14	0.0
63.0	44.8	6.5	219.6	572.1	100.0	0	0.0
63.0	51.0	5.3	165.2	575.1	100.0	0	0.0
61.5	51.5	8.3	55.0	574.0	100.0	0	0.0
59.6	51.6	5.3	42.0	634.3	100.0	1	0.0
68.0	64.5	6.1	172.1	659.6	100.0	0	0.0
71.8	67.2	10.2	184.4	661.5	100.0	0	0.0
70.6	67.6	5.2	140.4	590.1	100.0	0	0.0
73.7	70.4	10.8	202.8	603.7	100.0	0	0.0
74.7	71.3	14.3	216.7	666.8	100.0	0	0.0
68.4	66.4	8.7	106.2	668.4	100.0	2	0.0
69.8	59.8	6.7	124.6	670.0	100.0	0	0.0
72.0	64.2	7.0	125.8	671.6	100.0	0	0.0
74.9	65.9	9.4	164.2	673.1	100.0	1	0.0
74.7	66.5	11.4	218.3	674.5	100.0	0	0.0
72.4	67.5	11.5	239.8	663.7	100.0	48	0.0
67.1	65.0	4.1	167.5	677.2	100.0	28	0.0
69.3	58.4	8.5	162.0	595.6	100.0	1	0.0
67.0	48.7	8.8	50.4	679.7	100.0	0	0.0
06	30	2001
74.2	68.4	10.4	142.2	680.9	100.0	2	0.0
74.0	70.7	11.8	219.2	682.1	100.0	9	0.0
75.7	70.2	11.1	228.5	683.2	100.0	1	0.0
72.8	59.9	9.2	103.1	684.3	100.0	0	0.0
76.1	71.5	9.8	178.5	685.3	100.0	0	0.0
75.9	72.8	8.8	214.2	686.2	100.0	71	0.0
76.7	71.5	9.2	210.4	687.1	100.0	34	0.0
69.4	67.5	5.2	74.1	688.0	100.0	16	0.0
72.0	62.6	6.3	46.7	688.8	100.0	0	0.0
74.3	66.2	4.3	81.7	689.5	100.0	0	0.0
75.8	69.4	6.0	164.6	690.2	100.0	0	0.0
78.2	73.6	10.5	220.2	690.8	100.0	0	0.0
78.1	74.1	8.6	166.5	691.4	100.0	14	0.0
75.1	73.3	12.6	135.2	691.9	100.0	134	0.0
76.2	73.3	16.3	197.9	692.4	100.0	32	0.0
77.5	73.3	11.0	230.6	692.8	100.0	0	0.0
76.7	68.8	5.5	199.2	693.1	100.0	0	0.0
76.4	69.4	6.8	117.0	609.9	100.0	0	0.0
76.5	70.5	5.1	60.6	693.6	100.0	1	0.0
77.1	66.9	5.3	102.8	693.8	100.0	0	0.0
78.5	70.0	5.8	120.0	694.0	100.0	0	0.0
78.6	72.5	9.3	212.0	694.1	100.0	0	0.0
76.9	72.7	14.8	196.7	694.1	100.0	26	0.0
72.9	69.8	6.5	86.7	694.1	100.0	66	0.0
74.7	69.5	8.4	41.7	665.7	100.0	0	0.0
78.2	72.7	6.8	79.8	693.8	100.0	0	0.0
79.2	73.6	4.3	110.0	693.6	100.0	0	0.0
82.0	75.0	7.3	246.1	693.4	100.0	0	0.0
82.2	75.8	8.1	242.9	693.1	100.0	0	0.0
80.5	75.3	10.4	225.4	692.8	100.0	0	0.0
07	31	2001
80.2	75.5	12.5	225.0	692.4	100.0	0	0.0
74.5	67.3	11.7	127.7	691.9	100.0	15	0.0
77.2	69.3	8.8	125.8	691.4	100.0	0	0.0
79.5	75.5	10.5	214.6	690.8	100.0	0	0.0
77.7	74.5	11.6	236.2	690.2	100.0	11	0.0
75.5	71.3	9.2	136.3	661.0	100.0	0	0.0
73.1	62.4	8.5	39.2	688.8	100.0	0	0.0
75.4	68.5	9.3	196.2	688.0	100.0	0	0.0
78.2	74.7	4.9	195.4	687.1	100.0	1	0.0
80.2	73.7	5.3	142.5	686.2	100.0	0	0.0
81.4	78.5	8.3	199.0	685.3	100.0	0	0.0
78.3	66.8	8.7	51.7	684.3	100.0	0	0.0
74.5	63.5	7.3	40.8	683.2	100.0	4	0.0
75.0	61.8	5.4	168.8	682.1	100.0	0	0.0
75.0	61.7	4.1	155.8	681.0	100.0	0	0.0
78.8	67.5	7.7	232.0	679.7	100.0	0	0.0
79.8	69.0	8.7	224.6	678.5	100.0	0	0.0
78.4	71.1	7.6	222.6	596.5	100.0	4	0.0
77.9	74.2	7.6	163.3	675.8	100.0	4	0.0
75.0	68.5	10.9	26.0	674.4	100.0	0	0.0
75.3	70.0	9.9	38.1	673.0	100.0	0	0.0
77.8	74.1	6.3	116.5	671.5	100.0	38	0.0
79.2	76.1	10.7	168.6	610.6	100.0	13	0.0
81.3	77.3	14.1	211.7	668.4	100.0	4	0.0
81.9	78.1	12.7	219.0	666.7	100.0	0	0.0
81.6	77.0	14.4	228.3	665.0	100.0	1	0.0
76.6	72.3	11.6	161.0	663.3	100.0	16	0.0
75.5	67.5	8.9	55.0	661.5	100.0	0	0.0
78.1	74.2	10.8	185.4	659.6	100.0	18	0.0
74.0	66.2	11.0	168.3	657.7	100.0	21	0.0
72.8	64.0	9.9	34.8	655.8	100.0	0	0.0
08	31	2001
72.7	66.8	9.7	49.4	653.9	100.0	1	0.0
75.9	65.2	8.0	72.9	651.9	100.0	0	0.0
76.6	68.9	6.4	150.8	649.9	100.0	0	0.0
78.2	70.5	7.0	178.3	647.8	100.0	0	0.0
78.6	71.4	5.3	178.8	645.6	100.0	0	0.0
80.8	74.6	5.7	144.2	643.4	100.0	0	0.0
81.8	76.5	10.0	227.5	641.2	100.0	0	0.0
82.6	79.2	9.9	212.1	638.9	100.0	0	0.0
82.8	79.9	10.7	211.7	636.5	100.0	0	0.0
83.4	79.9	11.9	205.7	634.1	100.0	0	0.0
82.9	78.5	12.4	209.8	631.6	100.0	0	0.0
82.1	77.9	12.4	205.4	629.1	100.0	0	0.0
81.9	77.0	9.1	195.8	626.5	100.0	0	0.0
76.5	74.0	7.5	180.2	623.9	100.0	88	0.0
78.3	72.2	8.9	30.4	621.2	100.0	0	0.0
77.7	70.2	5.3	107.9	618.5	100.0	0	0.0
81.5	74.0	8.7	195.0	615.7	100.0	0	0.0
82.1	77.9	9.3	217.5	612.9	100.0	0	0.0
80.2	76.4	11.8	208.3	610.0	100.0	89	0.0
78.8	75.5	13.6	212.7	607.1	100.0	20	0.0
75.2	71.4	5.3	147.5	604.1	100.0	27	0.0
76.3	69.4	7.2	45.4	601.1	100.0	0	0.0
76.9	66.2	5.5	135.8	598.0	100.0	0	0.0
78.0	71.6	8.0	167.1	594.8	100.0	0	0.0
77.2	69.8	12.0	30.0	591.6	100.0	0	0.0
76.3	74.5	8.2	115.2	588.4	100.0	1	0.0
78.9	73.1	7.8	240.4	585.1	100.0	0	0.0
80.7	78.0	10.6	229.2	581.8	100.0	0	0.0
79.7	76.8	8.7	185.2	578.4	100.0	5	0.0
78.7	75.9	7.7	206.2	575.0	100.0	64	0.0
78.7	76.5	10.0	232.1	571.5	100.0	8	0.0
09	30	2001
76.8	74.7	5.7	177.1	568.0	100.0	5	0.0
75.7	57.8	9.4	43.5	564.5	100.0	1	0.0
75.0	65.9	6.6	32.9	560.9	100.0	0	0.0
76.1	66.1	4.5	129.8	537.0	100.0	0	0.0
76.2	70.6	7.2	159.2	553.6	100.0	0	0.0
74.1	63.4	8.4	43.3	549.8	100.0	0	0.0
75.5	64.4	7.2	57.1	546.1	100.0	0	0.0
78.6	67.2	10.8	106.7	542.3	100.0	0	0.0
81.7	70.7	11.1	135.0	538.4	100.0	0	0.0
78.9	71.3	3.7	128.7	471.6	100.0	0	0.0
75.2	65.0	9.0	126.1	480.8	100.0	43	0.0
75.0	62.1	8.1	40.2	526.7	100.0	0	0.0
72.5	62.6	6.3	42.5	522.7	100.0	0	0.0
71.8	63.9	9.3	63.5	518.7	100.0	0	0.0
70.1	58.1	15.6	36.7	514.6	100.0	0	0.0
71.0	62.0	15.7	38.3	510.6	100.0	0	0.0
69.5	63.7	7.9	107.1	506.4	100.0	0	0.0
67.1	59.2	3.5	115.4	502.4	100.0	0	0.0
71.8	63.8	5.6	83.3	498.4	100.0	0	0.0
76.4	70.2	11.0	156.2	494.4	100.0	11	0.0
76.4	72.6	6.6	176.7	490.3	100.0	19	0.0
75.5	72.4	4.2	182.7	486.2	100.0	0	0.0
76.2	66.0	4.5	65.8	482.1	100.0	1	0.0
78.4	73.0	10.9	185.0	477.9	100.0	27	0.0
71.8	67.5	7.9	253.3	473.8	100.0	37	0.0
66.0	53.1	7.3	302.3	469.6	100.0	0	0.0
66.3	51.7	4.2	180.4	465.4	100.0	0	0.0
65.8	55.8	9.2	103.8	461.1	100.0	0	0.0
63.6	51.7	11.3	210.4	456.9	100.0	0	0.0
61.4	53.9	13.0	231.7	452.6	100.0	0	0.0
10	31	2001
59.9	49.5	8.0	299.2	448.4	100.0	0	0.0
65.6	56.3	5.3	235.0	423.1	100.0	0	0.0
69.6	62.3	7.1	225.4	439.8	100.0	0	0.0
72.4	64.6	9.8	232.5	435.4	100.0	0	0.0
74.1	66.3	9.6	225.0	431.1	100.0	0	0.0
72.1	68.1	13.7	184.0	426.8	100.0	37	0.0
59.4	44.6	9.0	119.8	422.4	100.0	1	0.0
56.6	39.9	9.8	31.6	418.1	100.0	0	0.0
62.0	49.9	10.2	47.5	413.9	100.0	0	0.0
70.3	53.3	9.2	107.9	409.6	100.0	0	0.0
68.9	56.4	8.1	95.2	405.4	100.0	0	0.0
66.8	59.8	6.3	55.4	401.1	100.0	0	0.0
67.1	60.6	5.4	85.0	396.9	100.0	0	0.0
73.8	67.3	12.1	184.2	392.7	100.0	11	0.0
67.5	57.7	9.8	114.6	388.4	100.0	31	0.0
69.8	62.9	9.1	141.0	384.2	100.0	0	0.0
58.7	40.8	10.3	310.4	380.0	100.0	0	0.0
56.9	43.5	8.6	51.2	375.9	100.0	0	0.0
65.0	53.8	7.1	87.5	371.7	100.0	0	0.0
70.1	60.5	6.0	80.9	344.9	100.0	0	0.0
69.9	62.6	6.0	80.8	363.4	100.0	0	0.0
71.6	65.5	6.8	46.7	359.3	100.0	0	0.0
73.6	70.8	5.8	166.2	355.2	100.0	1	0.0
74.2	63.8	6.6	209.0	351.2	100.0	20	0.0
74.1	64.1	13.3	254.4	347.1	100.0	0	0.0
63.5	22.4	13.3	299.6	331.1	100.0	0	0.0
51.2	7.9	10.8	329.2	339.2	100.0	0	0.0
50.3	10.0	11.9	208.8	335.2	100.0	0	0.0
51.7	31.8	7.1	152.1	331.4	100.0	0	0.0
55.5	47.1	6.3	186.7	327.5	100.0	0	0.0
60.7	57.5	7.0	54.6	323.7	100.0	0	0.0
11	30	2001
69.0	61.8	9.0	139.2	319.9	100.0	23	0.0
71.4	62.9	8.0	149.8	316.2	100.0	6	0.0
69.7	64.1	5.4	237.9	312.6	100.0	9	0.0
61.6	56.0	8.2	48.8	309.0	100.0	0	0.0
56.2	41.5	11.3	109.2	305.5	100.0	0	0.0
52.6	37.9	10.6	170.4	302.1	100.0	0	0.0
58.6	42.4	7.8	282.6	263.9	100.0	0	0.0
62.1	51.2	7.8	268.8	295.3	100.0	0	0.0
56.7	46.4	10.0	131.3	275.5	100.0	0	0.0
56.6	45.1	8.6	164.6	288.7	100.0	0	0.0
59.6	47.9	10.4	145.8	285.5	100.0	0	0.0
52.7	39.3	10.5	32.1	282.4	100.0	0	0.0
55.7	47.5	9.8	45.0	275.6	100.0	0	0.0
61.5	53.4	9.1	51.7	276.2	100.0	0	0.0
63.3	57.5	9.8	45.0	273.2	100.0	0	0.0
62.0	58.3	9.2	34.4	270.3	100.0	2	0.0
60.5	55.0	9.8	27.1	267.4	100.0	1	0.0
59.6	53.7	9.9	40.8	264.6	100.0	0	0.0
64.3	58.0	7.2	105.8	261.9	100.0	1	0.0
60.0	51.6	11.0	157.2	259.2	100.0	0	0.0
49.0	31.6	7.7	34.4	220.8	100.0	0	0.0
49.6	41.0	3.2	100.0	254.1	100.0	0	0.0
62.1	55.3	8.0	82.9	251.6	100.0	0	0.0
67.8	59.8	13.5	152.7	249.2	100.0	33	0.0
68.2	61.1	11.4	169.1	246.9	100.0	13	0.0
66.8	63.9	3.4	112.3	244.6	100.0	0	0.0
63.5	60.7	3.2	45.8	242.5	100.0	1	0.0
64.6	62.2	4.5	228.0	240.3	100.0	1	0.0
65.5	62.0	5.6	162.6	197.5	100.0	1	0.0
69.8	63.8	10.2	193.1	236.3	100.0	0	0.0
12	31	2001
70.4	66.0	7.5	235.4	234.5	100.0	0	0.0
61.9	59.3	10.0	125.8	232.7	100.0	13	0.0
59.5	53.4	11.8	37.9	230.9	100.0	0	0.0
59.3	55.2	7.9	34.6	229.3	100.0	2	0.0
61.7	52.7	5.1	17.1	227.7	100.0	0	0.0
64.3	58.0	5.5	164.6	226.2	100.0	1	0.0
66.3	60.8	7.2	228.8	224.8	100.0	0	0.0
67.9	62.1	7.6	140.8	223.5	100.0	1	0.0
59.4	51.7	13.8	111.2	222.2	100.0	19	0.0
58.0	51.2	8.2	37.3	221.1	100.0	5	0.0
63.0	60.9	10.6	149.6	220.0	100.0	88	0.0
60.5	58.3	8.8	26.9	218.9	100.0	3	0.0
60.7	59.8	4.9	112.3	218.1	100.0	0	0.0
67.6	65.3	10.6	225.2	217.3	100.0	0	0.0
59.9	50.5	12.1	122.3	216.6	100.0	1	0.0
52.0	43.0	8.1	41.2	216.0	100.0	0	0.0
60.2	55.4	9.3	120.8	215.4	100.0	4	0.0
61.6	50.2	14.4	287.5	215.0	100.0	7	0.0
56.6	48.4	6.1	103.3	214.6	100.0	0	0.0
53.0	33.9	15.0	301.2	214.3	100.0	0	0.0
47.3	22.2	13.4	296.7	214.1	100.0	0	0.0
41.6	30.7	6.2	121.7	186.6	100.0	0	0.0
52.5	43.7	9.6	152.1	213.9	100.0	0	0.0
57.2	50.2	9.5	246.7	214.0	100.0	36	0.0
46.8	30.8	6.2	191.7	214.1	100.0	0	0.0
47.6	42.5	7.7	211.0	214.3	100.0	4	0.0
41.8	21.6	11.9	285.4	214.5	100.0	0	0.0
50.7	34.2	15.1	253.8	214.9	100.0	0	0.0
53.4	39.6	11.2	262.0	215.3	100.0	0	0.0
39.2	22.3	7.7	291.2	215.8	100.0	0	0.0
41.5	22.8	4.7	181.2	216.4	100.0	0	0.0
