01	31	2000
48.7	47.6	1.4	58.3	217.3	100.0	0	0.0
57.7	54.1	5.9	156.9	218.1	100.0	0	0.0
60.7	55.9	7.2	176.6	219.0	100.0	0	0.0
59.0	52.9	11.2	211.8	219.9	100.0	19	0.0
39.0	21.4	8.3	159.3	194.9	100.0	0	0.0
38.4	25.9	3.0	140.2	187.4	100.0	0	0.0
48.0	28.8	4.8	223.1	223.2	100.0	0	0.0
41.6	26.8	2.5	116.0	224.5	100.0	3	0.0
43.6	42.5	1.9	93.0	225.8	100.0	20	0.0
53.4	43.7	6.5	183.7	227.2	100.0	24	0.0
56.5	29.0	7.8	214.8	228.7	100.0	0	0.0
51.1	32.8	5.2	124.2	230.3	100.0	0	0.0
55.1	35.5	10.8	257.3	232.0	100.0	0	0.0
34.7	9.1	6.9	231.7	233.7	100.0	0	0.0
34.5	13.0	5.1	123.3	207.2	100.0	0	0.0
50.0	32.2	7.2	194.1	198.1	100.0	0	0.0
42.6	13.6	8.3	84.4	239.4	100.0	0	0.0
30.8	28.3	4.4	107.3	241.5	100.0	5	13.1
35.4	32.7	3.9	81.7	243.6	100.0	7	0.0
39.1	26.2	10.0	249.7	245.8	100.0	4	0.0
29.0	3.5	6.1	282.1	248.1	100.0	0	0.0
26.0	15.1	3.4	97.1	250.4	100.0	11	47.7
30.6	30.2	4.4	75.5	252.8	100.0	29	74.1
32.6	31.6	10.6	141.6	255.3	100.0	12	27.9
32.6	19.8	6.2	232.3	257.9	100.0	3	7.6
27.8	10.8	8.5	316.8	216.7	100.0	0	0.0
24.8	7.5	4.0	231.9	263.2	100.0	0	0.0
29.5	7.9	3.7	101.7	266.0	100.0	0	0.0
30.4	18.4	6.1	69.6	232.4	100.0	18	46.1
30.8	30.8	6.7	217.5	271.7	100.0	24	60.4
29.9	28.8	3.0	167.6	274.7	100.0	0	0.0
02	29	2000
31.0	23.1	3.7	198.1	277.7	100.0	0	0.0
33.7	18.0	3.5	162.5	280.8	100.0	0	0.0
40.2	20.2	6.1	179.2	283.9	100.0	0	0.0
39.6	22.8	5.8	215.8	287.2	100.0	0	0.0
35.9	20.9	4.7	211.9	290.5	100.0	0	0.0
38.6	20.2	4.2	134.4	293.9	100.0	0	0.0
44.5	25.4	3.7	185.6	297.4	100.0	0	0.0
45.2	32.0	7.7	83.5	301.0	100.0	0	0.0
43.8	33.2	3.7	131.5	304.5	100.0	0	0.0
49.2	34.5	4.5	161.0	308.2	100.0	0	0.0
58.3	47.1	4.8	128.3	311.9	100.0	7	0.0
42.3	41.7	9.4	87.2	315.6	100.0	65	0.0
36.0	35.7	4.7	81.3	319.4	100.0	7	0.0
53.9	48.0	41.0	237.9	323.2	100.0	32	0.0
46.8	32.1	4.1	149.6	327.0	100.0	0	0.0
55.7	43.0	6.1	171.5	330.9	100.0	0	0.0
49.5	33.2	10.3	87.8	316.9	100.0	16	0.0
39.7	39.5	5.2	117.5	338.9	100.0	13	0.0
53.2	46.6	8.7	258.0	342.9	100.0	0	0.0
42.5	27.2	5.5	253.8	346.9	100.0	0	0.0
42.8	24.7	4.6	145.4	345.1	100.0	0	0.0
44.4	29.0	2.4	83.1	355.1	100.0	0	0.0
51.0	32.4	1.5	48.5	316.3	100.0	0	0.0
57.5	46.5	4.2	131.9	363.3	100.0	0	0.0
62.1	51.6	4.8	141.9	367.5	100.0	0	0.0
60.8	51.6	7.6	145.4	307.9	100.0	0	0.0
58.5	54.8	8.2	158.4	375.9	100.0	10	0.0
52.1	34.2	7.3	307.3	380.1	100.0	0	0.0
50.6	30.8	2.8	106.2	384.4	100.0	0	0.0
03	31	2000
57.7	44.8	6.9	189.6	371.6	100.0	0	0.0
57.1	34.0	5.6	261.5	392.9	100.0	0	0.0
49.9	30.2	2.7	96.9	397.1	100.0	0	0.0
48.8	42.6	5.9	147.4	401.4	100.0	13	0.0
54.7	37.4	4.4	228.3	405.7	100.0	0	0.0
60.8	40.4	5.0	207.7	409.9	100.0	0	0.0
60.7	43.0	4.2	166.7	354.2	100.0	0	0.0
67.0	46.2	5.5	154.8	418.5	100.0	0	0.0
68.8	53.4	8.4	196.9	422.8	100.0	0	0.0
66.8	54.4	5.0	149.4	427.1	100.0	0	0.0
63.6	57.5	11.1	189.9	431.5	100.0	20	0.0
46.1	31.3	11.2	289.5	435.9	100.0	0	0.0
41.5	22.3	4.3	156.7	440.3	100.0	0	0.0
48.2	29.1	3.0	128.5	444.7	100.0	0	0.0
55.9	36.6	4.6	104.1	449.1	100.0	0	0.0
59.1	55.5	6.3	139.8	453.5	100.0	68	0.0
58.1	44.0	12.8	217.2	457.9	100.0	0	0.0
43.3	22.0	9.4	72.3	462.2	100.0	0	0.0
47.6	37.4	10.3	67.3	466.6	100.0	0	0.0
54.8	53.2	11.6	140.2	470.9	100.0	104	0.0
51.6	45.4	8.3	139.8	475.2	100.0	0	0.0
54.6	43.2	9.1	174.0	479.4	100.0	0	0.0
55.4	44.7	7.8	83.3	483.7	100.0	0	0.0
57.2	45.4	3.1	94.0	487.9	100.0	0	0.0
63.7	50.4	6.3	200.8	492.1	100.0	0	0.0
63.6	41.2	5.2	222.5	496.3	100.0	0	0.0
54.2	49.0	4.7	137.6	500.5	100.0	12	0.0
56.4	33.2	9.4	252.3	504.6	100.0	0	0.0
49.3	33.0	3.6	147.9	508.7	100.0	0	0.0
56.0	46.9	5.9	75.7	512.7	100.0	1	0.0
58.1	43.7	4.9	95.0	516.8	100.0	5	0.0
04	30	2000
59.4	44.1	6.4	141.5	520.7	100.0	0	0.0
58.2	53.4	4.9	112.0	524.7	100.0	19	0.0
68.2	61.6	42.5	183.8	528.6	100.0	19	0.0
56.6	42.8	11.0	249.7	532.5	100.0	4	0.0
48.0	24.3	5.3	171.7	536.3	100.0	0	0.0
62.3	41.9	7.8	192.3	540.1	100.0	0	0.0
65.8	48.4	7.2	145.2	543.9	100.0	0	0.0
53.9	44.0	11.7	238.3	473.7	100.0	18	0.0
47.9	23.0	7.4	241.2	551.2	100.0	0	0.0
58.2	34.8	5.4	132.1	554.8	100.0	0	0.0
63.8	45.6	8.6	190.4	558.4	100.0	0	0.0
64.8	52.1	6.0	121.2	562.0	100.0	0	0.0
44.1	39.2	10.7	62.0	565.6	100.0	73	0.0
46.2	45.6	9.3	71.2	544.7	100.0	65	0.0
54.0	53.7	6.2	181.8	572.6	100.0	45	0.0
63.9	57.4	2.9	77.9	576.1	100.0	0	0.0
64.2	56.6	7.7	193.2	579.4	100.0	15	0.0
58.3	52.0	8.8	208.5	582.8	100.0	0	0.0
62.5	51.4	5.3	158.8	586.1	100.0	0	0.0
67.3	56.1	8.6	137.0	589.3	100.0	0	0.0
63.7	50.0	11.4	234.8	592.5	100.0	0	0.0
52.9	39.5	9.9	313.4	568.4	100.0	0	0.0
55.9	43.1	4.2	198.5	598.8	100.0	0	0.0
58.6	53.3	7.0	71.3	574.1	100.0	33	0.0
51.2	49.5	9.2	144.9	605.1	100.0	10	0.0
52.0	47.6	4.1	147.3	608.2	100.0	5	0.0
55.1	43.4	3.4	130.3	580.1	100.0	0	0.0
53.9	51.5	7.8	196.1	614.2	100.0	28	0.0
54.1	48.3	2.8	111.7	617.1	100.0	0	0.0
60.8	45.8	4.0	142.6	620.0	100.0	0	0.0
05	31	2000
65.5	48.9	7.6	149.2	622.8	100.0	0	0.0
68.4	58.4	5.2	152.5	625.5	100.0	0	0.0
67.7	60.6	6.8	135.9	628.2	100.0	2	0.0
66.9	57.0	4.8	120.0	630.9	100.0	0	0.0
66.5	56.1	3.8	109.8	633.5	100.0	0	0.0
70.9	59.5	3.8	142.5	636.1	100.0	0	0.0
71.8	58.6	4.9	158.8	638.6	100.0	0	0.0
72.3	60.5	6.4	194.6	641.0	100.0	0	0.0
73.1	62.0	6.7	195.0	643.4	100.0	0	0.0
70.1	61.5	7.7	211.4	645.7	100.0	31	0.0
67.4	52.2	3.9	162.2	583.1	100.0	0	0.0
75.6	63.5	6.6	189.6	650.2	100.0	0	0.0
75.3	66.7	5.6	177.3	648.8	100.0	10	0.0
68.3	54.5	5.4	137.5	654.5	100.0	0	0.0
62.3	41.4	9.3	55.4	656.6	100.0	0	0.0
64.7	45.4	6.0	147.7	658.6	100.0	0	0.0
68.9	59.5	6.3	198.3	660.5	100.0	0	0.0
73.8	62.1	8.7	181.2	662.4	100.0	0	0.0
77.0	59.8	6.8	200.4	664.2	100.0	0	0.0
75.8	63.4	5.1	213.0	666.0	100.0	0	0.0
71.7	66.2	2.8	85.6	667.8	100.0	1	0.0
71.5	58.9	4.3	148.3	669.4	100.0	0	0.0
68.4	60.2	5.1	159.6	635.1	100.0	9	0.0
72.9	67.3	4.2	165.7	672.6	100.0	4	0.0
74.8	68.4	5.1	157.9	674.1	100.0	5	0.0
70.6	58.6	2.9	115.0	608.9	100.0	0	0.0
78.5	68.3	5.2	171.7	677.0	100.0	0	0.0
74.0	66.8	4.1	140.4	673.0	100.0	6	0.0
65.3	57.2	10.2	144.8	679.6	100.0	0	0.0
62.6	50.1	9.1	103.1	680.9	100.0	0	0.0
65.3	54.3	4.8	127.7	682.0	100.0	0	0.0
06	30	2000
76.3	62.8	2.3	113.3	683.2	100.0	0	0.0
81.6	65.0	3.2	164.6	684.2	100.0	0	0.0
79.0	66.6	4.9	150.4	685.3	100.0	6	0.0
71.0	68.9	5.8	109.8	686.2	100.0	10	0.0
68.4	67.2	4.3	71.6	680.9	100.0	27	0.0
67.9	56.7	8.3	258.8	688.0	100.0	0	0.0
65.2	48.1	7.1	144.0	688.8	100.0	0	0.0
68.6	54.0	4.2	125.7	636.9	100.0	0	0.0
73.4	59.5	3.9	102.1	690.3	100.0	0	0.0
76.8	61.4	5.6	168.9	690.9	100.0	0	0.0
77.3	63.2	4.4	153.3	691.5	100.0	0	0.0
79.5	64.3	4.0	126.2	692.0	100.0	0	0.0
82.2	67.4	5.5	160.6	692.5	100.0	0	0.0
79.6	69.8	7.7	147.6	604.3	100.0	0	0.0
76.8	69.8	7.9	173.3	693.4	100.0	21	0.0
77.5	69.5	6.5	158.6	641.1	100.0	0	0.0
78.7	70.2	6.4	168.3	694.0	100.0	0	0.0
77.9	71.4	5.2	166.6	694.2	100.0	24	0.0
76.3	71.2	3.2	132.2	694.4	100.0	0	0.0
75.5	70.2	5.1	68.3	627.5	100.0	0	0.0
80.3	70.8	5.5	168.4	694.6	100.0	0	0.0
77.8	70.8	3.7	167.4	694.6	100.0	0	0.0
76.4	62.7	3.4	219.8	611.3	100.0	0	0.0
79.9	66.0	6.4	135.6	694.5	100.0	0	0.0
78.0	69.2	6.1	170.9	694.3	100.0	6	0.0
77.8	68.5	6.8	182.7	694.1	100.0	15	0.0
77.7	69.0	8.4	190.2	693.9	100.0	2	0.0
75.6	70.4	6.5	166.7	693.6	100.0	39	0.0
71.3	68.7	3.0	139.0	693.3	100.0	17	0.0
72.3	59.1	4.4	166.7	692.9	100.0	0	0.0
07	31	2000
74.5	61.5	3.1	122.1	692.4	100.0	0	0.0
75.7	65.2	4.7	88.5	691.9	100.0	0	0.0
78.1	66.8	7.5	191.9	691.4	100.0	0	0.0
79.5	66.9	5.5	166.5	634.0	100.0	0	0.0
80.2	71.3	2.8	170.4	690.1	100.0	0	0.0
80.9	71.2	5.8	142.3	689.4	100.0	9	0.0
77.3	69.6	8.3	89.6	688.6	100.0	1	0.0
76.8	66.8	5.2	131.5	687.8	100.0	0	0.0
83.1	68.4	7.1	200.6	687.0	100.0	0	0.0
84.2	68.2	6.3	202.5	686.0	100.0	0	0.0
82.4	68.1	5.2	126.1	681.7	100.0	7	0.0
75.2	71.8	6.1	110.1	684.0	100.0	14	0.0
72.1	69.7	5.1	107.2	683.0	100.0	1	0.0
77.4	69.8	4.2	149.2	681.8	100.0	0	0.0
76.2	63.9	6.0	263.7	624.2	100.0	0	0.0
76.1	62.6	3.6	184.6	679.4	100.0	0	0.0
76.7	62.3	6.0	231.5	678.1	100.0	0	0.0
79.1	65.5	3.6	168.3	676.8	100.0	0	0.0
80.2	69.2	6.0	174.1	592.9	100.0	7	0.0
78.4	66.5	6.6	108.1	674.0	100.0	0	0.0
76.1	67.0	7.2	80.8	672.5	100.0	0	0.0
76.7	70.3	6.0	110.4	670.9	100.0	0	0.0
74.2	69.2	7.6	81.8	669.3	100.0	7	0.0
70.1	66.6	8.3	93.3	667.6	100.0	3	0.0
65.8	63.6	8.7	91.2	665.9	100.0	8	0.0
70.6	66.0	5.6	185.3	664.1	100.0	0	0.0
74.2	66.2	3.4	104.8	624.2	100.0	1	0.0
75.7	66.4	3.4	124.6	660.5	100.0	0	0.0
76.0	66.9	5.1	118.5	658.5	100.0	2	0.0
78.4	70.3	7.3	128.5	656.6	100.0	0	0.0
77.5	70.4	6.5	159.8	654.5	100.0	0	0.0
08	31	2000
72.8	70.3	4.7	148.8	652.4	100.0	43	0.0
74.0	70.6	4.8	134.1	650.3	100.0	2	0.0
74.6	71.1	4.9	167.9	648.1	100.0	9	0.0
73.6	71.2	3.8	145.8	645.9	100.0	19	0.0
76.7	68.8	3.4	114.4	643.6	100.0	0	0.0
78.3	72.8	3.5	119.4	641.2	100.0	0	0.0
82.5	73.2	6.5	196.5	638.8	100.0	0	0.0
82.2	72.4	4.9	192.1	636.4	100.0	5	0.0
82.2	72.5	3.6	199.8	633.9	100.0	0	0.0
77.5	70.0	5.8	214.2	631.3	100.0	16	0.0
77.3	66.0	7.1	250.0	628.7	100.0	0	0.0
73.5	60.5	7.3	188.2	574.1	100.0	0	0.0
70.3	58.9	5.5	200.5	623.3	100.0	0	0.0
72.1	59.9	3.9	187.9	620.5	100.0	0	0.0
75.7	62.1	4.6	162.5	617.7	100.0	0	0.0
81.0	66.7	2.4	78.5	614.9	100.0	0	0.0
80.3	63.4	4.2	85.0	612.1	100.0	0	0.0
78.7	68.2	6.0	193.6	537.7	100.0	15	0.0
76.2	65.0	7.7	86.9	606.2	100.0	0	0.0
73.0	60.8	7.0	80.8	603.2	100.0	0	0.0
70.9	59.6	5.3	126.9	600.2	100.0	0	0.0
72.1	57.8	4.3	97.1	597.1	100.0	0	0.0
73.8	62.0	3.5	136.0	594.0	100.0	0	0.0
75.4	67.9	2.6	97.6	590.8	100.0	12	0.0
77.0	67.6	4.5	123.3	587.6	100.0	15	0.0
73.8	66.2	5.9	136.5	584.3	100.0	0	0.0
74.7	70.0	4.8	168.3	581.0	100.0	0	0.0
73.9	66.5	6.5	117.6	577.6	100.0	0	0.0
73.5	66.5	8.1	106.2	574.2	100.0	0	0.0
73.0	69.1	11.8	125.6	570.7	100.0	8	0.0
76.6	72.3	7.2	90.2	509.8	100.0	7	0.0
09	30	2000
75.9	73.0	3.0	69.2	563.6	100.0	38	0.0
74.9	72.7	5.5	107.7	560.1	100.0	33	0.0
73.6	72.6	3.5	117.3	556.6	100.0	27	0.0
73.8	72.4	1.6	61.0	553.1	100.0	1	0.0
66.5	63.9	11.0	83.7	549.5	100.0	1	0.0
61.5	55.9	12.1	20.3	545.9	100.0	0	0.0
66.7	61.0	10.2	65.6	542.3	100.0	0	0.0
69.1	63.6	3.8	99.8	538.6	100.0	0	0.0
71.8	66.0	2.1	90.4	534.8	100.0	0	0.0
73.2	66.1	0.7	43.8	531.0	100.0	0	0.0
74.4	66.5	2.8	95.4	527.2	100.0	0	0.0
73.0	65.4	2.9	117.3	523.4	100.0	0	0.0
77.1	68.8	2.2	72.0	513.1	100.0	0	0.0
78.1	71.9	5.2	151.1	515.5	100.0	0	0.0
71.9	59.9	6.7	284.1	458.1	100.0	0	0.0
60.6	47.3	7.2	173.1	507.6	100.0	0	0.0
58.4	47.9	5.6	126.0	503.6	100.0	0	0.0
60.6	56.9	9.1	209.5	499.5	100.0	128	0.0
69.1	65.2	6.3	213.5	495.4	100.0	5	0.0
73.1	67.1	7.2	163.5	491.3	100.0	0	0.0
72.7	69.4	4.9	159.7	487.1	100.0	7	0.0
65.7	62.8	7.1	69.0	483.0	100.0	86	0.0
70.6	67.4	7.1	204.1	478.8	100.0	50	0.0
76.1	71.3	2.7	119.4	474.6	100.0	0	0.0
74.0	71.7	6.6	174.1	470.3	100.0	6	0.0
58.1	52.0	9.5	240.4	448.7	100.0	0	0.0
57.1	49.7	4.5	186.2	461.8	100.0	0	0.0
61.8	49.8	6.2	112.9	457.5	100.0	0	0.0
60.7	53.8	9.8	81.7	453.2	100.0	0	0.0
62.5	56.3	7.8	107.5	448.9	100.0	0	0.0
10	31	2000
62.0	54.7	8.8	226.2	444.6	100.0	1	0.0
64.0	57.0	4.5	230.0	440.2	100.0	0	0.0
69.3	61.6	3.4	113.5	435.9	100.0	0	0.0
68.9	62.0	2.5	106.5	431.5	100.0	0	0.0
69.2	61.7	3.5	118.5	427.1	100.0	0	0.0
70.2	62.5	5.0	159.1	422.8	100.0	0	0.0
60.6	44.6	9.2	89.3	372.1	100.0	0	0.0
46.3	29.2	10.4	105.8	414.1	100.0	0	0.0
43.6	28.0	8.3	291.9	409.7	100.0	0	0.0
48.0	32.2	4.2	204.0	405.4	100.0	0	0.0
50.8	36.6	3.2	190.0	401.0	100.0	0	0.0
54.9	39.2	4.8	226.9	396.7	100.0	0	0.0
57.1	42.3	3.2	198.3	392.3	100.0	0	0.0
59.7	45.1	2.2	145.6	388.0	100.0	0	0.0
60.3	46.9	2.8	115.0	383.9	100.0	0	0.0
62.7	49.1	2.3	161.2	379.7	100.0	0	0.0
67.0	54.6	3.9	127.9	375.6	100.0	0	0.0
66.5	56.8	4.2	142.7	371.5	100.0	0	0.0
60.4	47.9	4.2	80.8	367.4	100.0	0	0.0
60.2	50.0	2.2	108.5	363.2	100.0	0	0.0
62.4	54.9	1.6	46.1	318.3	100.0	0	0.0
66.8	54.4	5.6	152.3	355.1	100.0	0	0.0
61.9	49.7	5.8	93.3	351.1	100.0	0	0.0
60.7	48.9	1.4	63.8	347.1	100.0	0	0.0
63.5	53.6	2.4	45.2	343.1	100.0	0	0.0
64.1	49.6	4.7	109.8	339.2	100.0	0	0.0
62.9	52.2	5.9	239.8	335.2	100.0	0	0.0
67.2	51.6	6.2	175.0	331.4	100.0	0	0.0
57.0	40.0	5.0	96.5	327.5	100.0	0	0.0
54.6	28.7	3.2	149.6	323.7	100.0	0	0.0
53.5	30.1	2.6	128.5	319.9	100.0	0	0.0
11	30	2000
53.2	33.8	3.1	157.1	316.3	100.0	0	0.0
55.9	38.5	2.0	138.5	312.7	100.0	0	0.0
61.4	48.8	2.8	166.9	309.2	100.0	0	0.0
63.0	54.9	4.2	157.5	305.7	100.0	10	0.0
56.6	40.4	4.9	56.0	302.2	100.0	2	0.0
54.6	39.7	4.7	142.9	298.8	100.0	0	0.0
57.8	52.8	2.7	38.3	290.8	100.0	2	0.0
64.2	59.7	2.7	95.6	292.1	100.0	0	0.0
67.6	63.9	9.7	170.9	288.9	100.0	32	0.0
56.0	43.3	7.0	246.9	285.7	100.0	0	0.0
49.2	32.4	6.5	168.3	282.5	100.0	0	0.0
49.7	36.8	3.6	159.8	279.4	100.0	0	0.0
51.9	42.8	4.3	112.0	235.3	100.0	0	0.0
51.7	38.8	5.8	248.3	273.4	100.0	34	0.0
42.4	27.9	4.2	212.7	270.5	100.0	0	0.0
43.3	36.2	4.0	135.6	267.7	100.0	7	0.0
46.0	41.8	3.9	144.0	264.9	100.0	12	0.0
39.0	25.5	4.3	67.3	262.2	100.0	0	0.0
35.3	33.5	2.7	120.0	259.5	100.0	41	60.1
40.1	29.4	5.8	222.7	256.9	100.0	0	0.0
33.2	12.1	6.2	254.2	254.4	100.0	0	0.0
34.0	16.1	3.3	108.5	251.9	100.0	0	0.0
40.7	27.8	4.2	119.2	249.6	100.0	0	0.0
44.2	33.2	6.0	79.8	247.2	100.0	0	0.0
43.5	42.1	8.8	116.9	245.0	100.0	41	0.0
47.0	43.4	4.3	145.8	242.8	100.0	0	0.0
47.0	36.6	4.0	162.3	240.7	100.0	0	0.0
45.1	31.5	0.9	28.1	238.7	100.0	0	0.0
49.7	39.6	5.6	151.5	236.8	100.0	0	0.0
43.8	23.8	7.4	225.2	199.4	100.0	0	0.0
12	31	2000
40.3	26.6	4.3	130.0	197.9	100.0	0	0.0
38.9	32.9	6.7	92.1	231.4	100.0	2	0.0
33.3	16.1	10.8	78.3	229.8	100.0	0	0.0
32.9	7.5	3.9	131.9	228.2	100.0	0	0.0
37.4	21.6	4.2	207.1	226.8	100.0	0	0.0
34.4	19.4	2.7	84.0	225.4	100.0	0	0.0
41.2	25.0	4.0	162.7	224.0	100.0	0	0.0
47.4	28.2	4.1	142.3	222.8	100.0	0	0.0
44.6	30.1	7.0	55.6	221.7	100.0	0	0.0
39.8	31.2	7.0	89.2	220.6	100.0	0	0.0
44.7	41.8	4.3	103.1	219.6	100.0	0	0.0
47.4	29.5	11.7	212.9	218.7	100.0	0	0.0
32.5	19.4	8.3	85.8	215.5	100.0	6	15.2
39.6	39.1	4.0	165.6	217.1	100.0	8	19.9
40.2	37.1	7.0	49.0	204.2	100.0	0	0.0
38.6	37.9	7.0	71.0	215.9	100.0	21	0.0
43.3	29.8	10.8	222.2	215.4	100.0	14	0.0
33.0	19.9	3.5	120.2	215.0	100.0	0	0.0
33.5	27.5	8.2	228.8	214.7	100.0	12	8.5
26.6	10.4	5.2	196.7	214.4	100.0	0	0.0
30.3	18.1	4.6	136.6	214.3	100.0	2	5.7
31.2	16.0	7.7	220.4	214.2	100.0	0	0.0
26.5	6.7	4.7	109.0	214.2	100.0	0	0.0
34.1	14.8	3.3	154.2	214.3	100.0	0	0.0
29.7	5.9	9.4	98.1	214.5	100.0	0	0.0
29.0	7.0	2.2	71.9	214.8	100.0	0	0.0
33.6	25.0	2.2	100.8	215.2	100.0	2	5.9
34.4	22.5	7.2	70.2	215.6	100.0	0	0.0
30.0	12.6	3.4	85.0	216.1	100.0	0	0.0
28.3	10.2	7.3	253.3	216.7	100.0	0	0.0
26.6	10.0	5.6	249.8	217.4	100.0	0	0.0
