01	31	2010
38.4	27.7	8.2	251.8	170.2	68.2	0	0.0
25.2	5.5	13.6	317.3	193.1	90.6	0	0.0
22.5	2.9	12.8	301.9	209.9	100.0	0	0.0
24.7	8.1	11.1	301.7	207.8	97.9	0	0.0
26.6	10.6	11.8	290.0	183.2	71.3	0	0.0
28.7	13.0	12.1	298.8	211.1	98.4	0	0.0
33.2	13.3	5.3	207.1	182.2	60.4	2	0.0
26.5	10.2	13.7	302.0	215.3	81.1	2	0.0
24.6	8.2	5.3	271.9	214.9	97.4	0	0.0
26.5	6.3	4.2	199.0	218.1	100.0	0	0.0
30.6	8.6	4.8	208.5	202.0	69.3	0	0.0
32.6	16.1	6.4	292.1	165.7	56.2	0	0.0
31.2	13.7	4.2	179.4	222.8	100.0	0	0.0
39.4	17.9	4.2	148.8	224.6	100.0	0	0.0
43.9	20.0	2.6	98.3	226.4	100.0	0	0.0
45.7	24.4	2.0	90.0	228.3	76.6	1	0.0
44.3	43.3	6.9	112.3	109.0	12.8	77	0.0
48.1	37.5	5.6	230.1	230.4	86.8	0	0.0
50.1	35.2	5.7	224.6	234.4	95.3	0	0.0
48.2	39.6	6.4	138.7	168.8	43.1	3	0.0
35.3	33.8	13.9	48.8	121.6	15.6	30	49.1
37.9	35.4	7.8	55.1	121.8	13.9	1	2.5
41.1	29.1	5.8	74.7	233.0	65.6	0	0.0
48.8	44.6	11.0	112.5	116.9	12.6	57	0.0
54.5	41.6	18.1	239.1	200.0	31.8	68	0.0
38.9	20.8	12.9	270.2	222.3	72.4	0	0.0
36.0	20.6	6.7	260.0	254.0	93.2	0	0.0
44.6	24.0	9.2	257.5	256.8	90.6	0	0.0
34.7	15.8	7.7	76.2	168.7	52.5	7	16.6
22.2	17.3	12.5	41.4	118.2	11.9	28	117.8
25.3	13.6	1.5	76.0	265.5	93.2	0	0.0
02	28	2010
31.4	15.6	1.4	44.6	268.5	100.0	0	0.0
34.2	28.0	5.4	91.2	132.2	17.9	34	78.7
38.0	28.6	4.3	149.7	254.2	68.9	0	0.0
36.3	24.5	3.4	54.6	276.5	75.0	1	0.0
33.4	30.7	12.6	69.0	142.1	12.4	99	246.8
33.7	28.1	7.1	53.1	129.0	17.5	0	0.0
35.1	22.5	2.0	13.5	270.6	66.7	0	0.0
34.6	20.5	4.2	40.6	215.3	44.8	0	0.0
36.0	29.5	4.3	79.3	127.1	13.4	12	0.0
31.3	14.7	23.3	300.4	255.5	61.8	1	2.5
33.6	16.5	11.7	312.1	294.5	91.2	0	0.0
30.3	17.1	2.1	53.2	286.6	67.6	8	20.1
31.9	18.4	10.0	268.7	294.0	63.3	2	4.6
32.3	13.8	6.8	255.4	314.2	94.8	0	0.0
35.7	26.3	9.3	226.2	184.9	41.7	11	0.0
29.8	12.7	12.5	285.8	277.7	83.8	0	0.0
30.4	15.0	11.0	277.5	244.1	70.3	0	0.0
35.6	19.5	11.3	288.3	313.8	84.9	0	0.0
39.3	18.5	7.8	288.1	334.4	100.0	0	0.0
45.0	15.1	3.6	191.2	338.5	100.0	0	0.0
47.6	24.6	3.7	113.5	342.6	100.0	0	0.0
46.4	40.4	4.5	145.6	148.5	32.8	7	0.0
47.3	38.2	3.6	97.5	221.2	28.4	0	0.0
37.2	32.8	6.0	56.7	160.0	15.2	12	0.0
32.5	15.6	16.2	306.5	314.9	57.8	0	0.0
36.3	14.2	16.6	281.0	362.0	95.3	0	0.0
37.1	18.7	10.6	292.5	328.1	74.5	0	0.0
38.5	23.3	12.5	306.9	296.1	58.3	0	0.0
03	31	2010
38.6	24.1	5.7	249.8	357.9	90.1	0	0.0
35.5	27.1	9.9	34.9	226.7	35.0	12	31.3
36.6	27.1	8.4	312.7	214.1	37.0	1	1.3
38.7	20.0	8.3	303.5	353.2	75.5	0	0.0
38.4	14.3	6.9	229.0	392.0	97.4	0	0.0
42.8	12.8	3.8	93.1	398.1	100.0	0	0.0
45.3	15.0	3.4	170.8	402.4	100.0	0	0.0
53.4	25.5	5.4	221.9	390.9	83.3	0	0.0
55.5	33.5	2.4	82.1	404.6	91.7	0	0.0
56.2	41.4	9.9	202.7	275.1	28.4	1	0.0
55.8	51.4	3.5	124.4	214.1	26.1	24	0.0
59.5	55.9	6.6	91.8	171.1	10.5	27	0.0
53.0	46.3	6.7	232.8	300.4	27.4	30	0.0
50.7	36.5	9.0	297.9	357.4	46.9	0	0.0
50.8	35.9	9.8	300.2	314.9	44.3	0	0.0
49.5	34.9	5.6	189.4	227.4	32.3	0	0.0
51.3	31.8	1.9	86.0	359.2	64.6	0	0.0
56.1	29.9	3.7	65.8	375.9	57.3	0	0.0
58.9	25.4	3.6	124.8	455.1	100.0	0	0.0
60.5	34.1	6.3	201.9	453.0	85.9	0	0.0
58.4	46.5	9.2	163.1	423.6	58.2	2	0.0
51.9	39.5	15.2	221.9	354.1	31.8	0	0.0
48.9	34.5	12.7	281.4	410.4	56.8	0	0.0
57.7	35.7	6.9	230.8	477.0	99.5	0	0.0
59.0	41.7	8.7	206.5	435.4	68.2	3	0.0
52.0	44.0	8.3	157.8	313.6	39.2	6	0.0
45.1	27.0	7.2	86.0	489.9	98.4	0	0.0
50.5	45.2	9.9	165.4	246.6	18.3	170	0.0
54.1	48.5	5.6	155.4	347.1	33.0	16	0.0
56.2	35.2	13.5	291.9	482.6	88.5	0	0.0
62.2	29.2	7.9	270.8	506.7	100.0	0	0.0
04	30	2010
67.7	36.0	3.3	129.6	510.8	100.0	0	0.0
70.8	42.2	5.1	179.4	514.9	100.0	0	0.0
68.2	48.4	8.3	197.7	518.9	100.0	0	0.0
68.9	46.6	3.7	144.2	522.9	100.0	0	0.0
72.9	51.8	6.3	217.5	521.4	90.6	0	0.0
76.9	50.4	9.5	222.5	530.8	99.0	0	0.0
73.8	50.7	11.9	217.3	534.8	100.0	0	0.0
65.8	55.8	13.0	216.7	411.1	51.6	39	0.0
55.9	34.5	9.1	275.4	519.7	70.8	0	0.0
56.1	26.7	3.0	160.6	546.5	100.0	0	0.0
60.1	35.0	4.8	180.6	550.3	100.0	0	0.0
64.3	40.2	6.1	86.7	548.3	95.8	0	0.0
64.7	44.9	8.5	182.5	549.4	88.5	0	0.0
52.1	42.1	8.5	67.2	294.8	26.7	0	0.0
60.9	45.6	3.8	147.1	565.1	86.1	0	0.0
70.0	49.0	9.8	241.2	531.0	84.4	0	0.0
65.7	39.8	10.2	249.4	491.1	77.6	0	0.0
54.8	28.3	4.9	207.3	575.8	100.0	0	0.0
56.2	35.3	3.4	111.5	570.7	95.8	0	0.0
58.5	42.2	5.4	165.0	464.9	49.0	2	0.0
58.0	48.5	5.3	187.2	399.1	31.5	8	0.0
61.7	38.1	8.4	281.5	539.8	78.1	0	0.0
61.7	48.0	3.6	122.1	371.6	59.4	0	0.0
64.2	54.5	7.4	147.9	421.9	34.2	10	0.0
69.2	57.0	13.7	215.2	440.6	51.5	28	0.0
65.1	48.2	12.8	259.6	458.5	59.4	0	0.0
56.2	40.3	11.7	301.5	508.2	60.9	0	0.0
53.9	28.6	8.0	256.9	595.7	93.8	0	0.0
58.7	36.4	5.9	206.5	611.4	100.0	0	0.0
67.7	47.3	9.5	222.9	614.4	100.0	0	0.0
05	31	2010
73.2	62.3	10.1	219.2	476.5	67.2	0	0.0
79.4	66.5	15.7	211.7	449.1	50.4	0	0.0
72.7	65.2	13.0	219.2	438.2	56.6	3	0.0
73.5	55.7	6.7	241.9	600.4	71.3	0	0.0
72.7	55.3	4.5	110.6	578.3	88.0	0	0.0
75.9	57.0	7.8	206.2	588.6	80.2	0	0.0
75.6	52.6	8.7	140.6	621.8	94.3	0	0.0
73.8	46.5	14.6	279.6	613.7	92.2	0	0.0
57.7	30.5	8.5	290.6	632.5	95.8	0	0.0
56.8	33.4	5.0	124.4	641.6	90.6	0	0.0
59.1	48.7	8.1	183.8	445.2	24.5	4	0.0
71.4	61.7	9.7	232.2	492.6	48.1	0	0.0
71.4	65.1	5.7	76.5	572.7	76.7	0	0.0
76.8	65.1	7.1	155.4	578.3	50.9	0	0.0
76.7	60.7	5.2	193.2	626.0	79.1	16	0.0
70.8	64.1	6.8	94.5	474.9	31.1	11	0.0
60.2	57.8	9.1	50.4	294.1	10.8	43	0.0
59.4	53.6	4.8	65.3	410.4	29.7	6	0.0
64.0	56.8	4.4	77.5	417.3	26.6	3	0.0
67.8	51.2	3.8	30.4	577.7	63.5	0	0.0
69.3	55.6	2.3	86.5	572.4	65.6	0	0.0
69.8	64.4	5.4	169.0	418.9	29.3	12	0.0
71.5	63.3	4.4	98.5	435.9	30.9	15	0.0
67.6	62.2	9.6	52.0	443.9	33.1	22	0.0
69.5	62.1	7.8	49.8	442.2	35.9	1	0.0
72.6	56.0	6.5	113.3	618.0	75.5	0	0.0
78.1	61.5	3.5	83.5	650.4	88.5	0	0.0
73.8	62.5	5.8	105.0	611.8	63.9	38	0.0
72.2	63.6	5.0	133.5	487.7	49.5	1	0.0
76.3	65.2	8.4	227.7	538.6	51.4	0	0.0
71.4	65.2	8.6	218.3	569.8	62.3	9	0.0
06	30	2010
75.5	66.5	6.3	210.1	542.4	45.8	0	0.0
74.4	67.0	5.1	168.1	509.5	60.4	10	0.0
76.0	67.2	7.0	227.7	562.0	59.5	0	0.0
78.9	69.2	6.7	210.6	633.5	83.5	0	0.0
79.8	68.0	7.3	236.2	579.7	71.1	0	0.0
79.1	67.0	11.2	261.5	569.7	65.6	1	0.0
73.1	53.0	5.8	206.5	599.3	81.8	0	0.0
72.7	55.4	4.9	137.7	612.1	75.5	0	0.0
75.3	63.2	9.8	214.6	602.6	64.1	0	0.0
79.6	66.5	6.7	235.2	606.7	74.0	0	0.0
79.5	59.1	3.5	64.4	684.2	97.9	0	0.0
78.0	66.5	5.8	183.2	628.0	75.8	34	0.0
77.2	70.6	6.6	226.7	570.5	73.6	11	0.0
78.2	68.7	6.9	203.5	626.2	80.6	13	0.0
78.6	68.2	4.0	93.7	619.3	76.8	1	0.0
78.2	69.3	3.0	111.8	622.5	56.9	18	0.0
80.3	64.4	4.5	190.4	643.5	88.0	0	0.0
77.1	62.8	5.8	50.2	647.4	81.2	0	0.0
80.5	68.5	5.1	154.0	571.1	76.6	0	0.0
82.5	64.5	4.1	180.8	659.0	79.7	0	0.0
82.3	64.3	2.9	105.6	628.8	86.5	0	0.0
83.4	67.4	4.3	206.0	679.9	91.7	0	0.0
82.3	68.3	4.6	156.0	632.1	81.2	0	0.0
84.0	69.1	7.3	246.7	651.3	83.3	0	0.0
83.0	66.9	3.8	143.5	658.2	85.9	0	0.0
83.8	66.7	6.1	258.5	643.4	84.9	0	0.0
85.0	68.6	6.8	221.5	636.8	86.5	0	0.0
84.3	67.4	9.8	232.1	649.3	77.6	0	0.0
82.4	66.8	4.8	203.8	607.7	66.7	0	0.0
75.4	65.0	6.5	88.5	560.1	58.9	0	0.0
07	31	2010
73.5	56.8	6.3	72.8	570.2	64.7	0	0.0
72.0	49.8	6.2	61.7	668.9	90.1	0	0.0
73.3	51.6	3.6	84.6	678.4	94.8	0	0.0
77.0	56.1	6.0	197.5	684.6	97.9	0	0.0
80.1	56.1	6.7	207.1	687.4	99.0	0	0.0
82.7	58.4	6.2	240.0	686.3	98.4	0	0.0
86.9	58.0	2.8	108.8	675.2	91.2	0	0.0
87.3	64.5	5.9	96.7	641.5	68.8	0	0.0
80.7	69.5	4.1	147.0	586.3	58.7	8	0.0
81.3	65.2	5.9	142.1	574.5	62.0	0	0.0
81.8	58.3	4.7	158.8	660.5	86.5	0	0.0
77.3	70.3	7.0	193.6	545.9	48.1	13	0.0
77.3	70.4	7.3	197.6	456.4	29.3	162	0.0
79.8	66.8	4.3	206.2	565.3	62.7	0	0.0
83.0	64.5	2.5	79.8	616.9	84.9	0	0.0
82.3	70.6	7.9	218.8	596.4	70.8	0	0.0
74.0	69.5	6.8	208.5	411.8	53.1	146	0.0
79.1	70.1	7.1	229.9	591.2	74.6	0	0.0
80.5	70.2	10.1	238.9	584.1	74.7	0	0.0
80.0	71.3	5.7	194.1	607.5	80.2	0	0.0
82.9	70.3	7.2	217.7	648.2	85.4	0	0.0
85.4	69.7	3.0	191.2	628.7	75.5	0	0.0
86.0	71.7	4.7	185.6	627.7	76.0	0	0.0
86.4	72.8	8.5	235.2	637.5	87.5	0	0.0
85.7	71.6	8.1	229.4	626.6	83.3	0	0.0
84.1	69.5	5.8	105.0	592.4	72.9	0	0.0
76.5	70.2	4.3	137.4	462.2	52.1	49	0.0
79.5	71.2	3.9	176.9	522.3	52.7	0	0.0
84.3	71.4	6.6	230.1	594.0	78.1	2	0.0
79.3	63.4	6.8	55.4	571.6	69.3	0	0.0
70.8	63.0	5.8	86.9	410.5	30.6	11	0.0
08	31	2010
67.6	63.4	5.8	102.8	333.7	16.0	5	0.0
74.1	67.0	3.1	56.5	348.1	23.4	0	0.0
80.3	70.5	3.4	101.9	509.4	55.2	0	0.0
83.2	74.1	8.4	223.3	611.9	82.3	2	0.0
80.8	73.1	9.2	226.6	549.7	58.5	15	0.0
79.9	68.2	5.5	225.1	607.5	62.0	0	0.0
78.4	61.8	6.9	47.3	601.0	90.1	0	0.0
79.0	66.0	3.0	74.0	514.5	75.5	0	0.0
82.7	68.4	4.4	153.8	609.5	88.0	0	0.0
82.2	71.8	6.2	217.5	576.5	89.3	15	0.0
83.3	72.6	7.2	238.8	593.1	71.0	123	0.0
83.0	71.6	4.9	215.6	616.1	83.3	0	0.0
80.1	70.9	6.6	57.6	510.0	66.5	0	0.0
79.3	70.2	7.7	110.4	412.3	31.6	0	0.0
78.2	72.0	4.9	144.6	465.2	42.6	7	0.0
80.7	71.2	6.3	206.2	497.6	71.0	0	0.0
81.4	72.0	5.6	187.4	523.8	55.4	15	0.0
80.4	73.0	6.9	178.5	512.8	38.0	11	0.0
76.4	72.3	3.8	57.2	382.1	21.3	9	0.0
78.6	68.1	7.0	62.0	569.0	63.5	0	0.0
78.8	65.6	3.7	123.1	558.0	80.7	0	0.0
79.7	69.3	4.2	225.2	488.5	67.7	0	0.0
78.9	64.0	4.6	103.3	521.2	71.9	0	0.0
72.5	64.8	9.1	50.7	407.4	33.5	0	0.0
71.5	64.2	4.1	129.1	357.0	28.5	1	0.0
77.4	62.8	2.7	103.5	559.5	82.3	0	0.0
76.0	65.4	5.0	61.7	527.7	83.3	0	0.0
77.5	66.4	3.0	75.1	467.8	76.1	0	0.0
78.7	64.9	2.8	63.5	424.4	67.7	0	0.0
80.7	62.2	2.3	40.7	570.0	99.5	0	0.0
80.9	61.0	1.9	38.1	562.1	97.4	0	0.0
09	30	2010
81.3	60.9	3.1	85.4	530.2	83.3	0	0.0
79.9	61.6	4.3	100.6	536.5	93.2	0	0.0
81.4	60.5	7.9	270.0	537.5	80.7	0	0.0
73.0	48.7	8.1	297.5	552.0	97.4	0	0.0
69.8	48.9	2.7	144.4	543.3	96.3	0	0.0
74.1	56.2	3.9	125.2	451.2	74.5	0	0.0
76.9	62.8	6.1	213.5	444.4	67.7	0	0.0
73.5	65.3	8.4	239.4	459.4	83.8	5	0.0
72.7	50.0	6.5	228.8	533.2	100.0	0	0.0
71.4	48.0	3.7	137.3	529.4	85.4	1	0.0
67.0	60.7	4.4	105.1	288.8	15.8	4	0.0
72.2	57.6	4.9	250.2	398.8	51.8	1	0.0
71.9	50.9	6.0	192.7	515.5	99.0	0	0.0
77.0	53.2	7.0	249.4	496.9	89.1	0	0.0
76.8	51.7	2.4	95.4	499.2	91.7	0	0.0
77.6	55.7	11.2	214.0	492.5	83.8	0	0.0
77.8	60.9	7.1	172.7	442.6	67.2	0	0.0
72.0	55.6	5.5	59.2	497.5	100.0	0	0.0
74.6	56.2	2.7	104.4	493.3	100.0	0	0.0
79.0	55.0	3.8	135.0	464.9	84.4	0	0.0
76.0	60.4	7.5	139.5	379.7	58.7	0	0.0
78.9	65.5	8.8	214.3	394.6	49.5	0	0.0
79.6	61.2	3.0	162.1	464.9	94.3	0	0.0
79.8	57.2	8.2	223.1	462.5	93.2	0	0.0
77.4	60.9	6.7	219.8	428.0	70.8	0	0.0
66.2	59.5	9.2	80.5	298.3	33.7	59	0.0
67.1	64.0	8.6	133.8	248.1	15.2	49	0.0
68.2	57.6	5.5	167.5	360.1	57.6	0	0.0
60.4	56.2	8.9	41.4	226.1	27.4	111	0.0
69.6	60.8	9.1	265.9	278.3	22.0	169	0.0
10	31	2010
67.3	46.7	9.4	250.2	430.1	76.6	0	0.0
60.3	44.8	3.7	23.5	437.4	100.0	0	0.0
58.4	46.3	7.0	106.2	340.0	63.0	0	0.0
57.6	43.7	6.0	209.5	330.4	34.7	0	0.0
54.3	39.3	6.9	273.1	370.6	80.2	0	0.0
56.5	39.1	8.7	267.7	357.0	82.8	0	0.0
65.9	42.9	9.4	264.0	415.2	100.0	0	0.0
63.9	42.4	3.9	135.6	410.8	100.0	0	0.0
66.3	45.4	2.4	159.8	406.4	100.0	0	0.0
68.8	48.3	3.0	106.0	401.9	100.0	0	0.0
69.5	51.8	5.5	210.4	391.6	91.7	0	0.0
70.3	50.4	5.2	187.3	387.4	85.4	0	0.0
65.6	52.3	4.1	56.2	339.5	54.7	0	0.0
60.2	47.3	7.3	263.1	285.4	52.4	23	0.0
55.1	37.2	8.5	278.8	286.9	77.6	0	0.0
55.8	36.0	6.0	252.7	375.6	100.0	0	0.0
60.4	38.4	4.6	175.8	371.2	100.0	0	0.0
63.0	45.2	3.7	135.4	367.0	100.0	0	0.0
63.3	49.4	4.1	145.2	361.8	95.3	0	0.0
57.6	53.8	4.2	86.8	190.3	46.4	14	0.0
59.5	40.5	9.3	237.3	354.6	100.0	0	0.0
55.4	33.2	3.5	122.3	350.5	100.0	0	0.0
57.3	38.9	5.4	160.0	346.4	100.0	0	0.0
62.9	48.5	7.8	206.7	339.9	97.4	0	0.0
64.2	59.9	10.0	202.1	219.5	39.8	12	0.0
69.7	64.9	11.5	183.1	197.8	33.6	47	0.0
74.1	67.7	12.7	217.2	232.8	31.1	60	0.0
68.0	54.4	7.5	270.1	294.9	67.0	0	0.0
53.6	32.5	6.6	205.0	322.7	100.0	0	0.0
51.2	35.4	7.4	179.6	318.9	100.0	0	0.0
58.5	39.1	7.1	195.8	315.2	100.0	0	0.0
11	30	2010
51.5	35.8	8.1	54.4	311.4	94.8	0	0.0
47.3	33.4	7.7	50.6	307.8	97.4	0	0.0
47.7	38.5	3.7	69.9	285.0	59.1	2	0.0
49.3	43.9	5.1	230.8	169.2	28.4	26	0.0
45.5	33.9	6.0	217.1	258.9	67.7	1	0.0
43.0	25.5	4.9	159.4	227.8	56.2	0	0.0
41.0	22.4	4.9	204.6	290.2	100.0	0	0.0
53.4	27.4	9.7	262.7	286.8	100.0	0	0.0
56.2	31.9	5.2	254.0	283.5	100.0	0	0.0
55.9	36.0	1.1	15.8	280.2	100.0	0	0.0
53.2	36.1	4.8	42.1	277.0	100.0	0	0.0
49.5	25.8	3.9	59.8	273.8	100.0	0	0.0
48.0	25.1	0.4	17.1	270.7	100.0	0	0.0
51.8	28.4	4.0	140.4	262.6	84.9	0	0.0
50.3	39.9	3.1	133.3	152.4	45.8	0	0.0
56.9	52.0	9.5	120.8	141.6	22.7	4	0.0
53.3	35.2	10.2	280.6	248.1	92.7	0	0.0
46.5	34.0	1.9	83.5	226.4	79.7	0	0.0
46.4	35.0	4.1	102.3	253.3	100.0	0	0.0
50.8	38.4	5.2	198.5	250.7	100.0	0	0.0
51.1	39.3	2.4	70.6	248.1	100.0	0	0.0
55.0	44.7	6.9	201.0	217.4	72.4	0	0.0
59.0	50.8	9.1	224.2	169.8	41.8	0	0.0
52.9	26.1	5.8	63.3	240.7	91.2	0	0.0
47.2	39.8	5.4	154.9	111.9	34.7	2	0.0
54.5	45.6	8.3	267.5	196.7	49.6	6	0.0
41.3	19.4	8.6	293.5	233.9	100.0	0	0.0
37.4	21.6	2.3	53.1	231.8	100.0	0	0.0
39.2	27.7	4.0	40.2	130.6	45.3	0	0.0
56.1	50.5	13.8	125.1	106.4	14.5	6	0.0
12	31	2010
47.1	34.0	14.7	270.0	179.6	51.0	47	0.0
35.9	19.6	5.6	286.9	223.9	79.7	0	0.0
40.2	24.1	4.4	132.1	180.5	41.7	0	0.0
32.5	25.3	2.4	75.1	165.8	45.0	13	32.5
32.1	20.0	9.1	275.5	190.3	58.5	0	0.0
28.5	10.3	14.6	302.9	188.4	66.7	0	0.0
24.1	5.8	13.2	308.5	193.7	82.8	0	0.0
26.0	8.5	5.8	253.5	214.1	99.0	0	0.0
29.3	10.0	1.7	47.9	213.8	100.0	0	0.0
33.6	13.1	2.4	116.9	208.7	95.3	0	0.0
36.3	22.3	3.9	62.0	171.2	45.5	1	0.0
37.0	34.1	8.7	211.1	98.4	12.6	20	0.0
26.3	8.2	17.8	305.2	176.8	53.6	0	0.0
22.3	1.0	13.3	300.8	208.9	100.0	0	0.0
23.7	2.6	6.7	264.0	208.2	91.2	0	0.0
30.8	25.2	5.7	169.0	94.2	11.5	15	41.4
32.1	29.7	3.2	67.0	150.6	65.8	0	0.0
32.3	26.5	5.1	43.1	104.2	15.8	0	0.0
32.2	20.8	5.6	136.0	177.8	84.9	0	0.0
29.2	14.8	7.1	261.2	202.6	96.9	0	0.0
36.6	22.2	3.0	149.0	107.9	22.4	0	0.0
43.5	27.6	6.6	182.1	136.4	39.6	0	0.0
34.2	16.7	7.2	257.5	200.2	92.7	0	0.0
33.5	15.8	2.2	118.5	205.2	81.8	0	0.0
33.7	24.6	3.5	44.7	128.1	18.8	37	93.6
28.4	21.8	11.1	206.7	105.5	15.8	7	20.9
27.9	11.3	16.6	307.7	205.8	91.2	0	0.0
30.4	11.0	5.7	196.2	206.1	100.0	0	0.0
34.0	18.0	3.6	165.6	206.6	96.9	0	0.0
34.5	25.1	2.2	98.3	191.5	82.8	0	0.0
43.3	32.5	6.8	222.7	192.4	76.0	0	0.0
