01	31	1997
45.9	44.1	10.8	147.7	79.3	0.0	59	0.0
49.5	48.4	7.7	263.9	79.6	0.0	0	0.0
60.1	56.6	10.5	241.1	185.8	60.0	0	0.0
59.1	57.2	8.1	231.2	107.1	53.4	0	0.0
62.9	60.5	11.9	212.5	153.2	64.9	1	0.0
56.9	45.6	6.6	212.1	227.9	78.1	0	0.0
48.5	38.8	6.2	277.4	114.8	30.4	0	0.0
40.5	20.6	7.0	179.6	228.2	66.7	19	0.0
47.3	46.5	9.4	170.2	82.2	0.0	54	0.0
44.3	34.3	14.9	233.1	236.3	81.8	2	0.0
39.2	21.9	11.7	211.5	237.8	91.7	0	0.0
33.6	19.8	2.7	156.7	239.4	100.0	0	0.0
33.2	18.0	5.1	165.4	241.0	100.0	0	0.0
32.8	18.7	3.4	90.9	201.0	100.0	0	0.0
39.9	27.7	6.1	67.1	179.6	76.0	0	0.0
58.0	46.9	16.9	245.7	193.3	50.9	23	0.0
29.1	5.0	12.0	261.2	248.3	100.0	0	0.0
27.3	5.3	11.5	257.9	250.3	100.0	0	0.0
25.3	8.2	5.0	52.1	136.1	42.7	0	0.0
39.0	26.0	5.7	168.0	213.8	78.3	0	0.0
42.6	30.2	7.1	101.7	256.9	100.0	0	0.0
54.8	48.2	11.4	147.2	178.9	63.5	2	0.0
59.0	51.3	6.5	183.9	217.2	79.3	0	0.0
54.2	50.8	7.5	109.1	177.0	61.8	6	0.0
56.2	50.5	8.5	220.8	263.3	87.5	2	0.0
43.4	22.5	8.1	169.2	269.7	100.0	0	0.0
49.0	40.1	8.2	85.8	272.1	80.2	0	0.0
60.3	52.4	12.1	180.7	223.9	60.9	1	0.0
44.4	25.5	12.2	39.6	109.8	4.2	1	0.0
41.6	39.2	12.2	156.5	98.4	0.0	20	0.0
40.6	37.9	7.0	257.2	96.6	37.5	0	0.0
02	28	1997
52.8	41.3	6.7	199.1	287.4	100.0	0	0.0
49.8	45.2	2.1	66.3	290.5	91.7	0	0.0
51.8	45.5	2.4	61.9	256.0	96.9	0	0.0
53.7	50.8	7.9	67.5	115.5	27.9	2	0.0
62.9	56.8	8.7	228.3	257.6	60.4	5	0.0
45.6	35.1	6.7	185.6	303.8	95.3	0	0.0
49.3	41.5	7.0	81.2	281.9	57.3	0	0.0
46.3	43.5	9.3	191.7	108.8	3.1	5	0.0
39.3	33.0	7.8	164.3	233.5	46.5	0	0.0
34.1	31.9	6.1	92.4	138.3	39.6	24	13.6
36.7	33.1	3.5	141.9	160.1	53.7	0	0.0
44.5	36.1	4.8	110.8	317.6	65.0	0	0.0
42.5	37.0	12.7	61.3	116.7	9.4	24	0.0
51.6	51.3	6.9	218.6	116.5	0.0	44	0.0
48.8	45.1	6.9	214.8	150.6	37.5	18	0.0
42.2	31.6	4.4	49.6	340.5	100.0	0	0.0
43.3	29.1	6.9	109.6	344.4	100.0	0	0.0
45.2	37.5	2.8	48.8	335.4	95.8	0	0.0
57.5	47.9	6.5	152.5	338.4	89.6	0	0.0
57.2	48.3	6.7	90.4	338.6	98.9	0	0.0
61.6	58.7	9.8	133.7	147.5	36.5	13	0.0
63.2	58.1	12.0	238.8	324.7	57.3	8	0.0
47.4	34.6	6.1	135.4	368.5	100.0	0	0.0
47.0	33.1	3.2	56.2	372.6	87.5	0	0.0
48.0	33.8	5.8	95.4	376.7	75.0	0	0.0
56.4	55.0	7.5	126.7	140.3	16.3	16	0.0
69.4	64.3	13.7	204.9	311.9	60.1	0	0.0
69.2	64.7	6.4	167.9	347.9	58.3	0	0.0
03	31	1997
71.6	65.4	10.9	193.1	353.4	76.0	0	0.0
72.2	64.4	12.8	211.2	382.4	71.2	0	0.0
71.3	64.7	17.0	219.6	397.6	75.0	0	0.0
55.2	50.3	5.4	176.0	331.5	63.6	0	0.0
62.9	59.5	8.4	128.1	193.2	42.6	0	0.0
60.5	37.1	13.7	278.5	410.6	72.9	1	0.0
48.8	26.1	4.6	136.7	418.7	100.0	0	0.0
53.3	42.8	4.8	92.6	312.4	88.0	0	0.0
52.4	45.1	9.1	56.7	427.1	92.9	0	0.0
66.2	57.1	10.8	200.0	321.5	64.1	3	0.0
64.8	47.7	7.2	213.1	431.2	97.4	0	0.0
52.9	40.4	7.4	78.8	439.7	100.0	0	0.0
58.6	47.8	10.8	92.9	439.2	78.1	0	0.0
64.0	61.0	11.7	178.2	194.9	26.4	58	0.0
55.8	40.0	11.1	250.6	430.4	77.2	0	0.0
44.8	21.7	8.8	171.2	456.4	100.0	0	0.0
48.3	32.1	2.9	42.6	457.8	94.6	0	0.0
63.0	52.6	6.2	152.1	430.9	51.0	0	0.0
62.2	56.7	10.5	173.7	331.4	24.0	24	0.0
50.6	46.4	6.3	239.6	216.2	37.5	2	0.0
55.0	48.3	3.3	55.1	366.3	84.1	0	0.0
65.7	47.6	9.6	202.4	481.4	96.7	0	0.0
52.7	40.0	7.0	63.8	485.5	99.0	0	0.0
52.0	39.9	10.5	49.6	489.7	100.0	0	0.0
58.4	48.8	11.5	111.5	400.3	53.3	0	0.0
68.0	59.6	12.0	206.4	414.2	51.7	8	0.0
57.3	46.1	4.6	80.7	457.5	100.0	0	0.0
62.9	52.9	6.2	106.1	504.3	76.4	2	0.0
72.5	63.1	12.8	218.9	440.2	62.7	1	0.0
65.1	50.5	7.1	134.6	514.2	100.0	0	0.0
58.4	35.4	22.3	289.0	466.5	75.5	2	0.0
04	30	1997
52.0	21.4	14.7	312.1	522.2	100.0	0	0.0
53.9	29.2	7.1	227.4	466.1	100.0	0	0.0
59.9	37.9	6.8	203.9	483.7	100.0	0	0.0
65.6	45.1	9.6	233.5	534.0	100.0	0	0.0
66.1	53.8	7.8	210.4	537.9	100.0	0	0.0
69.5	62.0	11.6	192.2	440.5	69.6	1	0.0
71.6	58.6	10.1	245.3	483.0	43.8	3	0.0
58.6	30.8	8.7	154.2	549.3	97.9	0	0.0
58.8	36.7	8.8	196.2	483.1	65.6	0	0.0
44.7	22.2	8.7	97.0	485.1	100.0	0	0.0
54.7	42.5	6.3	86.7	553.9	95.8	0	0.0
64.6	60.6	9.4	168.8	212.4	19.1	25	0.0
69.2	52.9	12.3	241.2	534.1	94.3	0	0.0
52.0	34.1	8.8	150.0	570.9	100.0	0	0.0
54.4	38.6	8.1	65.5	504.4	95.2	0	0.0
55.7	42.7	4.7	54.6	577.8	96.9	0	0.0
58.9	45.2	9.9	224.4	423.6	72.5	1	0.0
50.4	24.7	16.5	291.1	574.9	93.1	0	0.0
54.0	36.3	8.2	205.4	532.7	80.2	0	0.0
58.5	48.7	4.7	113.3	571.7	76.0	8	0.0
64.2	55.0	10.3	137.9	552.2	84.7	0	0.0
68.0	59.8	10.2	206.4	408.3	43.2	22	0.0
59.9	56.2	9.9	188.1	292.4	12.7	26	0.0
52.3	43.7	10.0	201.9	290.1	38.6	0	0.0
57.7	48.6	3.5	110.0	399.0	67.4	0	0.0
60.0	45.5	4.8	58.3	600.9	74.0	0	0.0
63.7	60.5	10.3	105.7	214.2	0.0	22	0.0
69.0	67.2	11.0	186.7	321.6	18.1	64	0.0
60.6	56.0	8.5	210.8	264.2	7.8	1	0.0
60.1	53.3	4.8	120.0	604.2	88.0	0	0.0
05	31	1997
70.0	61.0	13.6	212.9	599.5	90.6	0	0.0
64.5	53.3	9.6	152.1	625.3	96.9	0	0.0
69.0	64.2	14.3	212.6	355.9	50.5	11	0.0
61.3	44.2	8.8	257.5	568.7	81.8	0	0.0
59.6	41.8	6.3	148.7	571.9	100.0	0	0.0
67.5	53.4	11.2	215.9	575.3	96.2	0	0.0
63.5	47.6	7.1	72.1	637.8	95.8	0	0.0
65.2	52.9	5.8	95.8	637.9	93.2	0	0.0
72.8	63.7	13.1	222.9	517.4	52.6	7	0.0
60.2	40.2	11.1	297.1	644.8	96.9	0	0.0
58.3	40.4	7.2	238.3	647.0	100.0	0	0.0
64.7	56.8	8.1	133.6	473.4	51.6	7	0.0
68.0	61.2	8.8	229.1	510.2	46.1	14	0.0
65.1	49.1	7.6	144.1	584.5	100.0	0	0.0
74.1	62.6	14.3	212.2	613.2	94.6	0	0.0
62.6	38.0	9.3	227.5	657.4	100.0	0	0.0
67.8	52.5	8.8	159.6	651.6	95.7	0	0.0
73.8	55.6	8.7	214.2	661.2	100.0	0	0.0
76.2	66.2	12.6	217.0	600.5	97.8	0	0.0
77.0	67.7	11.0	215.3	613.5	74.0	5	0.0
67.8	55.7	7.2	138.4	547.5	84.4	0	0.0
62.8	50.0	6.3	73.3	569.2	82.3	0	0.0
66.7	52.7	4.4	136.2	669.7	100.0	0	0.0
70.4	58.3	7.1	147.1	652.6	91.7	0	0.0
72.0	65.3	11.8	189.6	256.1	36.2	6	0.0
72.9	66.6	12.3	175.2	461.9	26.4	3	0.0
63.2	53.2	12.6	38.9	363.4	48.4	0	0.0
61.1	49.6	12.9	42.2	591.1	98.4	0	0.0
65.6	55.2	10.1	64.6	651.5	80.2	0	0.0
70.6	61.7	6.2	58.9	615.2	75.0	0	0.0
73.2	67.0	7.0	91.6	560.7	57.4	0	0.0
06	30	1997
75.6	69.2	9.8	178.6	564.2	65.5	3	0.0
72.3	68.0	6.1	121.9	578.1	58.4	7	0.0
66.4	63.3	6.3	89.5	445.5	56.8	28	0.0
58.9	54.6	9.3	209.7	244.6	12.5	0	0.0
61.2	49.6	11.3	50.0	667.8	81.8	0	0.0
61.0	58.8	14.8	36.8	263.2	5.6	37	0.0
60.0	56.2	13.7	52.8	244.7	17.8	12	0.0
60.7	53.6	8.9	95.8	243.2	17.7	0	0.0
61.9	53.5	8.2	54.2	622.2	88.5	0	0.0
67.4	54.8	8.9	60.8	501.1	44.8	0	0.0
68.9	60.1	3.7	57.1	690.0	96.9	0	0.0
72.0	64.8	5.6	137.8	648.8	90.2	0	0.0
77.8	71.6	9.4	210.4	605.0	71.7	0	0.0
75.3	70.3	7.9	231.0	614.0	85.2	20	0.0
70.3	66.6	7.3	70.4	326.3	36.4	6	0.0
69.8	57.0	6.8	103.5	645.4	97.8	0	0.0
76.9	70.3	8.7	172.7	540.6	69.9	0	0.0
79.4	73.0	10.5	208.3	646.4	86.8	0	0.0
78.2	69.6	8.7	235.5	611.5	74.5	0	0.0
78.9	69.5	2.9	84.2	663.1	93.8	0	0.0
77.8	71.9	5.2	101.9	670.1	81.4	0	0.0
79.8	72.8	7.7	196.9	637.5	81.6	0	0.0
78.2	73.1	5.5	132.4	618.3	78.7	16	0.0
78.6	72.9	3.7	81.5	656.4	76.1	0	0.0
81.9	73.3	9.0	204.6	661.3	91.7	0	0.0
83.0	73.3	11.5	230.0	689.8	97.9	0	0.0
76.3	72.4	6.1	143.5	527.3	58.7	40	0.0
75.0	68.4	9.9	57.6	588.7	63.0	0	0.0
75.3	67.0	11.8	70.3	317.1	14.6	1	0.0
76.9	69.6	8.9	51.8	611.4	72.7	0	0.0
07	31	1997
77.8	71.0	4.1	129.2	689.2	84.0	5	0.0
76.8	72.1	4.2	51.7	535.4	51.4	1	0.0
79.8	73.5	6.8	142.8	600.5	92.9	0	0.0
85.0	74.3	8.5	195.0	690.2	99.0	0	0.0
82.6	75.2	10.9	222.8	619.2	63.2	0	0.0
79.8	71.6	5.9	114.0	621.4	85.4	0	0.0
78.3	71.0	6.6	178.4	595.8	67.2	49	0.0
77.8	71.5	4.2	102.5	679.1	92.7	0	0.0
78.9	72.5	5.1	120.1	587.0	83.0	0	0.0
78.3	72.2	5.4	93.1	627.0	80.4	2	0.0
75.0	69.4	10.4	29.3	377.4	39.1	0	0.0
74.7	61.6	6.7	71.2	684.1	100.0	0	0.0
76.0	64.3	4.4	105.2	679.9	98.9	0	0.0
78.3	68.1	4.0	103.9	598.5	91.3	0	0.0
82.2	73.0	8.4	200.8	650.6	93.8	0	0.0
81.2	72.5	8.8	190.2	652.1	80.7	7	0.0
78.5	71.0	7.4	232.4	621.1	75.5	0	0.0
78.8	72.8	5.6	199.5	562.8	88.0	7	0.0
81.8	73.8	7.4	225.0	670.1	97.9	0	0.0
82.6	74.2	7.7	205.4	663.6	95.8	0	0.0
82.2	74.1	6.3	165.1	613.9	87.8	0	0.0
82.9	75.0	9.0	209.4	619.6	83.3	0	0.0
82.8	76.1	9.5	192.6	572.2	73.7	3	0.0
81.1	75.4	12.1	211.8	548.2	44.1	8	0.0
76.1	73.1	3.7	56.1	305.1	33.7	4	0.0
77.7	71.6	4.9	81.2	567.2	84.9	0	0.0
80.6	73.3	6.1	150.4	658.0	97.0	0	0.0
85.1	76.7	10.6	224.2	656.4	92.4	0	0.0
79.0	75.6	6.9	186.0	529.6	63.4	50	0.0
70.9	68.2	10.6	46.9	230.7	12.5	5	0.0
68.4	63.1	8.1	88.0	588.9	45.8	50	0.0
08	31	1997
72.2	63.9	8.3	55.4	494.5	79.2	0	0.0
76.6	68.1	6.1	147.9	573.5	83.5	0	0.0
80.5	67.4	7.9	251.1	651.5	100.0	0	0.0
79.3	73.0	5.9	198.4	567.6	73.3	1	0.0
74.6	69.7	3.4	149.6	601.3	82.7	21	0.0
73.5	66.1	4.7	92.9	621.2	81.6	0	0.0
72.3	64.9	7.7	43.5	640.6	96.9	0	0.0
71.8	59.7	7.0	59.6	640.9	100.0	0	0.0
72.1	64.7	5.8	48.5	596.5	70.1	0	0.0
74.5	68.8	4.4	69.0	486.1	48.3	0	0.0
76.2	67.2	5.5	60.8	630.6	99.0	0	0.0
79.9	70.1	5.5	195.0	622.6	95.8	0	0.0
81.7	71.5	9.6	228.3	622.6	97.9	0	0.0
83.3	76.1	9.7	218.5	545.2	83.7	7	0.0
84.5	76.3	8.8	215.0	617.3	95.8	0	0.0
84.0	76.3	8.4	221.2	608.6	88.0	2	0.0
83.0	75.8	10.9	214.0	616.9	94.8	0	0.0
83.0	75.8	8.8	191.0	555.2	85.7	5	0.0
77.4	70.4	7.1	90.2	613.1	99.0	0	0.0
80.0	73.5	7.6	142.5	494.6	71.3	5	0.0
77.2	71.9	6.6	162.7	441.2	56.2	35	0.0
77.0	66.3	5.8	238.3	574.4	73.4	0	0.0
72.5	57.5	5.7	165.8	601.4	96.9	0	0.0
71.0	60.2	6.4	38.8	595.2	99.0	0	0.0
71.8	59.6	6.2	79.3	521.3	91.3	0	0.0
71.6	62.9	4.8	38.8	592.2	99.0	0	0.0
73.7	64.0	6.3	92.9	589.0	100.0	0	0.0
77.4	68.5	5.1	188.7	488.7	90.8	0	0.0
80.6	67.8	4.9	180.0	556.6	91.3	0	0.0
76.8	71.1	7.8	66.4	423.4	35.9	3	0.0
78.4	72.6	5.6	80.2	541.9	87.5	0	0.0
09	30	1997
78.4	72.6	5.9	59.2	562.2	89.6	1	0.0
76.8	73.0	6.7	65.8	441.2	56.4	6	0.0
76.6	72.1	5.6	70.2	516.8	75.0	12	0.0
65.9	49.2	11.4	55.9	524.1	95.7	0	0.0
63.6	50.1	3.6	67.9	558.4	100.0	0	0.0
67.4	57.0	3.2	87.1	554.8	99.0	0	0.0
72.5	60.8	5.8	149.6	551.1	100.0	0	0.0
76.5	64.2	7.9	223.0	545.0	98.9	0	0.0
74.5	68.0	4.6	127.8	414.9	74.5	8	0.0
74.8	69.0	5.5	108.3	453.3	80.7	0	0.0
74.1	68.8	4.5	116.6	433.0	50.9	49	0.0
75.2	71.0	3.4	81.7	458.9	77.3	11	0.0
77.3	71.7	3.8	94.6	521.7	79.2	0	0.0
75.7	71.3	4.6	76.6	475.7	40.5	14	0.0
73.8	71.7	3.7	80.1	328.7	54.8	40	0.0
73.5	69.6	3.3	147.0	410.7	48.2	15	0.0
73.0	68.0	3.2	116.8	403.0	73.0	0	0.0
73.5	69.3	2.5	80.0	433.1	82.5	6	0.0
75.8	69.8	2.9	49.6	505.7	100.0	0	0.0
79.0	72.0	7.5	165.1	501.7	100.0	0	0.0
70.9	61.5	10.6	77.3	212.7	6.2	0	0.0
66.9	58.8	10.1	29.8	212.8	6.8	0	0.0
74.6	67.7	5.5	201.9	447.1	72.9	0	0.0
68.0	64.8	7.9	59.4	208.1	21.4	5	0.0
68.0	65.2	6.4	180.9	326.3	35.0	17	0.0
67.8	64.1	6.0	153.3	397.2	27.3	9	0.0
68.9	66.2	10.9	178.8	199.1	2.9	82	0.0
73.9	70.3	8.6	177.7	331.6	43.2	134	0.0
72.0	62.5	9.5	240.0	423.4	62.5	0	0.0
71.0	56.0	9.0	232.8	424.3	100.0	0	0.0
10	31	1997
68.7	53.0	6.0	203.3	427.2	92.7	0	0.0
62.2	50.4	9.3	56.2	452.2	100.0	0	0.0
63.1	53.2	5.5	29.6	393.3	84.4	0	0.0
68.5	61.4	2.2	41.7	413.4	89.6	0	0.0
72.2	64.7	3.8	150.8	433.2	96.9	0	0.0
73.7	63.1	3.2	155.8	435.2	100.0	0	0.0
72.4	62.5	2.4	114.1	414.0	100.0	0	0.0
71.6	64.3	4.3	52.4	339.7	95.0	0	0.0
71.0	64.3	3.9	48.8	413.3	94.8	0	0.0
71.0	62.9	2.8	95.4	375.6	94.8	0	0.0
73.0	66.4	5.0	122.0	388.3	73.4	0	0.0
68.7	57.9	6.6	45.0	409.6	90.6	0	0.0
70.5	64.2	5.3	55.0	352.9	66.7	0	0.0
71.7	65.9	2.8	50.0	353.7	66.2	0	0.0
62.6	59.4	8.0	121.3	159.5	20.1	0	0.0
57.4	53.6	9.4	183.1	139.2	1.0	2	0.0
60.5	57.8	7.6	265.2	135.9	0.3	0	0.0
57.5	55.9	8.7	209.5	134.4	0.0	20	0.0
57.2	55.3	11.5	263.6	133.0	7.8	31	0.0
57.8	48.0	5.9	204.6	375.8	100.0	0	0.0
58.2	47.0	3.8	101.2	371.7	100.0	0	0.0
53.0	50.1	6.0	226.5	132.7	35.3	9	0.0
48.5	39.0	4.0	169.0	363.7	99.2	0	0.0
59.2	51.3	6.8	101.2	340.1	66.2	17	0.0
65.8	62.6	3.9	151.9	221.3	57.9	1	0.0
69.3	67.5	6.7	122.8	206.0	32.5	12	0.0
68.1	61.0	14.1	237.5	267.8	43.9	0	0.0
48.8	36.3	6.0	196.2	344.3	100.0	0	0.0
50.2	40.5	1.4	43.7	340.6	100.0	0	0.0
53.3	43.7	3.7	29.4	327.9	90.2	0	0.0
63.5	60.4	5.6	55.6	132.5	8.7	14	0.0
11	30	1997
65.1	61.9	10.3	189.7	159.2	46.7	56	0.0
63.1	52.6	10.6	219.7	283.2	71.2	10	0.0
59.4	43.2	8.2	168.3	320.6	93.8	0	0.0
52.6	40.7	6.3	188.8	318.9	100.0	0	0.0
52.7	42.8	8.1	67.9	301.0	75.5	0	0.0
58.4	51.4	8.7	142.0	214.2	18.4	0	0.0
53.2	50.2	8.7	303.8	108.0	0.0	2	0.0
52.3	43.9	9.6	295.1	247.5	64.1	0	0.0
51.4	42.5	8.6	224.6	302.0	100.0	0	0.0
55.0	46.4	3.4	115.0	298.7	90.6	0	0.0
54.0	46.6	3.6	158.8	293.4	77.1	0	0.0
53.8	47.6	2.2	95.2	255.9	42.4	14	0.0
51.9	51.4	8.7	93.1	101.3	2.1	53	0.0
54.6	51.9	10.2	245.5	100.2	7.8	3	0.0
52.8	44.7	8.2	240.6	283.3	90.1	1	0.0
44.1	29.4	9.2	266.7	280.4	98.4	0	0.0
36.7	27.1	3.7	134.2	277.6	100.0	0	0.0
44.0	30.8	2.3	104.3	246.1	61.6	0	0.0
47.3	33.6	2.8	118.3	229.7	60.4	0	0.0
45.2	34.8	1.6	50.0	269.4	100.0	0	0.0
59.3	53.4	8.6	111.5	171.9	62.0	0	0.0
69.3	63.2	10.3	214.0	178.5	43.9	0	0.0
60.6	56.5	7.0	234.2	223.7	49.5	8	0.0
43.2	30.5	7.4	230.7	230.3	98.2	0	0.0
38.4	24.8	2.8	77.5	257.1	100.0	0	0.0
49.3	39.6	7.6	150.0	198.6	81.0	0	0.0
52.8	34.1	6.2	182.5	252.7	100.0	0	0.0
52.2	45.1	3.1	91.7	179.5	82.3	0	0.0
58.5	54.1	2.4	58.1	103.6	28.0	17	0.0
62.8	60.5	10.6	183.8	100.1	20.1	138	0.0
12	31	1997
54.0	47.5	7.6	262.1	139.9	46.3	33	0.0
43.3	33.0	3.3	141.2	242.9	100.0	0	0.0
49.3	43.3	3.3	80.0	204.6	77.5	0	0.0
61.8	59.9	7.9	219.2	92.2	20.8	6	0.0
48.3	35.5	11.1	278.3	232.1	88.4	0	0.0
36.4	22.5	7.2	231.2	236.5	100.0	0	0.0
34.9	21.8	6.5	193.5	235.1	100.0	0	0.0
38.9	27.2	2.7	26.2	225.1	63.5	0	0.0
46.1	42.4	4.4	104.5	84.3	9.1	18	0.0
56.0	53.2	7.3	183.2	102.0	34.9	14	0.0
47.4	45.0	3.8	49.0	197.7	62.1	3	0.0
46.8	44.1	4.6	176.9	134.9	44.5	14	0.0
45.8	36.8	4.7	190.8	193.9	57.3	0	0.0
42.0	30.0	11.4	86.7	206.2	68.8	0	0.0
43.8	32.2	15.4	24.2	206.6	85.4	0	0.0
51.5	34.3	13.0	99.2	177.7	89.4	0	0.0
48.7	26.6	3.7	188.8	225.5	95.8	0	0.0
43.8	30.0	2.6	37.1	225.0	100.0	0	0.0
47.5	35.6	4.8	144.2	224.6	100.0	0	0.0
52.3	42.3	6.5	191.1	224.2	100.0	0	0.0
48.3	39.8	6.6	44.5	192.4	91.7	0	0.0
49.7	47.0	9.1	120.1	78.3	0.0	90	0.0
46.5	45.1	6.7	274.9	96.7	10.4	0	0.0
50.5	49.9	7.0	91.8	86.3	10.2	43	0.0
63.0	55.4	8.3	205.2	222.4	72.9	0	0.0
50.5	44.5	1.8	89.5	202.4	94.3	0	0.0
48.2	46.7	9.8	222.0	104.9	6.5	44	0.0
38.5	29.5	6.8	165.9	223.3	84.8	0	0.0
41.0	37.9	10.0	131.7	104.6	32.3	25	0.0
40.8	29.1	14.8	247.5	213.8	65.6	0	0.0
40.1	26.5	10.2	285.1	207.3	55.4	0	0.0
