01	31	2015
22.6	6.4	6.8	178.1	135.6	95.3	0	0.0
27.1	12.2	8.7	252.5	84.9	67.4	0	0.0
19.9	7.7	2.4	81.9	114.7	75.2	40	155.3
31.8	30.1	3.9	117.1	87.5	30.1	36	92.0
26.5	10.6	15.7	279.9	106.3	69.4	0	0.0
9.1	2.5	3.4	130.0	69.4	60.9	0	2.2
7.5	2.4	10.1	206.8	99.3	58.7	0	0.0
6.9	1.0	7.3	197.1	145.8	98.4	0	0.0
19.1	7.1	8.8	202.8	102.8	64.2	8	48.8
13.4	0.7	5.8	195.4	146.9	98.4	0	0.0
10.8	3.6	2.0	51.8	74.1	49.8	0	0.0
26.5	21.5	2.5	113.0	70.8	13.7	2	8.1
13.3	2.5	10.3	263.5	152.7	97.9	0	0.0
11.7	4.4	1.2	69.4	79.5	38.0	0	0.0
23.1	15.6	3.8	197.5	74.6	29.5	0	0.0
19.6	8.2	12.4	213.3	109.4	69.3	0	0.0
11.3	2.0	9.3	232.3	159.5	88.5	0	0.0
28.7	23.8	4.0	132.3	77.4	24.0	43	71.9
36.7	28.6	7.9	269.5	81.8	35.3	3	0.0
27.9	11.3	13.8	294.2	165.7	88.5	0	0.0
21.4	5.8	4.4	161.7	167.9	87.2	0	0.0
26.4	15.1	2.5	137.1	141.9	63.5	0	0.0
24.6	12.1	4.1	146.0	172.7	100.0	0	0.0
26.1	21.6	3.2	172.5	84.2	44.4	14	54.1
25.7	12.0	10.7	277.6	167.1	68.2	0	0.7
12.7	1.9	6.8	97.7	178.2	71.9	0	0.0
15.1	8.2	15.4	281.7	143.7	57.6	26	184.0
15.0	2.8	10.8	293.3	185.7	71.3	0	2.2
17.4	4.9	2.7	78.3	188.6	83.3	0	0.0
25.9	20.2	8.4	214.5	109.9	16.1	7	21.9
10.5	0.1	19.0	310.4	192.9	68.8	0	0.0
02	28	2015
13.7	0.4	8.2	286.2	197.6	95.3	0	0.0
9.2	2.5	8.5	142.7	194.8	64.9	41	394.9
7.5	0.5	6.8	196.7	200.7	98.2	0	0.0
17.6	11.5	2.4	65.3	107.5	23.4	1	2.5
19.5	11.3	12.4	256.1	186.7	56.8	10	27.2
7.4	0.3	4.6	186.9	146.6	76.0	0	0.0
19.8	11.9	2.6	84.8	133.1	25.0	1	4.4
15.5	10.3	5.4	97.5	106.2	33.2	29	194.4
14.3	8.3	7.2	111.3	132.6	34.2	25	184.5
23.2	14.8	6.3	321.8	165.4	53.1	0	0.0
12.7	3.6	1.9	45.2	231.8	100.0	0	0.0
15.3	9.1	2.3	70.9	121.0	31.2	2	9.6
6.3	1.0	14.6	287.8	239.3	98.3	0	0.0
8.4	4.5	4.5	113.1	144.1	43.6	12	90.8
12.7	5.5	18.9	319.8	206.4	55.4	14	80.4
6.5	1.0	15.2	298.2	251.1	98.1	1	16.6
17.6	2.4	2.1	95.8	150.8	42.2	0	0.0
17.1	7.8	2.5	83.6	191.1	57.3	4	19.1
17.5	10.9	7.3	162.8	171.4	50.9	4	18.6
8.3	1.0	14.4	270.2	267.4	88.0	0	0.0
14.4	8.7	6.4	119.7	208.0	56.3	11	44.7
26.9	21.7	0.5	28.6	231.3	64.1	1	2.5
14.3	6.6	12.0	286.0	238.6	75.0	0	0.0
7.5	3.9	5.3	95.0	284.4	94.3	0	0.0
20.5	5.7	6.9	214.8	287.8	74.0	0	0.0
16.6	1.0	6.1	280.0	234.6	50.0	0	0.0
13.0	1.0	6.9	250.0	297.5	82.3	0	0.0
13.0	1.0	3.0	147.5	302.0	100.0	0	0.0
03	31	2015
15.7	8.8	3.0	68.4	165.2	44.9	7	28.4
23.6	13.9	11.2	215.5	170.7	42.8	0	0.0
21.6	4.6	8.2	186.8	305.4	71.8	7	30.2
35.0	24.1	5.5	189.0	267.1	49.6	0	0.0
23.5	5.7	12.1	317.1	228.9	66.2	0	0.0
14.3	2.0	5.0	228.5	330.2	100.0	0	0.0
22.3	7.3	4.6	157.9	311.7	79.2	0	0.0
25.9	15.0	5.3	137.9	244.7	70.8	0	0.0
31.5	15.4	7.2	159.8	312.4	88.5	0	0.0
37.5	21.6	5.1	111.0	343.0	79.7	4	0.0
42.2	29.4	8.4	187.7	354.5	87.5	1	0.0
29.8	9.1	16.2	305.2	359.9	95.8	0	0.0
26.8	8.9	3.0	157.5	314.1	77.6	0	0.0
32.3	25.4	4.5	130.1	177.5	22.2	24	61.0
32.5	27.3	11.0	283.8	159.8	19.0	8	10.9
31.7	13.9	7.3	244.2	368.1	91.2	0	0.0
32.2	21.6	10.4	180.1	195.3	32.4	4	11.0
20.9	0.8	21.5	311.5	387.0	93.8	0	0.0
22.0	0.1	13.9	287.3	394.9	100.0	0	0.0
24.0	10.2	2.6	78.8	310.9	60.9	1	2.5
32.4	26.0	3.7	102.1	270.3	26.9	1	2.5
21.1	2.7	17.5	305.0	404.9	87.5	0	0.0
19.9	2.1	15.5	306.0	414.9	93.2	0	0.0
26.5	10.2	1.8	110.6	419.8	100.0	0	0.0
34.1	19.3	5.7	86.2	413.0	75.0	1	0.0
41.8	37.9	4.6	183.9	263.4	22.3	33	0.0
39.1	33.3	2.8	158.4	207.3	14.2	6	0.0
32.8	23.2	9.6	326.0	202.2	21.7	6	15.1
30.6	6.7	6.1	267.1	444.4	100.0	0	0.0
33.5	22.1	6.2	162.5	217.8	45.8	0	0.0
38.4	16.9	8.8	296.9	429.0	81.2	0	0.0
04	30	2015
32.8	7.2	8.5	204.8	458.8	100.0	0	0.0
39.3	21.0	5.7	101.9	392.3	72.4	0	0.0
53.1	35.4	4.8	169.8	451.4	63.5	0	0.0
38.7	25.4	11.7	210.5	398.5	57.1	3	0.0
35.0	16.5	10.1	212.7	475.4	95.3	0	0.0
35.7	23.4	3.9	67.3	404.8	65.6	0	0.0
39.6	29.8	3.1	92.1	272.4	30.2	0	0.0
33.6	20.7	5.2	76.7	304.0	46.3	9	22.4
33.0	29.0	6.8	59.9	173.9	0.0	2	4.2
38.0	36.7	2.6	92.7	206.8	29.3	9	17.7
45.5	27.5	13.6	242.5	294.6	66.7	0	0.0
47.8	25.6	4.9	165.4	510.9	100.0	0	0.0
55.0	31.4	6.9	125.0	515.4	100.0	0	0.0
57.2	30.7	7.9	197.1	499.2	71.9	0	0.0
48.7	20.8	9.0	230.8	524.4	100.0	0	0.0
50.4	19.7	5.0	94.6	528.8	100.0	0	0.0
54.6	42.8	5.4	194.6	259.3	47.9	8	0.0
50.8	38.3	5.0	149.8	352.6	71.2	0	0.0
49.1	29.5	6.2	214.6	541.8	97.9	0	0.0
43.2	38.7	7.3	83.0	197.4	28.1	41	0.0
49.8	41.6	6.5	162.2	248.2	31.8	22	0.0
49.5	33.4	7.3	130.4	311.9	34.3	1	0.0
41.0	27.0	8.4	247.6	217.2	38.5	0	0.0
39.3	23.2	11.5	264.6	216.3	8.3	0	0.0
42.9	24.8	9.3	313.8	280.3	31.2	0	0.0
47.7	31.5	7.4	261.2	199.6	3.1	0	0.0
50.1	35.6	11.8	310.4	234.2	17.7	0	0.0
52.6	33.5	11.4	266.0	504.9	56.2	2	0.0
52.4	36.6	4.6	142.3	337.4	44.3	0	0.0
53.3	37.5	3.8	39.7	329.9	18.8	0	0.0
05	31	2015
49.0	37.2	3.4	132.1	311.4	47.9	0	0.0
53.4	36.1	3.5	75.2	588.4	84.4	0	0.0
60.9	36.4	4.3	85.8	555.5	78.7	0	0.0
69.1	39.4	6.4	111.5	529.5	77.6	0	0.0
67.7	36.6	7.5	235.8	602.4	81.8	0	0.0
60.9	32.5	3.1	90.4	607.2	100.0	0	0.0
65.8	35.7	1.7	60.0	610.6	100.0	0	0.0
57.9	39.8	6.9	66.6	602.4	86.6	0	0.0
60.7	48.0	6.0	120.8	572.5	62.3	0	0.0
74.3	59.0	5.2	171.7	587.1	83.7	0	0.0
60.8	53.6	5.3	64.4	305.9	28.3	0	0.0
62.4	49.8	6.9	178.2	425.8	40.6	0	0.0
56.1	34.9	11.6	262.5	593.1	72.9	0	0.0
53.4	28.7	4.4	178.3	632.4	100.0	0	0.0
55.8	32.6	2.2	108.3	635.3	99.0	0	0.0
59.4	49.5	2.8	64.5	384.3	33.3	0	0.0
69.7	53.5	4.9	161.9	593.8	72.9	0	0.0
56.6	47.2	6.0	97.8	521.0	52.4	0	0.0
63.5	56.3	6.2	159.7	446.9	37.7	3	0.0
54.6	36.1	12.5	296.9	403.5	67.2	0	0.0
56.4	31.4	4.9	137.3	650.9	94.3	0	0.0
59.6	33.7	9.3	249.0	593.7	60.9	0	0.0
52.1	22.3	12.0	273.8	656.2	97.4	0	0.0
66.7	34.4	8.8	217.5	615.1	93.2	0	0.0
68.5	51.4	5.3	121.5	565.7	81.2	3	0.0
76.4	61.0	8.1	175.8	603.4	73.4	3	0.0
77.3	63.6	9.6	166.7	622.6	71.2	4	0.0
73.4	60.9	9.1	232.7	544.2	62.5	4	0.0
68.9	56.8	4.8	151.5	559.9	84.4	0	0.0
74.9	60.2	9.9	159.0	659.4	94.8	0	0.0
59.9	55.5	7.2	160.8	298.1	18.1	28	0.0
06	30	2015
48.4	45.6	6.4	67.1	290.5	9.4	65	0.0
48.7	44.5	4.5	38.7	321.9	14.9	20	0.0
55.1	43.9	4.2	166.8	527.2	58.8	0	0.0
56.3	45.4	3.7	75.9	473.2	49.8	0	0.0
60.7	50.2	4.4	97.9	554.4	50.5	0	0.0
62.7	44.3	7.9	228.3	646.7	78.7	0	0.0
58.8	38.4	5.7	140.0	682.7	100.0	0	0.0
65.3	52.3	10.3	169.8	441.1	41.1	0	0.0
67.5	62.2	6.7	163.3	492.7	44.4	10	0.0
69.7	54.8	6.4	189.6	582.1	77.6	0	0.0
75.8	55.1	9.2	210.4	687.0	97.4	0	0.0
71.0	57.8	3.7	131.5	620.3	78.0	14	0.0
72.1	55.4	9.3	263.2	685.6	88.0	1	0.0
67.8	48.9	3.5	93.3	689.3	95.8	0	0.0
56.2	52.3	4.0	84.9	310.9	13.1	31	0.0
61.4	58.1	3.1	153.5	368.3	35.4	3	0.0
65.0	49.4	3.4	114.8	690.8	99.5	0	0.0
66.5	55.3	5.3	133.8	556.3	61.5	0	0.0
68.2	54.7	7.1	217.4	645.4	70.9	5	0.0
63.4	50.5	5.3	99.4	545.1	59.7	2	0.0
67.0	63.1	3.6	120.2	433.9	29.5	34	0.0
72.9	60.0	6.4	194.9	593.7	60.6	0	0.0
72.0	63.5	5.3	134.7	579.8	70.0	16	0.0
71.0	50.5	8.0	265.2	691.5	98.4	0	0.0
68.5	52.3	3.9	113.3	610.2	68.8	0	0.0
64.3	52.5	2.9	140.8	548.3	46.4	16	0.0
62.5	52.8	4.0	69.2	632.6	68.3	4	0.0
55.4	52.1	7.8	71.0	324.1	12.5	99	0.0
62.3	55.0	2.7	98.1	351.0	15.9	0	0.0
68.0	56.9	2.7	101.9	591.9	66.3	0	0.0
07	31	2015
66.3	62.0	4.3	126.1	394.2	35.7	66	0.0
68.1	54.5	6.8	223.5	638.4	84.4	0	0.0
65.6	48.9	4.1	167.7	688.4	100.0	0	0.0
61.0	55.5	2.0	106.9	542.1	82.0	4	0.0
68.8	57.3	3.4	158.5	610.9	83.7	0	0.0
72.3	58.7	2.4	78.3	630.5	86.5	0	0.0
73.0	67.0	5.7	126.7	386.0	46.9	1	0.0
72.5	61.6	6.8	239.1	555.4	79.5	6	0.0
65.8	57.0	3.3	91.8	565.9	58.1	3	0.0
71.0	56.5	6.3	198.5	660.0	70.1	2	0.0
72.8	56.4	4.7	190.0	649.8	92.2	0	0.0
76.5	61.7	4.0	137.5	666.6	95.3	0	0.0
73.5	59.6	3.6	76.2	677.0	98.4	0	0.0
69.7	64.0	3.7	80.1	451.1	39.1	4	0.0
71.2	59.5	7.5	218.2	580.2	56.1	0	0.0
63.4	47.4	3.1	166.7	672.1	100.0	0	0.0
66.8	52.7	4.0	126.5	667.3	92.2	0	0.0
69.9	64.8	6.3	151.8	348.6	23.4	23	0.0
78.2	69.0	4.6	103.2	639.8	81.2	0	0.0
78.8	62.7	4.7	168.8	613.6	87.5	0	0.0
74.6	61.2	4.0	123.3	654.9	93.8	0	0.0
70.3	55.4	7.3	274.6	574.2	71.7	1	0.0
68.8	53.1	6.1	197.9	553.6	74.5	0	0.0
66.9	55.9	3.6	168.8	479.3	54.2	1	0.0
64.0	57.1	4.4	110.3	417.9	44.4	0	0.0
67.7	61.9	4.1	101.2	370.9	22.4	1	0.0
73.4	65.7	3.2	116.5	491.8	50.9	0	0.0
78.1	62.4	3.8	142.5	643.4	96.9	0	0.0
80.1	64.0	3.6	166.9	614.3	91.7	0	0.0
77.0	68.0	4.8	126.6	596.1	84.9	8	0.0
73.7	56.8	6.3	190.8	623.2	96.3	0	0.0
08	31	2015
72.5	55.6	5.2	174.2	584.0	78.7	0	0.0
71.8	52.7	4.6	140.2	593.8	92.7	0	0.0
75.7	60.3	7.9	137.5	604.8	77.7	21	0.0
70.4	61.8	2.7	66.7	549.7	72.2	0	0.0
68.3	54.1	4.2	127.5	511.9	74.6	0	0.0
66.3	51.1	5.0	165.2	429.9	77.1	0	0.0
65.8	51.6	3.2	119.6	494.5	75.5	0	0.0
67.3	51.1	3.4	121.2	599.4	95.3	0	0.0
67.8	56.5	4.2	81.9	465.5	76.0	0	0.0
71.2	56.2	4.5	105.1	576.8	82.8	0	0.0
68.5	64.1	7.5	149.5	268.7	27.9	41	0.0
72.1	60.2	5.5	227.2	522.7	67.7	0	0.0
68.8	54.5	3.6	147.7	531.0	89.1	0	0.0
71.3	57.6	3.8	118.8	590.1	95.4	0	0.0
73.3	64.3	2.3	97.7	532.0	71.1	4	0.0
75.1	64.4	2.4	66.0	583.2	91.3	0	0.0
76.3	63.4	2.3	62.3	544.5	84.1	0	0.0
76.4	64.4	7.5	137.5	443.6	75.9	141	0.0
71.0	66.0	48.0	360.0	575.7	100.0	0	0.0
71.0	66.0	48.0	360.0	571.8	100.0	0	0.0
71.7	67.4	24.0	264.1	384.6	62.7	10	0.0
71.2	62.8	4.0	146.9	473.1	64.2	0	0.0
69.0	64.0	3.8	84.3	259.6	29.2	0	0.0
74.3	65.8	3.3	81.8	470.9	49.9	0	0.0
69.8	66.8	3.8	103.5	289.8	27.1	86	0.0
70.2	61.0	4.0	163.3	438.3	74.8	0	0.0
66.8	54.1	4.0	152.5	467.3	67.7	0	0.0
64.9	53.1	3.4	134.4	524.7	96.3	0	0.0
65.8	55.7	2.2	75.6	533.6	93.8	0	0.0
70.7	58.1	2.6	90.6	518.5	82.8	0	0.0
73.8	60.6	5.1	182.5	490.4	90.1	0	0.0
09	30	2015
70.7	57.9	2.3	104.6	521.8	97.0	0	0.0
72.5	61.1	1.3	38.3	517.0	85.0	0	0.0
73.3	65.8	2.3	93.0	480.2	77.4	12	0.0
67.8	53.9	5.0	79.8	459.3	67.7	0	0.0
64.6	51.9	2.0	72.6	502.4	93.5	0	0.0
68.4	55.7	2.5	76.5	499.5	100.0	0	0.0
74.0	62.2	4.2	126.0	492.5	99.0	0	0.0
76.6	67.7	3.6	123.4	383.9	75.0	0	0.0
77.9	67.0	3.7	90.4	452.7	83.7	3	0.0
68.3	62.1	4.5	159.7	247.9	32.6	14	0.0
64.7	58.5	5.5	229.8	314.2	41.5	27	0.0
65.0	56.8	2.5	66.8	423.7	77.1	0	0.0
62.4	59.4	4.1	81.5	209.4	12.1	24	0.0
62.1	53.3	6.7	260.4	275.7	47.3	0	0.0
66.7	52.8	5.9	213.1	456.9	100.0	0	0.0
67.5	58.5	0.8	36.0	452.0	100.0	0	0.0
69.2	59.2	2.1	80.0	440.7	89.4	0	0.0
68.4	56.9	2.7	55.6	439.3	87.2	0	0.0
67.2	58.0	4.3	96.6	418.1	86.0	0	0.0
62.3	49.8	8.9	235.6	422.0	81.5	0	0.0
54.6	42.6	2.1	32.9	427.5	100.0	0	0.0
56.1	48.9	2.2	92.3	396.3	87.8	0	0.0
58.5	46.7	1.6	67.1	412.9	91.8	0	0.0
60.9	47.8	2.2	72.5	371.7	87.0	0	0.0
55.0	44.0	2.5	92.7	370.7	91.7	0	0.0
51.3	38.2	2.5	57.9	401.7	93.6	0	0.0
50.6	38.5	1.7	53.8	391.4	90.0	0	0.0
60.1	51.2	3.6	113.5	391.1	91.7	0	0.0
69.6	65.3	5.0	116.9	214.7	28.5	14	0.0
64.1	60.6	7.5	207.0	168.0	21.7	188	0.0
10	31	2015
55.4	44.4	8.4	176.0	315.0	85.4	0	0.0
51.1	35.2	9.5	54.0	374.1	84.9	0	0.0
49.8	36.2	8.8	36.5	189.6	29.2	0	0.0
46.1	34.8	3.4	31.7	364.6	97.9	0	0.0
45.2	37.3	1.8	109.4	357.5	97.4	0	0.0
51.5	41.8	4.3	138.4	338.4	80.1	0	0.0
55.0	45.0	3.1	134.2	312.0	72.4	0	0.0
50.9	37.7	4.2	198.8	345.6	99.0	0	0.0
49.9	47.4	3.5	112.4	144.0	16.5	48	0.0
47.0	35.6	5.8	222.9	328.2	84.4	0	0.0
51.8	40.2	4.9	123.5	331.4	100.0	0	0.0
55.6	45.2	2.0	54.4	326.7	100.0	0	0.0
56.6	51.4	3.5	109.9	207.0	44.0	2	0.0
56.6	44.7	7.8	257.9	272.3	74.5	0	0.0
46.6	35.1	3.3	155.2	312.7	100.0	0	0.0
47.4	38.0	5.3	169.8	213.5	58.9	0	0.0
41.0	30.6	7.7	219.8	201.2	48.4	1	0.0
34.1	18.5	8.1	274.2	255.2	85.9	0	0.0
36.0	19.3	5.1	204.3	293.4	76.6	9	0.0
50.0	40.4	4.0	132.1	259.5	49.5	6	0.0
52.5	45.3	3.0	85.6	177.7	33.0	0	0.0
56.3	49.6	4.3	144.9	189.3	43.9	1	0.0
42.4	28.2	10.2	259.6	216.8	69.3	0	0.0
36.7	29.7	2.0	61.2	150.3	68.1	0	0.0
50.2	42.5	7.8	214.1	150.7	30.7	18	0.0
42.0	26.9	5.7	222.1	263.8	100.0	0	0.0
36.4	27.3	0.6	22.5	258.7	99.0	0	0.0
42.7	38.4	4.6	64.2	134.2	41.0	54	0.0
62.5	50.7	8.6	202.8	233.9	50.5	46	0.0
46.9	29.1	11.2	294.2	239.9	94.8	0	0.0
42.5	25.6	1.4	43.3	243.3	99.0	0	0.0
11	30	2015
48.4	41.7	5.1	145.8	147.5	46.5	3	0.0
48.0	36.5	4.4	130.0	235.5	99.5	0	0.0
48.9	38.4	2.4	91.9	231.7	93.2	0	0.0
49.5	38.4	1.1	32.3	227.9	96.8	0	0.0
54.4	45.1	1.8	62.3	130.6	45.4	0	0.0
63.2	55.1	6.5	165.5	183.3	75.4	0	0.0
54.6	33.7	8.7	259.6	207.2	89.6	0	0.0
43.3	26.9	7.8	230.2	207.9	93.8	0	0.0
39.2	26.7	2.2	76.9	210.7	100.0	0	0.0
40.1	29.5	2.2	103.1	201.2	81.2	0	0.0
45.5	40.7	4.7	198.3	94.5	13.9	30	0.0
45.8	43.8	4.3	99.0	90.9	11.9	5	0.0
49.9	36.8	9.4	215.8	148.2	56.8	0	0.0
38.9	25.1	13.3	296.0	121.1	37.8	0	0.0
39.6	27.5	4.8	175.4	192.5	100.0	0	0.0
41.8	24.9	7.1	207.7	185.7	85.4	0	0.0
30.9	19.6	1.0	45.2	187.0	100.0	0	0.0
32.5	23.7	3.0	80.6	184.3	94.3	0	0.0
46.4	41.3	5.9	102.2	88.8	15.3	30	0.0
49.1	38.2	7.9	253.8	175.1	64.4	40	0.0
36.4	23.3	2.2	77.7	176.7	96.3	0	0.0
37.0	31.2	3.4	160.2	105.3	21.0	2	2.5
33.9	12.7	12.4	316.5	172.0	95.3	0	0.0
30.4	16.0	2.7	138.1	156.7	83.3	0	0.0
29.4	20.2	1.4	28.3	167.5	95.3	0	0.0
41.6	34.0	4.2	112.6	136.2	52.3	0	0.0
52.4	43.0	7.3	155.2	157.9	94.0	0	0.0
43.4	36.9	4.5	228.6	82.4	47.7	11	0.0
30.4	19.0	5.6	251.0	159.5	94.3	0	0.0
28.0	17.9	1.6	42.3	88.6	48.4	0	0.0
12	31	2015
27.2	24.2	1.0	53.8	71.8	39.1	9	22.2
37.2	36.8	1.2	75.2	78.7	27.6	21	2.5
40.4	33.4	8.0	225.4	81.1	27.6	1	0.0
39.0	28.3	6.3	234.2	80.4	40.9	0	0.0
36.6	28.6	3.0	123.1	149.7	92.2	0	0.0
33.4	26.0	0.0	0.0	148.3	93.4	0	0.0
36.4	24.9	2.7	128.5	147.0	100.0	0	0.0
32.4	25.1	1.7	50.8	81.8	39.1	0	0.0
38.2	28.8	2.8	75.1	74.7	14.2	0	0.0
44.1	41.1	2.7	116.9	88.1	46.8	4	0.0
41.7	40.5	2.4	69.4	80.9	70.5	0	0.0
40.0	33.7	1.6	64.7	141.6	82.6	0	0.0
44.0	34.6	3.2	115.0	77.7	25.9	0	0.0
43.8	42.1	2.1	63.6	60.8	9.2	21	0.0
48.5	40.5	9.4	221.5	86.2	21.7	13	0.0
37.5	27.5	4.9	161.9	97.8	66.2	0	0.0
39.0	35.7	2.5	109.7	61.1	10.2	25	0.0
40.4	33.7	6.0	236.3	70.5	28.8	2	0.0
33.8	16.4	9.8	251.7	89.6	60.9	0	0.0
30.6	16.9	8.2	222.9	137.0	86.5	0	0.0
38.9	24.4	5.3	160.6	136.2	74.0	1	0.0
38.3	34.9	2.5	110.5	57.3	50.2	31	0.0
39.0	37.0	2.5	37.6	91.9	36.2	31	0.0
45.8	44.2	3.0	107.2	80.0	40.4	27	0.0
45.2	35.3	1.6	71.3	136.7	92.6	0	0.0
41.0	29.2	3.1	129.0	134.5	73.4	0	0.0
39.9	36.2	4.8	166.8	66.4	15.8	29	0.0
27.5	9.0	9.1	252.1	137.0	62.3	0	0.0
21.6	17.8	6.5	115.7	88.7	38.9	67	298.1
26.1	23.1	1.8	33.5	66.9	13.9	6	14.0
35.6	30.1	3.4	140.5	91.1	30.3	4	8.9
