   1    31    1978
18.5	4.3	7.2	83.8	139.3	80.0	.0	17.8	
13.9	7.3	7.8	223.8	118.7	80.0	.0	20.3	
10.5	-1.5	8.9	180.0	160.8	37.0	.0	.0	
13.6	-1.4	6.2	245.0	195.7	18.0	.0	.0	
26.5	15.5	2.9	112.5	139.0	97.0	.0	.0	
26.2	17.4	4.5	168.8	162.8	78.0	.0	.0	
18.7	11.9	8.5	155.0	116.6	98.0	.0	12.7	
25.8	20.1	4.0	178.8	118.7	98.0	.0	109.2	
39.0	34.2	16.4	198.8	95.9	98.0	162.0	.0	
6.9	-4.0	16.4	250.0	90.7	88.0	.0	15.2	
13.8	-1.5	15.7	268.8	149.1	24.0	.0	.0	
16.4	6.4	5.6	206.3	167.8	58.0	.0	2.5	
15.6	8.3	5.8	138.8	77.6	98.0	.0	43.2	
20.9	17.6	12.1	108.8	102.6	98.0	.0	279.4	
17.6	13.5	6.7	188.8	116.2	70.0	.0	2.5	
14.7	5.1	10.7	246.3	189.1	30.0	.0	.0	
15.7	11.4	4.7	82.5	117.9	98.0	.0	17.8	
20.9	16.4	14.1	176.3	139.5	83.0	.0	86.4	
18.9	8.7	4.8	195.0	159.1	83.0	.0	.0	
15.5	8.8	13.1	76.3	103.7	98.0	.0	94.0	
17.3	12.6	7.4	303.8	151.4	98.0	.0	35.6	
12.7	5.7	3.3	155.0	234.1	45.0	.0	5.1	
11.8	4.0	4.9	216.3	235.0	18.0	.0	.0	
13.6	2.6	3.5	86.3	239.3	50.0	.0	.0	
31.3	25.8	6.8	120.0	128.9	98.0	.0	215.9	
40.7	29.8	16.2	202.5	146.0	77.0	93.0	.0	
21.8	7.7	14.4	220.0	144.5	65.0	.0	.0	
19.7	8.4	9.3	251.3	150.7	94.0	.0	.0	
10.3	-.6	9.2	301.3	228.2	38.0	.0	.0	
12.7	3.8	11.4	298.8	156.1	78.0	.0	.0	
11.8	3.0	4.8	190.0	251.9	2.0	.0	.0	
   2    28    1978
11.4	.6	6.8	152.5	237.3	13.0	.0	.0	
11.2	-.7	6.8	267.5	165.5	48.0	.0	.0	
4.7	-11.6	11.7	310.0	275.7	2.0	.0	.0	
2.5	-15.5	11.0	303.8	281.9	2.0	.0	.0	
2.3	-13.0	2.0	67.5	271.4	35.0	.0	.0	
14.4	6.9	15.3	107.5	137.3	98.0	.0	53.3	
22.9	19.5	18.3	147.5	191.4	98.0	.0	104.1	
20.5	10.6	9.4	315.0	285.5	41.0	.0	.0	
7.8	-4.0	3.3	113.8	304.0	4.0	.0	.0	
8.3	-1.7	7.6	297.5	282.4	2.0	.0	.0	
3.4	-5.6	4.2	202.5	305.4	13.0	.0	.0	
9.0	1.1	2.9	116.3	200.1	50.0	.0	.0	
14.4	3.9	4.9	242.5	307.0	50.0	.0	.0	
19.3	7.4	5.4	195.0	154.1	94.0	.0	.0	
21.8	6.5	7.4	320.0	185.9	83.0	.0	.0	
17.2	5.2	2.0	58.8	298.4	55.0	.0	.0	
27.4	18.7	2.3	82.5	241.9	77.0	.0	.0	
22.8	17.7	2.0	91.3	167.8	77.0	.0	12.7	
15.4	3.0	9.6	267.5	345.8	11.0	.0	.0	
6.8	-7.3	2.0	45.0	339.5	42.0	.0	.0	
12.5	.1	5.9	153.8	334.1	43.0	.0	.0	
12.7	1.4	13.8	278.8	342.6	43.0	.0	.0	
26.0	8.9	12.6	297.5	310.9	85.0	.0	.0	
25.9	12.2	7.4	207.5	246.6	83.0	.0	.0	
23.7	12.5	7.2	220.0	344.3	47.0	.0	.0	
21.9	10.0	8.2	240.0	303.4	40.0	.0	.0	
22.2	9.3	15.0	305.0	363.8	20.0	.0	.0	
15.2	.4	11.2	267.5	394.4	3.0	.0	.0	
   3    31    1978
10.1	-5.1	9.1	215.0	376.8	24.0	.0	.0	
12.3	-6.2	13.8	263.8	397.8	2.0	.0	.0	
12.0	1.5	4.8	183.8	200.4	84.0	.0	58.4	
18.7	10.6	11.8	308.8	333.7	59.0	.0	17.8	
12.2	-4.6	13.7	295.0	396.6	2.0	.0	.0	
21.2	-.1	19.9	297.5	424.3	2.0	.0	.0	
20.8	2.4	18.9	303.8	426.6	2.0	.0	.0	
18.9	5.1	2.9	136.3	397.9	23.0	.0	.0	
22.3	6.0	4.0	81.3	440.0	2.0	.0	.0	
26.4	12.0	2.2	37.5	305.7	64.0	.0	.0	
31.6	16.9	4.1	123.8	410.3	55.0	.0	.0	
36.9	27.1	5.2	152.5	239.5	68.0	6.0	.0	
33.3	19.8	6.3	108.8	448.4	35.0	.0	.0	
31.4	27.3	6.6	130.0	193.5	84.0	.0	142.2	
37.4	28.9	11.3	243.8	203.3	89.0	.0	.0	
30.1	18.0	6.2	207.5	229.2	81.0	.0	.0	
28.1	11.4	8.1	277.5	416.7	75.0	.0	.0	
24.6	7.6	10.2	231.3	401.7	20.0	.0	.0	
34.6	18.7	17.9	233.8	324.1	84.0	.0	.0	
27.8	5.9	10.1	225.0	484.5	39.0	.0	.0	
41.3	30.5	9.0	156.3	385.9	95.0	.0	.0	
39.0	26.6	13.1	236.3	274.9	55.0	6.0	.0	
38.6	24.4	6.2	177.5	412.0	63.0	2.0	.0	
29.7	14.1	9.5	238.8	464.1	59.0	.0	.0	
29.8	5.4	9.8	265.0	408.8	85.0	.0	.0	
31.4	22.9	6.6	71.3	234.9	98.0	.0	66.0	
37.1	34.3	7.0	78.8	231.8	98.0	90.0	.0	
41.5	29.6	8.8	206.3	389.8	69.0	.0	.0	
42.0	24.7	10.5	263.8	317.2	52.0	.0	.0	
34.5	18.8	9.4	265.0	404.6	20.0	.0	.0	
34.3	21.0	4.6	148.8	402.6	44.0	.0	.0	
   4    30    1978
35.2	31.3	3.5	126.3	205.5	94.0	44.0	.0	
34.1	13.6	22.2	300.0	441.6	42.0	.0	.0	
32.1	3.7	8.2	247.5	454.5	64.0	.0	.0	
35.2	23.2	8.5	158.8	238.9	98.0	9.0	.0	
39.9	29.5	11.1	247.5	245.9	80.0	21.0	.0	
38.9	17.4	12.5	257.5	532.1	40.0	.0	.0	
31.4	24.7	2.0	58.8	230.8	98.0	.0	22.9	
37.8	26.1	12.7	267.5	256.8	72.0	.0	.0	
34.3	16.7	14.7	305.0	573.8	2.0	.0	.0	
42.9	14.5	10.5	297.5	558.9	43.0	.0	.0	
39.8	33.8	7.2	116.3	226.8	98.0	30.0	.0	
45.9	28.3	9.1	167.5	517.2	38.0	3.0	.0	
51.3	32.3	6.2	132.5	366.9	66.0	.0	.0	
44.4	22.6	17.1	292.5	404.2	64.0	.0	.0	
39.0	19.7	13.6	295.0	359.1	74.0	.0	.0	
40.1	24.3	5.9	203.8	243.2	85.0	.0	.0	
39.9	27.8	3.0	107.5	295.4	90.0	.0	.0	
43.4	24.4	4.9	151.3	510.5	60.0	.0	.0	
38.3	29.6	9.1	66.3	254.0	98.0	75.0	.0	
44.5	41.2	7.4	163.8	276.7	98.0	12.0	.0	
45.3	33.6	9.5	241.3	283.5	98.0	3.0	.0	
46.1	21.2	10.1	312.5	600.5	31.0	.0	.0	
43.5	13.9	10.3	226.3	635.7	3.0	.0	.0	
49.6	20.8	11.1	253.8	535.7	80.0	.0	.0	
46.9	27.3	5.3	158.8	308.1	80.0	.0	.0	
47.0	23.9	6.2	168.8	642.7	4.0	.0	.0	
46.6	27.6	8.0	128.8	449.4	94.0	.0	.0	
49.2	26.8	9.5	217.5	443.2	87.0	.0	.0	
51.4	24.7	10.0	268.8	581.0	24.0	.0	.0	
38.6	12.0	16.7	295.0	591.5	14.0	.0	.0	
   5    31    1978
39.7	16.9	15.5	263.8	544.5	35.0	.0	.0	
44.7	25.5	14.6	307.5	566.3	31.0	.0	.0	
47.1	27.1	13.3	317.5	543.6	56.0	.0	.0	
46.6	23.5	6.2	191.3	630.6	38.0	.0	.0	
45.3	28.8	8.9	55.0	303.6	91.0	.0	.0	
49.8	27.2	3.9	107.5	595.5	55.0	.0	.0	
56.5	29.1	4.1	62.5	524.8	48.0	.0	.0	
57.6	30.4	10.5	133.8	652.8	57.0	.0	.0	
57.6	50.7	10.1	168.8	279.1	97.0	31.0	.0	
57.4	39.5	10.7	246.3	412.8	45.0	.0	.0	
58.1	31.8	7.9	263.8	688.8	4.0	.0	.0	
61.0	34.9	5.5	106.3	567.0	68.0	.0	.0	
60.7	40.1	8.5	125.0	462.1	80.0	.0	.0	
57.2	38.9	13.1	108.8	575.5	83.0	.0	.0	
47.5	43.0	11.9	57.5	256.0	98.0	106.0	.0	
50.1	43.9	11.6	52.5	285.6	98.0	53.0	.0	
54.7	47.3	6.5	80.0	314.6	98.0	1.0	.0	
51.8	48.4	3.6	165.0	312.2	98.0	5.0	.0	
65.2	49.9	4.4	187.5	572.5	51.0	.0	.0	
72.1	48.5	5.0	150.0	556.6	80.0	.0	.0	
63.3	45.3	10.8	233.8	578.8	38.0	14.0	.0	
59.4	32.3	9.1	211.3	706.3	3.0	.0	.0	
62.8	40.8	4.8	146.3	665.9	14.0	.0	.0	
63.9	48.2	6.9	141.3	432.6	83.0	.0	.0	
61.1	52.4	7.2	90.0	327.2	78.0	.0	.0	
62.4	51.4	6.5	123.8	647.4	69.0	.0	.0	
67.2	55.1	5.8	130.0	587.2	47.0	.0	.0	
73.9	55.0	4.5	110.0	669.9	29.0	.0	.0	
77.8	58.9	6.5	176.3	640.0	14.0	.0	.0	
76.5	58.1	5.3	142.5	636.9	11.0	.0	.0	
67.7	57.4	6.8	133.8	610.1	58.0	57.0	.0	
   6    30    1978
71.3	57.3	7.9	232.5	537.6	64.0	.0	.0	
62.7	54.6	7.2	100.0	373.6	98.0	.0	.0	
66.6	58.8	5.6	235.0	319.0	98.0	48.0	.0	
59.9	43.6	8.2	281.3	629.5	25.0	.0	.0	
55.2	42.9	6.9	186.3	415.1	47.0	7.0	.0	
61.0	41.0	7.5	248.8	742.3	2.0	.0	.0	
63.8	51.3	6.9	156.3	559.3	67.0	21.0	.0	
70.2	63.9	9.5	160.0	347.2	98.0	57.0	.0	
69.3	59.0	7.9	236.3	426.0	63.0	31.0	.0	
58.7	36.7	8.5	238.8	723.8	19.0	.0	.0	
66.6	47.9	7.6	186.3	678.2	66.0	.0	.0	
73.5	57.4	9.1	155.0	661.5	20.0	.0	.0	
63.1	53.4	9.0	195.0	343.2	74.0	15.0	.0	
54.5	37.3	14.8	276.3	456.5	53.0	.0	.0	
57.9	30.4	11.4	235.0	746.7	2.0	.0	.0	
60.1	36.4	6.8	146.3	709.7	28.0	.0	.0	
63.4	41.5	8.3	112.5	572.8	75.0	.0	.0	
67.7	53.6	6.6	117.5	422.5	81.0	.0	.0	
72.6	63.5	3.7	112.5	536.7	82.0	110.0	.0	
69.0	58.4	5.3	148.8	436.1	82.0	.0	.0	
67.1	56.6	5.2	147.5	562.8	79.0	27.0	.0	
66.5	55.3	5.0	157.5	402.3	70.0	1.0	.0	
66.5	47.1	6.4	130.0	617.3	21.0	.0	.0	
64.3	45.7	7.5	205.0	656.6	13.0	.0	.0	
66.8	46.9	4.5	165.0	683.5	34.0	.0	.0	
69.7	54.0	4.8	127.5	563.7	86.0	1.0	.0	
76.2	62.4	6.2	162.5	607.6	65.0	.0	.0	
76.6	58.4	10.3	261.3	641.4	27.0	.0	.0	
72.4	55.6	4.9	156.3	578.9	39.0	.0	.0	
67.7	44.0	11.0	272.5	733.2	2.0	.0	.0	
   7    31    1978
63.7	36.1	12.1	298.8	746.3	2.0	.0	.0	
60.7	39.5	4.9	152.5	673.7	10.0	.0	.0	
62.5	44.9	6.2	95.0	654.2	68.0	.0	.0	
58.9	47.7	7.5	130.0	321.9	96.0	1.0	.0	
66.0	43.7	5.9	210.0	730.4	8.0	.0	.0	
72.6	51.1	3.7	128.8	677.2	51.0	.0	.0	
78.3	58.1	6.3	136.3	692.8	28.0	.0	.0	
81.1	61.2	7.4	150.0	700.7	10.0	.0	.0	
79.8	64.2	6.2	160.0	543.6	72.0	.0	.0	
77.7	61.6	6.0	162.5	540.0	69.0	3.0	.0	
64.0	41.5	11.8	285.0	639.5	14.0	.0	.0	
65.0	41.5	6.2	201.3	674.0	5.0	.0	.0	
71.7	47.3	6.3	156.3	666.1	47.0	.0	.0	
73.5	57.1	7.5	172.5	411.5	90.0	.0	.0	
69.8	63.1	5.6	140.0	269.2	98.0	40.0	.0	
68.6	62.5	5.3	121.3	347.8	98.0	.0	.0	
68.5	61.4	2.0	51.3	325.1	90.0	5.0	.0	
72.7	56.2	3.4	182.5	636.0	27.0	.0	.0	
75.7	56.8	3.5	102.5	636.9	69.0	.0	.0	
81.2	63.4	6.2	150.0	602.2	49.0	.0	.0	
85.1	65.8	6.1	188.8	634.8	66.0	.0	.0	
85.7	66.7	6.3	227.5	524.9	64.0	.0	.0	
85.0	67.5	6.8	165.0	582.9	58.0	2.0	.0	
72.2	48.3	10.1	275.0	602.3	55.0	.0	.0	
69.9	48.5	5.8	152.5	597.4	39.0	.0	.0	
69.9	49.1	7.7	131.3	640.0	45.0	.0	.0	
75.5	62.0	11.9	198.8	319.6	89.0	14.0	.0	
71.2	59.2	8.4	210.0	410.0	60.0	26.0	.0	
65.1	50.3	3.6	83.8	558.9	68.0	15.0	.0	
65.3	50.9	9.3	290.0	589.0	60.0	.0	.0	
61.3	47.7	7.1	158.8	322.8	94.0	2.0	.0	
   8    31    1978
63.0	57.5	2.9	105.0	308.2	98.0	17.0	.0	
69.9	61.9	4.9	198.8	331.7	98.0	.0	.0	
77.9	66.1	10.4	173.8	431.4	86.0	.0	.0	
73.2	66.2	6.7	158.8	321.0	95.0	62.0	.0	
69.1	58.1	5.2	195.0	470.2	79.0	.0	.0	
71.4	64.9	3.2	135.0	259.4	94.0	18.0	.0	
72.0	63.5	2.6	95.0	287.1	98.0	6.0	.0	
76.5	66.7	6.1	178.8	389.7	87.0	19.0	.0	
78.2	62.6	8.9	212.5	491.4	43.0	.0	.0	
73.3	55.0	7.8	300.0	543.8	45.0	.0	.0	
67.8	50.4	4.8	127.5	547.2	52.0	.0	.0	
66.1	57.9	3.0	107.5	283.8	98.0	9.0	.0	
71.5	61.0	3.3	150.0	429.0	62.0	3.0	.0	
76.6	62.8	3.0	158.8	547.3	34.0	.0	.0	
77.5	62.5	3.7	90.0	564.8	41.0	.0	.0	
80.0	66.4	7.1	162.5	438.6	75.0	.0	.0	
82.7	63.4	9.7	236.3	467.8	49.0	.0	.0	
72.2	57.1	5.5	193.8	535.3	13.0	.0	.0	
72.3	52.5	4.1	112.5	564.0	47.0	.0	.0	
72.1	57.5	7.1	210.0	359.2	69.0	3.0	.0	
68.9	48.9	7.0	255.0	527.0	31.0	.0	.0	
67.2	47.1	3.3	123.8	605.6	2.0	.0	.0	
69.7	50.8	5.6	205.0	531.9	53.0	.0	.0	
57.8	49.9	7.0	128.8	231.4	98.0	73.0	.0	
58.8	45.7	5.0	205.0	279.8	98.0	.0	.0	
63.3	49.1	5.3	172.5	410.9	54.0	5.0	.0	
60.1	44.0	5.5	166.3	544.5	49.0	.0	.0	
53.3	49.3	3.4	131.3	235.1	95.0	48.0	.0	
71.4	59.7	7.5	188.8	489.2	55.0	.0	.0	
69.1	54.4	3.0	101.3	427.1	62.0	.0	.0	
62.4	57.4	2.0	80.0	220.5	98.0	24.0	.0	
   9    30    1978
65.4	55.3	4.0	202.5	454.5	56.0	.0	.0	
63.1	48.2	3.3	86.3	517.9	24.0	.0	.0	
69.0	54.6	5.1	163.8	490.5	25.0	.0	.0	
65.9	49.5	9.4	265.0	546.2	5.0	.0	.0	
62.2	47.5	6.9	166.3	502.7	23.0	.0	.0	
67.3	50.5	9.4	156.3	426.9	79.0	.0	.0	
65.0	48.0	13.7	308.8	450.3	57.0	.0	.0	
51.3	36.6	3.7	165.0	486.6	31.0	.0	.0	
49.8	35.2	12.6	240.0	505.1	14.0	.0	.0	
51.1	36.7	3.7	75.0	274.0	73.0	.0	.0	
64.2	56.9	7.8	167.5	245.1	98.0	29.0	.0	
59.5	51.9	7.0	227.5	254.2	74.0	7.0	.0	
50.2	35.7	4.2	208.8	462.1	9.0	.0	.0	
48.8	34.9	3.6	108.8	477.9	52.0	.0	.0	
53.9	48.6	6.9	168.8	203.4	72.0	8.0	.0	
62.4	53.5	7.5	198.8	291.8	53.0	.0	.0	
56.1	40.0	5.9	197.5	440.7	59.0	.0	.0	
57.0	41.5	5.4	110.0	337.2	95.0	1.0	.0	
56.0	41.1	4.3	127.5	482.6	21.0	.0	.0	
57.6	42.4	3.9	140.0	464.5	53.0	.0	.0	
74.3	59.9	7.2	158.8	390.8	61.0	.0	.0	
61.6	52.6	5.5	250.0	205.5	94.0	.0	.0	
53.4	39.4	3.9	147.5	466.7	23.0	.0	.0	
53.2	41.5	5.9	108.8	436.3	35.0	.0	.0	
52.0	39.1	9.8	201.3	349.1	20.0	1.0	.0	
43.6	27.7	4.3	183.8	446.1	2.0	.0	.0	
48.8	34.7	6.0	97.5	419.0	31.0	.0	.0	
47.4	38.5	7.9	188.8	252.7	50.0	.0	.0	
44.8	29.3	7.8	241.3	431.4	8.0	.0	.0	
50.8	32.8	7.5	100.0	408.9	63.0	.0	.0	
  10    31    1978
60.1	52.6	7.4	135.0	186.0	98.0	2.0	.0	
55.2	45.0	8.8	240.0	353.7	23.0	.0	.0	
45.2	34.0	3.4	73.8	347.9	59.0	.0	.0	
50.4	43.0	6.7	86.3	159.8	98.0	39.0	.0	
54.1	48.3	5.5	136.3	232.6	89.0	1.0	.0	
52.5	49.2	6.7	85.0	166.5	98.0	85.0	.0	
52.1	41.3	8.1	193.8	325.5	50.0	.0	.0	
42.3	28.2	10.0	261.3	210.0	77.0	.0	.0	
39.6	20.5	8.3	265.0	378.5	26.0	.0	.0	
47.7	35.3	7.1	190.0	214.5	32.0	.0	.0	
49.4	39.9	4.3	138.8	325.6	68.0	.0	.0	
55.7	48.4	5.8	125.0	163.2	85.0	.0	.0	
60.3	52.4	8.0	151.3	216.7	93.0	9.0	.0	
55.3	51.5	6.3	156.3	143.4	98.0	46.0	.0	
40.2	27.7	16.5	306.3	209.0	60.0	.0	.0	
33.0	17.6	5.0	221.3	350.5	3.0	.0	.0	
29.0	15.9	4.6	143.8	349.2	3.0	.0	.0	
35.9	16.9	4.5	188.8	281.8	63.0	.0	.0	
48.6	35.5	5.6	153.8	182.3	96.0	15.0	.0	
41.3	31.5	6.5	278.8	267.5	25.0	.0	.0	
47.3	30.5	2.4	146.3	328.6	40.0	.0	.0	
55.6	38.8	3.2	83.8	280.9	68.0	.0	.0	
51.0	39.0	8.4	176.3	137.9	86.0	3.0	.0	
36.7	15.5	8.5	246.3	315.0	46.0	.0	.0	
46.4	25.3	8.5	113.8	238.4	70.0	1.0	.0	
58.0	50.4	9.2	191.3	123.0	98.0	42.0	.0	
47.8	34.7	12.1	235.0	268.0	55.0	26.0	.0	
46.9	33.3	4.2	116.3	238.2	72.0	3.0	.0	
42.7	28.2	7.5	322.5	302.1	28.0	.0	.0	
31.8	17.9	4.9	127.5	297.3	2.0	.0	.0	
43.7	30.1	5.6	165.0	270.0	2.0	.0	.0	
  11    30    1978
36.5	24.5	4.6	121.3	276.8	5.0	.0	.0	
40.2	20.0	7.9	180.0	283.1	18.0	.0	.0	
44.9	29.4	5.6	196.3	275.1	20.0	.0	.0	
40.2	33.8	3.2	42.5	180.7	84.0	.0	.0	
44.8	35.2	3.2	78.8	245.9	70.0	.0	.0	
46.0	37.7	3.5	100.0	195.0	71.0	.0	.0	
45.1	36.1	4.8	195.0	114.0	87.0	16.0	.0	
40.0	35.9	3.3	155.0	125.7	94.0	6.0	.0	
41.8	31.6	3.5	157.5	230.7	55.0	.0	.0	
44.7	34.6	5.6	107.5	164.0	82.0	.0	.0	
44.6	37.0	2.0	71.3	145.6	84.0	.0	.0	
36.3	23.0	7.1	203.8	196.2	55.0	.0	.0	
30.1	18.9	6.3	123.8	240.1	52.0	.0	.0	
51.9	40.2	11.7	182.5	113.9	98.0	.0	.0	
44.2	24.8	12.8	262.5	202.8	68.0	.0	.0	
30.7	19.7	4.0	118.8	192.7	46.0	.0	.0	
30.5	23.0	3.0	78.8	101.7	69.0	.0	99.1	
52.8	40.1	12.1	245.0	138.6	68.0	5.0	.0	
42.1	26.2	9.1	235.0	184.9	17.0	.0	.0	
32.2	12.1	7.9	322.5	127.6	59.0	.0	.0	
23.5	17.5	4.8	232.5	106.9	98.0	.0	30.5	
24.0	13.8	5.1	177.5	125.6	93.0	.0	.0	
22.1	14.9	4.5	116.3	85.5	93.0	.0	40.6	
31.1	28.6	4.8	240.0	117.2	98.0	.0	104.1	
28.2	16.4	16.8	307.5	196.7	51.0	.0	.0	
14.9	1.0	17.9	303.8	204.8	10.0	.0	.0	
13.8	3.8	7.7	197.5	87.9	98.0	.0	40.6	
24.0	19.0	8.3	220.0	114.6	75.0	.0	5.1	
27.6	17.2	5.6	128.8	171.9	47.0	.0	22.9	
34.8	26.5	6.3	213.8	144.4	72.0	15.0	.0	
  12    31    1978
28.3	16.0	5.9	186.3	195.1	36.0	.0	.0	
30.4	18.2	10.5	242.5	102.7	64.0	.0	.0	
14.9	7.3	5.5	261.3	93.3	75.0	.0	81.3	
32.6	27.9	6.3	197.5	108.8	98.0	3.0	.0	
34.8	22.0	7.4	180.0	144.4	71.0	.0	.0	
33.8	23.5	4.5	108.8	176.4	30.0	.0	.0	
29.3	22.4	2.6	91.3	124.9	70.0	.0	.0	
34.4	31.8	2.0	57.5	78.7	98.0	25.0	.0	
31.4	31.0	5.5	276.3	96.1	98.0	.0	233.7	
16.0	10.3	9.2	276.3	120.9	41.0	.0	2.5	
8.1	1.0	3.4	140.0	150.3	28.0	.0	.0	
13.8	6.6	2.0	52.5	141.8	56.0	.0	.0	
26.1	20.6	6.6	98.8	118.6	82.0	.0	.0	
28.3	17.3	12.4	252.5	124.0	50.0	.0	.0	
18.2	11.3	5.8	133.8	96.0	54.0	.0	.0	
18.7	12.0	2.0	22.5	175.7	63.0	.0	.0	
30.3	24.9	12.2	221.3	125.4	91.0	.0	55.9	
17.5	3.9	22.2	285.0	174.5	41.0	.0	.0	
15.8	1.6	18.6	291.3	173.9	2.0	.0	.0	
20.0	2.5	7.4	207.5	100.5	73.0	.0	10.2	
28.5	16.6	13.4	223.8	147.7	73.0	.0	124.5	
18.4	6.6	5.6	190.0	187.3	13.0	.0	.0	
19.9	9.4	5.0	132.5	164.7	48.0	.0	.0	
22.8	11.3	2.7	47.5	163.6	57.0	.0	.0	
27.4	21.1	15.0	166.3	105.2	98.0	.0	154.9	
25.0	15.2	12.3	253.8	168.2	61.0	.0	.0	
22.9	9.4	13.8	223.8	171.4	34.0	.0	.0	
19.8	6.6	16.6	303.8	188.6	2.0	.0	.0	
15.3	3.6	6.2	300.0	192.3	2.0	.0	.0	
15.6	3.9	2.0	51.3	161.6	58.0	.0	.0	
29.4	20.5	2.0	143.8	92.5	91.0	.0	5.1	
