   1    31    1979
27.2	21.6	12.7	305.0	80.6	98.0	.0	73.7	
7.2	-2.8	13.3	286.7	180.8	38.0	.0	.0	
14.1	3.2	8.6	212.9	230.2	7.0	.0	.0	
20.2	9.4	6.5	187.9	115.7	71.0	.0	.0	
18.0	12.1	7.0	157.1	101.6	98.0	.0	43.2	
17.6	11.1	6.7	219.6	146.1	98.0	.0	30.5	
19.4	12.2	13.1	262.1	141.6	98.0	.0	83.8	
4.7	-6.9	9.7	244.2	265.2	7.0	.0	.0	
17.2	9.4	10.3	237.1	251.2	29.0	.0	.0	
10.2	-3.5	8.3	310.0	159.7	79.0	.0	.0	
10.9	-.1	7.9	52.5	119.7	85.0	.0	.0	
26.1	18.7	7.2	84.2	154.0	91.0	.0	2.5	
33.6	30.1	10.0	167.5	98.6	98.0	18.0	.0	
9.6	.6	14.9	275.8	251.6	39.0	.0	2.5	
8.9	-2.5	7.4	117.9	121.5	70.0	.0	.0	
33.7	23.5	9.2	188.8	239.8	74.0	.0	.0	
38.1	33.1	9.8	272.9	143.8	68.0	.0	.0	
26.5	15.6	8.4	146.7	224.5	67.0	.0	.0	
32.7	28.7	7.7	111.3	74.5	98.0	41.0	.0	
36.0	33.5	9.2	250.0	90.3	98.0	47.0	.0	
29.0	22.5	17.0	300.4	145.7	98.0	.0	20.3	
26.2	18.2	8.9	195.8	164.4	93.0	.0	.0	
33.2	27.0	10.4	128.3	129.4	86.0	98.0	.0	
21.0	13.2	18.7	267.5	152.3	83.0	.0	58.4	
15.6	3.8	8.1	254.6	293.6	15.0	.0	.0	
24.7	11.8	3.7	55.4	137.1	98.0	.0	.0	
28.1	21.5	8.8	170.4	123.0	98.0	.0	73.7	
23.1	14.7	14.4	279.2	168.1	98.0	.0	.0	
12.7	4.0	6.4	228.3	306.3	35.0	.0	.0	
15.1	7.1	4.7	186.3	215.2	80.0	.0	5.1	
12.2	4.3	11.2	287.1	254.6	50.0	.0	2.5	
   2    28    1979
6.0	-3.2	5.9	220.8	320.1	2.0	.0	.0	
17.9	8.1	6.1	108.8	171.5	85.0	.0	.0	
32.0	25.8	6.7	229.2	168.6	98.0	1.0	.0	
15.4	3.5	10.3	319.6	324.1	28.0	.0	.0	
7.3	-5.3	3.7	143.3	338.4	8.0	.0	.0	
23.7	12.0	4.5	78.3	162.2	88.0	.0	2.5	
19.1	11.6	10.3	257.9	251.6	58.0	.0	40.6	
10.1	3.1	9.3	162.5	156.1	80.0	.0	33.0	
2.7	-6.8	5.6	210.8	358.5	24.0	.0	.0	
12.9	2.8	4.1	77.5	298.1	62.0	.0	.0	
26.6	13.8	4.9	104.6	334.1	83.0	.0	.0	
32.2	25.5	13.5	260.0	183.0	98.0	.0	.0	
23.9	19.4	5.4	94.6	207.0	85.0	.0	.0	
34.5	31.2	5.9	111.7	167.9	98.0	.0	.0	
42.0	41.3	9.8	203.3	185.4	98.0	.0	.0	
25.8	17.9	16.1	250.8	166.4	78.0	.0	.0	
19.9	4.7	16.5	61.7	236.1	79.0	.0	2.5	
17.6	9.4	6.7	160.4	209.3	83.0	.0	33.0	
11.4	1.7	3.3	45.8	399.7	2.0	.0	.0	
27.7	18.2	7.7	105.4	172.0	78.0	.0	101.6	
43.7	36.5	10.2	196.3	241.7	88.0	4.0	.0	
43.1	39.5	8.7	104.6	132.6	96.0	76.0	.0	
53.1	48.0	8.9	229.6	201.1	98.0	113.0	.0	
37.5	31.0	13.6	147.5	156.5	98.0	27.0	.0	
32.5	27.8	21.4	197.5	195.3	98.0	137.0	.0	
28.1	19.1	12.9	321.7	421.1	23.0	.0	.0	
31.3	24.4	3.3	95.4	345.1	40.0	.0	.0	
39.4	33.7	7.5	87.9	173.3	91.0	38.0	.0	
   3    31    1979
39.5	34.6	8.6	213.8	219.8	98.0	1.0	.0	
46.2	38.5	8.1	82.9	350.1	88.0	.0	.0	
58.3	51.1	16.4	130.0	134.3	98.0	84.0	.0	
45.8	37.3	14.1	235.0	216.2	98.0	49.0	.0	
37.4	26.4	10.2	241.3	205.8	98.0	.0	.0	
41.5	28.4	7.8	167.1	451.2	23.0	.0	.0	
40.8	33.8	7.0	217.9	180.0	85.0	6.0	.0	
37.6	31.5	9.4	277.5	207.7	92.0	2.0	.0	
43.9	34.7	9.6	204.2	261.4	95.0	.0	.0	
34.5	23.3	10.2	326.3	253.6	80.0	.0	.0	
29.4	14.6	11.9	263.8	405.7	45.0	.0	.0	
39.3	27.6	4.1	151.7	481.6	2.0	.0	.0	
52.9	39.1	12.5	187.9	360.0	62.0	9.0	.0	
41.2	26.7	17.4	305.8	445.5	54.0	1.0	.0	
30.6	15.2	7.2	166.3	489.6	4.0	.0	.0	
37.4	21.6	4.1	103.3	495.3	2.0	.0	.0	
50.7	35.0	5.6	92.1	330.9	52.0	.0	.0	
63.1	47.8	8.8	122.9	417.4	84.0	.0	.0	
60.7	53.5	7.4	160.8	211.9	98.0	51.0	.0	
59.5	55.3	7.1	150.0	204.3	98.0	43.0	.0	
58.3	53.6	9.1	238.3	358.4	86.0	.0	.0	
61.4	53.4	11.0	112.9	226.6	95.0	18.0	.0	
56.9	50.3	13.4	174.6	267.7	94.0	77.0	.0	
37.0	28.9	15.7	266.7	219.2	98.0	3.0	.0	
29.9	20.0	12.4	305.0	230.0	96.0	.0	2.5	
36.3	25.5	4.6	223.3	232.4	98.0	.0	.0	
40.6	33.0	8.2	132.9	272.0	85.0	1.0	.0	
57.2	44.4	12.7	161.7	380.5	93.0	.0	.0	
61.9	52.3	13.5	188.3	211.9	98.0	32.0	.0	
60.0	55.8	15.1	178.8	188.3	98.0	50.0	.0	
49.3	47.5	9.7	274.2	182.4	98.0	202.0	.0	
   4    30    1979
49.0	47.7	8.6	95.8	219.3	98.0	123.0	.0	
48.1	42.6	13.8	275.4	285.7	98.0	9.0	.0	
46.2	32.0	10.2	76.3	567.5	35.0	.0	.0	
44.2	38.2	11.3	208.3	210.6	98.0	71.0	.0	
49.4	34.9	14.0	242.9	571.9	23.0	.0	.0	
36.1	16.6	8.7	267.9	539.0	42.0	.0	.0	
48.0	31.3	10.2	123.3	567.9	35.0	.0	.0	
54.6	48.9	12.2	204.6	195.3	88.0	146.0	.0	
40.1	32.2	14.1	316.7	284.9	98.0	.0	.0	
42.3	31.6	9.2	80.4	312.6	95.0	.0	.0	
62.0	50.6	14.5	122.9	270.1	98.0	107.0	.0	
69.0	58.0	15.3	162.5	441.6	78.0	.0	.0	
54.7	46.0	8.5	232.9	241.5	60.0	14.0	.0	
60.0	42.5	9.3	217.1	548.1	28.0	.0	.0	
54.9	39.0	9.1	270.8	600.5	3.0	.0	.0	
55.1	38.7	6.3	223.8	444.5	33.0	.0	.0	
56.2	38.6	6.1	93.3	634.4	3.0	.0	.0	
56.7	40.0	5.8	118.8	609.9	46.0	.0	.0	
58.9	40.2	6.0	96.7	472.5	84.0	.0	.0	
66.3	46.6	6.1	123.3	543.0	89.0	.0	.0	
62.7	56.3	5.6	218.3	192.3	98.0	51.0	.0	
60.1	55.9	4.4	85.8	241.6	98.0	13.0	.0	
63.6	58.0	8.5	90.4	207.5	98.0	8.0	.0	
65.6	59.3	9.0	126.3	231.9	98.0	41.0	.0	
67.1	60.8	10.4	163.8	307.6	96.0	5.0	.0	
55.8	48.9	9.9	223.3	259.0	82.0	1.0	.0	
50.8	40.9	6.7	223.3	467.6	37.0	18.0	.0	
46.5	35.0	7.9	227.5	406.3	42.0	.0	.0	
53.7	38.7	9.2	177.9	530.5	46.0	.0	.0	
55.2	36.7	8.2	213.8	553.7	59.0	.0	.0	
   5    31    1979
57.7	42.5	7.5	84.2	637.9	14.0	.0	.0	
63.2	52.5	11.2	152.9	357.5	74.0	10.0	.0	
63.8	57.6	11.4	194.6	307.8	98.0	80.0	.0	
49.3	43.9	11.1	56.3	226.0	97.0	36.0	.0	
53.4	40.9	4.7	135.0	669.6	2.0	.0	.0	
61.3	51.1	7.6	165.0	630.7	13.0	.0	.0	
72.6	58.2	12.5	174.6	633.2	2.0	.0	.0	
76.7	63.8	13.1	162.1	626.3	6.0	.0	.0	
76.6	66.2	9.1	141.7	506.3	20.0	.0	.0	
77.3	66.9	5.6	126.7	549.0	20.0	.0	.0	
69.9	62.0	7.2	206.7	374.6	79.0	12.0	.0	
54.3	47.9	9.7	317.9	247.5	98.0	119.0	.0	
58.8	48.3	5.8	255.4	635.0	24.0	4.0	.0	
67.2	52.5	6.0	162.9	649.5	15.0	.0	.0	
64.3	48.2	7.8	257.5	640.6	31.0	.0	.0	
61.3	44.7	5.7	61.7	688.2	9.0	.0	.0	
63.0	45.8	5.0	126.7	706.8	2.0	.0	.0	
67.5	50.8	4.2	130.4	667.5	12.0	.0	.0	
69.3	62.2	5.6	143.8	432.6	79.0	4.0	.0	
66.8	63.6	4.3	177.1	282.2	87.0	17.0	.0	
62.3	50.4	8.0	76.7	399.5	84.0	.0	.0	
61.8	50.8	4.9	79.2	333.2	91.0	.0	.0	
67.0	57.8	6.2	186.7	334.7	84.0	9.0	.0	
57.0	42.1	12.9	340.4	345.0	81.0	.0	.0	
57.9	30.4	13.6	308.8	689.3	24.0	.0	.0	
59.7	38.7	10.2	240.4	372.9	71.0	.0	.0	
65.2	55.7	8.7	222.5	506.6	75.0	8.0	.0	
66.9	54.0	4.4	162.5	631.4	26.0	.0	.0	
68.2	51.6	4.7	160.0	655.3	7.0	.0	.0	
69.4	62.2	6.8	109.6	429.0	75.0	56.0	.0	
74.9	68.9	5.9	169.6	372.0	83.0	17.0	.0	
   6    30    1979
72.6	64.3	6.6	251.7	440.6	65.0	.0	.0	
68.5	57.2	5.6	86.3	376.2	93.0	4.0	.0	
70.2	55.9	5.2	223.3	627.4	46.0	.0	.0	
73.0	56.2	6.2	168.3	696.4	12.0	.0	.0	
77.9	63.7	9.9	165.0	589.5	42.0	.0	.0	
81.1	66.2	11.4	200.8	633.1	62.0	.0	.0	
74.5	70.5	9.5	164.2	297.2	96.0	106.0	.0	
81.5	71.7	10.4	183.8	536.3	82.0	44.0	.0	
82.6	72.7	9.7	154.2	591.7	44.0	6.0	.0	
72.8	62.3	14.6	276.3	411.1	37.0	2.0	.0	
68.2	54.0	7.4	251.7	691.7	6.0	.0	.0	
73.5	57.6	5.2	211.7	670.5	18.0	.0	.0	
74.4	60.9	5.6	126.7	436.3	89.0	.0	.0	
78.4	62.7	8.3	167.1	666.7	23.0	.0	.0	
77.5	60.7	8.2	156.7	714.8	3.0	.0	.0	
74.2	59.4	5.7	186.3	647.0	28.0	.0	.0	
80.7	66.1	7.1	196.3	664.1	31.0	.0	.0	
84.3	68.1	8.7	221.3	619.1	60.0	.0	.0	
84.9	68.4	8.1	170.8	659.1	25.0	.0	.0	
83.0	70.9	13.2	192.5	520.5	54.0	1.0	.0	
81.9	69.4	10.1	212.9	671.0	28.0	.0	.0	
82.0	69.5	9.2	227.1	441.2	74.0	.0	.0	
77.1	69.2	5.5	101.3	536.1	93.0	21.0	.0	
63.6	58.6	9.9	62.5	464.4	83.0	45.0	.0	
66.9	53.7	6.7	100.8	675.4	43.0	.0	.0	
68.5	53.7	5.4	160.4	712.8	16.0	.0	.0	
73.8	59.2	5.2	177.1	606.7	83.0	.0	.0	
79.1	65.9	8.5	220.8	540.9	95.0	11.0	.0	
76.5	68.4	11.1	214.2	467.0	69.0	24.0	.0	
73.6	62.2	10.6	267.1	636.1	39.0	14.0	.0	
   7    31    1979
75.7	64.9	5.6	186.3	634.9	24.0	.0	.0	
78.3	69.4	5.0	167.1	597.2	60.0	.0	.0	
77.8	72.0	4.6	91.7	331.8	71.0	11.0	.0	
80.7	70.7	12.9	175.8	509.4	66.0	1.0	.0	
70.2	57.8	9.2	53.8	469.5	77.0	.0	.0	
71.9	54.3	9.5	64.6	627.7	70.0	.0	.0	
74.3	60.7	8.2	91.7	409.6	94.0	1.0	.0	
77.1	71.8	7.6	146.7	414.2	92.0	13.0	.0	
75.6	71.5	6.6	172.9	339.8	85.0	.0	.0	
76.4	71.8	5.2	131.7	453.1	85.0	.0	.0	
78.2	71.7	6.9	100.0	570.1	83.0	.0	.0	
72.8	72.0	12.5	169.2	189.4	98.0	206.0	.0	
79.0	71.8	9.0	254.2	611.1	59.0	12.0	.0	
80.4	71.8	7.6	158.8	566.1	57.0	41.0	.0	
79.2	72.6	5.1	147.5	347.4	92.0	1.0	.0	
80.6	69.2	5.8	142.9	595.7	41.0	.0	.0	
73.9	61.4	8.7	323.3	630.0	65.0	.0	.0	
74.2	60.4	8.8	68.8	656.1	21.0	.0	.0	
72.9	58.6	6.2	44.2	497.4	79.0	.0	.0	
76.5	61.6	6.2	62.5	394.6	91.0	.0	.0	
77.1	66.5	2.8	85.8	498.3	70.0	.0	.0	
78.6	68.1	3.3	99.2	560.2	68.0	.0	.0	
74.7	67.6	7.3	121.3	272.5	86.0	163.0	.0	
77.6	69.3	9.1	161.7	336.6	95.0	49.0	.0	
77.6	70.1	8.5	198.8	255.4	98.0	106.0	.0	
79.8	70.3	9.1	204.2	399.8	96.0	69.0	.0	
76.7	69.4	6.7	180.0	236.1	98.0	19.0	.0	
76.2	67.4	10.9	195.0	283.9	70.0	25.0	.0	
79.1	69.0	5.4	117.9	560.0	54.0	.0	.0	
83.4	70.7	7.9	184.2	560.9	38.0	.0	.0	
79.5	69.3	5.1	177.5	460.8	58.0	5.0	.0	
   8    31    1979
76.3	68.1	7.8	194.6	436.4	68.0	10.0	.0	
74.0	63.6	2.8	115.8	612.3	23.0	.0	.0	
76.5	64.6	3.0	121.7	600.1	36.0	.0	.0	
79.0	67.6	3.4	140.8	629.1	10.0	.0	.0	
81.2	69.2	3.7	131.7	613.4	19.0	.0	.0	
83.8	71.4	6.2	207.5	584.6	55.0	.0	.0	
83.5	71.4	4.8	182.5	604.5	6.0	.0	.0	
83.2	71.0	3.0	145.8	591.6	7.0	.0	.0	
83.7	71.4	6.2	202.5	598.2	9.0	.0	.0	
81.2	69.1	9.5	224.6	551.0	53.0	33.0	.0	
69.2	62.9	9.0	96.3	223.2	96.0	67.0	.0	
66.8	54.9	6.1	80.4	540.8	21.0	.0	.0	
68.5	56.7	4.7	143.8	553.5	55.0	.0	.0	
70.8	59.9	7.6	227.5	454.1	64.0	1.0	.0	
63.7	51.1	8.0	32.1	424.2	60.0	3.0	.0	
64.9	51.0	6.9	81.3	559.6	50.0	.0	.0	
70.2	55.6	5.1	146.7	631.8	2.0	.0	.0	
78.5	65.8	9.1	210.0	540.0	45.0	.0	.0	
81.2	70.5	6.8	180.8	553.1	42.0	.0	.0	
80.8	69.5	7.6	150.0	460.1	68.0	46.0	.0	
74.6	67.3	5.3	123.3	283.4	98.0	8.0	.0	
74.0	67.8	4.7	127.1	333.1	86.0	.0	.0	
75.7	66.7	7.4	150.0	391.9	81.0	9.0	.0	
72.7	62.9	5.0	244.2	491.1	76.0	.0	.0	
68.7	61.5	5.6	72.9	202.9	93.0	.0	.0	
70.1	65.0	3.9	127.5	202.6	98.0	14.0	.0	
74.3	70.0	5.6	136.7	427.1	83.0	14.0	.0	
74.5	70.0	7.6	174.2	293.2	68.0	31.0	.0	
77.1	72.6	7.4	188.8	277.8	71.0	.0	.0	
77.5	72.1	3.4	121.3	489.0	70.0	.0	.0	
75.9	69.7	3.7	94.2	543.9	19.0	.0	.0	
   9    30    1979
76.1	70.4	6.2	150.0	472.9	53.0	25.0	.0	
76.1	70.5	5.5	165.0	346.8	68.0	.0	.0	
78.2	71.5	2.4	119.2	481.7	31.0	.0	.0	
77.3	71.0	4.5	41.3	531.5	26.0	.0	.0	
77.5	71.4	5.9	222.5	534.0	18.0	.0	.0	
77.2	69.3	5.1	248.3	526.2	23.0	.0	.0	
69.8	59.3	7.5	313.3	541.5	15.0	.0	.0	
62.2	49.3	8.4	37.9	477.2	14.0	.0	.0	
63.3	50.5	3.3	68.3	562.8	2.0	.0	.0	
68.5	55.2	2.5	73.3	558.7	2.0	.0	.0	
71.1	59.0	2.8	55.0	544.0	2.0	.0	.0	
73.2	60.6	3.5	104.2	492.2	50.0	.0	.0	
69.0	63.3	8.6	78.8	155.0	98.0	52.0	.0	
62.9	49.4	11.0	315.8	492.5	26.0	.0	.0	
58.5	45.3	5.6	154.2	471.9	16.0	.0	.0	
59.9	47.0	5.3	130.8	528.0	2.0	.0	.0	
66.1	56.3	3.8	131.7	478.1	13.0	.0	.0	
70.4	62.4	5.5	205.0	336.4	75.0	.0	.0	
67.4	53.6	6.2	93.3	497.4	44.0	.0	.0	
66.1	55.3	5.0	102.1	229.4	98.0	41.0	.0	
64.5	57.8	12.0	137.5	167.7	98.0	161.0	.0	
62.4	49.8	8.3	179.2	499.5	24.0	4.0	.0	
58.4	45.6	5.7	57.9	510.4	2.0	.0	.0	
60.9	49.8	3.6	130.8	480.9	6.0	.0	.0	
64.2	54.3	2.0	81.7	454.9	30.0	.0	.0	
65.9	54.6	3.9	104.2	480.2	16.0	.0	.0	
65.3	57.4	4.3	130.0	193.5	82.0	.0	.0	
67.9	60.1	3.9	187.5	265.4	55.0	.0	.0	
70.4	59.9	4.9	92.5	422.2	14.0	.0	.0	
71.2	60.9	2.9	91.3	439.4	24.0	.0	.0	
  10    31    1979
70.0	57.9	8.0	170.8	434.5	32.0	32.0	.0	
56.4	50.0	9.6	261.7	146.6	69.0	5.0	.0	
62.5	49.4	7.9	186.7	435.6	49.0	14.0	.0	
57.5	41.6	8.2	308.3	386.6	54.0	1.0	.0	
53.8	38.2	7.8	239.6	260.6	88.0	.0	.0	
58.1	36.3	11.1	249.6	455.5	18.0	.0	.0	
53.2	35.6	3.8	156.7	442.5	4.0	.0	.0	
68.2	52.1	10.3	170.8	283.5	68.0	.0	.0	
51.0	42.2	9.9	285.0	139.4	85.0	58.0	.0	
48.5	32.1	8.1	231.7	330.5	65.0	.0	.0	
56.8	42.3	11.6	205.0	366.1	63.0	2.0	.0	
57.1	45.1	8.9	250.4	166.5	98.0	4.0	.0	
43.4	27.4	7.8	330.4	417.3	19.0	.0	.0	
43.1	30.3	2.9	76.7	400.1	15.0	.0	.0	
53.5	38.9	6.3	137.9	247.3	96.0	.0	.0	
58.4	46.4	4.8	110.0	252.0	91.0	1.0	.0	
60.9	52.2	3.9	117.9	308.3	40.0	.0	.0	
63.9	53.3	5.3	141.3	360.3	55.0	.0	.0	
68.8	56.7	11.9	182.5	262.3	95.0	.0	.0	
72.8	59.0	16.2	180.8	263.2	36.0	.0	.0	
75.7	60.1	14.8	177.1	266.0	38.0	.0	.0	
62.3	52.4	17.7	212.5	140.1	75.0	78.0	.0	
43.8	33.3	12.5	278.3	283.3	55.0	.0	.0	
39.4	31.5	6.0	284.6	233.8	45.0	.0	.0	
44.3	34.1	5.9	166.3	273.2	35.0	.0	.0	
41.9	32.2	7.5	90.8	303.3	25.0	.0	.0	
56.6	40.5	10.8	180.4	291.7	41.0	.0	.0	
52.9	45.5	5.2	185.4	278.5	62.0	2.0	.0	
52.0	44.7	7.3	87.1	301.4	24.0	.0	.0	
58.2	50.1	9.7	120.8	231.7	66.0	.0	.0	
66.1	55.5	19.6	167.9	223.2	94.0	71.0	.0	
  11    30    1979
48.5	39.4	8.9	247.1	275.6	48.0	23.0	.0	
41.8	31.5	3.8	214.6	237.5	24.0	.0	.0	
40.0	30.6	5.1	190.8	327.5	4.0	.0	.0	
41.3	32.1	3.5	101.3	322.9	13.0	.0	.0	
47.5	33.7	7.3	129.2	312.7	36.0	.0	.0	
46.1	35.3	12.7	287.1	134.4	98.0	.0	.0	
40.5	30.5	3.9	167.1	226.3	91.0	.0	.0	
43.4	37.4	9.0	185.0	118.1	98.0	64.0	.0	
46.0	43.2	10.7	202.5	115.0	98.0	146.0	.0	
34.5	26.7	10.6	317.5	171.4	73.0	.0	.0	
33.6	24.3	8.5	145.4	301.3	14.0	.0	.0	
34.2	26.7	6.6	122.5	297.1	13.0	.0	.0	
36.4	27.8	5.8	232.1	243.1	52.0	.0	.0	
33.9	23.4	4.7	227.9	271.9	16.0	.0	.0	
44.9	32.5	12.7	232.5	153.5	58.0	.0	.0	
38.9	31.7	2.7	123.3	277.7	3.0	.0	.0	
46.1	35.1	4.5	116.3	266.4	2.0	.0	.0	
52.7	37.7	6.0	150.0	267.2	26.0	.0	.0	
59.6	47.6	8.9	161.7	235.1	38.0	.0	.0	
60.2	55.9	5.3	94.2	166.5	70.0	.0	.0	
60.2	54.0	10.0	149.6	82.0	89.0	45.0	.0	
58.4	54.9	10.4	202.1	112.0	98.0	137.0	.0	
43.3	40.5	6.5	260.8	95.3	97.0	71.0	.0	
37.3	34.7	4.1	103.8	143.2	82.0	.0	.0	
46.1	43.6	11.4	102.5	65.8	97.0	121.0	.0	
44.5	38.2	13.5	215.8	116.1	52.0	.0	.0	
48.8	43.8	13.5	191.7	125.3	76.0	75.0	.0	
36.4	27.8	13.4	286.3	173.2	62.0	.0	.0	
28.8	20.0	13.2	276.3	128.7	90.0	.0	.0	
32.1	21.7	10.9	246.3	235.1	56.0	.0	.0	
  12    31    1979
31.9	21.9	13.9	277.5	176.0	33.0	.0	.0	
27.8	18.5	6.9	204.2	239.0	2.0	.0	.0	
33.3	20.8	9.6	169.6	252.9	19.0	.0	.0	
40.4	28.2	7.0	211.3	248.7	2.0	.0	.0	
50.3	36.4	14.5	201.3	234.1	23.0	.0	.0	
43.7	31.5	9.9	266.3	190.1	55.0	.0	.0	
48.5	31.3	15.9	263.3	211.3	43.0	.0	.0	
33.4	22.8	8.6	260.4	208.9	23.0	.0	.0	
40.0	25.7	8.6	178.8	229.7	17.0	.0	.0	
48.6	29.4	10.2	179.2	234.4	19.0	.0	.0	
58.4	46.9	12.9	183.3	131.3	59.0	.0	.0	
38.4	35.3	11.4	274.6	101.0	98.0	100.0	.0	
35.6	32.4	10.4	320.8	142.0	72.0	15.0	.0	
30.9	24.9	7.1	205.4	243.0	2.0	.0	.0	
31.7	27.4	2.6	85.0	228.5	6.0	.0	.0	
28.9	23.6	13.5	285.0	128.8	63.0	.0	.0	
16.9	8.8	6.4	262.9	208.3	19.0	.0	.0	
28.0	18.3	9.8	173.8	188.7	35.0	.0	.0	
35.6	26.1	6.3	207.9	220.9	9.0	.0	.0	
35.8	30.0	3.8	90.8	216.7	6.0	.0	.0	
44.3	38.2	8.8	137.5	108.3	88.0	14.0	.0	
47.7	45.1	12.2	165.4	75.7	98.0	33.0	.0	
54.4	53.3	11.3	157.1	113.9	98.0	56.0	.0	
47.0	45.1	20.4	224.2	60.0	98.0	69.0	.0	
37.6	34.1	17.7	316.3	112.5	98.0	8.0	.0	
34.1	30.8	5.3	222.1	125.2	78.0	.0	.0	
34.4	31.8	6.5	122.1	103.7	93.0	.0	.0	
35.5	31.5	6.7	52.9	197.8	59.0	.0	.0	
35.1	31.8	7.2	62.9	102.3	92.0	.0	.0	
39.8	36.9	5.5	230.0	106.8	98.0	8.0	.0	
36.9	34.3	7.0	305.4	115.9	97.0	.0	.0	
