1 31 1992
28.6	28.2	2.9	101.8	51.8	85.8	.0	.0	
37.5	34.7	3.0	109.8	78.1	88.8	3.9	.0	
38.4	37.0	3.5	141.4	52.4	99.2	3.9	.0	
40.7	39.2	3.3	161.0	52.7	100.0	23.6	.0	
48.9	36.7	14.1	146.2	72.0	88.3	.0	.0	
41.5	38.0	2.9	115.0	55.7	98.8	.0	.0	
39.0	35.9	4.9	151.0	64.2	95.8	19.7	.0	
38.7	34.2	2.8	110.2	86.3	63.8	.0	.0	
33.1	32.4	2.4	119.0	54.8	91.7	.0	.0	
38.3	36.6	4.1	179.4	66.8	88.8	3.9	.0	
37.8	35.7	3.0	141.4	81.7	62.1	.0	.0	
31.5	29.8	2.7	113.4	56.3	68.3	.0	.0	
36.0	32.2	2.0	100.2	56.9	79.6	.0	.0	
36.3	34.2	2.7	127.4	67.2	77.1	.0	.0	
37.4	36.1	2.2	71.8	58.1	96.2	.0	.0	
37.8	37.3	1.8	48.6	58.7	100.0	.0	.0	
39.2	37.9	3.9	168.2	83.3	57.1	.0	.0	
38.9	26.8	5.0	118.6	171.6	.0	.0	.0	
35.7	24.3	3.4	121.8	173.6	.0	.0	.0	
35.0	26.6	2.1	105.8	131.2	45.0	.0	.0	
40.4	34.8	2.5	102.2	160.4	62.1	.0	.0	
36.9	31.2	3.2	133.4	168.5	11.7	.0	.0	
36.4	31.4	3.2	123.4	63.9	85.4	.0	.0	
44.5	31.8	6.9	141.4	64.8	88.3	.0	.0	
47.0	40.0	5.7	161.0	101.4	82.5	3.9	.0	
39.6	37.0	3.4	144.6	69.0	88.8	.0	.0	
46.2	43.3	6.4	189.0	67.5	100.0	3.9	.0	
51.4	40.8	7.5	155.0	168.8	73.3	.0	.0	
45.1	38.7	3.2	147.4	71.6	75.8	.0	.0	
49.6	37.4	8.5	159.4	70.5	94.2	.0	.0	
54.6	34.2	16.7	218.2	81.3	84.6	11.8	.0	
2 29 1992
42.4	40.1	3.5	163.0	97.2	66.7	11.8	.0	
39.5	35.0	3.3	130.2	175.9	48.3	.0	.0	
38.3	31.5	2.6	140.6	149.0	35.8	.0	.0	
41.3	29.8	3.8	151.4	216.8	.0	.0	.0	
40.2	30.6	2.7	139.8	215.2	8.8	.0	.0	
44.1	34.9	3.8	148.2	219.0	37.1	.0	.0	
40.5	33.4	3.0	92.2	226.7	3.3	.0	.0	
41.5	36.2	2.6	113.0	95.7	68.8	.0	.0	
49.5	38.6	11.5	128.2	81.8	99.2	.0	.0	
54.3	36.6	15.0	129.8	103.0	92.9	.0	.0	
55.2	35.9	13.7	119.0	98.9	92.9	.0	.0	
53.6	40.2	13.0	134.2	152.6	83.8	.0	.0	
45.8	42.4	3.3	137.8	106.1	79.2	.0	.0	
41.8	37.7	7.1	151.4	91.1	77.1	31.5	.0	
41.8	34.2	6.0	108.2	182.8	82.9	.0	.0	
43.6	38.8	5.2	152.2	91.0	95.8	11.8	.0	
43.3	35.7	6.0	176.6	157.0	81.2	.0	.0	
49.7	40.7	6.1	127.8	133.0	92.5	.0	.0	
51.7	46.5	7.3	160.6	95.2	92.5	.0	.0	
52.7	44.1	7.8	163.0	138.3	88.3	3.9	.0	
50.2	48.2	4.6	192.2	98.1	81.7	7.9	.0	
48.8	43.0	4.2	110.6	166.3	55.8	.0	.0	
45.0	38.5	3.6	156.6	236.5	31.7	.0	.0	
48.7	39.5	3.3	79.8	250.6	24.2	.0	.0	
54.8	42.5	4.3	116.2	297.3	.0	.0	.0	
56.8	43.3	4.7	155.4	301.6	.0	.0	.0	
53.2	42.6	3.3	129.4	160.7	54.6	.0	.0	
49.7	42.6	2.8	121.0	108.7	76.2	.0	.0	
49.1	42.2	4.0	191.0	110.4	84.6	.0	.0	
3 31 1992
56.1	39.9	7.5	173.4	196.2	91.2	.0	.0	
52.6	42.7	3.8	152.2	113.7	97.5	.0	.0	
52.1	44.9	3.3	112.2	271.8	43.3	.0	.0	
46.5	43.8	4.8	203.8	117.0	85.4	3.9	.0	
47.3	44.8	5.8	183.0	145.1	80.0	15.7	.0	
46.1	43.3	3.3	144.2	120.3	95.4	.0	.0	
47.4	40.2	3.8	165.4	294.7	39.2	.0	.0	
46.4	37.6	3.4	160.2	336.0	12.5	.0	.0	
48.6	36.5	3.3	162.6	358.6	.0	.0	.0	
49.2	37.3	3.1	118.6	363.6	.0	.0	.0	
50.9	39.1	3.6	141.0	368.6	.0	.0	.0	
52.7	40.4	3.5	141.4	373.6	.0	.0	.0	
53.2	37.3	9.0	150.2	226.2	50.8	.0	.0	
51.0	41.3	9.7	191.8	134.8	79.2	.0	.0	
51.6	38.7	11.9	125.0	139.3	99.2	.0	.0	
48.1	44.1	4.1	159.4	137.8	99.6	.0	.0	
48.7	41.3	3.2	151.8	308.9	53.3	.0	.0	
46.5	36.2	4.1	157.8	376.3	33.8	.0	.0	
49.9	35.3	4.0	164.2	381.7	10.0	.0	.0	
50.4	35.0	3.2	115.4	291.8	54.2	.0	.0	
53.5	37.6	3.1	126.6	418.4	6.7	.0	.0	
53.8	43.7	4.0	149.8	253.5	71.7	.0	.0	
53.4	47.9	4.3	188.2	284.2	79.6	7.9	.0	
54.0	47.2	4.4	212.2	186.5	70.4	.0	.0	
56.7	47.5	4.3	139.8	268.6	77.5	11.8	.0	
53.0	44.6	6.9	192.2	354.4	29.2	.0	.0	
50.3	40.4	3.5	128.2	439.0	7.5	.0	.0	
53.7	40.4	5.7	208.2	318.3	61.7	.0	.0	
55.3	43.2	4.9	177.8	250.2	63.3	.0	.0	
51.6	47.0	6.6	249.0	162.3	100.0	3.9	.0	
59.6	50.0	4.3	175.8	429.0	42.9	.0	.0	
4 30 1992
60.4	46.4	4.3	133.4	472.6	1.2	.0	.0	
61.2	43.9	6.6	215.0	471.8	10.4	.0	.0	
54.7	42.9	6.5	195.0	324.4	66.7	.0	.0	
47.9	35.5	7.1	201.8	377.8	39.2	.0	.0	
45.3	35.0	6.4	155.0	424.4	45.8	.0	.0	
45.7	31.5	3.2	159.0	229.0	54.6	.0	.0	
49.8	31.4	4.6	194.2	214.9	66.2	.0	.0	
53.4	43.9	3.0	149.4	177.4	100.0	.0	.0	
53.8	52.8	2.5	142.2	179.1	100.0	15.7	.0	
57.2	53.2	3.9	199.8	244.7	96.2	7.9	.0	
57.0	50.3	9.8	185.8	184.0	99.6	.0	.0	
53.1	50.6	6.8	157.0	190.1	92.9	15.7	.0	
55.3	47.7	6.8	155.0	331.4	88.8	.0	.0	
57.6	48.5	5.7	201.8	412.3	73.8	.0	.0	
57.6	50.4	3.1	131.8	250.4	96.2	.0	.0	
57.7	56.0	5.3	165.4	190.1	100.0	39.4	.0	
54.4	45.7	9.3	234.2	225.0	84.2	3.9	.0	
55.3	43.5	3.8	158.6	535.0	34.2	.0	.0	
58.9	44.9	3.8	129.0	196.4	71.2	.0	.0	
58.1	46.0	6.8	252.2	206.6	98.8	.0	.0	
51.6	37.6	9.3	296.6	451.5	80.0	.0	.0	
48.0	32.8	5.4	215.8	553.1	25.8	.0	.0	
53.3	36.4	3.8	170.6	547.5	32.9	.0	.0	
60.8	42.7	3.4	118.6	201.6	93.3	.0	.0	
63.0	43.9	5.0	175.8	226.6	82.9	.0	.0	
60.8	45.5	6.3	211.8	378.5	80.4	.0	.0	
66.7	51.5	6.7	234.2	431.8	62.1	.0	.0	
69.1	54.0	4.5	164.6	252.4	63.8	.0	.0	
64.7	51.5	9.0	211.0	285.4	83.8	11.8	.0	
53.8	46.8	6.4	221.0	296.4	62.9	27.6	.0	
5 31 1992
54.8	41.2	3.8	167.4	602.1	.0	.0	.0	
63.0	44.4	4.5	171.4	605.6	.0	.0	.0	
68.6	44.8	5.2	181.0	609.0	.0	.0	.0	
70.9	47.7	3.8	158.6	612.4	.0	.0	.0	
73.1	50.5	4.2	157.0	613.2	3.3	.0	.0	
74.3	56.4	3.9	157.8	354.3	38.8	.0	.0	
74.3	55.8	6.3	199.4	619.7	8.3	.0	.0	
65.6	46.2	8.0	249.4	348.8	57.9	.0	.0	
60.5	44.2	5.7	156.2	623.0	11.7	.0	.0	
60.9	46.5	6.0	188.6	609.8	8.8	.0	.0	
58.0	39.8	6.3	209.4	531.3	42.1	.0	.0	
59.0	37.5	3.5	121.8	289.0	64.6	.0	.0	
67.0	44.4	5.5	147.8	386.5	64.6	.0	.0	
68.3	44.1	6.6	237.0	527.6	42.1	.0	.0	
66.7	43.4	5.0	153.8	640.2	12.5	.0	.0	
69.1	44.2	4.9	179.0	241.9	76.2	.0	.0	
66.9	51.8	5.4	175.4	502.2	52.1	23.6	.0	
61.9	53.4	4.5	207.8	266.4	76.2	27.6	.0	
57.8	53.4	4.5	176.2	256.7	98.8	82.7	.0	
55.5	41.1	5.3	200.6	484.9	45.8	.0	.0	
58.4	37.7	3.6	167.8	660.2	.0	.0	.0	
65.9	43.2	3.9	119.8	337.5	47.5	.0	.0	
70.9	47.5	3.8	164.2	642.5	19.2	.0	.0	
76.2	50.6	5.9	212.6	663.8	21.7	.0	.0	
71.6	49.4	7.6	248.2	370.7	74.2	.0	.0	
65.9	47.8	5.6	199.8	349.2	52.1	.0	.0	
64.6	44.8	5.2	176.2	261.3	64.2	.0	.0	
65.4	46.7	5.4	186.2	338.6	51.2	.0	.0	
67.9	48.5	4.7	182.2	521.8	58.8	.0	.0	
72.2	47.6	4.6	179.0	677.1	18.3	.0	.0	
74.5	47.6	3.8	139.4	678.8	.0	.0	.0	
6 30 1992
73.4	53.3	6.1	245.8	365.0	44.6	.0	.0	
71.6	51.0	6.3	205.4	659.2	16.7	.0	.0	
71.1	45.0	5.1	161.0	673.3	16.2	.0	.0	
68.5	40.0	5.7	232.2	674.6	7.9	.0	.0	
67.5	41.3	5.9	231.0	579.5	43.8	.0	.0	
69.9	45.5	5.9	233.0	657.7	10.4	.0	.0	
69.5	44.8	6.0	209.4	676.9	6.2	.0	.0	
70.0	44.3	7.1	225.8	636.9	11.7	.0	.0	
66.4	41.6	7.7	211.4	679.3	15.8	.0	.0	
64.9	45.7	8.0	252.2	461.3	54.6	.0	.0	
58.7	45.5	9.4	256.2	259.8	99.2	15.7	.0	
53.0	46.3	5.6	179.8	359.2	86.2	35.4	.0	
53.3	48.2	4.6	151.0	242.1	100.0	15.7	.0	
56.2	46.5	6.0	243.4	327.1	93.8	.0	.0	
59.5	45.7	6.4	264.6	377.8	75.0	.0	.0	
62.3	47.6	4.6	190.6	400.4	58.8	.0	.0	
65.7	49.2	5.8	199.8	664.7	30.0	.0	.0	
72.0	53.8	5.8	195.0	427.8	65.4	.0	.0	
75.0	55.3	6.1	224.6	690.2	8.8	.0	.0	
75.9	53.9	5.6	233.8	693.6	1.7	.0	.0	
81.2	55.9	5.3	212.2	565.7	35.8	.0	.0	
86.4	56.7	6.2	180.2	666.5	14.2	.0	.0	
84.9	56.2	6.0	206.6	588.7	52.1	.0	.0	
80.9	56.7	6.4	207.4	313.6	93.3	.0	.0	
76.3	60.9	6.7	154.6	280.5	90.0	.0	.0	
78.6	57.6	7.2	211.4	689.8	13.3	.0	.0	
75.6	52.2	6.7	161.4	243.4	77.5	.0	.0	
63.2	52.2	6.5	236.6	335.1	92.1	86.6	.0	
59.2	54.5	5.0	224.2	267.6	96.7	3.9	.0	
60.4	55.9	4.9	159.0	268.0	98.8	98.4	.0	
7 31 1992
67.1	53.0	5.3	263.8	615.1	52.5	.0	.0	
69.8	54.7	6.9	212.2	683.7	17.5	.0	.0	
68.6	55.8	5.9	209.8	326.4	87.9	11.8	.0	
66.1	55.5	6.8	239.0	464.9	83.8	.0	.0	
63.1	55.4	6.3	202.2	362.5	87.9	31.5	.0	
66.7	50.5	5.8	189.0	625.5	35.0	.0	.0	
68.3	49.3	4.3	182.6	682.6	.0	.0	.0	
68.9	50.3	5.3	164.2	681.3	.0	.0	.0	
70.2	50.8	5.0	137.8	679.9	.0	.0	.0	
72.0	52.4	5.6	211.4	519.2	42.1	.0	.0	
72.4	55.2	5.2	205.0	562.0	45.4	3.9	.0	
74.6	55.0	5.1	209.0	675.2	3.3	.0	.0	
76.2	56.8	5.6	200.6	606.3	13.8	.0	.0	
76.2	55.2	6.0	191.0	671.9	.0	.0	.0	
77.2	53.4	5.2	188.2	670.1	.0	.0	.0	
81.7	55.0	4.9	242.2	667.5	13.3	.0	.0	
76.1	59.1	5.0	137.4	233.2	87.9	3.9	.0	
80.2	58.4	4.8	176.2	660.9	9.6	3.9	.0	
79.1	60.9	5.4	150.6	647.7	18.8	3.9	.0	
73.4	56.5	7.9	217.4	637.6	25.8	.0	.0	
69.6	53.1	7.2	274.2	540.1	47.1	.0	.0	
64.4	52.3	7.7	205.8	256.3	93.8	3.9	.0	
66.4	47.6	6.4	243.0	642.1	27.9	.0	.0	
69.6	50.7	4.6	171.0	650.5	.0	.0	.0	
76.9	55.7	5.7	229.4	647.0	12.5	.0	.0	
80.4	55.1	5.6	197.4	637.4	6.2	.0	.0	
80.5	51.7	5.7	199.8	618.4	7.1	.0	.0	
79.1	47.2	5.4	188.6	640.2	.0	.0	.0	
78.7	46.8	4.3	121.0	637.5	.0	.0	.0	
83.6	49.1	6.2	201.8	631.8	2.1	.0	.0	
82.2	46.9	6.5	222.2	599.9	18.8	.0	.0	
8 31 1992
77.6	48.5	5.8	172.2	403.9	37.1	.0	.0	
76.9	44.1	5.3	172.2	625.7	.0	.0	.0	
75.7	44.5	6.6	196.2	622.6	4.6	.0	.0	
71.8	47.0	5.1	176.2	328.4	68.8	.0	.0	
70.3	46.0	4.8	175.4	215.7	80.0	.0	.0	
73.5	50.9	7.0	203.4	367.2	63.8	.0	.0	
72.0	52.6	7.4	232.6	471.7	61.7	.0	.0	
71.6	48.1	6.3	212.6	562.0	27.9	.0	.0	
73.2	47.4	4.3	179.4	602.5	.0	.0	.0	
79.9	48.4	4.6	176.6	531.9	36.2	.0	.0	
83.3	52.1	5.4	200.6	213.4	62.5	.0	.0	
78.8	57.5	4.1	137.4	237.0	59.6	.0	.0	
84.7	57.9	5.1	136.2	572.7	9.6	.0	.0	
84.5	56.0	5.3	164.2	567.1	29.6	.0	.0	
82.9	52.9	5.1	149.0	221.2	98.8	.0	.0	
82.5	53.4	4.5	165.0	575.9	18.3	.0	.0	
83.2	53.4	5.7	206.2	552.3	28.3	.0	.0	
82.3	52.9	4.7	162.6	568.0	12.9	.0	.0	
78.7	51.4	5.6	199.4	563.3	.8	.0	.0	
75.4	48.9	6.0	223.0	372.3	41.7	.0	.0	
65.1	44.2	9.3	225.0	516.0	33.8	.0	.0	
63.0	46.0	6.0	241.8	423.7	58.8	.0	.0	
65.2	43.2	4.4	159.4	537.4	13.8	.0	.0	
70.1	37.1	5.3	191.8	535.3	10.0	.0	.0	
72.1	32.3	3.7	189.4	538.3	2.5	.0	.0	
74.6	35.5	4.3	159.0	527.6	3.3	.0	.0	
75.0	40.0	4.7	158.6	529.7	.0	.0	.0	
73.9	42.9	5.1	177.8	525.3	.0	.0	.0	
71.3	36.7	4.5	160.6	520.7	.0	.0	.0	
71.1	39.6	4.8	195.4	462.7	25.0	.0	.0	
68.8	51.2	4.5	191.8	240.5	71.7	.0	.0	
9 30 1992
70.2	52.0	5.8	195.8	487.2	14.2	.0	.0	
69.4	51.8	4.4	148.2	394.4	32.1	.0	.0	
64.1	55.0	4.2	124.6	360.5	34.6	3.9	.0	
66.0	51.0	5.6	178.2	386.9	51.2	.0	.0	
63.1	46.4	6.4	192.6	443.9	40.0	.0	.0	
58.1	37.9	4.7	136.6	478.0	2.9	.0	.0	
61.6	37.8	3.7	137.0	414.4	22.1	.0	.0	
64.8	44.2	4.3	119.8	405.7	15.4	.0	.0	
71.4	49.8	4.8	181.4	468.2	5.8	.0	.0	
71.7	50.3	4.6	186.6	162.7	65.8	.0	.0	
69.8	51.6	6.4	233.0	453.7	6.2	.0	.0	
60.0	40.8	6.2	233.4	345.1	25.4	.0	.0	
55.7	34.0	4.1	155.0	162.6	52.1	.0	.0	
60.3	33.6	5.4	197.0	340.8	52.1	.0	.0	
64.2	37.6	4.6	149.0	224.1	71.7	.0	.0	
66.1	42.9	4.3	132.6	433.3	.0	.0	.0	
66.8	46.0	4.1	169.0	428.3	.0	.0	.0	
67.7	39.6	3.8	133.4	423.3	2.9	.0	.0	
67.2	42.1	4.9	211.0	400.9	19.6	.0	.0	
69.0	45.9	3.7	151.8	413.3	.0	.0	.0	
74.0	49.6	3.8	151.8	400.3	5.0	.0	.0	
72.7	47.9	5.6	149.8	284.0	23.3	.0	.0	
67.0	51.0	6.7	208.6	361.1	35.4	.0	.0	
60.8	44.8	6.8	206.6	282.0	49.6	.0	.0	
60.5	43.4	3.5	169.0	383.5	25.8	.0	.0	
63.8	44.2	3.1	137.8	383.4	.0	.0	.0	
65.2	40.1	4.0	165.4	378.5	.0	.0	.0	
66.7	36.2	3.7	110.2	373.6	.0	.0	.0	
65.5	40.2	2.5	67.8	205.7	67.9	.0	.0	
70.2	48.7	5.8	209.8	233.8	67.1	.0	.0	
10 31 1992
55.9	50.3	7.5	208.2	147.4	74.6	43.3	.0	
52.4	48.0	5.1	250.2	124.0	100.0	.0	.0	
56.4	48.6	3.8	159.0	159.2	66.2	.0	.0	
54.3	44.8	2.9	133.8	304.6	24.2	.0	.0	
57.0	44.8	3.2	156.6	339.9	.0	.0	.0	
59.3	35.0	4.9	122.2	329.7	19.2	.0	.0	
58.6	33.3	3.5	139.0	179.2	58.8	.0	.0	
57.9	38.8	3.0	136.2	178.3	62.5	.0	.0	
58.3	40.9	2.8	117.4	321.0	.8	.0	.0	
61.6	42.7	3.3	148.6	194.8	37.5	.0	.0	
63.8	45.6	2.6	99.4	304.6	5.8	.0	.0	
63.0	41.7	3.5	109.8	307.0	19.6	.0	.0	
57.0	43.5	4.6	195.4	281.2	16.7	.0	.0	
49.8	37.0	3.1	121.4	206.2	29.2	.0	.0	
48.6	34.6	1.0	58.2	104.3	72.5	.0	.0	
53.5	36.6	2.8	105.0	114.8	46.7	.0	.0	
55.5	42.0	3.7	123.4	107.5	64.2	.0	.0	
57.6	46.2	3.1	140.6	110.6	87.1	.0	.0	
57.6	46.0	4.3	149.4	268.8	21.2	.0	.0	
52.3	50.8	4.5	139.0	95.4	79.6	51.2	.0	
56.7	51.8	4.7	197.8	162.6	60.0	27.6	.0	
55.6	47.3	3.3	149.0	192.8	32.5	.0	.0	
57.0	44.7	3.5	148.2	252.2	10.8	.0	.0	
56.0	43.0	3.3	117.8	255.5	2.1	.0	.0	
55.6	45.0	3.2	141.8	251.4	3.8	.0	.0	
55.5	47.6	3.0	109.0	246.8	1.7	.0	.0	
56.5	46.7	3.3	149.4	234.2	28.3	.0	.0	
54.1	46.8	4.4	163.8	84.0	100.0	.0	.0	
51.8	48.1	6.5	175.8	85.2	99.6	47.2	.0	
49.5	45.7	4.0	130.2	89.9	98.3	31.5	.0	
50.1	49.3	3.2	150.2	80.1	96.7	43.3	.0	
11 30 1992
54.0	53.6	2.6	119.4	79.0	100.0	55.1	.0	
53.9	47.5	6.0	203.4	103.3	71.7	3.9	.0	
48.9	41.1	3.0	121.0	129.1	65.0	.0	.0	
50.1	47.2	3.6	158.6	75.5	100.0	3.9	.0	
53.2	48.6	3.3	138.2	85.9	95.4	.0	.0	
55.1	46.8	3.0	158.2	187.1	72.1	.0	.0	
53.3	44.2	6.1	242.2	138.7	80.4	3.9	.0	
46.3	39.9	6.1	248.6	101.5	84.2	.0	.0	
42.2	37.2	4.8	173.4	131.0	52.1	3.9	.0	
36.2	31.4	3.7	151.0	116.8	37.1	.0	.0	
37.4	31.8	1.9	101.0	97.3	65.4	.0	.0	
41.4	35.0	1.6	78.2	164.6	15.8	.0	.0	
43.2	38.2	1.6	77.0	190.4	.0	.0	.0	
42.2	38.3	2.4	125.0	116.7	42.1	.0	.0	
39.1	37.3	1.5	57.4	73.4	90.8	.0	.0	
41.3	40.0	2.7	114.6	66.5	87.1	.0	.0	
46.5	44.2	3.0	168.2	91.7	85.4	.0	.0	
45.1	43.6	4.2	167.8	62.5	99.6	.0	.0	
43.0	41.4	5.4	182.2	83.2	82.5	35.4	.0	
37.2	35.8	3.7	137.8	66.3	99.2	.0	.0	
43.5	42.6	5.5	221.8	60.3	100.0	51.2	.0	
44.1	40.6	5.5	210.6	88.1	89.6	.0	.0	
40.6	35.6	4.8	152.6	134.1	64.2	.0	.0	
37.7	33.8	4.4	174.6	60.9	69.2	.0	.0	
46.8	40.2	3.6	128.6	128.5	58.3	.0	.0	
48.7	40.7	8.9	110.2	64.3	70.0	.0	.0	
50.9	45.9	6.6	239.8	120.8	72.9	.0	.0	
40.7	37.5	2.9	169.4	62.9	68.8	.0	.0	
34.2	32.4	3.1	133.0	60.1	70.4	.0	.0	
40.1	39.1	2.7	126.6	55.0	100.0	.0	.0	
12 31 1992
43.9	43.9	2.9	143.0	54.5	100.0	11.8	.0	
43.7	43.5	3.2	140.2	54.1	95.8	11.8	.0	
38.2	35.1	4.9	200.2	127.0	44.2	.0	.0	
34.3	25.8	4.8	185.0	152.2	.0	.0	.0	
32.4	26.1	3.6	165.4	95.8	58.8	.0	.0	
46.5	37.2	8.4	177.8	58.8	93.8	7.9	.0	
40.4	39.4	3.5	173.4	54.7	82.5	11.8	.0	
41.3	39.9	8.1	141.4	52.0	100.0	86.6	.0	
41.5	41.1	3.8	189.8	51.7	98.3	19.7	.0	
41.5	40.5	5.7	155.4	53.0	90.0	74.8	.0	
38.3	37.3	6.9	178.2	58.8	95.0	23.6	.0	
38.7	36.4	1.9	93.8	85.0	56.7	.0	.0	
31.9	31.7	2.5	111.8	66.6	90.4	.0	.0	
33.3	33.3	2.2	75.4	50.7	100.0	.0	.0	
35.0	34.0	1.7	98.2	75.7	55.8	.0	.0	
34.4	33.1	3.5	135.0	63.4	87.5	7.9	.0	
37.5	33.7	4.1	137.4	81.3	94.6	3.9	.0	
36.4	34.3	2.4	97.8	53.6	81.2	7.9	.0	
31.9	30.9	2.9	159.4	50.4	90.0	.0	.0	
38.5	38.5	1.4	57.0	50.4	100.0	27.6	.0	
40.7	38.5	4.2	173.0	63.5	72.9	3.9	.0	
37.4	35.2	2.8	84.6	50.4	97.5	.0	.0	
37.0	34.6	3.2	111.0	50.5	100.0	.0	.0	
33.6	32.8	2.8	85.0	50.6	100.0	.0	.0	
31.6	29.9	3.5	109.0	50.7	100.0	.0	.0	
34.8	32.0	2.5	143.0	59.1	98.8	.0	.0	
38.2	37.6	3.1	144.6	51.0	100.0	7.9	.0	
40.0	35.0	6.0	198.2	80.9	91.7	19.7	.0	
34.5	33.3	4.4	183.0	57.4	91.7	15.7	.0	
33.8	32.7	4.4	145.0	51.7	98.3	3.9	.0	
39.4	37.7	5.9	125.4	53.3	97.5	43.3	.0	
