   1    31    1978
43.0	33.4	9.3	121.3	94.5	78.0	0.0	0.0	
47.9	42.9	8.9	125.0	74.4	98.0	29.0	0.0	
50.4	47.2	10.0	150.0	83.7	94.0	38.0	0.0	
50.5	43.2	9.5	146.3	95.0	85.0	0.0	0.0	
50.7	45.6	19.3	186.3	87.6	98.0	308.0	0.0	
47.3	42.9	7.0	192.5	98.0	82.0	14.0	0.0	
51.1	44.2	5.9	110.0	91.6	92.0	12.0	0.0	
53.8	50.1	6.8	120.0	105.4	94.0	23.0	0.0	
52.2	49.4	4.5	136.3	95.2	98.0	13.0	0.0	
47.5	43.2	4.2	126.3	171.6	35.0	0.0	0.0	
46.8	43.3	10.4	160.0	86.7	70.0	45.0	0.0	
49.7	44.6	8.2	128.8	115.7	80.0	6.0	0.0	
53.8	48.6	6.2	100.0	88.6	94.0	48.0	0.0	
51.6	47.3	8.5	191.3	98.4	96.0	17.0	0.0	
49.4	42.5	10.7	151.3	117.4	70.0	28.0	0.0	
49.8	44.5	11.1	171.3	96.8	97.0	78.0	0.0	
50.5	44.8	10.3	192.5	111.0	77.0	69.0	0.0	
49.0	44.0	8.1	142.5	87.0	98.0	53.0	0.0	
50.1	46.3	7.5	160.0	108.9	98.0	16.0	0.0	
50.9	47.5	7.7	155.0	90.5	98.0	0.0	0.0	
48.9	43.7	10.7	188.8	112.9	96.0	48.0	0.0	
42.2	38.1	5.9	143.8	173.8	66.0	24.0	0.0	
41.0	33.5	6.1	92.5	186.7	45.0	0.0	0.0	
43.9	34.7	6.9	110.0	226.1	26.0	0.0	0.0	
44.7	39.3	7.5	123.8	107.1	94.0	11.0	0.0	
46.0	41.4	4.2	153.8	176.3	62.0	0.0	0.0	
46.6	41.0	9.7	172.5	214.9	43.0	0.0	0.0	
47.4	44.6	5.2	140.0	128.6	83.0	14.0	0.0	
44.0	37.6	6.1	51.3	231.1	33.0	0.0	0.0	
45.2	39.3	8.2	167.5	178.0	70.0	6.0	0.0	
48.1	43.2	8.5	175.0	138.3	96.0	5.0	0.0	
   2    28    1978
49.2	44.0	12.9	163.8	130.9	96.0	95.0	0.0	
50.6	47.3	9.1	166.3	99.6	98.0	72.0	0.0	
52.3	49.8	4.2	83.8	121.6	94.0	4.0	0.0	
51.8	46.6	6.7	135.0	126.2	98.0	0.0	0.0	
51.2	45.7	11.1	142.5	128.7	85.0	9.0	0.0	
50.4	43.8	12.4	151.3	110.5	96.0	5.0	0.0	
48.7	42.1	16.0	173.8	116.5	93.0	66.0	0.0	
47.3	39.7	13.9	151.3	131.2	98.0	2.0	0.0	
40.8	35.3	7.3	148.8	178.2	63.0	0.0	0.0	
38.3	30.7	8.6	236.3	234.2	9.0	0.0	0.0	
38.7	30.5	8.0	156.3	290.0	26.0	0.0	0.0	
46.3	36.9	8.1	117.5	135.3	87.0	8.0	0.0	
46.6	40.2	7.4	157.5	167.8	84.0	0.0	0.0	
45.3	40.4	7.7	137.5	132.4	93.0	25.0	0.0	
42.6	35.7	7.0	173.8	237.0	80.0	17.0	0.0	
45.1	40.4	9.2	148.8	121.0	98.0	7.0	0.0	
48.4	45.3	5.0	95.0	129.1	98.0	5.0	0.0	
51.6	49.0	4.9	135.0	150.7	98.0	0.0	0.0	
52.7	47.2	5.1	125.0	291.9	64.0	0.0	0.0	
49.2	45.9	3.5	88.8	141.9	94.0	0.0	0.0	
46.8	43.9	6.2	155.0	179.4	98.0	0.0	0.0	
49.7	45.7	6.8	207.5	258.3	96.0	0.0	0.0	
51.6	48.0	4.6	140.0	163.0	98.0	0.0	0.0	
53.1	45.6	8.7	145.0	188.0	98.0	4.0	0.0	
49.9	47.3	10.4	190.0	144.9	98.0	0.0	0.0	
47.2	41.4	7.7	176.3	263.1	63.0	6.0	0.0	
42.8	37.4	8.9	192.5	348.4	8.0	0.0	0.0	
42.4	35.5	10.4	231.3	365.6	25.0	0.0	0.0	
   3    31    1978
44.9	32.8	7.1	201.3	326.5	38.0	0.0	0.0	
48.7	38.0	8.5	107.5	227.2	95.0	0.0	0.0	
53.1	45.8	9.8	130.0	192.6	91.0	4.0	0.0	
53.6	44.9	5.8	101.3	260.1	86.0	20.0	0.0	
50.4	44.9	4.3	126.3	257.6	96.0	2.0	0.0	
53.6	45.1	9.0	178.8	220.5	98.0	0.0	0.0	
54.2	47.5	11.4	157.5	178.7	98.0	36.0	0.0	
50.8	46.7	5.8	170.0	206.7	70.0	17.0	0.0	
47.2	41.0	9.7	200.0	242.0	54.0	0.0	0.0	
45.1	38.3	5.1	173.8	274.9	80.0	0.0	0.0	
45.7	40.4	7.5	176.3	202.1	95.0	25.0	0.0	
45.3	37.1	7.8	183.8	268.8	84.0	0.0	0.0	
47.0	37.5	9.5	210.0	323.7	73.0	7.0	0.0	
43.2	36.1	10.1	190.0	407.0	20.0	0.0	0.0	
45.2	37.3	4.9	110.0	324.7	61.0	0.0	0.0	
50.2	42.0	5.8	178.8	396.7	63.0	0.0	0.0	
53.9	43.5	8.4	195.0	413.9	38.0	0.0	0.0	
53.6	44.4	4.6	178.8	453.2	29.0	0.0	0.0	
51.0	46.0	4.2	116.3	420.0	69.0	0.0	0.0	
53.8	47.0	5.8	175.0	402.5	65.0	0.0	0.0	
52.1	47.2	6.1	182.5	383.8	95.0	0.0	0.0	
55.2	48.9	6.8	165.0	220.9	96.0	0.0	0.0	
51.3	45.5	11.3	185.0	239.3	94.0	55.0	0.0	
53.8	45.1	12.0	153.8	198.7	95.0	0.0	0.0	
54.6	46.8	6.3	175.0	381.8	89.0	0.0	0.0	
54.7	49.2	6.9	218.8	331.9	89.0	0.0	0.0	
51.8	47.1	6.2	218.8	240.1	98.0	0.0	0.0	
53.9	47.6	8.8	202.5	281.3	98.0	0.0	0.0	
52.7	48.0	5.8	138.8	224.8	98.0	0.0	0.0	
51.4	46.5	10.5	222.5	376.2	55.0	2.0	0.0	
49.4	40.2	11.8	245.0	410.7	77.0	0.0	0.0	
   4    30    1978
46.8	39.6	12.1	166.3	265.6	96.0	30.0	0.0	
49.1	42.3	12.7	215.0	274.4	93.0	102.0	0.0	
49.8	40.9	11.9	161.3	232.0	90.0	4.0	0.0	
46.0	40.9	12.5	180.0	331.7	91.0	14.0	0.0	
46.7	40.5	10.3	181.3	367.7	68.0	65.0	0.0	
46.9	37.5	12.1	207.5	521.4	17.0	0.0	0.0	
48.0	40.4	9.5	242.5	431.0	46.0	11.0	0.0	
49.7	41.4	12.9	177.5	493.2	60.0	0.0	0.0	
52.5	42.9	8.2	131.3	571.4	2.0	0.0	0.0	
52.1	44.0	12.0	232.5	506.6	45.0	0.0	0.0	
49.8	36.1	17.6	310.0	578.8	6.0	0.0	0.0	
48.7	37.1	16.2	266.3	543.4	5.0	0.0	0.0	
48.3	40.3	9.1	202.5	362.7	90.0	3.0	0.0	
43.6	39.7	8.8	151.3	247.7	98.0	88.0	0.0	
45.1	39.1	10.0	148.8	323.1	97.0	30.0	0.0	
47.2	39.0	10.9	167.5	355.4	81.0	5.0	0.0	
47.1	42.4	11.0	160.0	230.1	96.0	15.0	0.0	
50.6	45.4	8.9	155.0	292.6	98.0	11.0	0.0	
46.6	42.0	10.5	165.0	318.1	89.0	43.0	0.0	
46.1	39.3	12.1	165.0	382.4	86.0	6.0	0.0	
47.9	41.5	11.0	200.0	457.0	95.0	35.0	0.0	
48.5	42.8	9.6	187.5	296.5	91.0	84.0	0.0	
53.2	44.6	4.1	110.0	274.4	93.0	0.0	0.0	
53.0	47.0	4.6	143.8	290.7	98.0	0.0	0.0	
53.5	48.7	3.3	133.8	298.4	98.0	50.0	0.0	
54.0	48.5	4.8	162.5	325.6	98.0	26.0	0.0	
53.3	47.3	3.6	152.5	289.2	98.0	0.0	0.0	
51.9	45.4	8.5	211.3	436.1	70.0	11.0	0.0	
49.0	41.0	7.5	222.5	539.5	73.0	0.0	0.0	
51.2	44.8	11.5	265.0	441.8	86.0	23.0	0.0	
   5    31    1978
51.6	44.9	9.5	213.8	509.4	90.0	0.0	0.0	
50.5	44.4	10.8	185.0	343.6	84.0	0.0	0.0	
50.4	40.8	11.7	236.3	555.3	71.0	0.0	0.0	
46.3	38.1	9.8	206.3	522.5	40.0	0.0	0.0	
49.2	39.0	13.7	265.0	614.2	11.0	0.0	0.0	
51.5	41.9	12.5	215.0	644.2	6.0	0.0	0.0	
53.2	44.1	11.7	245.0	609.9	23.0	0.0	0.0	
52.6	46.1	10.1	235.0	513.3	62.0	0.0	0.0	
51.6	46.6	11.3	328.8	273.9	98.0	10.0	0.0	
51.3	42.9	8.9	153.8	322.2	98.0	0.0	0.0	
53.2	46.2	9.4	198.8	544.3	73.0	51.0	0.0	
52.3	45.6	6.8	135.0	283.0	94.0	18.0	0.0	
54.4	51.5	7.0	155.0	288.8	98.0	8.0	0.0	
51.2	48.9	11.7	166.3	292.3	98.0	59.0	0.0	
49.9	46.6	7.5	166.3	486.2	70.0	3.0	0.0	
53.5	47.5	10.8	257.5	616.0	35.0	0.0	0.0	
53.3	46.6	13.2	177.5	687.4	8.0	0.0	0.0	
56.5	49.6	13.2	302.5	687.9	2.0	0.0	0.0	
65.3	50.3	6.0	151.3	647.5	25.0	0.0	0.0	
57.0	52.1	10.8	255.0	616.3	44.0	0.0	0.0	
53.3	43.0	14.5	346.3	439.5	73.0	2.0	0.0	
51.6	42.1	8.7	196.3	630.2	38.0	7.0	0.0	
48.6	44.0	9.1	172.5	492.3	80.0	17.0	0.0	
50.7	46.0	9.4	192.5	396.8	96.0	14.0	0.0	
52.0	45.6	8.4	183.8	281.5	98.0	0.0	0.0	
53.4	48.6	7.9	166.3	317.6	98.0	16.0	0.0	
54.7	51.6	7.7	220.0	300.2	98.0	7.0	0.0	
54.0	46.4	12.1	220.0	514.0	58.0	0.0	0.0	
53.7	42.1	16.0	268.8	698.8	3.0	0.0	0.0	
55.3	45.3	14.0	305.0	706.3	2.0	0.0	0.0	
64.5	46.4	7.4	208.8	719.4	4.0	0.0	0.0	
   6    30    1978
59.5	48.1	7.8	138.8	733.7	20.0	0.0	0.0	
53.3	48.8	4.6	132.5	474.4	93.0	0.0	0.0	
56.3	50.3	7.4	238.8	548.2	83.0	0.0	0.0	
58.1	53.1	8.8	250.0	662.1	63.0	0.0	0.0	
56.4	53.3	5.4	165.0	644.5	71.0	0.0	0.0	
57.2	52.5	6.9	222.5	407.5	94.0	0.0	0.0	
61.5	54.0	10.1	220.0	650.1	64.0	0.0	0.0	
61.1	53.2	9.7	273.8	631.5	83.0	0.0	0.0	
57.6	52.6	10.7	198.8	419.7	93.0	6.0	0.0	
57.0	50.0	9.2	156.3	363.8	98.0	36.0	0.0	
59.1	51.8	9.0	217.5	714.6	20.0	0.0	0.0	
56.2	51.1	7.5	156.3	305.7	78.0	12.0	0.0	
58.2	49.6	10.8	206.3	505.9	80.0	3.0	0.0	
56.6	50.0	10.8	243.8	485.9	74.0	2.0	0.0	
58.6	50.2	9.3	262.5	610.5	75.0	0.0	0.0	
59.8	49.2	10.1	272.5	602.5	61.0	0.0	0.0	
59.6	51.4	10.8	247.5	686.5	30.0	0.0	0.0	
59.2	53.5	7.5	322.5	308.0	98.0	0.0	0.0	
59.7	50.0	14.3	220.0	702.3	53.0	0.0	0.0	
58.1	50.4	8.4	335.0	334.5	98.0	0.0	0.0	
59.3	49.9	6.6	198.8	511.2	83.0	0.0	0.0	
58.4	51.1	8.8	217.5	464.3	98.0	0.0	0.0	
56.6	50.8	6.2	172.5	367.2	94.0	0.0	0.0	
58.5	51.3	10.4	206.3	486.3	75.0	0.0	0.0	
58.5	52.4	8.1	256.3	368.3	86.0	0.0	0.0	
60.6	52.9	13.8	230.0	638.4	26.0	0.0	0.0	
61.7	54.9	11.4	242.5	711.7	42.0	0.0	0.0	
58.9	52.9	9.1	208.8	332.2	89.0	0.0	0.0	
59.8	53.2	9.3	218.8	337.4	98.0	15.0	0.0	
59.6	52.6	3.6	142.5	336.4	94.0	0.0	0.0	
   7    31    1978
59.7	54.5	5.8	178.8	330.8	98.0	25.0	0.0	
61.2	53.5	8.8	246.3	566.0	81.0	4.0	0.0	
58.5	51.9	11.5	305.0	309.8	98.0	0.0	0.0	
58.7	48.1	11.4	298.8	550.0	76.0	0.0	0.0	
57.8	50.0	13.9	247.5	698.8	10.0	0.0	0.0	
58.6	52.8	16.3	356.3	661.4	37.0	0.0	0.0	
59.0	51.8	16.4	352.5	404.5	90.0	0.0	0.0	
59.4	49.7	14.7	297.5	579.4	58.0	0.0	0.0	
57.9	52.0	14.1	341.3	424.9	66.0	0.0	0.0	
56.6	49.5	11.7	277.5	579.7	30.0	0.0	0.0	
58.1	50.5	11.7	273.8	641.4	15.0	0.0	0.0	
59.4	52.4	9.8	226.3	663.3	53.0	0.0	0.0	
60.2	53.4	11.5	257.5	509.9	91.0	0.0	0.0	
59.4	53.6	10.6	342.5	480.4	90.0	0.0	0.0	
58.8	55.9	4.8	117.5	308.6	98.0	40.0	0.0	
60.3	53.7	12.0	308.8	446.7	60.0	2.0	0.0	
59.1	50.9	16.3	340.0	702.7	11.0	0.0	0.0	
58.3	51.1	16.7	306.3	686.2	18.0	0.0	0.0	
57.3	51.4	16.1	353.8	602.9	64.0	0.0	0.0	
60.7	52.5	10.9	275.0	689.6	33.0	0.0	0.0	
66.4	52.4	7.2	198.8	699.0	14.0	0.0	0.0	
58.7	53.6	6.9	276.3	522.6	94.0	0.0	0.0	
59.6	53.8	9.7	255.0	428.3	89.0	0.0	0.0	
57.1	50.9	13.3	340.0	622.2	61.0	0.0	0.0	
55.8	51.0	6.5	188.8	609.7	64.0	0.0	0.0	
59.4	52.0	9.6	221.3	376.5	90.0	1.0	0.0	
60.6	52.6	12.4	196.3	587.1	60.0	0.0	0.0	
59.1	53.3	11.4	337.5	462.1	78.0	0.0	0.0	
58.5	53.0	10.8	287.5	642.9	59.0	0.0	0.0	
59.3	51.8	16.0	297.5	553.2	67.0	0.0	0.0	
57.8	49.9	17.3	351.3	644.1	34.0	0.0	0.0	
   8    31    1978
58.3	50.9	15.9	302.5	621.5	54.0	0.0	0.0	
55.5	51.3	14.3	332.5	421.5	91.0	0.0	0.0	
56.3	51.7	13.8	346.3	448.6	95.0	0.0	0.0	
58.5	51.9	20.4	347.5	607.4	51.0	0.0	0.0	
57.6	49.5	16.6	336.3	649.3	2.0	0.0	0.0	
54.8	49.0	16.3	336.3	652.9	12.0	0.0	0.0	
58.2	50.5	6.8	225.0	650.5	33.0	0.0	0.0	
62.5	54.7	5.9	203.8	623.5	25.0	0.0	0.0	
55.6	50.9	13.7	328.8	579.2	68.0	0.0	0.0	
58.4	51.9	9.5	277.5	521.5	76.0	0.0	0.0	
61.8	54.3	7.7	187.5	534.2	80.0	0.0	0.0	
60.7	54.7	9.5	221.3	402.4	89.0	19.0	0.0	
61.2	55.4	7.9	198.8	415.0	56.0	9.0	0.0	
60.6	53.5	10.5	277.5	591.1	50.0	0.0	0.0	
59.7	55.9	8.2	242.5	302.9	91.0	64.0	0.0	
59.8	53.2	5.9	160.0	467.8	55.0	15.0	0.0	
59.5	52.4	10.8	241.3	562.0	42.0	0.0	0.0	
59.9	51.8	9.8	240.0	583.8	43.0	0.0	0.0	
61.1	55.0	7.6	180.0	418.5	91.0	0.0	0.0	
60.2	55.7	9.5	172.5	262.6	98.0	19.0	0.0	
59.7	55.5	4.8	162.5	341.3	85.0	7.0	0.0	
61.4	53.3	7.7	151.3	493.4	83.0	0.0	0.0	
62.1	51.3	10.7	168.8	260.8	98.0	0.0	0.0	
62.1	54.5	11.4	191.3	382.1	82.0	68.0	0.0	
60.2	53.8	9.5	170.0	522.9	48.0	16.0	0.0	
57.9	53.3	6.2	168.8	560.2	63.0	0.0	0.0	
58.8	51.9	7.2	176.3	513.8	59.0	0.0	0.0	
61.8	52.8	10.8	243.8	567.0	43.0	0.0	0.0	
60.5	55.7	10.8	297.5	275.2	98.0	0.0	0.0	
60.8	57.5	7.0	252.5	337.4	93.0	0.0	0.0	
62.8	55.8	8.5	157.5	284.9	85.0	0.0	0.0	
   9    30    1978
64.7	56.6	9.0	192.5	335.7	53.0	0.0	0.0	
64.0	58.6	5.3	177.5	386.0	89.0	0.0	0.0	
58.9	55.9	5.1	138.8	221.2	98.0	45.0	0.0	
56.3	52.8	5.8	141.3	243.5	98.0	38.0	0.0	
57.2	52.2	7.2	223.8	318.8	98.0	19.0	0.0	
58.0	51.8	5.3	133.8	454.7	61.0	10.0	0.0	
57.1	50.7	9.5	182.5	434.3	81.0	18.0	0.0	
59.2	55.1	11.0	158.8	206.8	98.0	18.0	0.0	
59.7	55.6	11.7	171.3	237.7	95.0	85.0	0.0	
59.5	53.6	9.4	185.0	401.3	52.0	42.0	0.0	
58.7	53.2	8.1	186.3	423.8	34.0	26.0	0.0	
58.1	50.2	6.8	216.3	485.2	27.0	0.0	0.0	
58.9	54.2	8.4	216.3	262.2	94.0	25.0	0.0	
60.3	54.0	10.2	256.3	418.4	48.0	1.0	0.0	
59.2	51.4	12.6	242.5	448.9	40.0	0.0	0.0	
56.0	45.7	10.7	280.0	428.9	37.0	0.0	0.0	
51.3	45.6	8.8	162.5	244.6	90.0	14.0	0.0	
53.2	46.0	7.5	190.0	450.2	39.0	0.0	0.0	
55.1	47.7	9.5	230.0	438.1	35.0	0.0	0.0	
56.4	49.8	7.9	200.0	275.7	93.0	4.0	0.0	
57.8	51.1	6.6	158.8	340.1	84.0	0.0	0.0	
58.8	50.7	9.1	165.0	366.7	61.0	0.0	0.0	
60.6	52.7	7.8	165.0	440.7	33.0	0.0	0.0	
58.8	55.2	5.5	170.0	258.2	91.0	0.0	0.0	
62.7	56.5	6.9	170.0	354.1	85.0	0.0	0.0	
61.7	54.7	10.0	170.0	299.1	68.0	0.0	0.0	
59.6	53.8	7.5	225.0	320.3	74.0	0.0	0.0	
58.8	51.0	8.1	183.8	421.8	19.0	0.0	0.0	
59.6	51.8	6.4	205.0	403.2	39.0	0.0	0.0	
59.3	54.1	6.5	202.5	233.5	80.0	0.0	0.0	
  10    31    1978
56.9	48.5	11.2	180.0	387.2	11.0	0.0	0.0	
56.0	48.2	9.1	213.8	408.5	10.0	0.0	0.0	
56.4	50.9	10.8	235.0	408.8	35.0	0.0	0.0	
56.2	51.4	11.7	256.3	399.5	43.0	0.0	0.0	
53.5	48.8	4.2	123.8	413.1	25.0	0.0	0.0	
56.1	49.4	8.1	181.3	179.4	93.0	0.0	0.0	
56.0	49.2	7.4	173.8	314.9	73.0	0.0	0.0	
58.8	54.4	5.3	118.8	245.1	83.0	0.0	0.0	
60.4	54.8	6.5	131.3	348.1	78.0	0.0	0.0	
58.4	51.5	11.0	247.5	321.7	51.0	0.0	0.0	
54.8	47.6	10.7	193.8	338.2	21.0	0.0	0.0	
53.9	45.2	11.3	300.0	377.4	2.0	0.0	0.0	
63.9	45.0	8.2	66.3	377.9	2.0	0.0	0.0	
61.0	50.0	10.3	160.0	341.9	38.0	0.0	0.0	
59.1	54.0	5.3	136.3	158.8	98.0	0.0	0.0	
59.1	54.7	5.6	212.5	276.3	79.0	0.0	0.0	
57.4	51.0	5.8	175.0	353.6	21.0	0.0	0.0	
58.6	50.7	6.5	200.0	326.2	29.0	0.0	0.0	
54.9	51.1	4.6	122.5	153.6	98.0	0.0	0.0	
56.2	51.8	7.4	187.5	188.0	83.0	7.0	0.0	
50.9	41.2	8.9	305.0	293.8	23.0	0.0	0.0	
47.6	40.6	5.6	145.0	302.0	23.0	0.0	0.0	
51.2	43.6	6.8	205.0	265.9	65.0	0.0	0.0	
51.8	45.9	10.4	262.5	279.3	57.0	0.0	0.0	
50.6	43.5	5.6	157.5	318.7	14.0	0.0	0.0	
50.1	46.3	6.7	140.0	142.0	98.0	0.0	0.0	
52.9	47.8	5.2	151.3	178.2	80.0	0.0	0.0	
48.8	45.1	6.1	105.0	138.4	83.0	14.0	0.0	
46.7	42.1	6.5	111.3	159.2	58.0	8.0	0.0	
44.3	36.9	6.5	95.0	293.3	2.0	0.0	0.0	
45.4	36.7	6.3	162.5	273.6	16.0	0.0	0.0	
  11    30    1978
46.8	41.0	7.7	142.5	282.1	14.0	0.0	0.0	
50.1	43.4	7.2	131.3	207.7	90.0	0.0	0.0	
56.8	48.9	14.1	175.0	121.1	98.0	1.0	0.0	
50.5	44.4	9.2	217.5	237.1	41.0	57.0	0.0	
45.6	35.4	6.8	177.5	271.1	8.0	0.0	0.0	
48.0	39.7	4.8	190.0	265.2	18.0	0.0	0.0	
51.3	45.7	6.9	196.3	217.0	85.0	0.0	0.0	
50.2	47.4	9.0	265.0	140.9	71.0	46.0	0.0	
42.5	34.4	8.4	155.0	236.4	24.0	0.0	0.0	
38.8	19.6	13.1	62.5	264.7	6.0	0.0	0.0	
36.0	11.1	12.2	106.3	252.4	11.0	0.0	0.0	
34.4	22.9	7.1	140.0	211.1	39.0	0.0	0.0	
32.9	20.6	2.7	60.0	241.3	2.0	0.0	0.0	
36.3	25.2	4.8	106.3	244.3	2.0	0.0	0.0	
42.2	32.5	10.3	138.8	110.1	90.0	2.0	0.0	
50.0	45.0	4.8	113.8	101.5	98.0	5.0	0.0	
48.6	44.0	5.6	200.0	153.8	81.0	2.0	0.0	
48.2	43.3	10.4	151.3	108.2	98.0	92.0	0.0	
49.1	45.9	10.7	211.3	105.8	98.0	219.0	0.0	
43.1	35.1	10.0	107.5	185.2	61.0	10.0	0.0	
37.6	30.8	6.7	101.3	117.4	45.0	0.0	0.0	
38.6	33.0	5.8	145.0	190.5	53.0	0.0	0.0	
39.2	34.5	5.6	147.5	115.8	68.0	0.0	0.0	
39.4	33.8	3.6	115.0	208.8	8.0	0.0	0.0	
41.4	34.3	4.6	128.8	188.4	14.0	0.0	0.0	
40.1	33.2	7.8	172.5	212.2	10.0	0.0	0.0	
46.5	37.8	9.5	151.3	115.9	68.0	6.0	0.0	
53.4	50.2	10.3	202.5	103.4	98.0	61.0	0.0	
54.1	50.8	10.7	221.3	95.9	98.0	38.0	0.0	
51.6	46.6	11.1	216.3	92.5	93.0	122.0	0.0	
  12    31    1978
48.0	43.3	6.9	225.0	121.6	92.0	1.0	0.0	
44.9	41.0	5.2	98.8	97.0	80.0	3.0	0.0	
46.7	41.0	10.1	153.8	113.2	67.0	3.0	0.0	
49.1	44.5	13.7	192.5	97.0	79.0	107.0	0.0	
41.1	33.2	8.4	167.5	151.0	49.0	12.0	0.0	
38.3	30.0	7.2	95.0	171.9	47.0	0.0	0.0	
35.8	23.2	6.1	88.8	193.4	15.0	0.0	0.0	
40.0	27.4	8.1	128.8	123.5	76.0	13.0	0.0	
44.6	38.4	3.6	93.8	87.3	98.0	1.0	0.0	
50.2	45.0	10.4	147.5	99.8	98.0	70.0	0.0	
45.9	41.0	8.2	230.0	99.5	80.0	58.0	0.0	
39.9	28.0	9.7	192.5	172.4	38.0	0.0	0.0	
41.3	30.5	9.6	147.5	172.1	8.0	0.0	0.0	
42.5	38.1	8.2	141.3	89.8	96.0	4.0	0.0	
38.6	33.0	4.3	132.5	172.5	46.0	0.0	0.0	
36.8	29.6	9.3	115.0	94.2	89.0	2.0	0.0	
39.1	35.5	10.3	146.3	95.4	89.0	2.0	0.0	
35.2	29.8	5.5	88.8	173.5	36.0	0.0	0.0	
32.2	25.1	7.5	122.5	183.2	3.0	0.0	0.0	
38.0	30.7	10.7	146.3	82.7	98.0	2.0	0.0	
44.9	41.8	6.4	195.0	105.9	97.0	0.0	0.0	
46.1	42.8	8.7	181.3	91.4	98.0	4.0	0.0	
49.8	47.4	6.8	176.3	75.6	98.0	4.0	0.0	
46.5	43.1	7.6	158.8	103.9	73.0	0.0	0.0	
39.1	31.0	6.9	191.3	180.8	2.0	0.0	0.0	
36.3	31.0	3.3	125.0	126.3	53.0	0.0	0.0	
36.8	30.9	5.5	131.3	130.3	61.0	0.0	0.0	
32.8	24.4	8.1	140.0	172.2	16.0	0.0	0.0	
28.2	15.9	9.4	132.5	172.1	2.0	0.0	0.0	
30.6	15.5	7.0	151.3	173.3	34.0	0.0	0.0	
34.0	25.9	10.5	110.0	149.7	58.0	0.0	0.0	
