   1    31    1974
36.9	23.6	10.3	112.5	187.4	2.0	0.0	0.0	
34.1	24.9	8.5	118.8	110.0	52.0	0.0	0.0	
37.0	17.7	11.0	126.3	182.0	6.0	0.0	0.0	
33.6	18.4	9.0	32.5	175.1	13.0	0.0	0.0	
32.2	12.2	12.7	82.5	187.7	2.0	0.0	0.0	
33.8	14.6	10.5	82.5	197.2	2.0	0.0	0.0	
33.0	19.9	8.4	172.5	195.9	2.0	0.0	0.0	
33.3	21.5	6.2	162.5	169.1	43.0	0.0	0.0	
30.0	19.1	7.2	205.0	188.8	8.0	0.0	0.0	
31.6	21.8	7.9	168.8	199.1	10.0	0.0	0.0	
36.9	28.9	7.9	161.3	83.5	90.0	25.0	0.0	
53.1	48.5	13.7	186.3	107.1	98.0	61.0	0.0	
56.1	52.0	13.8	210.0	105.6	98.0	97.0	0.0	
58.8	53.7	17.1	192.5	110.2	94.0	212.0	0.0	
58.4	54.1	21.2	208.8	92.4	98.0	474.0	0.0	
54.0	50.8	12.1	211.3	91.1	97.0	127.0	0.0	
48.4	42.8	7.9	160.0	167.9	66.0	4.0	0.0	
54.4	49.5	15.4	217.5	94.9	98.0	101.0	0.0	
45.1	41.2	8.0	166.3	161.7	68.0	1.0	0.0	
40.4	36.5	9.8	185.0	200.8	38.0	3.0	0.0	
39.8	34.3	8.9	151.3	93.7	82.0	0.0	0.0	
46.6	44.0	6.7	162.5	116.8	98.0	0.0	0.0	
46.7	44.7	5.9	180.0	101.4	96.0	0.0	0.0	
45.9	42.6	6.7	186.3	170.2	84.0	5.0	0.0	
48.0	43.2	14.0	297.5	124.9	96.0	24.0	0.0	
46.5	39.0	10.2	267.5	130.9	94.0	5.0	0.0	
47.3	44.3	11.1	192.5	117.1	95.0	8.0	0.0	
47.7	45.4	7.5	191.3	116.7	98.0	2.0	0.0	
47.8	45.4	10.3	187.5	121.7	98.0	2.0	0.0	
49.6	46.8	10.1	202.5	107.3	98.0	9.0	0.0	
51.3	46.4	18.6	210.0	138.1	98.0	120.0	0.0	
   2    28    1974
48.2	41.6	11.1	207.5	148.4	78.0	17.0	0.0	
44.0	39.5	7.9	173.8	240.1	53.0	0.0	0.0	
44.9	41.6	13.3	177.5	102.6	98.0	16.0	0.0	
47.0	40.3	13.7	252.5	212.9	76.0	31.0	0.0	
43.1	37.9	9.2	163.8	178.4	57.0	0.0	0.0	
41.4	35.5	8.6	163.8	274.1	5.0	0.0	0.0	
43.0	37.2	9.5	108.8	269.8	3.0	0.0	0.0	
48.2	40.3	7.5	163.8	282.3	2.0	0.0	0.0	
46.4	40.8	9.6	197.5	288.9	4.0	0.0	0.0	
43.4	38.9	5.1	163.8	253.0	58.0	0.0	0.0	
47.7	42.5	10.8	191.3	142.6	98.0	0.0	0.0	
45.5	39.5	10.8	205.0	194.9	82.0	3.0	0.0	
45.7	39.9	10.4	168.8	126.5	95.0	23.0	0.0	
50.2	45.1	10.7	192.5	180.3	95.0	4.0	0.0	
50.9	47.3	11.2	153.8	122.4	98.0	82.0	0.0	
47.2	41.6	16.6	248.8	181.4	83.0	111.0	0.0	
45.0	39.9	9.3	167.5	144.2	98.0	4.0	0.0	
49.9	47.0	14.3	205.0	140.5	98.0	210.0	0.0	
47.3	41.4	8.8	257.5	221.0	58.0	11.0	0.0	
45.5	39.1	7.6	168.8	144.9	81.0	0.0	0.0	
44.3	36.6	13.4	206.3	200.1	90.0	55.0	0.0	
42.7	36.1	8.2	187.5	212.1	66.0	28.0	0.0	
42.6	34.9	6.3	178.8	346.2	33.0	0.0	0.0	
46.3	36.8	10.3	180.0	288.5	73.0	0.0	0.0	
49.4	43.4	11.5	182.5	166.0	98.0	8.0	0.0	
45.3	40.4	14.1	188.8	169.6	94.0	130.0	0.0	
46.9	39.7	15.2	155.0	151.2	98.0	54.0	0.0	
46.8	41.1	14.0	170.0	205.1	98.0	55.0	0.0	
   3    31    1974
46.1	40.4	14.3	177.5	159.8	97.0	92.0	0.0	
43.8	37.4	12.1	191.3	289.3	78.0	12.0	0.0	
41.7	37.0	10.4	155.0	218.6	83.0	0.0	0.0	
47.8	44.4	11.4	207.5	182.7	98.0	0.0	0.0	
48.2	45.4	11.8	212.5	174.9	98.0	116.0	0.0	
42.8	34.9	11.0	145.0	225.7	87.0	0.0	0.0	
38.1	29.9	9.4	165.0	310.8	50.0	5.0	0.0	
42.2	31.3	9.6	181.3	317.7	55.0	0.0	0.0	
52.5	38.5	13.2	158.8	177.9	98.0	0.0	0.0	
52.6	45.1	11.5	172.5	184.8	98.0	36.0	0.0	
50.3	42.4	11.8	175.0	313.4	88.0	69.0	0.0	
47.0	37.2	18.0	216.3	204.3	95.0	102.0	0.0	
44.1	39.3	9.2	143.8	165.9	85.0	73.0	0.0	
55.1	51.3	11.2	182.5	189.1	98.0	169.0	0.0	
59.8	53.3	7.5	213.8	200.0	98.0	0.0	0.0	
55.6	49.7	8.8	210.0	185.8	98.0	19.0	0.0	
51.1	41.5	11.8	188.8	412.4	28.0	0.0	0.0	
49.5	41.6	10.8	187.5	460.5	12.0	0.0	0.0	
51.4	43.8	8.9	165.0	427.9	45.0	0.0	0.0	
54.9	39.2	10.5	213.8	467.8	2.0	0.0	0.0	
51.5	40.6	7.2	237.5	480.5	3.0	0.0	0.0	
49.9	40.2	9.4	226.3	273.2	74.0	0.0	0.0	
51.1	39.6	10.1	192.5	463.6	10.0	0.0	0.0	
52.5	42.9	9.5	202.5	328.8	83.0	0.0	0.0	
60.6	49.0	11.1	183.8	354.1	73.0	10.0	0.0	
61.0	47.7	6.6	145.0	237.9	91.0	10.0	0.0	
52.3	46.8	16.3	190.0	217.8	98.0	110.0	0.0	
50.6	46.4	17.8	206.3	272.3	98.0	132.0	0.0	
51.8	49.2	12.1	188.8	258.8	98.0	101.0	0.0	
47.8	44.5	14.1	232.5	297.2	94.0	141.0	0.0	
48.3	44.2	13.9	177.5	221.0	98.0	49.0	0.0	
   4    30    1974
51.0	45.3	11.4	241.3	233.5	98.0	29.0	0.0	
53.9	42.7	11.3	218.8	386.7	84.0	38.0	0.0	
53.1	41.5	8.8	180.0	344.7	96.0	4.0	0.0	
56.8	40.7	11.3	178.8	230.9	98.0	10.0	0.0	
51.3	46.5	11.1	183.8	215.6	98.0	5.0	0.0	
50.0	44.8	11.0	183.8	259.3	89.0	3.0	0.0	
54.3	47.1	8.0	217.5	409.4	90.0	0.0	0.0	
49.7	46.5	10.1	185.0	220.3	96.0	49.0	0.0	
50.5	43.0	10.4	220.0	296.9	95.0	6.0	0.0	
50.0	45.6	8.1	200.0	220.8	93.0	4.0	0.0	
52.3	47.6	11.5	227.5	285.1	83.0	8.0	0.0	
48.8	38.9	13.1	166.3	487.6	15.0	0.0	0.0	
51.9	41.5	6.9	198.8	590.5	11.0	0.0	0.0	
51.3	45.5	8.4	248.8	482.7	75.0	0.0	0.0	
49.3	43.1	16.0	266.3	331.2	76.0	9.0	0.0	
50.1	42.2	12.8	157.5	551.9	19.0	0.0	0.0	
52.0	44.6	7.2	178.8	278.9	84.0	0.0	0.0	
50.8	43.3	16.3	307.5	299.2	98.0	0.0	0.0	
50.4	43.4	9.6	191.3	250.6	98.0	8.0	0.0	
49.8	46.6	9.6	238.8	391.6	74.0	0.0	0.0	
48.2	43.8	7.9	217.5	264.9	95.0	0.0	0.0	
46.9	42.9	6.6	183.8	264.4	98.0	1.0	0.0	
44.5	42.0	7.8	192.5	324.4	98.0	44.0	0.0	
47.7	42.4	11.0	202.5	472.3	75.0	29.0	0.0	
48.0	41.2	11.1	176.3	488.1	63.0	0.0	0.0	
50.2	44.0	8.2	252.5	561.0	58.0	0.0	0.0	
51.3	44.5	7.2	193.8	389.4	91.0	0.0	0.0	
52.8	46.0	14.1	250.0	590.3	38.0	0.0	0.0	
52.0	47.8	11.5	242.5	539.2	65.0	0.0	0.0	
50.7	46.7	8.7	325.0	276.8	98.0	0.0	0.0	
   5    31    1974
49.1	41.0	8.4	252.5	361.9	94.0	0.0	0.0	
50.9	44.6	14.1	277.5	568.8	51.0	0.0	0.0	
51.5	45.1	12.5	181.3	662.6	2.0	0.0	0.0	
55.3	47.6	12.7	242.5	664.1	28.0	0.0	0.0	
54.9	48.6	10.5	267.5	478.8	98.0	0.0	0.0	
56.3	50.3	9.0	261.3	491.5	91.0	0.0	0.0	
55.7	49.6	9.3	273.8	395.9	90.0	0.0	0.0	
55.0	45.4	14.1	306.3	629.5	51.0	0.0	0.0	
53.8	46.4	11.5	212.5	305.3	98.0	3.0	0.0	
55.0	47.2	9.1	215.0	518.3	79.0	0.0	0.0	
55.1	50.8	11.1	270.0	305.3	98.0	7.0	0.0	
52.9	39.6	14.7	313.8	548.9	62.0	2.0	0.0	
54.6	39.1	7.4	211.3	414.3	89.0	0.0	0.0	
53.9	43.9	10.7	227.5	385.9	84.0	22.0	0.0	
52.2	43.4	10.1	193.8	422.9	78.0	31.0	0.0	
51.1	41.8	9.5	175.0	443.9	85.0	16.0	0.0	
53.6	41.3	8.1	222.5	353.2	87.0	22.0	0.0	
57.5	45.0	9.6	202.5	463.2	88.0	0.0	0.0	
53.0	45.6	8.2	237.5	407.9	90.0	5.0	0.0	
55.3	45.5	8.2	233.8	554.4	63.0	0.0	0.0	
54.5	47.6	6.7	201.3	500.5	60.0	0.0	0.0	
55.4	48.1	9.2	211.3	308.8	92.0	0.0	0.0	
58.5	50.1	10.4	201.3	458.2	88.0	1.0	0.0	
60.9	53.8	9.2	198.8	319.8	98.0	3.0	0.0	
62.8	56.3	8.2	246.3	508.2	93.0	0.0	0.0	
56.7	50.5	18.2	352.5	546.0	85.0	0.0	0.0	
53.6	45.6	21.1	231.3	675.8	38.0	0.0	0.0	
52.3	44.5	17.6	272.5	460.8	77.0	0.0	0.0	
53.6	45.0	11.1	226.3	493.2	62.0	0.0	0.0	
52.0	44.0	14.1	150.0	651.7	18.0	0.0	0.0	
52.8	46.4	14.0	266.3	718.3	25.0	0.0	0.0	
   6    30    1974
54.4	49.8	11.3	251.3	632.1	70.0	0.0	0.0	
56.0	51.9	9.5	298.8	606.2	81.0	0.0	0.0	
54.3	49.8	9.8	307.5	412.9	98.0	0.0	0.0	
54.6	53.2	13.4	205.0	277.1	98.0	22.0	0.0	
54.8	53.1	7.8	176.3	322.4	98.0	2.0	0.0	
54.3	49.3	8.1	237.5	410.4	95.0	0.0	0.0	
53.7	45.5	12.3	251.3	639.4	45.0	0.0	0.0	
54.1	46.5	13.5	250.0	714.0	21.0	0.0	0.0	
55.9	48.4	14.8	230.0	729.5	19.0	0.0	0.0	
55.4	50.7	12.7	283.8	641.6	40.0	0.0	0.0	
55.5	49.6	10.3	323.8	578.9	74.0	0.0	0.0	
53.4	47.8	8.5	246.3	334.6	98.0	0.0	0.0	
56.6	48.9	8.1	252.5	339.7	98.0	0.0	0.0	
57.8	49.7	8.7	235.0	354.1	98.0	0.0	0.0	
57.1	50.8	13.6	268.8	604.4	76.0	0.0	0.0	
55.1	50.5	20.4	267.5	449.0	93.0	0.0	0.0	
56.2	50.4	15.3	263.8	558.6	88.0	0.0	0.0	
54.6	50.5	14.4	218.8	490.2	95.0	0.0	0.0	
54.2	51.3	7.8	276.3	317.1	88.0	0.0	0.0	
56.5	49.5	10.7	251.3	716.4	20.0	0.0	0.0	
53.0	50.4	8.6	217.5	593.8	69.0	0.0	0.0	
52.9	49.4	17.6	352.5	356.1	75.0	0.0	0.0	
52.8	45.4	17.4	315.0	728.4	8.0	0.0	0.0	
50.8	46.0	13.1	177.5	736.8	10.0	0.0	0.0	
55.9	47.8	9.4	260.0	557.8	66.0	7.0	0.0	
56.1	45.1	8.9	197.5	420.8	88.0	2.0	0.0	
58.9	50.5	7.8	210.0	409.0	70.0	4.0	0.0	
58.5	49.3	14.0	231.3	717.0	2.0	0.0	0.0	
63.2	53.0	13.5	267.5	733.5	4.0	0.0	0.0	
57.2	53.0	14.1	311.3	329.3	98.0	0.0	0.0	
   7    31    1974
57.3	49.9	14.0	310.0	588.9	51.0	0.0	0.0	
56.8	48.9	15.0	230.0	640.8	21.0	0.0	0.0	
55.5	48.5	8.9	215.0	708.0	24.0	0.0	0.0	
58.2	51.3	6.4	251.3	508.4	88.0	6.0	0.0	
56.7	48.2	16.6	268.8	570.6	75.0	19.0	0.0	
55.5	45.4	12.7	351.3	526.0	65.0	0.0	0.0	
53.3	45.7	7.5	216.3	302.9	83.0	2.0	0.0	
56.9	51.1	10.7	192.5	353.8	98.0	29.0	0.0	
55.1	48.6	11.8	187.5	328.1	98.0	5.0	0.0	
55.3	48.5	7.4	218.8	486.8	88.0	0.0	0.0	
56.4	48.5	9.2	242.5	611.1	73.0	0.0	0.0	
56.7	48.2	12.6	223.8	701.9	23.0	0.0	0.0	
56.7	48.9	7.7	205.0	710.5	23.0	0.0	0.0	
57.5	49.7	9.8	262.5	468.3	70.0	0.0	0.0	
56.4	48.9	9.1	201.3	559.7	63.0	0.0	0.0	
59.7	49.3	9.1	193.8	329.0	93.0	56.0	0.0	
62.3	56.9	9.4	168.8	310.6	98.0	2.0	0.0	
60.9	54.5	8.4	231.3	369.4	98.0	0.0	0.0	
60.0	50.5	15.2	312.5	589.0	43.0	0.0	0.0	
59.6	51.9	8.3	276.3	669.8	43.0	0.0	0.0	
59.1	50.7	7.1	166.3	603.8	81.0	0.0	0.0	
60.2	53.0	10.0	260.0	568.8	74.0	0.0	0.0	
60.6	51.3	18.0	272.5	591.4	46.0	0.0	0.0	
58.4	50.5	17.3	273.8	690.9	9.0	0.0	0.0	
56.8	49.0	17.4	350.0	698.3	2.0	0.0	0.0	
57.2	49.1	11.8	256.3	512.4	68.0	0.0	0.0	
57.7	51.8	8.4	245.0	579.5	76.0	0.0	0.0	
57.8	51.9	10.4	297.5	516.7	76.0	0.0	0.0	
58.4	52.4	8.7	252.5	506.9	85.0	18.0	0.0	
58.3	51.9	8.0	275.0	585.0	50.0	0.0	0.0	
59.8	52.4	9.3	268.8	591.5	56.0	0.0	0.0	
   8    31    1974
59.5	51.9	16.0	273.8	635.9	42.0	0.0	0.0	
58.6	49.9	16.6	315.0	649.8	42.0	0.0	0.0	
55.7	48.9	17.4	356.3	559.2	71.0	0.0	0.0	
57.1	49.9	18.6	312.5	542.4	65.0	0.0	0.0	
56.2	47.1	15.4	230.0	578.1	41.0	0.0	0.0	
55.8	46.7	15.7	290.0	609.5	15.0	0.0	0.0	
56.5	46.1	14.9	260.0	640.0	10.0	0.0	0.0	
58.6	49.3	14.0	313.8	648.1	9.0	0.0	0.0	
55.9	49.1	14.0	353.8	616.1	38.0	0.0	0.0	
56.6	49.5	15.0	267.5	602.6	38.0	0.0	0.0	
58.0	47.8	13.6	317.5	644.1	3.0	0.0	0.0	
57.8	47.7	10.4	238.8	599.0	29.0	0.0	0.0	
57.5	49.1	8.1	205.0	498.4	48.0	0.0	0.0	
56.8	47.6	10.1	263.8	578.2	31.0	0.0	0.0	
58.6	50.4	12.2	271.3	591.4	35.0	0.0	0.0	
55.0	48.8	10.1	198.8	486.3	83.0	0.0	0.0	
58.3	48.2	8.8	271.3	350.4	93.0	0.0	0.0	
59.0	51.5	7.1	216.3	395.0	91.0	42.0	0.0	
59.3	50.9	6.3	178.8	287.0	88.0	0.0	0.0	
58.6	49.2	10.2	238.8	584.1	19.0	0.0	0.0	
57.7	49.2	8.2	236.3	544.2	78.0	0.0	0.0	
62.6	53.3	7.7	201.3	423.0	85.0	0.0	0.0	
61.7	53.6	10.0	233.8	486.3	91.0	0.0	0.0	
58.8	53.0	10.1	285.0	583.7	35.0	0.0	0.0	
58.7	52.4	11.2	292.5	576.7	55.0	0.0	0.0	
56.5	51.4	9.0	260.0	470.8	79.0	0.0	0.0	
59.4	52.9	6.9	222.5	283.6	98.0	0.0	0.0	
58.9	54.6	5.9	227.5	272.1	98.0	0.0	0.0	
60.1	55.2	7.4	203.8	278.1	98.0	0.0	0.0	
60.3	55.7	5.2	183.8	281.5	98.0	0.0	0.0	
60.2	54.9	5.4	241.3	259.1	98.0	0.0	0.0	
   9    30    1974
59.5	53.8	6.9	283.8	289.4	98.0	0.0	0.0	
58.7	54.6	6.2	228.8	257.3	98.0	0.0	0.0	
61.9	53.1	6.6	152.5	455.3	46.0	0.0	0.0	
60.0	51.8	11.0	280.0	484.6	26.0	0.0	0.0	
61.5	53.2	11.2	221.3	549.7	2.0	0.0	0.0	
58.9	52.9	10.5	267.5	526.7	28.0	0.0	0.0	
58.0	52.1	7.1	200.0	327.1	84.0	0.0	0.0	
63.3	54.7	9.1	188.8	310.3	98.0	0.0	0.0	
62.4	55.8	8.7	261.3	348.5	84.0	8.0	0.0	
60.2	52.7	12.2	267.5	515.3	22.0	0.0	0.0	
59.4	49.3	12.4	310.0	523.2	2.0	0.0	0.0	
61.5	45.6	9.4	137.5	525.3	2.0	0.0	0.0	
55.5	44.3	12.0	222.5	447.7	39.0	0.0	0.0	
53.6	48.5	5.2	230.0	323.8	90.0	0.0	0.0	
56.1	49.5	9.6	225.0	423.8	50.0	0.0	0.0	
56.2	51.0	6.5	151.3	440.6	65.0	0.0	0.0	
53.4	49.2	11.3	267.5	468.6	61.0	0.0	0.0	
56.6	49.9	8.8	233.8	467.6	33.0	0.0	0.0	
50.2	46.1	8.0	242.5	452.5	55.0	0.0	0.0	
48.8	46.1	4.9	152.5	204.8	98.0	0.0	0.0	
51.2	47.8	7.5	233.8	227.5	98.0	0.0	0.0	
52.8	49.6	8.1	193.8	227.8	98.0	0.0	0.0	
55.3	49.0	8.5	227.5	461.6	38.0	0.0	0.0	
49.3	46.9	6.7	221.3	254.0	98.0	0.0	0.0	
52.4	48.2	6.8	192.5	327.6	95.0	0.0	0.0	
56.9	48.7	13.8	317.5	395.9	52.0	0.0	0.0	
52.8	45.0	10.7	263.8	444.8	4.0	0.0	0.0	
53.1	44.6	12.0	333.8	449.7	2.0	0.0	0.0	
48.8	44.9	5.8	123.8	291.9	83.0	0.0	0.0	
48.9	45.0	7.0	217.5	338.3	84.0	0.0	0.0	
  10    31    1974
52.3	46.8	8.1	206.3	355.4	86.0	0.0	0.0	
56.6	49.8	13.3	282.5	375.7	45.0	7.0	0.0	
51.9	42.6	10.8	248.8	378.8	44.0	0.0	0.0	
51.4	39.7	12.6	202.5	389.0	16.0	0.0	0.0	
48.5	38.1	11.0	145.0	404.8	4.0	0.0	0.0	
49.8	38.6	10.1	185.0	356.5	46.0	0.0	0.0	
52.2	38.3	5.5	183.8	404.0	2.0	0.0	0.0	
53.0	43.5	10.5	182.5	313.6	50.0	0.0	0.0	
53.3	47.6	8.1	221.3	246.9	82.0	0.0	0.0	
53.0	47.2	8.5	231.3	348.7	28.0	3.0	0.0	
53.1	48.1	9.1	207.5	316.1	52.0	0.0	0.0	
52.2	46.3	10.2	235.0	366.7	30.0	0.0	0.0	
48.5	44.9	9.8	242.5	344.3	25.0	0.0	0.0	
49.3	43.5	6.9	165.0	355.8	33.0	0.0	0.0	
50.8	41.5	7.8	175.0	349.6	8.0	0.0	0.0	
52.7	43.4	7.1	197.5	362.2	3.0	0.0	0.0	
47.5	43.7	3.9	81.3	280.0	68.0	0.0	0.0	
44.7	42.8	3.3	101.3	157.3	98.0	0.0	0.0	
51.5	46.9	6.6	158.8	158.1	98.0	0.0	0.0	
51.1	46.4	5.8	216.3	307.2	37.0	5.0	0.0	
47.1	40.3	7.9	233.8	339.6	23.0	0.0	0.0	
56.8	41.5	8.8	128.8	339.5	2.0	0.0	0.0	
47.7	43.1	7.4	200.0	139.5	88.0	0.0	0.0	
46.3	42.6	6.2	150.0	241.0	80.0	0.0	0.0	
51.9	43.8	5.9	131.3	162.4	95.0	0.0	0.0	
57.4	45.4	10.5	170.0	259.3	80.0	0.0	0.0	
53.5	49.4	6.9	168.8	142.4	98.0	40.0	0.0	
51.1	47.2	10.3	331.3	143.4	93.0	93.0	0.0	
48.6	42.4	9.6	330.0	240.7	60.0	0.0	0.0	
47.2	41.6	7.8	176.3	147.2	81.0	0.0	0.0	
51.0	47.1	7.2	177.5	240.9	59.0	11.0	0.0	
  11    30    1974
45.4	42.4	6.5	163.8	213.5	65.0	2.0	0.0	
45.5	40.4	7.1	155.0	250.7	36.0	0.0	0.0	
47.0	39.4	7.8	186.3	268.9	2.0	0.0	0.0	
46.2	39.5	8.2	147.5	172.6	79.0	8.0	0.0	
51.5	45.9	7.4	162.5	121.7	94.0	2.0	0.0	
54.7	49.2	9.9	183.8	118.7	98.0	117.0	0.0	
50.5	47.3	8.4	236.3	197.8	76.0	137.0	0.0	
48.3	42.7	10.3	166.3	185.8	93.0	0.0	0.0	
51.4	47.4	8.2	166.3	116.7	94.0	6.0	0.0	
49.1	45.1	5.4	143.8	189.8	81.0	0.0	0.0	
50.7	45.6	8.5	173.8	223.4	53.0	0.0	0.0	
51.6	45.7	7.8	162.5	218.1	35.0	0.0	0.0	
50.5	46.9	7.2	123.8	194.2	63.0	0.0	0.0	
50.4	47.6	6.2	203.8	100.9	86.0	0.0	0.0	
49.7	44.4	8.7	193.8	104.2	98.0	0.0	0.0	
48.6	40.5	7.0	80.0	107.6	96.0	0.0	0.0	
49.6	43.8	14.5	187.5	114.0	90.0	70.0	0.0	
48.5	44.6	9.1	200.0	97.3	91.0	85.0	0.0	
50.1	42.1	12.7	168.8	113.8	78.0	3.0	0.0	
54.3	42.9	12.3	170.0	111.8	98.0	5.0	0.0	
46.9	43.0	12.1	263.8	101.9	89.0	82.0	0.0	
46.4	41.4	9.2	158.8	136.4	90.0	12.0	0.0	
53.0	49.5	10.1	175.0	103.9	97.0	19.0	0.0	
50.1	42.8	9.7	177.5	161.8	75.0	31.0	0.0	
47.3	41.1	9.4	243.8	163.7	53.0	4.0	0.0	
44.4	38.0	9.4	150.0	130.1	80.0	27.0	0.0	
48.0	44.5	8.8	205.0	153.5	51.0	32.0	0.0	
45.8	37.2	7.4	53.8	176.8	75.0	0.0	0.0	
43.0	37.1	10.3	170.0	179.4	70.0	0.0	0.0	
46.8	40.1	10.0	161.3	108.1	94.0	0.0	0.0	
  12    31    1974
48.7	42.5	7.5	151.3	84.5	98.0	2.0	0.0	
52.2	47.4	8.9	171.3	125.0	91.0	4.0	0.0	
50.9	46.2	8.8	160.0	81.3	98.0	44.0	0.0	
47.0	43.5	8.5	171.3	87.1	80.0	4.0	0.0	
48.1	42.4	8.1	128.8	115.9	97.0	0.0	0.0	
54.3	48.5	11.1	177.5	80.7	98.0	64.0	0.0	
48.8	44.1	5.6	152.5	170.0	37.0	0.0	0.0	
47.3	44.4	7.0	187.5	111.5	90.0	18.0	0.0	
49.2	45.2	5.6	132.5	99.8	72.0	1.0	0.0	
48.0	42.6	13.4	168.8	76.3	83.0	49.0	0.0	
50.8	48.2	5.9	198.8	104.8	98.0	4.0	0.0	
49.4	44.0	13.8	208.8	106.1	81.0	64.0	0.0	
47.5	43.3	14.0	188.8	82.1	98.0	97.0	0.0	
51.2	48.1	9.8	213.8	92.7	98.0	92.0	0.0	
53.5	50.9	8.8	192.5	87.3	98.0	2.0	0.0	
49.7	46.9	10.2	181.3	111.7	68.0	30.0	0.0	
45.8	42.4	7.6	137.5	95.9	96.0	2.0	0.0	
47.1	43.1	10.7	177.5	121.1	93.0	2.0	0.0	
49.8	45.9	14.6	183.8	86.1	98.0	28.0	0.0	
54.8	50.8	15.4	206.3	96.4	98.0	42.0	0.0	
45.4	37.6	20.9	292.5	127.9	75.0	78.0	0.0	
38.8	34.6	7.7	107.5	103.9	59.0	23.0	0.0	
34.8	29.0	9.1	131.3	171.7	27.0	0.0	0.0	
35.2	27.9	6.1	111.3	144.3	55.0	0.0	0.0	
42.6	34.6	10.5	182.5	144.2	84.0	0.0	0.0	
47.6	42.0	13.5	161.3	72.1	98.0	82.0	0.0	
42.7	37.9	9.3	175.0	119.6	88.0	163.0	0.0	
35.9	31.1	7.2	146.3	175.4	31.0	0.0	0.0	
37.1	31.6	9.8	156.3	83.0	86.0	31.0	0.0	
39.1	35.5	6.5	221.3	153.4	42.0	0.0	0.0	
40.0	31.3	9.1	136.3	147.7	71.0	0.0	0.0	
