   1    31    1979
-2.8	-13.4	5.5	196.3	152.4	81.0	0.0	0.0	
8.3	2.2	6.3	265.0	94.3	98.0	0.0	0.0	
7.4	1.7	8.5	316.3	98.7	98.0	0.0	0.0	
10.5	4.6	8.9	322.5	90.9	98.0	0.0	10.2	
2.5	-3.0	6.8	277.5	124.4	71.0	0.0	2.5	
-0.3	-7.0	5.2	160.0	150.9	72.0	0.0	0.0	
-0.5	-10.0	4.5	183.8	156.7	93.0	0.0	2.5	
6.3	0.0	5.5	236.3	111.3	98.0	0.0	5.1	
13.3	7.3	5.1	228.8	162.3	91.0	0.0	15.2	
27.4	23.9	7.1	200.0	96.3	98.0	0.0	71.1	
26.8	24.6	8.1	231.3	110.0	94.0	0.0	86.4	
26.7	19.6	5.5	92.5	171.8	47.0	0.0	0.0	
22.6	15.6	7.4	146.3	131.0	83.0	0.0	0.0	
15.9	11.5	6.2	228.8	126.7	84.0	0.0	76.2	
22.5	16.4	5.5	130.0	178.1	71.0	0.0	0.0	
24.1	18.2	7.2	126.3	144.5	75.0	0.0	2.5	
11.3	7.5	5.8	235.0	126.0	64.0	0.0	0.0	
17.2	11.6	5.2	133.8	211.5	51.0	0.0	0.0	
30.9	21.9	7.6	113.8	188.8	63.0	0.0	0.0	
38.4	29.0	9.3	97.5	178.2	84.0	4.0	0.0	
31.0	21.3	8.7	176.3	162.0	51.0	0.0	38.1	
20.9	10.5	6.9	116.3	157.9	52.0	0.0	0.0	
25.5	13.4	6.5	173.8	201.8	48.0	0.0	0.0	
27.5	22.8	8.9	195.0	113.8	98.0	0.0	25.4	
16.5	12.4	9.2	300.0	152.4	58.0	0.0	10.2	
17.5	7.8	7.9	123.8	194.1	47.0	0.0	2.5	
24.7	16.7	6.8	172.5	130.9	85.0	0.0	0.0	
15.6	11.5	8.2	296.3	130.9	98.0	0.0	5.1	
9.8	3.3	5.1	176.3	200.6	63.0	0.0	0.0	
4.6	-0.6	6.5	146.3	216.8	46.0	0.0	0.0	
-3.6	-9.4	5.2	181.3	210.8	51.0	0.0	0.0	
   2    28    1979
-2.1	-11.9	7.2	186.3	182.3	48.0	0.0	0.0	
10.7	-2.6	8.6	117.5	238.2	52.0	0.0	15.2	
30.7	23.4	8.2	138.8	174.7	98.0	0.0	35.6	
36.4	30.0	6.4	123.8	194.7	86.0	0.0	0.0	
38.7	27.0	9.8	233.8	180.9	83.0	0.0	0.0	
39.0	29.1	7.2	131.3	134.3	88.0	9.0	0.0	
38.3	32.3	9.4	201.3	118.7	98.0	0.0	0.0	
39.9	32.4	9.7	155.0	148.2	96.0	0.0	0.0	
44.5	33.3	12.3	167.5	162.8	86.0	0.0	0.0	
41.5	32.1	13.5	177.5	179.2	75.0	29.0	0.0	
41.9	32.0	9.7	143.8	156.1	84.0	10.0	0.0	
44.1	30.3	14.4	166.3	135.2	98.0	38.0	0.0	
40.8	30.5	12.0	212.5	164.1	98.0	10.0	0.0	
31.1	18.9	7.9	232.5	236.0	68.0	0.0	0.0	
31.8	20.6	8.5	210.0	154.3	81.0	0.0	0.0	
32.3	23.8	9.1	227.5	171.3	83.0	2.0	0.0	
39.1	23.6	17.0	180.0	159.3	77.0	1.0	0.0	
37.3	26.0	10.0	177.5	165.3	91.0	20.0	0.0	
32.5	21.5	7.1	220.0	222.9	67.0	1.0	0.0	
31.5	24.8	8.5	181.3	151.0	96.0	0.0	22.9	
31.6	26.2	3.2	157.5	224.3	83.0	0.0	17.8	
32.2	25.1	3.2	98.8	177.7	78.0	0.0	0.0	
32.1	21.4	10.1	196.3	205.6	68.0	4.0	0.0	
38.4	25.6	9.8	166.3	143.0	98.0	2.0	0.0	
44.3	26.5	8.7	163.8	180.9	98.0	1.0	0.0	
37.9	24.6	9.8	173.8	314.1	64.0	1.0	0.0	
36.5	25.0	11.8	143.8	152.3	98.0	5.0	0.0	
30.9	19.7	6.3	203.8	295.8	73.0	0.0	7.6	
   3    31    1979
29.9	17.4	6.3	272.5	292.0	73.0	0.0	0.0	
34.0	19.0	9.4	143.8	341.3	66.0	0.0	0.0	
39.4	33.5	8.4	141.3	201.3	98.0	11.0	0.0	
48.2	35.2	13.7	181.3	265.3	94.0	16.0	0.0	
49.9	40.9	9.3	107.5	227.1	84.0	21.0	0.0	
51.5	40.1	10.2	226.3	263.8	64.0	0.0	0.0	
43.4	28.0	9.8	260.0	359.5	30.0	0.0	0.0	
35.4	19.6	6.3	131.4	413.7	8.0	0.0	0.0	
34.8	22.1	6.7	275.0	411.9	20.0	0.0	0.0	
41.7	24.5	8.2	176.3	399.9	24.0	0.0	0.0	
47.1	27.5	6.0	197.5	295.2	56.0	0.0	0.0	
42.0	24.3	7.1	211.3	391.1	43.0	0.0	0.0	
39.8	23.5	7.4	217.5	402.7	26.0	0.0	0.0	
42.8	28.6	8.6	181.3	324.9	58.0	0.0	0.0	
39.6	34.0	6.5	213.8	200.6	98.0	19.0	0.0	
36.5	25.7	7.2	212.5	347.4	70.0	17.0	0.0	
34.4	23.2	6.8	198.8	333.9	52.0	0.0	0.0	
34.5	29.8	6.2	253.8	216.5	97.0	0.0	0.0	
33.7	27.8	6.3	131.3	354.7	45.0	0.0	0.0	
33.8	23.5	8.1	295.0	373.0	31.0	0.0	0.0	
36.1	19.6	8.6	191.3	439.7	14.0	0.0	0.0	
37.1	22.4	7.5	180.0	442.1	18.0	0.0	0.0	
40.5	22.3	3.9	100.0	489.7	2.0	0.0	0.0	
47.2	27.5	10.1	215.0	501.3	2.0	0.0	0.0	
43.6	26.6	9.8	233.8	424.2	35.0	0.0	0.0	
44.3	32.9	7.8	212.5	264.6	80.0	13.0	0.0	
38.5	36.5	8.5	303.8	237.9	98.0	20.0	0.0	
40.1	31.0	7.1	187.5	323.4	95.0	1.0	0.0	
36.9	22.0	11.3	278.8	349.0	78.0	0.0	0.0	
35.7	21.4	9.6	215.0	455.2	55.0	0.0	0.0	
35.9	19.9	13.7	297.5	361.6	76.0	0.0	0.0	
   4    30    1979
38.4	22.6	11.4	270.0	282.6	98.0	6.0	0.0	
38.5	23.7	11.0	292.5	371.3	70.0	6.0	0.0	
39.7	24.6	10.1	215.0	429.6	55.0	1.0	0.0	
43.9	27.7	7.9	178.8	495.4	40.0	3.0	0.0	
51.8	31.5	7.5	227.5	495.4	78.0	0.0	0.0	
43.9	35.2	12.7	285.0	278.8	80.0	20.0	0.0	
44.1	26.0	6.5	85.0	532.1	52.0	0.0	0.0	
44.5	31.6	9.6	168.8	256.7	92.0	1.0	0.0	
37.4	26.8	12.9	296.3	432.4	61.0	8.0	0.0	
35.2	29.0	7.9	148.8	243.9	89.0	6.0	0.0	
39.5	30.3	11.2	246.3	480.2	85.0	0.0	0.0	
48.3	32.0	13.3	188.8	411.6	77.0	4.0	0.0	
44.5	25.0	10.2	215.0	545.2	33.0	0.0	0.0	
40.2	26.5	4.6	157.5	290.3	67.0	3.0	0.0	
47.9	29.2	9.7	280.0	374.4	92.0	0.0	0.0	
43.3	34.6	7.4	227.5	324.5	96.0	18.0	0.0	
38.8	24.2	13.1	277.5	484.1	65.0	0.0	0.0	
36.5	20.3	8.6	225.0	434.5	34.0	0.0	0.0	
37.9	24.1	8.2	198.8	516.3	66.0	0.0	0.0	
42.6	23.9	7.2	206.3	572.5	26.0	0.0	0.0	
43.8	31.6	6.6	181.3	277.5	73.0	0.0	0.0	
42.1	36.5	8.7	261.3	314.5	84.0	4.0	0.0	
41.9	35.5	9.4	250.0	335.8	92.0	20.0	0.0	
42.2	35.2	8.7	175.0	310.7	88.0	17.0	0.0	
48.7	31.2	7.6	153.8	585.8	12.0	0.0	0.0	
54.9	33.1	10.4	210.0	497.6	62.0	0.0	0.0	
55.0	44.4	10.3	246.3	350.5	92.0	0.0	0.0	
54.4	37.4	7.9	228.8	586.8	29.0	0.0	0.0	
55.8	38.3	6.8	212.5	564.5	50.0	0.0	0.0	
55.0	39.0	10.7	277.5	484.6	75.0	0.0	0.0	
   5    31    1979
50.2	36.4	10.7	297.5	421.1	68.0	0.0	0.0	
51.9	32.0	7.8	211.3	610.6	39.0	0.0	0.0	
59.8	35.1	9.7	216.3	602.1	76.0	0.0	0.0	
53.4	37.2	11.0	171.3	318.0	98.0	10.0	0.0	
45.5	35.4	8.9	227.5	336.2	90.0	27.0	0.0	
44.4	28.1	11.3	243.8	428.9	91.0	0.0	0.0	
42.5	26.9	12.1	262.5	477.5	79.0	0.0	0.0	
43.6	24.6	9.9	247.5	622.4	26.0	0.0	0.0	
43.9	26.4	9.8	233.8	590.3	36.0	0.0	0.0	
47.5	24.4	8.2	142.5	615.0	46.0	0.0	0.0	
52.7	27.9	7.8	267.5	713.5	13.0	0.0	0.0	
56.8	30.0	9.4	242.5	665.3	13.0	0.0	0.0	
57.9	31.9	9.0	235.0	683.5	21.0	0.0	0.0	
62.0	34.3	5.8	192.5	671.5	25.0	0.0	0.0	
61.5	41.6	11.4	273.8	616.5	60.0	0.0	0.0	
56.1	34.7	9.4	277.5	664.0	30.0	0.0	0.0	
56.3	30.9	8.9	226.3	698.0	24.0	0.0	0.0	
57.5	30.3	9.1	170.0	722.2	5.0	0.0	0.0	
55.2	26.4	8.8	218.8	728.2	23.0	0.0	0.0	
60.9	29.6	8.1	213.8	678.6	44.0	0.0	0.0	
65.4	35.4	7.1	186.3	674.9	38.0	0.0	0.0	
67.7	41.1	9.2	231.3	574.2	61.0	0.0	0.0	
57.7	43.3	6.1	156.3	414.5	78.0	2.0	0.0	
58.7	36.4	7.5	172.5	656.4	29.0	0.0	0.0	
64.7	35.5	8.1	160.0	734.0	6.0	0.0	0.0	
57.4	34.9	12.6	228.8	607.3	50.0	0.0	0.0	
46.8	24.2	10.4	228.8	632.0	43.0	0.0	0.0	
41.8	25.1	11.8	297.5	543.1	40.0	0.0	0.0	
46.8	22.7	9.7	253.8	713.4	3.0	0.0	0.0	
52.8	24.5	7.7	156.3	754.9	2.0	0.0	0.0	
58.4	24.1	7.8	156.3	732.2	3.0	0.0	0.0	
   6    30    1979
64.4	28.9	7.4	237.5	737.3	21.0	0.0	0.0	
69.4	30.2	8.5	168.8	739.3	2.0	0.0	0.0	
70.4	31.6	9.5	237.5	734.3	28.0	0.0	0.0	
64.3	37.2	11.4	235.0	636.3	73.0	0.0	0.0	
59.2	38.0	11.2	245.0	576.3	50.0	0.0	0.0	
49.9	27.0	16.4	302.5	655.3	51.0	6.0	0.0	
50.1	23.4	7.0	153.8	766.3	5.0	0.0	0.0	
58.1	23.2	6.2	140.0	763.8	2.0	0.0	0.0	
66.1	30.0	7.1	212.5	682.6	53.0	0.0	0.0	
70.1	35.0	10.1	255.0	638.7	55.0	0.0	0.0	
69.5	35.4	11.7	237.5	701.8	30.0	0.0	0.0	
63.1	35.5	10.8	265.0	723.3	4.0	0.0	0.0	
53.7	26.1	11.8	218.8	666.0	19.0	0.0	0.0	
52.1	26.6	8.7	246.3	669.3	30.0	0.0	0.0	
53.4	30.5	9.8	222.5	684.3	34.0	0.0	0.0	
46.2	34.1	9.5	178.8	420.2	84.0	4.0	0.0	
48.6	35.1	12.0	293.8	490.1	85.0	9.0	0.0	
55.8	35.8	14.6	285.0	687.5	54.0	2.0	0.0	
54.5	35.2	9.2	231.3	682.1	25.0	0.0	0.0	
54.9	34.1	8.8	270.0	699.3	29.0	0.0	0.0	
56.7	33.9	8.7	261.3	730.9	6.0	0.0	0.0	
59.8	33.9	8.1	178.8	739.8	2.0	0.0	0.0	
64.3	32.1	8.8	266.3	774.1	2.0	0.0	0.0	
67.9	36.6	7.6	280.0	672.1	36.0	0.0	0.0	
69.6	42.1	7.4	177.5	676.6	46.0	0.0	0.0	
68.9	44.4	7.6	167.5	609.1	34.0	0.0	0.0	
68.9	34.1	7.9	218.8	748.5	2.0	0.0	0.0	
71.5	35.5	8.8	250.0	671.3	25.0	0.0	0.0	
63.3	38.2	12.8	275.0	710.6	8.0	0.0	0.0	
56.6	35.2	8.6	232.5	495.6	59.0	0.0	0.0	
   7    31    1979
52.0	31.4	13.3	203.8	667.7	43.0	6.0	0.0	
54.6	26.5	8.1	236.3	724.0	24.0	0.0	0.0	
61.9	36.3	9.2	227.5	674.3	48.0	3.0	0.0	
64.3	43.4	7.7	248.8	588.8	63.0	0.0	0.0	
63.2	42.0	9.4	263.8	587.7	37.0	0.0	0.0	
61.2	43.7	8.2	190.0	562.5	57.0	0.0	0.0	
64.4	41.7	8.2	193.8	622.9	53.0	0.0	0.0	
67.0	41.1	7.0	190.0	584.9	82.0	0.0	0.0	
67.6	35.5	11.1	183.8	523.3	72.0	0.0	0.0	
63.1	39.9	11.1	225.0	562.4	65.0	0.0	0.0	
60.6	39.5	7.1	206.3	517.5	66.0	0.0	0.0	
60.3	39.9	10.2	216.3	639.9	45.0	0.0	0.0	
61.2	36.3	8.1	245.0	708.6	5.0	0.0	0.0	
65.3	36.3	9.1	228.8	729.8	2.0	0.0	0.0	
69.7	34.4	10.1	260.0	724.7	2.0	0.0	0.0	
76.5	36.0	7.8	207.5	721.5	2.0	0.0	0.0	
81.3	41.2	9.7	273.8	741.5	2.0	0.0	0.0	
82.0	44.4	9.8	256.3	659.9	38.0	0.0	0.0	
80.8	44.0	8.9	272.5	693.7	9.0	0.0	0.0	
78.3	45.7	9.9	257.5	700.1	9.0	0.0	0.0	
71.0	40.3	10.2	222.5	647.1	23.0	0.0	0.0	
68.3	32.9	7.7	201.3	723.2	3.0	0.0	0.0	
67.6	34.9	8.4	182.5	698.7	2.0	0.0	0.0	
70.6	35.5	9.4	261.3	660.2	28.0	0.0	0.0	
70.8	34.5	7.4	207.5	652.8	48.0	0.0	0.0	
72.3	39.1	10.9	227.5	676.0	21.0	0.0	0.0	
70.8	39.8	8.5	272.5	680.1	6.0	0.0	0.0	
66.5	41.0	6.9	223.8	672.5	2.0	0.0	0.0	
67.5	37.1	9.3	191.3	700.4	2.0	0.0	0.0	
70.7	36.9	8.3	228.8	695.1	2.0	0.0	0.0	
73.8	42.1	9.6	183.8	697.3	2.0	0.0	0.0	
   8    31    1979
70.6	44.1	8.2	245.0	698.3	2.0	0.0	0.0	
68.6	35.1	9.7	230.0	697.0	2.0	0.0	0.0	
65.0	35.4	6.5	235.0	693.3	2.0	0.0	0.0	
66.2	37.2	10.2	222.5	670.6	3.0	0.0	0.0	
63.0	34.3	7.7	232.5	676.5	2.0	0.0	0.0	
65.9	33.8	9.4	287.5	682.6	2.0	0.0	0.0	
68.5	36.6	10.2	248.8	686.6	2.0	0.0	0.0	
66.6	33.1	8.3	245.0	673.7	2.0	0.0	0.0	
70.1	32.5	8.4	245.0	669.8	9.0	0.0	0.0	
72.5	36.4	8.4	272.5	573.5	61.0	0.0	0.0	
70.2	38.6	8.1	246.3	622.3	53.0	0.0	0.0	
72.4	38.9	8.8	213.8	620.4	43.0	0.0	0.0	
65.5	45.3	8.4	305.0	271.9	98.0	24.0	0.0	
61.6	51.8	7.3	167.5	428.1	86.0	24.0	0.0	
63.7	47.3	8.7	217.5	574.1	30.0	43.0	0.0	
64.1	45.7	8.2	137.5	517.5	35.0	0.0	0.0	
64.5	44.6	9.8	235.0	556.3	37.0	0.0	0.0	
61.5	40.6	9.2	187.5	481.7	63.0	0.0	0.0	
56.4	49.9	6.3	211.3	252.4	98.0	8.0	0.0	
56.6	50.2	5.2	153.8	298.2	98.0	2.0	0.0	
59.5	46.7	10.5	192.5	453.8	68.0	11.0	0.0	
62.1	45.0	8.5	205.0	555.0	23.0	0.0	0.0	
59.3	45.1	8.4	230.0	400.8	51.0	0.0	0.0	
61.1	40.5	8.2	177.5	567.7	16.0	0.0	0.0	
60.5	44.3	8.4	227.5	439.3	75.0	0.0	0.0	
63.1	47.6	8.2	250.0	510.7	72.0	0.0	0.0	
62.9	45.9	7.4	236.3	405.0	93.0	2.0	0.0	
54.9	49.5	7.1	211.3	268.1	94.0	0.0	0.0	
59.6	51.1	5.9	165.0	423.9	94.0	24.0	0.0	
55.6	49.4	5.9	186.3	258.5	94.0	2.0	0.0	
60.4	44.1	7.2	192.5	538.9	30.0	0.0	0.0	
   9    30    1979
60.7	47.5	8.4	182.5	408.3	78.0	10.0	0.0	
62.8	46.7	10.9	196.3	395.0	71.0	0.0	0.0	
57.0	43.2	6.2	207.5	455.0	76.0	20.0	0.0	
57.7	40.6	5.9	150.0	492.8	45.0	0.0	0.0	
60.1	41.6	9.2	211.3	506.4	8.0	0.0	0.0	
62.9	44.9	8.4	236.3	549.8	2.0	0.0	0.0	
67.9	45.9	7.9	210.0	523.0	14.0	0.0	0.0	
58.4	42.2	11.7	267.5	411.6	38.0	0.0	0.0	
52.6	36.5	8.0	236.3	427.2	32.0	0.0	0.0	
52.6	33.0	7.7	235.0	535.3	4.0	0.0	0.0	
54.8	30.6	10.8	212.5	526.8	4.0	0.0	0.0	
58.3	30.8	7.4	228.8	498.1	18.0	0.0	0.0	
60.0	31.8	8.5	232.5	504.7	2.0	0.0	0.0	
67.6	33.7	8.4	218.8	498.3	2.0	0.0	0.0	
71.3	33.5	8.5	191.3	501.3	16.0	0.0	0.0	
67.0	37.0	8.8	223.8	506.2	2.0	0.0	0.0	
64.0	38.9	9.5	248.8	479.5	3.0	0.0	0.0	
66.7	38.6	7.2	252.5	425.6	53.0	0.0	0.0	
67.3	39.9	8.4	238.8	486.6	18.0	0.0	0.0	
67.3	41.3	7.8	193.8	436.4	15.0	0.0	0.0	
62.9	42.9	9.0	266.3	432.4	19.0	0.0	0.0	
57.4	40.2	8.1	181.3	473.0	2.0	0.0	0.0	
58.7	36.5	7.8	227.5	444.5	5.0	0.0	0.0	
60.6	35.6	9.8	257.5	434.8	10.0	0.0	0.0	
57.6	38.6	6.8	186.3	199.5	63.0	0.0	0.0	
58.1	38.8	9.3	183.8	428.7	20.0	0.0	0.0	
61.1	36.2	11.1	231.3	401.1	49.0	0.0	0.0	
56.4	37.6	8.1	241.3	415.6	33.0	0.0	0.0	
58.8	30.6	7.7	205.0	389.5	20.0	0.0	0.0	
55.8	28.8	7.7	225.0	423.9	18.0	0.0	0.0	
  10    31    1979
57.0	28.2	5.8	177.5	348.3	36.0	0.0	0.0	
56.5	33.6	9.3	266.3	413.0	25.0	0.0	0.0	
53.7	28.6	7.9	250.0	416.3	2.0	0.0	0.0	
60.8	28.1	7.8	163.8	404.0	2.0	0.0	0.0	
66.9	34.5	7.1	197.5	413.8	17.0	0.0	0.0	
62.6	36.5	7.5	248.8	279.3	84.0	0.0	0.0	
60.7	39.2	7.1	215.0	322.0	63.0	0.0	0.0	
56.0	36.5	9.1	270.0	392.4	2.0	0.0	0.0	
52.5	26.9	10.2	271.3	382.9	2.0	0.0	0.0	
54.4	27.6	8.2	170.0	380.9	8.0	0.0	0.0	
60.5	27.3	8.6	176.3	385.4	6.0	0.0	0.0	
56.3	30.6	6.9	231.3	293.0	41.0	0.0	0.0	
57.8	35.2	7.1	186.3	209.1	78.0	0.0	0.0	
52.2	44.4	6.7	132.5	174.4	98.0	33.0	0.0	
50.4	39.7	5.8	166.3	328.0	56.0	0.0	0.0	
51.6	38.8	8.2	257.5	170.0	90.0	0.0	0.0	
46.9	30.3	5.8	168.8	306.3	59.0	0.0	0.0	
46.4	33.3	13.6	185.0	163.8	98.0	42.0	0.0	
41.7	34.6	9.6	232.5	176.7	91.0	38.0	0.0	
39.8	31.5	12.4	208.8	160.3	96.0	29.0	0.0	
41.3	28.9	9.3	163.8	295.2	82.0	0.0	0.0	
49.0	32.5	12.4	178.8	163.1	98.0	0.0	0.0	
48.4	39.1	8.2	167.5	208.9	98.0	1.0	0.0	
52.4	40.6	6.8	175.0	137.3	95.0	3.0	0.0	
49.7	35.1	9.5	226.3	246.8	65.0	18.0	0.0	
50.5	33.0	13.8	197.5	274.4	53.0	0.0	0.0	
47.7	33.3	6.6	221.3	235.2	57.0	3.0	0.0	
39.6	27.4	9.6	227.5	238.5	55.0	0.0	0.0	
36.9	23.8	7.1	145.0	255.4	51.0	0.0	0.0	
40.5	32.4	9.8	193.8	142.5	98.0	1.0	0.0	
37.5	33.3	8.2	275.0	142.5	98.0	0.0	0.0	
  11    30    1979
37.0	30.0	7.8	168.8	146.6	91.0	0.0	0.0	
40.4	33.9	7.9	131.3	122.8	93.0	0.0	0.0	
40.2	34.3	8.1	190.0	171.6	88.0	0.0	0.0	
41.6	34.9	6.8	145.0	127.6	96.0	20.0	0.0	
42.9	36.3	8.5	217.5	161.5	98.0	0.0	0.0	
40.7	37.5	7.8	221.3	117.4	98.0	0.0	0.0	
40.6	34.9	6.0	238.8	125.4	98.0	0.0	0.0	
41.7	31.5	7.2	201.3	194.6	55.0	0.0	0.0	
36.7	24.7	6.2	178.8	250.0	8.0	0.0	0.0	
40.8	24.0	10.1	137.5	220.9	33.0	0.0	0.0	
35.1	23.4	7.5	226.3	246.8	2.0	0.0	0.0	
29.6	22.6	6.8	226.3	202.8	65.0	0.0	0.0	
28.6	25.4	3.6	145.0	119.9	98.0	0.0	0.0	
30.1	25.1	4.1	192.5	193.5	78.0	0.0	0.0	
30.1	24.9	6.6	240.0	156.6	95.0	0.0	0.0	
43.0	40.2	9.6	145.0	91.4	98.0	33.0	0.0	
41.5	34.7	8.7	205.0	174.8	90.0	24.0	0.0	
34.1	23.9	9.6	205.0	186.9	74.0	15.0	0.0	
32.3	22.4	5.2	116.3	194.2	40.0	0.0	0.0	
29.2	19.8	7.7	198.8	205.2	21.0	0.0	0.0	
25.6	21.9	6.1	231.3	145.9	88.0	0.0	0.0	
37.5	26.4	9.1	137.5	115.0	88.0	31.0	0.0	
33.8	22.5	9.3	175.0	133.1	81.0	0.0	0.0	
35.8	28.9	10.7	193.8	135.8	86.0	23.0	0.0	
29.7	25.2	6.3	151.3	101.6	82.0	0.0	20.3	
27.4	18.9	8.6	187.5	181.8	32.0	0.0	73.7	
24.7	17.5	7.8	196.3	166.1	59.0	0.0	0.0	
22.7	17.6	7.2	312.5	121.1	98.0	0.0	0.0	
24.5	17.1	7.2	252.5	150.6	70.0	0.0	0.0	
32.2	21.0	5.6	168.8	147.2	82.0	0.0	0.0	
  12    31    1979
38.4	26.4	10.5	200.0	99.6	98.0	0.0	0.0	
47.9	36.3	19.8	200.0	125.6	97.0	12.0	0.0	
50.3	29.2	14.4	166.3	143.2	86.0	0.0	0.0	
42.2	26.7	10.1	250.0	92.3	60.0	14.0	0.0	
33.6	25.2	8.2	136.3	146.0	48.0	0.0	0.0	
36.8	29.5	8.6	105.0	137.0	52.0	0.0	0.0	
39.6	32.2	6.3	73.8	162.2	42.0	0.0	0.0	
40.7	32.5	4.9	105.0	144.3	39.0	0.0	0.0	
45.1	33.3	13.8	181.3	135.5	83.0	0.0	0.0	
29.1	17.4	12.4	276.3	149.9	48.0	0.0	0.0	
25.4	8.5	8.9	128.8	165.8	38.0	0.0	0.0	
34.7	20.5	9.4	196.3	120.9	58.0	0.0	0.0	
32.6	23.2	8.6	141.3	119.7	64.0	0.0	0.0	
35.8	22.6	6.9	147.5	135.6	68.0	2.0	0.0	
35.8	22.5	8.3	147.5	139.1	66.0	10.0	0.0	
29.3	24.9	5.1	148.8	94.2	98.0	0.0	0.0	
51.7	20.1	11.4	161.3	96.5	98.0	1.0	0.0	
48.7	20.8	8.7	197.5	75.3	98.0	0.0	0.0	
44.5	27.1	12.8	185.0	112.5	68.0	0.0	0.0	
38.8	28.9	11.7	166.3	101.1	65.0	5.0	0.0	
37.8	26.9	10.5	230.0	121.7	72.0	0.0	0.0	
27.0	14.9	7.2	205.0	141.5	35.0	0.0	0.0	
34.3	21.2	16.2	145.0	77.9	98.0	0.0	0.0	
37.1	27.2	7.5	166.3	89.7	88.0	0.0	0.0	
34.5	25.4	9.1	175.0	151.7	25.0	16.0	0.0	
30.3	22.0	7.9	138.8	158.4	30.0	0.0	0.0	
28.1	18.0	8.1	171.3	164.6	20.0	0.0	0.0	
27.2	19.0	4.1	180.0	87.8	95.0	0.0	0.0	
30.2	22.2	7.4	267.5	134.6	71.0	0.0	0.0	
26.1	22.8	7.8	310.0	109.3	93.0	0.0	2.5	
38.4	29.9	10.4	162.5	109.9	71.0	1.0	0.0	
