1 31 1990
42.1	39.3	9.2	192.2	48.9	77.1	23.6	.0	
41.4	38.4	7.0	154.6	69.6	77.1	23.6	.0	
44.2	38.6	12.1	171.0	47.1	98.3	.0	.0	
47.9	43.7	16.3	172.6	44.5	100.0	23.6	.0	
51.3	48.4	15.1	171.4	44.8	99.2	31.5	.0	
51.8	48.9	18.5	170.2	45.2	100.0	106.3	.0	
52.3	48.9	14.3	179.4	45.6	100.0	145.7	.0	
51.2	47.2	14.4	154.2	46.0	98.8	39.4	.0	
54.1	46.5	18.8	198.2	46.5	100.0	74.8	.0	
42.6	40.3	6.1	117.0	47.0	100.0	7.9	.0	
44.5	39.5	7.1	245.4	47.4	100.0	7.9	.0	
41.3	36.6	3.4	128.6	48.0	97.5	7.9	.0	
45.0	43.8	1.5	78.2	48.5	96.7	.0	.0	
45.5	41.7	3.9	182.6	49.1	95.8	3.9	.0	
43.7	41.5	8.5	151.4	49.7	100.0	11.8	.0	
42.3	39.5	6.0	167.8	50.3	68.8	3.9	.0	
37.0	34.2	3.9	162.6	86.3	42.5	.0	.0	
32.3	28.3	3.2	106.2	141.1	25.4	.0	.0	
34.2	28.7	3.3	103.0	105.6	50.0	.0	.0	
32.2	28.6	3.9	135.8	106.9	29.6	.0	.0	
35.8	33.2	4.5	106.6	53.7	82.9	.0	.0	
47.4	41.7	13.1	178.6	60.4	97.9	7.9	.0	
42.0	36.9	8.0	229.8	55.3	85.8	27.6	.0	
33.9	32.1	3.7	172.2	70.2	72.9	.0	.0	
40.8	36.7	9.7	175.4	56.9	100.0	70.9	.0	
38.0	35.1	9.4	183.8	85.0	85.4	11.8	.0	
43.4	38.4	16.0	183.0	86.8	96.2	31.5	.0	
45.2	41.5	19.0	187.0	61.5	93.8	157.5	.0	
42.9	38.5	16.1	178.2	60.6	98.3	39.4	.0	
41.5	36.3	17.6	205.8	68.1	89.6	3.9	.0	
38.7	34.2	16.7	176.2	62.6	95.0	35.4	.0	
2 28 1990
41.7	38.0	12.8	181.0	98.9	95.0	66.9	.0	
46.6	41.5	15.2	162.2	69.4	97.5	7.9	.0	
42.3	37.2	11.4	187.4	65.8	100.0	102.4	.0	
40.6	34.9	12.2	165.4	118.8	77.5	.0	.0	
40.6	36.7	16.2	178.6	72.2	97.1	39.4	.0	
34.6	32.3	13.9	171.8	85.8	89.2	43.3	.0	
36.7	34.1	17.4	158.2	70.4	96.2	51.2	.0	
44.0	41.7	16.3	173.0	71.6	100.0	19.7	.0	
48.4	45.9	16.1	177.8	72.8	99.6	70.9	.0	
51.1	45.8	13.4	181.4	74.1	93.3	.0	.0	
41.7	37.2	10.6	212.2	77.6	85.0	3.9	.0	
33.1	30.1	9.9	191.8	81.1	89.6	27.6	.0	
30.4	22.5	6.6	197.4	189.0	47.5	.0	.0	
28.2	22.0	11.4	152.2	79.3	77.9	.0	.0	
34.0	31.5	19.4	177.8	80.7	98.3	74.8	.0	
35.4	32.0	12.3	177.0	97.1	94.2	23.6	.0	
36.4	30.3	9.1	189.0	173.8	52.5	.0	.0	
33.6	25.4	6.2	224.2	242.4	.0	.0	.0	
34.2	25.8	2.5	110.2	86.3	73.8	.0	.0	
43.4	38.7	10.6	157.4	87.7	100.0	15.7	.0	
49.8	45.7	8.2	181.0	91.7	90.4	.0	.0	
45.0	42.5	6.4	102.2	108.3	86.7	.0	.0	
43.9	41.0	4.2	177.0	96.1	93.3	.0	.0	
44.6	42.2	3.3	128.2	149.1	57.5	.0	.0	
51.0	44.0	8.2	75.0	179.4	73.8	.0	.0	
48.7	33.2	8.5	228.6	276.4	.0	.0	.0	
50.3	27.1	8.8	263.8	239.2	15.4	.0	.0	
47.8	28.2	5.7	200.2	285.3	.0	.0	.0	
3 31 1990
45.1	31.1	4.7	157.4	287.2	3.8	.0	.0	
43.7	38.7	2.5	106.2	108.7	67.5	.0	.0	
48.9	45.1	9.4	157.4	121.3	96.2	23.6	.0	
46.8	42.8	6.3	186.6	106.6	94.6	15.7	.0	
44.8	39.7	8.3	168.2	174.5	79.6	.0	.0	
49.7	44.8	9.9	179.4	109.9	100.0	.0	.0	
45.2	41.4	10.5	203.8	111.6	100.0	59.1	.0	
41.7	35.1	13.6	169.8	168.5	79.2	.0	.0	
44.9	39.0	13.0	164.2	115.1	100.0	74.8	.0	
41.7	36.1	10.6	176.6	190.3	84.6	19.7	.0	
39.7	35.6	9.0	162.2	121.9	92.5	3.9	.0	
39.8	32.2	4.6	113.0	251.7	49.6	.0	.0	
39.0	32.5	14.0	163.4	127.5	97.5	19.7	.0	
47.8	41.0	9.1	183.0	199.7	82.5	3.9	.0	
46.4	40.0	4.5	217.4	174.1	73.3	.0	.0	
52.7	42.2	2.2	68.2	139.4	96.2	.0	.0	
54.3	48.4	4.5	144.2	151.3	95.0	3.9	.0	
52.6	47.9	4.5	130.2	131.4	95.4	.0	.0	
53.9	46.3	6.0	143.4	205.6	92.9	7.9	.0	
54.7	46.7	6.6	198.2	200.5	63.8	.0	.0	
51.4	43.8	4.2	71.0	261.7	61.7	.0	.0	
50.6	47.2	7.3	178.2	138.7	78.3	15.7	.0	
50.1	42.2	5.9	151.8	269.9	50.0	.0	.0	
48.7	33.8	10.6	233.4	402.1	11.7	.0	.0	
49.6	33.0	5.2	223.4	322.4	38.8	.0	.0	
47.6	36.1	5.1	100.2	377.9	13.8	.0	.0	
50.3	36.0	5.4	125.0	420.7	5.4	.0	.0	
52.5	36.1	4.5	133.8	406.2	15.4	.0	.0	
49.1	40.1	4.7	159.0	232.6	45.8	.0	.0	
49.9	43.6	5.2	163.0	311.6	40.0	.0	.0	
52.2	45.3	4.7	173.0	269.0	50.0	.0	.0	
4 30 1990
52.0	45.4	3.1	111.8	390.7	47.1	.0	.0	
51.8	46.3	3.8	77.4	168.9	78.3	.0	.0	
52.3	41.4	5.2	121.8	309.3	40.0	.0	.0	
54.5	41.1	3.8	61.0	463.4	13.3	.0	.0	
54.3	41.8	3.4	100.6	411.7	30.4	.0	.0	
50.4	42.6	3.7	153.8	360.2	25.4	.0	.0	
46.7	41.2	6.6	159.8	167.5	79.2	.0	.0	
49.2	38.6	6.9	171.4	181.7	81.7	.0	.0	
49.7	40.3	3.2	117.8	197.1	67.9	.0	.0	
55.9	44.4	4.0	115.0	172.8	97.5	.0	.0	
56.3	47.8	7.7	170.6	226.6	74.6	7.9	.0	
52.0	43.5	2.5	56.6	187.6	74.2	.0	.0	
59.0	45.3	4.8	145.0	281.8	64.6	.0	.0	
61.9	51.8	4.2	85.0	404.7	59.2	.0	.0	
62.0	54.4	5.4	159.0	260.9	75.0	.0	.0	
56.9	52.6	6.0	158.2	182.8	99.2	.0	.0	
54.7	50.7	6.3	247.4	184.4	100.0	7.9	.0	
54.6	46.5	4.3	152.2	250.6	94.6	.0	.0	
54.6	48.8	6.3	150.6	187.6	100.0	3.9	.0	
57.0	49.3	7.1	229.8	287.5	90.0	.0	.0	
54.7	44.5	5.0	204.6	220.3	97.9	.0	.0	
51.8	48.7	10.8	170.6	192.3	98.8	43.3	.0	
51.0	44.5	11.0	223.4	199.2	88.8	15.7	.0	
50.4	43.0	6.2	208.6	230.2	96.7	.0	.0	
51.0	43.6	12.1	199.4	257.7	77.1	.0	.0	
48.7	42.3	6.9	163.8	198.4	94.2	7.9	.0	
50.4	47.1	10.7	209.0	199.8	92.9	82.7	.0	
47.6	39.8	10.5	209.4	310.3	62.9	11.8	.0	
48.7	40.3	6.0	166.6	345.6	55.8	.0	.0	
51.9	40.2	6.7	149.4	521.0	23.3	.0	.0	
5 31 1990
56.7	43.5	5.8	126.6	351.0	64.6	.0	.0	
60.5	51.3	5.0	137.4	317.2	80.8	.0	.0	
61.2	51.6	7.5	222.6	400.3	49.6	.0	.0	
66.1	54.3	5.5	177.4	559.2	18.3	.0	.0	
60.6	50.0	10.9	221.8	434.1	54.6	.0	.0	
49.7	36.7	9.0	227.8	449.1	44.2	.0	.0	
48.5	37.5	8.8	227.8	398.5	53.3	.0	.0	
51.8	39.3	8.7	135.0	548.1	17.1	.0	.0	
60.2	46.1	8.7	192.2	613.6	2.1	.0	.0	
51.3	43.5	6.3	215.0	234.4	69.6	.0	.0	
52.7	44.8	6.5	191.0	218.5	95.8	.0	.0	
53.3	44.6	6.6	185.8	233.1	96.2	.0	.0	
52.3	44.1	8.8	222.6	262.9	90.0	.0	.0	
50.9	43.0	6.5	206.6	301.9	78.8	.0	.0	
53.7	43.0	4.5	142.6	354.4	71.7	.0	.0	
55.1	42.7	6.0	244.6	548.2	67.5	.0	.0	
53.7	43.5	6.2	206.6	229.7	99.2	.0	.0	
53.0	44.4	6.5	196.6	225.3	100.0	.0	.0	
53.3	45.7	9.1	169.0	226.4	95.4	11.8	.0	
53.2	46.0	11.7	164.6	277.5	95.0	15.7	.0	
54.9	50.9	6.7	219.4	228.0	98.3	35.4	.0	
54.4	50.5	4.8	140.6	236.2	99.2	23.6	.0	
51.5	45.1	5.6	139.8	285.5	80.4	55.1	.0	
51.6	45.3	9.0	174.2	351.1	77.1	11.8	.0	
54.5	43.2	4.2	170.6	327.5	72.9	.0	.0	
59.5	52.9	5.6	114.2	237.3	99.6	23.6	.0	
61.6	54.9	6.0	177.4	297.9	94.6	3.9	.0	
57.8	52.1	6.0	163.4	244.2	91.7	7.9	.0	
56.8	50.3	8.5	169.0	241.2	96.2	3.9	.0	
53.7	48.6	7.7	148.6	234.8	97.9	23.6	.0	
53.2	45.3	9.7	191.0	349.2	91.7	.0	.0	
6 30 1990
56.8	45.7	9.3	186.2	243.0	98.8	3.9	.0	
61.5	51.8	7.3	173.0	236.5	100.0	11.8	.0	
59.6	50.8	11.4	178.2	357.6	70.4	11.8	.0	
57.3	46.5	10.2	189.4	307.6	85.4	.0	.0	
57.9	49.7	3.6	89.4	238.0	93.3	7.9	.0	
58.2	54.3	8.8	189.4	238.4	100.0	35.4	.0	
60.0	49.1	7.4	176.2	304.1	91.2	.0	.0	
60.0	51.9	8.1	190.2	247.5	99.2	.0	.0	
55.7	50.6	6.0	260.2	239.6	100.0	39.4	.0	
54.9	46.7	9.8	187.8	386.1	76.7	.0	.0	
56.7	46.6	8.1	211.8	287.3	94.6	3.9	.0	
55.3	47.0	10.5	234.6	285.2	95.8	3.9	.0	
57.7	46.6	6.5	161.4	388.0	62.1	.0	.0	
65.0	51.8	6.8	175.8	651.3	20.8	.0	.0	
64.0	52.5	5.7	152.2	673.2	15.4	.0	.0	
57.0	48.9	6.9	246.6	241.3	99.6	.0	.0	
59.6	49.7	5.5	202.6	306.4	72.9	.0	.0	
64.2	53.2	5.0	144.6	669.2	22.5	.0	.0	
67.4	56.1	7.8	173.0	670.1	8.3	.0	.0	
69.0	56.4	10.4	135.8	644.2	8.3	.0	.0	
76.8	56.8	8.1	262.2	624.3	21.2	.0	.0	
68.7	57.6	9.4	195.0	569.2	74.2	.0	.0	
62.7	54.2	5.4	205.4	243.2	95.0	.0	.0	
64.1	51.7	5.7	240.6	473.2	59.2	.0	.0	
62.0	50.0	5.5	156.6	291.5	88.8	.0	.0	
65.2	49.4	3.5	144.6	560.7	46.2	.0	.0	
61.8	51.2	6.8	143.0	269.4	81.7	.0	.0	
66.3	55.1	7.4	180.2	343.7	80.8	.0	.0	
67.2	54.9	5.3	170.2	657.1	39.6	.0	.0	
64.8	52.1	7.5	180.6	323.3	86.7	.0	.0	
7 31 1990
63.1	50.8	6.7	213.8	240.1	98.8	3.9	.0	
59.1	51.2	6.0	191.0	287.2	85.8	35.4	.0	
60.9	50.5	4.2	136.2	240.6	81.2	.0	.0	
66.7	54.9	6.1	161.0	252.1	85.4	.0	.0	
62.6	55.2	6.3	135.0	288.6	87.1	7.9	.0	
63.5	53.6	6.7	167.0	265.4	77.1	.0	.0	
67.4	53.5	8.4	157.8	627.4	18.8	.0	.0	
70.9	58.3	6.8	212.2	554.0	23.3	.0	.0	
70.2	56.3	7.3	197.0	677.0	.0	.0	.0	
74.6	58.7	6.4	135.4	672.8	20.8	.0	.0	
79.0	64.2	4.4	144.6	367.4	60.0	.0	.0	
79.4	62.8	6.5	233.0	660.2	10.4	.0	.0	
73.9	53.6	10.6	199.8	670.5	.0	.0	.0	
71.8	53.0	6.7	126.6	668.7	.0	.0	.0	
73.8	54.2	8.1	149.8	666.8	.0	.0	.0	
68.2	47.5	9.8	201.4	664.8	.0	.0	.0	
69.2	47.2	9.7	229.4	592.5	15.8	.0	.0	
71.4	48.4	9.0	108.6	465.9	34.6	.0	.0	
74.7	52.2	6.0	167.8	354.6	53.8	.0	.0	
75.7	53.0	4.7	117.8	656.0	.0	.0	.0	
78.7	53.5	5.0	132.2	638.2	15.8	.0	.0	
73.4	51.4	6.0	173.4	458.8	50.0	.0	.0	
65.4	52.4	7.9	259.0	299.5	88.8	.0	.0	
65.5	51.7	7.9	287.4	263.4	96.2	.0	.0	
64.0	52.0	7.0	239.4	245.8	90.0	.0	.0	
66.4	54.0	6.5	217.8	362.0	58.3	.0	.0	
67.5	53.6	8.8	204.6	631.0	8.3	.0	.0	
71.1	55.7	5.5	135.8	634.8	.0	.0	.0	
76.2	58.8	4.2	145.4	631.8	.0	.0	.0	
70.2	57.0	7.2	185.4	532.7	22.5	.0	.0	
67.2	55.8	6.3	202.2	447.5	25.8	.0	.0	
8 31 1990
67.6	52.3	8.1	218.2	548.4	17.5	.0	.0	
68.1	50.6	9.3	165.8	619.3	.0	.0	.0	
73.0	55.4	7.0	107.4	609.7	2.9	.0	.0	
77.8	57.4	5.4	175.8	368.1	42.9	.0	.0	
73.9	53.5	5.7	181.8	529.6	25.4	.0	.0	
70.8	53.4	8.0	185.4	481.1	15.4	.0	.0	
75.0	54.6	8.2	191.8	414.9	49.6	.0	.0	
75.9	54.6	7.6	178.6	233.1	77.1	.0	.0	
75.7	55.0	6.6	176.6	586.6	26.2	.0	.0	
77.5	57.1	5.0	160.6	591.0	.0	.0	.0	
80.2	57.3	5.3	145.4	580.5	16.7	.0	.0	
71.8	56.3	6.1	167.4	289.1	39.2	.0	.0	
67.4	54.6	6.9	200.6	395.6	61.2	.0	.0	
67.2	50.5	5.9	174.2	551.5	30.0	.0	.0	
64.5	54.8	7.3	182.2	226.0	85.4	.0	.0	
67.3	54.0	7.1	198.6	335.7	86.2	.0	.0	
62.0	58.8	9.1	162.2	198.9	95.4	35.4	.0	
64.2	55.8	5.4	187.4	279.5	81.7	.0	.0	
67.3	55.2	7.0	185.8	449.3	72.5	.0	.0	
70.1	56.8	6.5	187.0	350.3	77.5	.0	.0	
63.6	59.9	7.9	167.0	190.8	95.0	7.9	.0	
66.7	56.8	6.6	205.4	191.1	99.6	.0	.0	
62.1	48.3	9.0	183.4	458.5	22.9	.0	.0	
60.0	47.2	5.5	155.0	323.0	51.2	.0	.0	
63.0	48.1	7.1	193.8	278.5	77.5	.0	.0	
66.1	53.0	4.4	187.8	353.2	87.5	.0	.0	
67.0	58.5	4.5	123.4	285.4	89.6	3.9	.0	
68.0	59.2	4.6	132.2	179.5	97.9	.0	.0	
62.1	58.9	3.8	141.8	177.8	98.8	39.4	.0	
66.3	55.2	10.2	187.8	376.6	55.8	.0	.0	
64.5	52.7	7.2	202.6	466.5	18.8	.0	.0	
9 30 1990
64.2	52.8	4.9	160.2	278.2	71.7	.0	.0	
64.9	51.8	6.8	184.2	315.9	66.2	.0	.0	
67.5	52.7	6.6	159.0	476.5	19.2	.0	.0	
72.5	54.5	5.3	190.6	472.1	7.5	.0	.0	
67.5	55.1	6.2	187.8	463.1	21.7	.0	.0	
65.3	55.4	5.5	157.8	378.7	43.3	.0	.0	
64.9	56.4	6.1	218.2	198.2	90.8	.0	.0	
69.4	56.3	7.0	210.6	427.3	37.9	.0	.0	
66.9	54.3	7.5	223.8	453.2	.0	.0	.0	
69.2	55.9	4.9	177.4	448.0	.0	.0	.0	
60.7	54.2	6.2	150.6	155.0	85.4	.0	.0	
61.1	49.5	4.5	178.2	164.7	72.5	.0	.0	
64.5	49.0	7.2	177.0	369.6	25.8	.0	.0	
65.4	52.0	9.1	192.6	327.1	62.9	.0	.0	
60.1	56.4	9.4	164.2	147.6	100.0	43.3	.0	
62.7	56.2	6.7	195.0	172.8	78.3	.0	.0	
61.7	55.4	4.9	121.8	260.8	51.2	.0	.0	
62.0	52.6	5.5	182.2	375.2	14.2	.0	.0	
60.5	52.5	5.6	97.4	392.8	5.0	.0	.0	
64.6	50.1	7.6	127.4	395.7	.0	.0	.0	
69.4	46.8	7.4	195.4	390.5	.0	.0	.0	
69.1	48.3	5.8	213.8	385.3	.0	.0	.0	
62.1	53.1	3.8	146.2	307.9	35.8	.0	.0	
59.9	54.0	4.9	170.6	176.0	75.8	.0	.0	
64.6	56.0	4.4	180.6	148.4	95.4	.0	.0	
63.1	54.7	4.2	133.0	186.3	78.3	.0	.0	
61.5	51.8	4.3	115.8	357.8	10.4	.0	.0	
63.4	54.2	3.2	123.0	288.1	29.6	.0	.0	
61.4	53.5	6.1	58.6	256.7	21.2	.0	.0	
59.5	51.2	5.9	213.8	212.8	57.5	.0	.0	
10 31 1990
56.3	48.2	9.1	199.4	156.8	71.7	11.8	.0	
54.9	45.1	6.2	140.2	196.9	79.2	.0	.0	
60.8	50.5	13.0	176.2	178.8	75.8	.0	.0	
60.3	52.7	10.9	197.4	127.6	97.5	23.6	.0	
50.9	45.2	3.8	104.6	214.1	62.5	3.9	.0	
45.7	38.3	4.4	97.8	234.0	34.6	.0	.0	
44.7	37.0	3.7	93.0	252.1	22.5	.0	.0	
48.7	39.0	5.1	72.2	276.2	20.0	.0	.0	
53.5	44.0	4.0	145.8	149.5	61.2	.0	.0	
51.2	41.6	5.9	105.8	229.5	44.6	.0	.0	
47.6	37.1	5.3	135.0	151.5	70.8	.0	.0	
56.4	47.3	9.7	212.2	100.2	100.0	7.9	.0	
53.6	47.1	7.0	187.8	107.2	69.6	3.9	.0	
49.8	47.0	10.9	148.2	96.9	90.8	19.7	.0	
56.8	51.0	12.1	208.6	98.9	96.2	.0	.0	
49.1	41.5	5.8	183.4	194.0	41.7	.0	.0	
50.4	39.2	7.4	154.2	92.2	79.2	47.2	.0	
50.1	46.5	7.0	191.8	101.1	79.2	74.8	.0	
46.6	41.2	4.7	155.0	115.7	79.6	.0	.0	
47.7	42.1	5.3	149.4	97.4	93.3	.0	.0	
50.1	47.8	10.5	150.6	86.1	81.2	82.7	.0	
46.6	43.2	5.2	223.8	116.1	76.7	.0	.0	
48.9	45.0	3.7	118.6	95.5	95.4	.0	.0	
48.9	46.3	3.3	127.4	169.5	45.0	.0	.0	
55.2	51.2	11.7	169.0	87.5	75.8	43.3	.0	
51.3	49.4	4.9	183.0	83.3	77.1	.0	.0	
55.4	50.2	8.3	154.2	84.1	90.8	23.6	.0	
52.9	49.0	10.4	169.0	137.3	75.0	3.9	.0	
51.7	46.0	10.8	155.8	109.3	76.7	43.3	.0	
51.7	50.2	3.8	86.6	73.7	100.0	126.0	.0	
47.2	44.4	5.7	155.8	107.3	74.6	47.2	.0	
11 30 1990
42.2	37.9	2.8	88.6	150.2	42.5	.0	.0	
43.2	38.0	2.8	87.8	72.3	75.4	.0	.0	
51.6	48.7	10.0	141.8	69.0	100.0	11.8	.0	
54.1	49.3	8.8	198.2	74.5	93.8	27.6	.0	
47.8	43.6	5.7	152.2	106.5	82.5	15.7	.0	
42.5	39.7	4.1	163.0	78.8	95.4	.0	.0	
49.3	45.7	9.6	143.4	64.7	100.0	15.7	.0	
54.4	50.6	9.2	146.6	70.8	92.1	.0	.0	
58.1	50.8	16.4	171.4	62.7	97.1	.0	.0	
57.2	47.4	8.6	151.4	66.9	81.7	.0	.0	
46.5	44.2	2.7	93.4	100.5	50.8	.0	.0	
48.9	45.1	5.3	126.6	59.8	99.6	3.9	.0	
49.4	47.3	10.1	162.2	58.9	100.0	161.4	.0	
46.4	40.3	11.4	158.2	144.3	63.3	.0	.0	
48.8	41.3	7.4	162.6	150.7	37.9	.0	.0	
42.8	39.0	3.7	108.6	145.5	37.1	.0	.0	
47.0	44.8	6.9	183.0	55.5	100.0	39.4	.0	
40.2	36.8	5.0	177.4	120.6	36.7	.0	.0	
39.0	36.4	10.5	157.0	57.0	82.1	7.9	.0	
43.2	39.7	11.4	166.2	53.2	97.1	7.9	.0	
47.4	44.0	13.0	169.8	52.5	100.0	11.8	.0	
51.0	48.1	15.6	169.8	51.8	100.0	11.8	.0	
53.4	46.0	18.9	164.2	51.1	90.0	.0	.0	
55.3	50.6	20.4	169.0	56.8	96.7	90.6	.0	
45.3	40.1	8.8	213.0	76.8	84.2	35.4	.0	
41.4	37.8	10.0	149.4	61.6	79.6	.0	.0	
44.0	39.6	6.1	146.6	73.7	77.9	7.9	.0	
41.4	37.7	5.8	136.2	91.7	74.2	.0	.0	
45.0	39.3	11.4	155.4	48.4	90.8	43.3	.0	
41.5	36.6	8.4	140.2	100.5	75.4	.0	.0	
12 31 1990
41.3	36.5	13.6	197.0	72.7	92.9	66.9	.0	
43.6	38.5	10.6	156.6	46.2	100.0	.0	.0	
45.4	37.3	9.9	140.6	45.8	99.2	.0	.0	
47.4	39.2	16.0	190.6	83.9	83.8	31.5	.0	
41.7	38.4	5.5	151.8	47.5	70.8	.0	.0	
38.2	37.0	3.2	76.6	56.2	96.2	.0	.0	
36.4	34.9	2.5	69.8	44.3	98.8	.0	.0	
44.8	40.8	2.5	81.4	64.0	92.1	.0	.0	
50.1	47.5	8.7	138.2	43.7	100.0	102.4	.0	
47.2	43.6	7.8	193.8	46.2	86.7	11.8	.0	
40.8	37.8	7.4	115.8	59.3	75.0	.0	.0	
37.0	35.6	4.7	105.8	43.0	100.0	.0	.0	
38.7	35.5	10.1	155.8	57.8	94.2	15.7	.0	
40.1	34.4	5.5	94.6	42.6	90.4	.0	.0	
38.5	33.2	3.7	123.8	98.3	61.2	3.9	.0	
38.2	35.6	9.1	144.2	42.4	87.1	.0	.0	
46.5	43.0	13.2	169.4	45.0	99.6	7.9	.0	
39.3	34.3	9.3	220.2	53.8	92.9	31.5	.0	
24.1	16.3	11.0	170.6	68.4	56.7	.0	10.0	
13.1	-.3	10.4	150.2	120.4	.4	.0	.0	
13.6	-.7	8.5	180.6	120.4	19.2	.0	.0	
16.3	7.7	3.9	101.8	42.2	81.2	.0	.0	
17.0	6.0	6.2	249.8	113.7	25.0	.0	.0	
19.6	13.0	2.4	68.2	47.7	64.6	.0	.0	
30.4	28.0	5.9	135.0	42.4	100.0	.0	.0	
39.9	38.0	7.5	162.6	42.5	98.8	.0	.0	
40.0	37.1	13.4	169.4	50.9	96.7	23.6	.0	
30.0	22.9	10.4	240.2	73.6	58.3	7.9	.0	
17.9	5.6	8.8	212.6	118.5	17.1	.0	.0	
23.0	14.5	5.0	113.0	43.2	87.5	.0	.0	
38.8	28.9	13.7	163.4	43.4	96.2	.0	.0	
