   1    31    1985
31.0	26.0	3.7	189.2	118.5	41.0	.0	.0	
32.1	24.6	5.6	229.2	156.3	11.0	.0	.0	
30.2	23.7	3.4	139.6	157.5	2.0	.0	.0	
29.8	24.5	2.0	56.7	115.0	75.0	.0	.0	
30.5	26.4	2.6	130.4	135.9	89.0	.0	.0	
34.6	25.7	5.2	222.9	82.7	98.0	.0	.0	
35.0	27.9	2.4	105.8	69.1	97.0	.0	.0	
31.7	28.2	2.0	83.8	122.5	25.0	.0	.0	
31.1	26.7	2.0	87.1	166.7	2.0	.0	.0	
29.2	25.4	2.0	48.8	170.0	32.0	.0	.0	
30.1	24.1	5.1	218.8	146.9	77.0	.0	.0	
31.5	24.4	2.4	89.2	150.8	43.0	.0	.0	
30.9	25.0	2.0	47.9	128.8	83.0	.0	.0	
36.6	33.9	3.1	102.1	76.4	97.0	2.0	.0	
38.5	38.2	4.3	206.7	83.8	98.0	.0	.0	
38.2	33.9	2.0	49.2	171.1	49.0	.0	.0	
33.7	32.0	2.0	96.7	143.3	69.0	.0	.0	
34.3	33.2	2.0	31.7	123.4	87.0	.0	.0	
38.0	36.6	2.0	66.3	61.4	98.0	14.0	.0	
41.4	39.6	3.4	135.4	109.7	81.0	.0	.0	
41.8	36.1	6.4	264.6	198.4	38.0	.0	.0	
37.2	30.0	3.1	110.8	175.7	45.0	.0	.0	
34.2	28.1	2.4	101.7	169.7	60.0	.0	.0	
33.7	26.7	5.9	231.3	175.1	57.0	.0	.0	
33.3	25.3	4.7	178.8	196.0	2.0	.0	.0	
31.9	23.9	3.2	94.6	215.5	8.0	.0	.0	
30.5	27.4	3.9	135.8	95.4	73.0	.0	2.5	
33.8	29.2	4.4	151.7	104.1	76.0	.0	.0	
34.9	31.1	5.8	168.8	119.8	60.0	6.0	.0	
31.8	29.9	6.6	164.6	102.0	88.0	.0	.0	
34.1	30.9	5.9	169.6	97.2	78.0	1.0	.0	
   2    28    1985
36.4	33.1	8.5	162.1	102.4	92.0	10.0	.0	
31.9	28.0	5.2	165.8	108.1	98.0	.0	15.2	
27.5	15.7	8.3	247.9	239.5	5.0	.0	.0	
24.4	13.2	3.0	142.1	218.3	52.0	.0	.0	
35.8	32.5	9.2	160.0	88.4	98.0	3.0	.0	
41.7	36.6	11.9	174.2	104.7	98.0	26.0	.0	
36.9	34.7	7.9	178.8	90.4	96.0	86.0	.0	
37.1	34.0	13.5	177.1	177.3	88.0	43.0	.0	
37.0	33.6	12.9	185.8	162.1	90.0	52.0	.0	
41.8	31.3	15.8	173.8	102.2	98.0	.0	.0	
44.9	41.1	12.4	197.5	76.7	95.0	82.0	.0	
37.5	35.0	3.0	147.9	187.2	65.0	.0	.0	
35.9	30.6	2.0	60.8	267.6	24.0	.0	.0	
43.2	38.8	4.9	142.5	115.9	85.0	16.0	.0	
42.0	35.5	3.1	112.1	190.1	70.0	.0	.0	
35.8	30.6	4.2	65.0	202.8	43.0	.0	.0	
37.0	29.9	5.9	115.0	261.5	24.0	.0	.0	
36.4	30.0	3.4	84.6	239.4	53.0	.0	.0	
41.1	36.3	10.3	192.5	111.1	98.0	20.0	.0	
43.5	37.7	6.4	198.3	151.9	93.0	.0	.0	
46.2	42.1	9.1	157.9	155.4	96.0	.0	.0	
48.2	43.6	3.2	97.5	173.2	74.0	.0	.0	
49.2	42.1	4.2	168.8	264.7	65.0	.0	.0	
46.4	38.8	8.8	195.8	183.2	78.0	.0	.0	
38.6	30.8	4.4	105.8	288.1	29.0	.0	.0	
43.0	34.6	6.4	102.9	268.2	60.0	.0	.0	
42.2	34.0	4.0	143.8	346.3	3.0	.0	.0	
45.2	38.7	3.8	154.6	276.9	57.0	.0	.0	
   3    31    1985
44.4	34.2	8.1	267.1	213.0	82.0	3.0	.0	
39.2	26.4	5.6	129.2	327.7	15.0	.0	.0	
40.5	34.8	12.1	170.8	137.8	98.0	17.0	.0	
41.2	35.8	13.8	183.8	134.0	95.0	8.0	.0	
40.7	33.8	10.7	180.0	187.4	85.0	.0	.0	
38.4	30.7	4.0	153.3	266.5	59.0	.0	.0	
37.3	29.3	4.0	151.7	323.0	33.0	.0	.0	
42.8	32.1	5.3	204.2	306.7	68.0	.0	.0	
43.9	33.2	3.6	130.0	347.4	78.0	.0	.0	
44.4	32.7	3.5	97.5	392.6	23.0	.0	.0	
41.8	30.5	4.3	154.6	391.0	21.0	.0	.0	
42.2	32.1	4.5	95.8	336.6	36.0	.0	.0	
40.4	32.4	3.7	138.3	405.1	18.0	.0	.0	
42.7	35.1	5.0	85.4	380.3	12.0	.0	.0	
43.2	35.2	4.0	137.5	424.5	4.0	.0	.0	
46.1	34.3	5.5	167.5	397.4	26.0	.0	.0	
45.5	37.4	3.8	115.0	295.1	83.0	.0	.0	
42.9	35.8	2.9	101.7	395.7	51.0	.0	.0	
46.6	37.7	6.1	153.8	297.1	98.0	.0	.0	
45.4	39.4	11.1	193.3	216.5	98.0	26.0	.0	
41.8	36.1	13.8	192.5	221.1	75.0	38.0	.0	
43.4	39.4	12.7	172.5	165.2	98.0	60.0	.0	
45.7	42.3	15.1	178.3	141.6	97.0	68.0	.0	
39.3	35.7	8.1	148.3	299.1	86.0	20.0	.0	
40.0	33.6	8.3	177.5	309.1	72.0	.0	.0	
38.9	35.8	11.5	152.9	132.2	98.0	73.0	.0	
40.5	35.7	15.5	175.0	205.6	98.0	42.0	.0	
43.7	36.4	6.6	210.0	250.2	74.0	.0	.0	
41.5	37.2	10.7	172.1	194.1	83.0	8.0	.0	
49.5	46.6	14.9	180.0	149.3	98.0	14.0	.0	
54.3	51.7	9.8	168.3	168.0	98.0	3.0	.0	
   4    30    1985
55.1	50.4	2.5	162.5	341.3	65.0	.0	.0	
54.4	45.9	4.8	155.8	470.6	35.0	.0	.0	
50.9	38.8	7.3	225.0	376.7	85.0	.0	.0	
49.4	38.7	4.4	186.7	417.7	45.0	.0	.0	
52.5	40.8	7.5	77.9	498.0	5.0	.0	.0	
55.2	43.2	4.7	220.8	537.1	12.0	.0	.0	
52.9	46.8	4.2	168.8	238.5	84.0	.0	.0	
56.7	47.4	3.3	139.6	502.6	40.0	.0	.0	
58.0	47.1	4.1	98.8	543.0	39.0	.0	.0	
55.6	46.1	7.5	207.9	437.3	79.0	.0	.0	
57.0	47.2	12.3	220.0	346.0	84.0	.0	.0	
54.2	44.6	3.3	146.7	511.3	61.0	.0	.0	
56.9	45.4	4.2	206.7	513.0	48.0	.0	.0	
57.6	46.4	7.4	70.8	552.9	48.0	.0	.0	
52.4	44.9	7.9	213.3	349.8	81.0	.0	.0	
50.5	40.0	7.1	236.7	230.1	98.0	.0	.0	
51.1	38.3	6.0	223.8	400.9	95.0	.0	.0	
45.4	39.8	9.1	217.5	194.9	98.0	19.0	.0	
42.0	34.4	9.4	220.8	358.9	77.0	4.0	.0	
44.0	36.2	8.4	160.4	339.2	95.0	5.0	.0	
44.9	41.7	5.4	120.8	177.4	98.0	28.0	.0	
46.9	40.9	12.8	187.9	244.9	98.0	20.0	.0	
48.1	38.8	10.9	227.5	389.5	63.0	12.0	.0	
45.5	38.1	9.4	242.5	257.9	93.0	5.0	.0	
44.0	34.7	5.1	181.7	378.1	81.0	.0	.0	
49.7	43.3	11.1	171.7	283.0	98.0	.0	.0	
55.1	48.0	10.3	236.3	384.2	93.0	.0	.0	
50.1	40.6	6.3	225.4	282.0	87.0	.0	.0	
49.8	38.8	4.0	132.9	610.5	18.0	.0	.0	
53.3	43.0	3.4	75.0	518.3	59.0	.0	.0	
   5    31    1985
58.9	47.0	3.7	130.8	345.8	86.0	.0	.0	
54.0	42.5	8.8	172.9	436.2	81.0	8.0	.0	
48.0	40.5	9.3	213.3	354.4	60.0	13.0	.0	
47.7	39.9	8.3	217.5	403.2	64.0	.0	.0	
47.6	38.0	4.8	160.4	434.2	82.0	.0	.0	
50.6	39.5	8.0	233.3	416.8	96.0	2.0	.0	
48.9	36.3	5.2	172.9	484.8	75.0	.0	.0	
47.5	37.3	6.7	193.8	442.5	75.0	.0	.0	
51.3	39.1	5.1	184.6	598.3	57.0	.0	.0	
48.1	40.9	9.0	220.0	287.4	77.0	3.0	.0	
44.5	30.3	5.7	195.0	490.1	33.0	.0	.0	
48.1	33.0	3.3	102.9	620.3	2.0	.0	.0	
49.1	41.6	6.3	185.0	305.1	73.0	8.0	.0	
50.2	38.2	7.9	188.3	501.4	48.0	.0	.0	
60.3	43.5	9.9	129.2	681.5	2.0	.0	.0	
65.7	45.5	7.8	143.8	669.6	17.0	.0	.0	
59.5	46.1	6.1	201.3	651.6	28.0	.0	.0	
60.2	46.0	4.5	172.9	451.9	59.0	.0	.0	
56.3	47.4	4.4	180.4	311.9	75.0	.0	.0	
58.0	46.8	5.4	114.2	405.2	80.0	.0	.0	
60.9	46.3	3.2	135.4	636.7	40.0	.0	.0	
67.1	50.3	4.6	161.7	599.1	63.0	.0	.0	
63.4	55.6	5.3	227.1	306.0	93.0	2.0	.0	
61.1	52.3	6.0	185.8	370.0	92.0	.0	.0	
59.6	50.1	6.9	232.1	413.1	79.0	.0	.0	
59.7	49.3	5.7	243.3	294.8	98.0	.0	.0	
56.0	48.0	6.9	217.9	344.5	94.0	.0	.0	
54.3	45.9	8.8	189.6	302.2	98.0	10.0	.0	
53.1	44.1	11.0	202.9	325.3	98.0	.0	.0	
57.9	45.7	7.1	146.7	474.4	97.0	1.0	.0	
55.2	48.6	6.2	212.5	323.1	98.0	18.0	.0	
   6    30    1985
54.7	47.7	5.9	66.7	356.8	98.0	.0	.0	
59.1	47.3	3.7	68.8	567.0	56.0	.0	.0	
57.0	51.7	4.4	130.4	314.5	96.0	11.0	.0	
60.9	50.6	4.7	165.8	453.0	98.0	2.0	.0	
59.0	50.6	3.3	108.8	318.8	96.0	8.0	.0	
60.3	58.1	7.0	123.3	222.3	98.0	163.0	.0	
60.0	52.9	10.1	260.0	306.4	87.0	58.0	.0	
57.3	43.2	9.7	150.4	683.9	9.0	.0	.0	
59.5	46.0	4.9	195.8	661.8	26.0	.0	.0	
62.3	45.3	4.6	141.7	693.3	10.0	.0	.0	
67.1	48.9	4.6	151.3	708.3	29.0	.0	.0	
66.3	53.3	4.5	206.3	570.5	56.0	.0	.0	
66.2	51.7	3.6	133.8	564.1	61.0	.0	.0	
65.5	56.2	7.4	237.5	426.3	92.0	.0	.0	
63.4	49.4	9.0	244.2	592.2	47.0	.0	.0	
63.3	44.6	9.3	140.8	731.1	2.0	.0	.0	
73.6	45.7	8.5	200.0	692.0	2.0	.0	.0	
74.9	52.6	5.0	102.5	715.1	8.0	.0	.0	
70.0	53.6	6.3	236.7	736.9	3.0	.0	.0	
62.7	47.7	5.7	185.8	705.3	12.0	.0	.0	
64.6	49.3	7.3	233.3	717.2	2.0	.0	.0	
60.7	45.0	12.0	274.2	694.2	9.0	.0	.0	
55.8	37.3	10.1	203.3	654.9	15.0	.0	.0	
53.3	41.4	5.0	135.8	387.5	50.0	.0	.0	
60.0	45.5	5.2	165.8	712.5	4.0	.0	.0	
63.1	48.0	7.5	256.7	716.3	34.0	.0	.0	
57.1	44.8	6.7	187.5	467.2	51.0	.0	.0	
60.9	43.4	6.4	242.9	720.1	7.0	.0	.0	
57.9	44.6	8.9	207.5	375.4	89.0	.0	.0	
61.3	44.9	5.1	207.1	611.9	68.0	.0	.0	
   7    31    1985
67.2	48.8	5.3	136.3	647.1	67.0	.0	.0	
71.0	46.8	6.3	190.0	631.0	46.0	.0	.0	
68.6	46.2	5.4	162.9	657.4	51.0	.0	.0	
68.1	46.7	8.2	192.5	714.7	17.0	.0	.0	
64.3	49.5	6.4	199.2	632.0	43.0	.0	.0	
68.4	50.4	5.8	247.5	667.0	82.0	.0	.0	
72.9	52.0	4.6	160.0	698.9	25.0	.0	.0	
72.1	50.0	4.8	185.4	705.5	2.0	.0	.0	
75.7	52.2	6.3	183.8	692.8	8.0	.0	.0	
70.5	52.9	6.5	216.7	671.8	2.0	.0	.0	
70.6	52.0	7.9	226.3	708.6	9.0	.0	.0	
69.0	50.1	9.7	266.3	708.9	2.0	.0	.0	
67.9	48.7	11.4	260.0	709.8	2.0	.0	.0	
70.4	50.8	8.0	249.6	694.0	2.0	.0	.0	
68.8	51.3	7.9	248.3	692.2	2.0	.0	.0	
68.4	54.4	7.7	180.8	676.5	4.0	.0	.0	
69.8	56.1	10.1	210.0	673.1	17.0	.0	.0	
77.8	57.1	6.5	217.5	684.6	2.0	.0	.0	
79.0	54.9	5.1	162.1	712.9	2.0	.0	.0	
75.8	50.5	6.1	182.9	674.9	2.0	.0	.0	
71.8	48.8	5.7	218.8	584.9	72.0	.0	.0	
70.9	54.7	7.5	242.1	529.6	66.0	.0	.0	
69.9	55.6	9.6	314.6	640.6	3.0	.0	.0	
68.0	53.1	10.5	209.2	628.9	3.0	.0	.0	
71.2	51.2	8.5	184.2	673.9	2.0	.0	.0	
73.0	47.7	6.0	176.7	666.6	2.0	.0	.0	
71.5	45.3	4.9	140.8	611.1	49.0	.0	.0	
73.0	48.6	5.4	173.3	580.5	73.0	.0	.0	
68.3	52.9	9.3	205.0	610.6	80.0	.0	.0	
60.6	57.2	7.2	172.1	210.7	98.0	31.0	.0	
63.2	56.0	7.1	172.9	339.4	95.0	1.0	.0	
   8    31    1985
65.3	54.6	6.7	184.6	385.6	75.0	.0	.0	
66.4	54.4	4.9	144.6	467.2	56.0	.0	.0	
69.8	56.4	7.1	254.6	649.2	16.0	.0	.0	
67.6	52.2	6.8	228.8	596.2	32.0	.0	.0	
65.8	48.1	4.7	165.4	646.6	2.0	.0	.0	
65.8	50.4	6.4	167.9	567.8	37.0	.0	.0	
61.8	51.7	11.5	212.1	278.0	93.0	6.0	.0	
63.3	52.2	10.2	202.1	410.5	73.0	12.0	.0	
62.9	50.7	9.0	184.6	549.2	40.0	.0	.0	
63.3	46.7	8.9	179.6	475.6	49.0	.0	.0	
65.6	47.6	6.7	199.6	597.6	4.0	.0	.0	
65.8	53.3	6.6	188.8	526.5	21.0	.0	.0	
72.5	47.2	6.9	199.6	610.7	5.0	.0	.0	
71.8	45.5	5.5	189.2	582.7	48.0	.0	.0	
67.4	51.6	4.3	141.3	617.9	2.0	.0	.0	
72.0	48.8	6.8	161.3	582.2	2.0	.0	.0	
67.7	51.7	6.7	180.0	573.8	8.0	.0	.0	
61.7	53.4	6.7	197.9	286.1	90.0	.0	.0	
60.9	47.6	7.2	261.7	273.5	98.0	.0	.0	
60.4	46.2	5.8	216.7	387.8	61.0	.0	.0	
59.7	46.2	6.8	113.8	493.5	26.0	.0	.0	
65.2	48.0	4.8	80.0	584.7	2.0	.0	.0	
71.2	49.5	5.0	207.5	499.5	59.0	.0	.0	
71.8	56.3	4.2	145.4	321.2	91.0	.0	.0	
71.1	51.6	5.0	165.4	560.9	13.0	.0	.0	
67.5	41.5	6.0	189.6	531.7	31.0	.0	.0	
58.6	47.1	6.8	201.3	475.2	59.0	.0	.0	
58.3	44.5	4.2	160.0	472.7	34.0	.0	.0	
60.4	45.8	7.8	177.9	526.7	24.0	.0	.0	
61.1	48.5	10.2	192.9	424.1	43.0	2.0	.0	
60.1	47.0	4.7	191.3	495.2	60.0	.0	.0	
   9    30    1985
58.8	51.9	6.1	205.4	226.6	95.0	8.0	.0	
60.2	50.3	5.1	147.1	419.4	40.0	.0	.0	
61.3	49.6	5.3	214.2	535.1	2.0	.0	.0	
63.7	52.7	5.9	248.3	346.2	95.0	.0	.0	
63.3	56.6	12.4	186.7	249.3	98.0	.0	.0	
60.0	46.4	7.2	202.9	383.5	52.0	1.0	.0	
56.2	46.1	6.4	187.9	400.2	55.0	.0	.0	
55.5	45.9	4.7	176.7	298.9	78.0	.0	.0	
54.1	48.4	5.3	162.9	274.7	96.0	.0	.0	
56.0	50.5	7.6	206.7	286.8	84.0	18.0	.0	
55.6	48.2	8.9	157.5	301.3	81.0	10.0	.0	
56.2	52.1	10.3	160.8	183.2	98.0	45.0	.0	
58.6	52.0	10.3	155.8	292.3	71.0	11.0	.0	
55.9	52.6	7.3	154.2	180.2	97.0	21.0	.0	
57.2	48.9	4.1	146.7	406.0	45.0	.0	.0	
54.0	49.4	8.3	174.6	227.2	80.0	5.0	.0	
55.0	47.5	7.5	205.8	267.1	79.0	6.0	.0	
51.7	45.4	4.4	94.2	384.6	35.0	.0	.0	
55.9	46.3	5.4	189.6	292.2	59.0	.0	.0	
56.1	47.5	2.9	101.3	369.2	73.0	.0	.0	
60.9	50.2	4.9	178.3	307.9	64.0	.0	.0	
57.4	47.9	5.9	217.9	329.2	37.0	.0	.0	
59.8	44.5	6.6	164.6	368.3	51.0	.0	.0	
61.0	48.4	5.1	95.8	458.3	9.0	.0	.0	
66.0	42.8	6.1	195.8	419.9	17.0	.0	.0	
61.1	44.0	2.6	85.0	389.3	53.0	.0	.0	
58.3	40.7	6.2	149.2	397.0	2.0	.0	.0	
56.4	28.0	8.9	194.6	419.2	43.0	.0	.0	
55.8	25.7	6.7	156.3	393.2	6.0	.0	.0	
53.4	32.2	4.6	145.0	410.0	23.0	.0	.0	
  10    31    1985
56.6	40.8	4.1	169.2	205.9	76.0	.0	.0	
62.3	50.7	5.1	173.8	289.2	68.0	.0	.0	
59.4	45.1	8.0	189.6	376.2	49.0	.0	.0	
60.7	37.6	7.0	224.6	346.8	50.0	.0	.0	
58.3	41.4	3.4	155.0	339.2	41.0	.0	.0	
55.0	46.8	5.8	200.8	158.1	65.0	.0	.0	
51.1	36.6	6.4	203.8	316.6	63.0	6.0	.0	
43.0	22.4	8.1	144.2	371.5	2.0	.0	.0	
44.6	23.0	5.2	140.4	346.8	38.0	.0	.0	
50.2	36.3	5.0	116.7	171.3	91.0	12.0	.0	
52.9	44.7	10.2	205.8	262.8	67.0	6.0	.0	
49.2	42.2	4.9	172.1	284.2	69.0	.0	.0	
45.6	39.4	3.6	116.7	311.1	32.0	.0	.0	
51.6	44.6	4.8	148.8	196.2	45.0	.0	.0	
52.5	49.5	2.8	135.8	186.2	67.0	.0	.0	
53.1	46.2	6.4	140.8	234.7	62.0	3.0	.0	
46.8	39.5	3.4	93.3	315.0	8.0	.0	.0	
48.7	41.7	2.7	98.8	266.2	33.0	.0	.0	
53.1	51.0	10.3	146.7	98.4	98.0	30.0	.0	
51.9	48.2	11.1	167.9	99.7	98.0	83.0	.0	
48.2	43.3	14.3	165.8	130.8	97.0	32.0	.0	
51.3	48.2	14.9	181.3	106.7	98.0	68.0	.0	
54.3	51.7	8.8	177.5	136.6	98.0	5.0	.0	
57.3	52.8	13.8	186.7	117.0	98.0	11.0	.0	
50.5	43.3	7.7	139.6	193.4	70.0	25.0	.0	
55.9	49.8	13.2	165.4	140.9	98.0	.0	.0	
54.5	48.8	12.9	170.8	168.2	77.0	18.0	.0	
44.2	36.3	6.7	176.7	199.6	68.0	.0	.0	
41.6	35.4	4.6	173.3	225.4	68.0	.0	.0	
44.4	40.9	9.4	182.9	117.6	79.0	18.0	.0	
44.6	41.2	11.0	166.3	110.8	93.0	.0	.0	
  11    30    1985
54.7	48.4	15.5	177.9	116.8	98.0	.0	.0	
58.6	52.0	12.6	187.1	164.5	94.0	.0	.0	
58.1	51.5	8.0	177.9	180.3	98.0	.0	.0	
46.9	44.9	6.9	196.3	77.6	83.0	55.0	.0	
46.3	42.2	14.2	171.7	130.1	97.0	.0	.0	
50.8	48.5	12.7	174.2	91.2	98.0	10.0	.0	
49.4	47.4	9.6	196.7	78.1	93.0	127.0	.0	
41.8	39.6	9.2	170.4	86.3	79.0	37.0	.0	
38.3	35.5	13.2	174.2	89.5	84.0	44.0	.0	
35.2	27.8	8.1	245.0	199.7	54.0	.0	.0	
31.9	20.4	7.7	210.4	229.1	2.0	.0	.0	
32.3	19.5	6.7	250.8	214.3	2.0	.0	.0	
31.3	24.6	2.1	79.6	215.6	2.0	.0	.0	
33.7	28.4	2.5	73.8	172.0	58.0	30.0	.0	
44.2	42.7	6.9	156.3	68.0	89.0	50.0	.0	
45.0	40.0	8.0	211.3	147.1	83.0	19.0	.0	
39.0	33.9	11.7	230.0	143.1	81.0	24.0	.0	
37.3	33.1	7.8	161.7	128.3	72.0	.0	.0	
38.0	35.6	9.6	167.5	65.5	83.0	17.0	.0	
35.5	32.5	6.5	195.8	98.1	80.0	11.0	.0	
34.5	30.6	9.3	160.4	68.2	98.0	43.0	.0	
27.1	21.8	8.8	189.6	162.5	37.0	.0	10.2	
20.0	12.3	9.5	323.3	173.0	42.0	.0	.0	
18.3	10.3	7.6	302.1	122.0	28.0	.0	.0	
29.9	25.0	6.8	137.5	75.7	97.0	.0	.0	
34.5	31.1	2.4	82.9	81.6	98.0	.0	.0	
36.8	32.2	11.9	168.3	98.0	87.0	.0	.0	
25.6	15.1	12.6	253.8	74.3	98.0	.0	.0	
21.6	10.2	10.3	181.7	96.7	81.0	.0	.0	
23.1	18.2	7.4	287.9	81.7	98.0	.0	25.4	
  12    31    1985
22.5	17.1	11.9	334.6	102.3	98.0	.0	109.2	
32.5	25.9	13.9	266.3	67.2	98.0	50.0	.0	
41.8	39.3	7.5	142.9	58.6	92.0	7.0	.0	
38.3	37.6	3.6	132.9	96.0	98.0	3.0	.0	
44.9	42.5	7.2	137.9	91.3	98.0	13.0	.0	
46.7	45.1	7.0	125.0	84.3	93.0	81.0	.0	
45.1	42.4	10.7	174.6	48.4	93.0	48.0	.0	
41.1	37.5	8.3	131.7	139.4	68.0	2.0	.0	
34.4	33.0	6.6	168.8	96.4	85.0	.0	.0	
34.2	23.6	8.9	201.3	139.1	23.0	.0	.0	
28.8	18.9	4.2	198.3	145.1	13.0	.0	.0	
27.9	21.2	3.2	112.9	158.4	12.0	.0	.0	
27.7	24.1	2.9	83.8	139.5	11.0	.0	.0	
28.8	25.9	2.0	50.0	137.7	44.0	.0	.0	
32.4	28.3	3.2	109.6	134.0	46.0	.0	.0	
31.1	27.2	2.5	89.6	140.4	61.0	.0	.0	
30.7	26.3	2.9	89.2	154.6	15.0	.0	.0	
29.6	24.6	3.5	139.6	149.7	30.0	.0	.0	
28.3	22.6	3.5	146.7	132.8	41.0	.0	.0	
26.9	21.3	3.1	118.8	132.0	29.0	.0	.0	
27.6	21.6	3.4	160.4	163.6	15.0	.0	.0	
31.0	22.0	5.5	242.9	151.8	8.0	.0	.0	
32.5	22.8	8.9	266.7	156.4	7.0	.0	.0	
33.1	23.0	7.8	281.3	153.7	2.0	.0	.0	
28.7	20.7	4.4	154.6	143.0	2.0	.0	.0	
26.1	18.5	3.8	204.2	158.0	9.0	.0	.0	
25.1	19.2	4.1	200.4	126.7	79.0	.0	.0	
27.6	21.3	2.8	92.1	72.1	76.0	.0	.0	
30.5	22.6	3.3	197.1	144.6	72.0	.0	.0	
28.0	22.4	4.0	116.7	137.6	63.0	.0	.0	
36.7	29.8	6.4	133.3	73.6	98.0	4.0	.0	
