01	31	1997
57.2	55.1	10.7	178.3	85.2	24.1	0	0.0
61.1	50.5	14.0	178.2	216.5	100.0	1	0.0
65.7	53.4	18.4	177.1	203.8	87.7	0	0.0
56.0	35.9	15.5	298.8	215.3	84.4	0	0.0
39.3	21.9	14.0	329.2	214.8	66.7	0	0.0
32.0	14.0	13.7	240.8	213.4	54.2	0	0.0
33.5	11.5	7.6	58.8	101.5	27.1	0	0.0
32.7	24.3	8.6	151.7	78.0	3.1	0	0.0
32.3	26.0	11.4	278.1	224.3	67.0	8	12.7
24.1	10.5	17.3	271.2	179.1	52.1	0	0.0
17.1	2.5	12.8	280.1	122.7	18.1	0	0.0
13.2	5.8	13.9	136.5	98.2	5.0	0	0.0
15.8	5.8	10.0	55.0	80.7	4.2	0	0.0
22.4	15.6	11.0	126.2	81.3	0.0	0	0.0
33.3	23.6	16.8	244.5	224.8	58.3	0	0.0
22.2	5.9	13.8	312.1	236.0	100.0	0	0.0
24.4	9.2	8.8	222.9	238.0	100.0	0	0.0
32.0	18.0	10.0	157.9	240.1	100.0	0	0.0
46.2	29.8	4.6	161.7	242.2	100.0	0	0.0
48.5	35.2	10.3	165.0	244.4	100.0	0	0.0
57.8	47.9	19.9	183.5	219.2	54.2	0	0.0
47.6	31.2	8.2	207.9	249.1	100.0	0	0.0
50.0	37.1	14.2	135.4	233.0	81.6	0	0.0
44.5	34.5	13.4	257.5	253.6	67.7	0	0.0
32.0	18.7	11.2	139.2	256.6	100.0	0	0.0
46.4	31.7	15.8	211.2	259.2	99.0	0	0.0
23.4	14.8	22.2	332.3	91.7	39.1	0	0.0
18.6	0.6	11.2	229.7	264.7	100.0	0	0.0
31.4	6.0	7.7	205.4	267.6	100.0	0	0.0
39.9	17.5	8.8	206.2	270.5	100.0	0	0.0
48.9	24.8	8.0	210.0	273.4	100.0	0	0.0
02	28	1997
52.2	29.5	6.4	145.8	276.5	100.0	0	0.0
50.8	33.0	11.8	203.8	279.6	100.0	0	0.0
51.0	39.8	8.0	230.4	282.2	92.7	0	0.0
43.2	28.3	16.1	315.4	285.9	100.0	0	0.0
38.5	27.5	8.6	55.8	289.2	79.2	0	0.0
35.4	32.2	7.8	65.0	102.4	0.0	9	14.8
34.4	31.7	13.7	291.5	103.5	0.0	2	5.1
29.5	22.7	10.1	341.7	114.6	4.7	0	0.0
32.3	25.2	5.1	163.3	106.0	0.0	0	0.0
34.9	29.1	4.4	149.9	141.9	41.0	0	0.0
39.3	30.9	9.2	132.1	310.0	78.1	0	0.0
37.0	26.4	14.6	90.8	109.8	5.2	0	0.0
36.0	28.2	10.5	214.6	125.7	1.4	0	0.0
39.9	29.8	9.0	303.0	311.6	59.7	0	0.0
45.6	27.4	13.5	219.9	325.1	100.0	0	0.0
48.0	30.8	7.5	172.5	329.0	100.0	0	0.0
53.0	33.8	17.9	167.9	333.0	100.0	0	0.0
56.0	44.4	18.9	170.2	218.9	76.0	0	0.0
57.4	52.3	8.3	113.2	119.3	8.3	8	0.0
57.2	55.9	11.1	144.7	177.9	19.4	73	0.0
42.6	36.6	20.4	327.0	162.4	26.0	4	0.0
42.3	29.7	4.9	161.2	351.5	99.0	0	0.0
45.7	29.7	9.2	139.2	330.2	72.9	0	0.0
46.2	32.1	11.4	189.2	210.1	30.2	0	0.0
37.0	32.3	10.7	296.6	128.0	1.0	0	0.0
40.8	38.4	8.9	245.1	172.9	5.2	9	0.0
40.7	32.9	9.9	192.1	339.4	53.6	0	0.0
50.1	45.7	14.3	145.3	212.3	70.4	0	0.0
03	31	1997
50.4	45.0	13.0	299.8	193.8	53.0	0	0.0
42.0	27.0	12.2	208.3	136.1	30.2	0	0.0
48.0	31.8	9.4	163.8	381.1	88.5	0	0.0
49.0	38.3	12.3	242.5	380.5	71.9	0	0.0
40.4	25.7	15.2	299.6	398.0	74.0	0	0.0
45.7	26.7	9.5	171.7	397.3	88.5	0	0.0
51.9	33.0	14.0	162.5	236.3	38.5	0	0.0
53.2	52.3	11.0	144.6	192.5	53.1	0	0.0
60.1	48.5	17.9	281.5	278.7	34.4	0	0.0
52.8	33.1	7.5	217.5	406.4	76.0	0	0.0
60.3	43.0	7.2	191.2	282.9	52.1	0	0.0
58.1	47.6	9.1	139.1	204.8	9.9	0	0.0
53.2	49.8	12.4	281.6	152.2	2.1	0	0.0
35.0	15.4	20.6	291.7	238.9	29.4	0	0.0
37.0	15.8	10.0	66.2	425.1	74.0	0	0.0
44.1	28.2	16.5	140.2	156.8	9.4	0	0.0
56.8	52.4	17.8	174.3	182.7	6.2	0	0.0
54.0	47.6	20.8	305.1	159.9	1.0	0	0.0
44.7	36.1	12.8	302.9	303.9	42.7	0	0.0
57.9	38.5	6.0	218.8	452.4	85.4	0	0.0
69.8	41.4	14.5	204.2	459.9	83.3	0	0.0
57.8	27.0	14.3	30.8	372.3	75.0	0	0.0
58.1	34.6	8.2	118.8	301.8	44.8	0	0.0
66.2	51.7	20.9	165.1	236.6	17.5	0	0.0
50.7	32.5	19.0	224.3	460.4	53.3	1	0.0
50.4	30.1	4.7	155.6	478.2	89.6	0	0.0
60.5	43.6	18.3	171.7	375.9	40.6	0	0.0
61.0	35.7	16.0	254.6	498.4	90.6	0	0.0
60.8	39.1	16.5	162.0	492.7	73.4	0	0.0
52.8	33.4	14.2	269.2	487.2	65.6	0	0.0
54.2	31.9	10.4	148.3	420.6	51.0	0	0.0
04	30	1997
57.5	41.9	15.8	151.9	207.7	10.4	0	0.0
61.6	52.6	11.4	141.2	227.1	18.8	0	0.0
62.4	51.8	12.1	129.6	189.5	2.1	4	0.0
60.8	59.3	13.3	133.7	185.8	0.1	35	0.0
60.9	44.9	18.4	206.8	522.8	60.8	1	0.0
48.0	27.4	14.4	282.5	474.1	74.0	0	0.0
53.5	33.2	11.0	119.4	349.7	35.4	0	0.0
44.4	39.7	17.3	75.9	190.1	2.1	12	0.0
44.0	37.9	12.1	77.4	191.4	4.2	0	0.0
57.4	49.1	17.5	154.4	350.5	15.1	0	0.0
36.6	32.5	22.3	306.1	193.9	0.0	54	0.0
33.2	22.2	18.2	325.0	447.8	42.7	0	0.0
39.8	24.3	6.7	272.5	473.0	78.1	0	0.0
47.9	31.4	8.1	158.3	556.5	92.7	0	0.0
56.0	39.6	13.1	163.3	524.2	81.2	0	0.0
55.3	47.0	10.4	89.0	241.7	30.0	6	0.0
56.8	41.9	7.0	130.4	563.2	87.5	0	0.0
62.6	47.9	14.4	201.2	363.6	42.7	0	0.0
64.7	50.8	6.7	196.7	577.7	72.9	0	0.0
69.7	53.6	12.9	219.6	469.8	40.6	0	0.0
66.4	51.5	9.7	132.1	258.4	32.3	0	0.0
60.4	47.0	13.8	242.5	334.9	29.2	8	0.0
55.0	42.4	12.1	241.9	301.8	38.2	0	0.0
50.3	43.1	12.1	83.3	209.4	0.0	9	0.0
49.3	46.6	13.8	43.3	247.0	5.6	36	0.0
51.1	48.5	13.2	66.7	218.0	0.3	24	0.0
54.7	45.9	14.1	285.6	351.4	24.0	3	0.0
57.4	43.0	5.8	188.8	504.0	76.0	0	0.0
64.4	51.5	14.8	137.5	561.2	71.9	0	0.0
62.2	49.0	14.3	255.8	319.1	63.0	0	0.0
05	31	1997
61.8	46.5	16.9	151.2	510.8	59.4	0	0.0
62.1	50.0	17.7	268.2	498.8	45.8	53	0.0
55.3	41.0	10.8	280.4	612.8	82.3	0	0.0
61.0	44.9	11.4	148.3	328.5	43.8	0	0.0
69.3	53.1	10.9	222.1	526.8	53.1	0	0.0
70.9	59.4	11.4	112.5	505.7	54.2	0	0.0
70.9	64.1	15.0	170.1	249.7	16.0	14	0.0
67.6	59.5	12.6	115.8	354.9	19.3	20	0.0
60.5	42.0	11.7	147.9	345.1	35.4	3	0.0
59.2	41.5	5.8	182.5	619.6	83.3	0	0.0
64.0	48.5	10.2	176.5	404.6	39.1	0	0.0
58.7	41.9	9.0	165.4	487.8	36.5	2	0.0
67.3	50.0	17.0	213.8	644.5	86.5	0	0.0
70.5	48.5	9.8	148.3	597.7	62.5	0	0.0
67.4	48.8	6.8	88.3	496.7	63.5	0	0.0
68.7	52.2	6.7	135.8	654.2	81.2	0	0.0
75.4	62.7	13.0	191.7	634.7	70.8	0	0.0
76.6	63.7	17.2	179.6	543.2	71.9	0	0.0
63.8	57.2	14.6	136.3	231.8	9.4	40	0.0
64.4	53.0	10.8	72.9	305.6	31.2	0	0.0
66.7	54.5	9.4	86.2	438.5	14.6	0	0.0
66.6	56.5	10.7	131.7	337.9	20.8	0	0.0
68.0	63.2	10.9	145.7	273.4	15.1	0	0.0
72.7	65.1	9.1	166.5	402.9	24.2	0	0.0
70.3	66.1	13.8	151.4	351.6	22.2	46	0.0
75.5	68.9	9.0	217.5	541.0	42.2	0	0.0
68.9	59.2	14.3	273.1	562.6	38.2	0	0.0
63.4	53.3	7.4	238.8	540.9	58.3	0	0.0
68.7	58.9	10.3	140.7	419.3	34.4	1	0.0
68.4	62.1	12.5	217.8	295.0	26.2	23	0.0
68.5	54.4	8.5	225.8	627.9	76.0	0	0.0
06	30	1997
70.0	54.8	3.2	60.4	642.8	77.1	0	0.0
69.5	53.7	5.3	90.4	294.7	40.6	0	0.0
67.9	59.7	5.2	155.0	271.7	44.8	1	0.0
68.7	61.0	8.3	153.1	491.9	60.8	3	0.0
69.6	55.0	6.6	174.8	440.8	58.3	0	0.0
70.8	56.3	5.0	102.1	457.3	60.4	0	0.0
73.5	60.6	4.8	147.5	558.0	49.0	0	0.0
72.0	64.2	6.0	107.5	308.9	12.5	0	0.0
69.0	64.0	11.3	68.5	241.4	1.3	14	0.0
70.1	63.8	6.5	123.7	269.1	14.7	0	0.0
70.9	66.2	8.1	141.9	439.2	49.7	39	0.0
78.8	68.6	11.6	146.8	662.9	52.1	0	0.0
74.1	64.3	6.8	114.4	619.7	48.7	92	0.0
77.3	65.5	4.9	101.7	602.1	60.4	0	0.0
76.7	68.7	9.9	161.6	463.7	27.1	0	0.0
77.8	66.1	7.8	191.7	661.2	58.6	0	0.0
72.0	63.3	7.3	155.6	482.2	40.1	1	0.0
75.8	64.6	6.5	151.0	675.0	87.8	0	0.0
80.2	70.1	11.9	166.2	668.4	82.3	0	0.0
83.3	73.7	16.3	170.0	670.0	86.5	0	0.0
80.9	70.7	14.3	172.3	546.9	55.2	0	0.0
74.5	66.8	12.1	146.0	383.4	31.2	1	0.0
76.3	69.8	16.9	156.9	406.1	28.8	2	0.0
79.4	70.6	18.5	171.5	578.7	58.9	0	0.0
79.8	68.6	10.5	177.7	581.7	50.0	0	0.0
76.3	66.2	7.1	110.7	521.9	47.2	0	0.0
80.0	69.1	7.8	170.4	478.2	43.8	0	0.0
78.0	71.3	8.8	156.9	437.2	30.7	0	0.0
81.2	72.1	13.3	158.5	665.6	66.4	0	0.0
80.9	70.2	14.6	150.0	618.6	66.7	0	0.0
07	31	1997
84.4	71.3	15.5	178.8	687.8	95.8	0	0.0
85.8	70.5	10.5	201.2	675.0	91.7	0	0.0
84.5	70.7	12.6	197.2	671.4	84.0	0	0.0
70.0	58.0	13.0	120.2	473.8	41.9	42	0.0
71.5	58.0	5.7	100.4	664.2	68.8	0	0.0
74.6	65.7	6.6	121.7	440.8	30.2	0	0.0
74.7	68.0	9.9	148.4	447.9	62.8	0	0.0
83.1	69.4	12.1	174.6	659.7	79.2	0	0.0
81.6	69.4	9.2	159.2	487.4	59.4	0	0.0
79.2	70.6	10.0	173.0	473.0	41.7	3	0.0
80.9	70.1	11.8	151.2	402.7	38.5	0	0.0
83.5	68.9	13.4	167.5	658.9	77.1	0	0.0
84.8	69.8	12.5	173.3	662.5	77.1	0	0.0
84.8	69.0	6.7	161.7	600.9	64.6	0	0.0
80.9	70.2	6.5	172.1	387.8	40.6	0	0.0
82.1	67.5	9.7	164.2	635.0	69.8	0	0.0
84.1	69.2	11.2	147.1	431.1	37.5	0	0.0
76.0	69.2	11.5	128.3	369.7	15.6	33	0.0
78.1	70.6	11.1	117.5	236.9	2.1	7	0.0
82.6	71.0	8.6	145.8	481.5	41.7	0	0.0
80.0	71.3	6.4	167.6	443.3	22.4	39	0.0
81.8	70.9	4.7	141.2	495.7	42.7	0	0.0
84.8	71.2	4.7	100.4	601.0	76.0	0	0.0
85.2	69.9	7.7	165.4	570.2	75.0	0	0.0
84.6	70.8	9.0	164.6	640.8	86.5	0	0.0
83.9	69.4	8.3	158.3	643.6	85.4	0	0.0
85.0	70.6	8.3	161.2	647.3	92.7	0	0.0
85.2	71.3	7.9	154.2	576.8	69.8	0	0.0
80.6	72.8	10.4	46.5	332.1	22.1	0	0.0
78.8	66.7	11.0	57.7	552.3	64.1	0	0.0
78.0	63.2	7.2	81.9	634.0	88.0	0	0.0
08	31	1997
79.8	65.8	6.8	140.0	637.8	91.7	0	0.0
79.6	66.3	8.5	131.2	589.8	71.9	0	0.0
80.9	67.2	6.5	161.7	394.2	41.7	0	0.0
84.5	68.5	5.1	117.1	545.0	47.9	0	0.0
83.5	66.5	10.0	100.8	541.3	59.4	0	0.0
69.7	61.4	13.2	57.1	230.4	8.6	12	0.0
63.3	57.5	8.8	60.6	224.4	0.0	19	0.0
67.3	57.1	4.1	108.9	252.5	26.6	0	0.0
75.7	66.6	9.7	156.5	605.9	78.1	0	0.0
80.6	72.4	8.7	131.3	326.7	18.5	0	0.0
77.5	71.8	7.3	154.9	226.2	14.1	7	0.0
79.6	72.1	7.5	214.7	274.4	31.2	2	0.0
77.0	67.5	9.0	59.3	371.3	25.3	16	0.0
80.3	70.8	11.7	181.8	470.6	46.5	0	0.0
86.1	69.0	17.6	182.5	595.0	79.2	0	0.0
85.4	72.2	17.2	167.1	452.5	66.7	0	0.0
82.2	73.3	12.7	110.3	460.1	30.7	4	0.0
78.5	73.0	9.4	105.6	273.7	12.3	0	0.0
78.8	73.2	9.4	186.9	396.5	41.0	15	0.0
80.4	73.2	6.9	113.3	499.0	68.8	0	0.0
78.1	66.0	8.1	86.2	560.9	76.0	0	0.0
73.7	66.5	10.1	118.2	492.6	57.8	44	0.0
73.9	66.8	3.7	93.8	437.2	67.1	0	0.0
75.0	66.7	6.8	171.7	569.3	85.4	0	0.0
74.4	63.4	8.9	166.2	565.6	84.4	0	0.0
75.7	63.9	7.6	156.7	512.4	70.8	0	0.0
76.7	64.2	8.6	157.1	509.7	70.8	0	0.0
78.4	64.3	8.6	159.6	568.9	92.7	0	0.0
80.3	66.3	9.5	160.0	564.5	91.7	0	0.0
81.6	66.8	9.2	176.2	549.7	82.3	0	0.0
79.0	67.2	6.8	150.8	280.2	32.3	0	0.0
09	30	1997
82.9	67.9	7.2	131.7	531.6	70.8	0	0.0
82.9	67.1	5.7	152.9	514.3	72.9	0	0.0
76.7	70.8	13.7	127.8	215.4	16.7	0	0.0
72.3	63.2	8.3	101.0	315.6	29.7	0	0.0
72.7	62.7	7.5	137.5	372.8	65.6	0	0.0
75.3	59.7	9.4	151.2	439.8	68.8	0	0.0
79.2	62.2	9.8	164.6	514.6	72.9	0	0.0
82.6	65.5	8.1	165.3	508.5	62.5	4	0.0
76.5	64.1	11.2	257.9	356.6	62.5	0	0.0
70.8	51.9	7.6	202.9	515.4	84.4	0	0.0
69.8	50.2	7.9	130.4	517.3	85.4	0	0.0
76.3	59.0	13.5	147.1	466.1	63.5	0	0.0
79.9	68.4	12.3	157.1	376.9	37.5	2	0.0
80.2	67.9	8.0	188.3	357.1	42.7	0	0.0
81.3	68.2	11.2	165.6	486.6	80.2	0	0.0
83.2	66.6	13.2	165.4	414.7	72.9	0	0.0
83.8	68.0	12.2	148.8	456.5	71.9	0	0.0
85.8	66.7	18.0	164.2	482.1	86.5	0	0.0
84.7	66.5	14.3	178.3	478.0	77.1	0	0.0
69.5	56.5	15.8	212.5	360.6	45.8	0	0.0
64.8	57.2	8.9	37.1	171.5	8.8	0	0.0
70.8	64.8	10.5	117.0	170.1	1.0	7	0.0
67.3	66.3	11.7	131.5	168.6	0.0	29	0.0
63.7	61.3	12.6	317.0	167.1	0.0	0	0.0
63.2	57.6	8.7	288.0	221.2	35.2	0	0.0
65.8	58.8	4.3	142.9	355.1	52.9	0	0.0
71.4	57.5	11.5	157.5	462.1	85.4	0	0.0
69.3	50.6	10.6	91.2	323.2	54.2	0	0.0
69.6	52.3	4.3	115.0	456.1	100.0	0	0.0
75.7	61.7	8.9	83.3	447.5	94.8	0	0.0
10	31	1997
76.2	60.5	11.5	117.9	429.2	76.0	0	0.0
77.4	61.3	11.8	166.7	430.4	82.3	0	0.0
77.8	59.2	14.6	171.2	427.5	87.5	0	0.0
74.6	60.2	10.6	159.2	420.9	82.3	0	0.0
73.0	61.1	11.7	157.5	419.2	92.7	0	0.0
74.5	64.8	11.4	150.4	291.7	50.0	0	0.0
69.6	66.3	11.4	152.4	181.0	12.5	6	0.0
73.7	69.9	14.2	159.3	190.0	17.4	7	0.0
68.6	65.4	9.5	135.9	164.6	15.3	0	0.0
73.6	68.9	9.2	134.2	233.2	23.3	0	0.0
70.7	68.1	15.4	139.7	175.6	10.5	23	0.0
64.4	60.7	19.8	204.1	142.8	18.8	78	0.0
53.4	40.5	11.0	271.2	389.2	93.8	0	0.0
56.4	43.7	6.7	201.7	390.9	96.9	0	0.0
60.4	45.0	5.4	178.8	371.4	81.2	0	0.0
58.9	49.8	8.1	286.2	356.9	75.0	0	0.0
56.4	48.3	7.4	124.4	354.2	74.0	0	0.0
56.9	48.1	10.7	145.8	374.5	96.9	0	0.0
58.5	51.5	11.1	206.2	370.4	89.6	0	0.0
56.2	49.6	12.0	189.9	229.0	29.7	0	0.0
51.2	40.6	10.3	106.6	225.7	38.5	17	0.0
49.5	42.0	6.9	108.3	356.2	95.8	0	0.0
53.1	52.2	11.7	142.4	123.9	29.9	32	0.0
57.1	54.6	8.7	105.2	122.5	12.5	0	0.0
52.0	44.4	18.0	159.9	206.2	41.1	0	0.0
39.2	30.4	22.6	311.2	119.7	1.6	0	0.0
41.2	31.4	7.6	208.3	320.2	57.8	0	0.0
49.7	38.1	10.7	156.7	189.5	37.5	0	0.0
51.4	48.1	10.3	146.9	153.6	55.4	0	0.0
63.9	55.5	13.1	177.8	188.5	26.7	0	0.0
61.1	46.4	8.1	218.3	312.4	70.8	0	0.0
11	30	1997
57.6	38.0	15.0	323.8	305.6	71.9	0	0.0
52.5	30.5	16.7	300.4	307.2	91.7	0	0.0
49.8	28.2	12.9	248.8	300.6	78.1	0	0.0
53.6	40.5	8.7	138.8	237.8	56.2	0	0.0
53.3	40.5	16.0	316.2	292.9	83.3	0	0.0
39.2	31.7	10.7	264.8	188.4	66.7	0	0.0
42.1	34.2	6.8	121.7	296.8	99.0	0	0.0
49.8	40.0	11.0	137.9	221.5	54.2	0	0.0
44.1	41.4	12.1	272.3	101.5	17.2	4	0.0
37.2	29.0	14.0	328.5	235.0	46.9	1	0.0
36.8	26.2	5.2	88.8	177.8	44.8	0	0.0
39.1	32.0	9.8	45.1	119.7	3.0	0	0.0
40.4	38.0	6.9	172.6	97.1	2.1	5	0.0
34.1	24.2	14.3	308.2	98.4	5.2	6	0.0
31.4	20.2	11.7	319.6	262.6	80.2	0	0.0
31.0	18.6	4.3	179.6	268.2	99.0	0	0.0
36.1	25.1	11.8	162.1	217.7	67.7	0	0.0
41.2	32.8	6.0	177.9	262.9	99.0	0	0.0
46.0	37.4	9.4	180.0	208.5	75.0	0	0.0
47.7	43.1	10.9	139.4	90.1	27.6	0	0.0
45.4	38.4	8.2	226.5	212.3	44.0	0	0.0
47.9	39.8	3.3	110.0	211.8	33.3	0	0.0
48.9	37.4	7.5	146.2	216.9	68.8	0	0.0
51.5	40.2	13.8	153.3	243.0	94.8	0	0.0
55.3	48.0	14.6	167.4	197.1	49.8	0	0.0
53.9	38.2	12.3	161.3	148.5	32.6	0	0.0
60.3	50.9	15.4	147.2	84.3	0.0	0	0.0
59.3	52.8	8.4	162.3	161.3	38.0	2	0.0
46.5	43.0	11.8	303.8	82.9	19.1	0	0.0
47.0	38.5	16.7	334.8	82.2	0.0	0	0.0
12	31	1997
46.8	39.5	7.9	161.5	81.6	0.0	0	0.0
45.5	44.5	7.3	94.8	80.9	0.0	11	0.0
38.1	33.3	14.7	299.9	105.4	25.5	0	0.0
36.2	25.5	12.4	287.9	227.9	97.9	0	0.0
29.5	18.5	9.0	313.8	209.8	81.2	0	0.0
31.8	20.8	4.8	228.8	127.5	39.6	0	0.0
37.2	30.5	13.8	133.6	78.2	0.0	13	0.0
41.1	39.7	6.4	142.5	77.8	0.0	0	0.0
44.0	37.0	18.7	227.9	191.5	32.5	0	0.0
34.4	27.4	14.5	337.6	77.0	2.1	0	0.0
32.3	28.0	14.4	343.7	76.6	0.0	0	0.0
28.7	21.7	9.0	280.8	76.2	18.8	0	0.0
30.6	23.8	7.5	268.1	209.5	88.5	0	0.0
39.5	27.0	6.1	243.8	207.8	85.4	0	0.0
43.5	28.5	11.1	157.1	208.1	85.4	0	0.0
43.0	30.2	12.9	278.8	209.5	89.6	0	0.0
41.9	27.6	7.9	203.3	206.1	86.5	0	0.0
47.1	30.0	12.4	154.6	188.9	63.5	0	0.0
49.7	33.2	12.8	233.8	199.5	74.0	0	0.0
37.2	33.2	17.1	102.5	74.5	8.3	13	0.0
37.1	35.7	14.2	260.0	89.9	12.5	30	0.0
36.8	32.7	10.4	253.9	75.5	4.2	0	0.0
37.2	35.2	13.3	56.0	89.7	4.2	70	0.0
35.4	33.0	13.6	308.2	74.4	4.2	4	5.1
36.7	31.1	10.4	317.6	74.4	0.0	0	0.0
35.6	28.2	12.7	319.4	161.4	47.4	0	0.0
34.9	26.2	9.6	222.1	213.1	94.8	0	0.0
36.2	29.0	18.7	291.2	78.5	20.3	0	0.0
39.2	26.1	14.0	299.6	199.5	85.4	0	0.0
43.7	27.0	13.8	279.2	198.1	74.0	0	0.0
38.9	26.1	9.1	193.8	208.4	88.5	0	0.0
