01	31	2015
29.3	21.1	4.8	172.4	111.1	14.6	0	0.0
34.3	30.8	3.5	88.8	108.1	10.8	19	5.5
38.0	34.1	8.0	207.1	107.0	13.7	8	0.0
23.5	9.2	16.4	263.2	212.8	71.3	0	0.0
29.2	13.5	11.1	139.6	212.3	74.5	0	0.0
35.9	20.6	9.3	145.0	209.1	76.6	0	0.0
23.3	5.8	18.4	108.5	164.6	59.4	0	0.0
23.0	4.7	11.6	167.9	181.1	76.6	0	0.0
28.2	6.4	12.2	182.1	197.1	65.6	0	0.0
30.1	7.4	12.4	167.1	123.1	29.2	0	0.0
35.2	31.4	9.8	149.4	115.3	16.3	1	0.0
32.2	23.0	14.7	263.2	113.9	22.0	0	0.0
28.9	10.6	7.9	56.2	192.2	50.0	0	0.0
33.5	13.2	3.4	188.8	119.9	20.8	0	0.0
42.3	23.1	6.2	263.1	234.1	84.4	0	0.0
45.0	22.5	9.0	160.4	228.9	91.2	0	0.0
47.9	28.0	13.0	272.3	222.0	80.7	0	0.0
50.8	20.4	11.7	183.8	193.1	69.8	0	0.0
53.3	21.5	3.5	117.3	226.9	57.3	0	0.0
51.0	30.4	10.9	57.3	222.1	56.2	0	0.0
42.2	31.4	10.4	147.7	147.1	29.5	28	0.0
41.3	30.7	10.0	69.8	128.1	21.2	31	0.0
38.0	25.0	7.1	264.8	243.6	65.6	0	0.0
45.5	29.3	9.1	273.3	247.3	80.7	0	0.0
50.4	28.2	18.1	303.8	249.6	77.1	0	0.0
50.5	29.9	6.2	218.3	256.3	95.8	0	0.0
57.4	34.3	7.0	232.3	250.7	77.6	0	0.0
60.2	39.6	10.8	211.2	199.9	64.1	0	0.0
49.5	30.2	16.3	230.4	194.8	38.5	0	0.0
42.0	24.6	6.6	67.9	173.7	28.1	0	0.0
42.8	35.5	10.8	160.0	136.0	17.0	46	0.0
02	28	2015
37.3	27.4	22.7	314.1	203.4	41.8	2	0.0
26.8	12.5	9.6	232.5	272.9	87.5	0	0.0
40.8	25.4	12.2	179.2	264.3	75.5	0	0.0
36.0	28.8	14.1	134.5	138.0	35.8	0	0.0
29.1	14.5	8.9	117.1	263.9	64.1	0	0.0
43.7	29.5	16.0	186.2	260.2	70.3	0	0.0
54.6	40.9	14.5	174.4	295.9	100.0	0	0.0
57.6	37.7	8.3	232.7	279.0	89.1	0	0.0
54.9	36.8	8.1	165.0	302.8	100.0	0	0.0
52.8	38.1	10.8	125.6	306.3	100.0	0	0.0
45.1	31.7	14.9	129.8	207.8	54.7	0	0.0
38.0	19.7	7.2	62.3	267.0	64.1	0	0.0
49.1	25.6	9.7	193.1	308.0	71.3	0	0.0
54.3	30.8	11.1	168.1	317.5	96.3	0	0.0
35.7	18.6	13.2	51.8	173.7	28.5	1	2.9
27.8	18.4	13.5	233.1	238.5	37.9	7	29.8
36.5	21.5	8.7	222.4	241.4	47.7	0	0.0
34.1	15.4	7.4	117.5	267.2	59.4	0	0.0
37.0	15.4	12.6	133.3	303.8	71.9	0	0.0
44.5	37.2	13.8	158.7	176.4	35.1	0	0.0
45.6	34.3	13.1	140.0	276.5	36.3	0	0.0
31.1	20.7	19.9	27.7	180.8	19.8	0	0.0
21.1	11.7	12.2	125.0	198.1	17.5	4	29.4
28.7	17.9	5.4	235.4	299.0	42.7	0	0.0
41.1	26.0	5.5	182.7	335.0	50.0	0	0.0
27.0	7.3	20.7	168.8	268.4	34.1	0	0.0
19.5	6.2	10.9	56.6	228.0	24.6	2	10.7
23.6	18.3	5.2	81.0	181.2	16.2	7	39.6
03	31	2015
30.5	24.9	6.3	138.2	183.2	17.4	0	0.0
33.3	26.3	7.9	98.7	198.1	17.2	0	0.0
46.7	39.3	13.8	207.2	253.0	21.7	0	0.0
30.0	21.8	17.8	86.7	202.0	26.5	5	24.1
26.4	12.0	6.3	264.0	397.5	95.3	0	0.0
39.2	22.4	11.0	195.8	403.8	100.0	0	0.0
48.1	27.4	8.6	185.4	297.3	54.7	0	0.0
53.5	36.4	9.5	159.0	320.5	33.3	0	0.0
48.6	45.4	5.8	79.5	208.2	14.2	45	0.0
53.9	44.0	4.6	169.5	351.0	52.4	0	0.0
58.6	40.6	4.3	196.9	419.2	96.3	0	0.0
59.9	39.4	5.7	118.8	394.3	75.5	0	0.0
53.9	47.9	9.6	158.8	226.6	24.6	15	0.0
57.8	39.9	12.4	267.7	261.0	32.3	0	0.0
56.7	43.8	4.6	126.5	348.8	67.2	0	0.0
63.5	44.0	12.3	189.4	325.1	42.2	0	0.0
59.0	42.1	13.6	166.0	322.5	34.4	2	0.0
53.6	46.0	5.6	185.0	257.6	25.0	2	0.0
52.3	49.0	9.4	54.3	217.5	18.1	29	0.0
51.9	42.6	5.2	129.3	243.8	18.1	0	0.0
55.2	46.2	3.8	102.8	244.4	18.1	0	0.0
59.5	49.5	5.8	173.1	408.4	54.0	0	0.0
63.0	49.7	12.5	162.1	430.5	70.8	0	0.0
67.9	48.6	12.3	196.9	466.5	60.4	0	0.0
64.6	51.7	17.6	206.3	371.3	37.0	17	0.0
49.8	33.2	16.2	273.5	471.5	68.8	0	0.0
49.8	34.8	9.6	165.5	315.8	34.4	0	0.0
60.1	41.8	8.4	148.3	489.1	76.6	0	0.0
63.0	43.9	12.0	169.4	453.5	78.1	0	0.0
62.9	42.9	6.9	164.4	410.4	58.3	0	0.0
68.5	57.6	8.4	173.8	419.9	46.9	44	0.0
04	30	2015
68.7	57.8	15.3	161.3	444.1	55.2	6	0.0
73.2	58.6	13.9	194.0	427.9	52.1	0	0.0
59.6	38.3	20.6	188.6	430.8	40.7	0	0.0
52.7	26.2	8.6	104.0	462.8	52.6	0	0.0
52.8	47.1	14.7	163.0	263.9	16.1	3	0.0
67.7	60.1	15.6	173.7	342.0	27.9	1	0.0
74.9	63.7	17.7	182.7	435.7	57.3	0	0.0
72.0	63.6	17.5	182.8	252.9	22.9	2	0.0
67.0	49.2	18.9	259.2	357.7	25.7	0	0.0
57.1	35.8	7.1	124.2	518.8	60.4	0	0.0
60.7	42.6	10.1	121.5	315.6	20.8	11	0.0
70.3	57.7	17.1	170.1	307.2	12.8	0	0.0
60.2	52.5	16.4	80.6	196.4	0.0	30	0.0
55.1	43.3	11.3	39.7	197.7	0.5	0	0.0
60.7	51.0	6.3	78.1	420.9	36.5	0	0.0
66.0	57.7	11.6	139.1	361.2	41.1	0	0.0
65.9	56.4	8.5	138.5	338.0	15.1	6	0.0
65.9	55.2	7.5	112.7	371.3	24.8	5	0.0
58.1	46.0	11.1	222.2	375.9	44.8	0	0.0
54.7	34.4	7.3	258.3	513.3	69.8	0	0.0
62.0	46.3	9.7	182.1	561.0	58.3	1	0.0
58.6	51.6	9.6	73.9	333.8	24.7	64	0.0
61.7	55.3	10.4	111.6	233.7	9.4	0	0.0
65.8	60.6	16.6	168.6	289.1	14.8	0	0.0
69.2	50.6	7.9	212.9	592.5	88.5	0	0.0
64.3	54.7	15.5	60.1	405.8	28.4	9	0.0
52.1	47.9	18.1	57.1	216.1	2.1	66	0.0
54.4	44.2	8.5	138.1	356.5	23.4	2	0.0
61.5	43.6	6.7	260.8	562.1	89.6	0	0.0
66.2	46.6	3.1	119.6	583.7	90.1	0	0.0
05	31	2015
67.2	49.7	6.0	164.4	573.8	79.2	0	0.0
68.1	54.1	10.2	165.2	486.5	41.1	0	0.0
69.6	55.0	14.2	179.0	435.9	38.5	0	0.0
70.5	58.3	12.3	162.9	461.6	38.5	0	0.0
65.7	59.1	12.9	140.0	361.6	25.2	104	0.0
67.6	62.9	17.2	148.1	355.2	17.0	344	0.0
67.6	60.1	14.2	148.8	406.0	28.7	27	0.0
66.3	62.3	7.0	102.0	320.0	20.1	63	0.0
68.4	62.8	13.1	124.2	387.3	23.2	28	0.0
70.2	59.0	12.6	221.5	452.4	37.5	1	0.0
60.2	41.3	11.1	189.4	598.9	78.7	0	0.0
62.3	45.1	6.5	105.8	473.2	39.1	0	0.0
61.6	55.8	12.6	131.8	306.2	17.3	48	0.0
73.5	63.9	13.2	177.9	424.0	20.1	1	0.0
73.7	64.0	13.8	166.1	505.9	38.0	34	0.0
73.0	64.9	15.0	168.5	378.6	20.9	21	0.0
73.0	59.4	9.4	190.6	548.9	49.5	0	0.0
75.8	61.4	8.0	98.7	569.7	65.3	0	0.0
64.9	60.0	12.2	98.8	331.1	19.1	67	0.0
57.4	51.6	15.7	227.4	344.3	17.5	1	0.0
57.7	46.2	10.6	51.2	491.8	43.6	0	0.0
55.7	52.5	9.7	120.4	304.0	14.8	32	0.0
63.0	61.8	12.9	132.3	327.3	12.1	165	0.0
64.1	61.5	9.1	144.7	371.1	28.6	36	0.0
66.4	61.8	11.7	145.5	425.7	28.5	5	0.0
66.6	60.7	8.2	159.7	525.4	50.0	7	0.0
70.7	63.3	7.0	125.3	438.0	32.1	0	0.0
70.5	64.3	9.7	160.3	477.6	23.6	21	0.0
70.2	62.4	5.3	143.0	404.1	34.7	1	0.0
64.8	55.4	12.3	223.3	440.4	45.2	0	0.0
64.4	55.0	6.5	165.4	477.4	50.2	0	0.0
06	30	2015
68.8	58.9	6.3	130.4	542.2	57.3	0	0.0
76.2	63.8	12.1	169.2	514.7	49.5	0	0.0
77.7	65.1	15.0	163.3	632.6	78.7	0	0.0
78.5	66.4	11.8	171.1	633.1	65.6	0	0.0
78.2	66.4	8.9	169.8	553.6	48.4	0	0.0
78.6	66.8	8.2	173.2	615.5	64.8	0	0.0
80.2	65.4	12.1	206.0	605.6	57.8	0	0.0
79.5	64.4	4.8	125.6	582.8	53.6	0	0.0
81.4	66.1	6.4	171.0	614.5	69.3	0	0.0
83.2	64.7	10.2	176.0	635.5	58.9	0	0.0
82.9	66.4	13.9	178.1	640.0	59.9	0	0.0
78.3	67.3	10.9	178.4	488.1	33.3	140	0.0
72.4	68.4	9.8	150.0	477.5	34.7	42	0.0
76.9	70.6	12.4	165.6	520.8	39.4	0	0.0
74.1	70.2	6.7	172.6	465.0	32.7	61	0.0
75.6	70.7	5.4	127.5	460.1	28.2	1	0.0
72.8	70.6	10.1	87.0	364.2	15.0	39	0.0
75.3	69.3	12.8	229.4	453.4	30.2	30	0.0
80.0	70.6	4.9	145.2	511.1	44.3	0	0.0
81.9	69.9	15.6	198.3	611.4	68.8	0	0.0
78.8	71.8	13.3	178.1	583.4	66.3	0	0.0
81.1	69.6	16.8	196.5	642.1	75.3	0	0.0
81.5	69.0	10.7	195.6	614.1	72.9	0	0.0
82.5	69.2	12.5	192.7	620.3	77.6	0	0.0
83.8	69.5	12.7	196.0	639.1	70.8	0	0.0
82.3	69.7	10.6	186.9	523.4	50.5	0	0.0
77.2	61.4	8.3	113.1	615.8	70.8	0	0.0
78.0	61.5	9.1	201.9	651.1	73.4	0	0.0
80.9	64.2	9.4	231.2	583.9	50.2	1	0.0
80.5	66.6	6.6	164.6	598.9	57.3	0	0.0
07	31	2015
84.0	69.3	14.2	200.8	559.0	50.0	0	0.0
80.9	70.3	12.4	195.2	469.4	33.3	78	0.0
77.6	70.0	7.9	198.2	563.9	41.1	160	0.0
78.3	70.5	6.4	120.4	598.6	59.5	7	0.0
82.0	71.7	12.2	177.3	632.3	54.7	0	0.0
81.2	72.4	14.5	184.9	540.1	35.8	41	0.0
70.4	69.0	9.6	109.7	342.6	13.9	37	0.0
68.0	66.0	6.0	212.3	332.4	13.9	1	0.0
76.0	70.7	9.0	175.6	430.9	30.9	0	0.0
79.2	70.3	12.3	175.2	504.6	41.1	0	0.0
81.5	68.3	13.6	185.6	632.4	60.4	0	0.0
82.2	70.1	12.9	184.8	645.2	68.8	0	0.0
83.7	72.0	11.9	182.7	637.1	74.0	0	0.0
84.2	72.5	8.4	174.6	674.4	87.0	0	0.0
82.6	70.0	9.2	181.7	630.0	81.8	0	0.0
82.5	69.7	11.6	182.7	624.0	70.3	0	0.0
83.7	70.0	12.4	180.2	646.8	68.2	0	0.0
85.0	71.4	13.7	185.6	659.3	83.3	0	0.0
84.9	71.7	10.8	191.9	649.5	83.3	0	0.0
84.6	71.8	6.9	204.8	501.3	45.3	1	0.0
76.6	71.5	7.8	102.1	396.3	24.3	81	0.0
81.3	74.1	7.8	152.4	533.0	43.6	13	0.0
84.5	73.3	8.7	184.8	628.0	68.8	0	0.0
84.1	72.1	8.3	175.0	649.8	83.3	0	0.0
83.3	71.7	8.7	175.8	645.3	82.8	0	0.0
83.4	70.7	8.7	175.8	630.1	74.0	0	0.0
83.6	70.5	9.4	162.9	637.4	80.2	0	0.0
83.5	69.5	11.6	178.5	654.8	92.2	0	0.0
83.8	70.2	6.7	135.2	614.0	68.8	0	0.0
83.3	73.0	9.0	98.3	501.0	49.5	0	0.0
78.8	73.4	5.7	116.7	451.9	32.8	5	0.0
08	31	2015
80.0	68.9	6.5	130.4	540.2	51.0	0	0.0
78.0	68.0	7.7	159.2	467.8	36.5	3	0.0
77.3	67.0	5.8	155.8	409.7	31.2	0	0.0
77.6	71.1	10.2	164.5	445.6	39.4	40	0.0
83.8	72.6	7.3	160.2	565.2	61.8	0	0.0
86.4	72.9	9.9	161.2	630.7	77.1	0	0.0
87.0	70.3	8.2	194.4	617.7	72.9	0	0.0
85.8	68.9	10.4	179.6	621.2	83.8	0	0.0
86.9	69.0	10.9	181.5	614.8	83.8	0	0.0
83.1	66.7	9.0	101.0	485.2	58.9	0	0.0
83.4	68.2	9.2	49.6	527.6	57.8	0	0.0
78.1	61.6	6.6	83.3	455.8	41.7	0	0.0
79.4	62.8	8.7	119.0	504.6	63.0	0	0.0
74.7	65.8	7.1	123.1	455.4	55.7	25	0.0
78.6	63.2	8.2	124.4	601.8	89.6	0	0.0
78.7	61.7	6.8	127.3	604.5	89.6	0	0.0
81.1	66.2	7.8	156.2	460.8	39.6	0	0.0
83.0	67.7	11.5	182.3	430.6	33.3	0	0.0
67.2	57.9	12.4	86.5	348.6	36.4	20	0.0
68.7	53.9	5.9	112.9	566.2	68.8	0	0.0
77.2	68.0	12.0	163.8	402.5	30.6	0	0.0
79.8	70.3	14.3	150.1	562.6	71.3	0	0.0
73.5	63.8	10.6	81.2	308.0	35.1	0	0.0
73.8	59.8	7.8	63.6	358.5	41.7	0	0.0
76.8	63.4	7.5	94.9	537.4	72.9	0	0.0
79.6	69.7	7.8	171.0	484.1	51.0	0	0.0
81.2	65.9	10.7	168.3	447.2	40.6	0	0.0
76.0	65.7	9.4	174.4	372.4	35.9	0	0.0
79.8	65.3	7.6	217.7	469.8	46.4	0	0.0
77.3	64.8	5.9	190.2	493.0	64.6	0	0.0
79.9	63.6	11.2	165.4	555.3	84.9	0	0.0
09	30	2015
79.8	64.6	10.7	166.5	536.7	85.9	0	0.0
79.5	64.4	10.6	173.1	525.0	65.6	0	0.0
79.4	64.2	10.2	171.5	469.2	54.2	0	0.0
80.7	66.5	10.0	161.9	460.1	54.7	0	0.0
82.7	68.6	9.9	163.8	449.9	52.6	0	0.0
84.6	69.3	8.5	172.1	519.8	82.3	0	0.0
85.8	67.5	9.3	171.2	523.7	76.0	0	0.0
81.9	69.2	11.2	169.1	387.1	37.1	0	0.0
76.3	67.8	7.2	94.0	397.3	44.3	1	0.0
78.4	65.1	5.3	123.3	490.2	72.7	0	0.0
73.4	58.8	13.0	79.7	388.0	49.5	0	0.0
69.5	49.8	7.0	91.5	500.5	71.9	0	0.0
73.9	51.2	14.5	166.2	501.2	74.0	0	0.0
76.8	56.2	20.4	170.0	390.2	39.1	10	0.0
76.4	60.4	16.0	166.0	503.5	85.4	0	0.0
80.4	67.7	16.5	168.8	442.2	78.3	0	0.0
82.8	67.2	18.4	183.1	398.4	65.1	0	0.0
81.7	66.9	14.9	221.0	382.2	45.3	0	0.0
70.0	56.3	12.1	67.8	309.9	31.2	0	0.0
65.9	63.9	9.1	136.9	252.2	20.5	56	0.0
73.1	65.8	10.4	168.3	437.3	44.0	0	0.0
78.6	64.9	11.5	159.2	369.2	41.7	0	0.0
76.6	58.6	11.0	147.3	356.6	33.9	0	0.0
75.2	58.1	7.0	136.5	352.9	39.1	0	0.0
75.2	59.3	4.5	73.5	401.4	60.4	0	0.0
73.2	58.3	5.7	78.8	414.4	70.3	0	0.0
72.1	57.3	4.7	89.2	441.4	87.5	0	0.0
72.7	58.2	5.5	134.0	403.3	73.4	0	0.0
74.8	58.6	4.9	90.0	411.4	75.0	0	0.0
70.5	61.7	8.8	67.8	388.8	50.0	0	0.0
10	31	2015
63.5	57.1	8.1	76.7	253.4	29.5	1	0.0
61.6	43.5	10.2	47.3	331.3	47.9	0	0.0
60.6	48.4	7.8	70.2	319.6	41.1	0	0.0
62.8	48.9	7.8	87.3	364.7	62.5	0	0.0
59.8	52.1	6.5	133.8	223.2	24.0	0	0.0
65.5	54.4	4.2	112.9	299.3	48.4	0	0.0
70.2	57.6	4.0	63.8	328.5	43.8	0	0.0
71.7	59.3	3.5	114.0	302.6	42.2	0	0.0
65.5	57.6	7.9	193.7	268.2	40.1	11	0.0
64.0	53.1	7.2	167.5	392.5	74.5	0	0.0
73.7	57.7	12.9	172.5	390.5	78.7	0	0.0
70.8	43.5	12.8	196.9	399.7	100.0	0	0.0
68.5	38.7	6.4	235.6	395.5	100.0	0	0.0
71.9	42.9	7.5	191.8	391.3	100.0	0	0.0
75.5	48.6	12.2	159.4	377.0	75.5	0	0.0
62.7	35.0	14.8	53.1	287.4	45.8	0	0.0
61.3	36.9	9.8	121.0	253.0	49.0	0	0.0
62.0	35.8	13.7	157.3	363.8	88.0	0	0.0
65.3	37.7	15.7	167.9	315.7	59.9	0	0.0
69.4	47.6	15.2	173.8	331.9	56.2	0	0.0
69.7	59.2	9.5	153.8	301.7	48.6	0	0.0
66.0	61.6	10.9	157.5	171.8	23.3	72	0.0
66.7	63.2	8.7	204.3	224.0	25.4	1	0.0
58.1	46.6	11.8	160.8	179.5	18.8	0	0.0
57.0	38.9	10.7	91.2	335.4	80.2	0	0.0
55.8	43.0	7.0	153.5	236.7	53.6	0	0.0
60.7	50.1	3.4	114.6	302.1	58.9	0	0.0
56.7	46.4	11.4	245.8	301.6	41.8	4	0.0
53.8	39.1	9.4	100.4	314.2	51.6	0	0.0
53.1	48.5	12.1	109.5	150.1	15.5	109	0.0
52.7	50.4	7.4	262.9	179.7	35.8	3	0.0
11	30	2015
55.2	45.0	3.2	101.9	294.6	72.9	0	0.0
55.3	51.4	8.0	165.8	272.8	90.3	0	0.0
63.1	57.9	14.7	166.3	299.1	60.1	0	0.0
64.3	59.3	17.1	166.9	166.0	23.3	0	0.0
67.0	57.9	11.8	227.9	210.3	43.8	12	0.0
55.0	41.2	8.0	84.2	291.2	85.4	0	0.0
54.0	37.3	9.8	64.6	287.8	83.8	0	0.0
51.4	37.2	5.4	106.5	287.2	83.3	0	0.0
52.4	38.3	9.9	148.1	274.7	80.2	0	0.0
59.9	52.1	14.3	174.0	245.1	62.0	0	0.0
62.7	42.7	21.8	247.4	273.7	62.0	0	0.0
49.1	30.3	6.1	258.1	272.4	87.5	0	0.0
49.4	30.6	5.8	150.4	268.6	88.4	0	0.0
51.4	33.8	12.1	171.2	201.6	46.4	0	0.0
52.4	46.8	16.0	167.5	140.0	17.0	5	0.0
59.4	59.2	17.9	160.3	123.4	10.1	20	0.0
55.1	43.9	18.9	214.0	235.9	42.4	38	0.0
50.9	34.3	13.9	209.1	258.3	70.3	0	0.0
49.4	30.3	11.2	101.0	257.1	97.4	0	0.0
54.1	43.5	14.3	172.3	217.3	66.2	0	0.0
38.3	25.5	18.5	268.3	245.8	64.6	0	0.0
38.1	25.2	8.2	171.2	252.4	100.0	0	0.0
45.9	28.0	9.4	170.0	229.8	68.8	0	0.0
52.5	41.9	19.6	172.4	183.0	50.4	0	0.0
63.1	57.2	19.5	169.1	135.1	21.3	0	0.0
55.6	54.1	19.7	232.6	109.5	11.4	80	0.0
32.6	31.6	19.9	277.5	117.8	11.8	72	165.7
32.2	31.5	13.9	240.6	118.1	13.5	45	113.5
34.5	33.9	9.9	271.0	118.9	14.2	7	18.4
36.4	34.4	8.1	292.8	132.1	26.4	2	0.0
12	31	2015
37.1	32.8	6.3	218.8	214.2	72.4	0	0.0
39.6	30.5	8.0	281.2	231.3	100.0	0	0.0
44.6	30.7	3.6	132.3	225.7	88.0	0	0.0
44.7	35.4	10.5	156.9	216.5	78.1	0	0.0
44.9	35.2	13.4	161.0	181.5	70.8	0	0.0
45.5	34.9	8.2	242.5	224.4	95.8	0	0.0
45.2	34.0	8.2	156.9	193.9	67.2	0	0.0
48.6	35.7	9.1	219.0	158.7	57.3	0	0.0
52.8	37.6	8.2	212.3	194.1	52.6	0	0.0
55.2	37.9	8.9	190.6	174.1	37.5	0	0.0
54.8	41.7	10.4	178.1	144.9	29.9	0	0.0
65.4	61.8	15.6	160.0	125.5	25.8	1	0.0
48.9	46.0	15.1	228.8	131.5	20.5	43	0.0
45.7	35.2	11.7	212.9	216.1	80.2	0	0.0
50.8	35.0	12.2	194.2	214.9	92.7	0	0.0
38.4	23.5	9.2	301.9	214.7	100.0	0	0.0
33.9	25.9	9.2	221.2	132.2	47.6	0	0.0
32.9	24.4	7.9	218.5	208.2	95.3	0	0.0
45.0	31.7	15.6	171.2	194.8	69.8	0	0.0
53.5	48.5	21.1	179.4	107.5	25.2	0	0.0
45.1	35.4	8.3	266.7	203.6	71.3	0	0.0
51.6	37.3	15.4	169.4	154.2	37.0	0	0.0
53.2	35.6	13.8	218.8	196.6	67.2	0	0.0
46.7	30.2	10.9	171.5	177.8	57.3	0	0.0
49.6	36.9	8.9	101.0	130.2	45.3	0	0.0
51.4	50.6	19.9	245.5	91.8	15.8	91	0.0
32.8	31.6	27.8	116.6	97.4	12.3	49	95.9
28.3	26.6	18.9	264.5	106.4	34.8	2	5.1
28.1	26.2	5.5	76.2	130.4	48.3	0	0.0
33.9	29.4	3.3	43.8	119.8	18.2	0	0.0
34.8	31.0	8.4	139.3	101.6	18.6	0	0.0
