   1    31    1969
26.1	11.5	12.3	163.8	254.8	6.0	.0	.0	
39.2	26.2	8.2	180.0	273.7	41.0	.0	.0	
23.9	10.9	16.2	228.8	185.2	62.0	.0	.0	
17.0	3.6	8.7	118.8	266.1	35.0	.0	.0	
38.0	20.4	16.2	200.0	189.5	87.0	.0	.0	
39.7	30.0	8.1	206.3	159.8	70.0	.0	.0	
34.9	23.3	8.9	103.8	153.6	88.0	.0	.0	
41.7	28.3	15.4	280.0	169.0	52.0	.0	.0	
25.9	8.0	12.6	226.3	218.6	63.0	.0	.0	
24.4	10.2	3.6	72.5	168.7	66.0	.0	.0	
28.7	13.2	5.8	102.5	254.7	41.0	.0	.0	
35.1	13.5	15.0	163.8	177.9	79.0	.0	.0	
37.6	19.1	9.0	155.0	234.0	64.0	.0	.0	
45.7	24.4	16.4	163.8	129.1	98.0	.0	.0	
50.8	41.1	17.3	170.0	144.7	98.0	43.0	.0	
50.3	48.2	9.4	118.8	138.4	98.0	7.0	.0	
41.1	38.7	9.6	310.0	131.3	98.0	2.0	.0	
33.7	30.0	12.4	182.5	150.3	98.0	.0	.0	
39.4	35.2	8.7	102.5	149.2	98.0	.0	.0	
47.1	44.5	11.9	156.3	143.3	98.0	.0	.0	
52.4	49.5	4.6	87.5	141.4	98.0	.0	.0	
56.2	48.7	11.6	155.0	219.8	74.0	.0	.0	
26.1	13.7	14.7	327.5	223.7	82.0	.0	.0	
19.4	3.7	8.7	238.8	248.6	43.0	.0	.0	
29.7	12.0	7.9	107.5	215.4	85.0	.0	.0	
34.5	20.3	14.4	142.5	141.8	76.0	.0	.0	
38.2	36.6	12.0	153.8	130.9	98.0	2.0	.0	
39.3	36.1	9.5	246.3	164.9	98.0	.0	.0	
32.8	29.5	5.1	132.5	160.6	98.0	99.0	.0	
32.2	25.4	10.1	222.5	167.5	98.0	.0	.0	
33.0	29.5	6.5	98.8	162.9	98.0	10.0	.0	
   2    28    1969
38.7	36.0	10.3	132.5	136.2	98.0	.0	.0	
42.3	34.4	10.5	231.3	152.4	73.0	.0	.0	
37.4	16.5	8.6	263.8	355.1	2.0	.0	.0	
44.5	18.6	12.8	215.0	334.9	25.0	.0	.0	
48.0	37.4	15.5	187.5	154.3	86.0	.0	.0	
49.6	31.7	5.8	216.3	358.6	30.0	.0	.0	
55.0	32.2	14.1	192.5	309.5	67.0	.0	.0	
38.1	26.2	13.3	333.8	258.1	50.0	.0	.0	
33.8	22.0	7.4	165.0	335.2	15.0	.0	.0	
44.7	30.4	9.5	206.3	340.4	34.0	.0	.0	
43.9	22.1	5.6	212.5	360.6	21.0	.0	.0	
33.4	16.0	12.0	121.3	380.9	10.0	.0	.0	
39.3	19.7	11.5	102.5	230.3	86.0	1.0	.0	
37.5	28.1	10.2	91.3	160.4	98.0	32.0	.0	
32.3	25.6	12.5	107.5	205.6	98.0	5.0	.0	
30.7	22.2	9.0	221.3	157.6	82.0	.0	.0	
33.9	22.0	8.1	253.8	356.6	36.0	.0	.0	
32.4	16.9	6.4	257.5	387.9	20.0	.0	.0	
39.9	23.4	6.3	138.8	312.3	76.0	.0	.0	
37.5	28.2	12.6	145.0	186.5	98.0	70.0	.0	
40.1	34.9	7.2	195.0	190.8	98.0	26.0	.0	
41.3	34.7	6.6	197.5	207.4	98.0	.0	.0	
39.7	33.2	7.2	65.0	190.9	75.0	.0	.0	
44.1	34.7	6.9	161.3	343.7	45.0	.0	.0	
48.9	38.5	12.9	147.5	378.8	42.0	.0	.0	
57.1	47.0	17.9	175.0	381.1	18.0	.0	.0	
51.2	39.6	15.1	260.0	273.6	66.0	.0	.0	
38.8	24.8	11.7	330.0	415.4	21.0	.0	.0	
   3    31    1969
37.9	25.5	9.2	48.8	277.8	81.0	.0	.0	
39.9	27.4	9.5	85.0	203.3	96.0	.0	.0	
38.3	21.2	13.0	188.8	400.7	73.0	.0	.0	
37.8	21.2	7.5	218.8	458.8	25.0	.0	.0	
36.3	26.1	9.1	153.8	207.2	87.0	17.0	.0	
38.7	32.7	3.5	120.0	244.4	73.0	2.0	.0	
39.1	33.7	12.1	122.5	205.1	86.0	4.0	.0	
29.6	19.0	15.4	333.8	254.0	73.0	.0	27.9	
26.2	11.9	9.6	327.5	458.1	5.0	.0	.0	
27.3	12.8	12.8	332.5	353.5	56.0	.0	.0	
29.2	10.3	8.1	212.5	429.3	45.0	.0	.0	
33.9	21.1	6.5	216.3	342.4	73.0	.0	.0	
37.7	20.1	5.5	128.8	488.3	8.0	.0	.0	
34.6	25.1	11.5	37.5	207.6	95.0	8.0	.0	
37.9	24.4	6.8	68.8	269.3	87.0	.0	.0	
44.1	26.5	4.6	217.5	503.7	20.0	.0	.0	
51.3	33.4	2.3	72.5	526.2	2.0	.0	.0	
57.9	36.1	6.9	258.8	529.6	2.0	.0	.0	
63.4	37.2	14.5	200.0	480.4	34.0	.0	.0	
52.9	28.0	9.5	281.3	502.4	21.0	.0	.0	
51.1	27.0	9.1	212.5	552.1	2.0	.0	.0	
57.0	35.1	11.8	141.3	353.4	73.0	25.0	.0	
48.9	44.8	11.8	217.5	232.3	98.0	250.0	.0	
42.0	32.2	17.4	328.8	261.8	87.0	7.0	.0	
39.8	21.7	14.5	325.0	467.7	23.0	.0	.0	
42.0	22.3	9.1	256.3	524.6	20.0	1.0	.0	
48.9	29.1	10.5	266.3	533.8	10.0	.0	.0	
54.5	37.1	18.0	286.3	304.3	54.0	.0	.0	
38.1	23.1	15.0	18.8	497.5	60.0	.0	.0	
42.8	23.4	11.1	86.3	417.0	55.0	.0	.0	
46.4	35.2	10.8	170.0	276.9	93.0	.0	.0	
   4    30    1969
61.3	46.6	20.2	192.5	463.5	74.0	.0	.0	
62.8	54.5	9.7	82.5	333.3	98.0	5.0	.0	
67.2	56.4	8.9	112.5	431.4	88.0	.0	.0	
72.1	58.5	17.6	221.3	374.4	79.0	.0	.0	
50.3	41.7	13.8	271.3	273.8	98.0	.0	.0	
53.0	43.4	6.8	97.5	430.1	54.0	.0	.0	
63.8	51.1	16.6	172.5	395.9	53.0	.0	.0	
67.3	59.1	18.4	178.8	252.1	90.0	.0	.0	
67.4	49.0	8.1	141.3	486.8	53.0	.0	.0	
59.4	45.4	8.4	187.5	598.6	2.0	.0	.0	
60.0	43.1	3.9	75.0	332.4	68.0	.0	.0	
64.9	43.4	9.2	113.8	312.7	84.0	.0	.0	
53.3	49.9	12.4	108.8	268.3	98.0	45.0	.0	
60.8	47.1	7.2	265.0	558.9	53.0	.0	.0	
68.4	52.1	11.0	168.8	536.9	48.0	5.0	.0	
70.4	55.4	13.6	166.3	543.2	45.0	40.0	.0	
60.3	55.0	10.5	206.3	416.1	80.0	50.0	.0	
52.8	47.7	10.8	287.5	285.0	96.0	6.0	.0	
54.0	38.2	6.2	102.5	623.4	30.0	.0	.0	
60.4	45.5	10.1	146.3	626.7	8.0	.0	.0	
65.5	53.4	7.4	132.5	611.9	8.0	.0	.0	
65.7	45.5	5.6	25.0	642.5	11.0	.0	.0	
58.6	42.3	8.7	116.3	521.0	57.0	.0	.0	
59.0	43.9	8.9	172.5	622.4	18.0	.0	.0	
65.0	49.1	18.5	171.3	474.4	61.0	.0	.0	
66.2	57.5	20.0	186.3	289.3	98.0	5.0	.0	
58.0	45.0	11.1	320.0	523.5	52.0	.0	.0	
50.5	39.5	7.7	168.8	445.3	41.0	.0	.0	
56.0	43.0	8.1	116.3	672.4	10.0	.0	.0	
64.6	49.5	15.4	163.8	640.6	10.0	.0	.0	
   5    31    1969
68.0	49.8	15.3	173.8	636.1	6.0	.0	.0	
69.0	51.5	11.8	173.8	637.9	3.0	.0	.0	
69.7	54.2	11.2	147.5	517.3	59.0	.0	.0	
68.0	59.7	11.5	143.8	392.5	68.0	30.0	.0	
68.5	61.9	9.6	150.0	369.5	80.0	.0	.0	
70.6	61.6	5.9	93.8	523.5	83.0	4.0	.0	
68.6	60.7	8.1	191.3	436.0	86.0	39.0	.0	
57.3	50.6	9.8	253.8	346.8	60.0	35.0	.0	
63.1	46.0	11.1	273.8	647.9	6.0	.0	.0	
63.1	42.7	11.5	286.3	544.0	26.0	.0	.0	
64.1	45.5	9.6	206.3	638.2	30.0	2.0	.0	
68.7	57.0	11.7	155.0	623.8	41.0	1.0	.0	
70.5	59.8	11.1	186.3	611.2	86.0	.0	.0	
70.1	61.4	7.5	160.0	464.0	60.0	.0	.0	
67.9	62.2	8.9	122.5	438.1	80.0	37.0	.0	
69.2	63.3	9.8	152.5	446.4	92.0	21.0	.0	
61.7	58.3	10.4	332.5	301.1	98.0	15.0	.0	
61.0	55.7	6.8	252.5	331.4	98.0	.0	.0	
69.5	61.2	9.7	175.0	564.4	59.0	.0	.0	
74.8	65.1	7.2	132.5	502.4	34.0	.0	.0	
76.2	66.3	12.0	156.3	612.3	50.0	.0	.0	
62.8	56.6	11.4	291.3	331.6	93.0	.0	.0	
61.3	56.8	6.9	236.3	391.9	80.0	.0	.0	
66.4	61.7	6.7	60.0	373.8	91.0	4.0	.0	
72.5	65.4	6.9	143.8	576.8	55.0	.0	.0	
75.1	64.8	7.8	176.3	639.3	10.0	.0	.0	
76.4	65.1	9.8	165.0	609.3	18.0	.0	.0	
77.3	65.0	8.3	166.3	666.3	9.0	.0	.0	
78.6	65.8	7.9	173.8	591.4	38.0	2.0	.0	
77.6	68.1	10.1	168.8	513.7	71.0	8.0	.0	
80.8	67.0	16.0	178.8	582.2	53.0	.0	.0	
   6    30    1969
65.7	54.4	8.4	176.3	497.6	60.0	155.0	.0	
63.6	43.9	7.1	296.3	691.1	12.0	.0	.0	
64.6	51.8	9.8	180.0	344.4	87.0	2.0	.0	
68.6	56.4	10.7	178.8	685.9	20.0	.0	.0	
74.2	60.5	10.7	208.8	725.2	2.0	.0	.0	
77.7	61.4	11.0	197.5	726.3	2.0	.0	.0	
77.5	63.4	12.8	195.0	730.2	2.0	.0	.0	
74.7	65.7	8.9	211.3	580.8	62.0	53.0	.0	
65.0	60.6	10.2	278.8	337.0	98.0	8.0	.0	
72.2	63.7	9.8	171.3	550.1	78.0	.0	.0	
79.8	65.0	16.3	193.8	627.1	38.0	.0	.0	
69.8	63.2	8.7	241.3	347.2	77.0	75.0	.0	
69.8	63.8	8.5	248.8	565.9	82.0	68.0	.0	
65.8	61.1	11.3	241.3	331.1	91.0	141.0	.0	
64.0	53.2	9.5	151.3	617.5	30.0	.0	.0	
66.8	55.0	4.1	132.5	676.2	28.0	.0	.0	
68.1	64.3	7.1	171.3	291.8	83.0	45.0	.0	
72.5	61.7	5.8	256.3	605.4	36.0	.0	.0	
77.9	65.5	8.4	202.5	664.5	20.0	.0	.0	
78.5	70.8	9.1	113.8	502.8	58.0	.0	.0	
82.5	73.8	13.4	150.0	459.6	55.0	.0	.0	
84.3	71.7	16.6	231.3	595.8	61.0	.0	.0	
74.8	67.8	10.2	126.3	305.9	82.0	83.0	.0	
76.6	69.5	15.7	151.3	412.0	54.0	8.0	.0	
83.3	72.4	20.9	190.0	354.2	72.0	2.0	.0	
85.3	71.1	23.0	205.0	598.6	31.0	.0	.0	
83.5	74.4	13.4	166.3	494.3	77.0	.0	.0	
85.4	73.1	12.8	176.3	642.2	20.0	.0	.0	
85.0	71.6	13.5	187.5	688.6	4.0	.0	.0	
85.3	70.4	12.1	192.5	702.9	11.0	.0	.0	
   7    31    1969
84.2	72.4	7.8	131.3	525.7	52.0	.0	.0	
85.7	72.6	11.0	201.3	645.9	23.0	.0	.0	
88.2	70.2	13.4	196.3	724.2	2.0	.0	.0	
87.4	68.6	13.7	183.8	687.8	6.0	.0	.0	
86.4	68.3	11.8	192.5	563.7	48.0	.0	.0	
86.3	71.6	11.4	183.8	563.3	32.0	.0	.0	
86.7	70.6	13.2	185.0	633.1	25.0	.0	.0	
87.7	67.7	12.2	196.3	719.0	3.0	.0	.0	
87.8	68.0	9.5	200.0	683.3	5.0	.0	.0	
89.7	69.8	6.6	220.0	635.8	15.0	.0	.0	
91.1	68.9	7.5	171.3	648.5	28.0	.0	.0	
91.1	68.3	8.1	190.0	670.4	11.0	.0	.0	
91.5	68.5	9.1	200.0	640.4	14.0	.0	.0	
91.1	68.5	9.1	180.0	666.6	6.0	.0	.0	
91.4	68.1	9.8	183.8	670.4	10.0	.0	.0	
89.9	68.4	7.9	162.5	607.6	38.0	.0	.0	
88.8	68.5	7.9	176.3	612.0	24.0	.0	.0	
87.5	67.1	6.2	146.3	594.4	40.0	.0	.0	
81.4	70.0	8.5	102.5	317.8	76.0	1.0	.0	
79.8	71.2	6.5	221.3	339.4	80.0	1.0	.0	
82.9	70.8	6.7	113.8	525.2	53.0	.0	.0	
84.4	70.8	5.6	205.0	535.8	43.0	.0	.0	
88.6	70.9	5.1	143.8	569.1	24.0	.0	.0	
84.5	69.0	6.8	193.8	563.3	35.0	.0	.0	
79.5	69.9	5.9	127.5	328.4	73.0	1.0	.0	
83.0	72.4	13.4	187.5	528.0	63.0	2.0	.0	
82.5	65.1	7.1	215.0	503.6	56.0	.0	.0	
76.9	58.9	8.7	136.3	642.8	10.0	.0	.0	
76.7	57.6	3.3	37.5	645.1	5.0	.0	.0	
79.7	59.9	6.1	98.8	454.5	67.0	.0	.0	
74.3	65.0	6.2	150.0	481.9	54.0	103.0	.0	
   8    31    1969
79.4	64.7	4.3	87.5	629.0	11.0	.0	.0	
79.6	67.2	2.0	28.8	566.0	38.0	.0	.0	
79.8	63.9	4.2	115.0	632.2	15.0	.0	.0	
74.9	64.6	6.7	122.5	308.5	53.0	.0	.0	
79.8	62.8	9.1	161.3	674.0	3.0	.0	.0	
82.0	64.0	11.5	182.5	627.1	8.0	.0	.0	
84.2	64.1	11.1	195.0	645.5	3.0	.0	.0	
87.9	63.7	12.3	202.5	629.8	4.0	.0	.0	
89.0	64.1	12.4	158.8	647.9	8.0	.0	.0	
81.1	56.9	4.9	82.5	644.4	13.0	.0	.0	
81.8	58.0	2.8	137.5	647.6	2.0	.0	.0	
84.5	60.2	12.4	153.8	636.4	9.0	.0	.0	
87.1	62.9	11.9	165.0	659.0	2.0	.0	.0	
76.7	67.8	8.1	151.3	272.5	82.0	105.0	.0	
74.7	68.9	7.2	152.5	310.8	87.0	219.0	.0	
74.8	66.7	4.6	202.5	448.5	55.0	.0	.0	
75.9	67.6	5.9	101.3	536.9	23.0	.0	.0	
79.5	69.6	3.3	26.3	514.9	21.0	.0	.0	
84.4	71.5	4.5	97.5	569.4	15.0	.0	.0	
86.4	71.5	9.2	192.5	583.7	23.0	.0	.0	
81.3	70.9	10.8	77.5	360.2	68.0	.0	.0	
79.1	68.8	8.6	83.8	469.0	61.0	.0	.0	
77.1	63.9	3.9	58.8	532.4	45.0	.0	.0	
76.9	65.9	9.8	157.5	497.9	47.0	.0	.0	
77.5	64.6	7.4	96.3	420.7	89.0	.0	.0	
77.4	65.7	5.5	150.0	450.3	78.0	.0	.0	
79.0	64.0	8.8	151.3	480.8	60.0	.0	.0	
79.5	64.5	10.0	170.0	530.8	19.0	.0	.0	
79.8	62.2	10.3	178.8	551.3	11.0	.0	.0	
80.0	61.1	10.1	171.3	541.2	5.0	.0	.0	
78.7	59.7	7.0	168.8	560.4	10.0	.0	.0	
   9    30    1969
77.0	64.1	6.3	211.3	372.7	76.0	.0	.0	
76.3	65.5	7.9	125.0	370.3	88.0	.0	.0	
73.4	65.8	3.5	78.8	377.8	82.0	10.0	.0	
78.5	66.3	11.4	186.3	548.2	27.0	.0	.0	
82.9	67.0	12.5	192.5	516.4	13.0	.0	.0	
83.3	68.9	10.4	195.0	549.2	9.0	.0	.0	
80.0	68.1	10.5	136.3	473.0	30.0	2.0	.0	
74.2	62.8	6.8	107.5	317.4	78.0	.0	.0	
70.6	53.2	7.2	42.5	439.6	52.0	.0	.0	
68.0	53.3	2.0	2.5	272.3	96.0	.0	.0	
72.5	54.3	2.0	51.3	572.5	27.0	.0	.0	
74.2	55.0	6.5	123.8	521.9	16.0	.0	.0	
75.4	52.6	11.4	186.3	397.7	60.0	.0	.0	
76.1	60.0	12.8	165.0	237.2	88.0	23.0	.0	
78.1	66.5	14.7	202.5	340.0	74.0	3.0	.0	
71.6	65.2	9.4	196.3	364.6	66.0	116.0	.0	
69.3	61.4	9.4	116.3	486.5	26.0	.0	.0	
68.5	57.0	7.5	77.5	387.8	68.0	.0	.0	
66.3	56.7	6.1	143.8	493.0	18.0	.0	.0	
70.2	60.4	2.6	58.8	391.0	38.0	.0	.0	
74.5	65.0	9.5	162.5	358.9	68.0	.0	.0	
70.9	65.6	9.4	198.8	232.4	81.0	12.0	.0	
67.0	58.4	8.9	253.8	359.1	57.0	1.0	.0	
64.1	52.2	2.2	87.5	527.7	2.0	.0	.0	
68.8	53.6	2.2	63.8	523.1	4.0	.0	.0	
73.4	60.4	7.2	176.3	462.8	9.0	.0	.0	
76.6	63.3	8.7	210.0	458.1	8.0	.0	.0	
74.9	62.6	5.8	121.3	466.5	6.0	.0	.0	
77.2	59.1	10.3	195.0	473.7	2.0	.0	.0	
77.4	58.1	12.1	195.0	492.7	2.0	.0	.0	
  10    31    1969
77.1	53.4	13.0	183.8	472.3	21.0	.0	.0	
76.1	56.9	9.2	182.5	484.3	4.0	.0	.0	
77.9	57.4	16.0	168.8	446.8	6.0	.0	.0	
77.3	63.4	12.4	161.3	330.6	67.0	.0	.0	
72.0	57.7	8.1	223.8	216.7	89.0	.0	.0	
56.0	50.0	7.5	246.3	201.9	74.0	51.0	.0	
60.1	45.8	5.7	205.0	476.6	2.0	.0	.0	
63.2	45.5	7.9	192.5	455.6	3.0	.0	.0	
69.3	54.0	18.5	180.0	378.1	15.0	.0	.0	
74.6	63.0	15.8	220.0	273.2	66.0	.0	.0	
57.5	54.5	12.0	63.8	190.2	98.0	135.0	.0	
59.6	56.4	12.2	240.0	178.8	98.0	337.0	.0	
46.9	36.5	13.8	305.0	245.9	98.0	.0	.0	
48.0	34.6	7.4	90.0	389.7	45.0	.0	.0	
55.0	39.7	13.8	218.8	340.4	56.0	.0	.0	
47.8	33.7	5.8	176.3	286.8	61.0	.0	.0	
51.9	36.9	7.1	140.0	362.7	46.0	.0	.0	
63.1	47.7	12.1	162.5	311.1	62.0	.0	.0	
67.6	54.2	13.6	171.3	353.0	45.0	.0	.0	
64.9	50.6	6.8	260.0	255.4	55.0	.0	.0	
56.1	42.7	2.8	162.5	215.2	50.0	.0	.0	
55.3	39.3	9.5	112.5	198.6	68.0	.0	.0	
52.1	39.1	6.4	170.0	190.8	95.0	.0	.0	
54.5	33.0	8.4	167.5	223.4	88.0	.0	.0	
56.0	41.9	6.1	175.0	175.9	75.0	.0	.0	
53.5	42.5	8.6	185.0	185.5	96.0	.0	.0	
42.2	28.2	11.8	100.0	251.6	53.0	.0	.0	
46.5	29.9	6.6	116.3	283.9	80.0	.0	.0	
44.7	39.3	10.4	145.0	157.5	98.0	60.0	.0	
49.1	44.0	4.1	120.0	198.1	82.0	3.0	.0	
44.9	35.7	5.9	203.8	169.0	71.0	.0	.0	
  11    30    1969
44.8	34.1	6.3	150.0	260.5	57.0	.0	.0	
46.4	36.8	4.2	202.5	172.0	88.0	2.0	.0	
40.8	30.4	5.8	295.0	175.1	65.0	1.0	.0	
41.8	28.2	5.9	158.8	365.7	2.0	.0	.0	
51.8	37.9	9.2	170.0	333.6	6.0	.0	.0	
57.6	46.4	10.5	176.3	248.7	23.0	.0	.0	
53.7	45.9	6.4	200.0	331.6	11.0	.0	.0	
56.7	47.9	4.6	123.8	303.8	47.0	.0	.0	
54.8	50.1	2.3	75.0	291.0	15.0	.0	.0	
61.5	50.9	6.9	172.5	292.1	40.0	.0	.0	
53.8	48.6	5.4	142.5	138.9	68.0	18.0	.0	
52.4	42.9	4.8	162.5	321.7	31.0	.0	.0	
44.9	32.7	9.9	248.8	125.5	67.0	.0	.0	
32.0	13.6	11.0	296.3	288.5	16.0	.0	.0	
46.8	27.3	9.3	210.0	310.6	20.0	.0	.0	
56.6	44.0	19.2	177.5	167.9	80.0	10.0	.0	
65.3	50.7	16.4	235.0	252.1	71.0	.0	.0	
37.5	23.9	14.7	297.5	191.8	60.0	.0	.0	
38.9	17.4	9.4	277.5	307.8	2.0	.0	.0	
48.1	19.4	5.8	163.8	273.3	20.0	.0	.0	
48.8	24.0	9.6	176.3	293.1	18.0	.0	.0	
54.6	36.4	15.0	211.3	252.1	40.0	.0	.0	
44.4	32.2	7.8	216.3	252.4	27.0	.0	.0	
44.3	34.9	4.5	110.0	274.2	8.0	.0	.0	
46.8	33.5	7.0	85.0	285.7	23.0	.0	.0	
46.7	36.8	6.0	203.8	154.1	60.0	1.0	.0	
35.8	24.3	13.0	15.0	219.1	48.0	.0	.0	
29.4	18.7	2.6	121.3	297.2	2.0	.0	.0	
35.4	19.9	5.3	200.0	273.6	2.0	.0	.0	
47.7	22.5	8.7	232.5	291.0	2.0	.0	.0	
  12    31    1969
47.8	25.2	4.1	97.5	271.4	2.0	.0	.0	
47.1	27.2	3.6	147.5	274.6	2.0	.0	.0	
43.4	21.5	3.8	130.0	247.8	45.0	.0	.0	
39.8	21.5	7.2	175.0	145.7	69.0	.0	.0	
40.5	28.0	15.4	135.0	129.1	98.0	70.0	.0	
36.2	34.0	9.4	181.3	124.5	98.0	30.0	.0	
37.7	27.9	10.3	297.5	160.6	88.0	.0	.0	
39.9	28.6	5.1	115.0	196.0	88.0	.0	.0	
43.7	36.1	9.5	145.0	111.7	98.0	.0	.0	
41.7	37.4	7.6	216.3	136.0	98.0	13.0	.0	
36.5	28.2	7.4	266.3	258.8	12.0	.0	.0	
40.5	29.3	6.5	150.0	226.5	30.0	.0	.0	
48.3	35.1	5.9	198.8	217.0	32.0	.0	.0	
44.7	31.4	2.9	128.8	206.4	31.0	.0	.0	
35.1	28.4	11.3	71.3	111.9	68.0	.0	.0	
37.8	28.9	4.1	100.0	191.3	59.0	.0	.0	
49.0	40.7	7.7	125.0	125.7	98.0	.0	.0	
46.9	39.2	8.8	81.3	188.7	53.0	.0	.0	
37.0	26.1	7.5	117.5	229.9	24.0	.0	.0	
37.0	29.1	9.1	115.0	122.3	98.0	25.0	.0	
39.2	30.5	11.7	218.8	195.7	73.0	.0	.0	
40.0	30.4	13.2	186.3	121.3	64.0	.0	.0	
37.2	24.9	9.1	135.0	242.8	29.0	.0	.0	
35.4	25.5	8.1	92.5	122.6	98.0	4.0	.0	
37.9	31.0	4.5	93.8	223.9	49.0	1.0	.0	
38.1	29.3	8.8	111.3	182.9	64.0	.0	.0	
44.0	36.4	15.2	175.0	120.5	98.0	.0	.0	
34.0	25.7	14.6	181.3	150.5	98.0	.0	.0	
25.8	20.9	15.4	186.3	119.7	98.0	.0	12.7	
21.6	14.8	7.2	221.3	142.9	70.0	.0	35.6	
13.1	10.2	4.6	100.0	189.8	82.0	.0	.0	
