1 31 1992
23.2	15.4	4.9	150.2	154.9	23.8	.0	.0	
30.7	29.4	3.4	86.6	55.6	93.8	.0	.0	
42.9	35.5	12.2	51.4	64.4	90.0	.0	.0	
40.8	38.2	10.3	56.2	56.3	97.1	7.9	.0	
37.9	33.8	12.4	297.4	56.7	100.0	.0	.0	
34.4	27.0	10.1	295.0	57.1	100.0	.0	.0	
35.4	25.7	12.4	284.6	57.5	93.3	.0	.0	
28.9	19.0	8.0	209.0	157.8	62.1	.0	.0	
35.0	30.0	6.8	201.8	58.4	99.6	11.8	.0	
34.8	29.0	11.6	271.8	68.1	98.3	.0	.0	
29.5	21.9	9.4	255.0	59.4	91.7	.0	.0	
36.3	25.8	7.0	181.0	133.1	78.8	.0	.0	
45.7	33.6	6.5	188.6	125.2	83.3	.0	.0	
41.8	34.1	16.9	177.8	67.1	95.0	47.2	.0	
19.7	4.0	12.5	263.8	165.5	35.8	.0	.0	
11.9	2.1	12.6	270.2	143.7	72.1	.0	10.0	
18.2	7.0	11.2	227.8	78.5	86.2	.0	.0	
17.6	1.6	15.8	261.8	101.8	52.1	.0	.0	
9.5	-2.5	10.4	213.0	173.0	23.8	.0	.0	
16.5	11.4	6.6	214.6	69.1	95.0	.0	.0	
26.0	17.1	9.7	244.2	65.9	100.0	.0	.0	
29.9	17.7	8.2	144.2	75.8	81.2	.0	.0	
39.8	36.8	9.2	149.0	67.5	99.2	27.6	.0	
29.3	17.0	18.8	246.2	118.5	78.8	.0	.0	
19.2	6.9	8.8	217.0	93.4	92.1	.0	20.0	
18.9	10.3	7.4	227.8	176.8	53.8	.0	.0	
23.0	14.4	8.4	153.0	76.9	76.2	.0	.0	
28.3	21.5	5.9	138.2	72.0	90.8	.0	.0	
29.2	24.1	5.6	168.2	113.8	29.6	.0	.0	
30.6	25.4	6.5	187.0	111.3	66.2	.0	.0	
33.7	28.4	8.7	251.8	75.0	100.0	.0	.0	
2 29 1992
22.1	14.4	17.0	312.2	86.2	95.4	.0	.0	
22.1	11.8	13.3	305.0	176.4	72.1	.0	.0	
27.6	11.5	9.6	301.0	217.1	21.7	.0	.0	
29.1	16.4	9.9	194.2	79.4	91.7	.0	.0	
23.9	12.9	14.2	259.8	163.3	46.2	.0	.0	
24.7	13.3	7.3	155.8	233.6	5.4	.0	.0	
29.8	20.6	6.8	117.4	137.7	72.1	.0	.0	
28.5	22.8	7.8	192.6	84.2	96.2	.0	.0	
16.5	3.3	13.5	275.4	138.1	45.0	.0	.0	
18.2	1.5	8.5	211.8	225.1	23.3	.0	.0	
28.1	15.3	11.5	218.6	87.9	90.4	.0	.0	
11.1	-1.9	9.6	231.0	246.7	25.4	.0	.0	
20.2	13.0	8.7	143.4	90.5	93.3	.0	60.0	
30.1	26.5	6.5	183.0	100.5	92.1	.0	10.0	
37.3	34.1	7.4	156.6	93.2	95.8	11.8	.0	
39.1	34.1	11.8	244.6	94.5	100.0	.0	.0	
38.5	24.7	5.4	187.8	157.4	77.1	.0	.0	
40.0	34.4	6.0	100.2	97.3	100.0	.0	.0	
43.7	40.6	7.7	201.4	161.5	87.9	.0	.0	
36.4	30.3	10.3	249.0	100.2	92.9	.0	.0	
37.2	25.2	13.9	211.4	208.2	55.8	.0	.0	
34.7	25.1	4.6	105.8	108.5	99.6	.0	.0	
41.4	33.4	6.5	105.4	161.2	93.8	.0	.0	
35.3	31.3	7.5	45.8	106.3	100.0	15.7	.0	
33.5	30.7	6.5	103.4	107.8	100.0	15.7	.0	
31.7	27.8	7.3	219.0	109.4	100.0	35.4	.0	
35.3	27.4	13.1	235.8	113.1	92.9	.0	.0	
38.9	30.6	10.2	202.2	112.5	91.7	31.5	.0	
17.1	5.5	15.3	297.0	220.7	53.3	3.9	.0	
3 31 1992
35.9	20.0	12.2	216.6	254.9	67.1	.0	.0	
39.0	30.9	9.5	113.0	126.7	93.3	.0	.0	
34.8	30.2	6.1	175.4	120.7	85.0	.0	.0	
36.8	30.9	7.2	175.4	226.4	65.4	.0	.0	
44.6	37.8	6.1	186.2	206.8	78.8	.0	.0	
44.0	28.0	11.4	81.0	124.4	90.8	3.9	.0	
44.0	40.2	8.6	175.8	125.7	100.0	15.7	.0	
47.4	43.8	7.5	251.0	127.3	100.0	.0	.0	
49.6	42.5	5.3	182.2	169.6	78.3	.0	.0	
52.8	46.0	16.0	165.8	130.7	99.6	11.8	.0	
28.1	24.0	12.1	253.8	132.4	100.0	86.6	30.0	
22.3	6.6	17.4	239.8	338.3	40.8	.0	.0	
21.6	6.1	12.2	271.0	237.7	40.8	.0	.0	
23.4	8.0	10.6	273.4	267.9	34.2	.0	.0	
20.0	3.6	13.0	292.6	268.4	38.3	.0	.0	
20.0	4.5	9.6	255.0	380.0	10.8	.0	.0	
32.3	21.5	10.3	210.2	142.7	82.9	.0	.0	
31.2	13.1	7.5	177.8	240.4	65.0	.0	.0	
30.6	26.0	8.2	115.4	146.2	100.0	.0	80.0	
29.0	17.3	6.4	222.6	226.2	58.8	.0	.0	
25.0	12.9	7.5	172.6	247.1	41.7	.0	.0	
23.8	16.2	7.8	88.6	151.4	88.3	.0	50.0	
25.5	14.9	10.3	290.2	303.0	67.5	.0	.0	
27.9	15.2	7.5	208.2	285.1	48.3	.0	.0	
39.7	22.8	12.5	154.6	284.2	68.3	.0	.0	
44.8	38.0	9.3	114.2	158.2	100.0	27.6	.0	
39.8	35.4	13.1	226.6	159.9	100.0	35.4	.0	
30.4	20.3	15.5	294.6	161.6	99.2	.0	.0	
38.2	14.6	12.1	278.6	425.5	37.1	.0	.0	
38.3	27.1	4.7	84.2	164.9	99.2	19.7	.0	
41.0	26.9	9.6	242.6	408.9	42.1	11.8	.0	
4 30 1992
37.0	28.9	7.3	185.0	168.4	85.4	7.9	.0	
30.0	23.7	7.0	220.6	185.2	83.3	3.9	.0	
30.9	20.1	11.6	283.8	242.3	87.9	.0	.0	
36.4	22.1	7.1	219.8	299.6	70.4	.0	.0	
37.9	22.1	13.8	297.0	399.1	25.0	.0	.0	
42.0	18.0	11.7	266.6	504.9	20.4	.0	.0	
50.6	29.0	8.2	177.0	248.0	82.9	3.9	.0	
48.5	34.6	10.0	226.2	420.2	57.1	.0	.0	
44.4	36.1	5.7	110.6	181.6	88.3	.0	.0	
51.9	39.4	6.4	102.6	367.9	80.0	11.8	.0	
51.0	47.5	10.0	105.0	184.7	100.0	7.9	.0	
44.2	34.7	13.0	302.6	219.8	67.1	11.8	.0	
36.0	14.3	9.1	257.0	504.7	39.6	.0	.0	
44.8	18.9	7.7	186.2	502.3	36.2	.0	.0	
46.0	16.8	5.9	125.8	433.3	60.0	.0	.0	
43.7	35.7	8.4	133.0	192.3	100.0	.0	.0	
49.1	48.0	6.4	215.8	193.8	100.0	27.6	.0	
43.6	41.7	6.3	77.0	195.3	100.0	19.7	.0	
46.9	43.7	7.1	122.6	196.7	100.0	.0	.0	
55.5	50.9	8.6	166.6	268.7	94.6	.0	.0	
64.7	59.3	11.4	167.0	214.8	97.9	19.7	.0	
62.8	58.7	8.6	197.8	217.4	75.8	15.7	.0	
60.1	44.3	7.7	231.0	520.9	39.6	.0	.0	
61.2	49.2	10.1	203.8	303.9	86.2	15.7	.0	
47.3	42.4	8.1	188.2	204.8	100.0	.0	.0	
45.6	38.8	6.6	179.8	223.1	97.9	7.9	.0	
50.2	29.3	9.2	267.4	501.3	74.6	.0	.0	
50.7	27.6	7.0	114.6	293.0	72.5	.0	.0	
53.1	29.4	7.6	179.4	598.5	12.9	.0	.0	
52.4	41.4	6.2	165.8	211.0	98.8	.0	.0	
5 31 1992
55.7	44.5	8.2	240.6	329.0	93.3	3.9	.0	
70.9	53.4	12.9	221.0	397.5	82.5	31.5	.0	
59.2	40.1	11.5	287.8	504.2	60.0	7.9	.0	
49.6	32.8	10.6	255.0	310.4	76.7	.0	.0	
46.2	37.6	8.6	88.6	251.8	97.1	.0	.0	
47.2	34.7	5.8	111.8	278.0	73.8	.0	.0	
52.2	30.4	9.8	78.6	343.0	66.2	.0	.0	
53.5	45.6	11.5	51.8	219.9	100.0	102.4	.0	
60.0	49.9	10.1	141.8	361.0	90.4	3.9	.0	
60.8	50.5	5.5	181.8	402.5	73.3	.0	.0	
65.3	50.3	7.4	98.6	599.5	10.8	.0	.0	
65.7	46.8	7.2	173.0	640.0	.8	.0	.0	
66.9	53.5	7.3	204.6	561.1	54.6	.0	.0	
60.2	45.0	9.6	257.0	411.3	74.2	.0	.0	
60.8	45.7	8.0	107.0	263.9	92.9	23.6	.0	
58.4	53.3	7.7	71.0	227.7	100.0	7.9	.0	
60.8	55.5	9.1	185.8	228.6	100.0	.0	.0	
63.9	56.4	9.5	237.0	259.3	89.6	3.9	.0	
61.1	36.5	9.0	96.2	657.8	2.9	.0	.0	
62.7	31.5	7.3	181.4	660.1	.0	.0	.0	
66.6	35.7	6.1	165.4	657.6	2.9	.0	.0	
69.5	40.5	6.3	172.2	658.2	3.3	.0	.0	
72.3	48.5	5.7	143.4	666.4	5.8	.0	.0	
51.2	46.4	9.0	201.4	234.5	90.4	23.6	.0	
48.1	37.6	6.7	139.0	312.3	68.8	.0	.0	
50.0	44.2	6.6	129.8	235.3	99.2	3.9	.0	
51.2	42.0	8.0	232.2	359.4	80.8	7.9	.0	
53.9	38.2	7.1	188.2	606.9	16.2	.0	.0	
59.6	38.5	7.3	183.8	659.5	20.8	.0	.0	
54.6	46.1	8.9	96.6	238.2	94.2	35.4	.0	
61.0	58.7	7.2	187.0	238.1	100.0	177.2	.0	
6 30 1992
58.2	55.4	8.1	273.4	238.6	93.8	7.9	.0	
62.7	51.4	6.2	177.8	402.6	59.2	.0	.0	
66.7	50.1	7.4	171.8	666.0	6.7	.0	.0	
68.9	54.4	8.6	120.2	454.4	62.5	.0	.0	
63.7	59.8	10.6	69.8	240.3	100.0	31.5	.0	
69.5	62.9	6.7	126.2	396.1	79.6	.0	.0	
73.9	63.1	5.1	150.2	327.6	88.8	.0	.0	
74.8	66.0	6.4	191.8	341.2	90.4	.0	.0	
65.8	49.8	8.6	231.0	278.7	65.0	.0	.0	
64.2	44.8	7.0	208.2	628.2	17.9	.0	.0	
65.3	46.5	7.1	193.0	676.7	7.5	.0	.0	
68.3	47.6	7.6	180.6	692.3	.0	.0	.0	
72.5	52.9	8.1	166.6	684.7	12.5	.0	.0	
74.3	55.6	6.4	182.6	682.4	17.5	.0	.0	
68.4	49.0	9.5	280.2	553.8	48.8	.0	.0	
65.8	50.2	6.9	179.4	324.8	79.6	.0	.0	
70.1	56.6	10.4	162.2	576.1	30.8	.0	.0	
68.6	57.1	12.4	190.6	244.5	82.1	.0	.0	
70.0	63.0	8.5	194.6	282.5	97.5	15.7	.0	
62.6	56.3	7.0	275.8	261.8	99.2	.0	.0	
54.9	47.1	7.0	251.4	258.2	96.7	.0	.0	
52.3	41.7	9.8	293.8	299.6	72.5	.0	.0	
60.0	42.6	6.9	200.2	547.4	57.1	.0	.0	
66.0	56.9	9.6	199.4	374.6	91.7	55.1	.0	
64.1	51.8	7.5	225.8	499.2	62.1	.0	.0	
66.3	53.6	8.0	157.0	501.5	65.0	7.9	.0	
66.0	57.4	8.0	230.6	426.3	64.6	27.6	.0	
66.6	54.7	5.8	187.0	604.5	29.2	.0	.0	
72.3	57.8	8.3	161.0	675.1	13.3	.0	.0	
76.9	64.3	8.6	193.0	485.0	64.2	3.9	.0	
7 31 1992
73.5	56.6	7.1	149.0	564.4	43.8	.0	.0	
68.5	51.5	6.1	144.2	586.7	23.8	.0	.0	
62.4	54.0	5.7	164.2	241.6	88.3	.0	.0	
68.9	60.1	6.4	203.4	433.3	69.6	11.8	.0	
66.2	59.9	5.5	149.8	322.4	76.7	31.5	.0	
68.7	55.2	8.6	222.2	627.2	46.2	.0	.0	
66.7	53.9	6.7	185.8	597.2	21.7	.0	.0	
68.2	57.7	8.3	178.6	391.0	68.3	39.4	.0	
77.6	64.4	11.0	242.2	488.4	60.4	11.8	.0	
74.9	62.9	9.2	207.0	412.1	63.8	.0	.0	
75.4	62.9	9.5	244.2	432.4	55.4	.0	.0	
70.6	65.7	5.6	148.6	241.4	91.7	7.9	.0	
75.4	66.6	11.9	214.2	418.2	79.6	.0	.0	
78.4	67.7	11.2	195.0	586.4	52.5	51.2	.0	
74.5	68.4	8.1	177.8	361.1	82.9	63.0	.0	
72.6	64.8	5.9	157.0	302.5	94.6	.0	.0	
73.6	66.6	8.2	168.6	271.7	96.7	.0	.0	
75.0	64.5	7.9	241.0	359.3	73.3	.0	.0	
73.9	62.0	8.8	189.0	551.7	43.8	.0	.0	
74.7	62.2	8.8	172.2	592.8	44.6	27.6	.0	
67.2	61.8	6.4	219.0	270.9	88.3	.0	.0	
67.4	53.7	4.9	133.4	485.4	52.5	11.8	.0	
66.7	62.8	5.8	116.2	229.4	100.0	47.2	.0	
64.8	59.9	7.1	98.2	232.1	99.6	3.9	.0	
66.5	60.2	8.3	171.4	267.6	91.2	.0	.0	
68.2	65.8	5.7	178.6	226.8	100.0	82.7	.0	
73.8	64.5	6.4	226.6	427.8	72.9	.0	.0	
62.3	53.9	7.8	232.2	287.2	44.2	.0	.0	
70.1	60.6	8.0	175.4	559.1	43.8	.0	.0	
70.2	61.6	5.7	160.6	348.3	88.3	.0	.0	
74.8	65.4	10.2	200.2	293.4	95.4	15.7	.0	
8 31 1992
67.0	51.6	13.6	259.0	592.6	32.9	.0	.0	
68.8	55.6	8.0	156.6	554.9	31.2	.0	.0	
72.5	59.7	8.1	187.4	548.6	54.6	.0	.0	
65.9	60.4	8.1	189.0	330.0	57.1	55.1	.0	
63.7	53.3	7.3	218.6	308.8	57.9	.0	.0	
65.6	52.2	6.5	157.4	610.1	7.9	.0	.0	
69.1	53.7	7.2	151.4	587.6	15.8	.0	.0	
67.7	59.6	7.7	145.0	263.3	95.8	15.7	.0	
72.1	66.3	6.3	212.6	256.7	88.3	7.9	.0	
72.6	63.4	5.9	157.0	451.7	41.7	.0	.0	
72.7	65.9	7.2	157.8	225.4	74.6	35.4	.0	
66.1	54.4	7.0	203.0	468.3	33.3	.0	.0	
65.3	57.6	6.8	88.2	207.3	94.2	11.8	.0	
64.5	61.0	4.7	133.8	215.4	99.2	7.9	.0	
64.2	56.8	9.0	55.8	204.8	100.0	.0	.0	
64.1	60.0	7.0	49.0	203.5	100.0	.0	.0	
66.9	64.1	5.7	63.0	202.1	100.0	7.9	.0	
69.6	63.7	5.1	153.0	294.5	65.4	27.6	.0	
65.2	57.2	4.7	196.6	319.7	47.5	.0	.0	
61.6	51.4	7.4	212.6	456.8	20.8	.0	.0	
62.1	51.7	5.9	171.0	561.8	.4	.0	.0	
65.5	52.8	5.6	103.4	424.0	32.1	.0	.0	
69.1	55.7	6.7	119.8	551.9	6.7	.0	.0	
72.5	60.8	8.2	158.2	351.2	44.2	.0	.0	
75.3	66.6	6.0	159.8	366.1	64.6	.0	.0	
76.3	68.0	6.2	175.8	438.7	47.9	.0	.0	
76.9	67.3	6.2	157.8	501.8	37.9	.0	.0	
75.6	68.4	12.1	140.6	377.5	85.8	43.3	.0	
62.4	53.0	11.8	222.6	262.9	46.7	.0	.0	
66.2	53.7	10.4	205.0	408.5	42.9	.0	.0	
68.2	53.6	11.1	232.6	427.1	39.6	.0	.0	
9 30 1992
62.2	49.8	7.5	218.2	461.9	29.2	.0	.0	
64.0	52.3	8.0	135.8	232.8	77.1	.0	.0	
70.5	66.2	8.7	183.8	176.8	98.3	3.9	.0	
72.0	61.9	7.2	205.0	381.6	68.8	.0	.0	
67.9	60.4	8.3	86.6	198.4	93.8	.0	.0	
64.2	58.8	5.9	104.6	171.8	98.8	7.9	.0	
68.0	63.7	5.0	128.2	180.5	89.2	.0	.0	
71.8	65.9	8.2	168.6	177.4	89.6	.0	.0	
73.7	66.4	5.9	168.2	352.2	65.4	.0	.0	
74.7	67.0	11.9	171.4	391.9	68.8	55.1	.0	
62.2	52.1	7.5	207.4	396.9	48.8	.0	.0	
55.8	44.7	7.9	141.4	446.8	17.1	.0	.0	
57.2	46.9	6.1	157.8	341.8	27.1	.0	.0	
61.5	50.9	6.9	129.8	316.6	34.6	.0	.0	
65.0	56.7	6.1	143.0	430.0	9.6	.0	.0	
70.6	61.4	5.3	140.2	428.7	10.4	.0	.0	
71.7	62.1	6.2	118.6	356.2	32.5	.0	.0	
72.0	62.9	7.1	153.4	252.1	75.0	.0	.0	
61.2	49.9	9.4	237.0	275.5	55.4	11.8	.0	
58.3	46.0	7.1	165.4	406.6	25.4	.0	.0	
66.5	58.7	8.4	170.6	166.8	97.5	.0	.0	
71.3	66.7	11.9	206.2	147.1	99.6	129.9	.0	
51.3	38.0	12.0	271.4	369.9	25.4	.0	.0	
48.2	33.7	7.9	63.4	402.5	.0	.0	.0	
52.2	43.1	9.9	57.4	225.0	64.6	27.6	.0	
58.3	57.0	8.0	102.2	137.5	100.0	27.6	.0	
64.2	62.6	7.4	193.4	138.3	80.8	3.9	.0	
58.2	52.5	5.1	152.2	203.4	45.4	.0	.0	
50.1	37.3	10.8	276.2	310.5	43.8	.0	.0	
43.9	33.6	8.3	266.6	227.5	57.5	.0	.0	
10 31 1992
45.1	36.6	7.7	225.8	273.1	32.9	.0	.0	
54.2	44.6	8.6	165.8	352.3	7.9	.0	.0	
63.4	52.4	10.6	199.0	357.4	16.7	.0	.0	
56.0	38.7	8.6	127.0	227.0	67.9	.0	.0	
46.0	32.4	9.1	137.4	348.0	10.4	.0	.0	
44.3	33.0	4.7	135.4	345.0	.0	.0	.0	
49.0	38.0	7.0	145.0	340.3	.4	.0	.0	
55.1	47.0	9.3	160.6	327.1	33.8	.0	.0	
63.0	59.7	12.1	177.0	115.9	100.0	110.2	.0	
57.5	51.7	5.9	169.8	171.9	70.8	.0	.0	
54.6	52.0	5.6	157.8	118.9	98.3	23.6	.0	
53.3	46.2	9.0	215.0	218.7	71.2	.0	.0	
51.3	35.0	8.0	221.8	269.0	46.7	.0	.0	
44.7	41.1	5.3	83.0	119.1	79.2	23.6	.0	
59.7	53.7	6.9	146.2	206.4	83.3	.0	.0	
63.4	53.5	10.7	181.0	259.0	75.4	3.9	.0	
44.4	28.8	10.9	252.2	138.6	55.8	.0	.0	
38.9	31.2	6.0	135.0	122.7	80.0	3.9	.0	
37.4	26.4	10.6	246.2	118.9	86.2	.0	.0	
38.2	23.2	8.5	230.6	171.7	84.6	.0	.0	
44.5	37.5	6.7	187.4	98.7	94.6	3.9	.0	
45.4	35.6	7.3	213.0	235.2	40.0	.0	.0	
46.0	34.4	6.5	139.8	268.3	15.0	.0	.0	
48.7	43.2	7.4	211.8	96.5	91.2	3.9	.0	
40.3	32.5	11.0	252.2	108.7	94.2	3.9	.0	
43.9	33.6	7.4	227.4	210.2	49.6	.0	.0	
45.6	32.4	8.9	240.2	252.7	20.0	.0	.0	
44.8	34.3	6.0	148.2	246.1	5.0	.0	.0	
49.3	44.1	4.5	171.4	96.8	95.4	3.9	.0	
44.9	38.3	7.6	158.6	85.2	100.0	.0	.0	
42.3	32.7	7.1	117.0	84.9	99.6	.0	.0	
11 30 1992
39.3	29.1	7.5	95.8	122.7	88.3	.0	.0	
40.6	35.5	9.2	81.0	81.7	100.0	23.6	.0	
51.1	47.4	8.7	102.6	225.2	31.2	70.9	.0	
51.4	48.3	8.8	155.4	96.9	71.7	.0	.0	
44.2	37.7	8.3	231.8	78.2	100.0	35.4	.0	
40.0	32.2	9.5	269.4	94.3	97.9	.0	.0	
33.3	21.8	8.4	253.0	117.8	81.7	.0	.0	
28.1	17.3	6.1	236.6	192.7	22.1	.0	.0	
30.5	19.9	5.4	157.0	181.1	47.9	.0	.0	
42.8	27.8	9.3	149.0	151.1	86.7	.0	.0	
47.8	41.6	7.6	191.0	72.0	100.0	3.9	.0	
56.1	52.2	16.2	129.8	87.6	97.9	51.2	.0	
46.0	25.6	14.8	235.8	199.7	32.5	11.8	.0	
34.5	18.3	10.2	209.8	169.2	30.4	.0	.0	
31.2	20.9	8.7	208.2	178.7	40.4	.0	.0	
30.7	18.6	7.6	202.6	143.6	45.0	.0	.0	
36.9	26.4	5.5	130.2	66.7	100.0	3.9	.0	
36.7	34.5	4.1	138.2	65.9	89.2	.0	.0	
32.0	25.8	6.0	130.2	115.4	29.6	.0	.0	
35.6	25.3	7.6	110.6	160.8	45.4	.0	.0	
48.9	45.6	8.3	201.4	63.7	100.0	35.4	.0	
57.7	57.2	5.3	127.4	63.0	100.0	47.2	.0	
58.5	48.5	10.4	245.0	150.1	67.9	19.7	.0	
47.0	40.2	8.6	185.0	61.7	100.0	23.6	.0	
48.8	45.9	4.9	144.2	61.1	100.0	.0	.0	
53.7	51.1	5.6	174.2	60.5	95.0	23.6	.0	
43.0	32.2	8.9	246.6	73.3	86.2	.0	.0	
39.0	31.4	4.1	129.4	62.6	78.8	.0	.0	
36.2	31.5	6.2	161.8	66.3	94.2	.0	.0	
37.5	26.7	10.4	215.0	94.1	94.6	.0	.0	
12 31 1992
39.3	30.2	6.0	192.6	72.6	94.6	.0	.0	
37.1	27.4	8.1	181.4	57.6	92.9	.0	.0	
35.8	24.9	11.5	258.6	69.1	92.5	.0	.0	
32.3	22.7	8.3	199.4	84.0	85.4	.0	.0	
29.6	22.7	14.8	252.6	56.4	74.6	.0	.0	
26.4	15.7	12.6	221.8	68.2	63.8	.0	.0	
31.1	19.3	12.1	227.8	55.7	96.7	.0	.0	
28.2	17.3	8.9	305.4	76.6	72.5	.0	.0	
21.7	11.6	6.9	123.4	151.2	19.6	.0	.0	
29.3	22.1	11.2	54.6	54.9	100.0	11.8	.0	
36.7	32.8	20.8	57.0	54.7	100.0	59.1	.0	
34.4	30.7	11.6	189.8	54.5	100.0	23.6	.0	
35.3	25.5	6.6	177.8	96.3	55.8	.0	.0	
29.9	22.5	4.7	105.4	153.1	5.4	.0	.0	
30.9	22.4	5.5	113.4	88.3	54.2	.0	.0	
36.3	33.1	4.4	149.0	53.9	100.0	.0	.0	
39.3	37.7	5.7	162.6	53.9	100.0	70.9	.0	
35.6	24.4	10.0	252.2	108.3	60.8	.0	.0	
37.6	27.9	10.9	170.6	54.5	97.9	.0	.0	
38.7	28.4	11.2	238.6	77.7	56.2	19.7	.0	
28.4	14.2	6.7	227.8	108.4	42.5	.0	.0	
34.7	24.9	8.5	173.4	122.4	72.9	.0	.0	
38.1	30.7	8.4	207.8	54.6	78.3	.0	.0	
21.4	9.1	14.7	252.2	117.0	41.7	.0	.0	
24.1	7.9	12.2	191.4	61.8	67.9	.0	.0	
24.6	6.0	13.1	264.2	135.0	22.5	.0	.0	
18.8	3.5	6.8	147.8	155.6	5.4	.0	.0	
31.6	28.8	3.2	76.2	56.1	99.6	.0	.0	
40.9	40.2	2.8	119.4	54.9	100.0	.0	.0	
42.2	42.2	3.4	121.4	55.1	100.0	90.6	.0	
50.8	48.2	9.8	227.4	55.4	100.0	.0	.0	
