1 31 1994
31.2	21.1	6.0	163.8	84.9	76.7	.0	.0	
36.3	27.3	6.9	230.2	119.0	79.2	.0	.0	
28.2	17.2	12.7	75.4	58.3	100.0	.0	.0	
26.9	22.2	15.7	174.6	58.6	100.0	.0	140.0	
24.8	10.0	15.7	263.0	147.8	30.4	.0	.0	
18.4	10.9	8.5	116.2	59.4	98.8	.0	.0	
19.3	16.6	11.4	63.8	59.8	100.0	.0	120.0	
22.7	16.0	15.3	231.0	95.0	59.2	.0	80.0	
16.8	5.3	14.4	261.8	171.3	9.6	.0	.0	
16.8	5.5	7.5	267.8	174.7	12.1	.0	.0	
20.5	15.1	5.6	221.4	61.7	79.6	.0	.0	
28.6	27.9	5.9	80.6	62.3	100.0	11.8	130.0	
33.7	32.5	4.3	172.2	62.9	100.0	.0	.0	
30.3	25.7	11.3	180.2	63.5	100.0	7.9	10.0	
7.5	-6.2	16.1	261.8	161.2	27.9	.0	.0	
5.7	-9.2	11.5	235.0	181.5	26.2	.0	.0	
18.2	13.4	6.3	173.8	65.4	98.3	.0	380.0	
12.7	-.3	16.8	265.4	185.3	25.4	.0	10.0	
-4.1	-18.6	12.2	247.8	190.8	7.9	.0	.0	
2.1	-7.1	7.4	243.0	165.9	70.8	.0	.0	
2.3	-5.5	8.0	247.8	141.2	47.5	.0	.0	
19.9	8.4	10.9	237.4	177.6	36.2	.0	.0	
22.6	16.0	5.3	133.4	69.9	97.1	.0	.0	
39.1	31.4	9.6	241.8	87.5	97.9	.0	.0	
37.3	31.8	7.6	109.4	71.6	100.0	3.9	20.0	
17.0	11.0	14.2	59.8	72.5	79.6	.0	120.0	
5.0	-4.7	9.9	68.2	73.4	93.3	.0	30.0	
36.0	35.4	8.4	162.2	74.4	98.3	141.7	50.0	
36.4	25.1	12.7	265.0	90.4	83.8	.0	.0	
25.4	14.0	6.8	224.6	163.2	51.7	.0	.0	
20.5	7.9	4.8	135.4	105.0	62.5	.0	.0	
2 28 1994
17.1	6.9	6.8	215.4	112.9	47.1	.0	10.0	
11.7	.4	6.6	248.2	224.9	14.2	.0	.0	
16.4	4.2	9.9	226.2	138.8	41.7	.0	.0	
19.9	9.4	4.1	170.6	103.1	31.2	.0	.0	
26.0	17.7	5.2	211.0	85.1	56.2	.0	.0	
31.2	15.9	7.7	219.4	240.4	.0	.0	.0	
28.3	17.2	7.0	253.0	222.3	31.2	.0	.0	
14.7	7.9	13.4	57.8	86.5	94.6	.0	190.0	
14.5	9.3	11.7	131.8	87.8	94.2	.0	120.0	
13.0	-1.7	8.9	159.8	100.6	92.5	.0	.0	
16.1	11.6	11.3	66.6	90.3	98.8	.0	190.0	
26.7	21.7	7.1	102.6	93.4	97.5	.0	.0	
31.5	26.7	10.5	219.8	96.9	87.9	.0	10.0	
22.3	4.7	14.9	263.8	269.1	5.4	.0	.0	
19.7	9.4	5.7	188.6	124.9	49.6	.0	.0	
33.0	18.0	12.1	238.2	276.8	7.5	.0	.0	
27.0	17.1	5.9	217.8	271.8	22.9	.0	.0	
33.8	21.2	4.4	203.0	284.9	.0	.0	.0	
36.9	27.3	3.8	215.8	225.8	32.5	.0	.0	
41.9	36.7	4.0	168.2	187.8	76.7	.0	.0	
40.3	39.8	4.8	203.4	104.1	89.2	43.3	.0	
37.4	24.9	10.5	284.6	270.0	56.7	.0	.0	
29.8	26.4	13.9	72.2	107.1	100.0	.0	90.0	
32.2	25.5	16.2	195.8	187.1	69.6	31.5	10.0	
28.5	13.9	14.9	221.8	294.2	55.8	.0	.0	
23.2	9.3	16.9	251.4	290.4	41.7	.0	.0	
16.8	-2.4	17.7	304.2	323.8	2.1	.0	.0	
21.8	4.7	10.8	272.2	256.5	48.8	.0	.0	
3 31 1994
25.5	10.4	4.2	145.8	169.4	78.3	.0	.0	
24.2	19.3	16.7	62.6	118.2	95.0	.0	210.0	
31.3	26.4	22.6	171.8	119.8	93.8	7.9	210.0	
36.4	23.4	14.4	257.0	234.8	47.5	.0	.0	
38.8	26.4	14.3	294.6	167.9	67.9	.0	.0	
31.9	24.0	5.9	187.0	140.8	70.4	7.9	.0	
38.3	31.4	6.0	130.6	193.5	87.1	3.9	.0	
39.7	34.0	9.5	253.8	128.0	98.3	3.9	.0	
30.5	22.9	10.2	93.8	129.6	100.0	15.7	60.0	
36.6	32.1	10.8	225.0	131.3	100.0	129.9	.0	
35.6	20.9	16.9	322.6	319.8	45.0	.0	.0	
33.0	18.2	6.6	241.0	384.5	4.2	.0	.0	
37.1	26.8	4.9	193.4	161.5	82.5	.0	.0	
42.0	31.9	6.6	239.4	333.0	61.7	.0	.0	
41.7	31.3	7.3	221.4	214.7	66.2	.0	.0	
32.7	22.1	17.3	287.0	183.3	77.5	.0	.0	
27.1	12.3	18.4	297.0	396.7	27.9	.0	.0	
29.4	23.2	7.3	183.8	144.8	92.5	.0	90.0	
34.9	19.8	17.3	276.6	362.2	36.7	.0	.0	
38.6	21.2	12.7	257.0	423.5	.8	.0	.0	
35.5	28.5	8.1	107.8	152.4	74.6	70.9	.0	
44.6	29.8	14.0	271.0	409.9	33.8	.0	.0	
50.6	32.0	9.3	221.4	413.9	22.9	.0	.0	
48.6	39.2	5.7	248.6	227.4	77.5	.0	.0	
43.9	31.9	12.5	309.4	168.1	92.5	.0	.0	
40.9	21.9	8.6	256.6	308.8	74.6	.0	.0	
40.3	37.9	8.2	127.8	160.1	100.0	66.9	.0	
44.0	42.2	6.8	248.2	161.8	100.0	47.2	.0	
39.7	35.3	7.5	251.4	207.5	83.3	47.2	.0	
40.8	26.7	12.5	254.6	361.0	25.4	.0	.0	
41.4	29.0	6.1	200.6	266.3	62.9	.0	.0	
4 30 1994
48.3	29.1	9.4	248.2	438.3	18.8	.0	.0	
46.9	34.5	9.2	92.6	331.3	45.8	.0	.0	
50.5	42.3	7.5	193.0	178.8	89.2	11.8	.0	
45.0	28.1	8.6	248.2	433.7	52.9	.0	.0	
51.6	37.1	9.0	153.4	313.3	50.0	.0	.0	
52.6	46.8	6.7	78.2	176.8	99.6	3.9	.0	
47.2	34.9	16.6	283.8	277.2	60.8	51.2	.0	
44.3	19.5	7.5	250.6	512.4	2.5	.0	.0	
50.5	30.8	10.6	184.2	218.6	76.7	.0	.0	
56.7	50.9	11.2	236.6	183.2	79.6	27.6	.0	
53.8	29.1	8.1	259.0	454.8	49.2	.0	.0	
46.6	40.7	7.8	119.8	186.3	100.0	51.2	.0	
49.0	48.4	7.6	128.2	187.8	94.6	94.5	.0	
58.6	46.8	9.2	195.8	384.7	46.7	.0	.0	
67.6	46.5	11.5	147.4	530.4	28.3	.0	.0	
59.4	41.7	17.3	233.0	359.7	59.2	39.4	.0	
53.2	28.3	18.8	245.0	395.7	26.7	.0	.0	
56.3	26.8	11.0	243.4	442.5	45.4	.0	.0	
67.9	45.9	12.8	243.4	260.8	75.4	.0	.0	
54.1	25.7	12.9	277.4	565.5	10.8	.0	.0	
52.3	23.7	9.1	211.0	549.5	49.6	.0	.0	
47.0	22.6	9.8	221.0	570.3	9.6	.0	.0	
49.8	24.8	9.6	252.6	547.4	20.4	.0	.0	
62.1	35.3	13.4	235.8	561.5	25.8	.0	.0	
67.9	46.2	9.4	199.8	361.2	73.8	.0	.0	
60.0	48.8	8.1	112.6	491.8	52.5	.0	.0	
69.9	58.3	9.6	190.6	501.1	48.8	23.6	.0	
63.3	43.2	9.1	206.2	486.9	57.5	.0	.0	
56.7	52.8	6.6	127.8	210.7	95.8	11.8	.0	
67.4	57.8	6.1	211.8	270.2	94.2	.0	.0	
5 31 1994
60.5	50.1	13.9	230.2	375.1	68.8	39.4	.0	
52.0	30.5	11.4	285.4	503.6	35.4	.0	.0	
53.3	32.4	5.8	178.6	269.4	82.5	.0	.0	
54.2	39.9	9.5	89.4	218.3	99.6	.0	.0	
61.9	40.0	9.9	209.0	532.0	46.2	.0	.0	
55.7	41.5	13.5	247.8	435.1	55.8	7.9	.0	
52.7	44.5	7.5	171.4	405.0	65.0	74.8	.0	
54.4	48.4	10.6	261.0	219.6	92.1	39.4	.0	
61.3	45.0	12.0	226.2	515.4	41.7	.0	.0	
58.4	41.3	9.4	269.4	533.5	44.6	.0	.0	
58.6	41.2	9.8	213.4	390.6	64.6	.0	.0	
57.2	46.6	12.6	259.0	344.2	77.1	19.7	.0	
53.4	27.7	14.7	291.4	641.8	2.5	.0	.0	
58.4	32.1	10.1	253.0	528.9	35.0	.0	.0	
63.9	53.2	5.9	138.2	299.7	77.5	19.7	.0	
63.7	52.7	14.4	245.8	501.7	79.2	27.6	.0	
51.9	43.5	13.7	311.4	298.9	82.5	.0	.0	
53.6	44.5	11.8	298.6	292.6	87.5	.0	.0	
52.2	48.8	6.4	158.2	229.9	100.0	27.6	.0	
54.3	44.8	8.3	114.6	326.2	60.4	.0	.0	
63.0	46.1	4.4	186.2	661.4	5.4	.0	.0	
70.7	51.3	6.4	129.4	659.1	22.1	.0	.0	
72.7	55.0	7.5	219.4	576.1	35.4	.0	.0	
71.8	52.2	6.6	247.4	606.1	49.6	.0	.0	
68.0	61.7	8.0	229.0	295.9	89.6	27.6	.0	
66.4	61.3	10.1	225.4	258.4	96.7	7.9	.0	
53.9	33.0	14.8	295.8	624.2	32.1	.0	.0	
58.0	37.2	10.2	237.0	671.9	4.2	.0	.0	
65.2	44.1	7.5	208.6	676.5	.0	.0	.0	
70.7	55.1	9.6	178.2	382.7	58.8	.0	.0	
72.4	57.8	10.3	189.8	630.2	23.3	.0	.0	
6 30 1994
72.5	53.1	11.2	263.0	556.2	40.4	.0	.0	
60.6	39.7	11.8	283.8	609.6	23.3	.0	.0	
64.3	44.6	9.0	299.8	683.6	2.1	.0	.0	
68.7	43.6	4.9	207.8	589.6	25.4	.0	.0	
68.7	52.6	6.2	149.4	297.8	72.1	.0	.0	
69.7	66.5	6.3	150.6	240.5	99.2	189.0	.0	
76.8	64.6	8.8	190.2	604.3	53.8	.0	.0	
65.8	55.1	9.6	253.0	280.9	69.2	.0	.0	
65.5	46.8	7.0	214.6	644.5	18.8	.0	.0	
70.5	53.3	6.4	195.4	479.5	47.1	.0	.0	
64.7	58.7	7.0	105.0	261.4	85.4	7.9	.0	
70.7	66.4	9.1	193.4	254.6	83.8	15.7	.0	
76.2	68.4	8.8	182.2	424.8	67.1	.0	.0	
81.6	72.3	7.8	227.0	549.9	51.2	.0	.0	
82.6	73.5	5.1	173.4	613.6	28.3	3.9	.0	
76.8	72.6	6.3	97.4	274.7	78.8	.0	.0	
78.6	71.5	5.8	148.2	410.7	67.9	.0	.0	
80.3	75.3	6.6	249.4	451.9	68.3	.0	.0	
83.6	70.1	8.9	270.2	674.7	35.0	.0	.0	
77.8	59.9	9.9	115.8	468.7	60.4	.0	.0	
74.4	67.7	9.3	199.0	268.6	87.5	.0	.0	
76.2	55.4	9.7	284.2	679.8	16.7	.0	.0	
78.0	59.3	6.4	201.0	451.8	63.3	.0	.0	
75.9	71.6	11.0	92.2	286.7	97.5	59.1	.0	
74.4	65.7	11.5	178.6	341.2	67.9	7.9	.0	
76.5	60.1	11.1	216.2	680.3	25.8	.0	.0	
75.3	71.0	11.8	182.6	402.0	84.6	157.5	.0	
73.6	66.1	9.4	204.6	329.3	76.7	3.9	.0	
73.6	70.2	7.8	114.2	334.6	81.7	94.5	.0	
73.8	67.3	7.8	228.6	380.3	73.8	11.8	.0	
7 31 1994
74.0	64.1	7.1	246.2	668.6	10.4	.0	.0	
76.9	67.3	7.4	213.0	579.1	39.2	.0	.0	
76.4	68.6	7.4	155.8	276.9	72.9	.0	.0	
76.0	67.5	8.0	101.8	641.9	17.1	.0	.0	
76.3	70.1	6.5	173.8	336.9	80.8	.0	.0	
81.7	73.5	8.8	255.0	631.1	62.1	3.9	.0	
81.5	72.1	6.0	241.4	333.4	83.8	.0	.0	
81.3	75.9	6.0	123.0	410.3	64.2	43.3	.0	
81.9	70.4	7.9	200.2	595.2	32.5	3.9	.0	
78.9	62.3	11.6	264.2	455.5	60.8	.0	.0	
72.3	54.6	6.9	267.0	595.5	22.9	.0	.0	
74.8	59.5	6.7	236.2	674.9	5.4	.0	.0	
80.1	64.8	6.3	225.8	675.4	13.8	.0	.0	
75.2	69.9	8.9	88.6	258.6	92.1	94.5	.0	
76.5	70.3	7.1	148.2	350.7	90.8	3.9	.0	
77.1	66.4	7.3	263.0	388.6	50.0	.0	.0	
77.3	64.6	4.6	180.2	379.2	61.2	.0	.0	
74.6	69.6	7.0	120.2	234.3	98.8	11.8	.0	
79.8	69.1	5.3	199.0	473.9	72.9	.0	.0	
81.3	73.0	6.7	147.0	515.9	43.3	.0	.0	
82.3	73.1	9.4	187.0	533.6	58.8	15.7	.0	
81.8	73.5	11.9	203.0	403.4	89.2	.0	.0	
74.7	71.8	7.9	175.8	256.5	98.8	224.4	.0	
78.6	71.0	4.7	180.2	362.6	72.9	.0	.0	
76.5	68.6	7.6	235.4	253.3	73.8	15.7	.0	
74.5	69.6	5.3	185.8	286.6	78.3	19.7	.0	
74.2	65.5	6.6	165.4	322.8	85.0	137.8	.0	
72.4	67.9	8.0	234.2	236.2	94.6	.0	.0	
75.1	66.2	5.4	124.6	531.0	70.0	.0	.0	
79.1	70.3	8.7	207.0	471.6	69.2	.0	.0	
75.7	68.4	5.2	161.4	277.2	62.5	.0	.0	
8 31 1994
75.9	71.0	5.1	170.2	228.0	79.6	.0	.0	
78.9	71.9	5.5	172.2	223.2	91.2	.0	.0	
79.1	69.6	6.9	233.4	592.2	45.4	.0	.0	
78.1	71.2	7.8	222.2	526.4	54.6	23.6	.0	
67.7	64.0	9.2	272.2	218.9	74.6	35.4	.0	
62.7	50.2	7.4	143.0	615.7	3.8	.0	.0	
67.2	55.0	5.0	117.4	599.3	15.4	.0	.0	
69.3	59.2	4.9	161.4	575.3	8.8	.0	.0	
73.0	63.8	5.8	175.8	608.6	7.9	.0	.0	
70.5	58.0	7.2	284.6	368.7	62.1	.0	.0	
67.0	59.5	4.2	210.6	221.1	97.9	.0	.0	
71.4	67.9	5.7	112.6	213.8	99.6	.0	.0	
78.6	72.0	8.9	214.2	312.6	83.3	.0	.0	
75.2	68.6	11.7	246.2	364.9	61.2	23.6	.0	
65.7	54.0	9.1	263.4	497.2	35.8	.0	.0	
67.5	57.4	6.0	197.8	270.6	67.5	.0	.0	
69.2	67.8	6.4	86.6	204.6	100.0	177.2	.0	
74.4	70.6	9.4	218.6	217.3	91.2	.0	.0	
75.1	66.3	5.8	229.0	263.1	96.2	.0	.0	
74.4	70.0	6.7	131.8	292.4	78.8	31.5	.0	
74.8	71.3	9.0	136.6	234.9	97.1	114.2	.0	
65.4	63.1	8.5	149.8	198.0	90.0	196.9	.0	
64.6	52.6	7.0	274.2	559.9	4.2	.0	.0	
65.8	54.6	4.9	156.6	446.9	28.3	.0	.0	
69.0	61.7	6.4	223.0	464.9	43.8	.0	.0	
74.1	67.6	5.9	243.4	522.7	37.9	.0	.0	
74.4	67.6	6.3	202.2	260.4	66.7	.0	.0	
75.9	68.9	8.0	186.2	425.3	49.2	.0	.0	
68.7	59.3	8.8	275.4	394.0	55.0	11.8	.0	
65.4	53.0	6.3	243.4	519.6	27.5	.0	.0	
69.3	64.4	6.9	162.6	219.7	97.9	.0	.0	
9 30 1994
69.4	59.1	8.3	286.2	352.4	61.7	.0	.0	
62.1	49.2	5.4	235.8	473.2	37.9	.0	.0	
60.9	48.5	5.2	53.8	456.9	40.4	.0	.0	
61.9	50.8	7.1	35.8	415.2	44.2	.0	.0	
59.8	47.7	7.5	285.0	473.5	11.2	.0	.0	
62.3	49.1	8.0	253.4	498.4	3.3	.0	.0	
64.7	53.6	9.8	258.6	431.1	23.3	.0	.0	
66.6	53.4	9.6	238.6	422.3	21.7	.0	.0	
67.2	58.7	8.9	245.4	430.6	30.0	11.8	.0	
62.2	49.8	8.9	292.6	463.5	7.1	.0	.0	
57.7	46.0	10.8	292.2	469.2	9.2	.0	.0	
63.4	51.0	8.2	271.4	440.3	26.2	.0	.0	
71.9	59.4	10.3	235.0	377.6	55.0	.0	.0	
72.8	64.7	8.5	211.8	228.1	70.4	.0	.0	
70.9	63.4	5.6	150.6	263.1	73.3	.0	.0	
72.1	68.9	5.1	161.8	158.3	99.2	.0	.0	
73.3	68.9	7.6	217.4	156.5	100.0	74.8	.0	
64.4	53.7	10.6	301.8	424.1	35.8	11.8	.0	
61.5	49.0	8.3	284.2	435.8	2.1	.0	.0	
62.4	51.0	5.3	211.8	432.5	5.0	.0	.0	
64.3	54.6	4.5	172.6	226.2	82.5	.0	.0	
60.3	58.0	13.5	34.6	148.0	100.0	55.1	.0	
62.8	61.4	11.0	104.6	149.2	99.6	11.8	.0	
66.6	62.2	4.5	146.6	175.6	95.8	.0	.0	
68.0	65.7	6.6	84.2	154.8	97.5	.0	.0	
68.2	67.2	8.7	118.2	141.3	100.0	51.2	.0	
70.9	65.0	9.0	177.8	280.6	71.2	47.2	.0	
60.7	55.6	7.8	208.6	169.4	78.8	3.9	.0	
56.5	46.6	14.3	249.0	198.9	44.6	.0	.0	
57.1	42.8	11.5	264.2	380.9	13.3	.0	.0	
10 31 1994
53.8	52.5	4.9	169.4	132.9	89.6	35.4	.0	
55.2	43.0	10.3	258.2	356.7	19.6	.0	.0	
50.7	36.4	8.2	246.2	274.9	33.3	.0	.0	
50.5	41.7	9.0	291.0	143.3	66.2	.0	.0	
49.4	39.8	8.8	280.6	186.7	70.0	.0	.0	
49.7	40.7	6.5	256.2	195.1	55.0	.0	.0	
55.8	46.0	4.8	152.6	351.5	10.0	.0	.0	
58.2	50.1	5.9	184.2	309.9	21.2	.0	.0	
64.2	59.7	9.4	190.6	187.8	93.8	23.6	.0	
52.0	39.9	9.9	289.0	293.4	30.0	.0	.0	
50.0	32.7	7.1	143.4	333.1	.0	.0	.0	
48.7	35.8	5.2	115.8	328.5	.4	.0	.0	
49.9	42.4	3.6	82.2	192.3	68.8	.0	.0	
54.4	44.1	6.1	87.8	117.7	75.4	.0	.0	
52.8	40.2	8.7	41.4	315.1	2.9	.0	.0	
51.8	33.6	3.9	155.0	309.7	10.0	.0	.0	
52.3	33.9	3.4	153.0	306.0	5.4	.0	.0	
55.7	40.5	3.6	157.8	162.7	85.8	.0	.0	
60.0	51.1	4.9	226.2	110.5	81.7	.0	.0	
60.1	58.9	3.5	181.8	109.7	77.1	11.8	.0	
57.3	49.1	10.0	285.8	275.2	17.5	.0	.0	
56.7	48.3	5.7	214.6	234.8	51.2	.0	.0	
54.9	54.0	6.1	117.0	98.4	91.2	63.0	.0	
52.9	43.9	6.0	195.8	267.7	10.4	.0	.0	
49.2	38.2	7.3	251.8	205.2	35.0	.0	.0	
46.7	36.1	6.4	227.4	127.5	75.4	.0	.0	
46.9	37.4	7.5	271.4	138.9	53.3	.0	.0	
47.3	37.4	6.3	238.6	261.4	4.6	.0	.0	
49.4	39.8	6.0	209.4	203.0	39.6	.0	.0	
52.6	42.2	5.9	228.6	254.1	4.2	.0	.0	
59.8	54.8	6.0	135.8	91.9	87.9	.0	.0	
11 30 1994
60.2	57.5	10.5	175.4	87.4	99.6	15.7	.0	
50.8	36.1	16.4	271.0	154.7	49.6	.0	.0	
53.8	36.9	4.7	203.4	136.8	64.2	.0	.0	
64.2	47.7	5.7	188.6	227.6	54.6	.0	.0	
58.7	48.6	3.1	114.2	130.1	79.6	.0	.0	
61.5	55.6	13.1	192.2	90.1	72.5	7.9	.0	
48.9	32.1	13.8	278.6	227.4	6.2	3.9	.0	
51.0	37.4	8.2	212.2	158.3	64.2	.0	.0	
57.2	49.1	7.6	195.4	77.5	100.0	35.4	.0	
45.7	34.2	13.4	270.2	199.6	39.6	35.4	.0	
41.3	25.7	10.8	273.8	215.1	.8	.0	.0	
39.6	30.1	5.7	201.4	81.7	64.2	.0	.0	
53.2	41.2	4.6	141.8	82.1	98.8	.0	.0	
56.2	48.4	7.0	122.6	155.8	77.5	.0	.0	
54.3	47.5	6.9	217.8	80.2	92.9	.0	.0	
46.0	36.7	6.9	29.0	70.7	100.0	7.9	.0	
48.0	36.7	11.9	37.8	94.8	70.4	.0	.0	
52.6	51.6	9.1	69.0	69.0	95.8	.0	.0	
51.4	38.1	9.4	277.4	194.9	4.2	.0	.0	
44.3	34.1	5.5	123.8	67.5	75.8	.0	.0	
50.2	47.8	9.2	116.2	66.7	88.3	102.4	.0	
46.6	30.2	15.8	256.2	186.4	12.5	.0	.0	
34.6	17.7	17.4	267.8	182.7	13.3	.0	.0	
30.3	16.4	10.5	253.0	167.3	16.2	.0	.0	
37.3	25.6	8.1	188.2	131.1	50.4	.0	.0	
36.3	22.4	9.3	253.0	175.8	16.2	.0	.0	
29.8	22.6	9.1	42.6	62.8	91.2	74.8	30.0	
48.7	46.1	10.2	138.2	62.2	69.6	141.7	.0	
44.8	26.4	9.3	225.8	118.0	62.9	.0	.0	
40.0	25.3	10.6	239.4	167.7	43.3	.0	.0	
12 31 1994
35.7	26.1	7.4	218.6	150.7	23.3	.0	.0	
37.0	27.6	6.5	208.2	168.5	7.1	.0	.0	
41.3	31.7	3.1	173.8	93.4	61.7	.0	.0	
47.0	39.3	4.3	131.4	59.4	92.9	11.8	.0	
52.0	51.7	8.4	122.2	59.0	91.2	137.8	.0	
56.5	50.3	7.7	231.0	95.5	92.1	.0	.0	
49.2	45.0	9.5	170.6	59.9	97.1	7.9	.0	
31.2	16.7	13.8	311.8	165.7	21.7	.0	.0	
31.6	24.9	5.3	138.2	64.2	82.5	.0	.0	
37.9	34.2	9.2	90.6	57.4	95.8	86.6	.0	
38.2	27.7	15.6	269.8	73.9	71.2	.0	.0	
25.8	8.8	8.1	185.8	93.9	51.2	.0	.0	
26.6	17.7	9.7	37.8	71.6	90.0	.0	10.0	
33.2	26.3	10.9	35.4	56.6	82.9	.0	.0	
33.2	25.3	6.9	71.8	81.2	62.5	.0	.0	
33.5	26.1	8.4	53.0	100.2	64.2	.0	.0	
39.0	38.0	7.3	113.4	56.2	100.0	7.9	.0	
39.8	35.1	6.8	281.0	146.0	44.2	.0	.0	
37.2	28.2	9.9	285.4	81.9	85.0	.0	.0	
35.0	27.2	6.8	240.2	113.6	26.7	.0	.0	
36.1	29.7	6.5	254.6	158.5	4.2	.0	.0	
35.0	29.6	4.3	221.8	104.4	26.2	.0	.0	
41.1	27.7	8.2	204.6	56.1	77.1	.0	.0	
45.6	40.8	18.0	236.6	56.2	100.0	35.4	.0	
44.8	35.2	11.5	311.0	100.2	53.3	.0	.0	
39.7	26.7	6.3	263.8	160.0	3.8	.0	.0	
34.9	27.0	4.3	186.2	160.3	33.8	.0	.0	
38.7	30.3	10.9	256.6	158.9	25.8	.0	.0	
35.2	14.1	16.2	308.2	160.9	30.4	.0	.0	
26.0	2.5	8.4	264.2	148.0	15.4	.0	.0	
27.1	17.3	3.7	127.8	65.3	69.2	23.6	.0	
