   1    31    1964
23.8	16.2	10.2	92.5	59.6	98.0	.0	.0	
31.0	22.8	13.3	234.6	119.9	86.0	.0	.0	
37.3	25.8	4.6	157.5	184.7	30.0	.0	.0	
37.5	21.9	12.5	254.2	109.5	91.0	.0	.0	
32.1	16.3	8.4	178.3	202.7	23.0	.0	.0	
31.6	20.2	4.0	113.8	100.2	90.0	.0	.0	
33.3	25.0	7.5	270.4	191.1	43.0	.0	.0	
27.7	16.2	5.0	119.6	208.2	22.0	.0	.0	
40.1	36.2	9.5	115.4	59.6	98.0	.0	.0	
26.1	13.2	16.3	257.9	141.8	86.0	.0	.0	
22.7	10.3	7.9	256.7	177.3	40.0	.0	.0	
12.9	.1	10.8	86.7	85.1	90.0	.0	.0	
11.4	7.1	13.6	69.2	130.0	98.0	.0	.0	
7.7	-5.4	9.5	287.1	231.4	28.0	.0	.0	
6.9	-2.0	4.1	157.5	237.2	9.0	.0	.0	
21.7	8.7	10.4	213.3	214.8	33.0	.0	.0	
26.3	14.3	5.5	197.5	192.9	57.0	.0	.0	
29.8	17.6	7.9	207.5	241.5	28.0	.0	.0	
31.4	20.0	5.2	127.1	209.6	63.0	.0	.0	
37.3	33.2	7.3	192.9	98.0	98.0	.0	.0	
40.0	25.0	15.8	296.3	235.9	39.0	.0	.0	
35.3	25.1	6.6	204.2	206.8	70.0	.0	.0	
36.0	24.9	3.3	95.8	235.6	41.0	.0	.0	
40.9	32.0	4.2	168.3	160.9	91.0	.0	.0	
42.7	33.5	12.4	223.8	117.1	79.0	.0	.0	
32.7	17.4	14.9	240.0	156.9	74.0	.0	.0	
31.5	15.1	10.3	195.4	249.3	38.0	.0	.0	
21.9	14.3	10.0	307.1	146.6	88.0	.0	.0	
16.8	7.5	6.1	250.0	213.3	73.0	.0	.0	
25.8	16.9	8.3	236.3	138.9	64.0	.0	.0	
24.0	17.2	6.8	168.8	130.7	74.0	.0	.0	
   2    29    1964
31.7	28.5	5.6	179.6	147.4	98.0	.0	27.9	
28.5	18.9	13.6	313.3	143.9	74.0	.0	.0	
16.0	4.4	9.3	308.8	292.8	31.0	.0	.0	
23.4	10.4	12.7	236.7	258.5	35.0	.0	.0	
36.5	21.2	11.4	215.0	236.1	46.0	.0	.0	
33.6	26.4	10.3	95.0	91.3	89.0	59.0	.0	
35.5	29.9	10.2	243.3	140.1	98.0	.0	.0	
26.3	14.5	11.7	264.6	147.5	92.0	.0	.0	
21.2	10.5	9.4	221.3	261.4	49.0	.0	.0	
18.6	9.7	6.4	95.4	158.1	73.0	.0	2.5	
19.6	4.8	6.3	122.1	239.5	45.0	.0	.0	
22.5	9.3	4.8	202.5	292.1	32.0	.0	.0	
27.8	18.9	6.2	165.0	122.8	90.0	.0	.0	
29.6	20.7	10.1	301.3	170.6	66.0	.0	2.5	
27.5	17.8	6.4	216.3	248.5	60.0	.0	25.4	
26.8	20.5	10.9	253.8	165.3	98.0	.0	73.7	
20.2	7.6	5.7	228.3	304.4	54.0	.0	.0	
25.6	16.2	5.7	96.3	177.7	81.0	.0	15.2	
27.7	23.4	8.2	183.8	219.0	98.0	.0	195.6	
24.9	16.0	10.9	286.3	251.2	86.0	.0	5.1	
18.8	6.0	8.2	295.4	308.8	78.0	.0	.0	
13.2	1.8	7.1	250.8	356.5	15.0	.0	.0	
14.0	3.1	4.7	144.2	388.7	13.0	.0	.0	
20.9	10.0	8.6	261.3	214.4	63.0	.0	.0	
16.6	4.5	7.0	182.5	350.6	45.0	.0	.0	
25.1	18.0	5.2	216.7	218.6	72.0	.0	2.5	
17.2	2.7	9.9	208.3	359.0	15.0	.0	.0	
20.6	10.3	6.2	153.8	258.9	60.0	.0	15.2	
28.5	12.8	11.2	278.3	395.2	36.0	.0	.0	
   3    31    1964
32.7	15.6	6.3	186.7	289.8	62.0	.0	.0	
39.8	28.9	4.2	171.3	356.2	80.0	.0	.0	
43.5	34.2	3.4	124.2	246.3	63.0	.0	.0	
41.3	35.2	6.3	147.1	168.2	88.0	.0	.0	
53.0	41.6	20.1	215.4	258.3	84.0	24.0	.0	
35.1	17.4	10.8	245.4	371.3	38.0	.0	.0	
44.1	26.9	10.5	170.8	299.2	58.0	.0	.0	
39.4	26.0	8.0	107.1	168.1	93.0	1.0	.0	
45.2	40.6	8.2	158.8	198.7	98.0	56.0	.0	
35.3	30.0	12.1	152.5	146.5	98.0	180.0	.0	
24.5	14.5	10.9	260.8	212.0	78.0	.0	.0	
26.9	21.0	4.3	162.5	182.7	90.0	.0	27.9	
33.2	21.5	5.8	266.3	319.2	70.0	.0	.0	
38.1	30.2	8.2	206.3	179.5	89.0	1.0	.0	
39.7	26.2	7.9	259.6	229.6	70.0	13.0	.0	
38.8	20.6	12.1	247.1	459.4	4.0	.0	.0	
36.7	27.5	7.9	211.7	239.1	65.0	7.0	.0	
24.1	13.2	15.2	304.6	258.9	86.0	.0	.0	
26.8	13.5	11.1	325.0	441.1	27.0	.0	.0	
34.3	17.3	5.8	164.2	336.5	80.0	.0	.0	
35.5	25.3	7.3	77.5	205.7	98.0	44.0	.0	
36.7	29.5	8.2	262.5	282.7	96.0	.0	.0	
38.3	22.0	7.6	192.9	480.9	27.0	.0	.0	
44.6	27.7	8.2	194.2	289.8	43.0	.0	.0	
53.0	43.6	7.2	172.5	212.3	80.0	.0	.0	
48.9	39.2	14.2	196.7	266.2	78.0	7.0	.0	
33.1	14.4	13.0	238.3	363.6	53.0	.0	.0	
39.3	22.1	10.2	126.3	390.7	66.0	1.0	.0	
36.6	22.6	9.2	231.3	286.7	68.0	.0	.0	
26.6	14.2	11.0	295.0	288.8	73.0	.0	.0	
23.6	10.4	8.1	245.8	309.4	65.0	.0	22.9	
   4    30    1964
28.3	10.7	7.6	204.2	566.0	15.0	.0	.0	
36.1	22.2	9.7	158.8	359.3	58.0	4.0	.0	
39.0	33.7	10.3	261.3	199.1	96.0	34.0	.0	
29.3	13.3	11.7	312.9	528.7	25.0	.0	.0	
36.4	14.0	5.4	129.2	535.0	27.0	.0	.0	
37.8	29.8	4.5	159.2	147.3	88.0	25.0	.0	
46.8	44.2	6.1	210.8	216.2	98.0	2.0	.0	
47.8	42.0	6.7	233.8	262.0	98.0	.0	.0	
36.1	24.3	11.9	277.9	265.9	70.0	1.0	.0	
45.0	25.8	10.1	256.7	480.2	43.0	.0	.0	
46.7	23.9	3.3	141.7	586.6	23.0	.0	.0	
52.2	33.2	8.3	154.6	364.6	52.0	.0	.0	
55.4	43.6	9.8	166.7	233.2	83.0	3.0	.0	
58.2	55.4	7.7	195.8	241.8	98.0	75.0	.0	
52.6	37.3	8.7	230.0	276.2	78.0	5.0	.0	
47.0	24.8	7.2	238.3	571.5	20.0	.0	.0	
64.4	38.6	9.2	177.1	564.8	37.0	.0	.0	
65.5	46.4	10.0	265.8	336.3	75.0	35.0	.0	
49.4	45.5	6.6	184.2	199.8	98.0	22.0	.0	
42.8	38.7	9.0	102.1	207.7	98.0	63.0	.0	
39.9	35.8	7.6	132.1	235.7	98.0	4.0	.0	
44.6	41.9	6.0	202.5	254.0	98.0	.0	.0	
54.3	41.8	7.4	253.8	544.8	63.0	.0	.0	
43.2	34.2	9.1	280.0	273.0	85.0	.0	.0	
46.8	33.3	4.5	137.1	441.7	50.0	.0	.0	
51.4	36.5	7.8	175.0	635.7	17.0	.0	.0	
56.2	38.5	9.3	207.1	513.6	58.0	15.0	.0	
56.0	51.4	8.5	93.3	265.6	98.0	30.0	.0	
47.3	37.4	13.2	75.8	245.8	98.0	3.0	.0	
46.4	43.0	6.4	101.3	200.8	98.0	61.0	.0	
   5    31    1964
51.4	32.0	7.5	82.5	264.3	98.0	1.0	.0	
51.9	28.1	8.0	102.9	534.6	46.0	.0	.0	
53.3	35.3	7.3	135.8	565.3	13.0	.0	.0	
60.3	39.3	4.4	144.6	616.8	5.0	.0	.0	
63.3	41.4	8.7	132.1	633.8	33.0	.0	.0	
62.1	44.3	7.8	195.0	573.9	44.0	.0	.0	
69.2	50.0	7.5	197.5	426.9	48.0	.0	.0	
70.2	59.4	7.6	213.3	270.4	85.0	10.0	.0	
75.0	49.5	13.5	220.4	517.2	68.0	.0	.0	
60.7	45.3	13.1	268.8	257.3	69.0	1.0	.0	
61.3	39.2	8.0	240.4	585.9	43.0	.0	.0	
62.2	43.7	5.4	174.2	345.8	73.0	.0	.0	
66.1	56.8	7.1	142.5	373.2	98.0	43.0	.0	
55.5	51.3	7.3	266.3	239.0	98.0	34.0	.0	
53.7	47.2	4.2	221.3	349.3	67.0	8.0	.0	
64.7	49.8	8.4	182.5	637.5	33.0	.0	.0	
64.6	48.1	6.7	235.4	573.0	41.0	.0	.0	
63.7	45.8	7.7	179.6	610.3	34.0	.0	.0	
71.2	53.7	12.1	201.3	578.6	55.0	.0	.0	
56.9	42.8	12.0	300.0	387.9	55.0	.0	.0	
55.9	36.1	5.9	188.8	676.7	22.0	.0	.0	
69.2	48.3	8.9	211.7	610.2	65.0	.0	.0	
76.9	53.0	8.1	217.1	674.9	28.0	.0	.0	
76.5	58.7	8.9	201.3	632.6	29.0	1.0	.0	
66.0	44.4	14.1	295.0	616.5	41.0	.0	.0	
67.6	45.8	11.3	210.8	511.8	64.0	.0	.0	
66.9	41.8	12.3	270.0	543.8	60.0	.0	.0	
55.1	35.3	9.1	300.0	495.8	62.0	.0	.0	
50.9	35.0	8.1	290.4	377.0	78.0	.0	.0	
54.7	38.3	5.7	172.9	616.6	60.0	.0	.0	
61.6	42.4	6.0	127.9	389.5	94.0	.0	.0	
   6    30    1964
57.5	44.3	6.9	183.8	319.3	98.0	.0	.0	
58.0	39.6	9.0	222.1	541.9	66.0	.0	.0	
53.9	44.5	6.9	167.5	280.4	71.0	46.0	.0	
57.2	39.0	9.7	240.0	581.1	17.0	.0	.0	
55.5	34.9	6.4	173.8	655.7	26.0	.0	.0	
56.4	47.9	4.1	192.5	219.2	83.0	79.0	.0	
65.3	59.9	6.0	193.3	463.7	88.0	108.0	.0	
67.8	61.1	4.7	201.3	427.9	68.0	56.0	.0	
71.8	63.4	8.4	180.8	504.1	48.0	.0	.0	
74.9	61.6	11.0	264.6	535.6	49.0	.0	.0	
61.9	46.2	11.1	275.8	681.7	20.0	.0	.0	
64.5	49.3	6.1	165.0	445.9	75.0	.0	.0	
71.4	61.7	8.0	220.4	350.3	67.0	.0	.0	
74.5	59.1	9.3	237.5	695.6	14.0	.0	.0	
68.3	60.9	7.4	158.3	280.5	95.0	198.0	.0	
57.4	39.5	12.5	315.8	644.2	29.0	.0	.0	
60.0	39.6	8.7	275.4	736.2	7.0	.0	.0	
65.0	46.8	5.7	212.9	600.8	54.0	.0	.0	
72.4	65.6	6.6	203.8	314.5	83.0	.0	.0	
78.2	65.3	8.0	225.0	550.7	72.0	.0	.0	
76.5	65.1	5.0	168.8	460.3	82.0	9.0	.0	
74.1	65.7	5.7	117.9	509.3	58.0	1.0	.0	
73.1	64.7	7.6	173.8	613.6	49.0	.0	.0	
76.2	65.6	9.6	242.1	329.6	93.0	.0	.0	
63.4	51.5	8.0	267.5	398.4	61.0	.0	.0	
70.2	55.0	8.1	189.6	705.1	3.0	.0	.0	
74.9	56.0	10.5	268.8	594.8	12.0	.0	.0	
67.8	47.5	7.3	207.1	689.8	7.0	.0	.0	
74.0	53.8	6.5	181.3	670.4	43.0	.0	.0	
81.1	61.8	6.3	203.3	619.3	30.0	3.0	.0	
   7    31    1964
76.4	64.7	5.5	161.3	494.0	72.0	39.0	.0	
72.1	64.2	5.4	206.7	523.2	83.0	10.0	.0	
74.9	66.1	7.2	190.0	553.5	87.0	1.0	.0	
68.2	60.1	7.0	230.4	382.7	90.0	33.0	.0	
66.9	51.2	9.4	286.7	507.0	54.0	.0	.0	
68.2	49.2	7.2	222.1	659.9	14.0	.0	.0	
68.2	48.0	5.6	157.9	604.3	40.0	.0	.0	
67.6	58.8	7.1	84.2	242.3	98.0	1.0	.0	
66.4	58.5	10.0	61.3	363.1	83.0	.0	.0	
69.7	56.7	5.8	172.1	553.5	40.0	.0	.0	
73.8	57.2	5.6	181.7	636.3	21.0	.0	.0	
72.8	63.1	9.3	128.8	340.3	95.0	11.0	.0	
66.7	62.1	9.7	76.7	278.9	98.0	11.0	.0	
73.4	60.8	6.3	202.9	573.2	49.0	.0	.0	
73.1	60.4	7.6	199.2	533.1	36.0	.0	.0	
72.9	59.6	6.1	193.3	594.6	27.0	.0	.0	
76.8	60.7	6.1	185.4	620.1	18.0	.0	.0	
80.8	64.8	6.8	184.6	649.2	22.0	.0	.0	
81.6	66.6	7.4	216.3	647.3	40.0	.0	.0	
77.5	69.7	5.6	143.8	372.2	73.0	13.0	.0	
79.2	68.9	9.3	197.9	459.1	65.0	.0	.0	
77.5	68.7	8.0	187.5	343.3	88.0	3.0	.0	
77.3	68.8	6.5	113.3	481.0	78.0	.0	.0	
71.6	65.0	7.2	83.3	326.6	98.0	.0	.0	
69.5	62.3	6.3	97.9	329.0	98.0	.0	.0	
71.5	64.9	8.3	212.1	322.5	98.0	1.0	.0	
79.2	65.3	5.2	191.7	635.7	42.0	.0	.0	
79.6	68.3	7.6	183.3	557.0	54.0	.0	.0	
78.8	66.6	8.8	232.1	563.0	54.0	.0	.0	
69.5	50.3	8.7	248.3	524.5	31.0	.0	.0	
65.6	43.8	6.4	171.7	640.7	6.0	.0	.0	
   8    31    1964
69.4	49.7	7.2	189.2	554.9	61.0	.0	.0	
74.9	63.5	8.9	207.5	342.3	95.0	.0	.0	
64.6	58.0	6.4	111.7	256.7	73.0	24.0	.0	
64.6	53.7	6.4	195.8	529.4	63.0	.0	.0	
70.5	56.7	8.1	270.8	454.8	53.0	1.0	.0	
65.5	44.2	7.7	198.3	620.7	19.0	.0	.0	
69.5	51.6	9.1	162.5	516.6	68.0	.0	.0	
73.8	57.2	11.4	272.5	505.4	70.0	1.0	.0	
61.8	41.9	10.0	262.5	468.2	59.0	.0	.0	
63.2	48.8	7.8	177.5	460.9	67.0	.0	.0	
73.2	64.7	9.3	187.5	355.7	87.0	.0	.0	
70.0	60.8	9.8	238.8	354.4	83.0	183.0	.0	
59.3	49.7	8.4	261.3	274.3	82.0	2.0	.0	
58.2	46.2	6.9	219.2	385.7	61.0	.0	.0	
62.0	47.4	7.5	228.8	440.2	49.0	.0	.0	
64.6	51.6	8.6	179.6	527.5	40.0	.0	.0	
69.5	56.6	6.7	193.3	470.1	66.0	.0	.0	
63.0	58.7	5.7	232.9	284.6	75.0	43.0	.0	
61.3	50.2	7.0	252.1	421.0	80.0	.0	.0	
59.0	52.2	6.8	162.5	324.0	68.0	10.0	.0	
61.9	56.8	4.3	164.2	256.9	90.0	2.0	.0	
74.5	67.7	6.8	157.5	296.7	89.0	2.0	.0	
77.8	68.1	8.5	222.9	284.5	86.0	.0	.0	
71.7	59.5	6.7	191.3	493.9	22.0	.0	.0	
72.8	58.3	8.0	157.1	527.5	13.0	.0	.0	
65.0	60.5	4.5	174.2	242.8	49.0	1.0	.0	
65.2	49.5	5.7	152.5	553.3	17.0	.0	.0	
71.5	55.3	8.8	159.2	547.5	15.0	.0	.0	
72.7	66.3	5.6	205.4	347.8	52.0	.0	.0	
77.8	66.9	7.3	165.0	498.9	53.0	.0	.0	
76.4	68.2	8.0	180.0	330.2	73.0	16.0	.0	
   9    30    1964
66.8	54.3	8.7	268.3	354.7	39.0	.0	.0	
62.0	46.8	5.6	132.5	550.0	2.0	.0	.0	
65.2	50.5	5.2	162.5	545.8	21.0	.0	.0	
76.1	57.1	8.7	179.6	459.5	53.0	.0	.0	
71.7	50.7	10.0	300.0	531.0	9.0	.0	.0	
63.2	44.7	5.9	187.9	513.0	12.0	.0	.0	
68.0	48.6	6.2	202.1	538.4	17.0	.0	.0	
72.7	56.1	6.9	181.3	527.3	2.0	.0	.0	
76.2	57.4	5.5	162.1	392.2	50.0	.0	.0	
78.5	57.8	9.0	188.3	490.2	24.0	.0	.0	
73.3	59.7	12.0	202.5	408.0	62.0	.0	.0	
58.9	43.1	8.8	131.3	258.9	83.0	.0	.0	
54.1	32.1	7.0	106.7	373.3	71.0	.0	.0	
55.8	33.8	5.5	190.0	488.7	2.0	.0	.0	
53.7	36.9	7.0	222.9	361.3	30.0	.0	.0	
54.4	36.1	6.1	178.3	307.6	56.0	.0	.0	
67.9	48.7	8.3	210.0	471.1	28.0	.0	.0	
69.0	49.3	5.4	154.2	441.0	55.0	.0	.0	
60.2	49.5	10.4	92.1	211.3	98.0	.0	.0	
60.0	45.0	8.0	105.8	277.0	69.0	.0	.0	
61.4	45.1	6.7	93.8	411.3	28.0	.0	.0	
63.2	51.2	8.5	81.3	397.7	14.0	.0	.0	
68.9	54.7	6.6	195.0	441.7	25.0	.0	.0	
63.6	38.0	12.0	232.9	438.2	27.0	.0	.0	
55.3	41.8	10.2	250.4	160.3	70.0	.0	.0	
58.9	40.8	7.9	162.5	426.5	16.0	.0	.0	
63.5	51.6	12.6	214.2	237.1	97.0	9.0	.0	
49.8	41.9	5.1	173.3	173.8	98.0	12.0	.0	
51.4	48.5	3.9	162.5	188.8	98.0	61.0	.0	
53.4	47.9	6.8	158.3	224.8	68.0	.0	.0	
  10    31    1964
53.5	43.8	6.8	140.4	424.7	6.0	.0	.0	
58.2	54.4	5.9	187.1	155.9	98.0	46.0	.0	
57.8	42.8	7.3	240.8	426.4	12.0	16.0	.0	
56.7	43.7	9.7	240.0	190.3	66.0	.0	.0	
44.4	33.4	8.1	250.8	197.8	58.0	.0	.0	
43.3	30.5	7.7	210.4	393.6	20.0	.0	.0	
40.8	24.8	6.7	132.1	418.0	2.0	.0	.0	
44.8	24.4	8.2	151.7	410.5	2.0	.0	.0	
48.4	40.9	7.7	168.8	175.8	48.0	.0	.0	
40.0	27.8	11.4	278.3	176.3	88.0	.0	.0	
39.7	22.3	9.8	250.8	373.7	26.0	.0	.0	
45.9	26.3	7.6	169.2	370.3	44.0	.0	.0	
50.5	33.6	3.8	137.9	156.3	86.0	.0	.0	
51.0	37.3	5.2	205.4	363.2	15.0	.0	.0	
54.7	39.3	3.1	139.6	335.1	43.0	.0	.0	
61.3	39.1	6.1	84.6	257.9	88.0	.0	.0	
58.7	49.4	7.1	110.8	146.5	98.0	22.0	.0	
61.3	47.9	6.8	212.1	340.2	32.0	.0	.0	
45.7	39.6	7.7	266.7	89.9	87.0	17.0	.0	
41.3	35.4	4.4	220.0	135.6	84.0	.0	.0	
41.2	30.5	8.3	194.2	178.3	48.0	.0	.0	
43.4	34.5	8.7	260.4	173.3	58.0	.0	.0	
34.8	28.4	5.5	206.7	169.0	47.0	3.0	.0	
34.9	26.6	5.9	222.9	158.4	40.0	.0	.0	
46.6	33.2	9.3	206.3	330.4	8.0	.0	.0	
57.6	39.8	8.2	206.7	313.8	2.0	.0	.0	
55.7	41.8	4.3	167.9	199.5	73.0	.0	.0	
59.1	41.8	6.0	191.7	170.8	91.0	.0	.0	
55.6	48.1	6.3	197.1	121.5	95.0	3.0	.0	
46.2	33.2	7.9	268.8	239.1	46.0	6.0	.0	
43.0	28.6	7.7	258.3	301.7	2.0	.0	.0	
  11    30    1964
42.0	27.3	6.3	163.3	304.7	2.0	.0	.0	
48.9	31.5	3.4	113.3	223.2	68.0	.0	.0	
49.5	37.4	4.8	165.4	230.7	39.0	.0	.0	
47.4	34.2	3.5	148.3	281.3	2.0	.0	.0	
45.1	37.1	7.8	212.9	110.0	71.0	6.0	.0	
42.6	38.4	9.6	333.3	125.4	98.0	1.0	.0	
45.5	38.0	4.9	195.8	247.5	40.0	.0	.0	
45.6	40.5	4.3	230.4	125.5	70.0	.0	.0	
41.4	36.9	3.3	151.3	174.4	54.0	.0	.0	
52.2	42.7	8.4	209.6	240.6	43.0	.0	.0	
54.2	43.2	7.6	155.4	186.7	37.0	.0	.0	
55.5	43.5	5.7	172.1	137.5	63.0	.0	.0	
60.6	38.3	12.2	242.9	234.0	45.0	.0	.0	
48.7	31.5	9.9	275.8	227.3	37.0	.0	.0	
45.2	31.2	4.3	163.8	231.2	51.0	.0	.0	
50.6	44.4	9.4	196.7	99.7	97.0	11.0	.0	
45.2	27.9	11.9	282.1	144.0	65.0	.0	.0	
41.9	22.2	11.0	230.4	200.0	48.0	.0	.0	
41.5	35.5	7.6	116.3	67.0	98.0	34.0	.0	
43.6	32.8	11.8	240.4	151.4	59.0	12.0	.0	
31.1	16.5	11.7	230.4	213.9	16.0	.0	.0	
22.9	9.4	10.6	227.1	203.0	20.0	.0	.0	
30.1	10.1	7.4	189.6	228.4	2.0	.0	.0	
36.0	21.3	5.0	153.3	155.5	52.0	.0	.0	
47.9	43.4	8.7	88.8	66.2	98.0	117.0	.0	
51.7	46.4	10.5	212.5	81.3	80.0	5.0	.0	
40.3	30.5	9.2	240.0	175.9	45.0	.0	.0	
45.2	39.1	11.7	137.9	88.2	85.0	.0	.0	
42.3	28.3	9.6	253.8	169.5	90.0	.0	.0	
26.6	16.7	11.0	273.8	89.3	91.0	.0	.0	
  12    31    1964
19.1	8.0	12.0	305.8	147.3	44.0	.0	.0	
24.9	13.4	5.8	220.0	93.3	90.0	.0	.0	
32.8	29.1	3.7	78.3	109.7	98.0	35.0	.0	
38.8	36.7	11.4	64.6	62.2	98.0	53.0	.0	
37.3	35.2	6.6	240.0	91.5	98.0	3.0	.0	
23.5	15.7	12.8	315.8	117.2	75.0	.0	.0	
19.0	11.0	5.6	195.8	135.8	33.0	.0	.0	
26.3	18.9	5.7	164.2	80.2	84.0	.0	.0	
27.3	19.5	8.7	268.3	106.8	67.0	.0	.0	
24.8	17.7	5.2	168.3	203.1	18.0	.0	.0	
38.7	34.0	10.7	207.5	51.5	98.0	24.0	.0	
46.2	44.4	5.0	219.6	80.5	98.0	41.0	.0	
46.5	44.0	8.5	165.8	83.6	98.0	11.0	.0	
34.9	23.1	10.2	239.6	192.6	34.0	9.0	.0	
24.6	13.4	11.5	290.8	133.4	78.0	.0	.0	
24.1	14.8	9.7	185.8	179.2	32.0	.0	.0	
35.0	28.0	6.0	220.4	71.5	98.0	2.0	.0	
20.0	10.7	12.3	304.2	128.8	55.0	.0	15.2	
18.8	9.7	8.5	206.3	157.3	59.0	.0	.0	
27.8	22.3	5.7	254.6	107.4	96.0	.0	10.2	
27.3	20.7	7.5	154.2	189.5	52.0	.0	.0	
31.4	26.8	7.4	212.5	77.6	95.0	.0	.0	
35.3	30.7	7.2	193.3	83.7	98.0	.0	.0	
40.5	38.6	5.1	164.2	99.8	98.0	2.0	.0	
54.3	51.4	9.7	215.4	60.0	93.0	27.0	.0	
53.4	51.7	6.7	190.8	99.2	89.0	7.0	.0	
37.7	35.3	8.5	155.0	59.0	98.0	138.0	.0	
26.5	22.1	9.1	327.5	97.2	98.0	.0	2.5	
24.5	20.9	5.6	222.1	96.3	94.0	.0	.0	
36.4	34.9	6.6	219.6	82.3	86.0	4.0	.0	
35.9	24.3	15.5	311.3	101.5	88.0	.0	.0	
