   1    31    1978
16.2	-1.0	6.0	110.8	234.7	55.0	.0	.0	
30.6	12.9	9.2	178.8	221.6	78.0	.0	.0	
32.1	20.4	8.6	172.1	135.5	81.0	1.0	.0	
32.7	22.5	14.7	170.4	155.7	88.0	2.0	.0	
35.1	22.1	21.9	175.8	202.1	90.0	.0	.0	
29.6	17.3	9.5	211.3	233.0	52.0	.0	50.8	
20.9	3.9	11.0	167.5	252.3	8.0	.0	.0	
26.8	5.5	7.6	157.5	212.3	63.0	.0	.0	
30.7	18.7	11.9	169.6	103.3	90.0	.0	.0	
32.1	23.1	3.8	135.4	175.5	90.0	.0	.0	
31.2	22.2	4.7	146.7	159.1	83.0	.0	.0	
28.5	17.2	7.6	190.0	228.8	61.0	.0	.0	
34.0	16.8	10.0	198.8	198.7	77.0	.0	.0	
36.0	27.1	17.5	202.5	106.8	98.0	3.0	.0	
31.7	20.9	10.7	192.5	191.1	80.0	.0	25.4	
31.8	23.4	17.4	210.4	104.1	96.0	.0	2.5	
32.3	23.2	5.6	189.2	205.8	81.0	2.0	.0	
32.4	22.2	8.5	191.7	223.5	92.0	1.0	.0	
32.1	26.2	7.6	232.9	118.9	98.0	11.0	.0	
30.7	23.6	7.7	242.9	134.7	98.0	.0	.0	
28.9	15.6	6.8	210.0	285.3	63.0	.0	.0	
25.3	14.8	7.7	207.1	173.7	92.0	.0	33.0	
16.5	1.6	11.7	265.4	281.5	49.0	.0	.0	
13.3	-5.7	7.6	214.2	301.4	11.0	.0	.0	
22.3	7.4	10.4	200.0	267.0	66.0	.0	.0	
28.6	17.5	7.9	185.8	123.9	83.0	.0	.0	
23.7	10.3	9.1	174.2	265.5	59.0	.0	.0	
26.0	9.3	8.4	171.3	245.9	74.0	.0	.0	
30.1	13.5	9.4	196.3	305.7	10.0	.0	.0	
28.0	15.6	7.1	165.0	266.1	70.0	.0	.0	
33.0	18.0	7.2	189.6	304.4	58.0	.0	.0	
   2    28    1978
30.0	10.3	10.9	199.2	303.3	61.0	.0	.0	
32.2	16.3	7.4	199.2	312.9	39.0	.0	.0	
34.8	18.7	7.7	214.6	314.9	58.0	.0	.0	
34.7	20.5	9.3	176.7	203.7	96.0	.0	.0	
37.3	24.4	21.5	185.4	154.8	98.0	1.0	.0	
35.5	29.0	6.0	139.2	182.7	97.0	24.0	.0	
32.9	24.1	13.7	192.1	99.5	70.0	5.0	.0	
32.6	17.4	11.0	181.3	332.8	79.0	1.0	.0	
35.8	28.1	19.1	161.7	108.2	98.0	19.0	.0	
30.7	24.6	16.0	122.1	174.1	98.0	.0	157.5	
24.2	13.2	12.3	227.5	292.0	90.0	.0	5.1	
20.1	6.8	11.1	210.4	364.4	67.0	.0	.0	
28.3	18.9	12.4	213.8	226.7	96.0	.0	2.5	
24.9	12.2	8.1	300.0	358.7	67.0	.0	2.5	
19.2	5.3	11.7	243.3	212.3	85.0	.0	15.2	
20.2	3.6	5.1	172.5	379.3	71.0	.0	.0	
17.1	2.3	7.8	194.2	351.5	53.0	.0	.0	
19.3	4.3	9.5	233.3	402.5	33.0	.0	.0	
28.8	18.2	6.1	192.5	312.7	66.0	.0	.0	
25.8	16.7	9.3	174.6	403.8	11.0	.0	.0	
28.9	17.0	6.8	155.4	413.9	31.0	.0	.0	
30.0	16.8	8.0	190.4	399.7	15.0	.0	.0	
33.2	14.5	9.1	189.2	426.5	2.0	.0	.0	
35.2	16.9	9.3	197.5	393.1	60.0	.0	.0	
38.9	23.2	7.9	175.4	217.4	97.0	.0	.0	
40.0	19.4	14.5	204.2	333.2	77.0	.0	.0	
34.0	21.2	9.5	202.1	238.6	70.0	4.0	.0	
33.3	24.1	10.9	188.3	236.7	97.0	1.0	.0	
   3    31    1978
38.3	32.2	10.0	176.3	168.2	98.0	5.0	.0	
38.6	32.8	10.6	191.3	196.7	96.0	30.0	.0	
37.7	26.1	7.2	162.5	339.2	83.0	.0	.0	
37.1	29.9	20.2	177.9	83.1	98.0	5.0	.0	
35.9	29.2	10.2	182.5	169.2	97.0	14.0	.0	
36.1	25.9	5.6	134.6	340.2	74.0	.0	.0	
36.2	19.9	6.8	202.9	442.9	64.0	.0	.0	
40.2	22.3	12.2	190.0	354.8	97.0	.0	.0	
38.9	26.3	9.9	204.2	156.5	97.0	.0	.0	
36.0	26.0	8.7	198.8	298.0	68.0	.0	.0	
32.6	24.7	8.9	175.4	208.2	72.0	18.0	.0	
30.7	22.5	9.4	174.6	118.9	95.0	.0	43.2	
31.0	16.0	6.9	240.4	467.5	54.0	.0	.0	
31.8	16.5	9.1	208.8	509.6	28.0	.0	2.5	
32.5	13.6	8.3	220.8	517.3	2.0	.0	.0	
38.0	15.1	9.4	220.4	525.1	10.0	.0	.0	
42.4	15.5	11.1	187.9	515.7	54.0	.0	.0	
45.5	16.7	8.6	207.5	409.8	85.0	.0	.0	
45.7	27.9	6.9	199.6	354.8	78.0	.0	.0	
45.0	23.6	8.6	222.9	522.8	23.0	.0	.0	
40.8	31.5	8.3	171.7	194.5	98.0	52.0	.0	
38.9	33.3	9.4	201.3	199.6	98.0	41.0	.0	
41.5	32.4	6.6	197.5	325.5	79.0	4.0	.0	
38.6	22.0	6.6	245.8	542.6	37.0	.0	.0	
42.6	22.7	7.3	162.9	549.8	22.0	.0	.0	
44.9	24.0	8.1	189.2	466.4	69.0	.0	.0	
44.0	24.9	8.2	170.4	321.0	72.0	.0	.0	
45.3	24.7	8.7	195.8	549.6	3.0	.0	.0	
49.5	25.9	13.1	181.3	534.5	64.0	.0	.0	
50.1	27.5	15.4	200.0	417.0	96.0	.0	.0	
42.8	32.7	16.0	200.8	229.4	83.0	13.0	.0	
   4    30    1978
41.1	25.0	13.2	197.5	484.1	65.0	.0	.0	
33.0	25.0	8.3	151.7	263.0	73.0	55.0	.0	
37.1	24.4	16.1	184.6	475.0	70.0	.0	.0	
38.8	27.3	18.1	189.2	380.3	85.0	12.0	.0	
39.0	22.6	10.2	222.5	546.2	64.0	.0	.0	
41.3	26.4	23.2	177.1	366.8	83.0	17.0	.0	
32.1	24.9	11.7	190.8	257.2	86.0	65.0	.0	
35.3	23.0	16.8	90.4	537.5	67.0	.0	.0	
42.5	23.9	19.6	91.7	640.6	2.0	.0	.0	
46.1	25.3	7.3	208.8	630.4	15.0	.0	.0	
48.5	26.0	9.8	206.7	577.7	44.0	.0	.0	
44.1	22.4	6.5	192.1	550.1	44.0	.0	.0	
42.3	30.9	11.3	204.6	337.7	95.0	32.0	.0	
40.9	32.0	9.7	152.9	463.5	69.0	29.0	.0	
43.6	27.9	22.2	195.8	525.8	62.0	11.0	.0	
31.1	21.6	11.3	231.7	444.5	83.0	.0	58.4	
31.4	15.0	8.6	205.8	540.8	35.0	.0	.0	
40.6	20.8	9.3	183.3	633.5	24.0	.0	.0	
46.0	21.2	11.0	183.8	655.8	43.0	.0	.0	
44.8	21.1	17.4	227.1	510.6	69.0	22.0	.0	
29.8	18.4	7.1	163.3	362.1	56.0	.0	38.1	
36.5	16.3	8.8	192.5	641.4	55.0	.0	.0	
45.0	20.3	9.5	179.6	613.9	88.0	.0	.0	
49.2	24.4	12.9	192.9	310.7	94.0	.0	.0	
44.7	33.4	17.9	186.3	223.5	98.0	28.0	.0	
41.5	28.6	9.9	203.3	573.1	60.0	5.0	.0	
42.4	32.7	6.2	185.8	266.7	79.0	5.0	.0	
45.1	28.6	6.0	151.3	558.4	53.0	.0	.0	
40.9	34.3	8.2	205.0	302.4	88.0	19.0	.0	
41.9	30.8	7.6	189.2	412.4	88.0	3.0	.0	
   5    31    1978
47.0	28.3	17.1	92.5	516.3	72.0	.0	.0	
47.2	29.4	9.7	175.4	615.6	33.0	.0	.0	
48.1	23.7	10.1	230.8	560.9	33.0	.0	.0	
40.1	14.2	13.7	214.2	652.1	72.0	2.0	.0	
29.8	19.6	12.2	218.8	423.1	85.0	.0	20.3	
34.9	28.5	11.4	187.5	333.0	95.0	24.0	.0	
39.3	27.9	5.8	149.6	350.9	69.0	.0	.0	
45.5	29.4	6.9	143.8	586.9	38.0	.0	.0	
52.3	27.4	11.4	199.2	641.0	54.0	.0	.0	
54.0	27.6	8.4	182.1	561.9	68.0	.0	.0	
52.8	22.4	11.9	234.6	679.3	41.0	.0	.0	
52.5	22.7	8.1	159.2	731.9	2.0	.0	.0	
60.5	26.9	13.5	190.0	721.9	37.0	.0	.0	
64.1	23.6	16.1	200.0	710.5	48.0	.0	.0	
57.1	23.4	20.8	197.1	711.4	31.0	.0	.0	
37.0	25.3	12.3	96.7	401.3	83.0	11.0	.0	
40.2	20.2	9.9	200.8	655.1	25.0	.0	.0	
44.2	18.6	8.8	197.9	683.4	14.0	.0	.0	
50.6	22.3	9.0	140.0	699.5	14.0	.0	.0	
55.3	22.5	9.4	225.4	737.7	41.0	.0	.0	
59.3	21.5	8.8	184.6	679.8	69.0	.0	.0	
59.2	16.9	14.8	184.6	682.4	47.0	.0	.0	
48.6	18.0	18.7	187.5	674.2	74.0	.0	.0	
40.9	12.5	9.4	230.4	735.2	31.0	.0	.0	
45.4	14.8	10.6	192.5	725.4	47.0	.0	.0	
46.0	21.2	8.2	124.6	522.0	62.0	.0	.0	
50.4	23.2	9.8	208.8	723.3	17.0	.0	.0	
53.4	26.5	8.1	210.4	734.6	12.0	.0	.0	
58.9	25.8	12.5	245.4	668.4	18.0	.0	.0	
51.0	13.1	11.6	195.4	768.3	11.0	.0	.0	
48.3	12.0	9.9	119.2	773.6	2.0	.0	.0	
   6    30    1978
52.1	23.0	12.4	139.2	561.1	57.0	.0	.0	
55.9	29.4	7.8	213.8	491.6	65.0	.0	.0	
56.1	28.0	5.6	112.5	671.6	41.0	.0	.0	
54.6	30.3	10.6	158.8	746.2	15.0	.0	.0	
53.2	30.1	11.9	186.3	619.1	30.0	.0	.0	
59.0	28.0	10.6	150.8	684.8	34.0	.0	.0	
63.1	25.7	11.3	241.7	705.6	67.0	.0	.0	
64.2	24.8	8.3	183.8	766.2	5.0	.0	.0	
66.2	21.9	13.0	223.3	550.6	67.0	.0	.0	
59.0	23.8	13.0	247.9	437.2	58.0	.0	.0	
55.1	22.9	7.6	194.2	782.6	5.0	.0	.0	
65.0	26.6	15.2	189.6	719.3	43.0	.0	.0	
67.9	24.2	15.5	205.0	779.1	3.0	.0	.0	
68.8	24.4	17.3	212.1	778.8	25.0	.0	.0	
61.2	20.6	11.2	221.3	748.2	10.0	.0	.0	
54.5	18.5	8.5	181.3	781.9	3.0	.0	.0	
56.8	16.6	8.8	190.8	779.8	15.0	.0	.0	
65.0	20.5	17.0	234.2	657.1	47.0	.0	.0	
58.7	17.2	7.3	197.5	783.4	2.0	.0	.0	
63.4	21.6	10.5	200.0	761.5	56.0	.0	.0	
66.2	21.6	8.0	188.3	752.0	40.0	.0	.0	
63.0	19.1	10.6	170.0	725.2	47.0	.0	.0	
66.8	24.4	12.1	184.2	503.4	60.0	.0	.0	
67.1	24.8	15.6	243.8	693.9	11.0	.0	.0	
56.7	13.6	8.6	216.3	795.0	2.0	.0	.0	
58.1	19.2	11.3	165.0	682.3	37.0	.0	.0	
59.6	21.1	15.4	189.6	706.8	35.0	.0	.0	
61.1	21.9	19.0	189.2	777.9	4.0	.0	.0	
61.8	21.2	13.3	207.1	783.6	2.0	.0	.0	
63.9	21.6	10.1	216.7	771.6	2.0	.0	.0	
   7    31    1978
66.7	18.8	16.3	197.1	741.1	26.0	.0	.0	
64.7	9.0	15.3	209.2	771.3	10.0	.0	.0	
58.7	16.4	11.4	231.3	752.7	7.0	.0	.0	
57.1	16.8	10.1	215.8	727.6	10.0	.0	.0	
57.3	25.7	8.6	137.5	552.9	63.0	.0	.0	
61.6	25.5	8.0	176.7	708.6	20.0	.0	.0	
63.4	22.2	12.3	195.8	721.4	10.0	.0	.0	
66.6	26.1	9.8	190.8	695.4	11.0	.0	.0	
67.8	26.5	8.6	182.5	739.5	9.0	.0	.0	
71.6	17.6	16.3	195.8	770.1	2.0	.0	.0	
71.4	16.1	13.2	198.8	763.4	2.0	.0	.0	
68.8	15.3	8.4	170.0	729.2	21.0	.0	.0	
73.2	21.8	9.2	195.8	745.5	3.0	.0	.0	
69.2	33.9	9.7	186.7	455.1	62.0	.0	.0	
74.8	36.0	11.2	202.9	627.6	35.0	.0	.0	
75.3	25.5	12.1	226.3	750.7	2.0	.0	.0	
69.2	27.1	11.0	163.3	704.3	6.0	.0	.0	
74.2	25.8	14.3	212.1	728.2	2.0	.0	.0	
70.5	14.2	8.5	182.5	761.5	2.0	.0	.0	
70.5	22.6	12.8	221.7	726.0	8.0	.0	.0	
65.1	24.9	7.1	198.8	745.6	2.0	.0	.0	
67.2	20.0	8.3	197.5	749.1	2.0	.0	.0	
70.5	23.9	8.0	192.9	630.1	28.0	.0	.0	
74.7	29.9	8.8	179.6	620.6	31.0	.0	.0	
72.9	37.5	8.8	160.4	559.9	24.0	3.0	.0	
70.5	42.5	10.7	174.6	516.5	60.0	3.0	.0	
66.0	50.3	10.4	201.7	414.8	75.0	3.0	.0	
70.6	47.8	13.7	201.7	571.1	46.0	10.0	.0	
72.3	41.7	8.4	208.3	668.1	25.0	.0	.0	
73.8	39.8	7.9	180.8	513.9	60.0	.0	.0	
75.8	31.3	9.7	209.6	660.0	44.0	.0	.0	
   8    31    1978
73.6	27.9	7.4	218.8	624.6	24.0	.0	.0	
72.2	25.6	9.4	222.5	707.0	4.0	.0	.0	
70.9	24.1	8.7	153.3	704.3	2.0	.0	.0	
72.9	24.7	7.9	182.5	697.0	30.0	.0	.0	
73.3	27.7	9.1	171.3	584.6	30.0	.0	.0	
73.7	33.6	7.3	151.7	462.1	51.0	4.0	.0	
72.5	32.6	9.8	164.6	618.5	40.0	.0	.0	
70.6	28.6	10.3	147.5	629.7	37.0	.0	.0	
71.0	25.9	9.9	158.8	617.6	28.0	.0	.0	
72.5	32.8	8.2	192.9	633.7	54.0	.0	.0	
73.0	37.4	9.4	204.2	504.0	67.0	.0	.0	
65.4	45.1	12.5	220.0	502.7	90.0	9.0	.0	
56.8	45.8	12.5	205.4	336.9	79.0	10.0	.0	
52.8	27.7	6.6	200.4	700.3	3.0	.0	.0	
60.9	28.1	12.4	192.5	679.1	5.0	.0	.0	
68.1	25.9	15.2	220.4	640.6	23.0	.0	.0	
53.9	30.4	13.7	92.5	432.2	50.0	.0	.0	
52.4	20.2	6.5	137.5	681.6	8.0	.0	.0	
59.3	15.7	9.2	199.6	685.9	2.0	.0	.0	
65.5	22.0	14.8	203.8	663.2	2.0	.0	.0	
68.4	29.5	18.5	193.8	551.6	34.0	.0	.0	
67.6	18.6	16.2	185.0	676.6	17.0	.0	.0	
60.3	8.7	11.7	180.8	669.6	6.0	.0	.0	
61.4	8.1	12.7	205.0	667.5	2.0	.0	.0	
60.6	8.7	9.0	190.0	662.8	3.0	.0	.0	
61.2	11.8	8.6	200.0	629.7	13.0	.0	.0	
60.7	20.7	9.9	146.7	633.7	12.0	.0	.0	
61.1	24.3	7.9	129.6	552.9	20.0	.0	.0	
61.5	24.8	5.9	172.1	404.7	44.0	.0	.0	
68.0	23.7	14.3	187.9	606.6	27.0	.0	.0	
63.7	22.8	8.6	206.7	590.8	15.0	.0	.0	
   9    30    1978
65.6	21.3	11.2	208.3	612.9	7.0	.0	.0	
66.7	30.4	10.2	189.2	486.0	34.0	.0	.0	
68.1	33.2	14.2	204.6	555.0	16.0	.0	.0	
68.0	43.4	13.8	212.9	385.4	60.0	1.0	.0	
63.5	53.3	15.7	205.0	322.9	86.0	56.0	.0	
63.2	49.7	19.7	188.3	445.7	63.0	11.0	.0	
59.1	36.4	16.8	197.1	522.8	12.0	.0	.0	
51.8	25.4	6.7	199.6	590.1	3.0	.0	.0	
60.8	28.0	19.4	194.6	503.0	50.0	.0	.0	
53.6	29.8	14.3	203.8	217.7	68.0	4.0	.0	
44.1	27.8	7.5	186.7	404.4	31.0	.0	.0	
45.1	23.7	5.6	177.5	581.7	6.0	.0	.0	
51.2	21.0	8.2	202.9	556.6	52.0	.0	.0	
47.3	38.4	6.4	189.6	160.8	98.0	34.0	.0	
51.9	38.3	5.3	154.2	518.9	35.0	.0	.0	
53.2	32.3	10.6	209.6	538.9	18.0	.0	.0	
49.3	33.0	14.2	238.3	391.6	83.0	23.0	.0	
32.5	20.4	7.3	236.3	319.9	50.0	4.0	.0	
33.1	20.8	8.3	212.5	326.0	52.0	.0	.0	
36.9	18.0	6.6	202.9	547.9	18.0	.0	.0	
44.4	16.9	6.7	190.8	533.8	21.0	.0	.0	
54.0	15.9	8.9	197.1	529.3	33.0	.0	.0	
55.3	21.1	8.3	151.7	521.1	2.0	.0	.0	
55.6	23.2	7.8	172.5	516.9	2.0	.0	.0	
56.9	23.2	8.1	181.7	511.3	2.0	.0	.0	
59.4	26.6	7.7	176.7	492.4	18.0	.0	.0	
61.1	27.9	8.9	204.6	488.4	26.0	.0	.0	
62.0	28.9	7.8	200.4	483.7	44.0	.0	.0	
54.2	22.6	7.8	146.7	487.6	13.0	.0	.0	
57.7	25.8	9.4	205.8	465.2	5.0	.0	.0	
  10    31    1978
58.0	25.2	9.6	229.6	433.6	31.0	.0	.0	
49.4	12.6	9.2	152.1	484.2	20.0	.0	.0	
49.1	12.5	7.6	160.4	477.7	2.0	.0	.0	
50.4	13.0	8.7	187.9	480.3	2.0	.0	.0	
51.9	14.1	9.2	201.3	470.1	2.0	.0	.0	
53.7	21.2	9.3	146.3	378.2	30.0	.0	.0	
54.3	20.9	8.5	206.3	431.6	17.0	.0	.0	
53.8	16.7	8.9	187.5	450.7	7.0	.0	.0	
52.4	24.7	9.5	188.3	355.3	47.0	.0	.0	
53.2	24.4	9.1	199.6	431.5	2.0	.0	.0	
51.8	22.9	9.6	177.1	433.1	3.0	.0	.0	
52.0	21.4	9.7	107.5	427.4	5.0	.0	.0	
47.0	12.9	9.1	139.2	430.0	5.0	.0	.0	
48.0	7.7	8.3	164.2	427.2	5.0	.0	.0	
53.8	11.8	9.8	190.0	384.7	73.0	.0	.0	
56.8	18.0	9.5	195.4	383.6	64.0	.0	.0	
52.2	20.2	6.3	189.6	274.4	89.0	.0	.0	
44.6	27.1	11.1	154.2	273.2	54.0	10.0	.0	
46.9	32.5	9.5	202.9	305.2	62.0	.0	.0	
47.2	33.6	6.8	183.8	136.4	95.0	.0	.0	
46.2	25.7	11.7	132.5	383.5	31.0	.0	.0	
41.8	15.0	11.4	124.2	390.6	2.0	.0	.0	
39.3	6.1	9.1	135.8	396.8	2.0	.0	.0	
44.2	7.8	9.0	201.3	369.0	27.0	.0	.0	
38.2	8.4	11.1	125.0	382.4	3.0	.0	.0	
43.3	7.6	8.5	174.6	373.5	2.0	.0	.0	
44.7	7.4	10.3	201.3	372.6	2.0	.0	.0	
49.0	10.8	11.2	205.4	364.3	2.0	.0	.0	
47.5	15.2	13.0	211.7	349.9	23.0	.0	.0	
34.3	12.6	13.8	39.2	202.1	72.0	.0	.0	
33.6	29.5	5.8	75.4	140.5	98.0	72.0	.0	
  11    30    1978
38.5	33.3	5.3	153.3	213.7	75.0	13.0	.0	
38.0	32.9	7.5	175.8	69.2	95.0	7.0	.0	
44.2	32.5	10.2	169.2	335.7	20.0	.0	.0	
43.5	24.1	8.8	210.0	286.1	67.0	.0	.0	
37.4	23.1	7.9	153.3	320.6	34.0	.0	.0	
37.1	21.7	7.3	141.7	284.9	48.0	.0	.0	
39.3	19.5	8.1	190.0	299.6	27.0	.0	.0	
43.5	16.1	9.3	190.4	328.9	2.0	.0	.0	
41.0	17.5	13.9	140.0	285.1	32.0	.0	.0	
21.1	4.2	15.9	25.0	42.6	98.0	.0	71.1	
20.2	11.6	7.1	75.4	165.3	98.0	.0	127.0	
25.8	14.4	10.5	199.2	267.1	84.0	.0	17.8	
18.2	8.6	9.0	169.6	278.8	59.0	.0	7.6	
5.7	-9.9	9.8	159.2	300.3	28.0	.0	.0	
3.1	-14.0	11.3	186.7	319.8	5.0	.0	.0	
16.2	1.1	9.3	160.4	274.9	48.0	.0	.0	
21.9	9.5	7.3	130.0	295.4	28.0	.0	.0	
23.8	9.2	14.1	202.1	292.3	2.0	.0	.0	
34.8	19.9	17.3	216.3	271.3	77.0	.0	.0	
36.1	21.2	16.4	217.5	287.6	60.0	.0	.0	
34.9	23.3	16.9	198.3	215.5	67.0	2.0	.0	
30.5	19.1	10.3	186.7	223.3	52.0	.0	.0	
22.2	7.9	8.3	173.8	284.4	8.0	.0	.0	
22.9	9.3	13.9	93.3	164.8	70.0	.0	.0	
23.5	12.8	7.6	132.9	232.1	46.0	.0	10.2	
20.0	6.7	8.9	119.6	165.1	79.0	.0	.0	
22.5	8.9	8.5	89.2	270.4	47.0	.0	.0	
29.3	17.2	6.1	167.5	92.4	98.0	.0	.0	
36.0	30.5	3.4	126.7	83.7	98.0	23.0	.0	
39.4	28.1	4.7	221.3	228.4	92.0	5.0	.0	
  12    31    1978
30.7	22.5	11.1	185.0	69.7	83.0	.0	12.7	
22.6	10.1	8.3	241.7	106.7	84.0	.0	12.7	
20.0	3.7	6.7	220.4	236.3	43.0	.0	.0	
34.6	20.9	6.2	167.9	192.0	63.0	.0	.0	
21.5	2.1	19.3	219.2	241.9	50.0	.0	7.6	
10.8	-10.0	18.7	72.5	181.5	50.0	.0	.0	
5.0	-24.8	10.8	172.9	209.0	24.0	.0	.0	
6.9	-24.2	8.4	229.6	248.5	12.0	.0	.0	
22.8	4.5	7.7	147.5	226.5	45.0	.0	.0	
24.7	10.6	8.6	173.8	210.3	48.0	.0	.0	
29.9	7.6	9.4	215.0	232.0	69.0	.0	.0	
27.7	11.5	11.3	93.3	205.0	86.0	.0	.0	
22.5	7.6	6.2	142.9	198.2	70.0	.0	.0	
26.1	8.2	10.3	172.1	241.9	8.0	.0	.0	
24.1	5.9	9.7	204.2	216.8	40.0	.0	.0	
23.5	5.5	13.4	186.7	239.5	50.0	.0	.0	
34.1	24.4	23.0	180.4	56.5	98.0	15.0	.0	
33.0	23.8	16.1	196.7	159.8	94.0	16.0	.0	
17.8	6.3	6.7	193.3	152.2	69.0	.0	68.6	
3.4	-15.8	12.5	195.8	250.1	5.0	.0	.0	
14.8	-.9	11.7	220.8	224.0	33.0	.0	.0	
13.7	-4.2	10.3	167.9	215.0	26.0	.0	.0	
19.5	3.4	5.6	140.4	240.3	7.0	.0	.0	
20.1	5.7	11.1	208.8	241.3	8.0	.0	.0	
15.6	1.7	10.3	200.4	244.9	8.0	.0	.0	
17.9	-3.0	9.2	187.1	243.6	2.0	.0	.0	
25.7	12.2	8.3	202.9	180.6	93.0	.0	.0	
21.1	4.0	6.7	209.2	245.1	10.0	.0	.0	
15.6	-5.4	6.6	160.0	248.7	2.0	.0	.0	
-1.6	-29.1	6.2	141.3	247.4	13.0	.0	.0	
5.9	-19.7	12.5	209.6	170.9	53.0	.0	.0	
