   1    31    1963
22.4	12.3	2.5	110.8	237.6	2.0	.0	.0	
22.1	10.8	2.7	167.1	239.3	23.0	.0	.0	
29.4	21.0	2.0	85.0	116.2	93.0	.0	43.2	
32.9	27.1	4.2	117.9	177.2	56.0	.0	.0	
27.7	21.2	3.0	161.3	245.5	2.0	.0	.0	
28.1	20.7	3.4	157.9	240.3	3.0	.0	.0	
27.8	20.0	2.5	123.8	246.4	2.0	.0	.0	
27.1	18.9	2.8	137.9	244.4	9.0	.0	.0	
35.8	19.4	5.4	161.7	238.4	12.0	.0	.0	
31.8	14.2	11.4	88.3	207.2	18.0	.0	.0	
12.5	-8.0	5.8	76.3	265.2	2.0	.0	.0	
9.0	-13.1	5.1	109.6	263.3	2.0	.0	.0	
14.8	-4.0	3.2	126.7	263.5	2.0	.0	.0	
22.6	9.8	2.7	158.8	257.0	2.0	.0	.0	
24.9	12.2	3.1	150.0	254.8	11.0	.0	.0	
27.0	12.8	3.4	112.1	251.1	3.0	.0	.0	
24.3	11.5	2.4	98.8	267.7	2.0	.0	.0	
24.7	9.4	9.1	72.5	243.4	18.0	.0	.0	
16.8	-5.6	4.8	142.1	282.7	2.0	.0	.0	
19.9	3.4	3.5	154.6	268.2	2.0	.0	.0	
24.9	10.6	3.4	160.8	279.0	2.0	.0	.0	
28.9	15.0	3.7	189.2	281.9	6.0	.0	.0	
26.7	14.4	3.2	179.2	284.5	4.0	.0	.0	
29.1	15.3	3.1	144.2	281.2	4.0	.0	.0	
27.4	13.4	4.3	130.8	289.3	2.0	.0	.0	
24.3	12.5	3.5	158.3	270.1	40.0	.0	.0	
23.6	10.6	3.2	145.0	300.1	6.0	.0	.0	
32.7	16.8	7.0	189.2	140.7	87.0	.0	.0	
37.2	27.1	4.8	140.8	141.9	95.0	18.0	.0	
41.7	38.0	8.0	127.9	99.0	96.0	57.0	.0	
47.8	44.2	7.1	184.2	96.1	98.0	159.0	.0	
   2    28    1963
47.8	38.9	11.1	237.1	152.0	88.0	43.0	.0	
48.3	37.9	4.8	189.6	179.4	98.0	.0	.0	
56.4	42.0	7.5	191.3	241.9	90.0	.0	.0	
47.8	36.9	9.2	198.8	261.5	85.0	5.0	.0	
40.0	35.3	2.6	136.7	159.1	74.0	.0	.0	
40.8	35.0	3.3	164.6	159.9	84.0	.0	.0	
43.1	34.5	2.8	182.5	317.4	45.0	.0	.0	
41.9	33.4	4.0	155.8	204.2	77.0	.0	.0	
41.9	34.3	3.5	160.4	198.4	86.0	.0	.0	
42.8	37.0	2.9	143.3	103.3	89.0	51.0	.0	
39.4	30.7	4.0	139.2	342.5	12.0	.0	.0	
39.0	28.8	2.9	160.0	207.6	75.0	.0	.0	
40.4	35.6	3.1	173.8	111.5	85.0	10.0	.0	
37.6	29.2	2.5	150.0	337.0	21.0	.0	.0	
38.3	29.3	2.7	142.1	305.9	60.0	.0	.0	
40.9	30.7	3.2	125.4	206.0	87.0	.0	.0	
41.0	30.7	3.2	100.8	277.5	60.0	.0	.0	
45.1	32.4	4.0	202.5	246.7	78.0	.0	.0	
44.9	34.2	3.0	157.1	219.2	75.0	.0	.0	
47.3	35.4	4.8	195.8	218.7	76.0	.0	.0	
43.4	30.6	4.8	157.9	312.2	34.0	.0	.0	
41.0	29.5	3.2	123.8	341.2	33.0	.0	.0	
41.4	27.0	2.9	174.6	394.5	17.0	.0	.0	
45.6	27.1	2.4	127.5	363.1	49.0	.0	.0	
52.1	31.8	3.0	173.8	386.5	77.0	.0	.0	
50.9	30.5	5.5	114.6	377.0	45.0	.0	.0	
41.7	23.5	3.2	77.9	408.1	25.0	.0	.0	
42.8	24.3	3.5	101.3	327.2	54.0	.0	.0	
   3    31    1963
46.2	23.2	4.6	179.6	312.3	49.0	.0	.0	
44.0	24.0	13.9	201.3	377.3	58.0	.0	.0	
37.2	24.4	6.2	118.8	281.0	68.0	5.0	.0	
36.2	19.1	4.1	170.4	456.0	2.0	.0	.0	
42.7	25.5	4.8	154.2	266.4	91.0	.0	.0	
47.8	34.3	4.4	99.2	302.7	92.0	.0	.0	
41.7	30.3	4.4	183.3	424.1	36.0	.0	.0	
41.0	24.7	5.4	174.2	407.8	72.0	.0	.0	
44.0	23.2	7.2	128.8	408.4	52.0	.0	.0	
36.9	17.9	8.5	170.0	430.2	42.0	.0	.0	
42.2	22.9	10.8	144.2	457.3	19.0	.0	.0	
35.5	13.2	5.7	140.0	436.3	15.0	.0	.0	
38.1	14.9	4.2	137.5	487.3	35.0	.0	.0	
38.3	21.5	13.9	179.6	302.1	74.0	18.0	.0	
32.5	19.5	10.1	209.6	393.2	81.0	1.0	.0	
35.3	24.5	10.4	163.8	233.5	98.0	2.0	.0	
34.9	21.1	10.7	220.8	270.1	98.0	.0	.0	
37.2	22.4	5.2	158.3	465.7	35.0	.0	.0	
38.8	23.8	4.2	149.6	495.6	9.0	.0	.0	
41.6	27.0	3.7	126.7	498.9	33.0	.0	.0	
45.2	25.3	4.9	145.0	311.8	78.0	.0	.0	
47.2	26.1	11.0	169.6	384.8	84.0	.0	.0	
40.4	25.4	13.5	236.3	229.9	75.0	.0	.0	
36.3	14.7	4.0	133.8	553.9	2.0	.0	.0	
42.0	22.2	4.3	156.3	515.0	88.0	.0	.0	
42.7	23.3	6.2	167.5	391.1	69.0	.0	.0	
46.3	34.4	16.0	158.3	186.8	96.0	8.0	.0	
43.0	27.5	11.5	214.6	458.2	54.0	4.0	.0	
44.4	24.3	8.6	179.2	503.1	40.0	.0	.0	
42.9	26.2	7.0	205.8	541.8	8.0	.0	.0	
37.3	25.4	10.0	179.2	341.6	57.0	3.0	.0	
   4    30    1963
31.7	21.8	8.8	148.8	413.2	75.0	.0	7.6	
34.2	18.4	4.4	169.6	530.2	69.0	.0	.0	
43.7	32.0	4.6	153.8	334.4	84.0	.0	.0	
47.5	32.3	3.6	105.4	541.5	56.0	.0	.0	
51.4	36.0	12.3	189.6	294.9	97.0	.0	.0	
44.9	36.9	13.7	168.3	186.1	98.0	12.0	.0	
43.6	34.8	10.5	203.8	303.5	90.0	23.0	.0	
40.8	26.7	7.9	160.8	502.2	54.0	.0	.0	
38.9	24.6	8.0	195.4	418.8	70.0	.0	.0	
37.3	25.4	8.6	178.3	430.8	74.0	3.0	.0	
41.5	25.1	5.1	168.8	560.4	79.0	.0	.0	
49.0	21.8	7.2	177.1	612.8	70.0	.0	.0	
53.1	22.5	8.7	171.7	538.8	78.0	.0	.0	
48.5	32.1	14.4	183.8	308.9	85.0	4.0	.0	
39.5	22.9	14.1	256.3	520.4	45.0	1.0	.0	
31.0	18.1	8.5	121.7	335.8	75.0	.0	15.2	
33.4	17.7	7.9	208.8	435.7	77.0	.0	.0	
40.2	24.5	9.2	202.1	477.1	78.0	.0	.0	
38.4	27.6	11.2	223.8	436.3	72.0	16.0	.0	
29.2	24.4	6.7	112.5	313.5	98.0	.0	35.6	
31.9	23.1	7.4	197.5	519.8	47.0	.0	.0	
36.2	24.4	4.9	157.1	585.5	15.0	.0	.0	
41.3	24.4	3.7	162.5	664.5	2.0	.0	.0	
45.7	26.9	4.8	133.8	644.8	48.0	.0	.0	
44.6	29.5	9.0	168.3	396.5	98.0	.0	.0	
43.2	31.6	10.9	243.8	317.5	87.0	.0	.0	
47.2	30.9	10.2	152.9	625.8	35.0	.0	.0	
48.0	30.6	3.7	133.3	669.2	2.0	.0	.0	
52.5	35.2	5.5	171.3	676.7	17.0	.0	.0	
55.4	34.9	6.4	172.1	685.9	52.0	.0	.0	
   5    31    1963
55.5	33.2	10.8	218.8	667.5	38.0	.0	.0	
56.2	38.7	8.6	200.8	562.5	23.0	.0	.0	
55.8	39.7	10.8	185.4	465.9	41.0	.0	.0	
56.0	38.4	11.5	158.3	595.1	61.0	.0	.0	
59.7	41.1	7.4	129.2	579.2	78.0	.0	.0	
60.2	40.1	5.2	139.2	491.7	95.0	.0	.0	
59.2	40.4	13.7	206.7	431.1	95.0	.0	.0	
48.2	41.4	7.2	148.3	212.8	86.0	45.0	.0	
46.1	35.3	7.5	200.8	451.8	72.0	.0	.0	
44.0	35.7	6.6	141.3	435.9	83.0	11.0	.0	
44.8	30.6	11.4	200.8	403.5	87.0	.0	.0	
48.4	34.7	5.6	99.2	569.8	59.0	.0	.0	
48.8	37.3	6.1	163.3	353.5	92.0	.0	.0	
54.0	40.6	5.1	172.1	571.7	59.0	.0	.0	
54.7	38.1	4.3	109.6	656.8	6.0	.0	.0	
58.0	38.3	5.4	145.0	722.8	12.0	.0	.0	
62.0	38.0	5.2	153.3	709.9	28.0	.0	.0	
64.7	40.7	3.7	133.3	676.8	42.0	.0	.0	
67.6	42.3	4.9	127.1	665.8	27.0	.0	.0	
66.7	43.7	7.0	194.2	573.2	62.0	.0	.0	
63.7	46.4	5.2	201.7	596.8	30.0	2.0	.0	
60.7	46.9	6.2	159.6	599.1	77.0	10.0	.0	
56.2	50.0	5.2	150.4	371.3	98.0	36.0	.0	
60.2	50.8	6.3	109.2	591.3	95.0	128.0	.0	
62.5	49.6	4.8	190.4	629.1	54.0	.0	.0	
63.9	49.6	5.9	182.5	637.4	43.0	.0	.0	
64.3	49.2	5.5	120.4	669.9	52.0	2.0	.0	
59.8	51.4	7.4	155.4	442.2	95.0	40.0	.0	
58.8	50.1	5.3	187.9	491.1	63.0	15.0	.0	
60.4	50.5	6.9	204.2	564.2	56.0	.0	.0	
60.7	50.7	5.7	141.3	592.2	95.0	.0	.0	
   6    30    1963
63.3	49.6	4.0	153.3	649.1	38.0	.0	.0	
61.4	40.0	10.6	216.3	686.9	33.0	.0	.0	
50.3	36.1	12.7	223.8	506.6	78.0	4.0	.0	
58.8	42.5	9.3	173.8	592.6	78.0	.0	.0	
50.4	44.8	7.5	113.8	415.9	83.0	16.0	.0	
54.1	44.5	5.7	151.3	415.9	83.0	.0	.0	
59.3	44.3	5.7	143.8	586.5	63.0	.0	.0	
63.0	46.6	4.7	137.1	660.6	60.0	.0	.0	
61.4	47.5	9.3	181.7	554.4	89.0	24.0	.0	
49.7	42.8	5.8	145.0	493.2	81.0	26.0	.0	
60.2	47.4	4.4	120.0	524.8	79.0	.0	.0	
63.6	46.3	5.1	120.4	662.5	53.0	.0	.0	
64.7	47.5	4.7	154.6	547.6	69.0	.0	.0	
63.9	55.6	5.3	150.4	460.7	67.0	34.0	.0	
67.3	54.6	3.2	112.5	685.6	22.0	.0	.0	
66.9	56.0	3.5	134.6	613.6	51.0	4.0	.0	
64.6	54.8	4.8	154.2	389.6	68.0	.0	.0	
67.5	52.0	3.4	122.9	672.1	18.0	.0	.0	
69.5	49.1	5.4	185.0	694.5	39.0	.0	.0	
65.2	36.4	8.8	187.1	762.6	2.0	.0	.0	
60.8	28.5	12.9	249.2	772.6	2.0	.0	.0	
53.1	33.4	10.7	201.7	644.8	45.0	.0	.0	
49.8	36.4	7.0	170.0	408.9	74.0	.0	.0	
55.2	39.1	3.3	98.3	671.7	30.0	.0	.0	
62.4	40.1	4.9	170.4	744.0	5.0	.0	.0	
64.4	41.8	5.8	165.0	727.2	4.0	.0	.0	
64.7	36.5	10.3	200.4	752.9	2.0	.0	.0	
53.2	29.2	13.1	202.1	665.8	32.0	2.0	.0	
53.4	31.1	4.6	134.2	757.3	3.0	.0	.0	
60.6	33.8	2.8	113.3	768.1	2.0	.0	.0	
   7    31    1963
63.4	35.9	6.7	172.5	766.3	7.0	.0	.0	
62.4	34.3	6.0	213.3	770.5	2.0	.0	.0	
62.8	29.6	7.8	204.2	754.1	2.0	.0	.0	
62.4	32.0	6.7	213.8	751.5	4.0	.0	.0	
64.0	38.8	7.1	209.6	611.3	45.0	.0	.0	
65.1	40.4	6.2	206.7	748.3	9.0	.0	.0	
64.4	41.8	9.1	187.9	708.0	5.0	.0	.0	
65.1	37.5	4.8	185.0	745.4	5.0	.0	.0	
67.4	35.7	6.2	172.1	753.5	2.0	.0	.0	
69.1	36.9	7.3	183.8	750.4	2.0	.0	.0	
69.1	40.7	3.7	117.1	753.8	2.0	.0	.0	
72.0	42.1	3.8	113.8	698.2	6.0	.0	.0	
72.7	43.5	5.4	226.7	602.4	35.0	.0	.0	
71.0	39.2	7.3	209.2	747.8	2.0	.0	.0	
67.8	34.1	8.2	192.1	760.5	2.0	.0	.0	
67.5	31.6	7.9	164.2	756.9	2.0	.0	.0	
65.4	34.2	8.0	197.5	737.6	2.0	.0	.0	
66.1	39.3	4.0	144.2	709.8	2.0	.0	.0	
70.2	37.6	7.1	180.0	746.9	2.0	.0	.0	
69.2	34.5	5.8	170.8	737.6	2.0	.0	.0	
69.8	35.1	6.7	176.7	739.8	2.0	.0	.0	
70.1	33.1	6.8	180.4	748.5	2.0	.0	.0	
69.4	33.4	5.5	137.1	734.4	2.0	.0	.0	
72.0	31.3	10.8	197.9	725.0	2.0	.0	.0	
65.9	32.9	4.1	106.3	720.7	2.0	.0	.0	
68.2	35.5	4.0	82.1	725.2	2.0	.0	.0	
71.8	37.6	3.6	164.6	720.3	2.0	.0	.0	
72.7	40.1	8.2	200.0	698.8	2.0	.0	.0	
68.0	32.8	6.0	185.4	712.9	2.0	.0	.0	
68.9	35.4	6.1	163.3	719.3	2.0	.0	.0	
68.3	33.4	7.1	187.1	720.9	2.0	.0	.0	
   8    31    1963
67.0	33.4	5.6	138.8	700.0	2.0	.0	.0	
69.1	38.9	5.2	171.7	703.2	2.0	.0	.0	
66.8	31.3	6.4	163.8	702.5	2.0	.0	.0	
66.3	28.2	4.4	188.3	714.7	2.0	.0	.0	
70.1	33.8	5.5	157.9	711.1	2.0	.0	.0	
72.5	38.0	5.1	160.4	682.5	17.0	.0	.0	
76.2	43.2	5.5	211.7	626.3	65.0	.0	.0	
72.5	51.1	6.2	133.8	391.6	96.0	11.0	.0	
69.3	52.4	6.6	164.2	478.0	75.0	3.0	.0	
70.5	48.1	6.2	180.0	632.5	10.0	.0	.0	
68.9	47.3	4.7	149.6	490.7	50.0	1.0	.0	
70.3	41.5	5.8	160.0	677.5	2.0	.0	.0	
69.3	38.5	5.8	165.0	684.1	2.0	.0	.0	
69.3	35.8	5.6	179.6	687.2	2.0	.0	.0	
68.7	35.2	4.7	105.8	644.3	2.0	.0	.0	
68.9	32.2	5.4	143.8	623.2	9.0	.0	.0	
66.6	29.0	7.1	175.4	659.2	4.0	.0	.0	
65.1	31.0	5.8	142.5	676.7	2.0	.0	.0	
64.6	31.4	6.4	175.4	645.8	3.0	.0	.0	
63.0	31.0	4.9	146.7	669.5	3.0	.0	.0	
63.2	32.6	5.4	197.5	622.2	35.0	.0	.0	
61.9	36.0	6.5	196.3	611.1	8.0	.0	.0	
59.9	32.2	7.5	171.7	613.7	37.0	.0	.0	
59.1	30.3	6.9	192.5	653.1	3.0	.0	.0	
59.0	29.3	5.8	168.3	649.8	2.0	.0	.0	
62.7	30.6	5.6	175.4	637.1	2.0	.0	.0	
63.0	31.4	4.1	187.5	643.1	2.0	.0	.0	
66.0	36.4	3.8	132.5	629.4	5.0	.0	.0	
67.1	38.4	5.8	154.2	579.0	39.0	.0	.0	
62.9	40.2	6.5	194.6	359.8	75.0	2.0	.0	
61.3	40.2	5.6	206.7	521.8	21.0	.0	.0	
   9    30    1963
64.2	40.3	3.6	149.2	579.5	15.0	.0	.0	
67.3	41.2	4.3	162.1	602.0	2.0	.0	.0	
68.6	40.1	2.9	95.4	585.7	10.0	.0	.0	
70.2	41.3	3.0	139.2	500.1	81.0	.0	.0	
67.9	48.9	6.1	204.6	288.0	86.0	.0	.0	
68.4	46.1	5.9	149.6	518.8	56.0	.0	.0	
66.9	43.0	5.1	162.5	533.2	23.0	.0	.0	
68.1	41.5	4.5	175.8	567.6	15.0	.0	.0	
70.3	41.3	7.6	144.2	468.9	62.0	.0	.0	
69.3	34.1	5.8	160.4	556.7	30.0	.0	.0	
66.2	36.6	6.4	143.3	505.0	51.0	.0	.0	
64.2	43.2	10.1	185.4	381.1	98.0	2.0	.0	
60.3	41.0	5.2	113.8	513.4	15.0	.0	.0	
60.0	38.5	3.1	99.2	560.2	2.0	.0	.0	
61.5	34.5	9.8	166.3	421.5	44.0	.0	.0	
55.5	31.3	4.5	135.8	375.0	90.0	.0	.0	
55.9	34.6	5.5	83.3	235.8	96.0	.0	.0	
55.4	45.3	3.1	105.0	206.6	98.0	8.0	.0	
55.5	48.4	4.3	127.1	234.5	86.0	8.0	.0	
54.9	45.8	2.7	132.1	269.5	49.0	.0	.0	
59.2	45.9	2.9	105.4	451.4	42.0	.0	.0	
60.7	42.8	6.8	138.3	482.5	5.0	.0	.0	
56.2	38.6	3.2	86.7	518.7	2.0	.0	.0	
59.4	37.3	2.3	117.5	484.2	2.0	.0	.0	
63.7	40.3	2.3	127.9	505.4	2.0	.0	.0	
64.6	41.4	2.9	115.0	490.0	2.0	.0	.0	
65.7	43.2	2.5	102.5	471.5	2.0	.0	.0	
65.4	42.7	3.5	143.8	464.1	2.0	.0	.0	
65.1	38.8	3.8	138.8	457.3	15.0	.0	.0	
63.8	37.9	5.9	197.1	417.7	17.0	.0	.0	
  10    31    1963
62.9	38.5	3.8	185.4	442.1	19.0	.0	.0	
66.8	40.3	5.3	190.4	416.2	40.0	.0	.0	
63.2	39.5	5.0	176.7	465.3	3.0	.0	.0	
62.1	39.4	10.6	176.7	400.2	27.0	.0	.0	
58.8	36.0	7.5	224.2	243.2	70.0	.0	.0	
54.4	35.3	3.8	150.8	410.6	70.0	.0	.0	
54.2	36.2	2.5	145.4	393.4	62.0	.0	.0	
57.1	36.1	6.3	177.5	389.7	56.0	.0	.0	
56.5	40.0	5.2	106.7	397.5	52.0	2.0	.0	
55.7	31.0	6.9	169.2	425.8	23.0	.0	.0	
48.3	35.3	8.2	194.6	211.7	70.0	16.0	.0	
45.5	34.0	3.4	127.1	416.7	24.0	.0	.0	
48.3	34.3	2.3	127.9	395.0	55.0	.0	.0	
53.6	33.8	5.5	182.5	330.2	77.0	.0	.0	
52.1	35.0	3.4	142.9	241.9	97.0	.0	.0	
51.6	33.5	4.2	115.0	334.2	70.0	.0	.0	
51.6	36.2	4.4	145.4	360.9	13.0	.0	.0	
53.7	39.3	3.7	195.4	396.6	14.0	.0	.0	
52.6	39.9	4.1	193.8	373.1	26.0	.0	.0	
50.4	32.6	6.0	200.4	334.6	64.0	.0	.0	
49.4	33.6	3.0	186.3	335.2	83.0	.0	.0	
54.7	38.7	10.3	159.6	254.2	93.0	.0	.0	
52.1	33.1	11.7	237.1	309.4	50.0	.0	.0	
43.0	31.7	3.0	108.3	199.6	62.0	.0	.0	
50.7	35.3	3.8	150.4	309.1	52.0	.0	.0	
44.9	31.2	3.6	123.3	349.3	16.0	.0	.0	
42.2	28.9	2.7	105.4	360.2	2.0	.0	.0	
48.6	29.8	3.1	138.3	255.8	78.0	.0	.0	
47.3	36.4	5.1	161.7	123.2	83.0	5.0	.0	
42.5	31.5	4.3	131.7	324.5	32.0	1.0	.0	
37.5	25.0	2.7	99.6	346.9	23.0	.0	.0	
  11    30    1963
40.1	23.8	3.2	131.7	299.2	55.0	.0	.0	
44.0	29.6	4.3	142.5	157.8	96.0	.0	.0	
44.6	29.5	5.6	162.5	217.0	65.0	.0	.0	
47.4	34.0	12.1	219.2	176.2	93.0	1.0	.0	
46.4	35.5	12.3	170.0	171.4	95.0	48.0	.0	
39.2	28.1	7.6	214.6	209.6	58.0	1.0	.0	
35.8	26.9	3.2	120.4	243.2	66.0	.0	.0	
47.0	36.1	5.7	150.8	180.0	76.0	.0	.0	
47.0	36.1	4.6	140.4	250.6	38.0	.0	.0	
40.3	31.5	2.3	104.2	302.0	26.0	.0	.0	
38.9	29.6	2.0	104.6	268.8	67.0	.0	.0	
40.8	32.2	3.5	96.7	157.2	94.0	.0	.0	
50.7	32.8	7.0	121.7	173.6	93.0	.0	.0	
53.4	40.4	13.8	169.6	138.2	88.0	4.0	.0	
42.1	27.6	10.4	222.9	196.6	65.0	.0	.0	
33.1	22.6	2.5	155.4	290.7	3.0	.0	.0	
31.7	22.9	2.2	104.2	187.5	54.0	.0	.0	
33.2	22.8	2.9	156.7	279.4	17.0	.0	.0	
39.7	28.7	11.2	160.0	173.2	81.0	5.0	.0	
35.5	31.8	4.1	181.3	94.9	98.0	49.0	.0	
30.0	20.3	5.4	207.5	264.8	54.0	.0	.0	
29.1	22.6	2.1	102.1	170.4	70.0	.0	.0	
43.2	36.4	10.3	149.2	81.5	88.0	36.0	.0	
37.0	30.2	4.0	98.3	151.9	50.0	.0	.0	
36.4	28.5	4.7	110.4	252.3	53.0	.0	.0	
36.5	28.0	2.6	137.9	256.8	3.0	.0	.0	
37.1	29.7	2.4	115.8	246.2	56.0	.0	.0	
37.4	30.4	4.6	153.3	230.4	56.0	.0	.0	
34.0	28.5	2.3	176.7	190.2	92.0	.0	.0	
32.0	27.0	2.0	146.7	241.6	37.0	.0	.0	
  12    31    1963
32.7	25.4	2.7	116.7	250.1	2.0	.0	.0	
31.2	24.5	2.0	88.3	247.8	5.0	.0	.0	
30.0	23.6	2.0	87.5	234.6	3.0	.0	.0	
27.6	23.4	2.1	72.9	219.3	29.0	.0	.0	
28.2	25.1	2.0	105.8	169.2	87.0	.0	.0	
34.8	20.9	5.1	172.1	201.8	65.0	.0	.0	
28.4	17.8	2.2	117.5	197.1	65.0	.0	.0	
36.6	26.1	8.2	217.1	181.1	76.0	2.0	.0	
33.9	25.0	10.7	273.3	119.2	96.0	1.0	.0	
29.6	19.8	5.8	110.0	110.1	97.0	.0	.0	
25.8	15.8	6.1	79.6	224.7	55.0	.0	.0	
26.4	18.5	2.2	100.8	161.0	49.0	.0	.0	
27.7	21.3	2.6	146.7	227.3	48.0	.0	.0	
29.5	23.0	2.2	127.5	193.8	63.0	.0	.0	
32.8	25.5	2.1	116.3	215.3	63.0	.0	.0	
32.5	24.5	2.4	157.5	209.6	54.0	.0	.0	
33.4	24.8	2.0	105.4	214.9	37.0	.0	.0	
35.2	25.7	2.7	128.3	197.0	86.0	.0	.0	
39.3	29.4	5.2	129.2	122.5	97.0	.0	.0	
39.1	25.9	9.1	191.3	150.7	76.0	.0	.0	
32.2	22.4	3.5	131.3	143.2	87.0	.0	.0	
30.0	20.7	3.5	135.0	220.6	43.0	.0	.0	
29.1	20.4	2.0	91.3	220.7	7.0	.0	.0	
33.6	18.1	3.3	133.3	227.1	17.0	.0	.0	
36.1	20.6	3.3	142.9	185.2	53.0	.0	.0	
41.2	23.6	5.1	161.3	114.3	92.0	.0	.0	
40.6	31.9	3.7	132.1	141.9	87.0	.0	.0	
37.6	32.9	3.5	122.9	173.5	81.0	5.0	.0	
40.2	34.3	5.5	116.7	144.4	98.0	.0	.0	
38.3	32.4	2.4	118.8	157.7	53.0	.0	.0	
33.6	27.5	2.0	58.8	185.5	72.0	.0	.0	
