   1    31    1966
19.3	8.6	10.4	236.3	258.3	5.0	.0	.0	
15.8	7.7	4.9	165.0	198.9	71.0	.0	.0	
20.3	10.5	5.8	208.8	214.0	78.0	.0	.0	
22.1	13.4	6.2	196.3	194.7	93.0	.0	.0	
28.9	19.4	6.2	197.5	235.6	66.0	.0	.0	
33.1	24.2	7.1	261.3	218.8	66.0	.0	.0	
34.8	26.4	3.7	123.8	206.0	77.0	.0	.0	
35.9	28.7	6.5	185.0	172.4	72.0	.0	.0	
33.9	26.9	5.9	203.8	245.0	43.0	.0	.0	
36.3	28.1	7.1	201.3	194.7	84.0	.0	.0	
33.9	25.4	11.8	320.0	266.5	12.0	.0	.0	
32.0	19.2	7.5	172.5	271.4	6.0	.0	.0	
32.8	21.9	5.6	211.3	216.1	49.0	.0	.0	
36.6	23.9	14.4	311.3	237.2	21.0	.0	.0	
34.5	25.1	22.8	195.0	183.7	46.0	.0	.0	
29.6	13.9	12.7	298.8	274.3	2.0	.0	.0	
27.7	11.1	12.0	331.3	286.9	2.0	.0	.0	
27.0	10.0	8.7	238.8	292.7	2.0	.0	.0	
23.2	13.6	13.4	266.3	206.8	45.0	.0	.0	
22.4	11.2	16.9	306.3	282.6	2.0	.0	.0	
21.0	4.4	7.7	247.5	292.9	24.0	.0	.0	
24.9	8.5	7.9	226.3	291.6	27.0	.0	.0	
25.4	16.5	13.4	230.0	252.2	32.0	.0	.0	
27.9	17.9	13.6	317.5	282.4	15.0	.0	.0	
26.3	12.4	6.9	202.5	275.1	35.0	.0	.0	
28.2	11.0	7.4	237.5	145.2	79.0	.0	.0	
32.2	10.6	8.5	267.5	307.0	43.0	.0	.0	
29.7	9.3	7.2	200.0	288.8	38.0	.0	.0	
32.3	13.1	11.7	192.5	258.3	48.0	.0	.0	
29.5	23.1	8.7	135.0	149.9	83.0	.0	12.7	
26.6	18.0	10.8	288.8	311.9	33.0	.0	.0	
   2    28    1966
25.4	21.4	5.6	212.5	162.8	89.0	.0	.0	
24.3	19.5	5.8	228.8	238.2	58.0	.0	.0	
31.7	21.7	8.5	196.3	131.4	98.0	.0	.0	
35.7	23.8	7.5	212.5	221.1	93.0	.0	.0	
34.2	24.7	10.2	246.3	244.0	77.0	.0	.0	
36.8	28.2	11.7	180.0	169.5	85.0	.0	.0	
28.8	15.8	8.8	221.3	270.6	66.0	.0	.0	
26.4	12.9	17.8	312.5	337.6	10.0	.0	.0	
28.5	15.8	13.8	310.0	229.6	70.0	.0	.0	
27.0	16.3	16.4	240.0	280.0	51.0	.0	.0	
25.8	9.1	6.3	208.8	350.6	5.0	.0	.0	
24.7	10.6	13.7	293.8	247.5	45.0	.0	.0	
25.8	8.9	17.0	313.8	357.5	2.0	.0	.0	
26.2	7.4	13.4	290.0	304.5	33.0	.0	.0	
27.8	12.2	13.8	323.8	392.8	10.0	.0	.0	
30.4	7.6	7.2	248.8	372.4	29.0	.0	.0	
34.5	10.9	10.0	257.5	396.6	13.0	.0	.0	
33.6	14.6	9.8	201.3	200.6	69.0	.0	.0	
34.4	9.1	4.1	63.8	368.4	15.0	.0	.0	
35.9	13.7	8.5	287.5	343.0	33.0	.0	.0	
38.3	16.7	7.4	178.8	370.4	59.0	.0	.0	
36.4	12.1	10.1	120.0	264.3	98.0	.0	.0	
35.9	15.3	11.3	95.0	201.7	66.0	.0	.0	
36.8	18.7	11.4	113.8	292.8	77.0	.0	.0	
27.7	20.9	8.8	302.5	395.3	74.0	.0	27.9	
29.2	21.6	16.6	310.0	425.3	27.0	.0	10.2	
29.3	15.6	5.5	160.0	418.8	36.0	.0	.0	
32.5	20.6	6.3	192.5	212.6	84.0	.0	.0	
   3    31    1966
32.8	19.6	13.0	265.0	269.3	72.0	.0	.0	
22.7	10.9	16.9	256.3	322.3	80.0	.0	.0	
23.6	9.1	14.5	310.0	395.9	20.0	.0	.0	
28.1	8.6	10.2	218.8	417.5	44.0	.0	.0	
33.8	12.1	5.8	211.3	362.3	88.0	.0	.0	
39.5	14.8	8.8	251.3	390.1	66.0	.0	.0	
42.7	15.1	9.7	216.3	397.8	77.0	.0	.0	
42.9	21.5	8.2	196.3	362.7	98.0	.0	.0	
46.7	14.9	9.4	193.8	361.7	97.0	.0	.0	
46.0	19.5	8.5	291.3	430.5	55.0	.0	.0	
46.0	22.1	8.1	182.5	375.7	70.0	.0	.0	
47.4	29.1	10.0	182.5	259.4	95.0	.0	.0	
52.0	21.3	4.8	150.0	451.3	47.0	.0	.0	
44.8	22.0	6.3	210.0	297.2	68.0	.0	.0	
46.7	18.7	11.1	253.8	384.2	70.0	.0	.0	
43.8	1.7	18.5	217.5	490.2	26.0	.0	.0	
37.9	10.5	8.4	255.0	481.3	45.0	.0	.0	
40.9	12.5	9.2	206.3	237.9	78.0	.0	.0	
44.1	9.1	7.9	232.5	394.6	65.0	.0	.0	
43.2	1.1	9.3	300.0	507.2	20.0	.0	.0	
42.0	12.4	14.7	312.5	337.1	65.0	.0	.0	
34.6	2.0	7.2	148.8	547.6	9.0	.0	.0	
38.4	5.8	8.2	222.5	514.2	31.0	.0	.0	
44.8	16.1	9.7	187.5	317.2	77.0	.0	.0	
48.0	23.7	9.8	222.5	382.9	50.0	.0	.0	
51.9	15.3	8.4	197.5	568.8	2.0	.0	.0	
52.8	17.0	8.1	248.8	545.8	2.0	.0	.0	
54.8	15.0	11.1	326.3	562.1	2.0	.0	.0	
56.8	12.8	11.7	280.0	592.0	2.0	.0	.0	
57.9	14.4	9.7	271.3	573.2	8.0	.0	.0	
61.1	17.9	10.3	248.8	524.3	33.0	.0	.0	
   4    30    1966
61.8	16.5	9.4	272.5	530.4	49.0	.0	.0	
60.1	14.8	14.1	298.8	497.4	59.0	.0	.0	
52.8	9.6	9.7	241.3	571.0	29.0	.0	.0	
48.6	2.4	8.8	227.5	547.5	59.0	.0	.0	
51.6	5.1	9.3	207.5	557.5	29.0	.0	.0	
54.0	7.9	8.4	198.8	543.9	50.0	.0	.0	
55.3	12.4	7.9	247.5	518.1	69.0	.0	.0	
55.7	14.1	10.1	220.0	465.2	64.0	.0	.0	
54.0	18.4	7.8	237.5	345.0	91.0	.0	.0	
52.4	20.3	16.2	306.3	539.5	37.0	.0	.0	
46.2	16.7	12.9	310.0	530.4	23.0	.0	.0	
47.1	14.8	12.9	317.5	525.0	41.0	.0	.0	
48.4	10.2	7.4	215.0	655.4	2.0	.0	.0	
54.7	11.5	9.8	261.3	648.5	2.0	.0	.0	
58.3	8.1	7.8	235.0	651.6	9.0	.0	.0	
61.2	5.6	12.2	298.8	583.3	43.0	.0	.0	
55.4	16.0	14.0	228.8	460.0	50.0	.0	.0	
37.7	19.1	17.9	308.8	381.5	53.0	.0	.0	
32.5	6.6	16.3	273.8	590.3	11.0	.0	.0	
37.8	-2.5	6.9	190.0	658.4	2.0	.0	.0	
45.1	10.4	14.5	306.3	555.2	34.0	.0	.0	
46.5	14.0	13.1	286.3	685.8	8.0	.0	.0	
52.8	14.1	12.0	287.5	591.5	27.0	.0	.0	
56.7	16.0	9.1	250.0	681.3	8.0	.0	.0	
60.0	15.1	11.7	286.3	599.8	49.0	.0	.0	
55.9	12.5	13.7	306.3	654.1	4.0	.0	.0	
45.1	-2.5	7.1	201.3	703.8	2.0	.0	.0	
53.4	7.7	8.1	255.0	622.2	38.0	.0	.0	
55.3	8.5	11.3	296.3	684.5	3.0	.0	.0	
57.1	9.9	8.4	252.5	634.1	24.0	.0	.0	
   5    31    1966
60.4	13.2	9.7	208.8	696.3	2.0	.0	.0	
62.8	14.5	10.6	205.0	657.1	36.0	.0	.0	
65.5	19.5	13.4	196.3	594.6	45.0	.0	.0	
62.6	31.9	14.1	175.0	499.9	43.0	.0	.0	
65.3	34.6	16.1	196.3	473.0	45.0	.0	.0	
65.3	30.0	9.2	132.5	705.6	2.0	.0	.0	
64.6	24.1	13.1	225.0	489.8	67.0	.0	.0	
64.2	25.7	13.9	221.3	440.0	88.0	.0	.0	
54.2	33.0	11.2	150.0	402.6	86.0	.0	.0	
53.0	39.0	9.7	183.8	366.6	62.0	20.0	.0	
51.2	21.0	18.1	317.5	689.8	11.0	.0	.0	
51.8	21.1	8.2	292.5	696.7	5.0	.0	.0	
60.7	19.9	9.7	203.8	746.7	4.0	.0	.0	
64.0	22.1	9.8	255.0	646.2	43.0	.0	.0	
63.2	27.5	10.6	200.0	686.5	5.0	.0	.0	
65.5	30.9	11.0	263.8	710.7	15.0	.0	.0	
65.8	23.7	9.7	265.0	725.1	2.0	.0	.0	
66.7	19.5	12.1	308.8	737.7	5.0	.0	.0	
69.3	15.6	11.0	261.3	708.6	15.0	.0	.0	
70.4	22.6	10.9	247.5	630.2	39.0	.0	.0	
64.2	37.7	12.3	171.3	547.0	76.0	12.0	.0	
62.3	29.4	9.2	263.8	626.7	56.0	.0	.0	
62.5	17.2	10.5	248.8	763.8	2.0	.0	.0	
67.0	19.6	6.8	173.8	729.9	3.0	.0	.0	
70.9	20.9	8.5	196.3	701.9	10.0	.0	.0	
71.9	23.8	10.1	206.3	620.4	26.0	.0	.0	
70.7	27.6	11.1	200.0	598.3	48.0	.0	.0	
68.7	22.8	12.1	97.5	542.7	71.0	.0	.0	
65.6	22.4	16.0	143.8	528.8	54.0	.0	.0	
58.5	16.1	11.5	173.8	778.7	5.0	.0	.0	
58.9	16.9	8.6	221.3	744.9	5.0	.0	.0	
   6    30    1966
61.2	15.8	13.7	216.3	596.3	39.0	.0	.0	
61.0	14.5	11.4	216.3	781.9	2.0	.0	.0	
62.1	11.3	12.2	278.8	772.7	15.0	.0	.0	
60.9	11.4	11.7	318.8	668.2	66.0	.0	.0	
63.7	9.0	10.3	222.5	573.4	79.0	.0	.0	
65.7	21.8	8.8	187.5	438.4	93.0	.0	.0	
56.6	36.0	17.8	261.3	614.9	55.0	.0	.0	
62.0	32.7	11.3	228.8	378.7	78.0	.0	.0	
60.6	39.4	10.0	290.0	418.6	66.0	5.0	.0	
67.6	33.9	11.5	248.8	736.9	4.0	.0	.0	
66.6	22.3	15.0	263.8	768.7	2.0	.0	.0	
69.2	21.9	9.2	308.8	735.3	2.0	.0	.0	
73.5	23.8	9.0	287.5	774.5	10.0	.0	.0	
78.8	27.1	11.1	253.8	715.9	26.0	.0	.0	
77.3	33.6	11.2	290.0	611.0	68.0	.0	.0	
72.2	36.0	12.4	253.8	533.5	77.0	.0	.0	
74.3	31.5	6.8	147.5	701.3	29.0	.0	.0	
74.2	25.1	7.0	146.3	779.1	5.0	.0	.0	
73.2	28.5	9.6	268.8	675.6	31.0	.0	.0	
73.6	32.1	9.1	190.0	609.5	55.0	.0	.0	
71.6	29.2	15.3	217.5	593.7	79.0	.0	.0	
66.5	26.1	14.3	291.3	778.0	3.0	.0	.0	
67.5	21.8	13.3	296.3	761.5	2.0	.0	.0	
67.0	22.8	15.6	250.0	756.3	2.0	.0	.0	
70.8	23.9	9.9	220.0	781.4	2.0	.0	.0	
73.8	28.9	10.1	255.0	779.1	2.0	.0	.0	
75.5	31.9	10.1	211.4	755.3	2.0	.0	.0	
74.4	24.8	10.8	257.5	764.1	2.0	.0	.0	
75.6	25.3	8.9	213.8	781.0	2.0	.0	.0	
73.7	28.4	12.9	177.5	646.1	33.0	.0	.0	
   7    31    1966
71.9	22.4	14.8	188.8	777.7	3.0	.0	.0	
68.9	17.2	11.0	275.0	772.1	2.0	.0	.0	
69.3	24.0	11.1	206.3	753.2	2.0	.0	.0	
71.7	19.9	11.7	208.8	769.9	2.0	.0	.0	
74.3	14.5	11.1	217.5	744.8	6.0	.0	.0	
74.9	18.6	10.1	215.0	555.4	70.0	.0	.0	
71.8	17.5	10.1	192.5	769.6	12.0	.0	.0	
69.9	30.0	12.8	187.5	578.9	77.0	.0	.0	
70.6	45.9	22.6	155.0	599.4	57.0	5.0	.0	
73.8	34.0	21.5	155.0	769.3	2.0	.0	.0	
69.8	20.6	13.8	138.8	762.9	2.0	.0	.0	
68.1	20.6	14.2	183.8	762.4	2.0	.0	.0	
67.6	14.4	13.8	233.8	762.1	2.0	.0	.0	
68.4	16.9	10.1	136.3	761.6	4.0	.0	.0	
71.7	17.1	14.8	195.0	737.1	8.0	.0	.0	
74.3	26.0	16.1	216.3	660.2	31.0	.0	.0	
74.9	28.9	11.3	248.8	724.2	2.0	.0	.0	
74.7	15.4	9.2	153.8	753.2	2.0	.0	.0	
74.7	20.4	11.1	205.0	708.0	20.0	.0	.0	
73.5	22.3	11.1	215.0	716.6	8.0	.0	.0	
75.8	29.0	7.3	192.5	733.2	6.0	.0	.0	
78.0	34.3	9.2	222.5	677.7	25.0	.0	.0	
78.7	44.5	8.9	142.5	631.7	40.0	.0	.0	
80.0	43.0	12.7	200.0	544.8	52.0	.0	.0	
80.9	36.3	11.6	258.8	642.8	34.0	.0	.0	
80.8	31.0	7.5	218.8	645.1	33.0	.0	.0	
81.2	34.4	10.1	226.3	694.5	8.0	.0	.0	
81.4	35.7	6.7	176.3	700.0	9.0	.0	.0	
83.0	42.5	11.1	162.5	636.9	64.0	.0	.0	
76.0	56.3	17.4	168.8	470.0	94.0	.0	.0	
73.6	53.8	9.1	235.0	454.2	80.0	.0	.0	
   8    31    1966
75.7	53.0	10.4	255.0	529.7	65.0	.0	.0	
72.5	54.0	14.8	182.5	380.2	85.0	.0	.0	
77.2	50.5	9.5	286.3	636.6	29.0	.0	.0	
81.4	41.7	10.1	291.3	630.5	34.0	.0	.0	
81.8	29.6	9.2	183.8	685.5	10.0	.0	.0	
82.7	21.1	8.9	130.0	682.3	5.0	.0	.0	
80.6	14.5	9.6	283.8	718.4	2.0	.0	.0	
80.4	14.8	11.5	225.0	695.1	2.0	.0	.0	
80.2	19.7	8.2	276.3	712.2	2.0	.0	.0	
79.4	18.5	8.9	236.3	710.2	2.0	.0	.0	
78.1	20.8	8.8	231.3	647.5	10.0	.0	.0	
77.3	28.4	6.1	201.3	664.6	2.0	.0	.0	
76.1	26.9	10.5	258.8	699.8	2.0	.0	.0	
76.4	29.4	8.9	152.5	677.0	2.0	.0	.0	
77.5	26.5	8.7	207.5	664.3	6.0	.0	.0	
79.6	31.1	10.1	220.0	605.6	28.0	.0	.0	
79.8	35.9	11.5	236.3	594.8	33.0	.0	.0	
78.5	39.0	10.5	251.3	502.1	58.0	.0	.0	
73.9	40.0	10.4	288.8	578.6	31.0	.0	.0	
75.3	35.6	7.9	178.8	561.1	41.0	.0	.0	
69.5	42.1	11.9	222.5	471.7	62.0	40.0	.0	
70.8	42.2	7.1	213.8	574.0	41.0	.0	.0	
72.7	38.4	10.0	260.0	590.4	18.0	.0	.0	
72.8	38.3	10.2	215.0	624.0	3.0	.0	.0	
73.4	38.4	14.4	250.0	617.6	6.0	.0	.0	
68.8	29.7	10.8	278.8	653.8	2.0	.0	.0	
67.7	27.6	6.5	233.8	638.8	2.0	.0	.0	
69.1	27.6	10.3	213.8	498.5	34.0	.0	.0	
67.3	29.4	11.7	231.3	543.1	30.0	.0	.0	
63.8	27.6	11.0	226.3	478.0	58.0	.0	.0	
63.5	26.8	8.8	285.0	417.4	70.0	.0	.0	
   9    30    1966
64.7	31.9	10.7	223.8	508.4	33.0	.0	.0	
65.3	27.8	8.1	288.8	616.2	2.0	.0	.0	
67.7	24.9	6.5	208.8	598.4	2.0	.0	.0	
69.8	27.5	7.1	222.5	591.8	10.0	.0	.0	
68.8	31.0	7.9	227.5	507.7	35.0	.0	.0	
69.2	26.8	11.1	247.5	575.5	23.0	.0	.0	
67.9	20.8	15.2	253.8	537.4	19.0	.0	.0	
66.1	12.9	11.8	252.5	591.7	2.0	.0	.0	
65.1	19.5	11.1	250.0	280.5	68.0	.0	.0	
67.2	23.7	11.9	226.3	526.5	19.0	.0	.0	
63.3	17.4	12.0	241.3	574.6	2.0	.0	.0	
59.6	18.9	11.0	216.3	585.2	2.0	.0	.0	
54.8	17.2	8.2	287.5	555.0	2.0	.0	.0	
53.7	19.0	10.8	296.3	578.0	2.0	.0	.0	
57.5	17.7	8.6	263.8	566.0	3.0	.0	.0	
63.2	13.4	7.7	231.3	582.1	2.0	.0	.0	
66.5	28.6	10.7	205.0	563.9	2.0	.0	.0	
61.0	42.6	14.8	190.0	345.6	76.0	45.0	.0	
56.3	48.5	8.2	100.0	303.8	77.0	21.0	.0	
62.2	49.6	9.4	171.3	469.5	29.0	.0	.0	
65.7	45.3	10.4	267.5	516.5	4.0	.0	.0	
69.6	45.1	12.0	256.3	512.7	3.0	.0	.0	
71.1	43.5	9.8	257.5	458.9	19.0	.0	.0	
70.0	39.1	7.5	218.8	522.4	6.0	.0	.0	
65.0	29.8	5.4	236.3	522.5	2.0	.0	.0	
62.3	29.4	13.1	260.0	425.4	65.0	.0	.0	
59.7	36.6	11.1	286.3	411.2	45.0	.0	.0	
63.9	34.9	9.1	241.3	515.9	2.0	.0	.0	
67.1	34.5	8.6	177.5	464.6	10.0	.0	.0	
67.1	34.0	8.9	290.0	489.3	13.0	.0	.0	
  10    31    1966
63.5	40.5	10.3	227.5	435.3	20.0	.0	.0	
62.9	37.0	8.5	173.8	445.6	24.0	.0	.0	
55.6	20.4	11.7	313.8	484.8	5.0	.0	.0	
52.8	18.7	8.4	236.3	484.6	2.0	.0	.0	
55.6	28.2	8.9	216.3	387.0	39.0	.0	.0	
58.7	35.9	6.9	175.0	384.6	59.0	.0	.0	
59.4	31.5	11.2	277.5	377.0	41.0	.0	.0	
60.5	25.5	9.1	278.8	459.2	2.0	.0	.0	
61.1	27.5	9.3	268.8	442.1	2.0	.0	.0	
59.5	25.0	8.1	217.5	440.4	6.0	.0	.0	
57.7	32.2	8.4	221.3	433.3	10.0	.0	.0	
55.5	27.5	10.8	282.5	323.2	39.0	.0	.0	
38.1	17.0	19.5	318.8	367.2	11.0	.0	.0	
37.9	9.3	8.0	237.5	422.2	2.0	.0	.0	
42.9	8.6	12.1	287.5	406.5	13.0	.0	.0	
44.3	10.5	15.4	325.0	432.2	2.0	.0	.0	
47.6	16.4	10.8	281.3	436.4	2.0	.0	.0	
48.9	12.5	8.0	235.0	431.7	2.0	.0	.0	
50.4	11.6	8.8	233.8	341.3	73.0	.0	.0	
51.2	12.4	7.8	247.5	256.7	64.0	.0	.0	
49.5	2.8	11.5	270.0	332.6	53.0	.0	.0	
49.7	20.6	13.0	301.3	331.1	28.0	.0	.0	
52.8	33.9	8.0	263.8	346.6	19.0	.0	.0	
53.8	24.2	8.4	250.0	394.9	2.0	.0	.0	
53.4	22.8	8.8	205.0	391.9	9.0	.0	.0	
52.8	18.6	7.8	223.8	237.0	78.0	.0	.0	
52.7	17.9	8.9	220.0	294.3	85.0	.0	.0	
51.5	17.5	8.1	266.3	304.1	83.0	.0	.0	
51.2	17.6	6.8	240.0	382.2	3.0	.0	.0	
53.5	15.8	12.0	300.0	363.8	9.0	.0	.0	
54.4	19.4	13.4	320.0	326.0	36.0	.0	.0	
  11    30    1966
51.9	20.3	8.4	245.0	367.1	2.0	.0	.0	
50.3	17.0	8.6	257.5	304.5	70.0	.0	.0	
50.7	18.0	8.8	320.0	181.2	86.0	.0	.0	
50.1	16.5	12.7	328.8	343.6	17.0	.0	.0	
47.1	15.6	9.2	252.5	317.2	48.0	.0	.0	
45.4	23.4	10.3	157.5	138.3	93.0	.0	.0	
41.5	36.6	8.7	157.5	135.3	96.0	.0	.0	
36.8	25.0	16.0	291.3	244.4	58.0	7.0	.0	
34.9	16.1	8.0	273.8	294.1	43.0	.0	.0	
41.8	23.4	7.4	215.0	281.5	61.0	.0	.0	
42.7	22.9	5.2	58.8	243.8	73.0	.0	.0	
39.8	24.3	6.7	237.5	272.1	36.0	.0	.0	
42.6	26.1	7.9	216.3	183.0	73.0	.0	.0	
45.1	25.7	7.5	152.5	156.1	98.0	.0	.0	
48.7	27.7	10.3	218.8	238.9	78.0	.0	.0	
46.5	32.1	10.1	181.3	168.6	84.0	.0	.0	
42.8	32.1	6.9	216.3	208.2	47.0	.0	.0	
41.3	27.0	9.1	262.5	232.7	44.0	.0	.0	
43.7	24.7	11.0	191.3	240.9	61.0	.0	.0	
47.8	32.8	15.0	151.3	210.7	63.0	.0	.0	
38.1	25.6	10.7	175.0	268.0	6.0	.0	.0	
33.1	18.3	5.2	208.8	238.1	47.0	.0	.0	
32.7	20.1	11.1	287.5	178.9	87.0	7.0	.0	
31.0	15.0	9.2	310.0	250.8	21.0	.0	.0	
30.0	6.0	9.6	305.0	289.8	7.0	.0	.0	
35.7	16.4	7.4	213.8	228.0	37.0	.0	.0	
37.2	17.4	7.8	255.0	198.7	67.0	.0	.0	
40.7	19.0	8.8	190.0	157.5	75.0	.0	.0	
43.0	29.5	9.4	263.8	271.8	6.0	.0	.0	
40.8	27.9	9.1	296.3	181.5	68.0	.0	.0	
  12    31    1966
38.5	25.5	7.3	248.8	162.0	74.0	.0	.0	
39.4	30.1	13.6	226.3	119.9	98.0	.0	.0	
39.3	31.7	9.7	211.3	173.3	57.0	14.0	.0	
32.5	26.7	12.4	220.0	151.6	79.0	.0	.0	
40.4	38.3	13.1	250.0	111.4	98.0	12.0	.0	
41.5	39.8	8.5	192.5	111.0	78.0	71.0	.0	
34.1	22.4	6.1	240.0	265.2	2.0	.0	.0	
31.9	21.2	12.0	288.8	253.0	3.0	.0	.0	
28.8	20.5	6.9	243.8	124.8	60.0	.0	.0	
31.2	29.3	2.6	170.0	188.0	56.0	.0	10.2	
32.6	28.6	4.2	217.5	132.3	54.0	.0	.0	
33.5	26.3	6.1	243.8	176.6	56.0	.0	.0	
31.6	24.5	6.3	297.5	141.9	68.0	.0	.0	
33.6	22.8	6.2	270.0	206.3	60.0	.0	.0	
34.6	21.1	8.1	258.8	241.6	24.0	.0	.0	
34.4	23.2	5.5	215.0	204.9	53.0	.0	.0	
35.5	24.7	5.8	227.5	215.6	25.0	.0	.0	
36.0	27.7	5.5	203.8	246.6	2.0	.0	.0	
35.2	27.0	5.8	228.8	250.5	4.0	.0	.0	
35.4	25.3	6.4	262.5	180.0	70.0	.0	.0	
35.8	24.8	10.5	277.5	240.3	15.0	.0	.0	
28.8	17.5	7.8	257.5	251.8	2.0	.0	.0	
29.2	13.9	5.9	208.8	248.7	40.0	.0	.0	
30.8	16.1	9.0	275.0	248.0	25.0	.0	.0	
27.9	17.5	12.1	232.5	182.3	52.0	.0	.0	
22.5	16.5	23.0	300.0	162.8	50.0	.0	.0	
20.3	10.0	12.7	311.3	251.7	6.0	.0	.0	
20.9	10.6	10.8	285.0	200.1	41.0	.0	.0	
29.2	19.9	16.7	250.0	183.9	71.0	.0	.0	
27.6	18.4	16.4	330.0	240.0	18.0	.0	.0	
29.7	18.6	14.7	287.5	211.7	44.0	.0	.0	
