   1    31    1967
29.3	15.1	15.0	323.8	246.9	29.0	.0	.0	
26.2	14.6	10.0	336.3	244.8	19.0	.0	.0	
28.9	13.4	5.8	186.3	226.6	65.0	.0	.0	
32.0	19.8	6.0	191.3	176.0	53.0	.0	.0	
25.0	11.8	13.5	196.3	189.1	34.0	.0	.0	
22.6	8.2	12.6	283.8	225.2	39.0	.0	.0	
24.5	12.9	12.3	301.3	241.9	30.0	.0	.0	
27.1	12.8	11.3	245.0	264.6	4.0	.0	.0	
30.6	16.7	5.6	230.0	175.2	61.0	.0	.0	
34.7	21.1	5.5	222.5	242.6	48.0	.0	.0	
36.8	21.6	6.1	208.8	178.1	87.0	.0	.0	
40.5	25.4	11.2	268.8	250.5	41.0	.0	.0	
41.1	28.0	12.1	242.5	233.8	40.0	.0	.0	
40.5	28.2	10.4	237.5	246.7	47.0	.0	.0	
38.3	24.3	6.1	208.8	241.3	48.0	.0	.0	
36.9	17.8	14.4	315.0	276.2	19.0	.0	.0	
28.1	10.7	8.6	320.0	265.2	24.0	.0	.0	
28.7	8.6	6.6	212.5	224.6	54.0	.0	.0	
32.6	7.0	7.9	181.3	267.8	38.0	.0	.0	
34.9	9.1	7.6	172.5	177.3	86.0	.0	.0	
41.0	18.1	14.1	120.0	138.2	97.0	.0	.0	
33.0	27.0	8.9	230.0	134.2	95.0	14.0	.0	
27.0	21.1	9.8	278.8	290.5	68.0	.0	15.2	
28.9	26.5	16.4	155.0	140.6	98.0	.0	20.3	
21.9	16.1	8.6	316.3	295.1	75.0	.0	.0	
24.7	15.1	7.4	215.0	214.4	85.0	.0	.0	
29.9	22.3	4.2	173.8	265.2	82.0	.0	.0	
32.7	26.6	5.9	295.0	148.5	86.0	.0	.0	
34.4	26.8	7.1	340.0	215.3	78.0	.0	.0	
34.8	30.5	8.5	250.0	129.9	93.0	.0	.0	
34.9	25.1	9.7	298.8	235.8	26.0	.0	.0	
   2    28    1967
31.8	23.5	8.2	340.0	161.6	51.0	.0	.0	
33.6	20.5	12.3	340.0	334.4	2.0	.0	.0	
35.4	22.9	12.6	337.5	275.6	44.0	.0	.0	
36.9	23.2	9.5	265.0	336.6	14.0	.0	.0	
39.7	24.4	14.0	290.0	343.4	4.0	.0	.0	
38.4	17.1	10.1	241.3	336.5	2.0	.0	.0	
38.1	24.1	12.6	263.8	352.3	2.0	.0	.0	
35.9	22.0	7.5	223.8	331.4	33.0	.0	.0	
46.0	18.9	15.3	285.0	300.8	58.0	.0	.0	
45.3	21.5	15.5	306.3	323.0	11.0	.0	.0	
39.9	15.0	6.6	205.0	330.2	20.0	.0	.0	
43.9	25.3	7.8	212.5	237.3	65.0	.0	.0	
40.4	22.1	7.4	211.3	236.7	77.0	.0	.0	
28.3	14.4	15.1	256.3	270.2	36.0	.0	.0	
26.0	12.4	7.5	230.0	327.9	37.0	.0	.0	
32.6	17.4	12.3	298.8	364.6	19.0	.0	.0	
37.6	21.1	9.8	223.8	322.3	45.0	.0	.0	
41.4	19.5	10.2	187.5	394.6	25.0	.0	.0	
31.6	12.7	15.3	248.8	355.5	11.0	.0	.0	
30.7	3.5	8.2	278.8	403.9	2.0	.0	.0	
34.4	5.6	11.1	291.3	416.6	2.0	.0	.0	
36.3	7.5	8.4	262.5	371.5	53.0	.0	.0	
39.9	9.1	7.1	198.8	342.4	81.0	.0	.0	
43.2	9.4	14.4	215.0	190.4	98.0	.0	.0	
37.4	22.3	12.8	231.3	339.4	48.0	.0	.0	
37.0	20.6	11.0	300.0	398.5	18.0	.0	.0	
38.9	16.8	6.3	203.8	400.5	48.0	.0	.0	
42.9	14.4	7.4	212.5	283.3	85.0	.0	.0	
   3    31    1967
43.9	16.1	8.9	222.5	303.6	93.0	.0	.0	
45.1	14.3	8.2	292.5	424.9	36.0	.0	.0	
38.7	13.9	14.0	258.8	435.6	8.0	.0	.0	
28.2	22.0	16.9	300.0	210.1	77.0	.0	12.7	
31.6	13.6	15.4	315.0	462.3	2.0	.0	.0	
37.7	12.9	11.2	315.0	466.8	2.0	.0	.0	
42.3	14.2	12.0	260.0	484.9	2.0	.0	.0	
38.5	9.9	5.8	232.5	468.6	9.0	.0	.0	
41.2	11.5	11.8	230.0	498.3	2.0	.0	.0	
41.7	18.5	18.5	143.8	491.1	2.0	.0	.0	
39.0	25.6	20.0	142.5	266.9	47.0	.0	.0	
40.3	28.9	16.7	145.0	335.8	60.0	.0	.0	
41.8	24.6	23.5	181.3	381.5	43.0	.0	.0	
38.3	14.4	9.4	187.5	507.7	37.0	.0	.0	
45.3	18.3	11.5	146.3	436.6	58.0	.0	.0	
49.9	31.8	12.0	173.8	277.2	77.0	.0	.0	
50.0	32.0	7.7	237.5	414.0	52.0	.0	.0	
48.7	19.5	10.1	310.0	476.0	31.0	.0	.0	
42.2	11.5	9.0	272.5	522.2	36.0	.0	.0	
47.6	16.3	8.2	298.8	423.1	72.0	.0	.0	
48.2	19.8	5.9	197.5	528.0	14.0	.0	.0	
51.8	17.6	11.2	221.3	387.4	68.0	.0	.0	
52.1	18.0	12.6	218.8	352.9	62.0	.0	.0	
41.0	12.5	14.7	301.3	514.9	19.0	.0	.0	
40.6	5.8	8.2	208.8	304.4	69.0	.0	.0	
45.3	10.6	10.4	197.5	250.4	98.0	.0	.0	
49.5	24.3	7.8	108.8	548.9	40.0	.0	.0	
51.4	22.0	20.0	167.5	434.8	71.0	.0	.0	
30.4	10.1	22.7	295.0	485.1	51.0	.0	15.2	
32.2	8.5	13.7	170.0	374.9	68.0	.0	.0	
31.4	24.6	13.0	108.8	293.1	74.0	.0	38.1	
   4    30    1967
31.2	23.3	11.4	211.3	304.6	87.0	.0	10.2	
33.9	26.1	10.1	148.8	283.8	85.0	8.0	.0	
41.2	22.1	10.8	226.3	540.1	29.0	.0	.0	
44.3	24.4	18.6	131.3	488.5	43.0	.0	.0	
39.7	23.2	8.8	175.0	455.1	53.0	.0	.0	
44.1	17.6	14.3	163.8	526.1	41.0	.0	.0	
37.7	26.6	10.0	151.3	312.6	63.0	13.0	.0	
40.5	30.1	14.7	296.3	499.5	46.0	5.0	.0	
45.2	25.3	9.7	232.5	526.6	42.0	.0	.0	
46.6	12.9	17.1	147.5	426.0	72.0	.0	.0	
32.5	26.4	12.1	85.0	260.5	96.0	29.0	.0	
37.1	27.2	17.3	230.0	502.5	61.0	5.0	.0	
43.7	29.0	8.0	183.8	539.8	41.0	.0	.0	
45.5	29.1	12.7	185.0	594.9	23.0	.0	.0	
35.8	24.5	13.0	211.3	427.8	39.0	5.0	.0	
38.5	17.4	7.4	98.8	615.0	10.0	.0	.0	
44.2	19.9	12.7	178.8	643.0	6.0	.0	.0	
39.9	25.0	17.3	196.3	460.4	55.0	21.0	.0	
30.4	25.9	3.5	90.0	459.2	98.0	.0	35.6	
31.6	19.4	3.5	77.1	472.5	76.0	.0	15.2	
35.7	24.3	14.7	200.0	323.5	71.0	.0	.0	
34.3	22.6	13.5	243.8	427.1	63.0	9.0	.0	
35.0	25.9	5.5	145.0	517.6	62.0	15.0	.0	
36.9	25.9	8.8	273.8	402.6	72.0	.0	.0	
42.1	22.9	8.8	227.5	645.0	15.0	.0	.0	
46.5	23.5	12.3	195.0	593.0	57.0	.0	.0	
49.0	23.0	15.9	185.0	490.1	62.0	.0	.0	
35.2	22.5	15.9	291.3	409.0	93.0	8.0	.0	
32.8	20.3	17.3	273.8	414.2	78.0	.0	.0	
35.4	18.0	15.4	308.8	632.8	21.0	.0	.0	
   5    31    1967
41.1	17.4	10.8	278.8	619.5	18.0	.0	.0	
45.9	21.3	6.3	172.5	471.7	89.0	.0	.0	
49.4	22.6	5.5	137.5	623.2	65.0	.0	.0	
47.1	31.2	13.2	267.5	440.4	96.0	15.0	.0	
44.1	34.9	5.8	205.0	420.6	84.0	38.0	.0	
50.7	33.3	6.2	207.5	580.3	32.0	.0	.0	
58.6	30.6	7.8	182.5	701.2	33.0	.0	.0	
63.6	32.4	8.5	216.3	601.9	57.0	.0	.0	
55.4	36.4	9.4	83.8	464.6	58.0	3.0	.0	
49.1	26.2	10.1	192.5	482.6	57.0	.0	.0	
45.1	15.9	11.5	271.3	588.3	63.0	.0	.0	
43.8	18.5	15.0	318.8	611.3	38.0	.0	.0	
45.6	17.6	13.6	297.5	664.9	30.0	.0	.0	
53.3	21.0	8.7	221.3	715.5	2.0	.0	.0	
61.3	26.5	9.1	226.3	712.9	10.0	.0	.0	
65.4	32.0	9.8	208.8	633.1	30.0	.0	.0	
67.3	29.4	8.8	218.8	631.6	30.0	.0	.0	
67.8	22.7	7.9	200.0	689.6	7.0	.0	.0	
68.5	21.3	9.4	308.8	656.7	18.0	.0	.0	
70.0	29.5	8.5	252.5	711.2	6.0	.0	.0	
72.5	26.5	7.5	198.8	732.9	2.0	.0	.0	
73.4	27.1	6.5	140.0	651.9	29.0	.0	.0	
74.4	28.1	7.4	202.5	631.9	29.0	.0	.0	
67.0	41.7	10.5	125.0	523.7	77.0	4.0	.0	
63.2	44.2	7.4	166.3	556.4	80.0	.0	.0	
62.7	30.8	10.5	247.5	713.1	31.0	.0	.0	
62.6	27.1	7.8	181.3	570.5	88.0	.0	.0	
57.8	35.2	10.4	238.8	463.8	83.0	.0	.0	
58.9	29.6	7.8	200.0	555.8	79.0	.0	.0	
57.9	24.9	11.0	276.3	684.4	24.0	.0	.0	
41.3	33.3	13.3	206.3	342.9	66.0	35.0	.0	
   6    30    1967
45.0	25.6	14.6	123.8	556.3	62.0	5.0	.0	
52.1	20.5	11.2	158.8	754.6	12.0	.0	.0	
56.6	21.1	10.1	243.8	765.7	2.0	.0	.0	
60.5	26.6	13.0	202.5	642.9	44.0	.0	.0	
57.7	28.6	15.7	193.8	718.4	37.0	.0	.0	
57.2	34.0	14.0	262.5	636.9	45.0	.0	.0	
58.9	35.4	8.6	252.9	617.9	61.0	.0	.0	
60.3	31.1	10.5	303.8	653.3	29.0	.0	.0	
60.8	37.1	8.0	172.5	570.4	68.0	.0	.0	
58.8	36.6	10.0	265.0	647.5	51.0	.0	.0	
63.6	34.6	8.2	308.8	629.5	84.0	.0	.0	
57.0	41.5	10.7	207.5	487.0	94.0	.0	.0	
50.2	40.1	12.6	222.5	467.7	80.0	.0	.0	
58.6	35.2	9.1	230.0	598.3	31.0	.0	.0	
62.6	35.8	10.8	176.3	577.5	42.0	.0	.0	
62.5	40.2	8.1	243.8	551.2	53.0	.0	.0	
67.2	38.4	5.8	143.8	710.9	27.0	.0	.0	
70.3	30.2	10.8	203.8	683.1	20.0	.0	.0	
58.6	39.4	10.0	156.3	400.1	88.0	55.0	.0	
67.5	44.8	7.9	213.8	620.9	40.0	.0	.0	
71.8	38.9	8.4	262.5	648.4	31.0	.0	.0	
72.9	25.2	10.7	263.8	783.6	2.0	.0	.0	
67.8	27.0	11.4	260.0	783.5	2.0	.0	.0	
70.5	28.7	8.7	188.8	780.5	2.0	.0	.0	
72.2	26.3	9.4	215.0	711.6	19.0	.0	.0	
71.1	21.0	8.8	253.8	771.4	3.0	.0	.0	
72.7	24.2	8.7	207.5	783.0	2.0	.0	.0	
74.8	32.6	10.1	291.3	745.8	2.0	.0	.0	
75.9	33.1	6.4	220.0	777.2	2.0	.0	.0	
81.0	29.7	8.5	243.8	777.9	2.0	.0	.0	
   7    31    1967
82.8	33.0	8.1	257.5	705.4	16.0	.0	.0	
84.7	34.5	7.1	213.8	661.9	37.0	.0	.0	
80.7	33.6	12.1	297.5	724.4	20.0	.0	.0	
78.8	31.0	10.5	316.3	673.3	42.0	.0	.0	
76.2	37.8	9.8	257.5	535.8	60.0	7.0	.0	
68.9	51.1	10.9	286.3	522.2	79.0	20.0	.0	
69.5	47.6	8.2	237.5	568.7	55.0	5.0	.0	
71.9	38.5	8.2	153.8	716.0	6.0	.0	.0	
74.5	22.9	8.8	195.0	779.2	2.0	.0	.0	
74.7	20.5	6.7	181.3	764.3	2.0	.0	.0	
78.7	27.6	7.3	197.5	679.6	18.0	.0	.0	
78.0	46.0	9.1	105.0	473.5	71.0	.0	.0	
70.9	54.3	5.6	220.0	429.9	83.0	50.0	.0	
69.5	55.6	6.2	197.5	429.1	94.0	14.0	.0	
68.3	54.9	10.4	245.0	409.1	89.0	28.0	.0	
67.0	53.4	5.9	158.8	519.8	76.0	9.0	.0	
69.5	51.1	7.4	135.0	626.3	52.0	.0	.0	
72.1	42.6	9.6	167.5	742.3	13.0	.0	.0	
74.6	36.5	7.6	181.3	732.7	2.0	.0	.0	
77.5	30.7	4.4	122.5	743.0	2.0	.0	.0	
77.2	31.0	8.6	200.0	699.6	11.0	.0	.0	
76.3	39.3	12.2	221.3	669.7	22.0	.0	.0	
77.6	48.2	5.3	61.3	637.3	28.0	.0	.0	
79.6	43.6	6.4	208.8	685.5	23.0	.0	.0	
81.7	38.4	7.2	163.8	649.7	13.0	.0	.0	
80.9	31.5	6.7	153.8	654.5	25.0	.0	.0	
78.9	34.7	5.6	110.0	643.7	46.0	.0	.0	
78.5	45.6	8.5	151.3	528.4	50.0	.0	.0	
78.4	48.5	10.5	228.8	622.2	45.0	.0	.0	
76.9	50.0	5.9	197.5	579.5	55.0	.0	.0	
78.8	46.4	9.2	115.0	642.0	30.0	.0	.0	
   8    31    1967
79.6	38.9	6.9	147.5	625.8	45.0	.0	.0	
77.5	44.1	8.9	187.5	579.4	40.0	.0	.0	
78.6	42.0	7.5	212.5	622.4	26.0	.0	.0	
80.0	36.7	9.2	218.8	644.4	15.0	.0	.0	
78.6	29.6	8.1	218.8	696.4	3.0	.0	.0	
76.7	30.7	9.5	131.3	663.9	26.0	.0	.0	
73.8	19.5	4.8	108.8	696.6	21.0	.0	.0	
73.1	30.7	9.7	172.5	516.3	59.0	.0	.0	
72.0	42.6	10.2	227.5	457.3	68.0	10.0	.0	
73.1	45.7	7.7	202.5	552.1	35.0	.0	.0	
75.6	40.1	6.5	208.8	621.3	13.0	.0	.0	
77.6	35.6	5.4	228.8	640.1	16.0	.0	.0	
80.6	35.0	9.5	272.5	593.9	34.0	.0	.0	
79.9	37.4	6.6	148.8	515.1	50.0	.0	.0	
78.4	38.1	8.6	216.3	547.0	62.0	.0	.0	
76.3	40.9	7.0	170.0	551.6	55.0	.0	.0	
78.8	39.1	10.1	236.3	570.6	37.0	.0	.0	
78.9	37.0	11.1	306.3	599.1	30.0	.0	.0	
78.6	38.0	9.8	261.3	562.2	53.0	.0	.0	
75.0	42.3	8.1	247.5	454.7	76.0	.0	.0	
71.4	46.2	4.9	196.3	493.0	60.0	10.0	.0	
74.7	40.5	6.8	196.3	600.6	25.0	.0	.0	
75.9	39.9	8.8	210.0	566.4	29.0	.0	.0	
74.1	42.4	10.1	152.5	554.1	38.0	.0	.0	
74.7	43.4	9.1	180.0	544.9	55.0	.0	.0	
72.4	43.6	7.1	201.3	555.8	18.0	.0	.0	
71.6	36.6	10.1	248.8	606.8	9.0	.0	.0	
74.1	27.2	11.7	257.5	539.4	26.0	.0	.0	
73.3	29.4	6.9	257.5	557.2	29.0	.0	.0	
71.6	38.5	10.2	205.0	513.1	36.0	.0	.0	
69.7	42.1	7.6	215.0	602.8	2.0	.0	.0	
   9    30    1967
68.7	45.9	7.3	212.5	479.8	36.0	.0	.0	
68.4	50.6	8.5	215.0	436.2	75.0	.0	.0	
70.9	49.4	8.1	187.5	459.0	81.0	.0	.0	
63.4	52.1	8.0	237.5	323.0	78.0	65.0	.0	
64.8	53.5	6.0	146.3	422.3	60.0	10.0	.0	
69.8	51.5	6.8	220.0	507.4	35.0	.0	.0	
68.9	52.0	6.8	118.8	516.1	52.0	25.0	.0	
66.2	49.0	7.7	161.3	508.2	43.0	.0	.0	
64.7	36.6	8.5	220.0	508.9	26.0	.0	.0	
62.2	31.2	10.1	223.8	388.4	56.0	.0	.0	
66.0	35.1	6.9	183.8	484.5	26.0	.0	.0	
68.0	25.3	13.4	297.5	554.3	2.0	.0	.0	
60.6	15.8	8.0	280.0	581.2	2.0	.0	.0	
61.4	15.5	9.6	278.8	557.6	4.0	.0	.0	
63.3	21.1	6.8	215.0	579.4	2.0	.0	.0	
62.4	21.6	6.2	190.0	567.0	2.0	.0	.0	
65.0	24.6	6.3	217.5	342.2	62.0	.0	.0	
59.0	44.1	11.4	212.5	268.3	81.0	7.0	.0	
62.1	34.1	6.3	201.3	523.0	6.0	.0	.0	
63.6	22.5	7.5	165.0	541.8	2.0	.0	.0	
64.8	33.6	10.1	237.5	441.2	44.0	4.0	.0	
59.2	46.2	8.1	263.8	355.4	65.0	.0	.0	
59.8	45.0	9.5	265.0	329.9	65.0	16.0	.0	
55.5	48.3	5.8	251.3	329.7	76.0	30.0	.0	
59.2	46.9	6.7	131.3	425.0	57.0	5.0	.0	
64.3	45.6	9.5	267.5	488.0	12.0	.0	.0	
66.4	43.0	7.5	183.8	491.5	3.0	.0	.0	
62.1	44.8	8.8	202.5	454.4	21.0	8.0	.0	
63.3	44.3	8.9	176.3	408.2	52.0	.0	.0	
61.6	43.0	7.2	136.3	461.5	13.0	.0	.0	
  10    31    1967
61.3	40.6	6.9	165.0	433.6	51.0	.0	.0	
60.7	35.5	12.2	135.0	376.9	73.0	.0	.0	
60.3	35.8	4.4	41.3	466.1	15.0	.0	.0	
58.7	36.1	10.5	142.5	466.5	4.0	.0	.0	
52.8	26.9	12.3	220.0	424.9	15.0	.0	.0	
49.6	23.7	7.1	258.8	444.0	23.0	.0	.0	
53.0	16.4	5.6	200.0	464.6	2.0	.0	.0	
56.8	14.0	7.2	230.0	477.8	15.0	.0	.0	
61.2	15.9	9.8	276.3	467.6	14.0	.0	.0	
60.9	20.2	6.6	227.5	451.6	16.0	.0	.0	
60.2	18.9	7.1	211.3	397.7	48.0	.0	.0	
59.8	21.1	10.4	326.3	438.8	5.0	.0	.0	
60.1	24.5	6.3	266.3	440.5	2.0	.0	.0	
55.6	18.3	14.5	317.5	433.9	2.0	.0	.0	
46.4	4.5	8.1	218.8	433.4	2.0	.0	.0	
48.6	-2.2	8.6	266.3	448.5	2.0	.0	.0	
50.4	-2.5	7.8	236.3	427.8	2.0	.0	.0	
53.4	1.4	10.1	252.5	392.3	26.0	.0	.0	
53.3	-.9	8.0	243.8	432.8	2.0	.0	.0	
52.6	6.9	7.4	215.0	403.8	16.0	.0	.0	
52.9	8.8	8.6	262.5	308.2	55.0	.0	.0	
54.8	22.4	9.8	272.5	391.6	9.0	.0	.0	
54.7	12.2	12.5	265.0	389.1	31.0	.0	.0	
51.4	5.1	6.1	146.3	309.3	73.0	.0	.0	
55.4	15.0	10.7	256.3	323.2	70.0	.0	.0	
49.6	14.2	6.8	216.3	322.2	33.0	.0	.0	
49.8	10.7	7.4	202.5	321.7	43.0	.0	.0	
51.1	15.2	14.0	303.8	348.0	19.0	.0	.0	
41.9	10.5	9.4	207.5	383.4	2.0	.0	.0	
49.3	17.9	11.5	317.5	374.3	2.0	.0	.0	
54.2	27.0	10.0	306.3	369.3	2.0	.0	.0	
  11    30    1967
55.7	18.9	13.3	270.0	354.8	2.0	.0	.0	
53.5	21.6	13.0	303.8	310.0	10.0	.0	.0	
45.5	5.5	5.6	186.3	320.6	30.0	.0	.0	
47.7	14.2	5.3	163.8	268.3	71.0	.0	.0	
49.9	24.8	6.5	253.8	184.4	82.0	.0	.0	
45.9	25.3	8.1	267.5	318.4	3.0	.0	.0	
46.5	20.6	7.1	216.3	332.6	5.0	.0	.0	
45.9	21.0	7.5	188.8	237.3	55.0	.0	.0	
45.0	22.2	7.8	241.3	226.3	51.0	.0	.0	
46.0	19.5	4.3	163.8	266.2	45.0	.0	.0	
50.3	19.2	10.7	227.5	198.0	69.0	.0	.0	
54.9	20.8	9.4	178.8	195.1	96.0	.0	.0	
56.2	22.4	7.1	70.0	177.7	98.0	.0	.0	
52.2	25.4	6.9	123.8	302.4	15.0	.0	.0	
48.9	36.1	5.4	202.5	164.0	87.0	.0	.0	
50.3	35.7	7.2	251.3	193.5	89.0	.0	.0	
49.4	34.4	4.9	176.3	233.2	57.0	.0	.0	
47.7	33.7	9.8	177.5	207.5	80.0	.0	.0	
44.2	39.1	11.2	105.0	141.9	98.0	18.0	.0	
42.4	38.5	4.6	163.8	145.7	79.0	33.0	.0	
37.7	32.5	10.1	260.0	193.5	91.0	.0	.0	
35.6	22.6	7.3	270.0	292.3	6.0	.0	.0	
37.1	21.6	8.2	247.5	286.5	21.0	.0	.0	
39.6	22.9	5.0	228.8	287.9	2.0	.0	.0	
40.5	17.6	11.3	282.5	285.5	2.0	.0	.0	
35.5	14.5	10.1	295.0	277.9	2.0	.0	.0	
33.6	11.8	8.6	187.5	207.9	31.0	.0	.0	
31.8	19.1	12.8	310.0	187.5	35.0	.0	.0	
29.3	20.0	9.4	195.0	224.8	45.0	.0	.0	
30.3	27.7	6.4	155.0	170.6	81.0	.0	127.0	
  12    31    1967
21.6	15.0	7.2	258.8	277.2	15.0	.0	.0	
18.7	10.5	5.9	212.5	252.1	12.0	.0	.0	
21.9	12.4	6.6	240.0	183.9	73.0	.0	.0	
25.1	15.2	3.9	138.8	271.1	12.0	.0	.0	
29.9	21.0	7.4	251.3	239.7	37.0	.0	.0	
24.5	15.8	4.7	173.8	244.3	48.0	.0	.0	
32.8	25.7	7.8	216.3	193.5	69.0	.0	.0	
25.6	14.1	11.9	212.5	238.9	8.0	.0	.0	
23.9	10.4	8.4	186.3	223.1	34.0	.0	.0	
35.4	19.5	11.1	293.8	255.2	11.0	.0	.0	
32.7	17.5	10.5	270.0	230.1	24.0	.0	.0	
20.3	6.5	18.9	203.8	155.5	33.0	.0	.0	
11.2	-8.1	20.5	220.0	258.4	21.0	.0	.0	
14.8	-5.2	16.3	321.3	108.2	79.0	.0	.0	
24.2	10.4	15.4	287.5	107.0	98.0	.0	.0	
25.5	11.9	16.3	218.8	213.7	58.0	.0	.0	
19.9	9.9	12.8	213.8	166.2	29.0	.0	.0	
22.3	18.0	7.1	78.8	141.1	75.0	.0	.0	
21.0	17.6	8.0	217.5	144.0	82.0	.0	101.6	
1.7	-4.0	7.8	268.8	227.2	26.0	.0	.0	
2.0	-6.4	7.0	218.8	253.8	24.0	.0	.0	
11.5	3.5	4.6	222.5	223.3	44.0	.0	.0	
20.0	13.3	5.2	181.3	257.7	23.0	.0	.0	
27.2	21.5	4.6	165.0	264.0	34.0	.0	.0	
38.3	27.2	11.7	326.3	247.0	9.0	.0	.0	
39.3	29.8	12.5	320.0	249.3	5.0	.0	.0	
40.5	31.5	11.8	286.3	248.9	6.0	.0	.0	
39.2	25.1	11.1	220.0	199.2	24.0	.0	.0	
33.8	21.5	11.1	282.5	238.8	2.0	.0	.0	
31.7	18.3	12.1	195.0	258.5	2.0	.0	.0	
29.8	15.6	9.4	187.5	246.7	28.0	.0	.0	
