   1    31    1969
.1	-7.9	9.8	240.0	100.8	61.0	.0	.0	
-11.0	-20.0	6.0	237.5	132.4	33.0	.0	.0	
-12.7	-19.9	6.0	132.5	134.4	43.0	.0	.0	
11.8	5.8	8.1	231.3	109.4	95.0	.0	.0	
29.9	25.9	18.7	315.0	79.2	98.0	.0	.0	
14.0	9.4	7.9	116.3	88.2	98.0	.0	.0	
18.8	16.8	16.1	231.3	91.7	98.0	.0	58.4	
-8.7	-16.6	14.1	257.5	127.3	64.0	.0	5.1	
-12.7	-20.8	10.9	183.8	130.4	68.0	.0	.0	
-6.4	-13.6	18.5	105.0	119.3	79.0	.0	.0	
.6	-5.4	25.5	108.8	139.9	67.0	.0	.0	
-6.2	-14.8	10.7	282.5	137.9	74.0	.0	5.1	
2.0	-4.0	22.6	108.8	125.6	87.0	.0	.0	
9.9	6.2	9.8	171.3	122.0	95.0	.0	.0	
9.0	5.0	10.7	291.3	117.8	98.0	.0	27.9	
-1.2	-7.1	8.4	173.8	121.9	61.0	.0	.0	
-1.0	-7.0	14.1	186.3	127.4	87.0	.0	5.1	
-14.0	-22.7	10.1	227.5	148.2	66.0	.0	.0	
-4.4	-10.7	14.4	177.5	100.2	98.0	.0	17.8	
-8.7	-16.5	8.8	236.3	113.2	98.0	.0	25.4	
-6.7	-14.0	9.2	157.5	130.1	98.0	.0	53.3	
-9.7	-17.7	8.9	308.8	113.7	98.0	.0	78.7	
-12.6	-19.7	6.8	290.0	115.8	98.0	.0	17.8	
-34.5	-42.5	8.6	293.8	191.9	13.0	.0	.0	
-31.6	-39.1	7.4	238.8	166.7	74.0	.0	2.5	
-6.5	-14.0	18.0	191.3	152.9	98.0	.0	7.6	
-20.2	-29.6	10.2	266.3	135.4	44.0	.0	2.5	
-24.1	-32.0	8.4	148.8	157.7	79.0	.0	.0	
-18.0	-27.0	7.5	228.8	132.6	64.0	.0	5.1	
-23.2	-30.6	6.5	100.0	150.6	66.0	.0	.0	
-18.7	-26.5	13.4	177.5	197.9	53.0	.0	2.5	
   2    28    1969
-12.5	-19.4	7.1	193.8	221.3	15.0	.0	.0	
-14.1	-22.1	4.9	205.0	206.6	21.0	.0	.0	
13.6	8.5	9.5	225.0	208.6	72.0	.0	.0	
11.8	8.1	12.6	131.3	214.2	79.0	.0	.0	
4.0	-1.7	8.1	92.5	181.0	95.0	.0	.0	
4.3	-2.1	9.8	256.3	157.7	98.0	.0	.0	
-.4	-6.4	8.5	105.0	214.2	71.0	.0	12.7	
-1.2	-8.1	10.9	116.3	210.9	70.0	.0	.0	
21.7	16.7	15.9	205.0	216.1	56.0	.0	.0	
15.4	11.8	10.5	316.3	260.3	4.0	.0	.0	
2.1	-1.9	12.7	166.3	238.0	64.0	.0	.0	
7.0	3.0	24.9	110.0	211.5	80.0	.0	.0	
9.9	7.1	15.8	158.8	212.2	98.0	.0	.0	
13.6	11.5	6.0	203.8	263.9	38.0	.0	2.5	
10.1	8.1	11.0	103.8	261.3	33.0	.0	.0	
13.0	11.8	3.9	140.0	159.1	98.0	.0	.0	
13.5	11.8	4.2	175.0	225.9	77.0	.0	.0	
8.2	5.5	6.3	113.8	199.9	77.0	.0	2.5	
12.7	9.4	10.8	96.3	223.3	98.0	.0	.0	
18.1	15.5	14.1	63.8	181.8	98.0	.0	7.6	
11.2	7.6	7.4	102.5	206.0	85.0	.0	7.6	
3.7	-.8	4.9	137.5	282.8	81.0	.0	.0	
11.1	8.2	9.4	113.8	186.5	98.0	.0	.0	
23.0	21.2	18.3	116.3	192.9	98.0	.0	.0	
28.6	27.9	22.2	135.0	219.0	98.0	.0	2.5	
19.9	17.3	9.5	303.8	208.4	87.0	.0	.0	
3.5	-2.3	3.3	138.8	332.5	20.0	.0	.0	
5.1	.8	14.3	120.0	325.7	24.0	.0	.0	
   3    31    1969
12.0	8.5	7.5	50.0	289.1	75.0	.0	.0	
13.6	10.4	6.3	142.5	266.0	94.0	.0	.0	
14.8	12.4	13.6	110.0	323.2	23.0	.0	.0	
5.7	.3	5.5	155.0	341.9	33.0	.0	.0	
6.8	2.3	6.6	182.5	348.6	82.0	.0	.0	
11.2	7.1	9.8	151.3	224.6	98.0	.0	5.1	
4.0	-1.8	8.6	243.8	384.8	70.0	.0	2.5	
8.1	3.5	16.3	323.8	219.9	98.0	.0	7.6	
12.8	9.5	8.7	217.5	247.5	88.0	.0	7.6	
2.1	-3.6	4.6	143.8	391.6	34.0	.0	.0	
2.8	-2.1	8.4	272.5	349.3	69.0	.0	.0	
17.1	15.0	14.1	318.8	231.8	90.0	.0	.0	
7.3	1.9	6.0	277.5	409.9	25.0	.0	.0	
5.0	-.2	6.7	247.5	378.5	64.0	.0	.0	
17.6	14.5	8.8	135.0	271.8	61.0	.0	.0	
33.2	27.3	5.0	140.0	404.7	67.0	.0	.0	
36.0	29.0	6.5	217.5	294.0	66.0	.0	.0	
31.2	28.5	7.5	215.0	368.9	90.0	.0	.0	
29.7	27.5	8.8	221.3	436.0	45.0	.0	.0	
27.2	23.7	9.2	101.3	405.5	29.0	.0	.0	
32.6	26.1	5.5	152.5	439.7	33.0	.0	.0	
33.2	27.4	10.8	187.5	406.0	66.0	.0	.0	
32.7	31.0	17.9	173.8	251.7	98.0	3.0	.0	
24.9	20.2	12.8	291.3	422.4	35.0	.0	5.1	
22.4	19.6	10.1	110.0	403.2	58.0	.0	.0	
34.1	27.4	15.0	281.3	424.1	52.0	.0	.0	
29.0	23.1	14.8	96.3	312.2	91.0	.0	2.5	
8.9	.5	11.7	128.8	376.7	98.0	.0	2.5	
11.7	5.7	9.1	116.3	328.4	85.0	.0	2.5	
17.7	12.9	15.1	106.3	456.5	70.0	.0	.0	
36.8	30.4	8.9	181.3	381.6	85.0	.0	.0	
   4    30    1969
33.5	28.6	13.1	213.8	402.2	50.0	.0	.0	
41.1	33.4	11.4	102.5	465.3	48.0	.0	.0	
42.3	33.2	12.0	215.0	410.8	70.0	.0	.0	
36.4	30.6	12.9	98.8	300.6	73.0	.0	.0	
50.5	36.7	14.8	115.0	447.9	68.0	.0	.0	
52.2	41.0	14.8	105.0	468.6	61.0	.0	.0	
42.0	37.6	16.4	103.8	352.1	88.0	.0	.0	
39.1	36.1	13.0	333.8	246.8	98.0	3.0	.0	
44.1	38.0	6.8	166.3	292.7	78.0	.0	.0	
52.2	40.1	11.1	120.0	541.5	8.0	.0	.0	
51.1	40.8	10.8	307.5	522.1	5.0	.0	.0	
49.9	39.4	8.1	78.8	550.8	6.0	.0	.0	
58.9	42.4	15.0	178.8	515.5	32.0	3.0	.0	
44.7	38.2	16.4	276.3	206.2	93.0	30.0	.0	
43.0	30.2	16.7	221.3	371.3	83.0	.0	.0	
44.5	29.3	7.2	221.3	565.1	3.0	.0	.0	
51.7	30.6	12.2	172.5	491.7	50.0	.0	.0	
54.9	31.7	14.3	198.8	358.5	76.0	.0	.0	
52.0	26.1	15.5	257.5	331.0	66.0	.0	.0	
48.5	20.9	19.9	293.8	516.1	43.0	.0	.0	
49.5	23.3	8.8	215.0	509.9	41.0	.0	.0	
59.0	30.2	17.1	121.3	544.9	53.0	.0	.0	
59.9	31.3	22.5	120.0	404.1	60.0	.0	.0	
58.9	38.5	17.2	200.0	499.5	56.0	10.0	.0	
37.5	35.4	24.9	322.5	220.6	98.0	85.0	.0	
34.2	30.9	19.9	145.0	282.9	90.0	43.0	.0	
30.6	24.6	8.4	150.0	331.3	57.0	.0	.0	
40.6	29.4	11.9	132.5	599.0	4.0	.0	.0	
46.7	35.6	20.5	201.3	559.6	46.0	.0	.0	
40.0	32.9	12.9	300.0	390.4	65.0	25.0	.0	
   5    31    1969
39.6	37.1	9.1	235.0	239.5	63.0	13.0	.0	
48.9	39.3	9.3	143.8	484.1	71.0	.0	.0	
50.6	43.5	12.8	212.5	387.6	89.0	.0	.0	
52.7	45.4	8.8	107.5	325.4	85.0	.0	.0	
52.8	36.9	11.3	222.5	627.9	16.0	.0	.0	
54.5	33.4	11.5	193.8	617.6	26.0	.0	.0	
48.3	26.0	15.8	290.0	579.3	35.0	.0	.0	
50.5	28.4	9.5	287.5	601.9	40.0	.0	.0	
54.3	27.5	15.6	290.0	553.1	22.0	.0	.0	
49.9	29.4	10.7	262.5	600.5	35.0	.0	.0	
51.2	27.6	10.1	128.8	635.7	47.0	.0	.0	
59.6	35.2	8.6	176.3	617.4	33.0	.0	.0	
65.2	37.0	10.5	133.8	582.8	52.0	.0	.0	
64.8	45.0	8.1	258.8	520.0	71.0	.0	.0	
46.9	39.9	16.3	310.0	284.9	98.0	2.0	.0	
41.6	31.5	7.1	166.3	512.1	78.0	.0	.0	
43.2	37.4	11.4	123.8	296.3	77.0	1.0	.0	
49.3	37.0	13.0	218.8	521.0	50.0	.0	.0	
43.0	32.1	9.7	197.5	386.8	63.0	.0	.0	
40.8	28.1	9.3	68.8	321.7	89.0	.0	.0	
45.6	29.6	7.0	191.3	607.4	30.0	.0	.0	
54.0	34.3	7.6	186.3	654.9	33.0	.0	.0	
60.3	37.1	7.5	82.5	522.2	47.0	.0	.0	
65.9	37.5	17.9	110.0	634.9	70.0	.0	.0	
68.5	42.9	11.5	216.3	610.5	73.0	.0	.0	
70.4	45.4	13.3	198.8	547.0	66.0	.0	.0	
69.3	41.0	15.7	166.3	655.4	36.0	8.0	.0	
60.2	32.1	12.4	251.3	685.4	34.0	.0	.0	
62.3	35.2	6.8	142.5	480.7	76.0	.0	.0	
59.2	46.8	12.4	320.0	315.7	98.0	1.0	.0	
47.2	37.3	16.9	300.0	291.5	85.0	.0	.0	
   6    30    1969
52.2	30.4	9.5	248.8	726.4	25.0	.0	.0	
64.1	39.9	9.7	275.0	585.4	74.0	.0	.0	
64.1	42.4	7.5	177.5	402.0	71.0	.0	.0	
72.3	42.5	10.8	195.0	676.9	4.0	.0	.0	
73.3	42.8	12.6	101.3	644.8	60.0	3.0	.0	
64.8	53.6	14.2	115.0	621.4	59.0	.0	.0	
56.9	47.3	12.9	61.3	311.9	86.0	.0	.0	
60.2	47.9	11.4	121.3	561.9	59.0	.0	.0	
64.1	50.5	9.6	200.0	409.9	71.0	.0	.0	
49.9	34.8	12.2	142.5	534.2	67.0	.0	.0	
51.6	27.5	14.4	220.0	588.9	67.0	1.0	.0	
47.3	23.1	8.5	303.8	608.2	84.0	.0	.0	
52.4	23.1	8.2	228.8	670.6	30.0	.0	.0	
58.1	24.9	5.8	276.3	671.3	35.0	.0	.0	
62.1	30.6	11.8	242.5	647.3	43.0	.0	.0	
63.6	36.4	10.0	325.0	723.5	29.0	.0	.0	
66.0	41.1	8.4	308.8	593.5	73.0	.0	.0	
72.4	45.6	12.7	250.0	470.3	90.0	.0	.0	
51.7	38.4	13.7	55.0	374.4	92.0	2.0	.0	
45.3	34.8	17.9	108.8	318.6	98.0	5.0	.0	
52.8	44.8	9.4	77.5	396.8	95.0	.0	.0	
54.9	51.0	7.4	200.0	414.1	90.0	23.0	.0	
60.8	50.4	7.6	246.3	543.2	62.0	.0	.0	
63.6	49.0	13.5	111.3	477.5	92.0	1.0	.0	
55.0	53.0	17.9	46.3	300.9	98.0	44.0	.0	
52.7	49.0	19.2	186.3	352.0	98.0	5.0	.0	
51.5	49.1	9.1	288.8	322.6	98.0	17.0	.0	
50.7	49.1	10.4	145.0	309.8	98.0	17.0	.0	
51.0	47.5	9.7	208.8	278.2	98.0	5.0	.0	
57.8	47.7	9.5	213.8	480.6	58.0	.0	.0	
   7    31    1969
57.4	50.9	7.2	118.8	470.3	41.0	5.0	.0	
65.6	53.2	13.0	128.8	618.9	49.0	5.0	.0	
63.6	52.9	10.8	243.8	521.8	55.0	1.0	.0	
60.6	49.2	11.6	251.3	535.6	45.0	.0	.0	
60.8	53.4	15.7	113.8	493.6	66.0	9.0	.0	
61.1	56.4	13.3	88.8	315.6	98.0	81.0	.0	
60.3	56.5	11.1	250.0	370.5	90.0	107.0	.0	
63.5	51.9	8.8	258.8	632.5	29.0	.0	.0	
67.3	52.3	6.5	241.3	697.7	7.0	.0	.0	
72.3	54.7	9.1	161.3	681.3	13.0	.0	.0	
76.7	56.3	10.7	230.0	638.6	55.0	.0	.0	
70.2	50.9	6.7	202.5	627.5	63.0	12.0	.0	
65.8	47.5	8.6	243.8	712.2	27.0	.0	.0	
67.3	58.2	10.1	108.8	504.8	78.0	48.0	.0	
62.6	51.9	9.2	155.0	432.1	63.0	15.0	.0	
56.4	51.4	7.2	175.0	424.7	74.0	1.0	.0	
63.0	57.7	12.0	110.0	530.2	53.0	21.0	.0	
64.2	55.6	7.2	121.3	539.4	51.0	.0	.0	
67.8	54.9	10.2	118.8	623.7	26.0	.0	.0	
70.8	57.5	13.3	146.3	609.3	49.0	4.0	.0	
70.2	56.0	6.3	235.0	649.3	23.0	8.0	.0	
66.7	51.5	10.3	251.3	629.5	15.0	14.0	.0	
66.8	56.0	7.6	146.3	565.8	48.0	5.0	.0	
70.8	57.1	8.8	121.3	588.8	24.0	.0	.0	
73.1	53.5	13.1	198.8	554.3	45.0	1.0	.0	
58.2	46.8	20.2	317.5	313.2	72.0	8.0	.0	
63.4	52.0	7.8	167.5	604.8	35.0	.0	.0	
65.1	56.5	14.0	116.3	448.7	64.0	.0	.0	
72.4	54.1	8.2	172.5	685.9	25.0	.0	.0	
64.0	48.7	14.6	277.5	639.9	8.0	.0	.0	
67.8	48.4	12.1	125.0	665.5	4.0	.0	.0	
   8    31    1969
71.3	48.0	8.2	122.5	686.2	2.0	.0	.0	
77.2	45.5	11.8	133.8	625.4	27.0	.0	.0	
78.3	43.3	9.1	210.0	617.6	21.0	.0	.0	
79.4	48.5	14.6	117.5	628.9	23.0	.0	.0	
75.2	37.4	16.4	293.8	638.1	35.0	.0	.0	
62.3	38.8	15.6	293.8	383.7	67.0	2.0	.0	
68.0	38.0	7.9	226.3	647.8	2.0	.0	.0	
70.5	39.0	9.8	238.8	503.7	40.0	.0	.0	
73.5	40.1	7.9	165.0	603.8	4.0	.0	.0	
76.9	38.4	10.1	190.0	622.8	18.0	.0	.0	
75.8	40.4	5.5	127.5	297.7	90.0	.0	.0	
72.1	46.1	10.9	216.3	287.0	95.0	.0	.0	
67.2	40.9	11.9	260.0	635.5	20.0	.0	.0	
72.0	42.2	8.4	107.5	599.5	2.0	.0	.0	
76.3	46.8	9.8	155.0	559.6	21.0	.0	.0	
72.4	42.5	16.6	258.8	485.4	46.0	.0	.0	
61.5	33.1	7.9	275.0	620.1	4.0	.0	.0	
67.6	33.8	14.0	118.8	569.3	19.0	.0	.0	
74.3	47.0	12.6	128.8	578.0	17.0	.0	.0	
77.7	48.6	11.2	136.3	565.7	10.0	.0	.0	
80.8	47.9	11.1	155.0	572.2	2.0	.0	.0	
81.4	44.0	12.5	107.5	594.8	2.0	.0	.0	
82.4	42.8	12.0	136.3	591.9	2.0	.0	.0	
83.2	43.3	14.3	125.0	586.3	2.0	.0	.0	
81.0	44.1	12.4	203.8	439.2	53.0	.0	.0	
76.6	43.5	14.4	167.5	496.7	37.0	1.0	.0	
75.0	53.0	8.1	176.3	553.5	10.0	2.0	.0	
73.5	51.4	9.4	141.3	517.0	29.0	.0	.0	
65.5	40.8	16.9	292.5	491.6	23.0	.0	.0	
65.9	32.0	9.7	171.3	458.2	48.0	.0	.0	
64.2	35.4	8.1	177.5	539.5	11.0	.0	.0	
   9    30    1969
69.6	34.6	8.8	97.5	528.8	2.0	.0	.0	
75.5	39.5	9.8	112.5	520.8	28.0	.0	.0	
75.5	45.4	15.5	166.3	487.9	49.0	.0	.0	
62.8	27.7	12.8	235.0	530.2	26.0	.0	.0	
60.7	32.5	10.8	276.3	424.4	47.0	1.0	.0	
59.6	29.8	8.8	192.5	469.5	25.0	.0	.0	
61.3	32.6	7.5	118.8	493.0	26.0	.0	.0	
66.8	35.6	15.7	122.5	493.0	7.0	.0	.0	
67.1	36.4	13.3	127.5	474.6	9.0	.0	.0	
66.8	38.8	8.5	111.3	465.4	8.0	.0	.0	
69.9	42.2	10.3	131.3	490.1	13.0	.0	.0	
72.0	40.3	6.8	131.3	455.2	14.0	.0	.0	
72.9	42.4	9.3	230.0	473.1	15.0	.0	.0	
61.2	31.5	12.4	245.0	378.2	50.0	.0	.0	
50.3	29.3	9.7	66.3	322.6	52.0	.0	.0	
53.5	32.9	13.1	88.8	371.3	62.0	.0	.0	
62.0	39.4	16.7	120.0	368.6	44.0	.0	.0	
65.4	43.7	12.9	146.3	299.6	68.0	.0	.0	
66.8	42.2	8.8	201.3	267.5	92.0	.0	.0	
60.9	42.5	14.8	81.3	270.5	87.0	13.0	.0	
54.0	46.4	12.3	308.8	216.1	95.0	.0	.0	
47.9	37.5	13.8	248.8	332.4	85.0	.0	.0	
53.0	38.3	13.4	108.8	192.2	78.0	.0	.0	
56.2	35.4	15.1	293.8	331.8	41.0	.0	.0	
54.5	35.2	7.4	235.0	350.6	50.0	9.0	.0	
53.7	39.5	9.5	220.0	376.0	29.0	.0	.0	
54.0	37.1	15.4	117.5	292.8	70.0	.0	.0	
60.4	39.2	12.4	195.0	350.5	57.0	.0	.0	
55.7	36.7	12.8	76.3	322.5	83.0	.0	.0	
54.8	38.1	10.4	192.5	245.3	89.0	4.0	.0	
  10    31    1969
56.9	33.2	10.0	243.8	364.9	53.0	.0	.0	
51.0	41.0	12.4	243.8	135.8	98.0	59.0	.0	
39.4	35.1	22.5	308.8	187.5	95.0	32.0	.0	
37.7	33.5	12.1	253.8	155.8	89.0	5.0	.0	
37.8	33.9	9.8	282.5	162.4	98.0	4.0	.0	
47.1	35.9	15.6	310.0	240.6	78.0	.0	.0	
44.9	31.9	11.2	253.8	347.0	13.0	.0	.0	
47.9	37.0	11.0	136.3	157.3	80.0	.0	.0	
49.1	36.3	20.2	290.0	248.2	89.0	9.0	.0	
35.9	31.4	17.3	212.5	140.2	98.0	17.0	.0	
30.5	22.5	10.7	147.5	178.3	98.0	.0	5.1	
33.7	27.0	9.2	91.3	183.6	98.0	2.0	.0	
33.6	25.0	8.9	272.5	200.2	93.0	.0	.0	
37.0	26.6	10.0	250.0	191.5	93.0	.0	.0	
33.8	25.7	10.4	240.0	157.3	98.0	.0	.0	
32.4	20.2	6.7	293.8	311.7	3.0	.0	.0	
33.9	20.0	6.9	290.0	289.0	13.0	.0	.0	
38.3	21.8	6.0	237.5	295.1	2.0	.0	.0	
38.5	24.7	6.0	312.5	251.1	45.0	.0	.0	
44.3	30.4	12.0	241.3	139.4	76.0	.0	.0	
43.8	32.4	11.7	231.3	143.9	87.0	.0	.0	
43.3	31.5	15.9	112.5	174.1	79.0	.0	.0	
43.1	32.8	12.0	270.0	208.2	94.0	.0	.0	
32.4	27.2	8.4	186.3	124.2	98.0	.0	.0	
30.1	24.4	11.7	326.3	141.7	98.0	.0	2.5	
24.5	16.7	13.4	310.0	144.7	86.0	.0	.0	
25.2	20.0	7.8	157.5	171.2	68.0	.0	.0	
33.8	24.9	11.7	221.3	191.6	90.0	.0	.0	
30.6	24.3	7.8	241.3	119.8	65.0	.0	5.1	
34.0	24.5	6.1	231.3	225.9	28.0	.0	.0	
35.5	27.3	7.2	301.3	187.8	70.0	.0	.0	
  11    30    1969
38.3	31.9	11.5	252.5	135.8	77.0	.0	.0	
34.3	27.6	7.8	123.8	149.7	66.0	.0	.0	
39.9	28.9	9.7	230.0	195.2	49.0	.0	.0	
42.3	32.0	11.4	167.5	180.0	74.0	.0	.0	
50.0	32.5	7.1	182.5	131.4	74.0	.0	.0	
43.6	31.2	5.9	140.0	121.0	98.0	.0	.0	
45.0	33.5	6.9	166.3	171.8	77.0	.0	.0	
43.0	33.0	7.9	235.0	192.6	31.0	.0	.0	
42.5	28.1	6.6	180.0	201.9	33.0	.0	.0	
42.7	30.0	12.2	266.3	119.3	88.0	.0	.0	
34.6	24.0	6.7	193.8	90.2	83.0	.0	.0	
31.0	22.3	15.4	235.0	102.9	84.0	.0	.0	
17.4	4.4	20.0	280.0	200.8	10.0	.0	.0	
24.4	15.1	8.8	200.0	121.1	73.0	.0	.0	
36.6	25.0	14.3	133.8	97.8	98.0	.0	.0	
26.7	18.4	10.4	315.0	110.6	71.0	.0	.0	
11.9	3.7	6.8	270.0	185.9	9.0	.0	.0	
21.7	9.0	5.9	290.0	138.9	30.0	.0	.0	
21.6	12.5	12.7	150.0	116.7	58.0	.0	.0	
28.3	13.9	7.5	123.8	144.5	81.0	.0	.0	
39.0	20.3	10.1	238.8	131.5	71.0	.0	.0	
31.8	18.4	8.1	285.0	173.1	12.0	.0	.0	
35.9	18.0	11.0	178.8	142.1	78.0	.0	.0	
37.6	20.5	16.4	303.8	164.3	16.0	.0	.0	
28.5	13.5	9.4	216.3	149.6	26.0	.0	.0	
25.4	17.9	8.8	240.0	123.9	29.0	.0	.0	
31.1	17.1	8.5	230.0	142.6	53.0	.0	.0	
33.2	28.0	7.5	213.8	134.7	45.0	.0	.0	
33.5	23.5	6.3	201.3	107.6	57.0	.0	.0	
34.0	18.9	5.2	201.3	143.6	19.0	.0	.0	
  12    31    1969
31.6	17.1	8.6	235.0	138.6	24.0	.0	.0	
28.3	15.5	6.3	145.0	112.0	65.0	.0	.0	
27.9	16.0	14.1	116.3	122.9	18.0	.0	.0	
25.8	16.6	7.5	146.3	92.1	81.0	.0	.0	
32.6	25.3	18.6	313.8	66.8	88.0	.0	.0	
24.2	18.7	14.1	316.3	76.5	88.0	.0	7.6	
14.0	8.6	13.3	330.0	77.2	98.0	.0	.0	
12.6	7.7	5.9	158.8	69.0	92.0	.0	2.5	
13.9	11.3	5.6	202.5	81.2	98.0	.0	2.5	
18.0	15.4	7.4	118.8	101.1	95.0	.0	2.5	
11.3	8.1	5.6	168.8	140.1	20.0	.0	.0	
33.1	25.6	10.1	216.3	118.0	60.0	.0	.0	
34.9	24.5	9.7	215.0	123.9	19.0	.0	.0	
29.7	22.6	15.1	122.5	75.0	63.0	.0	.0	
29.5	20.6	8.2	238.8	105.1	25.0	.0	.0	
24.9	19.1	6.4	182.5	129.3	28.0	.0	.0	
25.7	20.3	7.4	252.5	87.4	65.0	.0	.0	
15.9	11.6	6.9	157.5	91.2	75.0	.0	.0	
18.2	12.4	13.7	116.3	101.0	62.0	.0	.0	
23.2	17.5	10.7	291.3	63.2	96.0	.0	.0	
24.8	22.1	17.4	121.3	61.0	98.0	.0	50.8	
20.0	14.7	11.5	275.0	87.9	95.0	.0	5.1	
21.8	16.5	11.8	180.0	99.0	80.0	.0	.0	
26.5	17.6	11.8	252.5	120.5	35.0	.0	.0	
13.1	7.6	6.3	132.5	139.9	2.0	.0	.0	
13.2	8.5	14.1	116.3	90.3	84.0	.0	.0	
18.1	13.1	8.1	261.3	74.0	98.0	.0	.0	
13.6	9.2	7.2	218.8	90.6	98.0	.0	.0	
20.5	15.3	10.2	211.3	76.3	84.0	.0	12.7	
23.7	16.9	12.4	290.0	119.9	74.0	.0	.0	
26.2	21.9	15.7	286.3	79.5	98.0	.0	7.6	
