   1    31    1964
34.9	25.4	7.3	220.8	122.6	60.0	.0	.0	
34.9	19.8	21.8	281.3	138.9	67.0	.0	.0	
27.4	15.2	8.9	225.4	108.2	84.0	.0	.0	
26.0	15.0	12.6	255.8	108.3	76.0	.0	.0	
27.5	13.0	9.4	258.8	75.0	95.0	.0	.0	
26.5	19.8	7.9	249.6	82.8	97.0	.0	.0	
23.2	14.9	10.4	287.9	101.8	91.0	.0	12.7	
10.0	2.2	4.0	185.0	157.2	40.0	.0	.0	
14.2	8.3	5.2	221.7	87.8	80.0	.0	7.6	
26.5	15.2	13.2	276.7	92.4	97.0	.0	.0	
18.4	12.6	5.5	237.9	102.1	73.0	.0	.0	
6.1	.1	2.0	103.3	166.7	10.0	.0	.0	
10.3	1.1	5.3	223.8	169.2	18.0	.0	.0	
13.7	5.3	3.8	220.0	116.0	67.0	.0	.0	
21.5	12.5	6.4	244.2	91.4	73.0	.0	.0	
28.2	18.7	13.2	259.6	78.5	74.0	.0	.0	
32.3	17.0	15.2	197.9	115.5	92.0	.0	.0	
29.1	13.5	11.4	240.0	158.1	63.0	.0	.0	
30.2	14.5	14.8	195.4	102.7	71.0	.0	.0	
34.6	26.4	12.3	215.8	114.8	98.0	6.0	.0	
17.5	12.5	5.4	209.2	111.3	80.0	.0	22.9	
5.4	-2.0	2.1	107.1	93.9	85.0	.0	.0	
6.0	-2.8	3.4	167.9	145.4	54.0	.0	.0	
13.5	6.4	4.2	213.3	92.6	93.0	.0	.0	
28.7	23.2	5.1	187.1	126.7	95.0	.0	12.7	
31.6	19.1	12.5	276.3	207.0	55.0	.0	.0	
21.5	13.9	5.7	271.7	151.2	92.0	.0	7.6	
28.8	17.9	10.7	260.0	211.8	38.0	.0	.0	
24.6	15.8	6.9	255.0	177.6	85.0	.0	.0	
31.7	16.8	13.5	261.7	190.5	49.0	.0	.0	
32.3	21.3	8.2	220.8	154.9	83.0	.0	.0	
   2    29    1964
32.4	21.0	12.2	249.6	114.4	73.0	1.0	.0	
27.1	14.6	9.3	251.7	230.8	19.0	.0	.0	
19.7	11.4	6.3	275.8	227.1	65.0	.0	.0	
25.7	16.9	7.9	273.8	229.1	49.0	.0	.0	
23.7	12.1	19.2	298.3	108.5	55.0	.0	5.1	
12.5	4.2	4.3	208.3	137.3	79.0	.0	.0	
33.3	16.1	19.7	277.5	207.0	51.0	.0	.0	
35.3	17.8	13.4	271.3	147.5	81.0	.0	.0	
39.4	28.2	13.7	277.1	132.8	94.0	.0	.0	
37.0	28.9	7.3	251.3	187.1	88.0	.0	.0	
33.5	23.7	11.2	265.8	120.7	87.0	.0	.0	
27.5	14.3	9.4	249.2	248.8	52.0	.0	.0	
28.9	16.8	12.7	261.3	157.0	96.0	.0	.0	
24.0	12.8	8.8	216.3	244.6	28.0	.0	.0	
24.2	13.5	5.9	234.6	166.3	85.0	.0	.0	
31.6	17.8	12.3	247.9	162.1	81.0	.0	.0	
33.1	21.0	17.3	265.4	221.4	55.0	.0	.0	
35.9	22.3	11.7	275.8	133.1	68.0	.0	.0	
28.6	20.3	11.8	271.7	179.1	85.0	.0	22.9	
22.2	17.3	3.6	161.3	143.4	78.0	.0	5.1	
26.6	20.8	8.0	207.1	198.7	81.0	.0	20.3	
29.7	22.5	7.1	264.2	169.3	93.0	.0	.0	
30.4	20.6	7.8	217.9	319.3	35.0	.0	.0	
21.3	13.5	13.6	319.2	143.5	79.0	.0	10.2	
10.0	-1.3	3.3	166.7	320.0	39.0	.0	.0	
21.7	9.6	8.7	227.5	161.2	72.0	.0	.0	
29.5	14.6	9.3	236.3	321.9	42.0	.0	.0	
27.7	16.0	5.6	251.7	294.1	73.0	.0	.0	
31.8	15.5	14.0	245.8	282.4	74.0	.0	2.5	
   3    31    1964
35.3	16.4	16.4	237.5	152.4	97.0	.0	.0	
27.7	16.2	4.5	147.5	326.3	55.0	.0	.0	
31.1	16.0	10.2	249.6	260.4	53.0	.0	.0	
35.0	22.5	9.4	220.8	267.9	95.0	.0	.0	
31.3	19.7	12.7	287.5	193.6	98.0	.0	2.5	
25.0	18.2	7.0	207.9	217.7	98.0	.0	12.7	
20.4	12.5	5.5	211.7	313.7	66.0	.0	.0	
28.7	13.3	10.1	259.2	198.8	78.0	.0	.0	
31.6	14.9	15.7	271.3	287.5	75.0	.0	.0	
31.3	13.5	8.6	213.3	192.0	77.0	.0	.0	
39.6	16.6	23.3	189.2	267.9	93.0	.0	.0	
33.4	17.5	14.7	248.8	203.7	70.0	1.0	.0	
29.0	12.4	14.2	243.3	349.6	32.0	.0	.0	
36.0	15.9	10.4	212.9	186.7	80.0	.0	.0	
40.4	20.9	18.5	270.0	306.4	64.0	.0	.0	
43.6	19.3	11.3	267.9	329.3	77.0	.0	.0	
43.0	27.3	7.3	181.7	198.8	98.0	.0	.0	
37.0	23.3	13.4	260.0	230.6	84.0	.0	.0	
25.0	14.8	10.3	269.6	410.0	45.0	.0	10.2	
29.9	17.2	6.2	170.4	368.9	71.0	.0	.0	
27.4	21.1	8.9	260.4	183.5	98.0	.0	83.8	
10.8	-.5	15.8	325.8	260.3	98.0	.0	2.5	
-3.4	-19.8	12.3	313.3	466.7	41.0	.0	.0	
-.3	-15.2	5.2	262.5	485.4	54.0	.0	.0	
15.7	2.9	4.5	161.3	309.0	95.0	.0	.0	
29.8	19.8	12.7	257.1	260.1	95.0	.0	10.2	
25.0	14.4	6.8	208.8	401.4	71.0	.0	5.1	
35.3	20.6	9.2	251.7	425.4	59.0	.0	.0	
37.7	22.9	4.1	182.9	478.4	26.0	.0	.0	
42.6	25.8	5.6	189.2	445.5	64.0	.0	.0	
48.1	27.2	5.3	190.4	466.5	59.0	.0	.0	
   4    30    1964
44.7	29.2	12.6	254.6	250.7	92.0	.0	.0	
35.9	23.1	13.8	299.2	213.9	90.0	.0	.0	
39.9	24.5	7.6	220.4	405.4	57.0	.0	.0	
43.3	25.3	7.2	198.3	523.5	2.0	.0	.0	
38.2	25.2	13.3	318.8	188.3	92.0	2.0	.0	
24.5	16.4	12.2	313.3	290.1	86.0	.0	7.6	
30.5	17.2	5.1	128.3	547.4	2.0	.0	.0	
41.5	21.3	7.8	213.3	471.8	45.0	.0	.0	
48.6	24.6	5.7	222.1	393.8	80.0	.0	.0	
48.8	25.3	13.7	260.0	398.0	71.0	.0	.0	
40.8	22.2	12.8	262.1	233.3	83.0	.0	.0	
37.0	18.5	15.6	255.8	421.5	75.0	.0	.0	
40.8	21.1	17.0	259.2	316.6	93.0	.0	.0	
51.3	21.1	11.5	225.8	457.0	66.0	.0	.0	
53.2	24.5	13.4	265.0	340.1	76.0	.0	.0	
31.6	19.6	11.2	249.2	243.9	92.0	.0	20.3	
28.9	15.9	4.3	192.1	545.1	30.0	.0	.0	
37.5	14.3	6.3	206.7	605.4	3.0	.0	.0	
42.4	15.0	4.6	169.6	616.6	6.0	.0	.0	
47.7	21.7	10.5	233.8	536.4	73.0	.0	.0	
41.5	23.3	11.2	273.3	361.3	98.0	1.0	.0	
45.6	26.6	10.0	196.3	290.3	98.0	.0	.0	
34.4	27.5	12.2	314.6	311.3	98.0	24.0	.0	
33.7	30.0	6.7	251.3	304.8	98.0	30.0	.0	
42.3	31.9	12.7	254.2	365.2	88.0	.0	.0	
43.5	24.6	17.5	280.0	336.4	55.0	.0	.0	
45.2	24.0	12.2	278.3	396.1	65.0	.0	.0	
50.9	30.0	7.1	161.3	543.0	43.0	.0	.0	
55.0	34.3	7.0	233.8	555.9	39.0	.0	.0	
51.9	41.7	7.4	240.4	373.3	65.0	88.0	.0	
   5    31    1964
46.2	40.2	7.3	270.4	291.4	95.0	37.0	.0	
41.7	31.3	14.5	252.9	221.9	98.0	.0	.0	
34.3	30.2	17.1	270.0	293.9	98.0	206.0	.0	
42.0	30.9	15.0	265.4	367.3	98.0	.0	.0	
44.8	32.7	7.5	239.2	497.8	68.0	.0	.0	
44.8	29.0	16.3	257.9	479.1	73.0	.0	.0	
43.3	35.5	6.6	190.0	258.7	95.0	32.0	.0	
49.7	34.5	12.4	226.7	402.6	72.0	.0	.0	
54.6	32.6	12.0	264.6	474.6	79.0	.0	.0	
49.2	34.3	11.1	241.7	407.0	91.0	1.0	.0	
47.8	31.0	5.6	181.7	473.1	58.0	7.0	.0	
52.4	32.2	5.1	172.9	484.7	62.0	.0	.0	
55.1	33.9	10.5	270.0	444.6	60.0	.0	.0	
55.0	29.1	5.6	202.1	563.2	93.0	.0	.0	
59.1	28.4	9.9	258.3	697.3	45.0	.0	.0	
61.3	34.6	6.3	163.8	639.1	45.0	.0	.0	
60.2	32.5	14.2	260.8	659.5	25.0	.0	.0	
59.2	34.3	5.3	112.9	651.3	44.0	.0	.0	
64.3	36.2	4.9	217.9	569.5	72.0	.0	.0	
66.3	35.7	7.8	186.3	473.6	68.0	.0	.0	
57.6	31.3	12.6	247.9	610.4	30.0	.0	.0	
48.9	28.0	11.1	198.3	450.4	58.0	.0	.0	
50.9	21.0	11.0	240.0	712.9	20.0	.0	.0	
55.9	26.3	12.9	243.3	396.5	53.0	.0	.0	
52.7	23.5	9.9	271.7	641.0	41.0	.0	.0	
51.7	30.7	6.8	160.0	412.9	52.0	.0	.0	
56.7	43.0	5.5	227.5	374.9	92.0	3.0	.0	
50.4	45.8	10.0	322.1	196.8	98.0	48.0	.0	
49.2	41.5	11.6	318.3	322.5	98.0	18.0	.0	
53.8	39.7	6.9	231.3	502.2	83.0	.0	.0	
56.3	39.6	7.1	206.3	629.6	69.0	.0	.0	
   6    30    1964
57.7	35.3	7.1	195.4	676.5	24.0	.0	.0	
58.3	41.1	6.8	219.6	475.3	87.0	.0	.0	
62.3	38.8	9.5	255.8	641.0	55.0	6.0	.0	
58.6	41.6	5.1	207.5	381.8	78.0	.0	.0	
60.7	43.1	9.0	252.5	468.6	69.0	.0	.0	
58.5	46.8	5.7	203.8	331.2	96.0	9.0	.0	
54.0	49.0	5.9	263.8	236.1	95.0	52.0	.0	
52.6	46.2	5.5	189.6	289.1	98.0	49.0	.0	
52.6	38.7	7.8	177.9	474.4	94.0	2.0	.0	
54.4	41.3	6.4	172.5	533.8	84.0	4.0	.0	
56.4	41.7	12.8	248.8	533.2	67.0	.0	.0	
60.5	41.6	10.0	262.9	636.9	38.0	.0	.0	
61.8	43.5	4.3	152.9	659.7	27.0	.0	.0	
60.1	50.0	5.5	152.1	412.0	90.0	13.0	.0	
57.8	51.1	3.6	134.6	347.6	98.0	30.0	.0	
57.0	50.6	5.8	204.6	250.9	95.0	16.0	.0	
56.0	41.7	8.5	238.8	411.2	83.0	.0	.0	
57.9	38.4	8.9	247.9	657.1	48.0	.0	.0	
51.4	41.8	9.6	221.7	248.6	98.0	65.0	.0	
55.6	36.6	9.5	215.0	648.1	42.0	.0	.0	
51.4	43.2	5.6	209.6	327.7	73.0	29.0	.0	
59.4	41.8	8.4	206.3	660.8	21.0	.0	.0	
66.0	43.8	6.9	170.4	730.1	4.0	.0	.0	
68.7	44.4	6.4	209.6	707.0	8.0	.0	.0	
70.3	47.9	8.1	144.2	612.8	49.0	2.0	.0	
65.6	53.0	7.0	216.3	560.2	49.0	14.0	.0	
65.7	47.1	11.1	238.3	622.7	28.0	.0	.0	
59.5	34.8	6.8	177.5	645.7	30.0	.0	.0	
63.8	34.9	5.8	165.0	726.2	35.0	.0	.0	
66.6	46.9	7.5	195.4	594.2	38.0	7.0	.0	
   7    31    1964
67.9	45.1	6.3	161.7	706.0	51.0	.0	.0	
70.5	49.6	8.4	177.9	582.2	60.0	3.0	.0	
65.6	45.8	5.2	138.8	707.4	10.0	.0	.0	
68.4	44.7	8.5	198.8	709.8	21.0	.0	.0	
65.3	44.2	11.6	257.1	514.5	55.0	.0	.0	
66.9	43.8	7.9	200.4	638.4	17.0	.0	.0	
71.0	46.4	4.3	136.7	724.1	8.0	.0	.0	
72.3	47.7	6.1	190.8	573.0	32.0	.0	.0	
68.0	49.1	4.3	164.2	496.4	53.0	27.0	.0	
71.7	45.4	7.1	219.6	730.5	2.0	.0	.0	
73.4	46.2	4.2	102.9	719.2	2.0	.0	.0	
74.3	48.5	6.4	162.5	588.9	35.0	.0	.0	
71.3	50.6	6.4	182.5	413.7	64.0	.0	.0	
67.6	55.2	5.7	149.6	504.4	43.0	14.0	.0	
67.6	51.6	7.3	217.9	596.1	40.0	.0	.0	
68.8	44.9	7.7	252.1	697.8	14.0	.0	.0	
72.8	47.4	5.3	166.3	677.9	13.0	.0	.0	
75.6	51.7	8.6	245.8	592.7	39.0	.0	.0	
72.2	41.7	8.9	234.6	619.9	22.0	.0	.0	
73.3	44.2	6.5	154.6	703.7	5.0	.0	.0	
77.6	45.4	8.1	220.4	685.9	3.0	.0	.0	
76.3	44.8	7.0	206.7	664.2	9.0	.0	.0	
69.5	29.6	13.9	259.6	682.1	5.0	.0	.0	
69.2	34.7	8.5	246.3	712.9	2.0	.0	.0	
70.7	38.9	5.3	134.2	660.5	2.0	.0	.0	
73.9	36.4	7.0	186.7	698.2	2.0	.0	.0	
72.0	38.9	8.6	220.8	695.4	2.0	.0	.0	
70.0	45.8	6.6	237.9	577.1	50.0	.0	.0	
73.8	52.3	8.1	235.4	465.7	65.0	9.0	.0	
67.4	54.8	9.4	162.9	522.2	53.0	30.0	.0	
66.5	46.1	9.2	256.3	624.3	25.0	.0	.0	
   8    31    1964
63.6	43.9	9.4	224.2	451.4	39.0	.0	.0	
65.5	38.3	8.7	252.9	666.8	2.0	.0	.0	
71.4	41.4	6.0	173.3	615.8	13.0	.0	.0	
74.6	41.6	8.8	235.0	658.1	3.0	.0	.0	
69.4	37.7	11.7	279.2	659.2	2.0	.0	.0	
66.1	34.0	5.6	165.4	660.9	2.0	.0	.0	
70.6	40.4	6.1	200.0	492.8	44.0	.0	.0	
72.9	48.8	9.2	217.1	504.2	43.0	2.0	.0	
72.3	45.3	9.3	192.9	604.5	7.0	.0	.0	
65.8	40.4	8.3	190.4	622.1	5.0	.0	.0	
65.2	39.0	5.3	202.5	585.1	38.0	.0	.0	
65.7	43.9	5.6	151.7	286.3	70.0	16.0	.0	
65.8	48.5	10.4	213.3	513.0	43.0	7.0	.0	
66.1	40.8	7.0	186.3	610.7	4.0	.0	.0	
67.6	37.1	5.4	178.3	630.7	48.0	.0	.0	
71.0	34.8	7.2	198.8	613.5	20.0	.0	.0	
72.5	38.1	6.9	176.3	597.9	15.0	.0	.0	
74.5	39.9	11.5	200.4	467.5	51.0	.0	.0	
48.9	37.6	14.1	280.0	212.5	98.0	87.0	.0	
58.0	38.5	16.3	274.2	350.2	91.0	.0	.0	
62.9	43.1	5.8	199.6	440.1	50.0	.0	.0	
66.1	42.1	7.5	224.2	567.8	25.0	.0	.0	
57.0	38.4	9.9	297.1	514.6	45.0	10.0	.0	
51.8	40.3	6.3	208.3	402.4	54.0	.0	.0	
59.0	42.1	5.6	228.3	327.3	69.0	.0	.0	
58.8	37.0	16.1	268.3	433.9	84.0	.0	.0	
59.8	34.9	14.8	263.3	462.4	93.0	.0	.0	
51.7	43.8	8.8	229.2	213.8	98.0	64.0	.0	
55.3	37.0	14.0	254.2	406.9	69.0	.0	.0	
53.8	43.4	6.1	286.7	279.3	96.0	1.0	.0	
52.4	44.3	10.0	310.8	266.1	97.0	4.0	.0	
   9    30    1964
52.2	44.4	8.3	239.2	268.0	90.0	10.0	.0	
52.7	37.4	12.2	265.8	354.8	70.0	1.0	.0	
53.5	37.3	7.6	244.2	353.3	38.0	.0	.0	
52.9	39.6	5.3	167.5	514.2	2.0	.0	.0	
51.1	39.7	8.3	235.0	525.7	19.0	.0	.0	
48.2	37.9	7.3	255.4	341.5	89.0	.0	.0	
50.8	40.9	7.1	256.7	249.0	98.0	.0	.0	
55.4	43.5	6.0	216.7	431.0	71.0	.0	.0	
54.7	31.0	11.1	282.9	479.2	28.0	.0	.0	
42.4	31.3	10.0	307.1	268.6	78.0	.0	.0	
45.5	33.7	5.7	169.2	467.5	20.0	.0	.0	
51.9	34.9	5.8	151.7	493.2	2.0	.0	.0	
56.1	33.6	5.5	157.5	466.0	6.0	.0	.0	
56.5	35.0	5.5	203.3	349.8	62.0	.0	.0	
61.8	35.4	11.9	258.3	471.2	33.0	.0	.0	
59.9	36.3	6.3	204.2	468.0	25.0	.0	.0	
59.1	32.6	9.6	245.4	330.4	60.0	.0	.0	
50.4	25.0	10.0	258.3	457.2	20.0	.0	.0	
49.1	24.4	4.7	157.5	432.0	32.0	.0	.0	
51.5	35.6	8.7	260.8	186.3	98.0	5.0	.0	
53.2	34.7	10.5	257.9	350.6	91.0	.0	.0	
55.6	37.3	14.2	266.3	268.9	60.0	.0	.0	
56.7	37.4	11.7	260.4	341.2	41.0	.0	.0	
63.2	39.2	10.3	225.0	401.7	58.0	.0	.0	
50.3	31.7	16.2	282.9	201.2	83.0	.0	.0	
41.9	27.8	7.0	217.5	376.0	47.0	.0	.0	
47.5	25.9	4.8	172.5	388.6	35.0	.0	.0	
50.5	33.7	4.4	225.8	318.5	64.0	.0	.0	
56.2	34.0	5.8	228.3	258.0	90.0	.0	.0	
60.0	32.9	16.6	244.6	229.6	98.0	.0	.0	
  10    31    1964
47.5	25.7	22.5	265.8	347.5	20.0	.0	.0	
51.9	31.6	9.7	266.7	273.5	49.0	1.0	.0	
49.4	17.6	12.5	275.0	391.0	19.0	.0	.0	
42.7	20.0	5.3	208.3	356.0	2.0	.0	.0	
44.7	23.5	3.9	167.1	385.5	2.0	.0	.0	
49.2	27.5	3.4	175.0	352.3	29.0	.0	.0	
54.2	31.0	4.0	132.1	368.8	17.0	.0	.0	
52.6	35.2	5.6	200.0	275.7	57.0	.0	.0	
55.0	37.0	8.9	255.4	219.0	82.0	.0	.0	
51.5	35.7	9.6	245.0	180.1	55.0	.0	.0	
47.4	28.3	5.1	200.4	322.3	35.0	.0	.0	
49.5	29.3	4.2	226.3	329.6	38.0	.0	.0	
51.7	30.8	3.7	227.9	346.0	2.0	.0	.0	
56.2	29.1	9.1	243.8	291.0	26.0	.0	.0	
49.3	35.7	9.8	245.8	121.2	95.0	.0	.0	
42.0	25.8	10.5	250.8	286.7	45.0	3.0	.0	
38.5	21.6	10.9	245.8	220.5	39.0	.0	.0	
37.2	17.4	5.3	214.6	287.5	22.0	.0	.0	
41.8	20.6	4.8	201.7	318.9	9.0	.0	.0	
44.1	25.7	3.7	162.5	308.8	4.0	.0	.0	
42.8	28.2	9.7	253.8	257.9	42.0	.0	.0	
43.7	31.7	6.0	199.6	283.9	32.0	.0	.0	
39.2	26.3	4.8	219.2	271.4	5.0	.0	.0	
40.2	22.7	4.1	201.3	253.0	44.0	.0	.0	
39.8	22.9	3.9	203.8	245.1	48.0	.0	.0	
45.0	29.2	9.1	207.9	199.8	78.0	.0	.0	
40.7	26.7	4.8	237.1	183.6	84.0	.0	.0	
47.4	31.0	7.7	213.8	218.2	45.0	.0	.0	
48.4	32.1	4.6	222.5	214.3	65.0	.0	.0	
53.0	38.2	13.1	251.3	175.0	71.0	.0	.0	
50.4	35.1	6.9	147.9	198.4	92.0	.0	.0	
  11    30    1964
49.7	35.0	7.7	225.8	123.9	93.0	1.0	.0	
46.2	29.3	14.0	272.5	134.3	71.0	.0	.0	
37.1	15.4	7.3	222.5	250.8	11.0	.0	.0	
40.9	23.6	5.0	225.0	232.4	19.0	.0	.0	
41.3	25.7	8.0	214.2	206.8	16.0	.0	.0	
36.0	22.1	4.2	201.7	224.4	15.0	.0	.0	
35.8	20.8	3.9	225.8	209.5	45.0	.0	.0	
37.5	21.7	6.2	221.3	179.6	56.0	.0	.0	
34.1	22.9	3.9	169.6	149.8	75.0	.0	.0	
40.0	26.4	6.0	211.3	135.2	84.0	.0	.0	
34.9	21.1	9.4	230.4	88.1	68.0	.0	.0	
29.4	17.6	5.9	250.8	98.2	80.0	.0	.0	
30.6	16.3	8.1	240.8	171.6	78.0	.0	7.6	
22.3	14.0	9.1	267.5	148.1	51.0	.0	.0	
16.4	8.7	4.0	203.3	157.5	27.0	.0	.0	
18.2	9.9	3.2	167.5	203.9	8.0	.0	.0	
29.7	19.8	3.2	144.2	106.1	95.0	.0	.0	
31.8	27.9	3.7	214.2	82.8	98.0	.0	5.1	
36.2	23.2	13.4	262.5	101.8	88.0	.0	.0	
35.2	23.5	8.2	265.0	91.3	94.0	.0	.0	
26.5	20.1	4.4	196.7	156.7	23.0	.0	.0	
26.8	19.7	4.2	201.7	119.8	70.0	.0	.0	
40.0	25.7	7.9	212.9	87.8	97.0	.0	.0	
47.5	29.2	13.5	212.9	75.9	97.0	4.0	.0	
16.9	10.4	5.6	221.3	146.3	78.0	.0	73.7	
18.5	14.5	3.8	196.3	88.0	97.0	.0	33.0	
9.4	3.1	4.1	182.1	126.2	58.0	.0	.0	
14.0	9.4	3.9	159.6	93.9	89.0	.0	2.5	
16.1	11.5	3.0	178.3	90.9	95.0	.0	.0	
27.1	23.2	4.5	189.2	95.9	83.0	.0	.0	
  12    31    1964
25.2	20.5	5.0	278.3	88.2	98.0	.0	.0	
21.1	16.8	2.0	145.0	110.7	91.0	.0	.0	
26.4	23.4	2.0	102.5	97.8	98.0	.0	.0	
31.4	23.9	6.0	189.2	145.7	72.0	.0	.0	
27.7	20.1	5.4	183.8	72.2	62.0	.0	.0	
21.6	15.7	5.1	196.3	158.9	2.0	.0	.0	
15.3	9.3	4.7	251.3	158.8	2.0	.0	.0	
27.8	19.3	6.3	211.3	115.1	71.0	.0	.0	
36.7	24.4	7.4	228.3	106.4	85.0	.0	.0	
30.6	19.9	8.2	239.6	123.6	71.0	.0	10.2	
27.2	12.4	18.2	266.7	102.3	53.0	.0	.0	
22.8	7.2	13.1	243.8	104.4	72.0	.0	.0	
31.1	15.1	13.3	245.0	117.1	80.0	.0	.0	
21.5	11.8	4.7	217.1	82.1	78.0	.0	.0	
1.4	-9.3	15.8	292.5	58.0	88.0	.0	53.3	
-23.9	-38.3	6.7	241.7	139.5	53.0	.0	5.1	
-21.6	-33.4	3.7	228.3	148.0	23.0	.0	.0	
-8.7	-19.5	2.0	144.6	109.8	78.0	.0	.0	
7.8	-3.3	5.3	275.4	74.3	96.0	.0	10.2	
18.9	12.1	5.6	189.6	79.7	98.0	.0	53.3	
30.5	26.2	5.4	234.2	95.1	98.0	.0	20.3	
45.1	35.7	9.8	202.1	49.4	98.0	13.0	.0	
18.0	12.7	6.2	230.4	73.7	74.0	.0	38.1	
15.3	9.3	3.8	172.9	84.2	98.0	.0	25.4	
19.8	6.3	8.5	241.7	145.0	3.0	.0	.0	
21.2	13.7	4.5	216.7	118.6	90.0	.0	.0	
32.4	23.7	8.1	232.5	76.1	89.0	1.0	.0	
19.1	13.1	5.5	210.4	77.9	72.0	.0	.0	
14.5	5.2	4.7	231.7	119.2	48.0	.0	.0	
19.3	6.5	5.9	176.3	114.9	85.0	.0	.0	
24.4	15.9	7.2	193.5	77.5	85.0	.0	.0	
