   1    31    1974
-1.2	-9.4	9.9	237.9	97.7	67.0	0.0	0.0	
7.8	1.0	15.9	306.3	147.2	47.0	0.0	5.1	
2.8	-7.9	13.0	266.3	165.3	18.0	0.0	0.0	
6.2	-3.9	12.0	265.0	131.0	75.0	0.0	5.1	
-8.7	-19.7	9.4	268.3	168.6	14.0	0.0	5.1	
1.4	-7.7	9.8	230.0	81.0	74.0	0.0	0.0	
10.2	3.2	13.8	284.2	108.6	88.0	0.0	25.4	
-2.2	-11.8	7.7	185.0	166.7	44.0	0.0	0.0	
-5.0	-14.1	5.4	122.1	145.2	47.0	0.0	2.5	
-11.4	-20.1	10.5	82.9	92.9	75.0	0.0	15.2	
-14.0	-24.3	6.0	152.9	176.4	8.0	0.0	0.0	
-3.5	-13.1	6.7	68.8	145.1	74.0	0.0	0.0	
31.8	20.0	15.0	203.3	133.5	72.0	0.0	0.0	
22.6	14.1	14.3	147.1	104.8	81.0	0.0	0.0	
44.0	32.6	10.4	182.5	120.5	92.0	0.0	0.0	
44.2	35.5	10.2	164.6	101.9	83.0	0.0	0.0	
39.7	32.5	11.7	256.7	131.0	63.0	0.0	0.0	
32.6	25.4	10.3	180.8	157.2	47.0	0.0	0.0	
38.8	29.9	11.0	254.2	123.3	69.0	0.0	0.0	
29.7	25.3	7.1	230.0	99.3	70.0	0.0	0.0	
25.5	20.1	10.7	264.6	136.5	37.0	0.0	0.0	
28.5	17.8	13.1	252.5	175.9	51.0	0.0	0.0	
33.0	24.9	11.2	216.7	108.2	96.0	0.0	0.0	
35.5	27.1	10.1	227.9	88.7	88.0	0.0	0.0	
38.5	28.8	12.5	226.7	133.4	69.0	0.0	0.0	
26.4	21.9	9.7	272.5	101.8	85.0	0.0	7.6	
33.3	22.0	14.2	258.3	143.4	79.0	0.0	0.0	
36.5	26.9	11.1	225.8	110.8	76.0	0.0	0.0	
42.3	23.4	15.5	254.6	123.1	88.0	0.0	0.0	
10.3	-1.5	15.0	292.9	115.8	87.0	0.0	91.4	
6.2	-1.9	11.3	96.7	113.0	98.0	0.0	40.6	
   2    28    1974
13.9	7.0	7.0	117.1	115.8	75.0	0.0	0.0	
12.8	5.4	10.2	226.7	113.6	93.0	0.0	0.0	
19.1	12.6	6.1	112.5	160.2	85.0	0.0	0.0	
37.0	28.7	11.8	242.1	111.9	98.0	8.0	0.0	
11.3	4.6	11.3	155.0	126.1	83.0	0.0	10.2	
20.1	14.2	13.2	246.7	145.1	92.0	0.0	15.2	
20.8	14.5	12.1	284.2	163.8	63.0	0.0	0.0	
32.4	24.4	18.9	308.3	202.9	83.0	0.0	0.0	
37.8	25.9	16.2	277.5	220.5	58.0	0.0	0.0	
36.0	24.5	10.1	230.4	242.6	51.0	0.0	0.0	
41.0	23.9	11.4	262.9	256.2	42.0	0.0	0.0	
40.1	24.5	11.6	263.8	238.0	67.0	0.0	0.0	
28.4	24.3	9.6	54.6	197.1	66.0	0.0	0.0	
34.7	24.5	8.0	154.2	238.7	72.0	0.0	0.0	
38.2	22.8	13.1	277.1	267.1	8.0	0.0	0.0	
39.3	24.5	8.1	165.8	225.5	58.0	0.0	0.0	
39.4	25.7	13.9	278.3	223.1	67.0	0.0	0.0	
34.1	22.5	9.4	223.8	203.9	47.0	0.0	0.0	
37.1	26.4	12.1	226.7	169.9	72.0	0.0	0.0	
31.5	23.0	16.2	329.6	203.8	60.0	0.0	2.5	
30.4	20.1	8.1	181.3	295.9	11.0	0.0	0.0	
33.3	21.6	10.8	248.8	219.9	75.0	3.0	0.0	
23.6	18.9	9.2	153.3	184.5	80.0	0.0	0.0	
24.8	15.9	8.7	212.9	325.7	10.0	0.0	0.0	
34.0	21.5	9.0	181.3	177.5	82.0	0.0	0.0	
42.4	24.0	8.4	197.5	284.9	77.0	0.0	0.0	
38.3	18.0	22.8	277.9	276.8	45.0	0.0	0.0	
35.5	18.9	9.9	120.4	255.4	63.0	0.0	0.0	
   3    31    1974
45.4	25.2	13.6	200.4	186.1	98.0	0.0	0.0	
38.5	31.9	11.0	262.1	138.3	98.0	49.0	0.0	
32.0	22.0	12.6	283.8	190.6	68.0	0.0	0.0	
37.3	18.0	17.7	278.3	220.5	69.0	0.0	0.0	
46.0	25.4	19.8	274.2	223.0	96.0	0.0	0.0	
24.8	17.4	11.0	89.6	208.1	98.0	0.0	76.2	
24.2	20.0	11.3	97.5	228.2	98.0	0.0	15.2	
25.3	21.2	8.7	199.2	224.4	80.0	0.0	2.5	
30.5	20.7	10.0	158.8	406.8	2.0	0.0	0.0	
41.8	27.3	10.1	147.5	297.8	40.0	0.0	0.0	
38.0	30.9	6.5	107.5	211.6	66.0	0.0	0.0	
43.1	31.6	13.2	142.5	310.9	65.0	0.0	0.0	
37.0	29.8	13.3	231.3	177.7	81.0	0.0	0.0	
29.9	15.4	23.8	297.9	323.8	48.0	0.0	0.0	
20.9	10.1	13.8	249.2	386.2	58.0	0.0	0.0	
34.7	21.4	10.9	109.6	223.5	98.0	0.0	0.0	
50.2	33.7	13.7	249.6	320.9	83.0	3.0	0.0	
32.3	19.8	12.4	239.2	240.2	93.0	0.0	0.0	
19.7	12.6	19.5	288.8	316.6	73.0	0.0	58.4	
21.4	8.9	14.4	290.8	393.4	37.0	0.0	0.0	
29.1	21.4	16.0	252.5	273.0	90.0	0.0	5.1	
9.0	-1.3	13.7	331.7	469.3	44.0	0.0	10.2	
7.0	-5.1	11.6	277.9	455.1	16.0	0.0	0.0	
25.0	13.9	10.5	223.3	334.4	58.0	0.0	0.0	
31.1	23.7	11.1	76.7	312.2	92.0	0.0	0.0	
37.2	28.0	9.3	72.1	419.6	83.0	0.0	0.0	
49.4	35.1	7.6	121.3	362.8	73.0	0.0	0.0	
47.4	35.3	13.6	239.2	215.7	78.0	2.0	0.0	
49.6	24.9	17.7	296.3	409.4	71.0	0.0	0.0	
47.5	32.2	9.7	170.0	301.4	78.0	0.0	0.0	
43.2	36.6	16.1	282.1	232.3	79.0	0.0	0.0	
   4    30    1974
42.2	27.1	14.0	225.8	468.4	40.0	0.0	0.0	
31.0	28.7	13.8	41.3	221.9	98.0	0.0	2.5	
32.9	27.5	8.7	85.4	357.3	65.0	5.0	0.0	
36.8	30.3	9.4	231.7	273.5	75.0	0.0	0.0	
45.0	29.6	7.7	193.8	467.6	69.0	0.0	0.0	
47.6	35.6	12.7	196.7	288.1	95.0	5.0	0.0	
43.4	32.5	12.0	236.3	281.8	79.0	0.0	0.0	
46.4	28.6	11.1	232.9	500.6	36.0	0.0	0.0	
52.3	28.9	15.0	112.5	342.3	98.0	0.0	0.0	
45.2	35.0	19.1	69.6	255.7	98.0	23.0	0.0	
38.2	36.1	11.2	70.4	234.0	97.0	10.0	0.0	
39.8	36.5	10.4	198.8	247.4	93.0	43.0	0.0	
42.0	33.4	17.5	333.3	307.6	92.0	33.0	0.0	
41.5	32.1	12.9	309.6	336.3	65.0	0.0	0.0	
41.4	22.6	9.6	150.0	595.2	2.0	0.0	0.0	
53.2	28.8	11.1	168.8	550.9	12.0	0.0	0.0	
50.0	31.9	10.3	128.3	402.0	57.0	0.0	0.0	
58.1	37.2	15.8	150.8	573.4	61.0	0.0	0.0	
60.9	39.6	15.4	180.8	398.4	95.0	0.0	0.0	
49.6	38.1	15.8	88.8	299.6	98.0	3.0	0.0	
48.8	34.5	17.0	267.5	435.1	74.0	0.0	0.0	
52.5	33.8	7.3	106.3	611.9	2.0	0.0	0.0	
55.8	38.4	17.6	140.8	512.4	65.0	0.0	0.0	
64.2	44.6	8.3	137.1	588.9	23.0	0.0	0.0	
69.7	48.5	14.1	127.1	555.0	42.0	0.0	0.0	
58.2	51.4	13.7	219.2	271.5	70.0	32.0	0.0	
49.1	40.5	13.6	250.0	279.3	86.0	0.0	0.0	
36.3	32.0	15.9	308.3	283.0	96.0	10.0	0.0	
47.8	39.2	10.9	237.1	505.2	76.0	0.0	0.0	
55.9	40.2	9.7	212.5	496.5	58.0	0.0	0.0	
   5    31    1974
60.0	45.0	9.3	202.1	443.6	95.0	8.0	0.0	
48.5	36.1	14.2	260.4	497.7	57.0	0.0	0.0	
48.2	36.4	9.3	69.2	522.5	57.0	0.0	0.0	
56.3	39.3	9.1	221.7	549.2	41.0	0.0	0.0	
60.0	40.9	6.1	128.8	658.3	26.0	0.0	0.0	
62.0	45.7	11.6	249.6	343.2	92.0	0.0	0.0	
59.6	46.4	14.0	267.1	542.5	71.0	0.0	0.0	
57.6	46.3	12.6	258.3	419.3	52.0	17.0	0.0	
54.7	46.5	8.6	157.9	497.6	84.0	0.0	0.0	
50.6	34.9	13.5	307.1	369.2	71.0	0.0	0.0	
49.9	34.6	17.3	270.8	480.5	49.0	0.0	0.0	
53.6	39.9	12.8	110.8	394.9	78.0	0.0	0.0	
37.8	36.2	25.6	290.4	283.1	98.0	23.0	0.0	
44.2	33.7	8.5	179.6	529.5	64.0	8.0	0.0	
46.6	35.9	12.2	239.6	382.4	54.0	0.0	0.0	
46.8	36.4	15.4	218.8	624.0	15.0	0.0	0.0	
42.5	39.9	14.1	92.1	255.0	98.0	0.0	0.0	
50.9	45.8	13.0	113.3	320.2	98.0	3.0	0.0	
49.4	49.2	14.1	54.6	194.1	98.0	37.0	0.0	
43.2	42.1	17.6	270.8	225.4	98.0	59.0	0.0	
41.0	36.7	24.4	284.6	234.9	98.0	13.0	0.0	
46.5	37.5	19.0	319.2	527.2	75.0	0.0	0.0	
50.8	39.8	6.0	137.9	707.5	19.0	0.0	0.0	
59.8	47.1	9.0	181.7	595.5	74.0	5.0	0.0	
63.2	48.2	7.6	236.3	400.1	87.0	0.0	0.0	
66.5	50.3	12.9	251.3	540.2	80.0	0.0	0.0	
62.4	49.3	9.3	167.9	373.3	95.0	6.0	0.0	
53.5	47.8	7.5	115.8	321.7	72.0	4.0	0.0	
48.0	45.8	12.8	80.4	246.2	93.0	80.0	0.0	
48.9	43.7	9.6	175.4	329.9	98.0	13.0	0.0	
48.9	44.6	5.6	178.3	321.6	60.0	4.0	0.0	
   6    30    1974
56.2	42.0	8.1	192.9	671.7	43.0	0.0	0.0	
67.0	45.3	11.6	209.6	645.5	61.0	0.0	0.0	
68.9	46.6	9.7	234.2	659.0	59.0	19.0	0.0	
63.6	44.5	13.8	238.3	448.7	93.0	2.0	0.0	
55.9	46.8	10.5	288.8	367.5	87.0	32.0	0.0	
57.9	40.5	12.0	293.8	626.3	43.0	1.0	0.0	
54.0	46.1	9.2	182.1	266.1	91.0	106.0	0.0	
55.8	50.3	8.5	205.8	355.7	95.0	23.0	0.0	
59.1	46.8	12.8	312.5	507.7	66.0	1.0	0.0	
56.9	43.3	14.0	322.5	421.2	62.0	0.0	0.0	
60.7	44.9	6.4	157.9	735.9	23.0	0.0	0.0	
71.0	50.6	7.1	135.0	672.9	40.0	0.0	0.0	
74.1	50.0	11.8	237.5	594.4	28.0	0.0	0.0	
69.0	45.2	9.5	72.9	703.3	15.0	0.0	0.0	
66.5	45.0	12.1	83.3	720.2	17.0	0.0	0.0	
68.6	46.2	14.5	130.4	668.9	64.0	0.0	0.0	
75.1	53.4	9.6	213.8	687.2	38.0	0.0	0.0	
75.7	56.5	9.6	101.7	698.2	53.0	0.0	0.0	
81.8	58.5	7.0	130.8	713.4	13.0	0.0	0.0	
81.6	58.1	9.9	140.0	655.2	56.0	8.0	0.0	
64.2	59.7	10.3	191.3	335.1	82.0	2.0	0.0	
68.3	54.2	10.9	107.5	588.4	24.0	0.0	0.0	
76.3	55.1	14.5	147.1	709.9	11.0	0.0	0.0	
80.7	56.2	10.6	147.9	707.3	6.0	0.0	0.0	
84.1	59.9	12.9	139.6	698.2	16.0	0.0	0.0	
79.1	56.6	15.7	258.8	717.2	3.0	0.0	0.0	
76.2	50.8	7.6	172.9	730.4	2.0	0.0	0.0	
77.0	51.4	12.1	251.7	747.4	8.0	0.0	0.0	
72.6	45.7	14.9	277.1	679.3	44.0	0.0	0.0	
78.4	50.8	9.0	197.5	680.3	49.0	0.0	0.0	
   7    31    1974
79.5	51.4	11.8	145.8	486.0	78.0	0.0	0.0	
60.6	56.2	13.7	51.3	250.2	98.0	52.0	0.0	
66.6	53.0	9.8	237.9	578.1	53.0	1.0	0.0	
77.2	51.1	12.2	176.7	589.9	37.0	0.0	0.0	
76.3	55.3	13.0	57.5	647.7	58.0	0.0	0.0	
73.0	58.3	13.3	136.7	630.1	74.0	1.0	0.0	
76.2	60.6	12.2	94.2	691.4	47.0	4.0	0.0	
77.9	60.3	12.1	157.9	732.7	18.0	0.0	0.0	
86.0	59.7	11.6	170.4	723.2	2.0	0.0	0.0	
86.3	62.4	15.1	143.8	494.0	57.0	0.0	0.0	
76.5	57.2	12.7	250.4	697.6	3.0	5.0	0.0	
76.0	52.1	7.5	156.3	732.1	2.0	0.0	0.0	
76.5	49.2	12.8	54.6	717.2	2.0	0.0	0.0	
82.1	55.5	13.0	112.1	653.0	25.0	0.0	0.0	
86.7	56.2	12.9	150.4	645.9	41.0	0.0	0.0	
82.4	54.9	11.7	235.4	520.9	42.0	0.0	0.0	
83.9	56.2	8.5	137.5	636.3	33.0	0.0	0.0	
85.3	59.5	9.0	117.1	681.4	16.0	0.0	0.0	
85.1	60.3	8.8	113.8	586.6	41.0	0.0	0.0	
85.3	60.0	11.9	242.1	577.4	48.0	0.0	0.0	
83.1	54.2	10.7	230.4	640.5	18.0	0.0	0.0	
83.1	57.9	12.5	115.8	640.2	36.0	5.0	0.0	
82.8	53.8	11.0	209.2	647.6	60.0	1.0	0.0	
77.7	50.3	10.2	78.8	630.7	28.0	0.0	0.0	
79.0	49.1	14.5	191.3	694.7	2.0	0.0	0.0	
73.6	46.1	10.9	82.9	698.9	2.0	0.0	0.0	
78.1	47.5	12.4	188.8	596.8	58.0	0.0	0.0	
74.2	46.7	10.1	70.8	697.6	5.0	0.0	0.0	
74.8	44.0	11.4	69.2	624.4	15.0	0.0	0.0	
72.9	46.8	12.9	90.4	453.5	75.0	0.0	0.0	
71.3	52.6	11.8	87.5	662.1	17.0	22.0	0.0	
   8    31    1974
65.0	50.5	13.0	205.4	434.8	54.0	0.0	0.0	
65.2	44.2	10.0	129.6	546.1	34.0	0.0	0.0	
68.2	43.9	7.8	72.1	683.3	15.0	0.0	0.0	
72.0	41.0	7.8	103.3	590.3	40.0	0.0	0.0	
76.5	42.1	8.2	137.1	678.6	2.0	0.0	0.0	
81.4	45.9	11.7	147.5	554.6	67.0	0.0	0.0	
68.0	57.4	13.4	329.6	425.2	88.0	18.0	0.0	
63.0	55.4	10.9	262.1	429.9	65.0	17.0	0.0	
61.5	48.8	10.4	296.7	318.2	89.0	0.0	0.0	
65.6	44.0	7.5	229.6	549.2	54.0	0.0	0.0	
64.8	47.6	14.0	289.6	408.5	75.0	2.0	0.0	
65.8	46.3	9.5	162.1	571.3	38.0	0.0	0.0	
72.9	53.4	9.5	150.4	563.1	53.0	0.0	0.0	
58.3	52.7	13.6	291.7	266.7	72.0	45.0	0.0	
61.6	45.6	10.5	218.8	536.5	29.0	0.0	0.0	
66.5	44.7	10.6	212.1	598.7	11.0	0.0	0.0	
69.8	44.6	8.9	220.8	614.2	2.0	0.0	0.0	
73.6	46.7	5.8	152.1	557.2	29.0	0.0	0.0	
76.5	50.7	16.9	52.9	450.4	63.0	0.0	0.0	
58.9	52.7	14.6	80.4	323.7	90.0	117.0	0.0	
59.6	51.5	7.4	155.4	440.5	46.0	0.0	0.0	
67.4	50.9	9.5	57.1	555.3	35.0	0.0	0.0	
72.0	52.3	8.8	147.1	487.5	46.0	0.0	0.0	
73.6	52.8	6.6	158.8	461.1	44.0	0.0	0.0	
70.6	51.8	10.6	214.6	505.7	63.0	0.0	0.0	
63.5	45.8	11.7	84.6	506.5	49.0	0.0	0.0	
65.7	46.3	11.0	65.4	486.0	48.0	0.0	0.0	
59.3	46.5	11.4	250.8	307.4	79.0	3.0	0.0	
63.7	45.7	8.8	207.9	406.9	78.0	0.0	0.0	
56.9	40.8	15.5	319.2	414.6	91.0	5.0	0.0	
55.3	37.0	5.0	127.9	274.2	95.0	11.0	0.0	
   9    30    1974
52.7	36.0	11.6	124.2	352.7	68.0	12.0	0.0	
50.3	31.4	6.7	187.9	565.2	2.0	0.0	0.0	
58.7	37.2	4.4	114.2	516.2	9.0	0.0	0.0	
65.2	41.7	9.0	165.4	533.8	36.0	1.0	0.0	
64.1	51.1	14.8	270.8	438.3	59.0	3.0	0.0	
62.3	46.9	7.4	183.3	516.7	33.0	0.0	0.0	
63.0	45.9	11.0	115.8	502.9	38.0	0.0	0.0	
62.5	44.5	10.4	94.6	422.3	88.0	0.0	0.0	
71.4	50.6	9.4	152.1	391.6	73.0	0.0	0.0	
57.4	49.9	13.6	279.2	262.0	68.0	21.0	0.0	
43.7	36.9	18.2	280.4	219.8	98.0	43.0	0.0	
42.9	36.7	6.5	163.8	199.9	93.0	0.0	0.0	
49.8	37.4	10.0	232.9	494.0	14.0	0.0	0.0	
63.2	43.3	11.5	243.3	473.0	11.0	0.0	0.0	
65.3	47.3	7.3	209.6	463.5	38.0	0.0	0.0	
66.5	46.9	11.3	290.4	446.8	35.0	0.0	0.0	
67.9	46.1	6.5	193.8	482.2	2.0	0.0	0.0	
62.3	44.7	11.2	135.4	405.2	58.0	0.0	0.0	
53.8	39.8	10.8	239.6	310.7	80.0	0.0	0.0	
51.4	33.2	12.2	313.8	393.1	26.0	0.0	0.0	
51.6	33.4	4.4	105.8	466.4	2.0	0.0	0.0	
57.1	35.2	9.7	235.8	442.2	8.0	0.0	0.0	
59.0	36.0	8.0	225.0	408.0	23.0	0.0	0.0	
60.3	39.1	11.2	267.5	442.5	2.0	0.0	0.0	
66.2	38.9	11.8	231.7	400.8	30.0	0.0	0.0	
61.7	39.9	15.6	145.4	410.2	36.0	14.0	0.0	
49.2	33.7	10.7	235.4	348.4	90.0	86.0	0.0	
52.9	37.1	12.2	264.2	307.7	63.0	0.0	0.0	
41.9	24.4	13.3	214.6	368.0	49.0	0.0	0.0	
42.6	27.3	13.2	175.0	410.3	48.0	0.0	0.0	
  10    31    1974
43.7	25.0	13.6	127.9	363.0	82.0	0.0	0.0	
63.1	28.1	11.0	188.8	363.4	39.0	0.0	0.0	
58.5	26.9	9.8	230.4	352.3	87.0	0.0	0.0	
46.5	42.4	10.6	148.8	135.3	97.0	0.0	0.0	
35.1	29.3	14.9	329.6	188.8	95.0	8.0	0.0	
38.7	27.1	7.5	163.8	390.9	14.0	0.0	0.0	
52.2	34.2	9.6	247.1	353.5	28.0	0.0	0.0	
55.3	38.0	7.4	206.7	361.1	3.0	0.0	0.0	
58.1	38.1	8.7	165.0	345.6	9.0	0.0	0.0	
60.0	39.7	14.9	270.8	284.9	33.0	0.0	0.0	
45.9	37.9	12.0	326.3	149.1	62.0	0.0	0.0	
49.9	36.8	9.1	181.7	303.9	34.0	0.0	0.0	
45.9	32.8	17.2	315.0	249.7	54.0	0.0	0.0	
41.5	24.7	11.3	245.4	324.6	24.0	0.0	0.0	
52.4	29.8	11.8	246.3	261.4	63.0	0.0	0.0	
60.7	37.2	12.4	198.3	323.5	15.0	0.0	0.0	
53.3	36.0	7.9	128.8	306.7	29.0	0.0	0.0	
51.6	34.3	4.9	80.0	296.8	23.0	0.0	0.0	
55.6	37.7	7.9	151.7	297.7	13.0	0.0	0.0	
60.5	36.0	10.2	157.1	312.6	2.0	0.0	0.0	
47.2	32.9	13.6	154.2	140.2	79.0	1.0	0.0	
42.7	26.2	7.0	169.2	273.3	43.0	0.0	0.0	
46.5	35.9	7.6	197.1	296.2	2.0	0.0	0.0	
44.9	29.5	8.5	155.0	254.8	20.0	0.0	0.0	
48.5	28.6	9.4	165.8	294.4	2.0	0.0	0.0	
46.4	31.5	5.6	149.6	248.7	43.0	0.0	0.0	
48.4	33.5	6.1	195.8	278.1	5.0	0.0	0.0	
49.0	32.9	7.3	124.6	264.9	26.0	0.0	0.0	
49.1	38.2	10.6	66.3	245.6	56.0	0.0	0.0	
49.9	43.0	11.8	67.9	190.6	72.0	122.0	0.0	
43.2	42.8	21.5	60.0	100.2	98.0	93.0	0.0	
  11    30    1974
33.4	32.3	10.4	93.8	142.2	98.0	13.0	0.0	
36.3	32.9	9.5	278.3	143.9	95.0	0.0	0.0	
34.8	30.3	10.5	274.2	176.5	25.0	0.0	0.0	
37.5	29.5	7.3	199.6	241.8	10.0	0.0	0.0	
38.8	30.0	8.2	202.5	245.0	2.0	0.0	0.0	
40.8	31.1	8.8	185.4	239.5	2.0	0.0	0.0	
45.5	31.7	10.1	150.8	196.2	59.0	0.0	0.0	
45.2	31.3	12.5	231.7	109.0	88.0	0.0	0.0	
38.7	30.3	8.6	199.6	177.0	43.0	0.0	0.0	
37.3	28.5	9.8	257.9	203.5	52.0	1.0	0.0	
35.4	27.3	12.4	276.7	219.2	30.0	0.0	0.0	
36.5	30.2	11.9	202.5	79.0	98.0	7.0	0.0	
28.7	25.6	13.3	293.8	114.8	82.0	0.0	0.0	
27.3	24.5	7.8	201.7	134.6	58.0	0.0	0.0	
33.3	27.2	10.4	282.5	121.1	58.0	0.0	0.0	
38.8	28.8	8.6	215.0	184.3	32.0	0.0	0.0	
34.6	27.5	7.7	169.6	194.2	5.0	0.0	0.0	
34.5	31.4	8.9	207.5	83.1	60.0	0.0	0.0	
36.6	27.3	11.7	265.8	147.6	40.0	0.0	0.0	
41.3	28.3	8.7	169.2	178.4	38.0	0.0	0.0	
46.4	31.1	9.1	162.1	112.7	92.0	0.0	0.0	
33.7	29.3	13.2	293.3	96.6	93.0	7.0	0.0	
30.4	25.1	8.8	249.2	144.1	45.0	0.0	0.0	
34.9	27.0	9.4	172.5	149.9	59.0	0.0	0.0	
39.4	30.4	14.1	206.7	100.7	97.0	0.0	0.0	
32.5	21.6	14.6	292.5	139.7	51.0	0.0	0.0	
24.6	17.0	9.0	260.8	137.3	62.0	0.0	0.0	
16.9	11.1	10.0	202.1	115.5	60.0	0.0	0.0	
15.1	8.0	9.2	101.3	174.4	12.0	0.0	0.0	
21.1	11.8	13.8	150.0	158.9	18.0	0.0	0.0	
  12    31    1974
25.2	16.4	9.6	235.4	151.8	41.0	0.0	0.0	
22.8	18.4	8.7	115.8	149.6	37.0	0.0	0.0	
29.0	21.1	8.0	121.7	139.7	76.0	0.0	0.0	
30.1	22.1	6.4	62.5	121.7	86.0	0.0	0.0	
34.6	28.4	9.4	276.7	86.8	73.0	4.0	0.0	
30.2	23.7	10.1	254.6	137.8	25.0	0.0	0.0	
20.0	15.8	9.4	262.5	60.3	35.0	0.0	0.0	
28.8	17.6	13.0	214.6	138.3	30.0	0.0	0.0	
36.4	19.1	12.1	250.4	121.0	37.0	0.0	0.0	
35.6	23.5	10.1	245.4	148.2	32.0	0.0	0.0	
31.0	23.3	9.6	202.1	72.7	60.0	0.0	0.0	
30.1	27.8	14.9	246.7	97.4	70.0	0.0	0.0	
27.1	25.2	7.5	138.8	74.7	98.0	0.0	10.2	
27.6	22.4	7.4	202.9	137.7	41.0	0.0	5.1	
23.6	20.2	10.1	296.3	72.6	70.0	0.0	0.0	
26.4	21.2	9.7	197.5	132.2	45.0	0.0	0.0	
32.2	25.4	14.1	237.9	108.4	66.0	0.0	0.0	
30.9	25.4	10.7	265.0	103.3	98.0	0.0	0.0	
27.8	26.0	11.1	274.6	75.1	90.0	0.0	2.5	
21.1	18.3	9.7	212.5	77.0	69.0	0.0	0.0	
33.4	28.2	14.2	201.7	89.2	97.0	0.0	0.0	
24.3	17.3	25.0	293.8	92.3	87.0	0.0	5.1	
11.2	6.9	13.5	312.5	84.9	98.0	0.0	15.2	
9.0	3.3	8.2	159.6	146.9	30.0	0.0	0.0	
28.7	17.7	12.3	238.3	125.8	83.0	0.0	0.0	
27.7	19.0	10.5	200.4	149.9	29.0	0.0	0.0	
29.2	18.8	12.3	161.7	121.6	81.0	0.0	0.0	
27.7	20.4	8.3	264.6	115.9	51.0	0.0	27.9	
19.5	13.0	9.0	205.4	148.9	3.0	0.0	0.0	
25.6	17.7	12.4	227.9	114.6	77.0	0.0	0.0	
22.6	15.1	12.8	267.1	155.1	18.0	0.0	0.0	
