01	31	2000
58.6	55.5	4.8	141.6	246.3	100.0	0	0.0
66.3	61.3	8.7	169.1	214.2	100.0	1	0.0
69.3	63.5	11.3	186.5	248.0	100.0	15	0.0
44.0	34.7	7.9	231.2	249.0	100.0	1	0.0
35.3	24.5	2.6	14.3	239.9	100.0	0	0.0
39.0	27.5	2.1	51.7	208.2	100.0	0	0.0
45.3	32.1	4.2	54.4	252.4	100.0	0	0.0
53.5	41.8	6.3	93.3	253.7	100.0	5	0.0
63.5	60.5	7.1	196.2	255.1	100.0	17	0.0
58.1	40.6	5.7	176.7	256.5	100.0	1	0.0
56.1	46.5	5.3	152.3	258.1	100.0	0	0.0
62.9	59.5	6.8	176.0	259.7	100.0	0	0.0
59.6	45.9	10.5	179.4	261.4	100.0	3	0.0
41.1	23.0	7.2	39.6	263.1	100.0	0	0.0
48.9	34.8	7.4	137.2	222.2	100.0	0	0.0
56.0	50.4	3.4	112.0	233.8	100.0	0	0.0
61.8	53.8	3.7	115.4	268.9	100.0	0	0.0
62.8	58.1	6.0	185.4	271.0	100.0	0	0.0
60.9	54.5	8.3	174.0	273.1	100.0	0	0.0
43.6	28.2	11.5	317.4	262.3	100.0	0	0.0
39.5	15.7	7.0	71.7	277.6	100.0	0	0.0
53.8	42.5	7.6	145.9	280.0	100.0	4	0.0
50.0	47.1	9.6	219.7	282.4	100.0	2	0.0
36.9	27.9	12.1	325.2	284.9	100.0	0	0.0
33.9	20.9	9.2	294.0	287.5	100.0	0	0.0
31.0	15.3	7.9	230.2	290.1	100.0	0	0.0
33.0	20.0	9.8	75.6	292.8	100.0	7	15.2
35.9	34.4	6.6	55.1	295.5	100.0	21	48.8
36.2	34.3	7.0	283.5	274.9	100.0	0	0.0
34.8	26.9	7.1	293.1	301.2	100.0	0	0.0
33.0	24.8	2.7	84.8	304.1	100.0	0	0.0
02	29	2000
40.8	27.7	3.7	130.7	258.8	100.0	0	0.0
38.6	27.0	5.3	73.9	273.1	100.0	0	0.0
42.8	31.0	3.6	102.6	271.3	100.0	0	0.0
42.9	27.1	9.2	243.3	316.7	100.0	0	0.0
34.6	22.0	5.5	150.4	320.0	100.0	0	0.0
37.6	24.0	1.3	12.5	323.3	100.0	0	0.0
49.6	36.4	2.0	108.3	326.7	100.0	0	0.0
51.2	41.2	3.4	117.6	330.1	100.0	0	0.0
51.1	36.7	4.0	124.6	333.6	100.0	0	0.0
60.5	46.5	7.0	171.9	337.1	100.0	0	0.0
65.8	58.4	6.2	174.4	340.7	100.0	0	0.0
55.7	49.6	4.1	176.3	344.3	100.0	0	0.0
63.8	59.6	7.8	173.3	348.0	100.0	19	0.0
55.0	48.3	5.4	207.1	287.4	100.0	1	0.0
59.6	44.1	8.0	132.2	355.4	100.0	0	0.0
65.0	60.1	2.9	86.1	359.2	100.0	0	0.0
65.3	60.8	8.2	118.2	361.2	100.0	0	0.0
71.7	63.1	9.9	197.4	366.8	100.0	16	0.0
45.3	38.2	11.6	330.9	370.7	100.0	1	0.0
44.4	33.9	5.2	60.6	374.6	100.0	0	0.0
50.4	32.1	3.5	94.5	378.5	100.0	0	0.0
58.0	36.9	6.3	120.0	382.4	100.0	0	0.0
62.6	54.1	11.7	153.7	328.8	100.0	0	0.0
68.6	59.4	9.6	157.7	390.4	100.0	0	0.0
68.0	57.1	12.3	158.3	362.1	100.0	0	0.0
63.5	57.0	10.8	164.5	365.7	100.0	22	0.0
52.5	43.0	5.4	174.6	402.4	100.0	0	0.0
53.7	37.0	4.8	62.1	406.5	100.0	0	0.0
60.0	46.4	6.3	149.6	410.5	100.0	0	0.0
03	31	2000
66.4	55.6	8.0	230.1	414.6	100.0	0	0.0
59.8	38.7	6.4	69.0	418.6	100.0	0	0.0
64.3	50.3	9.6	210.9	422.7	100.0	0	0.0
49.5	40.9	8.8	231.6	426.8	100.0	0	0.0
50.4	40.8	1.4	51.5	430.9	100.0	0	0.0
60.1	46.3	2.4	57.1	434.9	100.0	0	0.0
65.3	49.5	6.2	118.1	439.0	100.0	0	0.0
65.0	60.0	6.2	151.9	443.1	100.0	0	0.0
70.9	63.6	4.9	133.7	447.1	100.0	0	0.0
67.2	62.2	6.7	170.3	451.2	100.0	37	0.0
50.0	44.5	10.9	289.7	455.2	100.0	30	0.0
44.5	31.2	5.6	120.2	459.3	100.0	0	0.0
48.2	33.6	2.2	52.9	463.4	100.0	0	0.0
56.3	36.7	5.3	84.2	467.5	100.0	0	0.0
62.9	57.4	11.0	125.6	471.6	100.0	5	0.0
64.7	59.6	8.3	219.1	420.1	100.0	2	0.0
58.9	49.4	8.5	67.4	479.6	100.0	0	0.0
59.7	52.3	6.9	103.9	483.6	100.0	5	0.0
55.9	52.5	7.7	217.7	487.6	100.0	23	0.0
52.4	39.7	4.7	166.3	491.6	100.0	0	0.0
58.3	44.9	4.1	65.6	495.5	100.0	2	0.0
63.5	53.4	4.3	101.7	499.4	100.0	42	0.0
66.7	50.9	6.0	117.9	503.3	100.0	0	0.0
66.5	58.8	5.3	155.2	507.2	100.0	0	0.0
66.6	61.5	4.2	133.7	511.0	100.0	13	0.0
64.2	61.4	4.2	104.7	514.8	100.0	11	0.0
59.2	51.0	7.4	210.4	518.6	100.0	25	0.0
62.4	46.9	4.2	91.9	522.5	100.0	0	0.0
60.8	57.4	6.5	104.7	526.4	100.0	19	0.0
60.9	57.6	7.2	253.7	530.2	100.0	1	0.0
61.3	51.5	5.4	129.6	534.0	100.0	0	0.0
04	30	2000
64.7	58.4	7.5	119.6	537.8	100.0	31	0.0
69.0	65.3	7.9	153.3	541.5	100.0	102	0.0
60.5	58.6	8.0	191.8	545.1	100.0	90	0.0
50.8	36.9	6.8	207.4	548.8	100.0	2	0.0
56.4	38.7	5.7	150.6	552.4	100.0	0	0.0
62.8	51.9	6.8	156.7	556.0	100.0	0	0.0
68.9	57.6	7.8	188.5	559.5	100.0	5	0.0
50.8	37.7	12.9	279.2	563.0	100.0	11	0.0
50.7	34.8	2.1	47.5	566.5	100.0	0	0.0
57.4	43.4	5.8	120.2	569.9	100.0	0	0.0
65.7	58.4	3.5	94.1	573.2	100.0	0	0.0
61.1	59.6	7.5	70.8	576.5	100.0	47	0.0
58.0	56.4	4.6	211.8	579.8	100.0	6	0.0
61.0	58.4	5.5	159.0	583.1	100.0	6	0.0
63.7	58.4	5.8	114.0	586.2	100.0	0	0.0
67.4	59.8	3.8	122.5	589.4	100.0	0	0.0
65.8	52.6	7.8	213.1	592.5	100.0	0	0.0
63.8	52.2	2.8	67.1	595.5	100.0	0	0.0
72.8	60.1	6.6	135.6	598.5	100.0	0	0.0
71.6	62.4	7.7	209.2	582.6	100.0	0	0.0
61.6	47.2	8.2	246.9	604.4	100.0	0	0.0
63.5	49.2	1.2	13.2	607.2	100.0	0	0.0
63.7	58.7	9.0	153.9	610.0	100.0	10	0.0
61.6	55.5	9.2	287.5	612.8	100.0	2	0.0
60.5	46.9	7.5	247.1	615.5	100.0	0	0.0
60.6	48.3	3.3	137.1	618.2	100.0	0	0.0
61.1	51.1	5.0	142.2	565.0	100.0	0	0.0
63.6	51.0	5.9	224.6	623.3	100.0	0	0.0
63.1	46.5	2.3	38.5	625.8	100.0	0	0.0
68.1	52.5	5.0	82.1	628.3	100.0	0	0.0
05	31	2000
69.0	57.0	6.7	143.8	630.7	100.0	0	0.0
71.0	63.2	5.7	139.9	633.1	100.0	0	0.0
69.4	65.0	6.5	145.8	635.4	100.0	25	0.0
69.4	62.8	6.0	113.6	637.6	100.0	0	0.0
72.4	66.1	8.6	144.9	639.8	100.0	11	0.0
74.8	63.9	9.2	154.8	642.0	100.0	0	0.0
75.7	65.5	7.5	155.9	644.1	100.0	0	0.0
74.5	65.1	6.2	144.8	646.2	100.0	0	0.0
76.5	66.2	6.3	147.8	648.2	100.0	0	0.0
73.1	68.2	3.9	95.7	650.1	100.0	7	0.0
78.9	68.8	6.8	154.7	652.0	100.0	0	0.0
79.3	69.7	6.7	171.9	573.5	100.0	0	0.0
72.8	61.2	7.5	247.7	655.7	100.0	8	0.0
66.2	51.1	5.6	165.0	657.5	100.0	0	0.0
66.9	47.5	5.2	79.6	659.2	100.0	0	0.0
70.3	53.0	5.2	121.1	660.9	100.0	0	0.0
77.0	61.0	9.1	162.7	662.5	100.0	0	0.0
79.7	66.2	8.6	170.0	664.0	100.0	0	0.0
77.8	68.0	5.3	146.5	665.5	100.0	0	0.0
72.4	69.9	3.3	96.2	667.0	100.0	53	0.0
73.0	66.8	3.1	153.1	668.5	100.0	0	0.0
74.3	61.5	2.7	128.8	669.8	100.0	0	0.0
79.1	66.2	5.8	200.0	611.5	100.0	0	0.0
81.5	71.7	6.6	210.6	672.4	100.0	0	0.0
81.3	73.0	4.5	150.6	673.7	100.0	0	0.0
83.0	71.8	7.2	171.7	674.9	100.0	0	0.0
81.8	71.3	6.8	152.5	632.7	100.0	0	0.0
75.3	69.2	6.1	202.9	677.1	100.0	9	0.0
75.1	63.9	4.4	116.0	678.2	100.0	0	0.0
75.6	62.6	4.2	105.2	679.3	100.0	0	0.0
77.5	63.8	5.1	97.3	680.3	100.0	0	0.0
06	30	2000
79.2	64.0	6.2	113.1	681.2	100.0	0	0.0
79.4	66.7	2.0	88.8	682.1	100.0	0	0.0
79.8	67.8	3.3	74.2	683.0	100.0	0	0.0
75.3	69.9	4.1	152.6	683.8	100.0	16	0.0
71.5	69.4	4.0	187.4	658.3	100.0	51	0.0
69.0	57.2	9.3	114.6	685.3	100.0	0	0.0
68.7	55.4	5.7	107.1	685.9	100.0	0	0.0
73.7	58.4	3.1	56.9	686.6	100.0	0	0.0
78.7	68.2	5.0	103.4	687.2	100.0	0	0.0
80.8	66.7	6.7	130.5	687.8	100.0	0	0.0
80.5	64.9	2.7	72.3	688.3	100.0	0	0.0
81.0	66.8	2.9	101.5	688.8	100.0	0	0.0
78.4	70.1	3.9	88.5	689.2	100.0	16	0.0
77.3	70.4	5.8	148.5	689.6	100.0	0	0.0
79.1	70.0	6.1	168.0	644.4	100.0	0	0.0
75.3	71.3	7.2	148.2	690.3	100.0	24	0.0
73.6	70.6	6.3	137.5	690.5	100.0	43	0.0
78.3	72.3	4.9	152.0	690.7	100.0	8	0.0
77.9	72.7	2.9	85.0	628.6	100.0	1	0.0
78.8	72.6	5.1	170.2	691.0	100.0	0	0.0
81.3	72.8	3.9	115.4	616.7	100.0	0	0.0
79.7	71.8	5.3	234.5	663.2	100.0	1	0.0
80.4	73.2	1.5	55.0	691.1	100.0	4	0.0
82.2	73.2	2.2	97.5	691.0	100.0	0	0.0
80.6	73.0	3.9	134.1	690.9	100.0	6	0.0
78.7	70.8	4.5	152.9	690.7	100.0	0	0.0
78.6	71.8	3.9	127.3	690.5	100.0	17	0.0
79.4	72.8	4.2	175.1	690.3	100.0	8	0.0
76.5	71.3	5.0	206.1	690.0	100.0	0	0.0
76.4	66.8	2.5	32.5	689.6	100.0	0	0.0
07	31	2000
79.8	67.9	2.2	59.6	689.3	100.0	0	0.0
81.3	71.5	3.5	105.7	688.9	100.0	0	0.0
81.7	68.9	4.6	127.5	688.4	100.0	0	0.0
81.3	67.7	3.2	123.9	612.9	100.0	0	0.0
82.2	67.0	1.1	12.1	687.4	100.0	0	0.0
82.6	68.9	3.0	127.6	686.8	100.0	0	0.0
84.4	71.7	3.8	96.9	686.2	100.0	0	0.0
84.5	69.0	4.0	68.5	685.5	100.0	0	0.0
82.5	71.4	3.7	122.2	684.8	100.0	29	0.0
83.0	72.9	3.3	140.4	684.0	100.0	0	0.0
84.8	72.2	3.7	124.2	683.2	100.0	0	0.0
85.2	71.2	4.4	142.1	682.4	100.0	0	0.0
87.2	71.5	4.2	173.3	681.5	100.0	0	0.0
86.4	69.7	5.4	180.8	680.5	100.0	0	0.0
86.0	68.5	4.1	155.6	604.7	100.0	0	0.0
88.3	69.6	4.2	124.2	678.5	100.0	0	0.0
85.2	71.6	5.1	92.2	677.4	100.0	0	0.0
82.8	72.6	2.4	109.6	676.2	100.0	2	0.0
87.2	71.2	4.2	132.9	675.1	100.0	0	0.0
87.2	69.1	5.8	126.7	673.8	100.0	0	0.0
83.1	69.6	3.8	124.2	672.5	100.0	2	0.0
79.5	70.4	3.9	68.7	671.2	100.0	3	0.0
79.1	66.0	6.8	269.0	669.9	100.0	0	0.0
78.2	59.6	6.6	123.3	668.5	100.0	0	0.0
78.9	56.0	4.8	76.9	667.1	100.0	0	0.0
81.2	60.8	3.6	45.8	665.6	100.0	0	0.0
78.7	65.7	3.9	67.6	664.1	100.0	14	0.0
78.9	68.7	2.1	96.5	662.6	100.0	0	0.0
83.2	67.4	4.2	131.9	661.0	100.0	0	0.0
79.3	69.0	3.4	126.7	659.3	100.0	0	0.0
75.8	71.1	5.3	114.0	657.6	100.0	1	0.0
08	31	2000
78.3	71.1	5.5	136.6	655.9	100.0	0	0.0
77.7	71.2	5.1	148.7	654.1	100.0	2	0.0
76.4	70.7	2.8	87.0	652.3	100.0	3	0.0
81.2	71.0	2.9	120.6	650.4	100.0	0	0.0
83.9	71.7	4.3	142.7	648.5	100.0	0	0.0
85.3	70.7	4.8	152.7	646.5	100.0	0	0.0
86.0	71.4	5.6	165.2	644.4	100.0	0	0.0
83.5	72.5	4.9	141.1	602.8	100.0	0	0.0
82.9	70.0	4.4	136.9	525.4	100.0	0	0.0
85.5	68.8	6.2	138.8	545.1	100.0	6	0.0
81.8	69.9	5.2	114.3	612.1	100.0	6	0.0
79.8	60.2	5.3	52.4	534.6	100.0	0	0.0
78.9	59.1	4.3	62.8	631.2	100.0	0	0.0
81.4	61.5	3.2	51.0	628.9	100.0	0	0.0
83.5	68.6	3.6	137.7	491.9	100.0	0	0.0
86.4	67.0	3.3	147.1	604.0	100.0	0	0.0
87.2	65.3	2.5	67.5	621.5	100.0	0	0.0
87.0	63.6	2.9	134.6	581.0	100.0	0	0.0
83.3	67.9	3.1	139.6	616.3	100.0	1	0.0
85.9	68.3	4.2	91.7	613.6	100.0	0	0.0
87.0	62.1	5.2	69.2	610.9	100.0	0	0.0
84.3	69.6	5.5	85.2	608.2	100.0	0	0.0
82.9	67.9	3.7	74.2	605.4	100.0	0	0.0
84.4	67.2	2.7	64.2	602.5	100.0	0	0.0
85.9	67.5	4.0	119.4	599.6	100.0	0	0.0
84.4	68.1	4.9	130.0	596.7	100.0	0	0.0
85.0	67.8	4.5	159.4	593.7	100.0	0	0.0
87.2	67.2	4.0	152.1	590.6	100.0	0	0.0
89.8	63.7	5.8	224.2	587.6	100.0	0	0.0
90.2	65.4	4.6	58.3	584.4	100.0	0	0.0
85.7	69.7	5.6	147.8	514.6	100.0	0	0.0
09	30	2000
85.8	62.5	6.4	95.2	578.0	100.0	0	0.0
86.1	66.9	5.2	95.6	574.8	100.0	0	0.0
87.1	67.0	3.8	67.5	571.5	100.0	0	0.0
89.0	64.5	6.5	89.0	568.1	100.0	0	0.0
84.9	65.7	12.1	107.7	564.8	100.0	0	0.0
76.9	64.1	10.6	67.7	561.3	100.0	0	0.0
69.0	66.4	7.6	77.3	484.5	100.0	2	0.0
74.0	71.3	7.6	105.6	554.4	100.0	2	0.0
77.1	72.9	6.8	133.9	550.8	100.0	8	0.0
80.6	72.2	3.6	65.1	547.3	100.0	0	0.0
78.0	72.7	5.8	101.9	543.6	100.0	71	0.0
76.1	73.3	6.2	134.8	540.0	100.0	23	0.0
78.7	72.1	3.1	48.4	536.3	100.0	0	0.0
79.2	68.7	2.9	67.7	532.6	100.0	0	0.0
74.2	59.6	7.1	136.7	496.2	100.0	0	0.0
69.7	45.0	9.6	88.5	525.1	100.0	0	0.0
68.3	45.3	7.0	122.4	521.3	100.0	0	0.0
68.3	52.6	1.7	48.1	517.5	100.0	0	0.0
74.9	59.2	4.7	98.5	513.8	100.0	0	0.0
79.3	71.9	6.5	152.1	510.0	100.0	0	0.0
78.1	72.0	4.8	125.1	506.3	100.0	7	0.0
77.6	73.4	6.1	121.5	502.4	100.0	3	0.0
79.5	75.0	5.4	156.9	498.6	100.0	1	0.0
79.5	73.2	4.3	145.6	494.8	100.0	14	0.0
64.2	59.8	10.8	289.0	490.9	100.0	17	0.0
58.0	47.1	9.7	117.2	444.8	100.0	0	0.0
60.6	47.0	4.2	83.8	483.0	100.0	0	0.0
65.8	48.6	6.4	94.2	479.1	100.0	0	0.0
66.5	49.4	5.3	69.8	475.1	100.0	0	0.0
69.2	57.6	3.2	49.4	471.1	100.0	0	0.0
10	31	2000
73.0	61.4	5.2	109.2	467.1	100.0	0	0.0
72.9	61.9	4.5	140.0	463.1	100.0	0	0.0
72.3	58.5	3.5	86.0	459.0	100.0	0	0.0
72.5	57.8	2.1	59.6	454.9	100.0	0	0.0
76.7	69.6	3.5	94.8	450.9	100.0	1	0.0
67.8	65.4	9.4	94.0	446.8	100.0	49	0.0
53.5	40.1	13.7	189.8	442.8	100.0	0	0.0
47.4	27.6	14.5	180.0	387.9	100.0	0	0.0
47.3	31.4	8.0	70.9	434.8	100.0	0	0.0
51.1	34.1	3.1	61.0	430.8	100.0	0	0.0
54.8	38.0	1.8	53.1	426.7	100.0	0	0.0
58.9	40.5	1.8	36.7	422.7	100.0	0	0.0
59.8	43.3	2.6	51.1	414.6	100.0	0	0.0
62.7	51.1	2.4	77.9	414.7	100.0	0	0.0
64.2	51.2	0.9	16.2	410.7	100.0	0	0.0
67.2	56.0	2.9	126.9	406.7	100.0	0	0.0
65.3	60.6	4.2	187.5	402.7	100.0	0	0.0
65.4	57.1	5.6	212.1	398.7	100.0	0	0.0
62.4	50.0	2.5	101.2	394.7	100.0	0	0.0
63.6	55.7	1.0	26.2	390.8	100.0	0	0.0
67.5	57.7	2.9	82.5	386.8	100.0	0	0.0
72.6	61.5	6.1	125.0	382.9	100.0	0	0.0
69.9	57.3	2.8	48.1	379.0	100.0	0	0.0
68.0	54.3	3.3	52.9	375.1	100.0	0	0.0
67.2	54.8	3.0	71.7	371.3	100.0	0	0.0
67.2	53.5	2.1	46.9	367.5	100.0	0	0.0
66.7	54.8	1.4	51.7	363.7	100.0	0	0.0
67.7	55.0	0.8	38.5	359.9	100.0	0	0.0
68.7	56.0	1.6	71.7	356.2	100.0	0	0.0
66.9	55.8	1.8	38.5	352.5	100.0	0	0.0
67.3	56.6	2.5	73.3	348.8	100.0	0	0.0
11	30	2000
68.1	58.0	3.4	83.7	345.2	100.0	0	0.0
68.7	63.6	3.2	106.8	341.6	100.0	2	0.0
71.0	64.2	2.0	104.2	338.1	100.0	0	0.0
66.0	62.3	3.1	58.7	334.6	100.0	6	0.0
65.0	63.1	7.2	107.2	331.1	100.0	5	0.0
69.1	64.6	11.1	147.2	327.7	100.0	8	0.0
63.5	58.0	4.1	101.1	276.5	100.0	4	0.0
68.9	66.5	8.9	145.7	321.0	100.0	34	0.0
51.1	46.6	9.8	261.6	270.9	100.0	141	0.0
45.5	39.0	7.7	165.9	314.6	100.0	0	0.0
46.1	37.6	5.1	84.0	311.5	100.0	0	0.0
51.4	41.5	3.0	71.7	308.5	100.0	0	0.0
49.6	45.2	5.2	193.3	305.5	100.0	4	0.0
40.5	29.6	5.5	219.8	302.6	100.0	0	0.0
45.0	31.1	3.8	91.2	299.7	100.0	0	0.0
54.1	51.3	5.6	180.8	296.9	100.0	29	0.0
43.5	34.7	9.0	272.1	294.1	100.0	0	0.0
36.4	32.3	6.0	43.4	291.4	100.0	55	0.0
39.9	36.8	5.3	81.5	288.8	100.0	28	0.0
41.2	28.9	4.1	135.8	286.2	100.0	0	0.0
36.2	22.9	4.6	115.0	283.7	100.0	0	0.0
42.8	28.6	1.8	31.0	281.3	100.0	0	0.0
52.9	43.1	8.1	130.8	278.9	100.0	3	0.0
51.8	49.1	9.3	124.8	276.6	100.0	40	0.0
49.5	45.2	4.8	171.2	272.0	100.0	4	0.0
46.3	37.8	2.9	94.0	272.2	100.0	0	0.0
45.7	34.2	1.9	82.3	270.1	100.0	0	0.0
50.5	40.8	3.7	112.1	268.1	100.0	0	0.0
48.5	43.8	3.0	140.3	266.2	100.0	10	0.0
41.3	30.4	3.0	80.2	239.0	100.0	0	0.0
12	31	2000
45.3	37.6	2.3	82.0	262.5	100.0	6	0.0
41.7	34.7	10.7	318.6	260.8	100.0	0	0.0
35.6	26.6	9.0	185.6	259.1	100.0	0	0.0
35.5	27.7	2.2	53.8	257.5	100.0	0	0.0
38.2	29.3	2.2	23.1	256.1	100.0	0	0.0
42.3	31.7	2.6	107.9	254.6	100.0	0	0.0
40.2	31.7	1.6	66.0	253.3	100.0	0	0.0
44.2	36.4	1.3	30.3	252.0	100.0	0	0.0
49.0	41.0	1.4	44.6	250.9	100.0	0	0.0
53.0	44.8	3.3	73.3	249.8	100.0	0	0.0
57.9	50.8	9.4	207.8	248.8	100.0	7	0.0
29.9	19.1	11.5	184.4	247.8	100.0	0	0.0
37.8	31.5	6.6	160.2	247.0	100.0	33	0.0
34.9	33.5	7.1	221.2	246.2	100.0	0	0.0
42.4	41.0	7.1	116.7	245.5	100.0	0	0.0
59.3	50.2	15.0	225.0	244.9	100.0	8	0.0
27.7	10.5	9.2	260.0	244.4	100.0	0	0.0
35.1	23.6	7.0	196.4	244.0	100.0	3	0.0
26.3	14.8	8.8	247.3	243.6	100.0	0	0.0
29.8	15.2	8.2	126.0	243.3	100.0	0	0.0
36.1	27.3	7.8	227.1	243.2	100.0	9	0.0
25.9	13.4	5.5	79.6	243.1	100.0	0	0.0
35.6	15.9	4.2	74.4	243.2	100.0	0	0.0
44.9	28.8	5.3	71.2	243.3	100.0	0	0.0
40.5	22.4	7.5	40.2	243.5	100.0	0	0.0
45.5	29.5	7.9	79.0	243.7	100.0	2	0.0
43.2	41.4	8.2	122.4	244.1	100.0	52	0.0
36.8	33.5	11.2	277.1	244.5	100.0	55	0.0
31.8	25.9	9.1	291.8	245.0	100.0	0	0.0
24.8	17.3	6.2	226.5	245.6	100.0	0	0.0
26.7	18.9	3.3	138.8	246.3	100.0	1	3.4
