01	31	1996
59.8	58.3	6.1	90.9	245.2	94.3	25	0.0
47.3	43.4	9.8	256.6	219.5	88.5	5	0.0
36.4	31.2	6.2	246.4	248.0	89.6	1	0.0
40.3	30.2	7.0	140.8	249.0	100.0	0	0.0
52.1	48.7	3.6	104.5	246.9	86.1	11	0.0
40.1	38.0	10.3	263.8	249.4	92.7	30	0.0
24.6	15.2	15.9	320.1	252.4	87.5	0	0.0
25.8	13.3	5.0	211.7	253.7	100.0	0	0.0
38.1	24.3	4.8	138.8	255.1	100.0	0	0.0
42.7	29.1	3.6	65.0	256.5	100.0	0	0.0
47.1	42.0	5.8	141.4	258.1	95.8	29	0.0
40.0	33.0	5.5	177.9	259.7	100.0	0	0.0
45.7	31.7	2.9	108.8	261.4	100.0	0	0.0
55.0	41.0	6.0	162.5	263.1	100.0	0	0.0
60.5	52.5	4.6	135.8	235.9	87.5	0	0.0
63.0	55.6	7.3	147.1	259.6	91.7	3	0.0
64.8	57.3	16.3	147.6	261.6	93.8	0	0.0
50.9	43.3	15.9	218.4	241.4	91.0	35	0.0
24.7	11.4	7.9	206.7	273.1	95.8	0	0.0
36.5	21.7	6.4	120.4	275.3	95.8	2	0.0
43.8	40.5	3.1	103.3	247.5	93.8	5	0.0
47.8	41.2	8.0	133.3	280.0	95.8	0	0.0
58.4	52.2	11.8	162.7	279.0	90.3	2	0.0
42.4	30.9	8.9	268.4	284.9	98.6	42	0.0
41.0	23.1	7.0	99.2	287.5	100.0	0	0.0
54.6	49.0	7.3	173.8	290.1	89.6	88	0.0
36.8	20.9	9.3	262.5	292.8	100.0	0	0.0
39.0	20.9	6.9	104.6	295.5	95.8	0	0.0
53.7	49.7	5.6	142.4	266.5	88.2	4	0.0
59.8	56.7	6.9	203.3	293.2	91.7	46	0.0
28.6	24.2	12.7	265.0	271.9	86.1	0	0.0
02	29	1996
31.0	28.6	6.8	92.9	305.2	94.1	11	27.6
28.1	24.1	15.4	161.4	309.0	92.9	14	39.1
16.2	8.7	14.6	282.9	280.5	93.8	0	0.0
14.8	4.3	9.1	306.2	316.7	97.9	0	0.0
25.2	10.3	4.9	109.6	320.0	100.0	0	0.0
42.3	28.9	5.3	120.2	289.6	83.3	0	0.0
53.2	38.0	8.4	163.8	292.7	87.5	0	0.0
60.0	49.7	6.9	182.8	330.1	95.8	0	0.0
60.5	56.0	4.1	157.3	299.1	91.7	0	0.0
63.9	56.9	5.5	155.1	302.3	91.7	0	0.0
52.8	32.2	10.1	245.4	340.7	95.8	1	0.0
41.9	19.6	8.4	271.2	344.3	100.0	0	0.0
45.2	22.8	4.5	133.3	348.0	100.0	0	0.0
58.1	39.5	7.3	202.9	351.7	100.0	0	0.0
52.5	41.7	8.3	254.8	355.4	100.0	0	0.0
33.0	19.3	11.3	254.6	359.2	100.0	0	0.0
38.9	18.6	4.8	152.5	363.0	100.0	0	0.0
49.7	34.5	3.7	105.0	366.8	100.0	0	0.0
56.7	52.2	8.5	148.1	370.7	100.0	49	0.0
57.2	48.5	4.4	96.1	374.6	100.0	0	0.0
64.6	55.5	7.6	159.8	378.5	95.8	0	0.0
68.1	58.0	6.2	178.3	382.4	100.0	0	0.0
68.6	57.0	7.0	167.1	386.4	100.0	0	0.0
62.3	36.9	8.0	141.7	390.4	100.0	0	0.0
65.1	50.8	7.2	146.2	394.4	100.0	0	0.0
72.2	61.5	8.3	162.9	398.4	97.9	0	0.0
71.4	62.5	7.5	148.4	402.4	95.8	0	0.0
50.0	42.4	12.9	311.8	406.5	95.8	9	0.0
39.4	24.9	12.7	207.3	370.3	91.7	1	0.0
03	31	1996
39.9	27.3	4.5	91.8	374.1	87.5	0	0.0
46.2	26.4	5.0	125.2	418.6	100.0	0	0.0
49.6	29.8	2.8	97.1	422.7	100.0	0	0.0
57.6	38.3	8.2	110.0	426.8	100.0	0	0.0
64.7	58.2	9.7	165.1	389.2	95.8	80	0.0
70.2	63.8	8.2	216.2	434.9	96.2	28	0.0
34.0	27.3	17.1	336.9	396.8	90.6	25	2.5
27.1	11.8	13.4	320.2	443.1	100.0	0	0.0
29.0	12.7	5.5	156.7	447.1	100.0	0	0.0
35.5	19.2	4.7	92.9	451.2	100.0	0	0.0
40.2	18.6	4.9	114.6	455.2	100.0	0	0.0
46.7	22.8	2.8	84.2	459.3	100.0	0	0.0
59.4	44.5	6.6	157.5	463.4	100.0	0	0.0
66.2	55.8	6.9	173.6	467.5	97.9	0	0.0
69.6	57.4	6.9	178.0	471.6	100.0	0	0.0
67.8	54.4	5.0	159.8	475.6	100.0	0	0.0
63.9	51.0	5.4	148.3	479.6	95.8	16	0.0
56.1	50.0	10.9	172.2	483.6	99.0	57	0.0
46.0	29.3	14.1	292.5	487.2	91.7	0	0.0
40.1	21.6	11.7	275.6	445.9	95.8	0	0.0
44.2	25.8	6.9	221.7	495.5	100.0	0	0.0
49.2	29.9	3.5	91.7	499.4	100.0	0	0.0
58.7	35.0	7.7	125.0	503.3	100.0	0	0.0
63.5	54.2	14.1	149.3	506.4	95.8	1	0.0
56.8	48.4	9.8	247.2	464.2	90.3	42	0.0
42.7	35.4	12.1	54.2	514.6	97.9	21	0.0
49.6	45.0	8.0	106.3	470.4	85.4	5	0.0
58.0	52.8	5.0	209.7	475.0	91.7	0	0.0
56.1	48.3	4.1	126.3	526.3	97.9	0	0.0
62.0	58.0	8.5	130.6	517.1	89.6	22	0.0
56.3	51.2	10.2	257.3	485.9	95.2	61	0.0
04	30	1996
52.7	35.7	12.5	329.2	537.8	95.8	0	0.0
53.1	31.6	2.5	77.9	541.5	100.0	0	0.0
60.0	39.2	6.2	136.2	545.1	100.0	0	0.0
63.9	55.5	6.6	189.6	548.8	100.0	0	0.0
49.6	39.3	13.1	199.3	552.4	100.0	6	0.0
45.1	36.1	11.8	251.0	556.0	100.0	15	0.0
49.2	32.1	3.7	114.6	559.5	100.0	0	0.0
57.3	41.1	8.2	225.8	563.0	100.0	0	0.0
53.0	34.3	8.3	85.8	564.6	95.8	0	0.0
53.6	30.8	4.2	71.2	569.9	100.0	0	0.0
62.4	48.5	7.4	151.7	573.2	100.0	0	0.0
65.7	53.1	8.6	143.2	576.5	100.0	1	0.0
66.3	58.2	4.6	137.4	579.8	100.0	29	0.0
63.5	59.7	7.8	128.6	583.1	100.0	108	0.0
55.0	44.4	8.7	254.0	586.2	100.0	1	0.0
55.1	39.8	2.9	115.0	589.4	100.0	0	0.0
58.8	44.2	5.4	124.6	592.5	100.0	0	0.0
64.7	59.8	9.5	154.1	593.0	95.8	0	0.0
75.0	66.1	8.4	177.4	597.8	95.8	0	0.0
75.8	64.9	8.8	179.3	601.1	96.5	3	0.0
74.7	63.3	11.7	159.0	604.4	100.0	0	0.0
71.2	64.6	8.9	159.2	603.9	95.8	63	0.0
62.9	54.2	10.2	250.9	609.2	96.9	17	0.0
61.4	45.5	3.9	105.0	612.8	100.0	0	0.0
68.1	52.6	8.1	174.6	615.5	100.0	0	0.0
70.8	52.9	5.3	199.4	614.3	95.8	13	0.0
68.0	47.9	7.9	103.8	620.8	100.0	0	0.0
74.5	62.1	10.3	159.0	623.3	95.8	0	0.0
62.7	59.0	8.0	236.2	620.7	91.7	4	0.0
55.3	42.0	5.0	197.1	628.3	100.0	0	0.0
05	31	1996
61.8	46.9	4.2	96.9	630.7	100.0	0	0.0
67.4	55.1	4.4	129.3	633.1	100.0	0	0.0
71.0	59.3	5.9	148.8	635.4	100.0	0	0.0
75.0	65.6	7.8	168.5	637.1	98.6	0	0.0
78.1	69.3	5.7	145.9	634.8	95.8	0	0.0
77.3	67.5	5.5	148.8	636.9	95.8	0	0.0
76.1	65.8	5.9	164.5	644.1	100.0	0	0.0
75.3	65.1	6.4	137.3	640.8	95.8	0	0.0
76.5	66.7	7.4	129.9	648.2	100.0	0	0.0
76.0	65.7	5.3	154.2	648.7	97.9	0	0.0
69.8	64.8	5.5	193.6	647.5	95.8	46	0.0
65.8	54.1	6.8	132.8	653.9	95.8	0	0.0
67.0	57.3	3.6	133.3	649.9	95.8	0	0.0
73.6	63.3	5.7	125.0	651.5	95.8	0	0.0
76.2	63.1	7.5	153.8	659.2	100.0	0	0.0
77.4	65.8	5.4	147.2	660.9	100.0	0	0.0
77.5	67.1	5.7	171.0	662.5	100.0	0	0.0
78.5	66.9	4.0	121.7	664.0	100.0	0	0.0
78.2	66.4	4.6	132.4	665.5	100.0	0	0.0
77.7	65.2	5.3	147.6	667.0	100.0	0	0.0
78.1	66.0	3.4	134.6	668.5	100.0	0	0.0
79.0	67.4	3.4	122.5	669.8	100.0	0	0.0
82.1	68.3	3.5	116.2	671.2	100.0	0	0.0
80.7	64.8	2.3	76.7	672.4	100.0	0	0.0
81.8	69.5	3.5	87.1	673.7	100.0	0	0.0
82.4	69.8	6.3	162.7	674.9	100.0	0	0.0
83.0	71.5	7.1	179.0	676.0	100.0	2	0.0
77.8	71.6	6.3	158.5	677.1	100.0	0	0.0
72.6	68.1	5.2	201.9	678.2	100.0	7	0.0
72.8	61.1	6.4	105.8	679.3	100.0	0	0.0
73.8	60.4	4.5	72.1	680.3	100.0	0	0.0
06	30	1996
76.7	68.2	10.8	144.8	681.2	100.0	48	0.0
75.0	66.6	4.0	162.3	675.0	95.8	3	0.0
75.2	61.4	3.0	117.5	683.0	100.0	0	0.0
71.9	62.4	2.5	117.1	676.6	95.8	0	0.0
77.2	64.0	4.4	116.2	684.5	100.0	0	0.0
78.0	65.1	5.8	143.3	685.3	100.0	0	0.0
76.9	68.1	5.3	164.8	685.9	100.0	16	0.0
71.2	62.8	6.3	245.7	679.3	95.8	0	0.0
68.3	57.5	4.8	200.1	687.2	95.8	0	0.0
72.8	59.5	3.8	134.2	687.8	100.0	0	0.0
76.6	65.6	5.1	164.6	688.3	100.0	0	0.0
80.5	67.9	5.0	175.8	688.8	100.0	0	0.0
74.6	70.3	4.7	146.3	689.2	100.0	14	0.0
75.2	70.1	2.6	106.5	689.6	100.0	9	0.0
79.4	70.9	3.3	61.5	690.0	100.0	0	0.0
81.1	70.7	2.7	77.1	690.3	100.0	0	0.0
81.8	69.5	3.5	83.3	690.5	100.0	0	0.0
78.8	70.2	5.1	135.0	690.7	100.0	90	0.0
78.7	71.2	2.0	84.1	690.9	100.0	0	0.0
80.3	72.0	2.6	85.8	691.0	100.0	0	0.0
82.3	71.7	2.5	96.2	691.1	100.0	0	0.0
81.1	72.2	3.6	122.1	691.1	100.0	0	0.0
80.9	71.1	3.4	152.5	691.1	100.0	0	0.0
77.1	71.4	2.2	74.4	691.0	100.0	22	0.0
77.2	72.0	1.9	82.5	690.9	100.0	12	0.0
80.7	73.3	2.9	90.4	690.7	100.0	0	0.0
81.3	69.9	4.1	153.5	690.5	100.0	0	0.0
79.2	68.9	2.6	41.2	690.3	100.0	0	0.0
81.1	68.9	1.9	42.9	690.0	100.0	0	0.0
81.8	67.5	1.9	64.2	689.6	100.0	0	0.0
07	31	1996
81.4	70.0	1.8	69.0	525.0	88.1	0	0.0
81.8	70.0	2.3	75.5	539.9	92.9	0	0.0
84.8	68.5	6.2	219.0	569.1	93.8	0	0.0
79.2	56.5	6.1	107.2	578.1	100.0	0	0.0
79.0	61.5	4.0	113.0	568.4	96.2	0	0.0
82.4	67.1	1.8	71.0	569.1	94.4	0	0.0
85.2	73.1	5.2	152.8	559.3	92.5	0	0.0
81.5	73.0	4.7	174.4	416.4	46.9	0	0.0
79.5	74.2	5.2	179.6	492.6	44.0	17	0.0
77.9	67.0	6.1	197.1	570.0	83.9	0	0.0
79.5	63.8	4.1	105.0	599.5	96.4	0	0.0
81.2	68.3	2.7	111.0	565.9	94.4	0	0.0
80.3	71.4	3.0	107.5	568.3	96.2	0	0.0
76.7	71.6	4.6	127.4	535.1	76.6	8	0.0
76.5	73.2	4.2	122.2	483.4	62.5	34	0.0
78.2	72.8	3.9	81.8	520.8	92.5	6	0.0
79.2	72.8	4.8	93.4	477.5	78.0	12	0.0
81.9	72.4	3.8	94.4	526.0	87.1	0	0.0
82.6	73.5	2.6	101.5	482.7	83.8	0	0.0
83.8	72.8	4.2	130.2	632.9	94.0	0	0.0
84.3	71.7	5.1	123.2	548.4	92.9	0	0.0
85.3	73.5	6.5	158.2	551.5	94.4	0	0.0
81.6	70.5	5.1	193.0	556.9	89.4	0	0.0
78.7	72.1	3.2	75.3	464.8	64.0	14	0.0
77.0	71.1	5.3	167.9	457.9	57.7	1	0.0
77.2	72.4	2.8	57.0	480.2	55.7	2	0.0
75.3	72.2	3.5	112.4	377.8	49.1	10	0.0
75.5	70.6	4.2	140.0	480.7	66.9	11	0.0
79.8	71.0	4.0	104.5	525.7	87.5	0	0.0
77.8	72.8	4.4	132.9	478.4	82.0	30	0.0
76.1	73.4	3.2	88.8	536.8	71.9	4	0.0
08	31	1996
76.6	72.9	2.9	105.2	472.7	40.8	25	0.0
76.5	73.5	3.1	130.0	403.4	61.3	4	0.0
76.5	72.3	3.0	99.6	572.0	86.2	2	0.0
77.5	73.9	1.9	71.5	509.5	90.0	0	0.0
79.5	73.9	2.6	76.2	539.5	78.0	0	0.0
76.3	73.5	2.9	83.8	433.6	84.6	38	0.0
80.6	73.8	1.9	49.7	474.9	90.3	0	0.0
79.4	75.0	2.4	106.8	530.9	87.1	31	0.0
79.3	74.6	3.5	131.8	476.6	95.1	0	0.0
77.3	66.8	3.9	71.0	534.1	96.9	0	0.0
75.7	70.6	5.9	178.7	460.2	48.0	2	0.0
72.8	70.0	2.6	124.5	428.7	60.7	28	0.0
76.4	70.3	3.5	140.5	485.9	55.6	0	0.0
76.2	68.0	2.7	82.2	527.8	100.0	0	0.0
76.6	67.6	1.9	81.0	525.8	100.0	0	0.0
78.3	68.9	2.1	25.2	517.6	95.0	0	0.0
78.1	70.2	2.5	69.2	457.2	91.5	0	0.0
78.5	71.3	3.9	116.4	454.6	68.5	7	0.0
79.5	70.6	3.3	69.5	464.5	91.5	0	0.0
80.6	71.1	3.7	56.4	504.4	95.2	0	0.0
80.5	70.7	5.1	68.2	503.9	95.4	0	0.0
79.5	67.9	5.5	68.2	505.5	96.9	0	0.0
79.6	69.7	2.1	39.2	491.5	88.1	0	0.0
81.5	68.5	3.0	166.5	506.0	87.5	0	0.0
78.6	71.1	3.6	107.9	453.0	61.7	8	0.0
76.7	71.4	2.9	90.8	514.6	97.6	0	0.0
79.1	71.9	4.8	187.4	488.4	80.1	50	0.0
76.4	73.3	2.6	102.2	428.4	45.1	8	0.0
73.9	73.4	1.8	78.7	283.6	9.8	40	0.0
74.3	71.1	4.4	38.0	378.4	17.8	1	0.0
69.8	66.0	8.5	73.5	183.9	4.5	0	0.0
09	30	1996
70.3	68.3	3.1	49.8	176.1	4.8	0	0.0
75.8	70.8	1.8	83.7	340.2	31.1	0	0.0
74.5	69.0	3.0	106.2	422.7	86.3	0	0.0
74.6	69.2	2.6	77.6	458.2	84.5	0	0.0
76.6	69.8	2.9	89.2	474.0	99.4	0	0.0
77.1	71.1	2.6	108.8	426.8	88.7	0	0.0
78.7	71.1	2.4	101.2	460.4	96.2	0	0.0
79.1	72.3	2.0	82.9	383.5	86.2	0	0.0
76.9	72.3	2.7	41.0	409.2	67.3	0	0.0
77.0	68.9	3.1	93.8	454.6	93.1	0	0.0
77.5	69.5	3.9	93.8	457.2	93.8	0	0.0
77.0	65.9	2.7	105.0	526.4	100.0	0	0.0
71.6	61.5	4.8	86.2	450.0	98.8	0	0.0
72.9	62.0	5.7	88.8	425.6	86.9	0	0.0
76.0	71.5	10.6	141.3	383.9	47.6	11	0.0
81.2	73.0	7.8	198.8	367.1	45.4	1	0.0
73.4	65.3	5.9	216.3	461.8	59.3	0	0.0
70.4	59.9	5.3	64.2	435.6	100.0	0	0.0
69.8	57.5	3.5	64.0	432.6	100.0	0	0.0
68.8	64.5	3.7	85.2	337.8	67.7	0	0.0
72.6	66.5	6.3	200.5	358.2	48.1	2	0.0
68.7	55.5	0.9	19.5	423.2	100.0	0	0.0
70.5	55.4	3.1	75.5	420.1	100.0	0	0.0
71.0	61.2	1.1	17.8	416.9	98.1	0	0.0
73.2	61.6	3.8	61.8	397.1	95.0	0	0.0
77.0	67.2	9.0	154.5	374.1	88.1	0	0.0
72.1	69.3	5.9	156.2	371.1	52.2	15	0.0
59.2	52.7	7.4	154.2	384.2	58.3	47	0.0
59.3	48.7	4.5	81.5	400.5	100.0	0	0.0
64.6	59.5	4.1	51.2	365.6	73.8	0	0.0
10	31	1996
72.0	69.8	6.4	97.7	140.4	2.3	0	0.0
72.8	69.6	5.0	70.6	136.7	17.3	0	0.0
71.6	66.0	8.6	81.0	263.6	39.6	0	0.0
67.3	62.4	7.5	51.7	247.2	50.0	0	0.0
64.8	56.0	9.3	74.2	379.7	91.9	0	0.0
62.4	55.4	7.8	56.1	261.0	66.7	0	0.0
65.0	56.9	8.5	134.2	311.4	90.1	0	0.0
65.1	56.0	5.5	217.9	325.9	69.6	0	0.0
61.1	51.0	4.4	223.2	366.9	89.3	0	0.0
60.7	47.1	6.9	187.2	357.2	95.0	0	0.0
56.4	44.8	4.6	80.2	360.1	100.0	0	0.0
58.9	45.5	3.3	56.5	356.8	100.0	0	0.0
61.8	51.8	1.9	50.5	350.9	98.8	0	0.0
62.8	51.9	1.9	67.2	330.5	96.2	0	0.0
61.8	49.6	2.0	56.0	346.6	100.0	0	0.0
66.5	58.2	2.7	75.0	226.8	55.0	0	0.0
74.3	66.7	5.9	151.8	256.0	48.7	0	0.0
57.7	43.1	10.8	250.8	336.6	76.0	1	0.0
52.0	37.0	1.8	34.5	333.2	100.0	0	0.0
61.5	42.5	3.4	77.9	380.6	91.1	0	0.0
69.2	57.1	8.4	160.5	277.2	85.5	0	0.0
58.8	55.0	9.7	204.4	178.2	48.1	6	0.0
52.2	36.6	3.6	94.8	322.0	100.0	0	0.0
56.8	42.4	2.8	45.2	307.3	71.4	7	0.0
64.0	60.7	10.2	134.9	259.5	39.3	20	0.0
74.2	70.5	7.9	150.1	226.1	24.9	14	0.0
77.9	70.7	5.9	145.1	235.9	26.8	0	0.0
72.6	66.7	1.5	48.1	236.4	70.2	0	0.0
70.4	64.2	4.4	128.9	284.7	76.6	0	0.0
69.1	56.8	3.7	157.7	294.9	66.9	1	0.0
60.8	51.3	0.2	0.0	253.6	100.0	0	0.0
11	30	1996
65.3	60.1	7.8	228.5	154.4	20.6	1	0.0
49.3	36.6	10.2	273.7	288.2	81.9	0	0.0
44.2	28.1	4.3	42.1	337.5	100.0	0	0.0
53.8	41.8	5.0	106.5	228.1	69.4	0	0.0
65.0	58.7	5.6	99.5	147.4	13.7	0	0.0
71.4	66.4	6.0	144.1	172.6	32.2	0	0.0
66.6	63.3	8.5	193.4	148.6	13.1	24	0.0
51.9	40.8	6.9	255.5	267.2	85.3	0	0.0
46.8	30.7	3.9	157.8	267.8	100.0	0	0.0
46.9	33.1	5.0	83.5	265.1	100.0	0	0.0
43.5	34.2	2.4	38.2	126.1	40.0	0	0.0
46.3	36.5	3.6	70.0	90.9	28.1	0	0.0
52.5	43.7	1.7	33.5	257.1	100.0	0	0.0
55.5	47.3	1.2	31.4	254.6	100.0	0	0.0
58.0	48.9	7.8	84.2	252.1	100.0	0	0.0
54.7	43.3	15.6	115.7	232.5	62.5	0	0.0
61.1	56.7	10.7	131.2	86.5	1.2	0	0.0
62.0	61.4	4.5	164.9	115.2	1.0	67	0.0
58.4	57.4	1.9	40.5	101.1	0.0	0	0.0
65.2	61.3	3.8	119.1	134.1	23.3	0	0.0
65.2	61.0	9.1	210.3	155.5	11.9	0	0.0
49.5	40.0	9.4	67.5	235.0	70.2	0	0.0
53.0	43.6	4.9	107.0	212.2	81.9	0	0.0
64.1	57.9	12.2	133.1	219.7	39.9	1	0.0
50.6	46.9	9.3	218.7	80.5	0.6	18	0.0
39.6	35.1	10.5	331.1	79.9	22.2	0	0.0
39.1	29.5	7.7	167.1	205.8	100.0	0	0.0
45.8	35.9	1.6	55.2	224.7	94.4	0	0.0
58.2	52.0	12.1	122.7	97.8	20.0	9	0.0
68.3	64.9	8.6	179.2	129.3	8.2	24	0.0
12	31	1996
46.3	40.2	7.0	198.2	89.3	51.9	0	0.0
40.7	31.7	3.0	58.2	186.4	100.0	0	0.0
48.1	37.1	3.2	117.0	216.9	100.0	0	0.0
46.3	36.8	4.9	61.5	215.6	100.0	0	0.0
52.5	40.9	7.2	173.9	178.5	47.3	0	0.0
60.2	55.0	6.1	151.3	144.0	55.9	0	0.0
58.9	50.2	6.6	202.3	211.8	74.0	0	0.0
47.9	29.1	5.8	197.0	210.9	100.0	0	0.0
50.5	30.6	3.1	76.8	209.9	100.0	0	0.0
60.4	47.5	7.5	176.2	203.2	85.6	0	0.0
66.5	60.9	7.5	171.5	72.8	16.1	0	0.0
67.7	61.4	6.8	183.6	210.0	43.8	1	0.0
52.4	49.5	3.3	60.4	191.5	71.1	0	0.0
52.0	41.2	4.3	107.4	205.1	71.6	0	0.0
56.1	43.5	5.1	101.8	200.2	68.8	0	0.0
46.6	45.5	9.1	252.2	71.7	0.0	54	0.0
35.7	31.8	4.5	213.9	132.0	41.2	0	0.0
31.2	24.6	8.5	305.5	131.4	13.5	0	0.0
25.9	12.5	7.2	205.5	202.1	93.8	0	0.0
27.5	14.3	1.9	63.5	203.7	100.0	0	0.0
42.7	24.6	10.5	146.2	169.0	78.8	0	0.0
57.0	43.6	10.6	154.1	86.8	23.8	0	0.0
63.9	57.3	8.1	153.7	134.7	16.5	0	0.0
44.8	37.1	11.8	313.9	205.7	50.5	9	0.0
35.1	22.4	6.1	95.2	204.0	100.0	0	0.0
47.8	42.8	5.8	90.8	71.5	12.7	39	0.0
61.2	59.8	5.8	130.1	88.9	10.6	0	0.0
67.3	64.2	7.7	164.2	96.8	4.9	0	0.0
63.8	62.4	4.2	82.5	156.9	37.2	0	0.0
63.7	61.7	4.9	79.2	126.1	21.0	0	0.0
60.8	60.3	2.4	103.3	114.3	24.4	3	0.0
