   1    31    1965
62.0	57.5	11.7	165.0	213.4	51.0	.0	.0	
64.2	60.3	12.9	140.0	183.0	80.0	17.0	.0	
44.5	38.4	10.8	70.0	135.5	69.0	6.0	.0	
42.4	32.5	7.5	107.5	315.0	2.0	.0	.0	
49.5	42.7	4.6	151.3	291.0	14.0	.0	.0	
57.7	53.5	8.9	193.8	168.8	73.0	.0	.0	
64.7	57.2	12.4	182.5	221.2	63.0	.0	.0	
64.8	59.7	14.6	161.3	181.8	70.0	1.0	.0	
63.5	58.1	13.7	221.3	127.7	88.0	75.0	.0	
36.1	32.3	15.4	253.8	165.1	98.0	.0	.0	
38.4	30.4	6.2	32.5	315.3	32.0	.0	.0	
45.0	37.9	8.6	158.8	322.3	30.0	.0	.0	
52.6	47.4	7.2	156.3	136.9	97.0	.0	.0	
45.0	35.1	8.1	68.8	151.1	74.0	25.0	.0	
45.6	41.4	14.6	228.8	165.3	91.0	5.0	.0	
28.2	15.8	21.7	341.3	243.0	52.0	.0	.0	
26.6	12.1	9.8	296.3	344.1	10.0	.0	.0	
35.7	19.2	6.7	256.3	341.7	10.0	.0	.0	
37.1	24.1	8.2	142.5	354.8	8.0	.0	.0	
50.0	45.1	5.2	178.8	213.8	69.0	.0	.0	
56.5	50.2	9.2	148.8	277.1	45.0	.0	.0	
58.9	55.7	16.4	143.8	147.0	78.0	128.0	.0	
61.4	57.0	14.3	196.3	177.3	96.0	29.0	.0	
44.5	34.4	9.7	230.0	316.1	30.0	.0	.0	
55.3	42.8	15.4	182.5	346.3	33.0	.0	.0	
54.1	34.7	13.0	301.3	341.7	33.0	.0	.0	
38.2	26.1	6.0	146.3	347.6	2.0	.0	.0	
46.2	26.8	10.1	208.8	344.8	2.0	.0	.0	
55.2	44.5	11.2	228.8	310.6	33.0	.0	.0	
36.6	27.8	14.0	266.3	210.2	56.0	.0	.0	
29.8	18.0	8.1	146.3	328.0	14.0	.0	.0	
   2    28    1965
40.4	36.3	15.1	256.3	140.9	79.0	7.0	.0	
28.6	14.5	11.5	118.8	356.6	15.0	.0	.0	
33.1	18.5	6.7	93.8	249.5	64.0	.0	.0	
41.4	20.9	8.4	77.5	335.1	59.0	.0	.0	
47.3	25.6	8.0	115.0	229.4	89.0	.0	.0	
50.5	47.1	6.2	111.3	140.4	98.0	30.0	.0	
54.4	54.2	4.0	157.5	183.9	89.0	.0	.0	
64.5	63.4	10.7	145.0	189.3	97.0	1.0	.0	
70.4	63.3	18.9	181.3	273.0	93.0	43.0	.0	
56.9	56.1	6.5	91.3	160.8	90.0	243.0	.0	
65.0	61.9	13.0	183.8	250.9	83.0	245.0	.0	
43.9	38.0	11.4	293.8	201.1	54.0	.0	.0	
35.5	26.2	11.5	190.0	262.2	61.0	.0	.0	
36.1	24.3	6.8	170.0	419.2	27.0	.0	.0	
40.8	24.9	6.7	96.3	357.2	56.0	.0	.0	
43.1	39.6	7.1	71.3	161.9	98.0	74.0	.0	
45.8	42.2	9.1	118.8	193.5	96.0	40.0	.0	
49.5	37.3	7.5	193.8	437.0	18.0	.0	.0	
50.6	38.8	7.0	232.5	418.9	2.0	.0	.0	
50.6	37.4	7.2	121.3	403.2	35.0	2.0	.0	
49.4	42.6	9.1	263.8	358.0	21.0	.0	.0	
37.6	23.6	7.9	108.8	398.1	26.0	.0	.0	
48.0	30.4	7.9	120.0	441.8	23.0	.0	.0	
43.5	39.4	20.6	240.0	172.8	98.0	93.0	.0	
29.6	17.4	15.2	283.8	468.2	18.0	.0	.0	
45.3	28.0	7.1	213.8	463.9	2.0	.0	.0	
53.2	38.8	9.9	188.8	424.6	44.0	.0	.0	
58.0	53.2	12.0	147.5	194.3	98.0	12.0	.0	
   3    31    1965
60.3	57.3	10.2	158.8	319.3	90.0	165.0	.0	
47.2	45.9	10.4	281.3	199.1	98.0	32.0	.0	
36.5	33.6	12.0	290.0	240.5	98.0	.0	.0	
36.7	21.9	13.8	280.0	413.6	50.0	.0	.0	
39.0	28.1	14.7	296.3	328.7	46.0	3.0	.0	
40.7	33.4	9.8	245.0	298.2	54.0	.0	.0	
36.7	29.9	8.2	308.8	208.7	61.0	.0	.0	
41.0	28.5	6.6	233.8	513.6	16.0	.0	.0	
51.0	42.3	7.0	236.3	276.2	66.0	3.0	.0	
50.6	39.2	7.5	137.5	272.0	95.0	44.0	.0	
48.7	41.4	8.8	97.5	222.2	98.0	8.0	.0	
48.5	47.9	7.4	116.3	235.3	98.0	71.0	.0	
48.6	44.0	5.9	101.3	370.7	58.0	.0	.0	
53.9	45.6	7.0	193.8	515.5	11.0	.0	.0	
59.5	51.6	5.6	136.3	425.3	33.0	.0	.0	
64.0	54.3	13.7	161.3	409.4	52.0	.0	.0	
63.7	55.2	13.3	221.3	337.6	54.0	28.0	.0	
45.2	33.1	16.8	225.0	522.1	16.0	.0	.0	
35.0	19.5	18.4	181.3	396.5	63.0	.0	.0	
32.5	16.3	13.8	225.0	550.0	33.0	.0	.0	
38.1	15.4	7.6	95.0	528.4	50.0	.0	.0	
51.5	34.0	11.5	172.5	538.1	38.0	.0	.0	
63.9	61.4	12.0	190.0	247.2	98.0	7.0	.0	
66.0	57.8	8.2	207.5	426.4	84.0	7.0	.0	
56.0	52.1	9.8	252.5	263.6	98.0	7.0	.0	
39.1	37.4	11.2	188.8	269.0	98.0	32.0	.0	
44.4	42.6	6.6	47.5	281.9	98.0	15.0	.0	
65.2	60.4	11.2	155.0	339.5	84.0	.0	.0	
65.7	61.8	12.2	165.0	271.4	98.0	200.0	.0	
54.8	53.9	8.8	178.8	240.2	98.0	44.0	.0	
54.8	46.2	6.9	232.5	402.0	57.0	.0	.0	
   4    30    1965
59.8	48.5	4.0	115.0	567.6	2.0	.0	.0	
64.5	56.4	5.5	131.3	414.6	66.0	1.0	.0	
68.9	63.2	10.0	182.5	322.1	75.0	13.0	.0	
74.6	64.1	10.5	205.0	403.2	76.0	.0	.0	
71.7	63.1	12.7	163.8	326.6	83.0	.0	.0	
72.2	65.0	11.5	183.8	304.0	94.0	.0	.0	
73.2	64.6	9.2	191.3	376.2	84.0	.0	.0	
73.6	64.2	10.7	197.5	349.3	75.0	.0	.0	
74.4	66.1	5.8	218.8	361.0	83.0	.0	.0	
72.7	66.0	11.9	168.8	402.1	83.0	.0	.0	
76.0	66.1	12.4	185.0	497.8	94.0	.0	.0	
72.0	61.9	4.3	135.0	427.8	70.0	84.0	.0	
66.3	52.7	6.3	127.5	560.9	42.0	.0	.0	
69.4	56.3	12.0	145.0	505.6	63.0	.0	.0	
71.9	63.1	11.1	253.8	327.2	88.0	.0	.0	
57.1	42.5	8.2	230.0	639.0	2.0	.0	.0	
62.9	45.2	9.7	152.5	605.2	2.0	.0	.0	
69.7	60.9	11.5	196.3	497.9	34.0	.0	.0	
68.4	59.6	9.0	225.0	494.2	76.0	.0	.0	
60.9	49.4	4.9	36.3	486.9	54.0	.0	.0	
65.0	48.3	6.9	92.5	653.4	3.0	.0	.0	
71.4	59.8	4.2	110.0	545.6	23.0	.0	.0	
71.7	61.4	5.2	152.5	548.5	24.0	.0	.0	
72.4	62.0	9.1	155.0	601.0	28.0	5.0	.0	
72.8	64.6	9.1	156.3	424.4	48.0	.0	.0	
67.9	64.0	10.7	158.8	422.9	70.0	20.0	.0	
57.9	53.4	8.4	300.0	284.1	92.0	2.0	.0	
56.5	43.3	6.6	211.3	568.9	25.0	.0	.0	
55.5	41.0	7.2	91.3	650.0	2.0	.0	.0	
58.8	42.5	2.2	85.0	664.8	2.0	.0	.0	
   5    31    1965
63.0	47.0	3.9	143.8	681.1	2.0	.0	.0	
66.0	51.5	8.8	183.8	669.2	8.0	.0	.0	
69.7	58.1	8.8	173.8	597.9	28.0	.0	.0	
70.6	57.0	7.4	147.5	623.0	6.0	.0	.0	
71.4	59.0	10.4	163.8	606.5	20.0	.0	.0	
71.6	59.0	9.1	168.8	582.4	31.0	.0	.0	
72.6	59.9	9.4	142.5	620.3	15.0	.0	.0	
74.7	61.4	10.2	150.0	553.6	67.0	.0	.0	
74.8	62.9	9.7	168.8	540.2	75.0	.0	.0	
75.7	63.5	7.5	153.8	538.9	80.0	.0	.0	
75.2	64.4	6.2	220.0	451.7	73.0	.0	.0	
75.3	62.0	5.8	213.8	578.4	35.0	.0	.0	
72.1	54.6	5.9	138.8	571.6	78.0	.0	.0	
74.9	57.2	8.4	125.0	535.0	79.0	14.0	.0	
74.7	66.1	12.5	147.5	569.4	63.0	24.0	.0	
74.4	64.0	8.3	175.0	528.7	72.0	.0	.0	
76.5	65.8	8.4	185.0	521.8	80.0	.0	.0	
77.0	64.8	5.8	186.3	561.6	83.0	.0	.0	
77.7	65.0	6.0	186.3	520.0	88.0	.0	.0	
75.0	64.1	7.8	157.5	463.7	86.0	.0	.0	
73.6	65.0	8.6	105.0	495.5	82.0	.0	.0	
69.8	67.8	6.9	92.5	302.0	85.0	21.0	.0	
73.3	68.7	6.9	127.5	335.8	91.0	14.0	.0	
76.6	66.0	10.1	141.3	552.6	56.0	.0	.0	
77.2	66.5	8.9	163.8	620.9	24.0	.0	.0	
77.7	68.0	10.5	196.3	539.3	60.0	.0	.0	
72.9	68.6	5.9	193.8	409.1	70.0	63.0	.0	
71.3	67.0	5.1	183.8	302.0	92.0	.0	.0	
71.4	59.6	6.1	133.8	667.6	32.0	.0	.0	
70.5	56.3	2.2	98.8	672.3	2.0	.0	.0	
75.0	55.8	3.9	87.5	678.5	31.0	.0	.0	
   6    30    1965
77.9	61.1	10.9	173.8	681.6	9.0	.0	.0	
79.4	67.9	7.5	201.3	548.0	38.0	.0	.0	
80.6	67.8	4.4	183.8	618.4	28.0	.0	.0	
80.1	66.7	5.5	128.8	636.5	21.0	.0	.0	
79.8	65.1	7.2	167.5	593.3	62.0	.0	.0	
73.2	67.8	7.6	178.8	376.6	91.0	71.0	.0	
72.9	68.3	7.5	171.3	402.7	94.0	1.0	.0	
76.7	66.3	3.7	123.8	656.3	27.0	.0	.0	
79.1	65.6	5.1	96.3	623.8	26.0	.0	.0	
75.0	68.4	6.0	85.0	293.4	75.0	7.0	.0	
75.2	69.4	6.5	143.8	455.2	69.0	.0	.0	
76.3	71.4	3.8	107.5	575.0	33.0	25.0	.0	
77.1	69.4	6.1	175.0	588.6	46.0	13.0	.0	
72.9	69.6	5.0	185.0	506.1	70.0	47.0	.0	
75.6	70.1	6.9	246.3	504.1	77.0	8.0	.0	
73.3	67.0	6.5	173.8	609.9	29.0	.0	.0	
75.3	69.1	8.2	146.3	465.9	44.0	.0	.0	
74.1	64.0	6.2	58.8	604.2	33.0	.0	.0	
71.2	56.3	6.7	123.8	718.9	2.0	.0	.0	
73.5	57.2	5.9	133.8	666.3	8.0	.0	.0	
77.4	62.0	7.4	188.8	631.4	25.0	.0	.0	
78.8	62.9	10.4	150.0	648.4	23.0	.0	.0	
77.4	68.3	8.2	153.8	511.0	58.0	.0	.0	
73.5	69.3	6.2	223.8	425.6	80.0	82.0	.0	
77.2	68.4	4.3	191.3	606.4	35.0	.0	.0	
80.4	69.8	6.3	187.5	622.8	30.0	.0	.0	
77.8	70.7	8.2	123.8	438.9	56.0	.0	.0	
78.0	70.5	6.2	166.3	526.4	42.0	.0	.0	
79.9	68.6	5.4	161.3	549.8	23.0	.0	.0	
82.0	69.6	5.5	192.5	601.9	26.0	.0	.0	
   7    31    1965
82.7	70.5	4.6	153.8	633.8	81.0	.0	.0	
81.3	71.7	4.2	127.5	616.7	46.0	.0	.0	
82.5	71.4	8.9	223.8	579.1	45.0	.0	.0	
82.4	70.1	7.4	177.5	620.8	53.0	.0	.0	
80.8	70.8	5.2	205.0	463.5	66.0	.0	.0	
81.1	69.3	8.2	216.3	496.4	65.0	.0	.0	
77.0	70.6	9.8	213.8	513.9	83.0	.0	.0	
79.2	71.3	7.6	201.3	565.7	58.0	15.0	.0	
79.6	70.3	9.1	207.5	618.9	64.0	.0	.0	
77.5	71.9	8.7	173.8	299.2	88.0	10.0	.0	
80.2	71.4	5.2	71.3	595.3	56.0	.0	.0	
81.0	67.6	5.6	170.0	622.6	23.0	.0	.0	
78.3	68.9	5.2	100.0	577.2	36.0	.0	.0	
76.7	70.7	5.8	163.8	420.8	57.0	29.0	.0	
77.6	69.8	7.5	190.0	556.7	72.0	.0	.0	
77.3	70.9	5.5	218.8	413.6	78.0	.0	.0	
81.2	69.0	3.9	182.5	573.3	37.0	.0	.0	
83.7	69.1	6.7	165.0	612.0	53.0	.0	.0	
83.8	69.0	6.5	203.8	569.4	37.0	.0	.0	
83.0	67.7	6.9	96.3	586.6	44.0	.0	.0	
81.3	70.5	5.8	120.0	567.2	29.0	5.0	.0	
81.4	70.0	5.6	121.3	530.2	40.0	.0	.0	
80.6	70.9	5.6	117.5	460.4	66.0	.0	.0	
79.6	71.6	5.6	177.5	419.8	95.0	57.0	.0	
79.2	70.4	4.6	158.8	563.3	58.0	.0	.0	
80.0	72.7	6.9	210.0	543.1	52.0	32.0	.0	
77.7	73.7	3.9	186.3	445.6	70.0	41.0	.0	
78.9	73.3	4.9	172.5	479.2	77.0	.0	.0	
76.2	71.6	5.5	75.0	378.1	84.0	3.0	.0	
76.1	67.3	7.0	133.8	629.7	20.0	.0	.0	
76.2	65.7	5.6	258.8	549.8	34.0	.0	.0	
   8    31    1965
74.1	64.4	5.2	165.0	352.3	55.0	.0	.0	
74.5	62.0	3.2	152.5	606.3	15.0	.0	.0	
76.9	62.2	5.5	121.3	607.2	52.0	.0	.0	
77.2	66.1	8.7	165.0	536.9	53.0	.0	.0	
77.6	66.4	6.5	135.0	540.1	42.0	.0	.0	
77.8	70.6	10.2	153.8	359.1	76.0	7.0	.0	
76.2	69.8	8.8	183.8	452.1	67.0	33.0	.0	
76.7	71.0	9.9	198.8	448.9	82.0	63.0	.0	
78.7	69.9	6.8	225.0	574.9	43.0	.0	.0	
77.4	67.4	4.9	103.8	576.5	69.0	.0	.0	
77.7	66.9	5.1	112.5	602.6	56.0	.0	.0	
75.9	70.5	3.9	127.5	363.4	85.0	70.0	.0	
75.9	73.5	7.2	105.0	372.6	80.0	33.0	.0	
80.0	72.7	2.7	73.8	598.9	27.0	.0	.0	
81.4	72.3	3.0	132.5	586.0	15.0	.0	.0	
82.2	72.4	3.6	162.5	599.8	21.0	.0	.0	
77.6	71.9	3.5	118.8	338.2	70.0	2.0	.0	
78.5	71.8	6.0	190.0	474.2	53.0	.0	.0	
78.8	72.0	7.4	193.8	509.0	70.0	7.0	.0	
78.5	72.0	4.2	75.0	551.4	53.0	3.0	.0	
78.1	72.3	4.2	123.8	388.7	79.0	.0	.0	
77.6	72.1	3.9	202.5	303.0	81.0	21.0	.0	
77.3	72.9	2.6	112.5	299.1	62.0	110.0	.0	
76.4	73.3	4.6	196.3	394.6	64.0	.0	.0	
79.4	71.4	5.9	196.3	542.0	29.0	.0	.0	
81.3	73.4	6.4	216.3	535.6	25.0	.0	.0	
80.1	73.7	5.2	177.5	536.6	30.0	.0	.0	
77.4	73.3	5.2	160.0	454.5	55.0	12.0	.0	
77.6	70.8	5.8	95.0	577.4	13.0	.0	.0	
80.3	70.5	5.6	141.3	503.2	18.0	.0	.0	
80.0	72.1	9.4	162.5	519.5	16.0	.0	.0	
   9    30    1965
77.8	68.7	11.4	143.8	497.7	48.0	.0	.0	
75.8	67.4	8.1	60.0	421.9	63.0	1.0	.0	
77.2	70.4	8.5	108.8	461.0	43.0	.0	.0	
77.9	71.6	8.5	125.0	405.1	51.0	.0	.0	
79.0	71.0	6.3	92.5	437.9	59.0	.0	.0	
77.8	68.4	7.2	70.0	494.4	21.0	.0	.0	
77.5	64.6	6.3	121.3	550.3	3.0	.0	.0	
76.1	64.4	5.9	68.8	564.4	5.0	.0	.0	
77.4	66.9	11.5	65.0	462.7	48.0	.0	.0	
76.8	72.6	23.6	126.3	257.2	98.0	410.0	.0	
78.5	75.0	13.4	196.3	334.7	95.0	396.0	.0	
79.6	75.0	5.5	188.8	425.3	55.0	.0	.0	
80.3	73.7	4.2	86.3	530.8	16.0	.0	.0	
79.6	72.5	3.4	142.5	522.3	8.0	.0	.0	
79.8	72.7	5.8	146.3	486.1	14.0	.0	.0	
79.9	72.0	8.8	165.0	498.1	12.0	.0	.0	
77.4	72.6	5.8	115.0	460.9	39.0	14.0	.0	
77.7	71.2	6.8	91.3	436.2	24.0	.0	.0	
76.9	71.4	8.6	135.0	408.1	36.0	.0	.0	
76.3	71.7	11.2	136.3	315.2	59.0	39.0	.0	
78.5	72.4	11.8	155.0	393.0	70.0	.0	.0	
75.8	70.4	10.8	117.5	386.7	75.0	78.0	.0	
71.1	69.4	2.7	45.0	241.6	91.0	.0	.0	
66.2	60.8	10.8	265.0	303.6	53.0	.0	.0	
57.2	47.6	8.8	63.8	478.0	47.0	.0	.0	
62.5	51.1	7.2	81.3	294.0	95.0	.0	.0	
68.9	62.0	9.1	75.0	314.2	77.0	.0	.0	
69.4	62.8	11.3	75.0	297.9	61.0	.0	.0	
69.5	67.8	9.4	81.3	232.1	98.0	7.0	.0	
72.9	71.4	6.2	257.5	238.7	98.0	16.0	.0	
  10    31    1965
63.8	61.1	9.8	297.5	242.3	98.0	.0	.0	
65.1	58.9	4.6	143.8	348.0	75.0	.0	.0	
64.7	55.8	5.5	181.3	437.0	66.0	.0	.0	
62.9	52.2	5.9	46.3	292.0	91.0	.0	.0	
64.3	56.9	6.3	70.0	262.6	98.0	5.0	.0	
63.8	62.7	8.8	205.0	230.9	98.0	79.0	.0	
64.1	58.0	7.2	245.0	360.9	55.0	.0	.0	
67.9	54.7	4.6	190.0	471.1	3.0	.0	.0	
72.5	61.0	5.8	202.5	437.8	18.0	.0	.0	
70.9	62.0	6.3	136.3	485.7	2.0	.0	.0	
67.2	60.0	4.0	82.5	349.2	70.0	.0	.0	
64.5	59.9	7.2	72.5	307.1	76.0	.0	.0	
67.6	61.5	4.9	88.8	440.0	9.0	.0	.0	
70.0	60.3	8.1	155.0	460.3	5.0	.0	.0	
70.8	65.2	9.1	132.5	373.9	34.0	.0	.0	
71.1	64.0	5.6	72.5	419.3	13.0	.0	.0	
68.3	59.2	4.6	98.8	449.6	2.0	.0	.0	
66.9	56.0	7.5	85.0	415.0	2.0	.0	.0	
62.1	58.6	6.2	78.8	250.8	74.0	.0	.0	
62.3	58.2	3.7	137.5	336.6	30.0	.0	.0	
59.8	48.7	7.3	247.5	438.9	9.0	.0	.0	
51.5	47.7	6.0	288.8	170.8	55.0	.0	.0	
58.9	42.5	7.5	256.3	397.8	2.0	.0	.0	
50.0	35.5	9.5	20.0	430.4	3.0	.0	.0	
45.8	34.4	5.0	107.5	395.2	2.0	.0	.0	
48.9	37.4	2.5	111.3	383.0	2.0	.0	.0	
52.7	38.3	3.7	98.8	402.7	2.0	.0	.0	
52.8	40.5	4.0	63.8	390.9	2.0	.0	.0	
50.8	36.1	5.0	102.5	419.2	2.0	.0	.0	
51.3	42.4	3.0	56.3	388.4	2.0	.0	.0	
54.5	45.0	2.6	3.8	367.6	2.0	.0	.0	
  11    30    1965
57.7	41.0	5.6	73.8	403.6	2.0	.0	.0	
58.7	38.5	7.1	110.0	309.3	74.0	.0	.0	
63.0	53.7	9.2	130.0	151.0	94.0	.0	.0	
66.0	58.0	5.8	85.0	196.9	98.0	.0	.0	
61.6	60.3	6.6	97.5	149.7	98.0	78.0	.0	
63.1	61.0	7.2	83.8	179.3	85.0	13.0	.0	
65.8	58.3	7.5	120.0	328.9	48.0	.0	.0	
65.5	59.7	4.2	161.3	226.6	71.0	5.0	.0	
62.6	59.7	2.9	140.0	142.7	98.0	.0	.0	
57.6	56.0	5.3	13.8	193.5	69.0	1.0	.0	
59.2	52.5	4.6	60.0	330.9	54.0	.0	.0	
61.7	60.0	4.1	110.0	173.7	75.0	7.0	.0	
61.3	57.1	4.9	136.3	243.6	39.0	.0	.0	
61.3	55.4	5.6	142.5	314.8	19.0	.0	.0	
62.7	56.9	11.0	180.0	280.4	54.0	.0	.0	
67.8	63.1	9.0	178.8	160.2	78.0	.0	.0	
52.2	33.3	12.1	231.3	309.4	34.0	.0	.0	
47.9	32.2	4.0	130.0	289.1	63.0	.0	.0	
59.6	52.7	3.6	111.3	145.7	98.0	.0	.0	
63.4	61.7	6.8	140.0	261.2	77.0	.0	.0	
71.6	65.0	12.0	217.5	202.7	87.0	24.0	.0	
58.5	49.5	6.0	181.3	270.1	38.0	26.0	.0	
52.6	42.8	3.7	66.3	254.9	62.0	.0	.0	
62.7	51.1	12.8	166.3	176.2	88.0	.0	.0	
68.5	60.3	8.5	172.5	279.1	57.0	.0	.0	
72.4	64.4	16.4	197.5	279.1	31.0	.0	.0	
51.8	38.7	6.3	93.8	324.0	34.0	25.0	.0	
48.8	39.7	2.0	43.8	135.3	75.0	.0	.0	
43.7	27.3	8.7	146.3	281.3	37.0	.0	.0	
35.8	23.6	6.8	147.5	309.4	2.0	.0	.0	
  12    31    1965
36.1	23.7	4.1	88.8	287.0	51.0	.0	.0	
48.4	36.9	6.6	131.3	266.2	78.0	.0	.0	
52.2	50.0	3.9	117.5	129.9	98.0	2.0	.0	
46.8	35.6	6.2	112.5	311.6	33.0	.0	.0	
48.6	32.4	4.6	156.3	269.2	55.0	.0	.0	
48.8	27.9	10.7	221.3	278.6	5.0	.0	.0	
36.8	23.6	8.8	52.5	308.7	2.0	.0	.0	
37.7	23.5	2.0	78.8	314.8	3.0	.0	.0	
48.4	43.5	4.6	161.3	232.3	71.0	.0	.0	
56.4	44.8	7.5	150.0	224.9	75.0	.0	.0	
61.4	51.9	13.3	153.8	145.4	98.0	.0	.0	
61.0	55.9	7.6	171.3	199.0	60.0	81.0	.0	
50.4	41.7	2.1	93.8	239.4	48.0	.0	.0	
50.4	48.6	6.3	128.8	125.9	98.0	21.0	.0	
55.4	55.2	3.4	135.0	130.5	98.0	53.0	.0	
49.5	49.2	6.2	345.0	146.6	98.0	16.0	.0	
46.5	44.8	5.7	130.0	143.3	98.0	1.0	.0	
44.4	44.0	8.9	65.0	118.1	98.0	155.0	.0	
41.1	34.9	8.9	101.3	196.6	68.0	13.0	.0	
42.0	31.5	6.1	177.5	298.6	2.0	.0	.0	
43.7	32.5	2.3	82.5	276.9	8.0	.0	.0	
48.5	35.0	8.6	125.0	249.9	43.0	.0	.0	
56.0	43.3	14.3	140.0	221.7	70.0	.0	.0	
56.1	51.1	15.7	212.5	126.6	92.0	23.0	.0	
40.0	32.5	11.8	247.5	176.9	39.0	.0	.0	
35.5	26.2	7.0	87.5	303.4	3.0	.0	.0	
37.3	29.1	3.0	67.5	269.4	21.0	.0	.0	
39.2	30.5	2.5	51.3	244.4	46.0	.0	.0	
52.3	45.9	6.0	108.8	273.4	53.0	.0	.0	
61.9	56.2	10.9	158.8	223.3	59.0	.0	.0	
65.5	57.1	12.5	173.8	214.1	71.0	.0	.0	
