   1    31    1967
52.1	50.9	2.9	142.5	156.9	96.0	2.0	.0	
45.6	42.9	5.5	73.8	147.4	98.0	.0	.0	
46.8	40.9	9.8	281.3	225.8	79.0	.0	.0	
37.8	26.9	7.7	238.8	304.3	5.0	.0	.0	
42.1	30.5	3.1	152.5	303.3	2.0	.0	.0	
50.7	43.3	11.1	141.3	238.9	50.0	.0	.0	
51.9	43.3	8.5	221.3	149.8	98.0	55.0	.0	
42.4	28.9	10.0	308.8	213.7	87.0	8.0	.0	
39.0	25.4	8.9	185.0	131.9	84.0	.0	.0	
41.4	24.5	9.3	262.5	165.9	93.0	5.0	.0	
34.7	20.5	4.9	171.3	259.6	25.0	.0	.0	
37.7	24.1	2.0	62.5	239.3	38.0	.0	.0	
44.3	39.4	4.8	143.8	132.2	82.0	94.0	.0	
51.8	49.7	2.4	136.3	170.3	98.0	.0	.0	
45.3	33.6	10.5	332.5	268.9	48.0	.0	.0	
36.0	23.0	2.2	90.0	333.2	2.0	.0	.0	
42.6	30.0	3.6	6.3	269.0	47.0	.0	.0	
37.7	27.1	9.4	60.0	143.6	98.0	4.0	.0	
36.3	31.3	5.6	262.5	170.8	86.0	3.0	.0	
38.0	34.1	2.0	45.0	204.3	69.0	.0	.0	
58.1	49.8	5.7	136.3	270.8	49.0	.0	.0	
63.7	57.1	6.8	126.3	153.4	88.0	.0	.0	
62.6	56.7	4.2	111.3	179.3	69.0	.0	.0	
60.0	50.0	7.1	152.5	230.8	75.0	.0	.0	
56.6	47.3	3.7	95.0	291.4	34.0	.0	.0	
61.4	56.0	9.5	192.5	163.2	93.0	48.0	.0	
39.1	27.5	9.1	226.3	305.6	47.0	.0	.0	
38.1	24.8	2.3	73.8	345.5	10.0	.0	.0	
45.3	29.3	3.5	105.0	309.3	35.0	.0	.0	
51.9	41.3	5.9	138.8	188.3	70.0	.0	.0	
58.0	48.0	7.0	188.8	178.5	85.0	.0	.0	
   2    28    1967
62.0	50.8	7.8	182.5	180.2	93.0	.0	.0	
57.7	50.8	12.4	268.8	167.1	98.0	17.0	.0	
42.1	32.8	8.7	300.0	191.2	98.0	.0	.0	
41.4	30.8	5.4	227.5	281.2	57.0	.0	.0	
50.5	34.7	7.5	138.8	340.1	46.0	.0	.0	
42.4	37.6	11.4	312.5	155.5	98.0	124.0	.0	
27.8	20.1	8.4	328.8	194.4	54.0	.0	.0	
31.8	17.6	6.4	262.5	409.1	25.0	.0	.0	
39.3	19.2	2.6	153.8	370.5	44.0	.0	.0	
45.3	34.0	6.2	162.5	223.5	39.0	.0	.0	
53.2	45.3	10.0	121.3	173.5	83.0	59.0	.0	
43.3	27.0	9.1	11.3	220.7	65.0	.0	.0	
42.5	27.6	2.0	91.3	414.3	2.0	.0	.0	
51.1	34.3	10.9	185.0	371.2	28.0	.0	.0	
62.3	49.4	11.8	188.8	215.4	86.0	.0	.0	
55.5	39.0	6.8	190.0	207.8	98.0	.0	.0	
46.6	41.9	6.0	180.0	186.6	98.0	77.0	.0	
45.0	37.1	5.9	218.8	218.2	88.0	3.0	.0	
50.0	41.4	4.6	75.0	194.6	98.0	35.0	.0	
58.5	52.4	12.0	260.0	198.6	98.0	23.0	.0	
41.3	22.4	7.4	227.5	461.8	8.0	.0	.0	
44.4	28.9	6.8	240.0	262.9	75.0	.0	.0	
41.1	20.8	5.9	218.8	451.1	4.0	.0	.0	
35.9	11.4	9.1	281.3	480.6	2.0	.0	.0	
30.1	7.2	9.2	62.5	479.9	15.0	.0	.0	
39.2	8.0	5.5	101.3	354.3	58.0	.0	.0	
51.2	39.1	11.2	201.3	208.5	98.0	27.0	.0	
49.2	33.6	6.3	253.8	471.9	24.0	.0	.0	
   3    31    1967
46.5	30.4	2.4	71.3	479.2	2.0	.0	.0	
52.3	32.9	5.1	142.5	470.7	2.0	.0	.0	
60.1	49.1	5.8	160.0	406.9	36.0	.0	.0	
66.0	53.8	8.1	132.5	436.0	40.0	.0	.0	
72.1	60.9	15.0	185.0	259.8	83.0	.0	.0	
60.7	51.0	15.5	235.0	197.2	97.0	64.0	.0	
42.0	24.7	6.6	167.5	477.8	43.0	.0	.0	
47.8	28.9	2.0	37.5	435.9	61.0	.0	.0	
58.0	36.3	4.0	82.5	267.2	92.0	.0	.0	
67.8	58.4	7.3	205.0	246.7	79.0	.0	.0	
73.6	60.9	9.8	213.8	413.3	43.0	.0	.0	
72.1	57.2	9.8	206.3	478.9	10.0	.0	.0	
70.9	58.5	8.5	195.0	427.2	35.0	.0	.0	
71.8	59.1	10.3	205.0	410.0	68.0	.0	.0	
65.7	52.6	12.7	206.3	240.5	74.0	.0	.0	
49.7	26.7	7.6	75.0	525.3	13.0	.0	.0	
50.3	27.5	7.5	136.3	433.0	46.0	.0	.0	
44.2	15.4	7.9	65.0	427.5	39.0	.0	.0	
50.1	23.4	4.5	53.8	547.0	11.0	.0	.0	
57.6	45.9	8.1	141.3	250.5	90.0	30.0	.0	
61.7	48.0	8.4	308.8	413.7	54.0	.0	.0	
55.6	34.1	6.2	148.8	551.4	14.0	.0	.0	
58.3	35.9	2.0	51.3	575.0	2.0	.0	.0	
60.9	40.6	3.0	86.3	433.5	61.0	.0	.0	
64.9	44.7	7.0	121.3	425.7	77.0	.0	.0	
65.7	56.0	9.5	161.3	240.3	98.0	145.0	.0	
63.8	56.5	2.0	31.3	348.2	89.0	6.0	.0	
66.3	55.3	2.5	61.3	430.6	52.0	.0	.0	
67.5	51.7	2.3	18.8	506.2	32.0	.0	.0	
68.3	52.3	5.2	101.3	417.3	51.0	.0	.0	
67.8	51.7	6.2	90.0	531.1	34.0	.0	.0	
   4    30    1967
65.9	49.6	4.8	47.5	574.1	2.0	.0	.0	
66.3	52.5	2.9	95.0	561.2	3.0	.0	.0	
68.5	53.5	4.0	171.3	508.9	16.0	.0	.0	
69.7	53.8	3.6	132.5	529.3	28.0	.0	.0	
71.2	52.2	5.8	117.5	537.5	36.0	.0	.0	
70.0	54.4	8.5	196.3	567.1	29.0	.0	.0	
71.3	58.6	4.4	238.8	482.0	45.0	.0	.0	
71.1	50.9	2.0	32.5	570.3	30.0	.0	.0	
72.3	59.1	6.2	141.3	464.5	39.0	.0	.0	
73.4	59.5	8.6	191.3	442.8	72.0	.0	.0	
71.1	61.0	3.4	135.0	286.4	81.0	.0	.0	
73.1	57.6	7.9	216.3	492.8	36.0	.0	.0	
74.7	60.4	14.6	151.3	428.9	62.0	.0	.0	
66.7	59.9	7.5	173.8	251.2	96.0	59.0	.0	
73.0	59.9	2.0	98.8	528.1	55.0	.0	.0	
75.6	66.7	7.8	192.5	472.4	48.0	.0	.0	
76.0	66.1	5.2	142.5	448.6	64.0	.0	.0	
69.5	52.5	6.5	238.8	475.1	74.0	.0	.0	
64.1	48.2	5.5	182.5	613.1	23.0	.0	.0	
69.2	49.6	5.0	186.3	554.2	48.0	.0	.0	
73.4	62.8	10.1	180.0	280.7	90.0	140.0	.0	
75.7	66.2	6.2	171.3	480.5	67.0	20.0	.0	
77.3	64.7	8.7	203.8	440.3	75.0	.0	.0	
68.5	51.6	9.5	256.3	580.2	34.0	.0	.0	
63.0	51.0	6.5	73.8	300.4	83.0	.0	.0	
73.9	62.8	10.7	245.0	327.2	95.0	3.0	.0	
59.8	42.2	9.8	256.3	571.2	53.0	.0	.0	
57.9	39.6	4.3	47.5	444.4	46.0	.0	.0	
64.8	46.2	8.8	162.5	528.3	65.0	.0	.0	
73.4	60.8	11.3	172.5	301.4	98.0	.0	.0	
   5    31    1967
73.7	61.9	11.4	166.3	314.9	98.0	92.0	.0	
65.1	48.5	8.5	245.0	631.9	37.0	110.0	.0	
61.4	45.1	6.2	155.0	618.9	53.0	.0	.0	
59.7	53.2	9.8	76.3	269.1	98.0	216.0	.0	
64.2	57.1	6.4	97.5	315.9	98.0	.0	.0	
74.4	64.5	10.5	166.3	335.0	98.0	.0	.0	
67.4	53.5	6.5	213.8	536.2	47.0	23.0	.0	
68.2	53.6	6.2	178.8	612.5	15.0	.0	.0	
66.7	47.5	3.0	131.3	619.8	21.0	.0	.0	
69.7	51.4	10.1	135.0	439.5	76.0	.0	.0	
80.9	67.0	11.1	197.5	606.5	37.0	.0	.0	
80.6	67.4	7.5	177.5	636.6	49.0	.0	.0	
79.9	67.4	7.2	190.0	515.5	50.0	.0	.0	
80.2	65.0	11.2	192.5	625.0	48.0	.0	.0	
65.3	53.4	8.4	231.3	420.1	62.0	35.0	.0	
62.1	44.6	4.2	68.8	643.5	9.0	.0	.0	
66.1	49.7	4.1	122.5	658.8	2.0	.0	.0	
71.8	55.9	4.8	162.5	659.9	14.0	.0	.0	
73.4	54.8	5.3	161.3	684.7	37.0	.0	.0	
72.7	58.7	2.0	43.8	297.5	94.0	.0	.0	
69.4	61.8	5.9	82.5	317.4	98.0	125.0	.0	
61.6	57.2	11.5	355.0	287.1	98.0	40.0	.0	
65.4	50.0	7.6	281.3	593.2	40.0	.0	.0	
66.7	51.5	2.0	120.0	711.8	2.0	.0	.0	
71.7	56.8	2.0	68.8	716.0	2.0	.0	.0	
75.3	58.3	2.4	101.3	697.2	2.0	.0	.0	
76.7	61.0	2.0	55.0	676.4	26.0	.0	.0	
77.4	63.6	2.5	77.5	576.9	44.0	.0	.0	
76.2	60.0	5.3	142.5	589.1	45.0	.0	.0	
76.0	63.0	8.6	203.8	437.9	88.0	.0	.0	
75.8	65.0	8.9	166.3	324.5	98.0	55.0	.0	
   6    30    1967
70.3	65.3	3.0	118.8	283.4	89.0	88.0	.0	
71.1	63.9	5.6	145.0	324.7	96.0	.0	.0	
68.7	61.1	4.2	32.5	334.5	78.0	.0	.0	
70.5	59.7	6.1	218.8	517.0	58.0	.0	.0	
73.4	62.2	4.0	73.8	531.7	44.0	.0	.0	
75.9	61.1	6.5	55.0	573.1	44.0	.0	.0	
75.7	61.0	4.2	56.3	594.6	31.0	.0	.0	
76.9	62.4	4.8	118.8	498.1	49.0	.0	.0	
77.8	61.4	5.0	107.5	625.3	29.0	.0	.0	
77.5	63.9	3.0	72.5	591.3	21.0	.0	.0	
77.8	65.4	4.3	67.5	561.1	28.0	.0	.0	
79.4	64.0	4.3	101.3	660.2	15.0	.0	.0	
80.1	62.6	4.0	175.0	653.7	11.0	.0	.0	
80.5	65.3	3.8	85.0	620.4	25.0	.0	.0	
79.4	62.6	4.9	76.3	676.6	6.0	.0	.0	
79.0	63.8	4.5	37.5	625.0	18.0	.0	.0	
79.7	63.7	3.2	47.5	628.1	14.0	.0	.0	
81.2	64.6	2.9	95.0	662.0	5.0	.0	.0	
81.3	65.8	2.5	116.3	563.9	52.0	.0	.0	
83.2	65.7	4.3	68.8	569.6	65.0	.0	.0	
81.6	68.1	6.6	216.3	602.4	28.0	.0	.0	
80.9	67.9	8.6	246.3	474.6	53.0	.0	.0	
81.2	69.5	5.5	163.8	500.6	73.0	.0	.0	
82.9	68.7	6.8	203.8	544.5	50.0	.0	.0	
82.2	67.6	5.8	168.8	619.6	46.0	.0	.0	
79.1	70.1	3.6	102.5	486.0	73.0	112.0	.0	
79.2	71.1	4.4	212.5	528.9	68.0	.0	.0	
82.0	69.6	5.6	175.0	549.0	52.0	.0	.0	
82.9	70.1	6.2	183.8	583.4	48.0	.0	.0	
82.7	70.3	6.2	211.3	627.2	62.0	.0	.0	
   7    31    1967
80.6	69.6	6.3	242.5	575.0	68.0	4.0	.0	
76.6	69.5	5.2	208.8	419.0	71.0	5.0	.0	
78.0	64.9	3.9	127.5	587.7	51.0	.0	.0	
76.3	60.3	4.1	190.0	595.2	66.0	.0	.0	
76.0	67.5	4.7	190.0	468.3	95.0	41.0	.0	
74.5	68.0	3.8	122.5	346.1	90.0	16.0	.0	
77.7	68.3	4.0	118.8	481.1	83.0	53.0	.0	
78.3	69.1	3.9	201.3	543.8	39.0	.0	.0	
73.4	69.3	5.2	180.0	301.1	88.0	45.0	.0	
76.2	69.7	5.5	187.5	439.1	82.0	33.0	.0	
79.2	71.2	6.5	178.8	500.1	80.0	.0	.0	
80.8	69.3	7.2	192.5	579.8	61.0	.0	.0	
77.3	68.6	8.9	251.3	311.8	83.0	122.0	.0	
71.3	57.4	8.5	343.8	581.8	20.0	.0	.0	
69.4	54.4	5.5	207.5	641.9	17.0	.0	.0	
72.2	57.9	4.4	211.3	505.2	66.0	.0	.0	
75.3	61.7	3.6	185.0	456.0	65.0	.0	.0	
75.4	62.8	5.8	173.8	546.7	52.0	.0	.0	
71.5	64.6	5.2	137.5	278.3	98.0	60.0	.0	
72.5	67.1	5.1	151.3	269.6	98.0	58.0	.0	
74.6	68.0	5.3	150.0	391.2	86.0	.0	.0	
75.9	68.0	5.5	190.0	428.2	66.0	47.0	.0	
79.4	69.2	5.8	227.5	607.4	49.0	.0	.0	
80.5	69.5	5.6	233.8	595.4	55.0	.0	.0	
80.0	70.4	6.1	218.8	429.9	67.0	.0	.0	
79.6	68.7	6.2	198.8	410.6	77.0	.0	.0	
79.9	65.5	6.7	206.3	631.0	31.0	.0	.0	
79.5	69.0	6.9	218.8	505.6	77.0	.0	.0	
78.4	69.5	8.3	211.3	352.3	81.0	.0	.0	
80.1	68.2	4.9	273.8	534.1	37.0	.0	.0	
80.5	68.9	5.6	190.0	541.0	40.0	.0	.0	
   8    31    1967
80.8	69.1	4.9	200.0	522.2	64.0	5.0	.0	
75.8	68.7	7.4	196.3	326.8	91.0	.0	.0	
76.3	69.0	4.8	172.5	413.6	93.0	.0	.0	
77.3	69.0	4.9	150.0	341.3	93.0	44.0	.0	
80.8	70.3	6.0	205.0	449.0	78.0	.0	.0	
78.7	65.0	5.3	250.0	529.8	48.0	.0	.0	
80.6	68.7	5.2	236.3	579.7	19.0	.0	.0	
81.5	73.6	4.6	186.3	325.5	88.0	.0	.0	
76.8	71.6	6.6	186.3	298.4	95.0	325.0	.0	
77.0	70.9	7.7	302.5	323.4	95.0	30.0	.0	
72.3	55.9	12.7	220.0	579.8	53.0	.0	.0	
69.1	58.8	10.1	266.3	506.2	48.0	.0	.0	
73.4	61.4	6.5	177.5	573.0	20.0	.0	.0	
75.0	61.5	4.6	180.0	568.8	18.0	.0	.0	
75.0	61.8	6.3	225.0	495.7	65.0	.0	.0	
73.2	63.7	6.1	131.3	280.0	98.0	8.0	.0	
77.2	66.9	4.9	281.3	515.3	54.0	1.0	.0	
76.4	66.3	5.2	178.8	495.8	51.0	7.0	.0	
74.1	67.6	5.5	178.8	283.6	85.0	3.0	.0	
76.1	69.7	2.8	36.3	304.3	96.0	5.0	.0	
76.7	68.4	5.6	157.5	426.5	72.0	.0	.0	
78.1	67.3	6.0	165.0	432.6	70.0	.0	.0	
77.6	68.6	4.6	220.0	301.0	98.0	.0	.0	
75.0	69.5	5.1	150.0	272.1	98.0	156.0	.0	
75.1	70.1	6.2	76.3	288.9	98.0	75.0	.0	
74.1	71.7	4.5	192.5	310.3	98.0	10.0	.0	
74.1	69.1	3.9	145.0	266.2	98.0	.0	.0	
73.4	66.7	6.5	141.3	300.2	87.0	.0	.0	
72.5	62.2	6.2	215.0	620.0	2.0	.0	.0	
72.2	62.3	3.3	170.0	581.9	8.0	.0	.0	
71.6	64.4	7.3	246.3	371.9	66.0	.0	.0	
   9    30    1967
66.0	59.7	8.6	311.3	294.9	87.0	.0	.0	
65.9	61.0	9.4	131.3	273.2	96.0	.0	.0	
64.2	60.0	7.8	71.3	282.2	98.0	.0	.0	
67.4	63.4	8.7	65.0	304.6	85.0	.0	.0	
68.3	61.9	7.6	57.5	256.7	98.0	1.0	.0	
66.4	64.0	9.1	72.5	258.0	98.0	23.0	.0	
68.9	67.5	7.8	111.3	260.8	98.0	83.0	.0	
72.6	68.9	6.4	171.3	407.3	86.0	.0	.0	
71.4	67.6	2.9	195.0	327.4	90.0	.0	.0	
72.5	67.0	5.4	216.3	426.5	58.0	.0	.0	
72.2	68.0	4.9	165.0	395.3	80.0	.0	.0	
69.6	66.2	6.9	78.8	275.6	93.0	.0	.0	
72.8	64.0	8.1	106.3	285.5	75.0	.0	.0	
73.1	61.7	5.9	80.0	533.4	9.0	.0	.0	
70.1	59.4	4.8	87.5	510.5	23.0	.0	.0	
68.2	56.5	4.4	87.5	483.8	15.0	.0	.0	
68.9	58.3	3.1	126.3	505.6	11.0	.0	.0	
70.5	60.0	2.4	81.3	517.4	21.0	.0	.0	
72.1	64.7	3.2	25.0	231.1	98.0	.0	.0	
73.9	66.1	2.2	42.5	307.2	96.0	.0	.0	
73.4	67.6	3.9	98.8	273.3	98.0	.0	.0	
70.7	58.8	5.5	255.0	515.9	15.0	.0	.0	
63.0	51.4	3.5	127.5	537.8	2.0	.0	.0	
64.1	53.4	3.2	43.8	528.2	3.0	.0	.0	
66.2	56.1	2.3	121.3	438.6	16.0	.0	.0	
67.8	57.2	4.0	100.0	454.0	9.0	.0	.0	
64.8	62.3	7.4	216.3	230.8	86.0	115.0	.0	
51.0	44.9	10.4	338.8	340.9	63.0	1.0	.0	
47.8	38.4	4.3	186.3	528.5	2.0	.0	.0	
52.1	41.7	2.0	43.8	517.5	2.0	.0	.0	
  10    31    1967
57.9	48.1	2.0	23.8	500.0	2.0	.0	.0	
61.8	49.9	2.6	63.8	451.8	26.0	.0	.0	
61.9	53.3	2.0	20.0	347.4	46.0	.0	.0	
65.5	54.9	2.0	28.8	504.0	2.0	.0	.0	
66.6	55.2	2.4	96.3	466.2	2.0	.0	.0	
66.7	55.8	2.0	61.3	440.6	3.0	.0	.0	
68.0	57.3	4.6	117.5	465.3	10.0	.0	.0	
69.0	61.9	8.5	255.0	262.5	90.0	.0	.0	
54.5	44.3	6.9	233.8	437.7	16.0	.0	.0	
57.4	45.5	6.9	291.3	468.4	2.0	.0	.0	
51.9	39.3	6.3	220.0	417.5	48.0	.0	.0	
55.8	44.0	3.4	140.0	388.8	41.0	.0	.0	
61.0	49.6	2.7	95.0	427.5	2.0	.0	.0	
63.7	53.1	3.1	125.0	460.5	2.0	.0	.0	
64.1	52.9	4.8	80.0	381.8	58.0	.0	.0	
66.0	59.8	10.5	193.8	195.8	95.0	55.0	.0	
51.3	47.8	7.9	241.3	175.5	90.0	1.0	.0	
53.9	40.7	9.1	240.0	428.8	27.0	.0	.0	
48.2	36.1	3.6	86.3	460.2	2.0	.0	.0	
51.7	39.3	2.0	43.8	445.6	2.0	.0	.0	
57.5	45.4	2.0	77.5	439.5	2.0	.0	.0	
59.6	47.7	2.9	93.8	321.5	50.0	.0	.0	
62.4	49.0	4.6	140.0	384.1	38.0	.0	.0	
63.9	60.2	6.8	147.5	181.0	86.0	57.0	.0	
53.3	39.5	7.5	266.3	427.7	13.0	.0	.0	
51.1	37.6	4.9	116.3	352.5	41.0	.0	.0	
56.7	44.0	7.5	213.8	356.5	46.0	.0	.0	
50.1	36.3	3.5	57.5	389.7	14.0	.0	.0	
59.7	39.2	9.5	145.0	388.3	44.0	.0	.0	
61.6	56.0	14.0	118.8	140.8	98.0	121.0	.0	
57.4	52.1	5.6	178.8	167.6	98.0	6.0	.0	
  11    30    1967
49.7	47.1	7.2	170.0	190.2	84.0	53.0	.0	
47.5	40.9	4.1	198.8	351.1	11.0	.0	.0	
46.2	41.3	9.2	236.3	313.9	44.0	3.0	.0	
39.7	30.0	7.5	295.0	373.2	6.0	.0	.0	
38.7	27.0	8.1	178.8	371.4	19.0	.0	.0	
39.3	25.7	4.8	142.5	354.1	31.0	.0	.0	
42.3	28.9	3.8	137.5	357.3	11.0	.0	.0	
40.9	27.5	4.0	173.8	388.5	2.0	.0	.0	
44.1	29.7	2.0	45.0	383.8	2.0	.0	.0	
52.4	41.7	5.8	141.3	311.1	49.0	.0	.0	
59.1	49.1	6.2	152.5	260.3	60.0	.0	.0	
57.9	52.0	2.0	78.8	217.3	52.0	.0	.0	
54.7	44.1	3.2	140.0	337.6	34.0	.0	.0	
57.1	44.5	6.9	292.5	319.9	27.0	.0	.0	
45.1	33.8	5.4	203.8	305.5	20.0	.0	.0	
43.2	31.0	2.7	103.8	337.6	31.0	.0	.0	
51.1	43.7	4.7	192.5	217.7	58.0	.0	.0	
52.5	35.7	6.9	188.8	329.3	17.0	.0	.0	
42.8	29.6	2.9	82.5	315.1	28.0	.0	.0	
46.1	34.1	5.3	218.8	139.5	94.0	.0	.0	
62.6	53.0	9.4	201.3	184.4	87.0	.0	.0	
67.2	57.3	10.8	231.3	160.0	95.0	.0	.0	
55.1	46.1	6.9	173.8	163.1	79.0	.0	.0	
64.8	56.4	10.5	212.5	154.3	71.0	5.0	.0	
53.0	43.0	5.3	163.8	311.7	2.0	.0	.0	
63.8	59.5	6.9	171.3	137.3	79.0	.0	.0	
50.4	38.0	10.0	228.8	119.6	98.0	.0	.0	
40.0	24.9	11.0	28.8	154.3	98.0	.0	.0	
52.5	41.1	9.6	130.0	170.6	90.0	.0	.0	
57.2	48.2	10.4	211.3	269.2	50.0	5.0	.0	
  12    31    1967
54.8	44.4	6.2	217.5	268.0	50.0	.0	.0	
58.1	50.9	12.4	212.5	126.5	87.0	99.0	.0	
41.0	31.2	9.2	247.5	192.1	51.0	.0	.0	
39.9	30.7	2.4	52.5	314.3	10.0	.0	.0	
46.1	40.6	2.2	43.8	232.1	72.0	.0	.0	
57.1	50.9	4.5	150.0	160.9	88.0	.0	.0	
60.0	56.3	3.3	91.3	162.4	98.0	.0	.0	
55.2	53.9	2.8	96.3	177.0	75.0	.0	.0	
62.6	59.3	5.5	107.5	140.6	98.0	112.0	.0	
61.5	59.9	6.5	237.5	154.3	98.0	211.0	.0	
50.3	42.6	11.5	183.8	168.3	83.0	60.0	.0	
48.8	39.3	5.9	148.8	306.2	19.0	.0	.0	
59.5	53.5	4.2	80.0	199.0	45.0	.0	.0	
62.3	57.6	4.8	77.5	145.7	97.0	235.0	.0	
51.2	48.6	9.9	168.8	130.0	98.0	111.0	.0	
46.7	36.0	6.8	33.8	262.0	62.0	.0	.0	
62.9	58.3	11.4	141.3	136.6	98.0	.0	.0	
68.2	65.1	11.5	180.0	139.5	98.0	47.0	.0	
69.2	66.4	5.8	145.0	153.3	98.0	11.0	.0	
69.7	64.2	10.3	162.5	141.8	78.0	.0	.0	
66.6	60.0	13.7	205.0	126.6	97.0	108.0	.0	
41.6	30.5	12.4	315.0	203.2	54.0	15.0	.0	
31.9	18.5	6.2	216.3	308.2	2.0	.0	.0	
37.2	24.5	2.0	18.8	288.5	18.0	.0	.0	
43.0	31.9	5.2	207.5	196.3	57.0	.0	.0	
37.8	26.9	5.4	297.5	310.5	15.0	.0	.0	
33.6	28.4	8.5	187.5	136.4	73.0	55.0	.0	
34.0	27.6	10.4	318.8	167.7	80.0	17.0	.0	
28.6	23.8	4.4	217.5	192.8	34.0	.0	.0	
36.1	27.5	3.2	71.3	185.9	62.0	10.0	.0	
42.6	38.7	7.9	152.5	135.5	98.0	29.0	.0	
