1 31 1991
30.8	24.2	5.9	143.4	188.4	16.2	.0	.0	
38.3	33.3	6.7	221.4	150.4	71.2	.0	.0	
28.2	21.1	7.8	201.0	67.6	75.0	.0	.0	
25.2	15.6	8.2	46.2	144.1	42.9	.0	.0	
41.6	36.3	8.1	181.4	67.9	100.0	39.4	.0	
40.5	39.8	8.0	105.8	68.3	100.0	74.8	.0	
33.8	31.1	12.6	42.2	68.7	100.0	39.4	.0	
36.2	34.5	8.1	129.4	69.1	100.0	.0	.0	
37.8	35.4	9.1	208.6	69.6	100.0	.0	.0	
35.7	33.5	13.5	67.0	70.1	100.0	23.6	.0	
48.0	46.5	12.0	177.8	70.7	100.0	11.8	.0	
33.2	30.8	12.8	270.6	71.2	100.0	.0	.0	
31.3	26.2	8.9	229.4	77.3	84.2	.0	.0	
39.1	30.5	11.5	198.6	98.2	75.4	.0	.0	
42.9	31.1	10.2	138.6	110.4	83.3	3.9	.0	
42.1	39.1	14.1	217.0	73.8	97.9	.0	.0	
35.4	30.9	13.0	249.4	74.5	100.0	.0	.0	
34.6	30.1	9.1	229.0	94.1	87.5	.0	.0	
40.5	32.9	6.9	163.4	117.1	82.1	3.9	.0	
39.5	37.3	11.0	244.2	76.7	100.0	7.9	.0	
19.5	12.7	13.7	268.2	98.1	96.7	.0	.0	
15.4	6.3	7.4	235.4	181.6	43.8	.0	.0	
31.4	20.4	11.1	214.6	152.0	49.6	.0	.0	
28.4	17.8	6.2	237.0	111.6	58.8	.0	.0	
21.5	10.3	6.7	87.8	204.3	27.9	.0	.0	
28.3	18.8	9.4	197.8	94.9	72.9	.0	.0	
32.1	28.5	9.3	180.2	88.9	66.7	43.3	.0	
34.3	29.8	5.0	181.4	235.6	21.2	.0	.0	
40.0	37.6	6.0	127.8	104.9	94.6	.0	.0	
38.3	36.7	9.7	269.0	85.7	100.0	23.6	.0	
27.5	15.3	10.4	240.2	246.3	25.0	.0	.0	
2 28 1991
35.7	15.2	8.6	186.6	250.5	7.5	.0	.0	
43.7	20.0	10.1	199.8	248.3	18.3	.0	.0	
46.9	21.8	7.4	182.6	253.2	22.1	.0	.0	
49.8	38.9	9.0	175.4	123.0	64.6	.0	.0	
53.1	51.5	7.0	166.6	92.1	99.2	74.8	.0	
53.6	52.4	11.1	149.0	93.2	100.0	82.7	.0	
39.1	36.0	10.9	309.8	94.4	100.0	7.9	.0	
33.8	30.8	6.5	242.2	95.7	93.8	.0	.0	
35.5	32.8	8.6	218.2	119.2	63.3	.0	.0	
39.4	30.3	7.7	269.8	192.9	42.9	.0	.0	
31.1	18.5	9.4	283.0	185.7	60.4	.0	.0	
35.9	21.9	7.4	111.0	283.9	24.2	.0	.0	
47.0	42.8	11.5	192.2	102.1	95.4	86.6	.0	
33.8	29.5	17.1	262.6	103.5	100.0	31.5	20.0	
12.7	3.8	18.0	279.8	110.0	83.8	.0	.0	
17.5	6.9	11.1	209.4	294.1	37.9	.0	.0	
33.7	27.6	10.9	171.0	107.6	100.0	15.7	.0	
48.8	46.1	14.1	169.8	114.9	99.6	70.9	.0	
52.7	50.7	10.1	210.6	117.4	99.2	15.7	.0	
37.8	32.2	8.4	244.6	152.8	80.0	.0	.0	
43.5	31.3	8.2	205.4	186.2	65.8	.0	.0	
44.6	26.7	9.5	240.2	284.0	60.0	.0	.0	
35.0	20.3	9.3	58.6	332.4	15.8	.0	.0	
44.7	28.5	9.6	235.8	127.2	89.6	.0	.0	
32.7	27.3	7.6	228.2	120.0	96.7	.0	.0	
27.7	16.8	8.2	278.2	265.2	45.8	.0	.0	
34.3	23.1	10.4	217.0	264.4	48.3	.0	.0	
46.2	27.2	11.7	181.0	256.4	28.3	.0	.0	
3 31 1991
54.5	39.5	15.2	162.2	125.4	97.1	19.7	.0	
58.6	50.0	13.8	221.0	262.4	73.8	.0	.0	
35.5	33.2	12.6	331.0	128.5	100.0	11.8	.0	
35.7	26.3	10.6	269.8	256.1	57.5	.0	.0	
44.6	30.7	11.2	174.2	332.5	40.0	.0	.0	
51.4	41.9	14.5	217.8	133.3	98.3	23.6	.0	
35.7	23.4	8.5	282.6	221.2	65.0	.0	.0	
34.8	18.6	6.0	196.2	354.7	10.4	.0	.0	
37.3	20.1	11.2	221.0	225.6	56.2	.0	.0	
36.0	23.7	8.4	228.2	212.4	94.6	.0	.0	
42.1	25.8	9.0	110.2	243.1	89.6	.0	.0	
41.4	34.8	13.4	98.2	142.8	100.0	55.1	.0	
48.7	45.7	11.1	211.8	155.3	99.2	7.9	.0	
35.8	34.4	6.6	190.2	146.1	100.0	.0	.0	
38.3	28.5	7.3	65.4	407.7	15.0	.0	.0	
45.8	30.1	7.7	89.8	391.6	51.7	.0	.0	
51.4	39.3	11.1	158.2	215.7	90.0	59.1	.0	
46.5	42.5	11.0	252.2	152.7	99.2	7.9	.0	
46.0	38.0	7.9	224.2	209.4	52.1	.0	.0	
50.5	41.2	8.2	161.8	156.1	82.1	3.9	.0	
62.7	50.4	12.9	190.2	306.9	81.2	39.4	.0	
63.5	59.0	11.8	161.8	186.2	97.9	228.3	.0	
63.1	44.0	16.2	221.8	445.4	25.8	.0	.0	
54.2	37.7	13.5	241.4	425.4	17.5	.0	.0	
54.9	39.1	7.5	170.2	455.2	20.4	.0	.0	
60.6	46.2	10.4	162.6	247.9	86.7	15.7	.0	
67.2	53.2	16.0	198.6	167.2	97.1	98.4	.0	
51.7	35.0	9.2	221.4	342.6	72.5	.0	.0	
42.3	33.7	12.1	74.2	170.4	100.0	11.8	.0	
33.5	22.8	7.7	160.6	367.6	45.8	.0	.0	
40.6	27.1	9.6	191.0	392.5	40.8	.0	.0	
4 30 1991
48.4	27.7	8.9	239.8	280.1	56.7	.0	.0	
44.2	25.0	8.3	54.6	284.5	60.8	.0	.0	
56.2	33.1	8.3	99.4	209.6	77.5	.0	.0	
57.1	46.0	8.2	172.6	181.1	90.8	23.6	.0	
60.1	53.8	7.6	199.8	281.0	61.2	11.8	.0	
64.8	52.4	8.3	192.2	515.4	4.6	.0	.0	
67.7	56.8	8.0	179.0	267.8	63.3	.0	.0	
66.3	60.1	10.5	185.0	220.1	82.9	7.9	.0	
64.2	58.2	11.7	211.8	258.6	72.1	15.7	.0	
49.1	38.5	9.5	209.8	452.8	22.5	.0	.0	
49.2	32.8	10.4	59.4	466.2	42.1	.0	.0	
54.3	40.4	11.2	81.0	191.5	100.0	70.9	.0	
61.7	57.5	11.5	170.2	192.9	98.3	15.7	.0	
66.6	59.3	11.2	174.2	197.2	92.9	.0	.0	
62.6	51.3	10.7	227.4	475.6	44.6	70.9	.0	
61.7	43.7	6.9	183.8	552.1	14.6	.0	.0	
66.4	46.7	8.4	189.0	488.9	23.8	.0	.0	
60.7	46.8	10.3	59.0	240.5	76.2	.0	.0	
57.4	52.6	10.1	216.2	208.5	99.6	15.7	.0	
47.2	41.7	7.2	302.6	202.3	100.0	.0	.0	
43.1	37.3	7.5	298.2	203.6	100.0	.0	.0	
50.0	34.6	8.4	250.2	544.3	55.4	.0	.0	
54.4	42.5	8.2	203.0	333.3	75.4	39.4	.0	
50.9	38.9	8.0	244.6	592.3	18.8	.0	.0	
55.6	42.8	7.0	87.4	227.8	72.5	.0	.0	
66.3	52.7	8.3	159.4	475.5	45.0	.0	.0	
66.5	60.9	7.8	163.4	211.0	85.8	.0	.0	
65.2	62.5	7.3	143.0	212.1	96.7	3.9	.0	
67.5	59.1	11.1	173.4	213.3	97.1	7.9	.0	
65.0	49.3	8.0	202.6	596.1	30.8	.0	.0	
5 31 1991
61.1	49.0	10.0	231.4	438.5	27.1	.0	.0	
59.5	40.4	6.9	231.4	618.9	2.5	.0	.0	
63.3	47.7	7.3	109.4	368.7	66.2	3.9	.0	
67.9	61.2	5.2	159.8	218.7	93.8	19.7	.0	
66.9	62.5	9.2	178.2	219.8	97.5	19.7	.0	
52.4	43.5	9.9	241.0	230.3	75.4	.0	.0	
58.2	45.0	6.7	195.8	554.4	29.6	.0	.0	
66.5	49.3	7.5	106.2	295.3	84.6	.0	.0	
61.1	58.4	7.6	97.0	223.7	100.0	90.6	.0	
69.5	63.3	5.7	106.2	246.6	92.9	.0	.0	
71.5	65.9	6.0	162.6	313.7	75.4	.0	.0	
70.9	65.1	6.2	174.6	442.2	65.4	11.8	.0	
68.3	65.2	5.5	207.8	270.6	73.3	7.9	.0	
70.2	65.2	5.7	211.0	265.1	83.8	.0	.0	
73.6	62.0	4.2	134.2	462.8	40.0	.0	.0	
75.4	66.0	8.4	177.0	527.7	51.2	51.2	.0	
75.7	68.4	6.8	209.4	425.7	69.6	.0	.0	
69.9	66.2	7.2	103.0	248.9	97.5	86.6	.0	
69.3	66.0	6.0	69.0	231.8	100.0	.0	.0	
67.2	63.3	6.7	95.0	250.1	95.8	3.9	.0	
71.3	64.5	5.5	157.8	294.7	92.9	.0	.0	
73.6	67.9	5.0	135.4	289.3	92.5	.0	.0	
71.9	67.8	5.4	117.8	234.5	92.5	.0	.0	
76.0	66.8	6.5	183.0	564.0	62.1	.0	.0	
77.7	66.8	8.1	172.2	457.9	74.6	.0	.0	
75.4	68.8	7.2	224.2	250.6	96.7	.0	.0	
72.9	70.1	5.8	142.6	244.0	93.8	74.8	.0	
76.2	68.9	4.4	93.4	332.6	74.2	.0	.0	
75.9	71.0	6.5	146.2	364.2	52.5	31.5	.0	
78.7	70.9	7.8	208.2	502.4	30.8	.0	.0	
78.5	70.9	6.4	216.6	503.3	57.1	.0	.0	
6 30 1991
77.6	70.2	6.7	212.6	383.6	75.4	47.2	.0	
74.0	68.4	7.0	206.6	515.8	77.9	70.9	.0	
75.7	69.6	5.5	170.2	421.9	78.8	27.6	.0	
70.0	60.0	7.3	70.2	568.7	46.7	.0	.0	
64.1	50.2	7.7	46.2	652.6	17.1	.0	.0	
65.5	50.0	7.9	49.8	655.2	8.3	.0	.0	
68.2	50.5	5.9	49.4	623.5	27.9	.0	.0	
70.2	53.7	2.9	126.6	666.7	6.7	.0	.0	
72.7	56.0	4.1	153.4	653.5	22.5	.0	.0	
73.8	59.1	5.5	181.8	594.4	50.8	.0	.0	
72.2	63.8	8.5	208.2	264.8	98.8	.0	.0	
75.5	67.2	5.0	192.2	541.1	63.3	.0	.0	
77.9	65.6	4.8	133.0	637.7	50.8	.0	.0	
77.2	69.0	6.5	172.2	538.0	49.6	.0	.0	
78.6	71.1	8.1	205.4	386.1	54.6	.0	.0	
75.1	70.5	6.8	250.6	311.8	89.2	15.7	.0	
70.2	69.5	5.1	186.2	246.0	95.4	70.9	.0	
72.8	69.8	4.1	93.4	350.6	66.2	35.4	.0	
75.7	70.3	5.5	120.2	305.8	84.6	.0	.0	
78.2	69.0	6.0	93.8	607.0	30.4	.0	.0	
73.5	68.5	4.1	137.8	409.2	63.3	3.9	.0	
72.9	68.7	5.6	193.0	316.4	70.0	.0	.0	
71.0	65.7	6.4	70.6	351.9	75.4	.0	.0	
74.5	67.0	5.2	84.6	558.1	53.8	.0	.0	
72.4	68.7	6.9	150.2	269.8	94.6	.0	.0	
73.7	65.9	5.1	162.6	483.1	50.4	.0	.0	
75.0	65.5	5.8	141.4	411.7	46.7	.0	.0	
77.3	69.6	5.6	204.2	404.2	43.3	.0	.0	
79.1	70.6	4.9	200.6	483.8	47.9	3.9	.0	
79.5	71.5	5.9	202.2	491.7	47.1	.0	.0	
7 31 1991
82.3	74.6	6.3	208.2	377.3	65.8	.0	.0	
80.7	71.0	7.3	229.0	543.5	62.9	.0	.0	
74.9	68.1	5.8	226.6	386.4	76.7	.0	.0	
73.6	69.5	5.4	184.2	254.5	80.8	7.9	.0	
77.7	65.5	6.2	213.4	526.4	32.9	.0	.0	
79.4	69.4	6.7	200.2	487.6	40.0	.0	.0	
82.6	70.7	8.8	213.4	680.6	12.9	.0	.0	
74.1	70.0	10.7	191.0	286.6	83.8	189.0	.0	
74.4	67.6	4.6	155.4	426.5	80.0	.0	.0	
74.3	71.4	6.3	161.4	304.0	94.6	137.8	.0	
76.3	71.5	3.8	133.8	316.9	90.4	.0	.0	
77.5	74.2	8.0	199.0	401.0	80.0	19.7	.0	
77.8	68.4	9.4	251.0	505.2	44.6	.0	.0	
72.5	63.3	6.8	155.4	442.0	43.3	.0	.0	
73.6	61.6	7.8	52.6	601.7	12.1	.0	.0	
76.2	62.9	5.7	48.6	611.4	11.7	.0	.0	
77.4	65.4	4.4	99.8	587.2	30.0	.0	.0	
76.9	69.3	5.2	159.0	393.2	63.3	.0	.0	
80.0	72.1	5.6	160.2	562.7	40.4	.0	.0	
81.6	72.3	6.1	189.0	568.9	27.9	.0	.0	
81.6	71.7	6.4	201.0	520.2	20.0	.0	.0	
83.4	71.9	7.3	215.8	571.0	21.7	.0	.0	
81.8	72.9	8.1	225.4	476.7	47.9	11.8	.0	
77.2	64.2	5.7	143.4	356.6	84.6	.0	.0	
74.4	66.5	4.7	143.4	241.4	98.3	.0	.0	
76.5	64.4	5.3	119.8	385.5	66.7	.0	.0	
73.2	59.9	8.0	39.8	600.2	26.2	.0	.0	
70.9	61.0	7.3	88.2	237.7	93.8	.0	.0	
75.1	62.3	4.4	187.8	643.3	32.1	.0	.0	
73.5	61.6	6.3	255.8	478.5	40.0	.0	.0	
72.3	55.7	5.9	75.4	645.5	2.5	.0	.0	
8 31 1991
76.4	59.6	5.1	107.4	643.9	.0	.0	.0	
81.1	62.8	5.2	162.6	641.4	.0	.0	.0	
83.5	66.5	8.3	220.6	559.9	36.7	.0	.0	
79.0	66.3	6.6	183.0	335.7	60.0	.0	.0	
73.4	62.1	7.0	56.6	265.3	62.5	.0	.0	
75.1	64.3	9.1	75.4	272.0	87.1	.0	.0	
78.6	66.8	6.0	125.8	427.9	52.9	.0	.0	
78.7	70.2	7.4	173.4	389.6	57.1	.0	.0	
74.0	70.3	8.5	214.6	315.0	91.2	39.4	.0	
73.2	60.2	7.1	155.8	532.8	47.9	.0	.0	
72.4	57.6	6.8	75.0	472.9	34.2	.0	.0	
74.3	58.9	6.8	59.0	403.1	50.8	.0	.0	
68.4	62.6	5.6	83.8	228.8	95.4	.0	.0	
70.2	59.1	4.7	160.2	547.2	33.3	7.9	.0	
71.5	58.6	5.8	205.4	598.9	4.6	.0	.0	
76.1	59.8	7.1	175.0	529.8	18.3	.0	.0	
73.0	67.1	9.7	185.0	258.6	73.8	19.7	.0	
74.8	67.8	5.3	203.8	402.9	62.1	3.9	.0	
66.7	63.0	5.8	206.6	300.1	48.8	11.8	.0	
65.2	60.0	5.9	253.8	326.0	69.6	.0	.0	
70.5	59.6	3.8	139.4	533.9	17.9	.0	.0	
74.7	61.7	6.6	199.0	560.3	6.2	.0	.0	
77.9	63.6	4.8	166.6	525.6	13.8	.0	.0	
78.5	66.4	5.5	83.8	539.5	9.2	.0	.0	
79.6	65.8	8.4	94.6	367.3	59.2	.0	.0	
73.1	67.9	8.1	116.6	201.1	87.9	3.9	.0	
75.1	71.3	6.7	157.4	236.7	65.0	19.7	.0	
77.6	71.1	4.8	166.6	235.3	81.7	.0	.0	
78.2	70.3	5.6	150.6	375.1	71.7	39.4	.0	
77.0	71.3	4.1	195.8	283.3	65.0	.0	.0	
74.5	71.3	4.9	144.2	287.1	66.7	161.4	.0	
9 30 1991
74.8	67.1	7.6	51.4	353.4	52.1	.0	.0	
76.1	68.1	6.1	103.8	328.9	65.4	.0	.0	
74.8	69.2	7.2	197.8	186.9	94.2	.0	.0	
70.2	68.7	7.2	194.2	184.2	98.8	23.6	.0	
72.2	67.2	6.3	227.8	219.8	95.4	11.8	.0	
73.3	66.0	5.1	73.4	271.0	70.8	.0	.0	
72.3	58.5	6.2	51.0	511.4	13.8	.0	.0	
74.5	59.8	7.1	119.0	472.8	33.3	.0	.0	
71.8	69.7	7.2	175.4	176.8	87.1	3.9	.0	
74.2	71.5	8.0	212.2	175.3	90.8	15.7	.0	
75.2	68.5	5.0	207.0	262.7	54.6	19.7	.0	
76.1	69.4	4.2	145.0	365.6	40.8	.0	.0	
81.0	72.0	6.5	224.2	426.6	31.2	3.9	.0	
78.5	69.4	6.4	209.0	401.9	28.3	.0	.0	
80.0	69.4	5.9	199.8	457.8	24.6	.0	.0	
79.3	69.9	7.7	202.6	442.5	16.7	.0	.0	
74.3	60.4	5.8	232.2	401.1	44.6	.0	.0	
69.1	61.4	8.3	233.4	241.2	89.2	7.9	.0	
55.7	42.8	6.7	301.4	249.5	77.1	.0	.0	
51.3	36.9	7.6	95.4	187.0	78.8	.0	.0	
56.1	40.5	7.4	83.4	440.9	20.8	.0	.0	
64.2	50.4	8.2	174.6	201.9	86.2	.0	.0	
62.0	50.8	6.0	211.8	316.1	59.2	7.9	.0	
53.3	49.6	7.7	77.4	152.8	95.4	102.4	.0	
55.9	48.4	6.5	171.4	357.0	53.8	7.9	.0	
54.8	41.9	7.5	275.4	395.3	15.0	.0	.0	
53.6	37.8	5.4	203.8	422.5	11.7	.0	.0	
60.8	45.5	5.9	183.0	344.1	35.0	.0	.0	
65.2	50.4	7.1	193.0	249.1	50.4	.0	.0	
67.8	51.9	6.3	174.6	408.4	10.4	.0	.0	
10 31 1991
68.2	53.8	7.8	189.4	372.8	25.0	.0	.0	
67.4	56.1	6.7	181.0	330.4	45.4	.0	.0	
67.1	61.2	8.3	183.0	254.1	47.9	27.6	.0	
71.1	60.0	9.4	177.8	345.7	12.1	.0	.0	
55.8	50.1	9.4	227.0	136.4	68.8	141.7	.0	
45.2	34.4	9.4	245.0	338.7	30.4	.0	.0	
45.1	32.3	7.0	210.2	314.3	17.9	.0	.0	
51.6	35.6	7.6	172.2	363.0	13.8	.0	.0	
57.7	41.3	7.7	186.2	177.9	45.8	.0	.0	
56.4	48.0	6.2	193.4	143.2	72.5	.0	.0	
56.2	44.5	7.9	203.4	138.2	54.6	.0	.0	
53.7	40.2	8.4	254.2	307.2	24.2	.0	.0	
50.7	39.5	4.9	153.8	320.9	25.4	.0	.0	
54.6	43.9	9.9	195.4	158.4	83.3	23.6	.0	
49.3	40.3	4.6	195.8	200.5	82.1	.0	.0	
44.0	31.0	5.0	171.0	335.7	.0	.0	.0	
48.7	32.2	4.6	133.8	331.4	.0	.0	.0	
61.7	42.6	7.7	196.6	327.2	.0	.0	.0	
49.3	39.9	9.1	187.0	130.6	46.7	.0	.0	
43.2	31.4	7.5	61.4	177.4	42.5	.0	.0	
52.7	34.8	5.7	147.4	308.6	24.2	.0	.0	
63.5	53.2	8.0	175.0	226.1	26.2	.0	.0	
60.7	58.4	8.7	162.2	107.5	74.6	3.9	.0	
65.1	61.5	7.3	171.8	123.2	85.8	11.8	.0	
68.8	57.6	8.7	170.6	195.4	73.3	.0	.0	
68.7	56.4	8.7	164.2	149.2	81.7	.0	.0	
63.5	60.2	5.9	137.8	102.2	97.5	66.9	.0	
66.0	62.2	9.2	69.4	144.5	90.4	.0	.0	
68.5	59.7	7.5	119.0	109.9	92.9	.0	.0	
62.7	50.5	6.6	220.6	118.7	97.9	.0	.0	
61.5	54.5	7.0	133.8	150.2	67.1	.0	.0	
11 30 1991
55.6	42.1	15.6	176.2	114.8	91.2	.0	.0	
37.2	26.3	10.6	252.2	124.4	75.4	.0	.0	
28.3	17.3	9.2	264.2	138.3	62.5	.0	.0	
22.6	11.5	6.3	241.8	188.1	46.7	.0	.0	
29.4	13.6	6.2	153.4	235.0	41.2	.0	.0	
40.9	22.0	7.9	185.8	183.3	82.1	.0	.0	
34.4	29.9	8.2	200.6	89.0	100.0	.0	.0	
26.2	17.2	9.0	207.8	198.7	32.5	.0	.0	
29.0	18.1	7.3	47.0	246.0	5.8	.0	.0	
33.9	19.1	7.4	238.6	237.1	7.9	.0	.0	
38.4	25.0	6.2	258.6	242.4	24.2	.0	.0	
34.8	29.7	5.7	167.8	83.9	96.2	3.9	.0	
42.8	34.0	9.1	210.6	166.3	54.6	.0	.0	
51.9	34.9	7.7	185.0	85.3	81.7	.0	.0	
55.4	41.5	10.1	207.4	124.0	69.6	.0	.0	
54.5	53.8	7.0	158.2	80.1	100.0	23.6	.0	
50.6	47.0	11.3	82.2	173.0	77.5	.0	.0	
61.6	52.2	13.6	169.0	88.6	87.5	.0	.0	
63.3	57.6	11.8	170.6	88.2	78.8	.0	.0	
64.4	60.5	11.3	179.0	76.8	97.9	43.3	.0	
53.5	51.1	5.0	181.8	76.0	100.0	.0	.0	
49.4	47.5	7.1	212.6	75.3	86.2	39.4	.0	
46.6	41.6	12.6	214.2	161.1	74.6	.0	.0	
30.9	20.0	14.7	245.0	84.3	84.6	.0	.0	
26.4	17.9	7.6	229.0	98.0	58.8	.0	.0	
28.5	16.6	6.9	155.0	200.6	8.8	.0	.0	
40.1	27.1	9.5	187.4	71.9	84.2	.0	.0	
51.9	30.8	9.5	184.6	84.4	79.6	.0	.0	
60.0	45.6	12.8	183.4	168.5	66.7	.0	.0	
60.6	55.4	13.0	193.0	70.2	98.3	7.9	.0	
12 31 1991
40.6	40.0	8.8	101.0	69.7	100.0	86.6	.0	
46.4	46.2	11.3	100.2	69.2	100.0	338.6	.0	
37.1	34.2	14.6	247.8	68.7	100.0	.0	.0	
19.1	10.5	13.5	265.0	107.9	59.6	.0	.0	
28.1	17.0	10.1	180.6	183.1	12.9	.0	.0	
41.5	30.2	9.4	205.0	122.4	49.2	.0	.0	
49.9	37.0	10.5	199.4	88.8	86.7	.0	.0	
59.8	47.2	12.8	199.8	66.8	100.0	.0	.0	
53.0	51.5	8.5	256.6	66.5	85.0	35.4	.0	
40.0	36.3	4.9	180.2	144.9	47.9	.0	.0	
44.7	33.9	7.7	181.0	105.9	45.0	.0	.0	
54.1	45.1	14.1	173.4	65.7	97.1	.0	.0	
58.1	57.0	12.7	196.2	65.5	100.0	110.2	.0	
42.4	31.0	16.5	251.0	134.2	51.7	.0	.0	
30.0	15.2	12.6	240.2	138.3	18.3	.0	.0	
28.6	13.6	7.8	213.8	136.7	21.2	.0	.0	
40.8	24.9	13.6	239.0	185.4	7.1	.0	.0	
25.8	14.4	8.9	253.8	151.2	25.8	.0	.0	
24.5	12.1	10.5	82.2	169.2	36.7	.0	.0	
37.4	14.7	8.7	155.0	64.7	97.1	.0	.0	
39.4	36.3	7.5	247.8	64.7	100.0	27.6	.0	
43.1	38.3	6.4	200.6	64.8	100.0	3.9	.0	
52.2	50.7	11.9	256.6	73.3	96.2	66.9	.0	
34.3	25.1	8.0	288.2	184.3	34.2	.0	.0	
33.3	27.1	4.5	154.6	181.0	8.3	.0	.0	
37.2	27.3	5.0	128.2	166.6	42.9	.0	.0	
40.6	28.8	11.1	59.4	138.2	76.2	.0	.0	
40.9	38.7	8.5	105.0	65.5	100.0	66.9	.0	
39.5	38.3	9.7	265.4	65.7	100.0	3.9	.0	
34.8	31.9	7.7	175.8	65.9	100.0	.0	.0	
37.4	32.8	6.8	77.4	66.7	77.1	.0	.0	
