01	31	1999
3.8	21.4	12.4	88.5	109.3	100.0	1	13.5
12.0	9.2	21.1	68.3	133.9	100.0	1	9.2
5.0	2.3	25.3	322.7	134.7	100.0	0	0.0
0.0	0.0	14.5	296.1	116.7	100.0	0	0.0
1.6	0.7	13.1	197.1	136.5	100.0	0	0.0
4.7	2.4	16.4	313.2	113.1	100.0	0	0.0
0.8	0.0	9.8	232.0	114.1	100.0	0	0.0
4.5	0.7	8.4	230.4	139.8	100.0	0	0.0
4.8	1.0	12.7	252.8	116.2	100.0	0	0.0
1.3	1.3	18.3	298.5	142.4	100.0	0	0.0
2.6	1.1	9.9	132.9	118.6	100.0	0	0.0
3.3	0.2	13.5	39.4	119.9	100.0	0	0.0
3.8	0.7	13.2	74.2	121.3	100.0	1	13.9
8.1	5.1	12.7	127.3	148.5	100.0	0	0.0
18.4	16.7	14.9	171.2	124.2	100.0	2	5.9
28.6	25.2	14.0	245.5	125.8	100.0	1	2.5
28.9	26.1	12.0	184.3	127.4	100.0	9	22.1
21.1	19.1	22.0	299.1	155.8	100.0	2	8.3
12.7	5.8	7.5	197.0	130.8	100.0	0	0.0
22.2	18.6	10.2	177.4	132.7	100.0	0	0.0
26.8	25.9	13.8	87.2	162.0	100.0	0	0.0
29.2	29.0	17.4	24.6	164.2	100.0	5	12.1
27.6	26.6	16.2	324.1	138.5	100.0	0	0.0
20.2	18.7	10.2	290.8	168.9	100.0	5	25.1
4.8	1.5	12.7	257.8	142.7	100.0	0	0.0
23.4	18.8	16.6	159.9	144.9	100.0	1	2.5
29.7	29.2	12.4	256.7	176.5	100.0	2	4.3
21.4	19.7	11.1	284.1	164.8	100.0	0	0.0
20.4	18.8	7.1	197.7	181.8	100.0	0	0.0
18.0	13.5	4.0	68.0	148.1	100.0	0	0.0
24.2	20.9	12.4	89.8	156.8	100.0	0	0.0
02	28	1999
31.9	31.7	12.8	174.3	190.4	100.0	0	0.0
30.0	25.6	17.8	258.4	161.9	100.0	0	0.0
33.1	29.8	20.8	235.9	164.6	100.0	0	0.0
9.6	4.0	17.0	255.8	167.3	100.0	0	0.0
29.5	24.7	17.3	213.1	170.1	100.0	0	0.0
20.7	16.2	9.8	236.1	139.2	100.0	0	0.0
26.9	22.9	12.3	152.1	175.8	100.0	0	0.0
36.0	34.7	18.1	222.9	178.7	100.0	0	0.0
33.2	28.9	12.0	246.2	181.7	100.0	0	0.0
39.8	35.0	19.7	160.9	185.1	100.0	0	0.0
28.4	27.6	20.4	289.2	223.1	100.0	19	87.8
13.5	8.4	23.1	307.9	227.4	100.0	0	3.6
17.6	10.5	11.8	253.2	194.1	100.0	0	0.0
31.2	26.1	14.9	185.3	188.7	100.0	0	0.0
35.8	32.3	14.6	212.5	164.2	100.0	0	0.0
26.9	24.5	18.8	321.5	204.2	100.0	0	0.0
19.4	14.9	8.8	292.1	247.4	100.0	0	0.0
20.9	15.8	7.6	39.1	189.9	100.0	0	0.0
18.9	11.7	7.9	41.8	214.8	100.0	0	0.0
20.7	11.6	9.2	95.2	218.4	100.0	0	0.0
21.3	7.5	6.9	94.2	222.0	100.0	0	0.0
24.0	12.5	14.2	145.0	225.7	100.0	0	0.0
25.9	16.8	11.2	133.2	190.3	100.0	0	0.0
27.0	24.4	13.9	213.2	274.9	100.0	4	15.1
28.1	25.0	7.4	203.4	237.0	100.0	0	0.0
32.4	29.4	16.2	159.5	283.6	100.0	0	0.0
34.1	32.5	13.0	264.2	288.0	100.0	0	0.0
32.0	28.2	21.5	317.6	248.6	100.0	0	0.0
03	31	1999
32.9	30.4	8.1	201.6	252.5	100.0	0	0.0
31.2	25.4	19.5	319.8	256.4	100.0	0	0.0
22.8	14.3	12.7	323.8	264.7	100.0	0	0.0
24.2	15.5	11.3	122.5	310.4	100.0	0	0.0
25.1	20.5	14.9	65.2	268.4	100.0	0	0.0
19.9	10.7	10.4	32.8	272.4	100.0	0	0.0
22.1	12.9	12.3	149.0	276.5	100.0	0	0.0
22.7	19.4	22.4	123.0	286.0	100.0	2	12.6
25.1	22.5	11.4	69.2	339.0	100.0	2	10.6
23.4	16.6	7.1	73.3	288.7	100.0	0	0.0
25.1	15.9	6.0	251.8	292.8	100.0	0	0.0
26.7	14.7	6.0	110.5	296.9	100.0	0	0.0
28.6	14.8	5.3	83.8	307.6	100.0	0	0.0
30.7	19.2	5.1	141.8	305.1	100.0	0	0.0
34.8	27.5	15.2	191.5	309.2	100.0	0	0.0
42.8	38.1	11.9	183.2	313.3	100.0	0	0.0
38.1	32.2	28.9	283.6	325.0	100.0	0	0.0
31.6	24.0	15.4	330.5	321.5	100.0	0	0.0
35.3	27.6	5.8	198.0	325.6	100.0	0	0.0
38.4	30.7	18.5	274.0	329.7	100.0	0	0.0
33.5	21.5	14.6	305.2	333.8	100.0	0	0.0
34.3	17.9	4.8	206.2	338.1	100.0	0	0.0
37.7	27.8	13.4	290.8	342.3	100.0	0	0.0
31.0	16.4	11.7	265.5	403.2	100.0	0	0.0
32.6	17.9	6.4	174.0	350.9	100.0	0	0.0
36.5	26.3	12.0	184.0	355.3	100.0	0	0.0
43.8	28.1	19.9	173.0	359.6	100.0	0	0.0
41.9	38.1	21.3	228.2	364.0	100.0	28	0.0
43.9	28.7	12.9	244.0	368.3	100.0	0	0.0
52.1	37.5	20.2	194.8	372.6	100.0	0	0.0
52.1	44.4	19.8	187.1	376.9	100.0	0	0.0
04	30	1999
56.3	51.5	13.9	154.7	381.2	100.0	0	0.0
49.3	46.1	8.9	222.8	385.4	100.0	1	0.0
50.5	50.2	11.2	91.5	401.6	100.0	47	0.0
46.2	37.8	12.5	237.1	393.9	100.0	1	0.0
40.0	37.8	16.2	93.6	472.9	100.0	40	0.0
43.7	40.0	17.5	252.9	402.3	100.0	8	0.0
52.9	42.7	16.2	252.5	406.4	100.0	0	0.0
46.1	38.5	15.9	124.8	410.5	100.0	42	0.0
44.0	35.8	19.1	69.5	414.6	100.0	41	0.0
40.4	33.4	22.5	108.9	483.2	100.0	8	0.0
37.9	37.2	12.4	260.7	422.7	100.0	9	0.0
42.5	35.8	7.3	261.1	426.6	100.0	0	0.0
48.5	41.2	8.0	178.8	430.6	100.0	0	0.0
50.9	42.9	9.1	171.9	434.5	100.0	0	0.0
39.6	38.2	18.4	347.9	453.4	100.0	13	0.0
40.3	36.4	19.9	339.2	442.2	100.0	1	0.0
40.1	35.1	15.0	324.1	446.0	100.0	0	0.0
40.2	32.2	7.5	241.5	449.8	100.0	0	0.0
43.8	37.7	7.1	163.2	453.4	100.0	9	0.0
43.4	41.3	9.6	129.4	525.5	100.0	9	0.0
48.4	45.6	13.3	83.7	529.5	100.0	3	0.0
40.5	39.4	22.9	50.3	533.4	100.0	70	0.0
44.7	30.1	14.6	54.6	467.8	100.0	2	2.5
47.8	31.4	5.2	113.3	477.6	100.0	0	0.0
50.2	36.1	8.4	163.9	451.2	100.0	0	0.0
54.9	37.5	10.5	118.5	478.1	100.0	0	0.0
48.6	39.4	14.2	86.9	481.4	100.0	7	0.0
51.6	35.7	14.2	66.2	507.0	100.0	0	0.0
53.8	35.5	10.3	100.0	559.3	100.0	0	0.0
59.8	38.7	3.6	74.2	491.1	100.0	0	0.0
05	31	1999
58.6	37.6	8.1	176.5	494.2	100.0	0	0.0
60.3	39.6	12.4	157.4	497.3	100.0	0	0.0
65.8	49.1	18.6	158.6	513.4	100.0	0	0.0
63.1	57.1	20.6	140.0	503.3	100.0	8	0.0
58.0	52.2	21.9	162.5	599.2	100.0	3	0.0
51.0	47.9	11.1	184.2	582.2	100.0	0	0.0
47.9	46.8	16.5	270.3	532.4	100.0	5	0.0
45.8	42.0	12.9	308.5	588.2	100.0	0	0.0
52.9	43.0	10.6	173.5	517.2	100.0	0	0.0
63.1	52.5	20.2	136.5	519.9	100.0	0	0.0
57.9	54.6	11.4	173.1	544.0	100.0	46	0.0
53.4	52.7	9.2	75.7	549.6	100.0	34	0.0
48.0	44.2	8.7	56.9	602.0	100.0	10	0.0
56.1	43.4	11.3	125.2	604.6	100.0	0	0.0
58.0	53.8	14.6	147.9	629.7	100.0	5	0.0
61.7	59.9	10.7	164.1	635.9	100.0	59	0.0
58.0	56.1	10.8	243.9	612.2	100.0	25	0.0
54.9	45.1	13.6	285.5	539.1	100.0	0	0.0
61.3	50.3	14.2	175.9	545.2	100.0	0	0.0
60.5	56.5	11.5	199.3	545.5	100.0	56	0.0
62.0	57.3	7.5	214.1	625.7	100.0	0	0.0
62.5	53.7	7.9	231.4	497.4	100.0	3	0.0
52.1	46.7	17.7	315.4	548.2	100.0	1	0.0
49.9	39.8	15.0	327.1	476.9	100.0	0	0.0
55.5	37.1	14.7	273.9	553.2	100.0	0	0.0
60.2	37.1	7.1	222.5	555.0	100.0	0	0.0
64.7	51.1	10.0	216.6	633.5	100.0	1	0.0
70.1	57.8	7.0	192.4	490.9	100.0	1	0.0
71.8	51.5	12.5	206.8	559.9	100.0	0	0.0
70.7	54.0	12.2	181.8	545.7	100.0	0	0.0
59.8	55.7	10.2	253.8	640.1	100.0	10	0.0
06	30	1999
54.1	52.3	10.2	91.9	641.6	100.0	7	0.0
54.2	49.0	10.6	274.2	648.4	100.0	0	0.0
62.1	51.7	12.8	124.0	567.0	100.0	0	0.0
63.7	60.0	16.5	156.7	645.7	100.0	13	0.0
73.9	67.5	18.4	185.5	569.3	100.0	18	0.0
72.1	66.8	18.4	191.7	597.1	100.0	11	0.0
72.3	60.0	16.0	252.2	571.5	100.0	0	0.0
71.7	63.5	10.9	166.5	682.9	100.0	0	0.0
72.5	64.6	14.2	196.0	509.1	100.0	16	0.0
69.8	64.7	7.1	167.3	652.1	100.0	9	0.0
65.1	62.3	10.4	247.9	658.7	100.0	1	0.0
64.8	57.5	7.6	192.1	581.5	100.0	0	0.0
66.5	54.6	11.1	262.4	604.0	100.0	0	0.0
55.9	40.8	12.7	262.0	576.9	100.0	0	0.0
55.3	41.4	8.8	224.2	577.5	100.0	2	0.0
54.9	45.6	7.7	203.0	586.6	100.0	6	0.0
57.1	44.0	5.0	98.0	551.2	100.0	0	0.0
60.4	47.2	10.7	157.6	684.9	100.0	2	0.0
61.3	54.0	8.5	153.5	579.0	100.0	5	0.0
67.7	55.6	10.8	162.0	579.2	100.0	0	0.0
70.2	58.6	12.7	152.5	585.2	100.0	0	0.0
72.5	65.9	16.2	189.3	613.6	100.0	2	0.0
69.8	64.4	12.1	233.4	591.1	100.0	7	0.0
73.4	59.3	5.1	206.6	579.4	100.0	0	0.0
75.1	61.7	11.3	181.5	579.3	100.0	0	0.0
76.3	63.4	13.3	183.3	579.2	100.0	0	0.0
69.2	60.5	11.4	223.8	579.0	100.0	0	0.0
59.3	54.6	11.6	256.6	662.2	100.0	16	0.0
60.0	49.8	6.8	228.9	584.3	100.0	0	0.0
62.2	55.9	11.2	207.6	606.6	100.0	38	0.0
07	31	1999
63.0	57.8	4.6	128.0	582.8	100.0	3	0.0
67.0	62.7	10.7	177.3	610.9	100.0	6	0.0
76.3	71.5	17.8	184.1	581.5	100.0	26	0.0
81.5	74.1	20.9	205.0	575.6	100.0	0	0.0
79.9	72.8	18.4	243.2	574.9	100.0	7	0.0
69.2	54.8	11.9	308.8	574.1	100.0	0	0.0
71.8	56.3	9.5	254.7	573.3	100.0	0	0.0
71.5	66.4	16.0	201.3	578.5	100.0	21	0.0
68.0	58.4	17.6	254.4	571.4	100.0	0	0.0
63.0	52.0	7.5	265.6	570.3	100.0	0	0.0
67.0	53.5	6.0	223.5	569.2	100.0	0	0.0
68.7	55.1	10.6	203.5	568.1	100.0	0	0.0
70.8	60.7	15.4	197.9	566.9	100.0	2	0.0
77.0	66.5	17.9	208.5	596.4	100.0	0	0.0
78.2	67.6	14.8	191.4	641.0	100.0	0	0.0
72.4	68.2	9.0	244.9	667.4	100.0	26	0.0
68.2	60.5	7.6	177.5	501.7	100.0	0	0.0
67.6	65.8	9.2	160.3	591.1	100.0	70	0.0
71.1	69.5	6.9	67.0	662.1	100.0	1	0.0
69.3	67.8	9.7	115.2	587.4	100.0	24	0.0
72.9	69.7	6.2	195.8	658.2	100.0	0	0.0
77.2	73.8	7.8	167.4	553.1	100.0	0	0.0
78.8	73.0	8.5	218.0	551.2	100.0	3	0.0
79.6	73.3	6.3	253.3	579.0	100.0	0	0.0
81.2	74.9	9.6	183.8	547.4	100.0	0	0.0
74.4	68.8	8.5	125.8	623.5	100.0	24	0.0
73.3	51.2	10.1	156.0	572.1	100.0	56	0.0
76.2	68.1	9.0	211.7	567.1	100.0	1	0.0
82.6	75.8	8.5	200.0	483.0	100.0	0	0.0
81.0	76.0	10.7	203.8	536.7	100.0	24	0.0
71.4	63.9	12.5	328.1	536.5	100.0	0	0.0
08	31	1999
64.0	55.8	8.9	330.5	532.1	100.0	0	0.0
66.1	56.2	4.7	186.4	603.9	100.0	0	0.0
68.4	61.5	11.8	249.2	527.2	100.0	0	0.0
68.3	58.5	9.3	311.5	524.6	100.0	0	0.0
68.8	59.3	8.7	278.5	497.5	100.0	0	0.0
71.8	63.4	9.3	238.1	592.9	100.0	0	0.0
66.8	64.1	9.0	214.2	591.2	100.0	5	0.0
62.7	54.5	7.6	97.6	472.9	100.0	0	0.0
62.2	59.4	13.1	200.0	585.0	100.0	55	0.0
70.2	64.2	10.2	305.5	508.3	100.0	0	0.0
69.2	64.8	6.9	168.3	480.9	100.0	0	0.0
69.9	67.5	11.9	179.2	525.4	100.0	19	0.0
61.1	55.1	15.0	280.0	500.4	100.0	0	0.0
61.1	52.0	5.9	192.9	568.6	100.0	0	0.0
64.7	58.0	16.2	176.2	493.9	100.0	1	0.0
71.0	63.3	12.6	245.8	490.9	100.0	0	0.0
68.7	60.4	8.7	250.2	487.8	100.0	0	0.0
65.3	63.1	8.4	130.3	504.8	100.0	22	0.0
64.4	59.6	7.3	74.9	481.5	100.0	0	0.0
64.2	58.7	5.1	190.6	478.3	100.0	0	0.0
63.6	62.0	8.2	175.9	544.9	100.0	16	0.0
64.8	61.8	13.2	187.6	471.7	100.0	16	0.0
65.1	62.9	10.0	242.2	555.9	100.0	25	0.0
65.5	62.2	8.1	114.7	533.9	100.0	0	0.0
68.7	63.9	3.9	137.5	461.5	100.0	0	0.0
69.0	64.9	8.1	199.6	526.3	100.0	0	0.0
74.8	70.5	7.0	237.2	522.5	100.0	0	0.0
71.4	66.6	6.0	142.2	518.6	100.0	0	0.0
63.8	54.5	10.1	78.2	447.3	100.0	0	0.0
61.2	53.5	14.8	152.5	443.6	100.0	0	0.0
64.9	56.4	14.4	170.2	439.9	100.0	0	0.0
09	30	1999
69.5	61.3	13.3	168.8	436.2	100.0	0	0.0
73.3	65.4	9.7	180.2	432.4	100.0	1	0.0
72.6	67.1	9.3	177.5	446.1	100.0	0	0.0
72.1	65.3	10.1	184.4	424.8	100.0	0	0.0
61.1	55.2	9.8	300.6	427.4	100.0	0	0.0
61.0	52.5	6.5	184.5	417.0	100.0	0	0.0
67.8	58.7	14.9	186.9	413.1	100.0	0	0.0
59.9	51.1	12.8	288.0	409.1	100.0	0	0.0
52.8	44.3	12.2	271.2	405.1	100.0	0	0.0
58.0	46.8	10.8	271.2	401.1	100.0	0	0.0
60.4	50.7	8.7	152.0	397.1	100.0	0	0.0
57.4	51.9	10.6	264.4	455.2	100.0	24	0.0
52.2	45.8	13.2	271.9	450.7	100.0	0	0.0
50.8	43.9	11.4	280.4	456.1	100.0	0	0.0
52.6	44.9	7.1	286.5	380.6	100.0	0	0.0
54.8	43.7	3.0	111.3	446.4	100.0	0	0.0
56.2	45.2	7.8	185.2	432.8	100.0	0	0.0
59.6	47.6	12.3	195.5	368.6	100.0	0	0.0
56.9	51.1	11.5	292.4	364.6	100.0	0	0.0
43.7	37.0	10.2	329.1	360.5	100.0	0	0.0
46.8	34.9	6.4	250.9	414.9	100.0	0	0.0
59.2	40.8	9.6	246.5	352.4	100.0	0	0.0
59.8	46.4	10.5	245.5	348.2	100.0	0	0.0
53.1	41.0	8.9	139.1	350.3	100.0	0	0.0
63.2	48.2	15.3	172.0	340.0	100.0	0	0.0
60.4	53.7	12.9	226.7	335.8	100.0	0	0.0
51.5	45.4	6.1	233.2	284.3	100.0	0	0.0
51.9	42.1	10.8	257.0	387.6	100.0	0	0.0
47.6	33.2	9.2	291.9	382.6	100.0	0	0.0
52.6	32.4	15.8	274.4	377.6	100.0	0	0.0
10	31	1999
35.8	33.3	7.3	300.7	372.6	100.0	0	0.0
37.4	29.8	8.1	303.5	367.7	100.0	0	0.0
36.4	31.5	5.5	79.4	362.7	100.0	1	0.0
41.4	32.2	10.8	206.7	357.8	100.0	0	0.0
49.2	38.0	11.8	267.1	352.8	100.0	0	0.0
45.8	37.1	11.7	121.5	347.9	100.0	0	0.0
59.3	41.2	19.8	174.8	282.6	100.0	0	0.0
56.8	50.9	10.1	255.1	289.3	100.0	7	0.0
58.7	44.8	10.6	211.6	333.1	100.0	0	0.0
54.5	41.4	11.7	310.6	292.6	100.0	0	0.0
52.3	34.1	7.9	182.0	312.0	100.0	0	0.0
58.5	46.4	14.1	247.5	318.8	100.0	0	0.0
43.8	35.3	11.5	251.4	314.1	100.0	0	0.0
48.8	35.7	16.0	183.5	309.4	100.0	0	0.0
54.2	45.2	9.4	232.7	304.8	100.0	0	0.0
47.3	37.8	15.3	327.8	259.3	100.0	0	0.0
37.2	29.3	9.1	304.4	295.6	100.0	0	0.0
37.9	30.4	8.3	191.5	291.1	100.0	0	0.0
39.7	32.4	10.0	292.6	286.7	100.0	0	0.0
41.5	28.3	11.6	237.9	282.3	100.0	0	0.0
54.6	33.7	17.8	269.2	278.0	100.0	0	0.0
40.0	26.4	21.1	332.9	273.8	100.0	0	0.0
33.8	21.0	13.6	312.1	269.5	100.0	0	0.0
39.1	19.6	12.2	232.7	265.3	100.0	0	0.0
49.2	23.5	14.1	273.0	261.2	100.0	0	0.0
45.4	22.7	6.2	180.6	257.1	100.0	0	0.0
54.0	32.4	17.9	169.8	253.0	100.0	0	0.0
48.5	35.8	12.6	157.3	249.0	100.0	0	0.0
59.1	50.4	15.1	168.7	245.0	100.0	24	0.0
50.2	48.6	10.5	246.9	241.0	100.0	4	0.0
48.5	41.2	10.7	211.8	237.2	100.0	1	0.0
11	30	1999
46.0	34.8	21.8	275.4	233.3	100.0	0	0.0
31.9	18.8	15.3	317.5	229.5	100.0	0	0.0
35.5	18.2	7.4	228.3	225.8	100.0	0	0.0
43.5	24.7	15.9	199.4	222.1	100.0	0	0.0
41.6	26.0	11.5	300.4	218.5	100.0	0	0.0
39.0	17.9	6.7	146.7	214.9	100.0	0	0.0
46.0	26.7	11.5	175.0	211.4	100.0	0	0.0
57.7	44.5	16.9	205.0	208.0	100.0	0	0.0
57.1	48.8	15.1	207.7	160.1	100.0	0	0.0
43.7	41.0	14.0	180.6	201.3	100.0	13	0.0
39.1	38.4	11.2	152.8	198.1	100.0	0	0.0
44.3	41.4	6.6	197.9	194.9	100.0	0	0.0
53.1	41.1	15.8	252.3	191.8	100.0	0	0.0
38.1	29.4	12.9	332.3	188.7	100.0	0	0.0
37.2	27.4	5.7	177.9	185.7	100.0	0	0.0
35.9	26.4	6.2	119.4	182.8	100.0	0	0.0
38.7	26.6	12.8	162.1	180.0	100.0	0	0.0
50.4	39.8	15.1	165.9	150.8	100.0	0	0.0
37.4	35.4	11.9	288.5	174.5	100.0	0	0.0
33.6	24.6	10.0	219.0	171.9	100.0	0	0.0
44.5	36.3	13.9	171.0	169.3	100.0	0	0.0
41.8	37.4	8.6	244.1	166.9	100.0	0	0.0
35.3	34.6	19.2	213.4	164.5	100.0	44	5.1
33.3	29.9	12.0	260.4	162.2	100.0	0	0.0
35.1	28.2	18.8	199.2	159.9	100.0	0	0.0
35.7	32.2	11.6	240.8	157.9	100.0	2	0.0
32.2	27.5	11.1	303.1	155.9	100.0	0	0.0
29.7	24.5	10.0	290.2	153.9	100.0	0	0.0
24.6	16.8	6.2	220.2	152.1	100.0	0	0.0
27.5	19.1	17.1	169.2	150.3	100.0	0	0.0
12	31	1999
36.3	27.4	17.6	179.6	148.6	100.0	0	0.0
43.0	34.6	10.1	167.9	147.0	100.0	0	0.0
44.7	42.5	7.3	204.4	145.4	100.0	0	0.0
37.0	34.0	12.5	338.1	144.0	100.0	0	0.0
26.7	19.4	13.1	348.6	142.6	100.0	0	0.0
26.1	21.5	12.3	188.5	141.2	100.0	0	0.0
32.4	28.9	14.4	176.7	140.0	100.0	0	0.0
37.1	31.2	9.7	247.1	138.8	100.0	0	0.0
28.3	24.6	9.8	325.2	137.7	100.0	0	0.0
23.7	18.1	7.5	253.5	136.7	100.0	0	0.0
28.8	25.5	14.0	172.7	135.7	100.0	0	0.0
30.6	24.4	8.5	214.0	134.8	100.0	0	0.0
29.1	22.5	7.6	204.8	134.0	100.0	0	0.0
29.0	26.4	9.1	137.9	133.3	100.0	0	0.0
26.6	23.0	16.8	304.2	132.6	100.0	0	0.0
10.8	2.8	9.3	216.9	132.1	100.0	0	0.0
14.1	4.1	8.2	57.3	130.9	100.0	0	0.0
17.0	9.8	14.7	182.5	131.1	100.0	0	0.0
24.6	22.4	19.1	217.4	130.8	100.0	0	0.0
1.0	2.1	20.1	286.8	130.5	100.0	0	0.0
1.7	1.7	6.1	245.6	85.7	100.0	0	0.0
0.8	0.0	8.0	282.1	130.2	100.0	0	0.0
5.6	3.8	9.6	184.2	130.2	100.0	0	0.0
8.2	7.0	9.6	240.6	130.2	100.0	0	0.0
25.9	21.2	18.9	249.7	130.3	100.0	0	0.0
21.6	12.3	20.8	303.1	114.2	100.0	0	0.0
12.4	6.9	14.4	237.2	130.8	100.0	0	0.0
30.5	25.9	18.5	291.8	114.6	100.0	0	0.0
36.6	29.2	17.0	259.8	131.5	100.0	0	0.0
32.5	28.9	9.4	262.3	132.0	100.0	0	0.0
30.1	23.5	13.7	233.0	131.2	100.0	0	0.0
