   1    31    1963
34.2	9.6	13.1	277.9	214.1	22.0	.0	.0	
39.0	8.0	14.2	241.3	222.9	18.0	.0	.0	
30.8	12.1	8.8	216.7	130.6	80.0	.0	.0	
25.9	19.6	21.0	150.8	90.5	85.0	.0	5.1	
24.6	14.1	12.2	287.9	217.6	2.0	.0	.0	
30.1	17.8	21.9	306.3	171.9	17.0	.0	.0	
37.5	13.2	20.9	290.8	225.9	10.0	.0	.0	
44.1	8.7	20.5	268.8	172.1	50.0	.0	.0	
35.4	14.2	19.6	245.0	180.0	40.0	1.0	.0	
-8.9	-14.1	18.6	47.9	114.0	98.0	.0	27.9	
-23.6	-29.6	19.1	278.3	223.5	68.0	.0	.0	
-12.1	-23.0	24.1	303.8	246.5	3.0	.0	.0	
9.9	-5.0	21.7	287.1	150.9	66.0	.0	.0	
17.0	-1.9	18.8	282.9	185.0	67.0	.0	.0	
25.8	8.2	21.1	280.8	232.3	43.0	.0	.0	
18.5	12.5	12.1	212.5	142.7	58.0	.0	.0	
24.2	11.4	16.5	279.6	144.1	74.0	.0	.0	
-8.7	-14.3	16.8	17.5	117.4	98.0	.0	27.9	
-1.7	-10.5	16.8	285.0	250.6	22.0	.0	.0	
24.3	14.3	27.1	293.3	233.5	19.0	.0	.0	
34.8	18.3	25.6	285.0	246.2	18.0	.0	.0	
1.0	-5.3	17.7	47.1	114.0	86.0	.0	30.5	
-2.7	-15.1	13.6	236.7	271.0	36.0	.0	2.5	
19.6	8.2	12.5	209.6	122.8	80.0	.0	.0	
6.0	1.3	12.1	117.5	129.7	93.0	.0	22.9	
-3.4	-12.8	18.3	194.2	280.7	29.0	.0	10.2	
9.8	-6.4	9.6	195.8	264.1	17.0	.0	.0	
21.3	1.8	11.0	155.4	220.0	61.0	.0	.0	
1.3	-4.0	12.1	167.1	180.4	89.0	.0	.0	
20.0	15.4	11.3	177.1	130.2	86.0	.0	.0	
44.2	30.3	24.9	263.8	247.8	79.0	.0	.0	
   2    28    1963
47.0	31.8	29.6	277.9	209.1	50.0	1.0	.0	
33.3	22.6	13.0	197.9	237.2	36.0	.0	.0	
47.0	27.0	22.8	274.6	200.6	83.0	.0	.0	
48.7	28.9	20.1	286.7	210.6	47.0	.0	.0	
48.9	27.1	13.9	279.6	187.6	59.0	.0	.0	
42.4	24.2	9.4	267.1	309.4	4.0	.0	.0	
46.1	18.3	16.6	274.6	236.3	46.0	.0	.0	
34.4	23.3	9.9	241.3	259.2	31.0	.0	.0	
28.5	22.9	10.6	160.0	185.7	54.0	.0	.0	
13.7	9.4	15.8	140.0	143.4	83.0	.0	7.6	
3.3	-6.1	9.5	206.7	310.4	30.0	.0	.0	
15.6	-4.6	18.1	296.7	318.5	13.0	.0	.0	
27.9	4.7	20.6	303.8	291.9	61.0	.0	.0	
33.3	10.4	11.2	268.8	285.4	54.0	.0	.0	
29.7	20.4	10.0	127.9	243.7	91.0	.0	20.3	
24.3	14.7	12.7	287.5	308.6	43.0	.0	.0	
31.4	14.7	8.3	232.1	221.7	68.0	.0	.0	
32.7	17.4	16.0	266.3	250.6	63.0	.0	.0	
36.2	17.1	24.0	300.0	359.0	18.0	.0	.0	
32.2	25.2	19.0	176.3	161.6	71.0	2.0	.0	
25.5	16.6	13.8	201.7	282.3	48.0	.0	.0	
33.2	16.4	12.4	258.3	325.9	60.0	.0	.0	
30.4	23.4	15.9	172.5	162.3	75.0	.0	.0	
38.7	20.2	24.3	226.7	315.3	72.0	2.0	.0	
29.9	18.9	15.6	244.2	389.0	37.0	.0	2.5	
43.8	14.5	19.8	280.8	202.7	67.0	.0	.0	
32.7	20.7	21.8	310.0	209.7	91.0	.0	.0	
33.4	14.5	17.4	285.0	306.3	61.0	.0	.0	
   3    31    1963
31.1	19.1	17.2	230.8	172.7	83.0	.0	5.1	
26.5	19.0	11.4	170.0	219.8	86.0	.0	17.8	
20.3	18.7	22.5	30.0	200.9	98.0	.0	78.7	
11.2	6.8	13.1	157.1	244.4	80.0	.0	7.6	
18.0	6.8	16.9	300.4	419.5	43.0	.0	2.5	
20.2	13.3	14.6	262.5	452.3	27.0	.0	7.6	
21.0	12.4	14.0	242.5	461.5	10.0	.0	.0	
25.0	12.4	12.5	226.7	438.8	13.0	.0	.0	
29.8	16.0	13.3	231.3	462.8	12.0	.0	.0	
27.6	14.8	12.4	254.2	452.5	25.0	.0	.0	
27.8	19.1	13.3	200.8	201.4	81.0	.0	.0	
20.9	18.7	14.1	82.9	192.0	98.0	.0	15.2	
17.2	11.0	8.7	242.9	460.1	33.0	.0	12.7	
24.6	11.0	10.2	237.5	450.2	18.0	.0	.0	
33.5	19.4	13.9	257.5	419.7	45.0	8.0	.0	
26.3	13.7	28.4	283.8	461.2	43.0	.0	.0	
30.3	19.1	12.0	173.8	350.5	85.0	.0	.0	
28.9	25.7	16.1	174.2	223.5	91.0	.0	20.3	
31.3	21.0	18.0	311.7	495.2	15.0	.0	.0	
36.3	22.2	11.7	223.3	508.9	5.0	.0	.0	
40.1	25.3	9.6	225.0	503.9	2.0	.0	.0	
46.7	22.3	10.8	237.1	514.8	7.0	.0	.0	
48.8	23.3	13.3	257.5	329.5	67.0	.0	.0	
43.9	19.9	19.7	298.3	480.5	40.0	.0	.0	
36.9	11.1	20.3	295.4	544.0	2.0	.0	.0	
44.5	11.9	14.5	268.8	439.6	51.0	.0	.0	
49.8	13.9	16.8	260.8	445.9	55.0	.0	.0	
51.8	25.1	17.1	228.8	244.0	95.0	.0	.0	
43.8	16.8	13.6	195.8	560.8	7.0	.0	.0	
49.5	21.1	10.9	232.1	512.2	6.0	.0	.0	
52.1	23.2	10.4	218.8	457.2	45.0	.0	.0	
   4    30    1963
52.0	20.3	13.6	234.6	331.2	63.0	.0	.0	
33.4	27.2	18.2	155.4	214.9	98.0	1.0	.0	
34.6	17.1	22.1	307.9	554.0	29.0	.0	.0	
37.3	13.9	9.6	220.0	413.6	51.0	.0	.0	
44.0	21.7	9.4	243.3	428.1	58.0	.0	.0	
49.7	24.2	10.9	244.6	284.0	96.0	.0	.0	
51.9	33.0	12.2	193.3	394.6	97.0	26.0	.0	
48.0	36.7	12.7	274.6	320.3	82.0	5.0	.0	
42.3	37.0	10.0	140.0	288.4	87.0	72.0	.0	
42.5	25.3	16.5	252.5	560.6	46.0	18.0	.0	
39.7	28.2	11.9	211.7	464.3	51.0	2.0	.0	
46.6	27.6	9.8	227.5	590.5	18.0	.0	.0	
54.5	23.0	13.1	248.3	558.9	43.0	.0	.0	
58.3	28.7	9.4	214.6	440.8	74.0	.0	.0	
58.0	22.7	20.3	254.6	371.3	60.0	.0	.0	
43.1	18.6	18.7	275.4	542.8	27.0	.0	.0	
42.1	19.0	14.0	151.7	569.9	60.0	.0	.0	
36.3	17.4	23.6	285.4	579.2	48.0	.0	.0	
38.7	13.7	22.2	280.8	548.3	63.0	.0	.0	
40.0	20.4	11.9	174.6	435.3	78.0	.0	.0	
28.9	26.4	12.9	96.7	245.6	98.0	.0	25.4	
32.5	20.3	18.1	220.8	592.4	33.0	9.0	.0	
38.1	15.2	12.3	192.1	517.7	55.0	.0	.0	
41.9	18.4	15.8	277.5	467.3	53.0	.0	.0	
46.5	17.8	9.4	187.1	494.3	51.0	.0	.0	
47.3	37.0	14.6	102.5	316.1	89.0	3.0	.0	
40.4	29.2	17.3	210.8	306.9	97.0	7.0	.0	
36.9	30.7	14.3	243.3	228.0	84.0	13.0	.0	
41.2	32.5	19.6	147.5	443.7	46.0	.0	.0	
49.0	29.1	11.8	216.3	556.6	34.0	.0	.0	
   5    31    1963
52.2	28.1	18.5	265.8	455.6	73.0	.0	.0	
50.8	27.9	11.7	246.7	497.7	53.0	.0	.0	
55.1	28.9	11.3	261.3	466.9	50.0	.0	.0	
54.0	34.6	11.2	156.7	498.7	40.0	.0	.0	
56.6	33.9	9.3	184.2	588.4	27.0	.0	.0	
62.5	31.5	8.0	252.5	539.0	59.0	.0	.0	
64.9	27.0	12.8	254.6	349.3	90.0	.0	.0	
60.3	34.1	12.0	191.7	307.9	97.0	.0	.0	
60.7	31.1	14.5	272.9	558.2	53.0	.0	.0	
59.6	34.3	15.4	195.0	649.9	38.0	.0	.0	
62.7	29.3	13.8	227.1	603.2	25.0	.0	.0	
50.5	16.0	19.6	308.3	641.8	19.0	.0	.0	
55.1	23.4	11.7	190.4	674.9	35.0	.0	.0	
57.8	35.2	9.3	194.2	381.6	80.0	.0	.0	
59.9	38.4	12.2	192.5	563.9	49.0	.0	.0	
50.9	41.4	15.4	116.7	506.3	39.0	14.0	.0	
53.7	33.9	10.4	182.5	617.7	29.0	.0	.0	
52.5	37.0	11.6	122.9	588.5	49.0	3.0	.0	
42.0	34.7	12.3	95.0	330.9	73.0	8.0	.0	
46.5	28.4	13.4	103.8	684.5	15.0	.0	.0	
43.9	28.1	11.1	147.5	638.5	51.0	.0	.0	
45.9	34.2	13.0	190.4	547.6	70.0	.0	.0	
49.7	43.9	10.3	218.8	435.9	89.0	16.0	.0	
57.3	42.0	14.7	258.3	416.3	72.0	.0	.0	
58.0	34.6	15.2	272.9	502.5	38.0	.0	.0	
55.3	39.2	18.0	193.3	424.8	60.0	.0	.0	
54.4	33.8	8.9	157.1	670.0	24.0	.0	.0	
54.4	43.0	8.7	100.4	574.1	54.0	28.0	.0	
58.8	45.3	11.8	173.3	578.2	39.0	.0	.0	
62.4	44.1	13.4	172.1	521.9	69.0	.0	.0	
56.9	43.3	10.0	196.3	478.3	79.0	45.0	.0	
   6    30    1963
58.7	43.5	10.5	125.4	508.0	58.0	8.0	.0	
56.3	48.0	11.0	132.1	338.8	96.0	4.0	.0	
59.6	44.8	10.4	222.5	523.6	58.0	5.0	.0	
61.6	43.4	12.1	195.0	571.0	42.0	23.0	.0	
59.7	36.9	13.3	219.2	601.8	49.0	.0	.0	
62.1	38.8	11.7	231.7	619.1	28.0	.0	.0	
62.5	41.2	11.8	203.8	576.7	37.0	.0	.0	
59.6	42.7	9.7	183.3	473.6	55.0	9.0	.0	
50.6	44.0	11.8	213.3	269.5	95.0	104.0	.0	
57.8	41.0	9.4	164.2	668.6	53.0	.0	.0	
60.6	42.5	9.0	162.9	603.8	49.0	.0	.0	
65.6	38.1	9.8	244.2	676.1	6.0	.0	.0	
69.3	41.7	11.7	170.8	584.3	53.0	.0	.0	
65.3	52.0	10.6	143.3	447.3	79.0	9.0	.0	
57.0	52.2	15.4	55.4	357.9	93.0	90.0	.0	
50.3	48.9	14.2	134.2	247.5	91.0	31.0	.0	
55.7	47.9	11.2	202.9	671.4	54.0	.0	.0	
59.1	46.7	13.2	191.3	476.8	65.0	1.0	.0	
63.8	41.6	10.3	248.8	769.7	2.0	.0	.0	
68.1	41.7	11.4	237.9	615.5	59.0	.0	.0	
70.3	38.7	11.8	229.2	740.2	13.0	.0	.0	
69.3	42.4	10.4	165.8	703.8	45.0	.0	.0	
68.4	51.9	12.9	115.0	749.7	13.0	.0	.0	
74.3	47.9	10.4	211.7	727.0	24.0	.0	.0	
66.5	31.4	16.7	205.0	767.5	2.0	.0	.0	
69.6	37.2	9.5	178.3	754.6	3.0	.0	.0	
73.3	40.0	11.8	213.3	732.5	4.0	.0	.0	
77.5	32.7	10.2	252.9	676.5	19.0	.0	.0	
77.1	22.4	14.9	206.7	770.8	2.0	.0	.0	
71.4	36.5	11.0	199.2	732.1	50.0	.0	.0	
   7    31    1963
66.8	48.2	14.7	81.3	559.6	56.0	.0	.0	
71.8	46.4	12.9	190.8	590.9	44.0	.0	.0	
71.4	47.9	12.3	220.8	551.4	50.0	14.0	.0	
72.5	49.8	11.4	247.1	674.9	59.0	.0	.0	
71.4	47.9	12.0	176.3	532.5	37.0	1.0	.0	
70.7	48.9	13.5	169.2	623.5	47.0	.0	.0	
70.0	52.8	14.0	178.8	602.9	46.0	.0	.0	
72.8	49.5	11.9	172.1	598.9	56.0	.0	.0	
69.6	54.4	9.8	228.3	291.7	85.0	.0	.0	
73.8	47.4	11.1	253.8	602.7	40.0	.0	.0	
70.4	48.0	12.3	196.3	317.6	74.0	.0	.0	
70.7	41.2	13.8	247.9	552.6	51.0	.0	.0	
68.1	49.9	12.1	107.5	616.1	28.0	.0	.0	
70.5	41.3	12.7	247.9	528.3	33.0	2.0	.0	
69.4	43.2	10.0	253.3	576.8	22.0	7.0	.0	
71.5	44.4	9.3	208.3	536.3	51.0	3.0	.0	
71.8	46.8	12.6	150.4	615.6	17.0	.0	.0	
77.5	38.2	10.9	261.3	680.2	9.0	.0	.0	
72.1	42.4	12.9	115.8	714.1	11.0	.0	.0	
76.3	49.8	13.6	165.8	695.8	21.0	.0	.0	
77.7	44.2	13.4	144.2	645.8	50.0	.0	.0	
71.8	51.2	13.2	210.4	480.9	84.0	23.0	.0	
75.7	49.3	12.5	252.5	643.3	59.0	.0	.0	
71.6	55.1	11.3	202.9	480.9	60.0	24.0	.0	
76.6	50.8	8.5	215.0	594.0	57.0	2.0	.0	
66.6	56.1	17.3	87.9	485.5	63.0	.0	.0	
59.8	52.8	10.7	86.7	359.0	84.0	1.0	.0	
67.8	48.9	11.7	197.5	559.4	45.0	.0	.0	
73.0	37.4	12.0	234.2	531.9	42.0	.0	.0	
74.4	35.4	15.1	278.8	692.4	3.0	.0	.0	
73.1	39.0	12.2	180.0	628.3	13.0	.0	.0	
   8    31    1963
75.3	43.3	12.5	262.1	364.0	82.0	.0	.0	
68.4	44.6	11.7	142.1	347.0	92.0	.0	.0	
64.6	54.4	13.9	157.9	253.6	98.0	6.0	.0	
65.3	57.9	10.4	205.8	404.4	87.0	38.0	.0	
66.3	53.7	9.7	231.7	351.7	73.0	.0	.0	
64.1	54.1	8.6	186.3	272.6	88.0	.0	.0	
65.5	55.5	11.8	222.5	439.2	75.0	2.0	.0	
68.8	54.2	12.0	253.8	385.3	77.0	50.0	.0	
67.0	55.2	11.6	176.3	497.5	54.0	.0	.0	
68.3	52.7	12.9	198.3	620.1	52.0	.0	.0	
68.5	53.5	12.2	218.3	354.8	70.0	.0	.0	
64.1	53.6	13.3	98.8	295.3	88.0	.0	.0	
60.8	54.0	8.9	186.7	293.9	62.0	9.0	.0	
67.2	49.6	8.1	178.3	666.9	10.0	.0	.0	
71.7	45.7	10.2	232.9	471.9	45.0	.0	.0	
71.3	43.3	14.2	172.5	587.9	23.0	.0	.0	
60.2	52.2	12.2	172.9	250.9	85.0	44.0	.0	
64.5	48.1	11.8	162.5	596.8	36.0	.0	.0	
67.1	50.9	9.9	206.7	620.9	8.0	.0	.0	
69.8	46.5	10.7	259.6	398.9	83.0	.0	.0	
67.7	49.5	9.9	209.2	438.9	59.0	3.0	.0	
67.5	51.3	12.5	237.9	309.0	93.0	2.0	.0	
66.1	49.1	11.1	242.1	465.7	50.0	.0	.0	
67.7	48.9	9.3	224.2	552.2	25.0	.0	.0	
65.9	54.6	9.8	192.9	386.1	60.0	34.0	.0	
66.3	52.7	7.3	190.0	461.9	63.0	2.0	.0	
67.7	43.7	9.4	266.7	430.4	64.0	.0	.0	
62.5	47.8	10.6	156.3	415.0	59.0	8.0	.0	
56.7	51.3	11.3	166.3	310.4	60.0	.0	.0	
63.1	52.0	11.1	155.8	443.1	91.0	.0	.0	
60.6	54.0	11.4	116.3	306.3	98.0	30.0	.0	
   9    30    1963
62.8	44.7	16.0	279.6	491.3	40.0	.0	.0	
64.7	41.9	13.4	263.3	455.6	22.0	.0	.0	
65.1	44.0	10.9	184.6	525.3	12.0	.0	.0	
62.6	46.7	9.9	203.8	574.2	16.0	.0	.0	
68.9	51.6	8.0	217.5	541.7	24.0	.0	.0	
69.3	47.4	11.2	175.4	237.0	93.0	.0	.0	
63.2	53.2	9.8	230.4	292.0	74.0	.0	.0	
64.6	50.5	11.3	292.5	455.7	60.0	130.0	.0	
60.2	53.2	9.2	174.6	370.5	57.0	48.0	.0	
65.9	43.1	12.5	265.0	531.9	16.0	.0	.0	
66.9	42.3	11.8	209.6	460.2	36.0	.0	.0	
59.8	50.5	10.3	228.8	445.6	35.0	.0	.0	
66.9	43.5	10.2	236.7	448.8	63.0	.0	.0	
63.9	43.7	15.2	253.3	403.7	50.0	.0	.0	
59.0	43.6	11.1	168.8	451.4	33.0	.0	.0	
63.9	47.8	10.2	194.2	476.3	34.0	.0	.0	
67.3	42.2	11.8	238.8	436.8	53.0	.0	.0	
63.4	46.7	11.1	174.2	381.1	33.0	.0	.0	
64.1	51.3	9.0	210.8	380.5	56.0	16.0	.0	
54.4	53.6	11.8	112.5	137.3	94.0	95.0	.0	
50.8	50.3	12.8	134.2	157.3	98.0	36.0	.0	
56.5	51.3	12.0	199.6	454.1	37.0	1.0	.0	
63.8	48.6	10.6	221.7	320.8	58.0	2.0	.0	
56.8	42.2	11.0	231.3	491.0	2.0	.0	.0	
58.4	39.9	7.6	254.6	472.8	2.0	.0	.0	
64.1	38.0	9.0	200.8	487.2	2.0	.0	.0	
64.3	39.3	9.0	235.8	485.9	2.0	.0	.0	
56.7	36.7	16.2	117.1	475.1	2.0	.0	.0	
59.8	36.0	11.4	262.1	477.5	2.0	.0	.0	
63.7	31.4	10.8	269.6	444.9	5.0	.0	.0	
  10    31    1963
64.1	31.9	12.7	232.5	361.4	31.0	.0	.0	
62.2	33.9	10.3	179.2	461.7	2.0	.0	.0	
61.7	30.6	12.5	286.3	413.2	5.0	.0	.0	
63.2	30.2	10.4	245.0	424.1	24.0	.0	.0	
63.5	29.4	10.4	238.3	351.4	67.0	.0	.0	
63.0	34.1	12.1	244.2	429.0	7.0	.0	.0	
59.1	35.8	10.3	235.4	339.8	58.0	.0	.0	
59.5	32.4	9.1	172.1	424.7	25.0	.0	.0	
61.6	36.3	10.4	265.8	297.4	62.0	.0	.0	
57.3	33.2	11.2	172.9	424.4	2.0	.0	.0	
54.1	40.0	13.6	187.9	368.1	22.0	.0	.0	
56.5	38.6	9.4	172.9	309.4	35.0	.0	.0	
50.7	38.6	12.4	265.8	236.4	53.0	10.0	.0	
52.8	33.8	14.5	290.0	365.2	6.0	.0	.0	
52.1	31.0	9.2	222.1	397.9	2.0	.0	.0	
51.1	31.6	9.1	236.3	392.9	2.0	.0	.0	
53.4	28.4	10.6	287.5	365.7	2.0	.0	.0	
57.1	28.9	11.1	255.0	373.2	10.0	.0	.0	
55.4	33.7	9.4	189.6	184.6	67.0	.0	.0	
45.8	43.1	17.3	113.3	111.1	95.0	94.0	.0	
51.3	34.6	13.8	289.2	375.0	10.0	.0	.0	
52.5	31.6	11.6	268.8	369.7	2.0	.0	.0	
54.9	33.1	13.5	271.7	340.5	39.0	.0	.0	
47.4	33.0	13.7	256.3	299.0	30.0	.0	.0	
57.1	29.3	13.0	250.0	256.8	40.0	.0	.0	
44.1	31.0	11.3	170.0	207.5	65.0	1.0	.0	
38.3	29.0	9.4	137.9	334.3	2.0	.0	.0	
35.8	21.8	12.8	213.3	315.3	43.0	.0	.0	
52.0	33.5	9.6	251.3	167.9	73.0	.0	.0	
42.8	26.7	13.9	190.0	256.9	69.0	.0	.0	
29.7	22.3	15.9	100.4	169.2	63.0	.0	2.5	
  11    30    1963
35.6	16.2	9.7	231.3	323.1	23.0	.0	.0	
47.9	11.6	11.5	228.8	284.9	38.0	.0	.0	
39.7	18.8	12.4	167.9	161.9	90.0	.0	.0	
45.6	24.8	14.2	282.9	277.2	59.0	.0	.0	
42.9	22.4	17.5	285.4	286.1	41.0	.0	.0	
44.4	20.6	8.5	226.3	247.4	59.0	.0	.0	
40.0	26.3	11.2	145.0	133.4	91.0	.0	.0	
41.0	27.9	12.2	204.2	151.5	70.0	.0	.0	
50.2	30.8	17.7	271.7	177.6	79.0	.0	.0	
45.6	31.1	10.6	253.8	257.0	21.0	.0	.0	
37.5	23.4	10.2	147.1	255.4	33.0	.0	.0	
35.0	21.9	7.0	206.3	262.1	55.0	.0	.0	
37.9	23.7	9.1	204.6	168.1	70.0	.0	.0	
50.5	24.3	11.7	256.3	199.4	58.0	.0	.0	
50.8	24.8	9.5	253.8	176.0	81.0	.0	.0	
35.4	27.3	14.8	127.1	86.7	95.0	2.0	.0	
31.4	13.8	14.2	266.7	260.7	20.0	.0	.0	
34.7	8.0	9.4	272.1	141.7	78.0	.0	.0	
34.7	9.3	9.5	250.8	258.0	15.0	.0	.0	
39.3	10.5	9.3	224.6	178.1	74.0	.0	.0	
26.1	20.9	8.9	175.0	127.0	73.0	.0	.0	
28.7	10.8	17.8	195.8	221.6	26.0	.0	.0	
40.8	11.2	13.5	246.3	168.3	47.0	.0	.0	
36.8	18.6	17.5	251.7	137.1	75.0	.0	.0	
31.0	17.3	14.1	271.7	241.5	3.0	.0	.0	
43.0	17.7	16.1	293.8	215.6	41.0	.0	.0	
47.2	14.9	15.1	276.3	224.4	18.0	.0	.0	
29.7	8.4	11.6	162.5	233.9	2.0	.0	.0	
38.2	1.6	17.5	280.8	208.6	34.0	.0	.0	
39.3	-4.0	9.1	246.3	229.2	32.0	.0	.0	
  12    31    1963
30.8	6.6	16.6	190.4	183.0	38.0	.0	.0	
34.1	5.1	16.2	290.0	209.4	13.0	.0	.0	
38.6	.3	16.5	289.5	232.5	2.0	.0	.0	
38.1	3.9	12.6	306.5	220.4	2.0	.0	.0	
38.8	5.1	12.7	284.6	229.1	14.0	.0	.0	
39.3	7.1	19.3	272.1	143.5	45.0	.0	.0	
19.5	8.7	26.7	288.3	156.7	31.0	.0	.0	
21.7	-2.2	16.8	275.0	189.5	47.0	.0	.0	
16.9	1.0	11.8	143.3	156.7	77.0	.0	5.1	
2.7	-2.3	11.1	47.1	91.2	97.0	.0	35.6	
2.6	-7.5	10.0	256.3	223.5	38.0	.0	5.1	
11.5	1.9	19.1	255.0	175.7	73.0	.0	10.2	
4.3	-5.1	14.3	270.8	222.0	2.0	.0	.0	
20.2	10.9	9.7	235.8	190.0	50.0	.0	.0	
25.3	16.5	10.9	191.3	137.1	52.0	.0	.0	
35.2	19.7	17.3	272.5	99.3	82.0	.0	.0	
14.4	10.9	10.4	141.3	95.1	88.0	.0	.0	
25.3	17.1	9.2	241.3	180.4	38.0	.0	.0	
36.8	20.9	14.8	282.5	155.6	73.0	.0	.0	
29.7	21.2	7.7	250.8	123.4	70.0	.0	.0	
22.6	20.6	7.7	91.3	95.7	98.0	.0	40.6	
18.1	10.3	10.0	239.2	198.4	20.0	.0	.0	
35.8	17.1	21.9	290.0	174.9	62.0	.0	.0	
43.5	18.2	20.4	287.9	181.4	33.0	.0	.0	
44.0	12.9	20.2	284.6	166.8	15.0	.0	.0	
31.5	10.2	14.6	270.4	214.8	31.0	.0	.0	
30.2	17.2	13.4	249.6	112.5	60.0	.0	.0	
29.6	15.4	16.9	282.1	143.2	64.0	.0	.0	
22.4	16.8	15.7	213.8	127.0	64.0	.0	10.2	
30.3	11.7	14.0	283.3	206.4	46.0	.0	.0	
40.5	17.0	21.7	298.8	181.5	40.0	.0	.0	
