   1    31    1974
-7.1	-16.5	7.2	51.3	207.6	20.0	0.0	0.0	
-12.6	-23.2	2.5	33.8	213.3	2.0	0.0	0.0	
-12.1	-21.9	2.2	33.8	200.2	5.0	0.0	0.0	
-4.4	-15.4	2.5	17.5	190.7	36.0	0.0	0.0	
0.4	-8.6	13.8	103.8	109.0	83.0	0.0	12.7	
5.8	-2.1	7.1	151.3	211.7	28.0	0.0	0.0	
17.7	14.5	9.7	227.5	103.3	95.0	0.0	17.8	
1.9	-6.5	8.1	87.5	233.3	41.0	0.0	5.1	
-1.2	-10.0	3.9	131.3	176.0	70.0	0.0	0.0	
7.2	-0.1	8.4	215.0	149.1	57.0	0.0	0.0	
15.4	3.4	21.6	247.5	207.1	37.0	0.0	0.0	
20.4	13.0	5.6	141.3	119.9	86.0	0.0	0.0	
28.2	19.9	16.7	231.3	184.5	57.0	0.0	0.0	
31.3	20.2	9.5	185.0	163.5	83.0	0.0	0.0	
34.8	21.3	6.7	177.5	188.2	59.0	0.0	0.0	
33.9	22.1	6.1	117.5	220.8	15.0	0.0	0.0	
31.5	25.7	6.8	156.3	115.6	61.0	0.0	0.0	
25.7	20.8	5.6	143.8	206.4	44.0	0.0	0.0	
33.0	26.9	12.7	232.5	162.5	73.0	0.0	0.0	
30.3	24.1	8.4	191.3	144.4	60.0	0.0	0.0	
20.3	14.8	8.9	172.5	123.1	96.0	0.0	73.7	
14.8	7.4	21.8	251.3	223.5	52.0	0.0	0.0	
23.6	16.4	18.0	243.8	248.2	34.0	0.0	0.0	
25.0	18.5	17.7	243.8	210.5	50.0	0.0	0.0	
26.8	20.0	13.4	233.8	203.2	68.0	0.0	0.0	
22.2	15.3	15.9	247.5	221.0	70.0	0.0	0.0	
19.8	13.0	20.7	252.5	217.0	38.0	0.0	0.0	
26.0	17.9	24.3	257.5	187.4	75.0	0.0	0.0	
27.5	16.7	15.4	227.5	217.7	87.0	0.0	0.0	
31.2	16.2	29.5	252.5	236.6	38.0	0.0	0.0	
33.2	21.1	15.9	251.3	132.0	84.0	0.0	0.0	
   2    28    1974
28.9	21.1	20.6	260.0	216.8	63.0	0.0	0.0	
22.0	14.7	23.5	257.5	223.9	58.0	0.0	0.0	
26.6	12.7	19.9	236.3	263.2	43.0	0.0	0.0	
28.8	11.5	11.3	240.0	252.1	54.0	0.0	0.0	
18.6	13.3	16.7	155.0	115.7	89.0	0.0	142.2	
12.0	6.4	13.1	216.3	262.7	71.0	0.0	17.8	
11.0	3.0	7.1	183.8	241.3	54.0	0.0	0.0	
17.2	9.1	21.8	243.8	270.6	29.0	0.0	0.0	
21.9	14.9	18.3	236.3	299.4	14.0	0.0	0.0	
24.9	13.8	8.9	222.5	326.2	2.0	0.0	0.0	
24.3	12.0	4.4	115.0	295.4	23.0	0.0	0.0	
25.7	12.6	4.9	116.3	282.4	25.0	0.0	0.0	
24.2	15.0	6.6	161.3	293.3	30.0	0.0	0.0	
26.2	16.3	16.7	247.5	304.5	30.0	0.0	0.0	
27.8	18.0	14.1	223.8	255.7	44.0	0.0	0.0	
27.1	17.7	4.2	81.3	316.6	27.0	0.0	0.0	
26.6	17.6	11.2	208.8	213.1	67.0	0.0	91.4	
23.1	14.5	21.1	250.0	283.3	59.0	0.0	0.0	
29.1	24.1	15.4	230.0	169.6	92.0	0.0	0.0	
17.6	9.9	10.8	231.3	297.4	74.0	0.0	0.0	
15.3	5.5	8.4	183.8	335.5	30.0	0.0	0.0	
16.0	7.3	12.5	217.5	212.2	54.0	0.0	0.0	
13.8	4.3	18.7	255.0	362.1	37.0	0.0	0.0	
13.5	1.7	12.4	242.5	366.8	13.0	0.0	0.0	
20.0	7.3	3.4	73.8	356.6	25.0	0.0	0.0	
26.7	13.3	4.3	55.0	322.9	63.0	0.0	0.0	
29.4	18.7	12.4	257.5	245.5	71.0	0.0	0.0	
30.4	18.5	9.4	183.8	291.6	83.0	0.0	0.0	
   3    31    1974
40.3	26.6	20.9	200.0	335.7	54.0	0.0	0.0	
34.9	24.7	24.8	236.3	267.8	72.0	4.0	0.0	
21.3	13.0	11.4	185.0	281.8	60.0	0.0	0.0	
18.2	8.8	23.5	260.0	316.8	58.0	0.0	0.0	
31.2	19.4	18.3	242.5	225.3	78.0	0.0	0.0	
37.2	25.5	11.6	213.8	223.9	95.0	0.0	0.0	
37.8	24.1	15.1	152.5	398.9	38.0	0.0	0.0	
36.4	24.2	11.9	192.5	240.6	76.0	0.0	0.0	
34.3	26.4	9.1	55.0	391.0	35.0	0.0	0.0	
37.5	26.8	10.1	127.5	319.4	77.0	0.0	0.0	
37.5	26.5	15.5	250.0	391.6	28.0	0.0	0.0	
39.8	26.7	6.5	117.5	374.7	25.0	0.0	0.0	
39.6	23.0	14.8	215.0	394.1	63.0	0.0	0.0	
36.8	25.6	17.0	275.0	259.1	83.0	0.0	0.0	
41.9	29.7	17.1	265.0	357.4	92.0	0.0	0.0	
44.3	32.8	8.8	245.0	295.3	93.0	0.0	0.0	
47.2	29.6	12.2	220.0	359.1	84.0	0.0	0.0	
36.1	26.6	10.7	228.8	204.0	82.0	7.0	0.0	
31.8	16.3	19.6	237.5	451.1	50.0	0.0	61.0	
17.3	1.1	12.3	166.3	467.1	45.0	0.0	2.5	
28.6	5.1	22.9	250.0	496.7	16.0	0.0	0.0	
33.0	18.3	21.7	272.5	210.6	85.0	19.0	0.0	
19.8	9.4	13.0	166.3	505.4	43.0	0.0	2.5	
32.2	17.2	16.9	253.8	405.1	54.0	0.0	0.0	
43.0	18.0	17.3	242.5	427.6	57.0	0.0	0.0	
43.8	22.9	8.2	180.0	365.7	95.0	0.0	0.0	
41.8	28.2	7.7	217.5	387.2	58.0	0.0	0.0	
36.5	24.0	18.8	246.3	221.1	67.0	0.0	0.0	
38.9	23.2	19.5	258.8	431.8	65.0	0.0	0.0	
42.7	33.6	14.0	247.5	240.3	98.0	0.0	0.0	
34.0	20.0	21.9	267.5	356.0	66.0	0.0	0.0	
   4    30    1974
35.2	20.6	9.3	185.0	333.2	80.0	0.0	0.0	
31.3	26.5	14.1	262.5	268.4	98.0	0.0	22.9	
28.6	21.7	12.0	211.3	259.1	90.0	0.0	10.2	
30.3	17.3	16.7	270.0	481.2	31.0	0.0	0.0	
37.7	19.5	12.1	217.5	396.2	67.0	0.0	0.0	
37.6	22.5	13.7	230.0	291.8	56.0	0.0	0.0	
34.1	15.6	16.3	235.0	483.7	48.0	0.0	0.0	
39.6	14.8	6.8	115.0	530.2	38.0	0.0	0.0	
46.6	19.1	15.3	182.5	371.9	90.0	5.0	0.0	
33.0	27.4	10.3	235.0	279.4	94.0	55.0	0.0	
35.4	29.1	10.0	178.8	352.6	98.0	13.0	0.0	
31.5	18.5	21.4	263.8	413.0	82.0	0.0	96.5	
31.9	23.7	12.7	168.8	352.0	98.0	0.0	30.5	
35.1	22.6	6.9	141.3	398.4	62.0	1.0	0.0	
39.3	19.4	9.5	207.5	633.5	2.0	0.0	0.0	
41.4	23.8	9.2	191.3	483.6	55.0	0.0	0.0	
46.2	22.8	10.8	207.5	593.0	16.0	0.0	0.0	
50.2	20.5	12.4	162.5	530.4	43.0	0.0	0.0	
45.8	22.8	10.3	91.3	399.6	97.0	21.0	0.0	
35.5	31.8	12.6	221.3	285.1	98.0	47.0	0.0	
40.0	25.3	18.6	262.5	527.9	61.0	30.0	0.0	
46.0	25.1	7.7	186.3	641.2	25.0	0.0	0.0	
52.0	24.9	11.8	152.5	372.6	63.0	0.0	0.0	
56.0	18.5	10.7	148.8	610.7	38.0	0.0	0.0	
57.9	30.5	12.8	173.8	621.7	15.0	0.0	0.0	
44.7	32.5	12.8	180.0	442.5	77.0	0.0	0.0	
35.6	21.8	12.9	253.8	479.3	71.0	0.0	0.0	
36.7	18.7	10.5	270.0	476.4	48.0	0.0	0.0	
42.0	22.5	4.4	105.0	531.0	35.0	0.0	0.0	
48.3	20.1	9.5	196.3	634.5	25.0	0.0	0.0	
   5    31    1974
54.6	19.4	14.3	248.8	560.5	79.0	0.0	0.0	
47.9	23.0	15.2	228.8	472.9	78.0	0.0	0.0	
39.6	31.0	8.6	207.5	330.9	90.0	0.0	0.0	
49.1	24.0	3.7	75.0	653.1	29.0	0.0	0.0	
53.9	17.1	4.6	148.8	691.9	4.0	0.0	0.0	
57.0	20.5	10.1	243.8	624.9	58.0	0.0	0.0	
59.3	29.8	10.7	230.0	638.1	49.0	0.0	0.0	
59.3	34.3	13.0	256.3	552.9	48.0	0.0	0.0	
57.8	34.3	13.1	205.0	557.0	49.0	0.0	0.0	
47.0	22.5	20.3	277.5	578.0	48.0	0.0	0.0	
48.4	16.6	14.7	227.5	728.4	2.0	0.0	0.0	
52.7	23.0	14.9	173.8	534.6	76.0	0.0	0.0	
39.5	4.0	19.9	288.8	679.1	48.0	0.0	0.0	
42.8	15.5	15.7	268.8	579.4	61.0	0.0	0.0	
42.6	18.2	12.7	222.5	680.3	15.0	0.0	0.0	
44.6	16.0	8.8	218.8	581.5	50.0	0.0	0.0	
53.3	24.8	17.0	127.5	436.9	60.0	1.0	0.0	
59.7	21.5	14.6	182.5	618.0	42.0	0.0	0.0	
55.1	20.6	18.6	180.0	538.3	56.0	17.0	0.0	
38.8	24.1	12.9	193.8	413.6	68.0	6.0	0.0	
43.6	19.2	19.3	258.8	607.4	51.0	2.0	0.0	
47.1	22.3	7.5	158.8	631.6	35.0	0.0	0.0	
52.0	26.2	5.2	102.5	610.4	35.0	0.0	0.0	
59.3	25.8	7.1	221.3	654.4	42.0	0.0	0.0	
60.7	30.4	15.0	281.3	509.0	55.0	0.0	0.0	
61.9	31.8	10.4	223.8	683.5	29.0	0.0	0.0	
62.4	33.2	11.8	206.3	513.4	68.0	1.0	0.0	
59.8	38.3	9.8	181.3	593.4	76.0	0.0	0.0	
60.2	31.1	14.0	197.5	633.6	49.0	4.0	0.0	
52.9	18.5	17.2	238.8	746.0	23.0	0.0	0.0	
53.2	23.1	11.5	147.5	716.0	27.0	0.0	0.0	
   6    30    1974
55.3	23.4	11.5	172.5	757.2	6.0	0.0	0.0	
59.9	20.7	9.5	187.5	724.3	8.0	0.0	0.0	
59.1	26.2	10.7	188.8	621.0	60.0	0.0	0.0	
61.6	30.2	16.6	218.8	586.7	78.0	0.0	0.0	
52.1	37.3	19.0	263.8	374.1	88.0	8.0	0.0	
46.5	33.5	14.8	283.8	530.9	66.0	3.0	0.0	
42.6	28.1	13.0	270.0	544.4	65.0	20.0	0.0	
43.3	35.4	9.3	235.0	456.0	76.0	0.0	0.0	
54.4	28.3	14.0	255.0	718.6	16.0	0.0	0.0	
59.9	23.4	12.0	227.5	650.6	26.0	0.0	0.0	
62.0	29.4	7.8	158.8	747.7	13.0	0.0	0.0	
67.1	29.5	9.1	192.5	664.5	51.0	0.0	0.0	
70.0	30.5	8.1	121.3	717.6	24.0	0.0	0.0	
72.3	28.4	7.4	158.8	622.8	59.0	0.0	0.0	
70.6	35.8	11.9	137.5	600.1	54.0	0.0	0.0	
68.5	35.5	8.8	168.8	533.7	75.0	0.0	0.0	
68.4	33.3	10.4	148.8	600.7	56.0	0.0	0.0	
71.2	32.0	4.6	156.3	705.6	21.0	0.0	0.0	
74.7	32.3	8.7	218.8	662.9	55.0	0.0	0.0	
74.0	26.5	13.1	195.0	708.6	27.0	0.0	0.0	
66.1	29.8	11.0	236.3	776.8	2.0	0.0	0.0	
68.2	34.2	5.9	93.8	722.7	15.0	0.0	0.0	
72.9	35.0	12.4	133.8	675.7	19.0	6.0	0.0	
72.8	33.0	6.9	93.8	685.2	36.0	0.0	0.0	
75.2	27.8	6.0	145.0	753.3	8.0	0.0	0.0	
73.7	25.0	11.3	287.5	774.9	8.0	0.0	0.0	
71.2	21.5	7.1	183.8	756.7	7.0	0.0	0.0	
72.0	23.7	12.6	268.8	757.0	5.0	0.0	0.0	
71.5	28.5	9.8	232.5	774.9	3.0	0.0	0.0	
71.2	25.9	7.8	220.0	765.0	7.0	0.0	0.0	
   7    31    1974
74.3	29.1	8.1	243.8	525.9	70.0	0.0	0.0	
59.8	41.2	13.7	256.3	619.7	48.0	12.0	0.0	
60.8	25.8	12.6	262.5	742.0	2.0	0.0	0.0	
68.0	20.2	8.8	226.3	779.4	2.0	0.0	0.0	
71.9	24.7	14.1	170.0	570.6	53.0	0.0	0.0	
72.6	30.4	13.7	240.0	587.8	72.0	0.0	0.0	
72.0	31.0	10.8	161.3	590.3	59.0	0.0	0.0	
67.9	35.6	8.1	171.3	683.1	32.0	0.0	0.0	
70.0	35.4	8.8	133.8	661.8	18.0	0.0	0.0	
72.1	26.4	12.9	202.5	714.2	20.0	0.0	0.0	
64.7	30.5	13.4	253.8	746.9	4.0	0.0	0.0	
69.7	22.3	7.4	100.0	752.5	8.0	0.0	0.0	
74.8	22.5	6.1	188.8	711.3	25.0	0.0	0.0	
73.9	30.4	13.1	107.5	637.1	53.0	0.0	0.0	
69.6	44.1	6.8	158.8	652.8	58.0	0.0	0.0	
67.4	48.7	8.7	185.0	560.2	66.0	0.0	0.0	
66.3	49.6	8.7	191.3	568.7	78.0	0.0	0.0	
68.0	47.1	8.7	148.8	620.8	49.0	11.0	0.0	
65.3	52.6	7.8	180.0	545.2	62.0	5.0	0.0	
64.9	52.3	6.9	153.8	571.9	53.0	1.0	0.0	
67.4	49.9	6.3	108.8	686.6	23.0	0.0	0.0	
70.9	41.5	7.1	78.8	704.1	16.0	0.0	0.0	
71.5	40.1	10.7	197.5	592.2	51.0	0.0	0.0	
68.7	41.2	7.0	186.3	590.8	52.0	0.0	0.0	
71.8	30.8	11.9	253.8	699.4	6.0	0.0	0.0	
72.7	27.6	7.8	226.3	630.8	17.0	0.0	0.0	
73.8	33.6	8.9	216.3	571.2	66.0	0.0	0.0	
70.7	36.4	8.1	78.8	619.2	46.0	14.0	0.0	
67.5	38.3	6.8	128.8	693.9	18.0	2.0	0.0	
66.2	38.5	8.1	141.3	427.8	67.0	0.0	0.0	
68.7	39.3	12.7	85.0	620.3	30.0	2.0	0.0	
   8    31    1974
69.5	36.5	15.4	63.8	616.0	56.0	4.0	0.0	
64.8	41.0	19.0	62.5	619.0	61.0	4.0	0.0	
63.9	36.0	8.0	140.0	567.7	67.0	1.0	0.0	
65.6	38.1	11.5	150.0	658.3	19.0	8.0	0.0	
64.6	33.0	7.1	146.3	630.9	19.0	0.0	0.0	
68.7	28.4	7.8	175.0	641.7	43.0	0.0	0.0	
63.4	38.4	13.4	222.5	590.3	54.0	0.0	0.0	
62.9	32.9	9.6	197.5	600.6	51.0	0.0	0.0	
50.4	38.9	9.0	100.0	407.0	59.0	49.0	0.0	
55.2	33.5	7.0	173.8	601.9	24.0	0.0	0.0	
64.7	22.8	12.9	235.0	632.6	36.0	0.0	0.0	
65.1	26.5	12.2	160.0	478.8	54.0	0.0	0.0	
69.5	30.9	8.4	142.5	580.7	50.0	0.0	0.0	
65.8	20.8	14.1	218.8	621.2	24.0	0.0	0.0	
64.5	15.9	8.4	223.8	674.5	4.0	0.0	0.0	
67.4	18.6	9.6	197.5	616.5	6.0	0.0	0.0	
69.4	20.9	9.5	220.0	611.3	11.0	0.0	0.0	
69.9	20.0	6.4	183.8	576.0	30.0	0.0	0.0	
71.6	25.3	14.3	141.3	576.7	47.0	0.0	0.0	
55.6	25.1	17.7	276.3	643.9	2.0	0.0	0.0	
56.0	23.4	6.4	192.5	648.6	2.0	0.0	0.0	
62.1	16.4	5.4	190.0	634.4	14.0	0.0	0.0	
67.3	17.3	5.5	215.0	614.9	15.0	0.0	0.0	
68.6	18.0	4.6	147.5	597.7	14.0	0.0	0.0	
68.9	21.9	8.2	246.3	586.3	14.0	0.0	0.0	
68.9	24.5	10.2	257.5	640.3	2.0	0.0	0.0	
68.4	33.3	7.0	183.8	573.7	21.0	0.0	0.0	
69.9	29.7	10.0	176.3	559.6	26.0	0.0	0.0	
66.0	32.5	12.6	135.0	541.2	47.0	0.0	0.0	
67.1	29.9	11.1	171.3	567.3	26.0	0.0	0.0	
65.5	29.7	14.3	162.5	522.7	40.0	0.0	0.0	
   9    30    1974
53.4	35.1	16.5	60.0	389.1	92.0	6.0	0.0	
48.7	25.9	12.7	82.5	599.5	8.0	0.0	0.0	
56.1	17.5	4.9	132.5	537.8	19.0	0.0	0.0	
64.3	22.0	6.7	175.0	561.9	20.0	0.0	0.0	
66.8	25.7	15.7	226.3	587.1	10.0	0.0	0.0	
60.8	25.3	12.3	193.8	596.2	2.0	0.0	0.0	
64.0	18.7	9.4	217.5	557.1	15.0	0.0	0.0	
66.1	26.5	8.6	170.0	504.9	39.0	0.0	0.0	
69.0	28.1	10.9	216.3	521.0	32.0	0.0	0.0	
67.0	27.0	13.4	218.8	515.3	18.0	0.0	0.0	
46.9	29.7	15.0	180.0	329.6	66.0	52.0	0.0	
37.9	29.8	10.4	86.3	502.6	37.0	2.0	0.0	
43.2	24.5	9.1	65.0	556.8	4.0	0.0	0.0	
50.1	28.0	6.9	83.8	439.0	31.0	0.0	0.0	
54.3	21.7	10.5	61.3	536.9	6.0	0.0	0.0	
55.7	19.0	5.1	63.8	551.0	2.0	0.0	0.0	
58.2	21.9	4.8	61.3	540.5	2.0	0.0	0.0	
59.5	19.9	3.8	103.8	521.6	2.0	0.0	0.0	
57.2	30.0	12.2	81.3	472.6	25.0	0.0	0.0	
51.0	32.8	14.6	71.3	499.5	4.0	0.0	0.0	
51.2	26.1	8.5	128.8	513.7	2.0	0.0	0.0	
56.0	20.7	6.6	118.8	521.7	2.0	0.0	0.0	
58.6	18.7	7.8	148.8	480.0	18.0	0.0	0.0	
58.0	19.7	13.5	66.3	502.2	2.0	0.0	0.0	
56.4	19.6	8.5	180.0	506.8	2.0	0.0	0.0	
61.1	17.5	16.0	253.8	499.8	2.0	0.0	0.0	
45.6	21.8	13.8	151.3	379.9	53.0	47.0	0.0	
48.4	17.5	15.0	251.3	490.1	2.0	0.0	0.0	
52.1	12.5	12.5	248.8	464.3	2.0	0.0	0.0	
53.9	12.2	7.2	155.0	449.3	11.0	0.0	0.0	
  10    31    1974
54.0	15.1	7.0	150.0	459.6	10.0	0.0	0.0	
57.7	15.0	7.1	180.0	460.3	6.0	0.0	0.0	
53.1	28.5	11.5	157.5	244.4	80.0	9.0	0.0	
46.9	33.0	13.0	245.0	356.0	75.0	15.0	0.0	
40.4	26.9	14.7	231.3	372.2	53.0	0.0	0.0	
36.6	21.4	4.2	93.8	434.6	4.0	0.0	0.0	
45.5	19.3	8.1	205.0	432.7	2.0	0.0	0.0	
50.7	23.8	5.3	173.8	420.5	8.0	0.0	0.0	
51.7	26.1	8.5	188.8	403.3	17.0	0.0	0.0	
50.4	29.9	10.2	213.8	374.6	36.0	0.0	0.0	
44.5	29.9	12.4	140.0	295.8	48.0	15.0	0.0	
44.8	32.7	8.7	56.3	239.0	38.0	0.0	0.0	
46.6	26.4	12.0	206.3	373.8	10.0	0.0	0.0	
42.2	22.6	8.1	167.5	406.5	5.0	0.0	0.0	
50.5	21.0	15.0	240.0	323.8	59.0	0.0	0.0	
53.9	23.1	10.7	246.3	317.0	55.0	0.0	0.0	
55.9	25.1	5.1	177.5	392.2	2.0	0.0	0.0	
52.7	17.0	3.6	96.3	393.8	2.0	0.0	0.0	
53.3	18.5	2.2	77.5	371.4	2.0	0.0	0.0	
53.8	23.4	8.4	152.5	368.0	6.0	0.0	0.0	
41.5	32.4	11.7	156.3	189.4	78.0	11.0	0.0	
42.3	38.8	12.7	85.0	216.2	81.0	57.0	0.0	
40.5	38.6	8.3	140.0	162.3	78.0	0.0	0.0	
40.0	37.5	3.9	62.5	148.7	86.0	4.0	0.0	
44.6	35.2	8.2	101.3	341.8	9.0	0.0	0.0	
43.0	31.1	4.2	90.0	301.6	32.0	0.0	0.0	
42.9	28.6	3.7	131.3	300.8	40.0	0.0	0.0	
41.4	34.7	6.5	86.3	205.1	90.0	7.0	0.0	
39.6	36.6	8.9	68.8	149.6	98.0	24.0	0.0	
32.6	30.9	10.0	163.8	194.9	81.0	38.0	0.0	
34.1	30.7	16.1	240.0	142.5	98.0	22.0	0.0	
  11    30    1974
35.9	31.1	8.1	190.0	164.6	91.0	0.0	0.0	
35.0	30.9	14.7	50.0	132.2	96.0	2.0	0.0	
30.3	28.7	16.4	51.3	182.3	72.0	0.0	7.6	
30.8	23.1	10.4	208.8	284.6	15.0	0.0	0.0	
32.9	24.0	11.6	226.3	282.5	3.0	0.0	0.0	
33.1	23.1	10.5	237.5	257.6	13.0	0.0	0.0	
36.6	20.9	7.7	100.0	295.2	2.0	0.0	0.0	
37.4	22.4	3.9	141.3	272.0	18.0	0.0	0.0	
35.1	24.0	15.0	240.0	216.2	62.0	0.0	0.0	
32.2	19.0	14.0	222.5	222.7	41.0	0.0	0.0	
31.7	14.3	12.6	255.0	279.5	9.0	0.0	0.0	
40.1	22.5	18.6	245.0	227.7	60.0	0.0	0.0	
34.4	23.2	15.3	138.8	211.3	50.0	0.0	0.0	
35.1	23.1	8.8	161.3	193.1	62.0	0.0	0.0	
37.6	22.6	10.2	270.0	214.9	50.0	0.0	0.0	
36.4	19.0	13.6	242.5	242.0	11.0	0.0	0.0	
35.7	15.8	7.9	206.3	226.7	35.0	0.0	0.0	
33.0	24.9	15.1	228.8	190.4	45.0	0.0	0.0	
30.0	19.4	13.1	251.3	198.0	38.0	0.0	0.0	
30.9	15.6	5.5	135.0	226.9	24.0	0.0	0.0	
36.1	18.8	4.6	88.8	222.7	50.0	0.0	0.0	
36.9	27.9	10.7	180.0	166.4	77.0	0.0	0.0	
28.8	19.7	16.1	246.3	212.3	50.0	0.0	0.0	
33.2	21.8	12.6	212.5	196.5	68.0	0.0	0.0	
32.1	18.8	15.7	202.5	172.3	42.0	0.0	0.0	
29.8	14.9	14.8	241.3	218.5	20.0	0.0	0.0	
24.1	13.6	6.5	187.5	161.6	84.0	0.0	0.0	
22.7	16.1	17.2	60.0	173.1	76.0	0.0	35.6	
18.7	10.4	4.2	68.8	232.3	2.0	0.0	0.0	
23.4	11.0	4.5	118.8	214.8	36.0	0.0	0.0	
  12    31    1974
27.7	8.6	5.5	176.3	224.9	15.0	0.0	0.0	
24.7	8.9	2.7	57.5	187.1	29.0	0.0	0.0	
25.6	9.1	2.7	37.5	183.2	31.0	0.0	0.0	
36.0	19.6	12.1	145.0	148.9	87.0	0.0	0.0	
34.3	28.4	12.0	241.3	137.4	92.0	0.0	0.0	
29.9	19.4	15.4	260.0	182.0	41.0	0.0	0.0	
25.4	21.0	13.7	97.5	138.9	76.0	0.0	78.7	
17.6	11.9	6.0	155.0	213.5	12.0	0.0	0.0	
24.1	1.5	10.6	241.3	222.8	2.0	0.0	0.0	
24.1	10.8	10.1	241.3	185.1	19.0	0.0	0.0	
26.4	19.1	16.3	246.3	151.9	46.0	0.0	0.0	
26.0	15.8	14.1	230.0	197.1	28.0	0.0	0.0	
22.4	18.0	17.7	202.5	93.5	95.0	0.0	53.3	
20.1	14.2	19.9	256.3	177.9	55.0	0.0	2.5	
20.5	14.9	16.3	266.3	135.1	71.0	0.0	0.0	
26.8	22.3	16.7	223.8	167.0	65.0	0.0	0.0	
26.0	20.8	15.0	222.5	138.6	36.0	0.0	0.0	
24.0	14.5	22.3	252.5	135.5	52.0	0.0	0.0	
24.0	16.1	21.0	268.8	165.8	50.0	0.0	0.0	
28.9	23.6	14.4	252.5	107.3	90.0	0.0	0.0	
34.9	25.3	23.1	250.0	120.6	92.0	0.0	0.0	
13.8	5.4	18.0	252.5	191.0	22.0	0.0	0.0	
3.0	-4.4	12.0	103.8	189.2	32.0	0.0	7.6	
3.4	-3.9	10.8	152.5	188.9	14.0	0.0	0.0	
12.9	6.3	9.8	226.3	191.1	5.0	0.0	0.0	
16.1	11.6	6.2	160.0	188.8	35.0	0.0	0.0	
15.9	9.9	5.9	151.3	118.4	79.0	0.0	0.0	
21.7	17.0	5.2	73.8	93.5	98.0	0.0	5.1	
18.0	13.6	10.7	153.8	95.1	60.0	0.0	10.2	
15.5	4.6	10.0	217.5	201.0	30.0	0.0	7.6	
12.7	9.2	5.8	183.8	204.2	46.0	0.0	2.5	
