   1    31    1978
16.1	7.4	16.3	281.3	137.4	68.0	.0	63.5	
4.7	-4.1	13.7	256.3	202.4	45.0	.0	.0	
6.6	.5	7.1	191.3	202.4	6.0	.0	.0	
26.0	21.5	6.2	147.5	157.1	91.0	.0	.0	
30.4	28.1	5.1	62.5	108.9	98.0	.0	.0	
32.6	31.9	7.4	162.5	113.5	98.0	.0	.0	
34.2	33.8	6.8	153.8	110.5	98.0	.0	.0	
9.5	.1	19.3	315.0	168.1	49.0	.0	.0	
-7.0	-18.0	17.5	306.3	220.8	2.0	.0	.0	
-6.0	-17.0	12.7	292.5	196.6	2.0	.0	.0	
-.2	-10.9	6.3	241.3	215.6	4.0	.0	.0	
10.0	4.3	2.0	52.5	113.7	95.0	.0	30.5	
17.7	15.0	11.5	228.8	142.6	98.0	.0	22.9	
13.2	6.8	13.1	348.8	175.7	89.0	.0	5.1	
6.5	-1.0	6.5	246.3	222.8	40.0	.0	.0	
6.2	-.5	8.8	241.3	170.6	73.0	.0	.0	
13.3	6.8	11.1	152.5	216.5	44.0	.0	.0	
11.7	6.4	4.3	210.0	166.7	71.0	.0	.0	
18.8	14.0	12.6	183.8	208.7	86.0	.0	.0	
17.1	13.1	12.6	308.8	117.4	90.0	.0	10.2	
7.1	.4	6.1	256.3	247.6	8.0	.0	.0	
8.4	3.4	7.9	135.0	202.4	51.0	.0	.0	
19.4	15.9	9.1	178.8	237.7	48.0	.0	.0	
23.4	21.1	5.9	200.0	113.7	96.0	.0	10.2	
12.6	9.9	7.2	156.3	151.6	84.0	.0	17.8	
12.2	6.9	24.6	300.0	124.0	98.0	.0	35.6	
2.6	-7.5	16.7	291.3	218.3	75.0	.0	.0	
3.8	-5.4	11.5	296.3	248.7	45.0	.0	.0	
-.6	-9.2	8.7	298.8	252.0	2.0	.0	.0	
2.6	-4.9	6.9	261.3	167.8	68.0	.0	2.5	
5.6	-1.5	7.5	200.0	268.3	16.0	.0	.0	
   2    28    1978
8.8	4.4	2.0	56.3	153.6	95.0	.0	43.2	
5.2	-1.5	5.1	271.3	264.4	65.0	.0	.0	
7.2	.4	2.6	25.0	195.8	75.0	.0	12.7	
11.3	8.9	6.1	147.5	134.5	96.0	.0	15.2	
8.9	-2.2	14.5	298.8	298.7	17.0	.0	.0	
5.0	-4.2	14.1	226.3	292.1	10.0	.0	.0	
11.1	4.3	10.2	303.8	244.9	64.0	.0	.0	
19.6	14.3	6.5	85.0	154.5	98.0	.0	.0	
20.1	13.0	6.2	217.5	230.4	77.0	.0	.0	
6.4	-.6	3.4	147.5	305.4	2.0	.0	.0	
12.5	6.2	4.9	205.0	227.8	78.0	.0	.0	
20.5	12.3	3.3	80.0	284.7	85.0	.0	.0	
24.5	19.6	17.1	81.3	171.4	94.0	.0	20.3	
16.3	8.8	6.6	272.5	227.8	54.0	.0	.0	
13.1	5.1	11.7	250.0	265.0	81.0	.0	.0	
4.6	-4.0	7.2	225.0	298.8	41.0	.0	.0	
3.2	-6.3	4.2	182.5	349.4	2.0	.0	.0	
3.4	-4.1	3.2	155.0	334.5	2.0	.0	.0	
3.1	-2.5	5.2	136.3	336.3	81.0	.0	.0	
12.9	7.4	5.8	95.0	244.9	74.0	.0	2.5	
9.8	1.1	6.7	281.3	366.4	5.0	.0	.0	
9.3	3.4	7.6	145.0	273.3	67.0	.0	5.1	
22.2	16.5	9.7	228.8	248.6	85.0	.0	17.8	
29.6	21.6	15.3	246.3	191.1	94.0	.0	.0	
24.3	15.5	16.1	290.0	285.3	51.0	.0	.0	
14.3	5.8	7.8	268.8	361.0	21.0	.0	.0	
16.9	11.9	7.2	171.3	189.0	87.0	.0	.0	
23.9	17.2	8.6	58.8	235.1	92.0	.0	2.5	
   3    31    1978
15.3	4.4	4.9	116.3	402.1	16.0	.0	.0	
16.5	10.2	6.6	68.8	201.8	98.0	.0	12.7	
16.0	7.6	8.8	280.0	405.9	38.0	.0	10.2	
4.6	-5.9	6.5	242.5	396.6	11.0	.0	.0	
9.7	2.1	9.0	186.3	382.5	67.0	.0	.0	
23.7	16.3	8.2	70.0	263.6	97.0	.0	2.5	
24.4	16.0	11.8	55.0	236.4	94.0	.0	.0	
22.1	12.9	9.6	47.5	438.7	18.0	.0	.0	
19.0	11.8	6.8	220.0	429.9	28.0	.0	.0	
28.8	22.3	2.8	106.3	394.6	46.0	.0	7.6	
32.8	31.1	3.0	72.5	222.3	97.0	22.0	.0	
29.8	27.6	4.9	140.0	236.9	98.0	.0	.0	
32.2	30.8	12.6	125.0	253.9	98.0	7.0	.0	
34.2	30.1	9.3	302.5	253.6	98.0	8.0	.0	
31.9	24.6	8.2	276.3	241.7	79.0	.0	.0	
26.7	17.7	10.7	253.8	411.5	18.0	.0	.0	
23.4	13.5	8.7	255.0	451.4	7.0	.0	.0	
29.8	23.4	14.8	216.3	386.8	77.0	.0	.0	
35.6	25.6	9.2	227.5	449.2	34.0	.0	.0	
39.1	33.4	9.4	178.8	286.1	80.0	.0	.0	
38.5	30.7	11.9	263.8	336.0	56.0	.0	.0	
41.3	32.9	7.4	265.0	237.6	77.0	.0	.0	
39.1	23.0	8.9	102.5	391.2	63.0	.0	.0	
27.9	16.2	20.7	52.5	192.6	87.0	.0	.0	
28.9	23.1	17.6	45.0	227.0	98.0	.0	91.4	
32.0	27.6	10.4	63.8	250.2	98.0	.0	.0	
34.4	30.1	5.5	148.8	449.6	88.0	.0	.0	
44.4	30.5	9.2	242.5	328.6	76.0	.0	.0	
39.2	24.7	7.5	138.8	450.7	62.0	.0	.0	
43.5	33.0	9.7	157.5	387.1	60.0	.0	.0	
61.5	45.7	15.7	206.3	437.5	38.0	.0	.0	
   4    30    1978
49.6	31.1	18.0	202.5	504.8	32.0	.0	.0	
33.1	28.3	16.3	95.0	227.3	98.0	24.0	.0	
51.8	45.5	8.1	112.5	344.0	85.0	2.0	.0	
48.8	41.1	9.4	192.5	264.4	67.0	.0	.0	
45.1	37.0	10.3	105.0	268.6	76.0	35.0	.0	
50.1	44.0	12.5	216.3	273.0	67.0	46.0	.0	
56.0	38.3	11.1	176.3	490.3	38.0	.0	.0	
40.1	29.0	15.7	66.3	231.4	98.0	.0	.0	
54.1	42.4	13.1	133.8	415.9	98.0	50.0	.0	
50.6	46.6	9.2	277.5	232.8	98.0	48.0	.0	
45.8	33.3	14.7	238.8	379.5	52.0	1.0	.0	
53.2	33.3	18.7	251.3	448.1	43.0	.0	.0	
43.6	26.4	16.0	281.3	540.8	18.0	.0	.0	
45.3	26.6	9.3	303.8	260.7	68.0	.0	.0	
43.5	24.7	4.2	112.5	556.2	28.0	.0	.0	
40.3	22.6	9.4	75.0	410.0	49.0	.0	.0	
43.2	27.9	14.3	91.3	373.5	62.0	5.0	.0	
49.5	41.9	16.3	121.3	278.1	98.0	60.0	.0	
43.7	38.7	12.0	168.8	248.1	98.0	4.0	.0	
38.1	34.0	10.5	252.5	242.7	98.0	12.0	.0	
41.2	24.8	9.1	292.5	597.9	17.0	.0	.0	
44.6	26.9	9.3	111.3	439.2	76.0	.0	.0	
50.8	41.5	14.3	182.5	385.0	87.0	22.0	.0	
51.4	42.6	8.3	148.8	389.4	83.0	20.0	.0	
51.0	28.9	16.0	37.5	640.3	20.0	.0	.0	
51.8	30.2	8.5	75.0	590.5	21.0	.0	.0	
54.0	32.1	4.9	155.0	607.9	25.0	.0	.0	
57.4	36.1	2.7	113.8	587.7	58.0	.0	.0	
56.0	35.0	9.9	48.8	400.5	93.0	.0	.0	
43.1	23.9	13.1	52.5	617.8	29.0	.0	.0	
   5    31    1978
42.0	21.2	10.8	37.5	636.8	2.0	.0	.0	
46.2	21.4	6.8	66.3	660.8	2.0	.0	.0	
50.1	26.4	11.0	103.8	464.6	78.0	.0	.0	
45.9	27.9	18.8	60.0	292.4	98.0	8.0	.0	
41.9	35.6	10.7	35.0	298.7	93.0	4.0	.0	
49.6	33.5	6.7	62.5	502.8	73.0	.0	.0	
48.4	43.3	12.7	102.5	261.7	98.0	66.0	.0	
57.3	46.8	15.9	212.5	528.2	78.0	3.0	.0	
50.9	40.3	15.2	270.0	339.9	88.0	.0	.0	
58.7	43.6	9.8	190.0	600.0	35.0	.0	.0	
63.4	55.5	16.3	186.3	279.6	98.0	28.0	.0	
65.7	57.4	12.9	171.3	443.9	90.0	113.0	.0	
45.1	41.1	20.0	270.0	268.6	98.0	150.0	.0	
46.0	40.3	13.8	346.3	314.3	98.0	1.0	.0	
54.3	47.6	10.7	112.5	327.8	98.0	.0	.0	
54.6	46.6	8.1	37.5	286.7	78.0	.0	.0	
59.0	48.7	3.5	88.8	574.6	16.0	.0	.0	
64.5	52.5	2.0	108.8	684.3	2.0	.0	.0	
68.2	55.1	6.0	151.3	574.4	56.0	.0	.0	
66.4	54.6	11.9	247.5	570.1	68.0	.0	.0	
53.9	38.8	6.6	68.8	625.5	62.0	.0	.0	
58.1	44.1	6.3	97.5	403.5	75.0	.0	.0	
61.8	56.2	6.2	83.8	300.8	98.0	.0	.0	
65.9	56.6	4.5	83.8	442.1	76.0	.0	.0	
73.7	61.4	7.4	136.3	440.0	67.0	.0	.0	
79.5	62.4	9.7	162.5	601.8	29.0	.0	.0	
80.2	61.3	8.5	172.5	610.4	33.0	.0	.0	
76.8	61.0	6.9	165.0	346.0	93.0	10.0	.0	
74.8	60.4	9.2	171.3	587.8	47.0	1.0	.0	
70.0	54.4	8.3	201.3	555.3	50.0	.0	.0	
75.2	55.5	7.8	153.8	569.1	80.0	.0	.0	
   6    30    1978
72.4	53.1	11.3	257.5	488.9	91.0	.0	.0	
61.1	43.5	8.0	266.3	620.7	45.0	.0	.0	
62.3	44.0	6.4	171.3	575.3	37.0	.0	.0	
68.6	46.4	10.4	180.0	651.6	21.0	.0	.0	
67.4	45.1	3.2	127.5	650.0	34.0	.0	.0	
74.1	49.1	9.3	180.0	581.6	66.0	.0	.0	
70.8	58.9	7.6	226.3	488.5	86.0	55.0	.0	
58.4	43.7	6.2	50.0	437.1	63.0	.0	.0	
64.7	45.6	6.4	163.8	691.0	8.0	.0	.0	
71.2	46.6	13.7	187.5	720.7	5.0	.0	.0	
79.1	58.6	14.8	197.5	647.2	66.0	1.0	.0	
70.8	52.6	12.6	292.5	658.5	32.0	10.0	.0	
57.9	40.4	5.3	126.3	655.3	28.0	.0	.0	
63.3	41.1	11.2	140.0	364.1	80.0	.0	.0	
72.2	53.5	14.7	176.3	508.9	98.0	.0	.0	
69.1	61.4	8.6	162.5	300.5	95.0	92.0	.0	
74.7	66.0	12.7	191.3	357.2	93.0	55.0	.0	
69.7	56.4	7.5	275.0	565.9	59.0	.0	.0	
69.8	52.7	4.9	135.0	689.2	25.0	.0	.0	
70.4	61.9	8.5	231.3	335.3	85.0	1.0	.0	
64.1	47.4	8.9	267.5	696.1	7.0	.0	.0	
68.2	51.3	3.3	143.8	620.5	35.0	.0	.0	
70.3	52.0	10.3	125.0	422.1	62.0	.0	.0	
76.6	63.5	5.0	111.3	620.9	88.0	.0	.0	
72.5	69.0	10.4	146.3	287.3	95.0	255.0	.0	
79.8	70.8	10.8	235.0	582.4	53.0	47.0	.0	
77.9	65.9	6.9	222.5	527.2	50.0	2.0	.0	
75.1	65.1	3.7	155.0	433.7	72.0	.0	.0	
78.7	68.5	4.4	241.3	607.8	54.0	.0	.0	
75.5	68.8	9.2	131.3	346.8	95.0	45.0	.0	
   7    31    1978
74.5	68.1	10.4	118.8	452.4	93.0	142.0	.0	
71.2	67.0	8.8	175.0	348.9	98.0	170.0	.0	
70.8	62.4	5.2	142.5	353.9	96.0	.0	.0	
73.6	58.0	4.3	128.8	529.1	66.0	.0	.0	
76.1	65.1	10.2	142.5	630.8	23.0	.0	.0	
77.1	69.3	9.8	205.0	586.2	85.0	75.0	.0	
76.5	67.9	9.4	228.8	619.4	58.0	1.0	.0	
72.8	60.3	6.1	221.3	668.2	18.0	.0	.0	
73.5	64.1	8.1	255.0	509.8	71.0	25.0	.0	
67.7	52.9	7.0	153.8	623.0	35.0	.0	.0	
66.7	51.0	4.6	82.5	600.5	27.0	.0	.0	
67.2	59.5	10.7	160.0	320.9	83.0	48.0	.0	
74.8	65.4	7.8	246.3	533.9	67.0	.0	.0	
70.5	63.5	4.2	127.5	485.4	54.0	.0	.0	
75.1	63.7	4.6	135.0	649.9	18.0	.0	.0	
73.1	62.4	4.5	112.5	573.8	45.0	4.0	.0	
75.7	68.0	9.7	180.0	543.7	61.0	.0	.0	
76.9	70.1	9.8	190.0	401.3	70.0	.0	.0	
78.6	71.0	4.5	141.3	412.5	73.0	3.0	.0	
77.1	70.8	7.9	187.5	357.2	68.0	91.0	.0	
76.3	71.8	3.2	127.5	332.3	98.0	15.0	.0	
76.5	70.5	10.5	221.3	373.2	91.0	110.0	.0	
67.9	58.9	6.3	82.5	364.6	84.0	.0	.0	
69.8	60.6	4.6	120.0	583.3	16.0	.0	.0	
72.7	67.0	7.0	170.0	436.2	55.0	.0	.0	
73.4	68.1	5.1	182.5	309.0	78.0	41.0	.0	
71.7	60.6	7.5	251.3	607.1	21.0	.0	.0	
70.9	61.4	10.1	146.3	522.3	56.0	.0	.0	
72.4	63.1	10.5	198.8	286.3	90.0	2.0	.0	
63.2	57.4	4.9	37.5	311.0	93.0	.0	.0	
66.0	60.5	5.5	125.0	470.1	46.0	14.0	.0	
   8    31    1978
70.3	61.8	6.7	130.0	606.5	52.0	.0	.0	
73.3	65.8	7.9	261.3	397.7	70.0	6.0	.0	
65.9	52.5	6.2	251.3	535.8	23.0	.0	.0	
62.7	51.4	2.6	138.8	608.9	13.0	.0	.0	
64.2	54.3	3.7	142.5	530.5	35.0	.0	.0	
69.8	58.5	2.1	107.5	557.1	17.0	.0	.0	
70.8	59.7	2.9	107.5	592.7	13.0	.0	.0	
75.9	65.1	10.4	212.5	575.5	43.0	15.0	.0	
74.8	61.1	5.8	243.8	594.8	25.0	2.0	.0	
70.6	60.3	4.4	105.0	499.7	51.0	.0	.0	
72.8	66.2	7.1	120.0	389.5	82.0	.0	.0	
74.6	66.5	3.5	98.8	596.2	15.0	.0	.0	
76.1	67.4	6.4	118.8	606.7	4.0	.0	.0	
77.1	67.4	8.8	135.0	618.0	3.0	.0	.0	
77.7	70.4	13.1	183.8	374.7	61.0	56.0	.0	
72.5	60.9	12.7	238.8	573.3	12.0	.0	.0	
72.9	65.4	9.8	142.5	473.3	68.0	.0	.0	
78.8	72.6	11.2	180.0	424.2	64.0	11.0	.0	
69.5	58.0	8.9	238.8	540.3	39.0	85.0	.0	
66.9	54.7	2.5	91.3	542.8	3.0	.0	.0	
66.9	58.8	7.5	151.3	394.1	55.0	.0	.0	
73.2	63.9	9.4	170.0	497.6	45.0	.0	.0	
75.9	64.9	9.0	177.5	560.6	28.0	.0	.0	
77.5	70.7	7.8	166.3	407.3	83.0	28.0	.0	
71.9	67.5	7.9	91.3	306.3	98.0	.0	.0	
75.0	70.7	5.3	121.3	253.7	98.0	2.0	.0	
73.7	69.4	6.7	188.8	233.7	95.0	5.0	.0	
73.2	65.2	8.5	285.0	359.1	75.0	55.0	.0	
69.1	59.1	4.9	230.0	510.7	55.0	.0	.0	
69.0	58.1	2.2	65.0	530.3	59.0	.0	.0	
69.0	59.9	3.0	103.8	475.6	35.0	.0	.0	
   9    30    1978
70.2	59.6	8.1	167.5	504.7	29.0	.0	.0	
72.6	63.4	8.4	202.5	507.9	18.0	.0	.0	
73.2	61.4	6.8	190.0	560.4	13.0	.0	.0	
66.2	57.3	2.0	6.3	515.6	24.0	.0	.0	
70.9	60.2	4.9	146.3	493.9	21.0	.0	.0	
71.6	60.1	6.2	171.3	510.1	21.0	.0	.0	
75.6	64.4	5.7	202.5	528.9	9.0	.0	.0	
79.5	66.4	4.7	210.0	475.3	47.0	.0	.0	
78.0	65.8	3.5	88.8	509.8	13.0	.0	.0	
77.9	64.1	4.5	171.3	521.9	2.0	.0	.0	
75.9	66.2	8.4	163.8	429.3	45.0	3.0	.0	
71.9	67.9	8.6	73.8	216.0	95.0	27.0	.0	
71.1	68.5	10.1	143.8	254.8	88.0	241.0	.0	
69.7	61.1	8.5	205.0	360.7	51.0	22.0	.0	
68.1	60.3	9.1	176.3	385.2	48.0	.0	.0	
67.7	59.6	11.0	87.5	225.2	96.0	17.0	.0	
66.9	63.3	10.1	43.8	222.9	98.0	89.0	.0	
75.4	69.6	8.9	185.0	299.0	85.0	2.0	.0	
79.2	71.4	8.8	192.5	392.9	22.0	.0	.0	
70.9	66.2	7.8	195.0	228.7	90.0	26.0	.0	
57.9	50.0	9.6	298.8	245.1	80.0	.0	.0	
56.6	43.2	4.3	151.3	483.8	6.0	.0	.0	
57.4	46.7	3.6	123.8	471.9	2.0	.0	.0	
62.2	51.5	6.2	216.3	470.1	2.0	.0	.0	
58.5	45.6	7.0	63.8	443.5	2.0	.0	.0	
59.9	46.7	9.1	198.8	453.3	5.0	.0	.0	
59.1	48.2	7.4	148.8	263.2	51.0	.0	.0	
53.3	42.4	3.5	93.8	431.1	41.0	.0	.0	
60.7	51.0	9.8	181.3	346.5	78.0	4.0	.0	
58.7	53.6	7.4	282.5	233.3	87.0	2.0	.0	
  10    31    1978
56.5	47.5	3.9	93.8	384.8	10.0	.0	.0	
59.0	52.8	7.2	150.0	296.9	73.0	28.0	.0	
57.3	50.0	11.2	265.0	267.0	71.0	2.0	.0	
54.5	47.1	10.5	215.0	210.5	82.0	21.0	.0	
53.3	47.8	17.1	256.3	181.4	86.0	1.0	.0	
48.3	40.0	13.4	301.3	166.8	86.0	.0	.0	
42.9	36.6	6.5	236.3	165.2	58.0	.0	.0	
43.7	35.9	4.1	138.8	367.3	43.0	.0	.0	
57.3	49.2	10.0	183.8	165.9	98.0	3.0	.0	
56.3	53.0	9.8	161.3	150.3	94.0	3.0	.0	
55.8	52.6	10.4	192.5	156.8	90.0	.0	.0	
50.4	46.9	5.5	192.5	154.6	80.0	1.0	.0	
46.0	36.1	5.9	225.0	258.0	53.0	.0	.0	
39.4	30.6	8.2	293.8	298.4	32.0	.0	.0	
44.3	38.5	11.3	233.8	169.1	98.0	8.0	.0	
43.5	36.4	10.2	155.0	220.5	63.0	.0	.0	
45.5	36.2	8.3	141.3	276.9	66.0	.0	.0	
47.8	40.6	5.5	285.0	242.1	58.0	.0	.0	
47.5	36.2	6.9	175.0	301.4	70.0	.0	.0	
53.8	42.4	5.8	141.3	335.8	2.0	.0	.0	
62.9	50.5	9.3	161.3	276.0	53.0	.0	.0	
57.7	51.4	9.4	206.3	154.2	98.0	5.0	.0	
42.9	35.5	9.5	75.0	306.0	45.0	.0	.0	
43.9	35.3	14.3	190.0	328.1	7.0	.0	.0	
51.6	47.8	12.5	253.8	126.3	93.0	15.0	.0	
43.4	34.4	8.5	257.5	291.7	39.0	.0	.0	
46.4	36.4	8.9	253.8	310.4	2.0	.0	.0	
43.3	32.7	6.4	166.3	306.7	13.0	.0	.0	
46.9	36.3	12.2	137.5	287.3	32.0	.0	.0	
50.7	38.3	10.4	223.8	296.5	2.0	.0	.0	
47.3	35.2	7.4	65.0	286.1	33.0	.0	.0	
  11    30    1978
42.4	28.9	4.2	137.5	278.2	3.0	.0	.0	
51.1	41.9	5.1	145.0	289.4	4.0	.0	.0	
56.1	44.4	7.5	162.5	280.6	30.0	.0	.0	
56.3	48.4	4.1	72.5	272.0	48.0	.0	.0	
55.4	50.4	10.0	246.3	180.2	61.0	13.0	.0	
43.1	31.5	7.5	170.0	133.4	95.0	2.0	.0	
37.7	25.9	3.5	131.3	266.9	10.0	.0	.0	
45.1	31.5	13.4	185.0	225.1	34.0	.0	.0	
49.7	36.1	7.8	168.8	226.2	28.0	.0	.0	
49.1	37.7	7.5	137.5	164.0	67.0	.0	.0	
42.6	36.7	14.0	28.8	125.6	88.0	.0	.0	
41.6	36.6	12.7	73.8	127.8	98.0	8.0	.0	
49.3	45.0	16.6	213.8	133.0	90.0	63.0	.0	
32.8	24.1	11.4	290.0	234.0	44.0	.0	.0	
32.8	24.7	3.5	87.5	201.2	78.0	.0	.0	
35.3	30.9	10.4	52.5	126.1	85.0	10.0	.0	
41.5	38.1	17.9	210.0	98.1	98.0	76.0	.0	
39.3	32.5	12.3	257.5	198.4	61.0	.0	.0	
29.0	19.1	11.1	266.3	245.1	2.0	.0	.0	
26.2	21.5	11.3	98.8	89.4	96.0	.0	7.6	
25.5	17.9	8.2	192.5	123.5	98.0	.0	.0	
29.5	22.9	7.6	72.5	111.7	98.0	.0	78.7	
35.6	31.5	12.0	221.3	107.6	98.0	10.0	.0	
30.0	22.9	11.1	288.8	130.7	80.0	.0	.0	
29.0	21.6	4.9	117.5	165.8	72.0	.0	.0	
33.0	27.9	12.6	52.5	82.0	98.0	13.0	.0	
32.0	29.7	11.1	197.5	124.1	98.0	9.0	.0	
19.6	14.2	14.7	225.0	196.1	78.0	.0	5.1	
30.3	24.9	17.0	242.5	112.2	60.0	.0	15.2	
17.4	11.8	6.2	246.3	164.1	57.0	.0	.0	
  12    31    1978
24.6	20.8	8.2	23.8	106.4	98.0	.0	99.1	
22.3	16.3	13.7	45.0	131.5	98.0	.0	55.9	
28.1	25.3	14.0	177.5	113.7	94.0	.0	83.8	
19.5	15.3	16.0	231.3	177.5	48.0	.0	.0	
31.8	27.0	9.6	253.8	109.8	98.0	.0	20.3	
18.7	8.3	10.5	241.3	137.1	94.0	.0	.0	
14.4	10.4	16.4	222.5	85.9	98.0	.0	66.0	
9.3	4.0	11.0	298.8	130.2	89.0	.0	.0	
.2	-5.9	9.8	218.8	211.1	2.0	.0	.0	
1.0	-3.4	8.8	196.3	189.8	43.0	.0	.0	
27.9	25.3	8.4	221.3	98.6	98.0	.0	.0	
32.6	27.1	15.1	207.5	122.5	77.0	.0	.0	
25.1	17.7	18.9	281.3	191.9	31.0	.0	.0	
25.2	18.9	16.0	212.5	148.4	68.0	.0	.0	
29.8	22.5	9.5	202.5	195.9	3.0	.0	.0	
26.8	20.8	11.1	203.8	112.9	43.0	.0	.0	
23.4	16.4	8.4	190.0	190.9	18.0	.0	.0	
32.8	25.5	7.6	125.0	159.1	81.0	.0	.0	
32.5	28.5	16.4	95.0	89.5	98.0	.0	.0	
30.4	27.1	12.7	208.8	96.9	98.0	.0	20.3	
20.3	15.5	13.8	238.8	194.7	27.0	.0	.0	
29.3	21.5	17.2	247.5	180.4	39.0	.0	.0	
29.2	23.9	14.4	153.8	123.0	90.0	.0	15.2	
29.1	23.7	13.1	283.8	108.7	96.0	.0	20.3	
18.0	12.8	6.3	196.3	148.8	69.0	.0	7.6	
13.7	9.1	11.0	287.5	183.1	29.0	.0	2.5	
9.9	4.0	5.9	165.0	137.4	56.0	.0	.0	
24.1	15.9	19.7	123.8	91.1	98.0	.0	48.3	
31.8	28.9	14.9	161.3	112.8	98.0	.0	50.8	
23.6	19.2	11.0	266.3	107.6	98.0	.0	55.9	
17.3	14.4	17.8	313.8	115.7	98.0	.0	154.9	
