   1    31    1980
29.7	26.8	4.6	195.0	103.5	98.0	.0	.0	
29.8	25.5	6.9	263.8	86.5	98.0	.0	.0	
31.1	27.5	7.2	158.8	109.4	98.0	.0	5.1	
26.8	21.2	10.8	87.5	117.7	98.0	.0	43.2	
26.1	22.0	12.0	325.0	114.1	98.0	.0	33.0	
27.1	21.6	10.8	208.8	132.2	98.0	.0	.0	
30.0	20.6	18.1	241.3	210.9	42.0	.0	5.1	
21.6	12.6	8.1	252.5	190.2	64.0	.0	.0	
22.4	13.8	6.1	117.5	200.2	45.0	.0	.0	
31.8	22.0	9.7	122.5	104.0	72.0	.0	.0	
42.8	36.7	21.5	203.8	97.1	81.0	102.0	.0	
22.7	8.6	12.2	217.5	191.8	30.0	.0	.0	
34.8	18.7	10.3	135.0	106.1	92.0	.0	.0	
39.2	35.4	5.4	168.8	109.3	98.0	3.0	.0	
37.8	34.2	7.5	125.0	116.3	98.0	.0	.0	
43.7	37.8	8.9	136.3	95.4	98.0	.0	.0	
49.3	43.1	11.3	213.8	132.0	93.0	1.0	.0	
34.7	29.2	5.9	291.3	138.3	81.0	.0	.0	
34.9	25.9	8.2	303.8	184.8	83.0	.0	.0	
33.2	24.1	10.2	323.8	167.7	61.0	.0	.0	
30.9	21.1	8.9	225.0	231.6	37.0	.0	.0	
35.1	28.5	13.7	227.5	98.8	98.0	.0	.0	
20.9	11.5	16.8	286.3	114.1	73.0	.0	5.1	
18.9	12.5	9.1	188.8	112.4	71.0	.0	53.3	
33.3	29.6	10.3	207.5	145.0	83.0	1.0	.0	
24.1	15.7	5.8	112.5	256.4	26.0	.0	.0	
26.5	15.4	6.1	156.3	156.1	78.0	.0	.0	
22.4	13.3	9.5	320.0	100.2	95.0	.0	.0	
16.0	6.4	11.2	318.8	167.1	59.0	.0	.0	
18.6	8.4	5.8	158.8	123.9	96.0	.0	.0	
16.8	9.6	10.9	300.0	180.0	71.0	.0	12.7	
   2    29    1980
13.0	3.6	9.2	286.3	294.3	4.0	.0	.0	
16.6	7.8	5.8	245.0	129.7	78.0	.0	.0	
17.5	8.6	6.0	266.3	197.7	76.0	.0	.0	
16.9	9.6	7.1	306.3	234.9	35.0	.0	.0	
21.3	12.9	4.8	92.5	147.7	70.0	.0	.0	
27.2	22.2	8.9	100.0	126.8	98.0	.0	15.2	
23.5	17.8	8.9	273.8	223.2	68.0	.0	.0	
22.3	15.5	2.5	35.0	180.7	77.0	.0	.0	
27.2	19.4	7.4	56.3	180.3	83.0	.0	.0	
21.0	14.9	7.6	253.8	149.4	71.0	.0	.0	
23.8	17.6	13.3	228.8	161.7	72.0	.0	10.2	
16.8	10.6	8.4	213.8	271.5	13.0	.0	.0	
22.0	12.4	7.1	136.3	305.4	20.0	.0	.0	
33.3	22.3	6.9	197.5	147.2	98.0	.0	.0	
34.4	31.6	6.9	158.8	148.7	98.0	31.0	.0	
22.2	16.1	13.3	308.8	255.0	65.0	.0	27.9	
14.8	6.8	7.9	240.0	181.0	65.0	.0	.0	
20.2	10.1	8.4	155.0	372.4	15.0	.0	.0	
37.1	22.6	7.9	128.8	196.4	72.0	.0	.0	
39.6	34.4	5.6	125.0	162.6	98.0	3.0	.0	
41.1	39.7	9.1	156.3	169.7	98.0	36.0	.0	
46.7	43.0	14.4	188.8	160.5	98.0	5.0	.0	
39.8	36.4	6.9	223.8	176.4	98.0	1.0	.0	
35.6	27.6	11.1	252.5	178.8	98.0	.0	.0	
31.4	25.3	8.5	161.3	192.0	98.0	.0	68.6	
17.7	6.6	14.1	253.8	394.4	45.0	.0	2.5	
27.9	16.7	14.6	238.8	197.9	98.0	.0	.0	
22.8	14.0	7.8	175.0	235.8	70.0	.0	33.0	
12.8	2.3	11.4	322.5	367.1	54.0	.0	.0	
   3    31    1980
10.4	-.5	12.3	148.8	193.8	87.0	.0	7.6	
10.4	-.2	9.4	323.8	402.1	8.0	.0	.0	
15.7	3.0	8.9	160.0	403.6	33.0	.0	.0	
32.0	18.5	9.3	155.0	191.8	87.0	23.0	.0	
36.9	32.8	13.0	215.0	188.3	98.0	30.0	.0	
31.3	19.9	7.5	188.8	291.7	77.0	.0	.0	
37.8	31.4	4.6	105.0	207.0	91.0	24.0	.0	
43.2	40.0	11.0	211.3	284.6	90.0	31.0	.0	
36.7	25.1	8.4	216.3	280.9	67.0	.0	.0	
42.4	30.8	14.6	190.0	194.7	83.0	11.0	.0	
27.8	11.6	13.8	261.3	357.0	43.0	.0	.0	
27.4	10.4	11.0	126.3	282.3	78.0	.0	.0	
34.8	30.4	11.4	116.3	205.0	98.0	22.0	.0	
32.6	24.7	15.5	250.0	286.7	70.0	.0	.0	
40.0	29.0	6.8	117.5	471.4	25.0	.0	.0	
53.7	32.6	13.7	146.3	222.3	77.0	.0	.0	
48.8	42.7	13.3	182.5	201.1	98.0	51.0	.0	
36.1	23.6	11.1	243.8	421.9	30.0	.0	.0	
42.9	25.6	8.4	118.8	301.0	62.0	.0	.0	
51.6	39.7	9.1	150.0	212.0	90.0	5.0	.0	
42.4	34.5	19.9	240.0	233.8	80.0	59.0	.0	
36.1	21.2	10.5	265.0	475.2	19.0	.0	.0	
40.9	24.6	7.8	92.5	302.0	67.0	.0	.0	
46.2	39.8	7.4	151.3	205.1	98.0	25.0	.0	
35.7	27.9	9.8	321.3	253.0	98.0	.0	.0	
34.5	24.0	6.1	152.5	245.1	76.0	.0	.0	
42.8	27.7	6.0	121.3	492.0	32.0	.0	.0	
48.5	37.2	10.5	150.0	211.3	98.0	49.0	.0	
46.8	42.4	10.4	202.5	256.0	98.0	.0	.0	
45.8	38.3	10.7	37.5	238.7	98.0	41.0	.0	
48.7	40.9	9.6	228.8	291.1	96.0	3.0	.0	
   4    30    1980
46.1	38.2	6.5	143.8	233.7	98.0	.0	.0	
48.4	38.5	7.6	208.8	476.2	34.0	.0	.0	
53.5	42.1	10.2	95.0	312.8	63.0	13.0	.0	
43.8	35.5	17.1	223.8	254.5	94.0	.0	.0	
46.1	28.8	11.0	232.5	565.1	12.0	.0	.0	
50.5	30.9	7.3	106.3	473.7	49.0	.0	.0	
57.2	36.9	13.2	130.0	247.1	81.0	1.0	.0	
58.4	48.1	14.7	138.8	278.1	75.0	36.0	.0	
49.0	39.4	15.0	173.8	242.7	98.0	10.0	.0	
42.8	34.9	10.7	207.5	254.2	85.0	7.0	.0	
48.5	35.6	8.1	168.8	443.1	54.0	.0	.0	
50.2	43.9	9.5	215.0	288.8	82.0	25.0	.0	
39.7	27.9	8.1	115.0	245.7	82.0	14.0	.0	
45.7	36.9	18.5	142.5	250.4	94.0	44.0	.0	
38.7	29.4	16.6	206.3	242.4	98.0	3.0	.0	
39.6	25.2	11.5	311.3	522.2	63.0	.0	.0	
43.2	22.1	5.2	105.0	494.0	40.0	.0	.0	
52.4	33.2	4.8	233.8	593.6	12.0	.0	.0	
57.9	40.0	3.9	143.8	568.8	27.0	.0	.0	
59.4	44.4	7.8	190.0	459.6	48.0	6.0	.0	
57.2	40.4	8.7	310.0	610.0	10.0	.0	.0	
62.5	41.4	9.5	171.3	568.4	26.0	.0	.0	
61.9	44.4	11.7	233.8	546.7	49.0	.0	.0	
52.0	33.1	13.4	170.0	589.1	38.0	.0	.0	
43.1	31.0	9.1	271.3	307.3	80.0	.0	.0	
48.1	33.1	8.8	198.8	281.0	76.0	.0	.0	
47.9	35.2	10.2	287.5	254.2	91.0	.0	.0	
47.4	38.3	6.2	120.0	329.9	80.0	.0	.0	
50.7	40.3	6.3	243.8	313.1	95.0	.0	.0	
54.3	41.3	8.5	321.3	482.0	73.0	.0	.0	
   5    31    1980
55.3	42.0	6.4	335.0	527.7	46.0	.0	.0	
57.9	44.1	4.9	238.8	437.3	57.0	.0	.0	
61.7	45.6	3.4	151.3	573.5	27.0	.0	.0	
65.4	43.7	6.1	233.8	640.9	3.0	.0	.0	
70.0	42.5	8.4	180.0	632.9	11.0	.0	.0	
63.0	41.1	8.3	236.3	522.1	47.0	.0	.0	
53.4	31.5	12.4	266.3	393.8	71.0	.0	.0	
44.3	27.5	8.1	267.5	334.2	45.0	.0	.0	
47.6	29.0	7.2	212.5	580.7	33.0	.0	.0	
56.4	36.2	9.2	152.5	420.5	77.0	1.0	.0	
70.6	56.0	14.8	200.0	401.9	91.0	29.0	.0	
65.7	60.5	6.7	156.3	266.2	98.0	179.0	.0	
71.2	59.3	16.6	218.8	593.1	56.0	.0	.0	
53.4	41.9	9.6	251.3	378.4	65.0	.0	.0	
55.4	42.4	4.2	133.8	613.4	21.0	.0	.0	
60.2	43.1	11.1	61.3	557.9	57.0	5.0	.0	
59.3	54.1	11.8	140.0	284.9	98.0	111.0	.0	
66.6	58.9	12.3	200.0	391.0	95.0	10.0	.0	
63.0	57.8	3.9	98.8	325.0	98.0	53.0	.0	
63.3	56.5	6.7	242.5	302.2	93.0	5.0	.0	
66.0	57.1	6.6	290.0	544.0	65.0	.0	.0	
67.7	54.1	4.2	126.3	663.4	50.0	.0	.0	
68.9	60.2	9.8	87.5	307.7	94.0	9.0	.0	
68.7	62.5	6.3	166.3	332.3	98.0	9.0	.0	
68.8	58.6	9.1	328.8	665.4	36.0	.0	.0	
61.1	42.9	9.1	268.8	707.9	2.0	.0	.0	
60.5	38.4	5.2	245.0	683.3	18.0	.0	.0	
67.0	46.6	3.7	116.3	612.2	50.0	.0	.0	
73.1	57.5	7.4	116.3	585.7	68.0	.0	.0	
72.2	63.4	11.4	157.5	358.1	95.0	45.0	.0	
74.6	63.5	12.6	226.3	460.1	53.0	.0	.0	
   6    30    1980
69.4	63.1	9.7	150.0	338.9	84.0	79.0	.0	
70.0	64.7	11.0	178.8	375.6	94.0	209.0	.0	
74.1	65.8	13.0	220.0	422.3	70.0	.0	.0	
65.0	54.4	5.9	301.3	536.1	62.0	.0	.0	
65.2	50.2	8.8	95.0	646.7	51.0	.0	.0	
74.8	62.9	11.0	161.3	544.2	69.0	.0	.0	
78.6	70.0	10.9	161.3	321.2	83.0	39.0	.0	
62.5	49.6	14.8	282.5	592.7	58.0	.0	.0	
62.4	47.3	14.1	226.3	450.3	65.0	20.0	.0	
56.3	43.3	7.7	287.5	641.8	28.0	.0	.0	
55.5	40.9	6.5	167.5	730.8	2.0	.0	.0	
61.1	44.4	3.7	47.5	710.4	6.0	.0	.0	
66.3	51.0	6.2	90.0	657.1	55.0	.0	.0	
73.2	59.1	6.2	120.0	558.2	67.0	.0	.0	
71.1	64.3	9.8	228.8	349.7	96.0	56.0	.0	
58.4	50.1	8.6	262.5	514.5	60.0	3.0	.0	
58.8	45.5	5.1	151.3	694.3	37.0	.0	.0	
64.9	50.1	3.9	146.3	700.3	17.0	.0	.0	
66.2	54.4	9.9	158.8	613.8	45.0	16.0	.0	
61.8	47.5	11.1	261.3	736.4	15.0	.0	.0	
65.2	50.2	4.1	81.3	624.9	38.0	.0	.0	
69.2	54.4	3.9	77.5	697.7	16.0	.0	.0	
74.8	60.7	8.4	101.3	560.6	72.0	18.0	.0	
72.3	66.4	6.9	103.8	329.5	85.0	21.0	.0	
71.4	61.7	6.6	126.3	513.9	38.0	.0	.0	
76.9	66.4	5.3	176.3	627.6	38.0	.0	.0	
77.8	71.1	5.3	151.3	407.9	79.0	39.0	.0	
78.4	70.1	14.4	165.0	478.2	83.0	17.0	.0	
74.4	65.3	13.8	220.0	449.7	62.0	.0	.0	
66.9	54.6	10.0	256.3	565.8	27.0	.0	.0	
   7    31    1980
69.1	59.0	8.6	112.5	478.8	69.0	.0	.0	
76.8	67.1	6.7	168.8	501.2	64.0	.0	.0	
73.6	65.3	4.8	138.8	319.0	98.0	35.0	.0	
77.0	70.5	8.2	130.0	341.9	87.0	.0	.0	
77.6	70.4	10.1	180.0	502.8	68.0	55.0	.0	
69.6	59.2	8.8	303.8	630.6	15.0	.0	.0	
69.7	56.7	8.2	125.0	359.7	49.0	.0	.0	
78.8	72.3	11.1	176.3	506.9	82.0	8.0	.0	
73.9	70.5	8.6	123.8	353.9	91.0	40.0	.0	
76.6	71.2	5.8	145.0	545.6	55.0	1.0	.0	
80.5	71.4	6.3	185.0	582.7	59.0	.0	.0	
73.7	69.4	6.4	86.3	269.5	80.0	128.0	.0	
73.8	65.2	6.7	223.8	616.8	58.0	.0	.0	
75.2	62.6	6.2	142.5	705.7	2.0	.0	.0	
83.9	73.4	11.1	172.5	663.9	20.0	.0	.0	
86.9	76.3	8.2	176.3	599.6	44.0	.0	.0	
80.2	67.2	10.5	250.0	630.2	27.0	.0	.0	
76.2	65.7	5.0	132.5	597.6	43.0	.0	.0	
80.5	69.1	7.6	108.8	621.5	30.0	.0	.0	
85.0	73.8	10.5	166.3	640.8	27.0	.0	.0	
82.1	73.0	10.2	207.5	508.2	54.0	103.0	.0	
71.6	66.7	9.2	163.8	285.1	98.0	60.0	.0	
71.6	63.0	7.4	292.5	530.2	43.0	.0	.0	
70.6	58.1	4.4	208.8	640.8	14.0	.0	.0	
72.7	60.0	4.0	90.0	645.6	13.0	.0	.0	
75.9	64.0	6.7	108.8	599.2	40.0	.0	.0	
73.2	67.3	7.1	125.0	303.2	95.0	21.0	.0	
72.4	65.7	12.5	198.8	367.5	85.0	7.0	.0	
73.9	63.5	7.0	182.5	557.2	42.0	.0	.0	
75.7	64.0	5.6	198.8	550.7	51.0	.0	.0	
80.5	69.2	11.1	152.5	489.5	44.0	.0	.0	
   8    31    1980
80.2	69.4	8.9	198.8	522.2	53.0	.0	.0	
81.2	71.3	13.1	186.3	409.8	83.0	41.0	.0	
73.1	69.0	9.7	157.5	357.4	88.0	12.0	.0	
76.6	71.1	5.2	152.5	514.2	40.0	.0	.0	
76.1	70.3	12.6	160.0	482.4	69.0	8.0	.0	
76.8	70.0	6.6	141.3	396.6	78.0	.0	.0	
77.9	68.0	8.6	156.3	512.6	50.0	8.0	.0	
80.5	67.7	8.8	175.0	482.5	50.0	.0	.0	
77.9	69.3	5.1	156.3	347.9	59.0	13.0	.0	
80.2	71.4	8.8	195.0	453.8	89.0	89.0	.0	
73.8	67.6	9.7	150.0	443.1	87.0	148.0	.0	
72.1	63.7	8.9	302.5	490.4	65.0	1.0	.0	
73.6	63.1	5.8	156.3	510.9	47.0	.0	.0	
77.9	66.9	11.8	206.3	460.3	78.0	13.0	.0	
71.9	65.6	6.2	185.0	265.9	98.0	81.0	.0	
67.2	55.5	7.7	105.0	396.1	85.0	.0	.0	
65.8	58.8	10.0	88.8	288.8	95.0	24.0	.0	
75.9	68.6	8.2	157.5	474.8	78.0	35.0	.0	
75.9	68.5	5.5	115.0	393.3	68.0	2.0	.0	
74.7	68.9	7.4	127.5	284.0	80.0	33.0	.0	
75.9	70.0	10.0	121.3	469.6	58.0	21.0	.0	
72.3	65.2	9.0	315.0	390.3	52.0	.0	.0	
69.9	61.0	7.3	302.5	469.5	21.0	.0	.0	
71.7	62.6	4.9	141.3	502.0	16.0	.0	.0	
73.6	63.3	3.0	47.5	534.9	36.0	.0	.0	
74.7	63.7	4.3	103.8	496.6	29.0	.0	.0	
77.2	65.2	5.6	117.5	541.7	8.0	.0	.0	
77.1	66.7	5.3	62.5	479.2	25.0	.0	.0	
77.4	67.1	5.1	87.5	469.7	54.0	19.0	.0	
72.2	66.0	9.7	161.3	348.7	80.0	9.0	.0	
74.7	66.0	8.8	145.0	388.5	71.0	69.0	.0	
   9    30    1980
79.0	65.3	12.1	175.0	438.1	72.0	.0	.0	
75.4	61.5	6.8	173.8	358.7	69.0	.0	.0	
71.7	56.3	4.8	101.3	498.1	21.0	.0	.0	
71.9	59.4	5.6	87.5	436.3	60.0	105.0	.0	
73.8	66.0	4.3	177.5	434.5	47.0	.0	.0	
73.6	66.7	4.9	198.8	481.7	39.0	.0	.0	
69.1	59.7	5.5	88.8	414.0	55.0	.0	.0	
71.8	62.9	4.8	113.8	433.2	44.0	.0	.0	
72.3	66.9	6.5	178.8	249.9	72.0	46.0	.0	
62.3	51.3	7.7	255.0	538.8	3.0	.0	.0	
62.2	51.1	4.6	135.0	481.7	33.0	.0	.0	
67.9	56.3	6.2	110.0	474.5	35.0	.0	.0	
78.0	66.6	10.3	145.0	415.8	86.0	.0	.0	
77.1	66.7	9.1	248.8	412.3	65.0	.0	.0	
65.0	57.8	7.9	270.0	287.3	91.0	.0	.0	
66.4	59.0	8.8	128.8	326.6	48.0	.0	.0	
63.0	59.4	10.1	255.0	219.3	98.0	19.0	.0	
60.9	51.5	3.8	188.8	460.0	36.0	.0	.0	
65.0	55.0	4.5	80.0	493.6	2.0	.0	.0	
73.6	63.6	7.8	141.3	362.5	26.0	.0	.0	
78.3	68.9	12.2	168.8	347.7	41.0	11.0	.0	
76.1	71.6	11.9	167.5	273.3	68.0	5.0	.0	
63.4	53.5	8.9	243.8	344.2	85.0	.0	.0	
60.1	48.8	5.9	60.0	325.9	73.0	.0	.0	
63.6	55.6	7.9	140.0	196.9	79.0	.0	.0	
55.1	43.9	9.5	261.3	381.4	31.0	.0	.0	
53.5	39.3	5.7	200.0	436.5	25.0	.0	.0	
59.1	46.4	5.1	98.8	390.0	48.0	.0	.0	
62.9	47.6	7.1	155.0	460.2	2.0	.0	.0	
62.9	51.1	7.0	142.5	438.5	4.0	.0	.0	
  10    31    1980
65.9	56.4	8.2	133.8	391.2	34.0	.0	.0	
59.0	49.5	9.1	222.5	277.4	72.0	17.0	.0	
51.3	44.0	10.3	202.5	285.8	77.0	1.0	.0	
44.9	37.5	6.3	236.3	181.2	98.0	1.0	.0	
43.2	32.4	5.1	213.8	410.8	17.0	.0	.0	
46.8	32.2	7.2	138.8	421.8	30.0	.0	.0	
55.3	39.8	5.9	178.8	374.6	33.0	.0	.0	
62.0	46.9	8.4	141.3	419.7	2.0	.0	.0	
60.2	48.0	5.9	71.3	417.3	2.0	.0	.0	
59.5	47.7	5.8	147.5	389.3	30.0	.0	.0	
54.0	36.4	13.7	243.8	247.5	62.0	.0	.0	
47.2	35.6	11.2	271.3	169.8	90.0	4.0	.0	
43.8	31.1	4.2	170.0	342.1	8.0	.0	.0	
50.6	36.7	7.5	100.0	182.4	95.0	1.0	.0	
61.5	44.4	7.7	138.8	298.6	78.0	.0	.0	
64.7	49.6	7.6	123.8	261.6	58.0	.0	.0	
65.3	55.2	12.9	151.3	160.0	74.0	14.0	.0	
60.5	50.4	9.6	207.5	174.6	87.0	88.0	.0	
48.8	37.6	9.7	180.0	275.9	46.0	.0	.0	
47.8	36.7	9.1	202.5	164.7	75.0	.0	.0	
54.9	42.8	11.4	233.8	273.2	19.0	.0	.0	
49.4	33.8	6.7	213.8	336.0	28.0	.0	.0	
49.9	29.7	10.8	61.3	339.9	4.0	.0	.0	
51.9	39.9	11.8	112.5	298.2	42.0	69.0	.0	
42.4	34.9	17.4	237.5	165.5	98.0	28.0	.0	
37.8	24.0	17.9	243.8	159.2	96.0	.0	.0	
38.7	27.0	7.2	98.8	190.4	70.0	14.0	.0	
39.3	34.2	10.4	257.5	158.8	86.0	16.0	.0	
38.2	23.7	2.2	83.8	299.8	10.0	.0	.0	
39.1	26.1	4.1	122.5	303.7	2.0	.0	.0	
45.7	27.9	11.8	193.8	325.3	4.0	.0	.0	
  11    30    1980
46.0	31.5	9.4	290.0	232.6	60.0	.0	.0	
40.2	29.5	4.9	118.8	300.8	27.0	.0	.0	
54.4	34.8	12.6	148.8	264.0	49.0	.0	.0	
52.0	41.2	12.7	218.8	163.3	73.0	7.0	.0	
42.6	31.3	7.5	227.5	244.3	58.0	.0	.0	
43.3	28.0	10.1	176.3	263.2	41.0	.0	.0	
60.1	41.7	16.1	181.3	130.0	82.0	.0	.0	
48.4	42.7	7.9	208.8	133.6	85.0	.0	.0	
60.0	44.1	13.6	206.3	224.6	47.0	.0	.0	
41.7	28.9	13.5	298.8	136.7	45.0	.0	.0	
32.2	21.1	8.2	265.0	274.8	4.0	.0	.0	
35.1	21.7	4.3	166.3	250.1	34.0	.0	.0	
46.7	24.4	7.7	151.3	197.5	63.0	.0	.0	
49.2	30.6	9.1	200.0	112.8	96.0	.0	.0	
40.5	32.6	8.4	143.8	124.0	98.0	3.0	.0	
38.6	24.2	7.9	185.0	200.1	67.0	.0	.0	
33.7	23.8	8.3	195.0	116.2	96.0	63.0	.0	
33.5	27.5	11.5	312.5	121.0	83.0	1.0	.0	
29.2	22.2	5.6	143.8	255.3	28.0	.0	.0	
31.3	24.1	6.8	130.0	248.6	8.0	.0	.0	
34.8	27.1	10.1	197.5	153.6	46.0	.0	.0	
34.9	26.2	5.9	93.8	208.5	59.0	.0	.0	
43.5	34.3	6.6	105.0	107.6	98.0	15.0	.0	
43.2	40.8	8.2	280.0	102.7	98.0	33.0	.0	
33.5	24.1	9.5	236.3	142.2	60.0	.0	.0	
30.6	21.4	6.1	121.3	189.3	67.0	.0	.0	
39.8	33.9	14.4	126.3	113.7	98.0	65.0	.0	
36.1	30.7	15.5	195.0	107.6	98.0	2.0	.0	
35.7	29.5	17.4	221.3	111.5	98.0	18.0	.0	
42.6	30.1	13.7	181.3	198.7	33.0	.0	.0	
  12    31    1980
49.7	36.6	10.8	163.8	102.8	77.0	.0	.0	
45.0	35.6	18.9	218.8	99.1	95.0	3.0	.0	
26.4	12.4	9.7	245.0	199.0	38.0	.0	.0	
34.5	17.1	7.8	93.8	175.5	69.0	.0	.0	
42.5	34.5	5.3	103.8	102.1	98.0	3.0	.0	
52.4	44.4	5.8	125.0	106.9	98.0	1.0	.0	
56.8	52.2	8.8	166.3	105.2	96.0	20.0	.0	
56.9	52.4	13.8	198.8	126.3	88.0	22.0	.0	
40.5	37.0	9.2	255.0	95.7	98.0	30.0	.0	
34.2	26.1	11.7	266.3	130.9	88.0	.0	.0	
30.6	23.9	7.9	206.3	90.2	98.0	.0	12.7	
41.3	33.5	12.6	182.5	140.0	59.0	.0	.0	
33.8	26.1	12.1	245.0	109.8	69.0	.0	.0	
31.5	21.9	10.2	227.5	125.1	59.0	.0	.0	
32.1	26.5	7.6	150.0	86.2	98.0	25.0	.0	
31.2	24.4	8.2	353.8	163.7	74.0	.0	.0	
27.1	18.4	9.9	251.3	183.8	70.0	.0	.0	
37.4	29.6	9.7	196.3	91.1	98.0	1.0	.0	
19.7	8.5	15.0	308.8	176.3	43.0	.0	.0	
12.8	.7	8.1	286.3	131.9	33.0	.0	.0	
15.1	3.9	2.3	68.8	164.7	30.0	.0	.0	
25.7	12.8	7.4	106.3	169.5	65.0	.0	.0	
35.9	24.6	10.4	176.3	99.2	94.0	.0	.0	
25.9	20.3	13.1	263.8	109.9	86.0	.0	66.0	
6.6	-3.8	5.8	183.8	206.0	25.0	.0	.0	
18.3	7.3	8.2	177.5	121.2	98.0	.0	.0	
23.7	15.9	4.4	145.0	122.8	83.0	.0	.0	
26.9	17.1	3.0	143.8	211.2	31.0	.0	.0	
34.9	31.0	7.6	325.0	81.9	98.0	40.0	.0	
31.9	28.4	10.4	310.0	91.6	98.0	.0	.0	
32.9	30.0	8.4	148.8	101.5	98.0	20.0	.0	
