   1    31    1962
22.6	16.5	7.2	297.9	134.6	98.0	.0	.0	
24.4	20.0	12.6	235.4	110.1	98.0	.0	.0	
35.8	28.8	17.3	208.8	133.4	75.0	.0	.0	
41.0	33.3	8.7	172.5	128.5	62.0	.0	.0	
44.3	41.2	10.5	156.3	56.9	98.0	22.0	.0	
41.6	39.4	16.1	136.7	83.6	98.0	13.0	.0	
27.1	22.4	21.2	207.9	94.6	98.0	.0	5.1	
18.5	11.3	17.2	252.5	100.3	90.0	.0	17.8	
2.6	-9.9	16.5	253.3	170.4	42.0	.0	.0	
-4.4	-18.2	10.1	267.1	223.5	11.0	.0	.0	
2.8	-7.1	8.8	195.8	248.6	2.0	.0	.0	
12.3	1.5	12.4	192.5	208.2	40.0	.0	.0	
27.5	14.7	12.7	165.0	194.6	68.0	.0	.0	
36.9	22.1	14.2	153.8	224.3	43.0	8.0	.0	
34.1	29.9	14.8	232.5	90.9	92.0	107.0	.0	
23.7	14.7	10.5	257.5	239.5	30.0	.0	.0	
16.0	4.8	8.5	295.8	240.8	6.0	.0	.0	
17.9	8.7	6.2	34.2	110.0	98.0	.0	.0	
18.8	13.0	11.5	94.6	128.8	98.0	.0	25.4	
17.3	11.5	5.3	222.9	233.5	83.0	.0	.0	
31.6	29.7	11.5	166.3	75.2	98.0	.0	15.2	
33.4	30.1	14.9	264.6	126.0	85.0	54.0	.0	
20.1	11.0	9.3	226.7	268.1	38.0	.0	.0	
33.6	24.0	14.4	199.2	216.6	50.0	.0	.0	
35.4	29.4	10.2	192.9	188.6	73.0	.0	.0	
45.3	43.6	12.6	201.3	95.3	98.0	60.0	.0	
30.5	21.0	11.1	95.8	257.3	45.0	.0	.0	
22.9	15.8	8.4	133.3	118.9	55.0	.0	.0	
32.6	24.9	13.2	220.4	218.0	69.0	1.0	.0	
24.0	15.7	14.2	307.9	153.5	62.0	.0	.0	
18.0	6.4	12.2	215.8	143.8	62.0	.0	.0	
   2    28    1962
19.0	12.9	10.8	48.3	143.8	92.0	.0	33.0	
18.5	11.8	7.7	162.9	219.9	67.0	.0	7.6	
37.5	31.7	8.3	197.1	286.1	38.0	.0	.0	
50.3	41.9	13.3	178.3	301.4	5.0	.0	.0	
30.9	24.5	15.3	277.1	103.5	80.0	.0	2.5	
7.6	-3.6	14.8	275.8	160.5	34.0	.0	.0	
14.4	1.9	11.6	196.7	248.7	30.0	.0	.0	
31.1	22.6	9.7	187.9	132.8	98.0	.0	.0	
27.4	23.4	12.3	57.1	164.2	87.0	.0	99.1	
12.8	5.7	7.0	38.8	318.0	16.0	.0	.0	
21.1	12.9	10.5	121.7	162.6	98.0	.0	2.5	
29.7	24.4	7.5	40.0	208.7	82.0	.0	.0	
32.8	26.3	14.0	108.8	170.1	97.0	.0	.0	
34.1	27.9	15.7	286.7	148.5	98.0	.0	.0	
29.5	22.8	10.0	60.0	170.9	74.0	.0	.0	
32.7	27.9	9.5	236.3	151.3	98.0	1.0	.0	
33.5	24.7	6.3	113.3	164.2	93.0	.0	.0	
32.1	25.6	14.7	93.8	120.5	98.0	7.0	.0	
34.0	28.2	16.0	247.9	170.2	94.0	2.0	.0	
27.3	19.2	8.2	192.9	253.0	84.0	.0	.0	
34.5	32.0	9.0	127.9	154.1	98.0	26.0	.0	
35.7	31.8	11.4	252.5	202.9	78.0	.0	.0	
27.1	23.0	12.8	54.2	125.8	95.0	.0	154.9	
25.5	21.1	7.5	150.0	258.1	95.0	.0	5.1	
35.8	32.1	9.7	109.6	312.2	85.0	.0	.0	
46.5	44.5	13.8	208.8	182.0	98.0	49.0	.0	
32.8	30.8	12.0	61.3	181.4	98.0	37.0	.0	
27.1	22.7	14.2	305.8	185.6	82.0	.0	.0	
   3    31    1962
14.2	5.0	14.6	90.8	285.0	45.0	.0	.0	
19.5	7.9	16.0	65.0	345.5	59.0	.0	.0	
28.5	12.8	12.6	64.2	379.3	53.0	.0	.0	
31.3	21.5	9.0	87.1	159.5	96.0	.0	38.1	
22.2	19.0	14.1	332.5	234.0	98.0	.0	76.2	
30.3	26.8	20.1	100.8	256.4	98.0	.0	7.6	
31.0	24.7	9.6	40.0	408.0	51.0	.0	.0	
32.4	26.7	8.2	97.9	232.1	76.0	11.0	.0	
35.3	34.5	8.0	147.5	154.5	98.0	46.0	.0	
34.9	32.5	7.8	121.3	208.4	98.0	.0	.0	
42.9	39.8	12.9	114.2	211.1	98.0	16.0	.0	
40.6	34.5	15.8	214.6	216.8	78.0	4.0	.0	
33.7	29.6	17.7	242.9	211.8	98.0	2.0	.0	
31.7	25.5	11.6	277.0	213.6	98.0	.0	.0	
29.6	20.8	7.7	275.0	233.3	98.0	.0	.0	
29.1	21.6	9.5	290.8	197.9	83.0	.0	.0	
34.4	24.3	10.6	285.8	287.8	75.0	.0	.0	
36.8	21.8	5.9	213.3	492.8	24.0	.0	.0	
47.1	37.2	13.2	216.7	329.4	62.0	9.0	.0	
43.6	37.8	7.8	142.5	278.5	80.0	12.0	.0	
40.6	38.9	17.3	30.0	179.6	98.0	50.0	.0	
36.5	34.3	11.3	171.7	250.8	98.0	.0	.0	
38.9	36.5	6.1	168.3	246.2	98.0	.0	.0	
42.1	32.0	10.2	45.8	422.2	62.0	.0	.0	
40.6	23.6	13.7	61.3	373.8	86.0	.0	.0	
44.2	25.3	11.9	24.2	461.5	74.0	.0	.0	
44.4	25.9	6.9	307.1	501.9	18.0	.0	.0	
54.3	29.3	12.8	176.7	498.4	68.0	.0	.0	
62.4	37.0	16.8	186.7	461.1	79.0	.0	.0	
43.8	37.6	9.2	279.2	222.9	98.0	15.0	.0	
34.8	31.2	10.4	35.0	279.0	83.0	21.0	.0	
   4    30    1962
34.2	28.0	7.6	222.9	255.7	85.0	2.0	.0	
36.1	24.6	9.4	297.1	452.6	68.0	.0	.0	
37.4	17.2	5.1	210.0	551.7	22.0	.0	.0	
45.5	23.3	6.9	125.0	276.5	72.0	.0	.0	
49.4	39.8	9.8	139.6	184.1	98.0	3.0	.0	
53.0	44.7	8.7	174.6	354.8	68.0	1.0	.0	
50.1	40.1	7.8	200.0	422.2	64.0	.0	.0	
51.3	35.4	11.0	137.1	514.1	49.0	.0	.0	
45.7	30.3	20.8	245.4	403.6	59.0	13.0	.0	
51.6	30.4	11.3	190.8	529.3	48.0	.0	.0	
49.2	38.0	10.4	35.0	262.2	96.0	3.0	.0	
45.1	37.1	9.3	93.8	388.1	91.0	5.0	.0	
35.5	28.1	20.1	270.8	252.4	77.0	.0	.0	
39.4	22.7	15.1	275.4	425.9	46.0	.0	.0	
32.8	23.0	15.0	318.3	290.1	63.0	.0	.0	
35.4	19.4	10.0	305.0	594.6	3.0	.0	.0	
40.7	22.4	8.3	282.5	245.0	96.0	.0	.0	
49.8	29.5	11.4	285.4	443.9	42.0	2.0	.0	
44.5	24.3	14.0	286.7	496.4	34.0	.0	.0	
45.0	27.9	7.9	108.8	571.5	32.0	.0	.0	
56.3	27.3	11.5	168.3	542.3	32.0	.0	.0	
65.6	47.1	18.6	235.4	449.5	84.0	7.0	.0	
54.1	38.8	12.2	321.3	555.1	40.0	.0	.0	
55.0	31.1	6.0	201.3	638.0	2.0	.0	.0	
66.1	36.6	9.7	212.5	604.7	6.0	.0	.0	
71.2	40.8	8.6	207.5	621.7	4.0	.0	.0	
72.2	51.3	11.5	187.5	520.5	51.0	.0	.0	
70.7	54.5	15.3	179.2	354.6	75.0	.0	.0	
68.2	53.7	12.5	182.5	356.6	71.0	.0	.0	
71.5	60.0	13.9	194.2	463.9	75.0	20.0	.0	
   5    31    1962
62.8	60.0	10.4	200.0	219.8	95.0	44.0	.0	
51.9	45.3	14.8	254.6	248.1	75.0	3.0	.0	
61.7	42.4	13.6	243.3	626.8	10.0	.0	.0	
66.1	41.8	6.5	215.0	565.1	26.0	.0	.0	
68.8	45.9	9.6	209.6	625.6	41.0	.0	.0	
62.0	51.5	11.0	260.0	287.7	75.0	22.0	.0	
55.8	39.8	9.1	127.9	631.1	46.0	.0	.0	
61.8	54.2	10.5	187.9	407.4	88.0	30.0	.0	
50.4	40.0	13.5	47.5	459.0	70.0	.0	.0	
50.4	38.4	9.8	101.7	268.9	83.0	6.0	.0	
60.8	50.3	6.2	70.8	545.8	87.0	.0	.0	
68.8	52.3	7.9	144.6	448.0	87.0	.0	.0	
74.2	56.9	12.4	197.9	538.8	52.0	.0	.0	
77.7	62.2	12.9	232.1	658.6	8.0	.0	.0	
78.1	61.5	8.4	220.4	618.0	19.0	.0	.0	
78.9	60.2	3.3	109.2	623.9	8.0	.0	.0	
80.0	60.4	3.1	122.1	614.8	18.0	.0	.0	
79.9	58.7	5.3	162.5	634.4	15.0	.0	.0	
79.9	60.7	9.4	200.0	622.9	27.0	.0	.0	
78.1	62.0	11.7	245.8	581.9	26.0	.0	.0	
70.2	59.9	7.0	96.7	543.0	66.0	26.0	.0	
70.4	61.6	9.2	110.8	590.0	37.0	2.0	.0	
76.0	62.9	13.9	202.9	446.2	54.0	4.0	.0	
70.1	48.2	15.6	256.7	637.4	10.0	.0	.0	
63.0	54.4	5.3	145.4	268.0	59.0	40.0	.0	
63.5	60.8	8.0	151.7	301.7	93.0	54.0	.0	
61.8	57.5	9.1	73.8	283.4	98.0	124.0	.0	
67.6	61.7	6.0	175.0	408.1	69.0	.0	.0	
74.6	65.7	10.1	158.3	638.5	36.0	20.0	.0	
71.0	64.7	11.7	187.1	389.0	96.0	19.0	.0	
73.0	63.7	10.1	210.4	585.6	64.0	.0	.0	
   6    30    1962
72.5	63.2	9.3	214.6	553.0	40.0	.0	.0	
62.9	54.3	10.0	24.6	529.3	78.0	.0	.0	
63.0	53.9	8.5	82.5	327.2	80.0	.0	.0	
73.3	62.3	7.1	173.3	564.0	98.0	.0	.0	
71.7	63.8	9.2	265.0	409.5	72.0	1.0	.0	
69.4	60.4	8.6	119.6	460.4	44.0	.0	.0	
70.0	51.2	9.9	68.3	652.5	53.0	.0	.0	
73.9	60.5	9.3	127.9	547.0	65.0	.0	.0	
74.6	62.8	10.1	175.0	507.1	78.0	1.0	.0	
74.5	66.7	13.3	202.1	425.9	83.0	18.0	.0	
70.2	64.3	9.4	212.1	309.6	93.0	3.0	.0	
61.8	58.5	10.2	88.3	320.5	88.0	3.0	.0	
59.1	51.3	10.1	109.2	378.7	63.0	.0	.0	
61.2	51.5	6.8	204.6	397.8	53.0	.0	.0	
68.3	52.3	3.9	64.2	621.4	16.0	.0	.0	
73.3	56.3	6.2	170.8	671.6	12.0	.0	.0	
75.2	57.5	7.7	206.7	724.9	3.0	.0	.0	
78.9	63.2	11.1	218.3	665.4	33.0	2.0	.0	
73.5	60.3	9.8	271.7	488.0	89.0	1.0	.0	
66.3	52.9	9.1	177.9	619.1	25.0	.0	.0	
71.3	53.1	5.9	135.8	633.3	41.0	.0	.0	
76.6	60.0	9.1	201.7	516.5	61.0	.0	.0	
76.8	63.4	8.6	223.8	497.4	58.0	.0	.0	
76.0	60.7	9.2	273.3	598.4	68.0	3.0	.0	
74.0	57.3	5.8	142.5	576.8	70.0	.0	.0	
75.2	57.3	7.8	84.6	571.7	58.0	.0	.0	
74.5	55.8	7.0	53.8	671.6	11.0	.0	.0	
77.9	57.1	6.2	141.3	681.2	10.0	.0	.0	
77.6	57.1	7.1	197.1	706.2	8.0	.0	.0	
76.5	61.0	8.5	271.7	615.6	52.0	.0	.0	
   7    31    1962
75.5	61.3	8.2	112.5	416.3	85.0	.0	.0	
70.7	58.6	9.9	91.3	348.9	98.0	94.0	.0	
73.0	69.3	8.9	142.9	429.0	81.0	55.0	.0	
71.5	66.6	6.8	60.0	373.3	95.0	.0	.0	
77.2	67.7	7.7	99.6	501.2	60.0	.0	.0	
78.8	65.3	6.0	123.8	563.8	65.0	.0	.0	
78.5	69.8	4.9	130.4	535.5	43.0	.0	.0	
75.6	70.5	7.5	232.5	397.1	62.0	59.0	.0	
68.6	56.8	11.4	300.8	695.8	4.0	.0	.0	
70.8	55.9	5.3	219.6	704.4	3.0	.0	.0	
74.5	61.9	7.9	199.2	547.4	57.0	77.0	.0	
75.0	66.2	7.3	270.8	606.7	53.0	.0	.0	
76.0	62.3	4.8	192.1	541.9	51.0	.0	.0	
74.5	70.1	9.7	176.3	314.9	98.0	96.0	.0	
72.1	69.6	6.1	90.4	261.9	98.0	110.0	.0	
72.5	64.9	5.0	168.3	562.1	58.0	.0	.0	
73.4	64.3	5.5	222.9	555.9	47.0	.0	.0	
70.6	61.1	9.1	283.3	604.6	25.0	.0	.0	
72.1	58.4	5.0	239.2	640.8	33.0	.0	.0	
75.5	63.5	11.1	213.8	583.6	60.0	26.0	.0	
72.0	63.7	9.8	233.3	471.1	60.0	112.0	.0	
66.2	61.6	7.2	219.2	284.1	68.0	6.0	.0	
69.1	60.3	11.1	263.3	597.9	40.0	2.0	.0	
68.9	59.4	7.1	211.7	498.3	81.0	.0	.0	
71.1	63.5	8.8	216.7	512.4	41.0	41.0	.0	
60.8	49.2	10.8	308.8	524.1	30.0	.0	.0	
65.0	49.7	6.0	220.8	641.7	14.0	.0	.0	
69.6	54.1	6.9	147.1	556.8	54.0	.0	.0	
74.0	65.5	8.0	191.3	474.0	82.0	.0	.0	
71.9	63.6	6.2	281.3	551.3	43.0	.0	.0	
70.1	60.9	7.5	290.4	522.8	25.0	.0	.0	
   8    31    1962
68.5	54.2	4.9	249.6	633.8	38.0	.0	.0	
70.6	58.7	3.8	127.5	585.6	21.0	.0	.0	
75.0	58.3	4.5	81.7	652.8	15.0	.0	.0	
78.8	65.9	8.3	192.9	550.9	47.0	.0	.0	
76.1	65.8	6.5	217.9	556.2	76.0	.0	.0	
75.0	69.4	9.3	193.3	362.4	84.0	16.0	.0	
74.3	64.7	4.8	250.0	588.5	45.0	.0	.0	
76.7	64.2	8.1	307.9	588.4	21.0	.0	.0	
66.1	57.3	10.4	141.3	410.9	37.0	.0	.0	
64.8	49.4	7.8	112.5	646.4	5.0	.0	.0	
68.8	54.0	6.0	92.9	608.1	45.0	.0	.0	
73.2	61.4	9.7	182.5	363.9	46.0	.0	.0	
69.5	59.3	9.4	302.5	438.7	51.0	.0	.0	
63.1	54.4	7.6	115.0	294.1	77.0	.0	.0	
65.8	52.2	4.4	134.6	627.1	8.0	.0	.0	
72.4	57.9	7.4	230.0	569.0	61.0	.0	.0	
67.5	54.4	8.1	183.3	497.6	40.0	.0	.0	
70.4	51.9	7.1	185.0	608.3	11.0	.0	.0	
76.2	56.9	12.2	178.3	375.2	44.0	.0	.0	
84.2	62.1	11.5	220.0	588.0	37.0	.0	.0	
74.9	60.5	5.9	97.9	407.1	63.0	5.0	.0	
73.9	56.1	6.9	107.5	579.9	4.0	.0	.0	
76.8	56.2	7.1	110.8	620.5	2.0	.0	.0	
79.6	66.6	10.2	168.8	516.7	13.0	.0	.0	
75.9	65.5	10.8	205.8	381.5	54.0	17.0	.0	
68.9	63.4	5.6	165.0	308.2	73.0	69.0	.0	
68.4	58.7	5.2	259.6	533.5	16.0	.0	.0	
71.2	59.3	3.7	227.1	510.7	12.0	.0	.0	
74.6	60.1	4.2	93.3	555.5	2.0	.0	.0	
78.0	58.7	6.5	132.9	498.9	45.0	.0	.0	
75.1	66.6	11.6	178.3	298.4	86.0	107.0	.0	
   9    30    1962
73.6	69.0	7.3	210.0	225.5	90.0	6.0	.0	
72.8	66.9	7.7	67.9	357.1	82.0	15.0	.0	
72.9	65.5	6.7	121.3	272.1	83.0	8.0	.0	
73.8	67.5	8.7	242.5	376.9	79.0	21.0	.0	
59.5	50.2	11.9	231.3	410.9	50.0	1.0	.0	
55.5	42.9	6.6	52.9	530.3	23.0	.0	.0	
59.6	43.9	3.8	105.0	538.3	2.0	.0	.0	
68.2	55.9	7.7	118.8	417.5	68.0	.0	.0	
71.1	67.9	12.5	173.3	241.0	91.0	3.0	.0	
69.3	60.5	13.5	221.3	359.8	60.0	.0	.0	
64.6	49.2	9.1	240.4	550.6	2.0	.0	.0	
70.3	55.3	8.1	179.2	521.9	2.0	.0	.0	
76.2	64.1	8.7	175.0	428.0	60.0	.0	.0	
69.3	62.8	8.8	180.4	321.1	65.0	26.0	.0	
65.8	54.4	6.4	66.7	244.3	83.0	.0	.0	
68.9	57.8	9.4	105.4	490.1	15.0	.0	.0	
65.5	51.6	10.9	272.5	460.6	34.0	.0	.0	
59.0	41.9	10.2	262.9	501.0	18.0	.0	.0	
57.7	45.3	10.7	240.4	197.4	73.0	.0	.0	
47.7	35.4	9.5	143.3	464.3	12.0	.0	.0	
50.9	34.4	6.0	117.5	500.5	2.0	.0	.0	
56.1	44.3	5.2	171.7	302.0	65.0	.0	.0	
57.0	46.0	6.6	113.8	425.0	19.0	.0	.0	
59.6	48.2	7.2	140.8	364.2	63.0	3.0	.0	
60.0	54.7	8.9	290.8	219.1	74.0	13.0	.0	
53.7	48.2	5.3	292.9	211.3	82.0	.0	.0	
51.4	46.4	12.2	266.7	243.8	85.0	.0	.0	
50.9	41.5	11.9	327.1	256.4	66.0	.0	.0	
52.5	36.9	6.5	240.8	422.1	11.0	.0	.0	
57.7	40.7	7.5	155.8	449.3	28.0	.0	.0	
  10    31    1962
61.2	45.5	8.9	87.5	232.1	63.0	.0	.0	
58.5	55.5	9.9	82.5	133.6	96.0	28.0	.0	
64.3	59.8	10.2	147.5	253.3	67.0	89.0	.0	
61.5	53.5	3.8	181.7	298.5	57.0	.0	.0	
59.2	53.8	5.1	139.6	192.3	68.0	18.0	.0	
61.3	55.5	6.0	175.0	277.4	62.0	1.0	.0	
65.8	62.5	7.3	143.8	201.9	89.0	24.0	.0	
62.4	56.9	12.8	255.4	238.3	61.0	2.0	.0	
62.3	53.9	7.9	251.7	216.9	81.0	.0	.0	
65.9	52.4	7.3	129.2	401.4	2.0	.0	.0	
69.9	56.8	13.5	195.4	405.3	2.0	.0	.0	
70.3	63.0	11.9	196.3	287.9	37.0	.0	.0	
60.6	53.4	7.4	95.8	172.9	80.0	.0	.0	
68.2	61.2	6.0	140.4	293.4	25.0	.0	.0	
71.6	62.8	9.1	163.8	297.9	39.0	7.0	.0	
66.6	59.0	12.7	231.3	269.8	46.0	30.0	.0	
51.3	39.1	8.0	291.7	396.8	2.0	.0	.0	
56.1	38.9	7.3	198.8	345.5	27.0	.0	.0	
59.5	41.6	7.8	180.8	372.5	17.0	.0	.0	
62.5	50.3	10.3	202.9	174.4	98.0	1.0	.0	
52.4	44.0	11.1	267.5	271.7	51.0	7.0	.0	
53.5	41.9	13.3	212.9	254.1	59.0	.0	.0	
42.9	33.5	14.9	286.7	205.2	51.0	.0	.0	
37.6	25.5	9.1	278.3	214.5	65.0	.0	.0	
32.0	26.7	11.2	220.4	144.9	67.0	.0	38.1	
29.0	18.5	11.4	261.3	241.1	21.0	.0	.0	
41.4	24.5	12.4	180.0	235.4	39.0	.0	.0	
54.1	44.2	15.8	234.2	137.9	62.0	1.0	.0	
43.2	37.6	6.0	52.5	187.0	66.0	.0	.0	
43.2	38.2	9.6	252.9	127.7	67.0	.0	.0	
38.7	32.3	7.5	298.3	162.9	58.0	.0	.0	
  11    30    1962
39.1	30.1	5.0	237.9	138.4	62.0	.0	.0	
42.4	31.3	6.9	90.0	136.3	98.0	.0	.0	
42.2	35.5	8.0	130.0	170.5	86.0	.0	.0	
39.9	38.0	7.3	244.2	116.2	98.0	25.0	.0	
39.0	36.4	8.6	287.9	116.9	98.0	.0	.0	
38.1	32.3	7.2	165.4	194.2	49.0	.0	.0	
42.8	39.9	12.6	185.0	127.9	95.0	2.0	.0	
43.2	40.3	6.5	98.8	154.2	98.0	2.0	.0	
45.3	43.5	12.6	44.6	85.2	98.0	85.0	.0	
44.6	40.9	19.2	292.5	109.1	79.0	75.0	.0	
39.5	36.6	6.0	138.8	161.3	56.0	.0	.0	
38.3	34.8	8.9	180.0	106.2	83.0	.0	.0	
39.1	32.0	6.0	255.4	262.1	21.0	.0	.0	
44.0	35.3	7.6	172.5	225.4	40.0	.0	.0	
50.0	37.6	12.3	186.3	152.9	89.0	1.0	.0	
50.3	48.3	7.3	160.0	70.8	98.0	52.0	.0	
41.7	41.5	11.4	151.7	95.8	98.0	11.0	.0	
35.9	32.7	11.0	12.1	135.6	98.0	3.0	.0	
36.7	28.9	6.0	147.9	100.2	98.0	.0	.0	
39.3	32.2	12.0	197.9	116.8	78.0	.0	.0	
47.8	43.1	11.7	247.5	121.9	91.0	.0	.0	
35.2	24.1	14.8	287.1	173.7	38.0	.0	.0	
35.8	22.6	13.9	199.6	116.5	61.0	.0	.0	
36.2	27.6	8.9	155.8	226.4	45.0	.0	.0	
36.5	25.2	8.3	62.5	251.9	32.0	.0	.0	
35.5	20.5	8.9	75.4	253.2	2.0	.0	.0	
38.5	18.6	10.2	79.2	223.0	19.0	.0	.0	
42.5	20.3	8.3	68.3	178.1	55.0	.0	.0	
47.0	31.0	7.3	67.9	214.8	23.0	.0	.0	
46.9	28.6	6.4	77.1	221.8	2.0	.0	.0	
  12    31    1962
46.5	28.4	5.6	114.6	239.5	2.0	.0	.0	
46.3	26.0	2.8	97.5	216.2	20.0	.0	.0	
46.0	27.6	6.3	96.3	154.8	63.0	.0	.0	
48.5	33.3	7.7	178.3	209.7	65.0	.0	.0	
35.8	32.3	10.3	302.9	94.2	98.0	.0	.0	
26.0	22.8	20.8	277.5	120.5	98.0	.0	15.2	
24.0	18.6	18.3	243.8	124.8	90.0	.0	2.5	
25.7	17.1	11.6	233.8	134.9	69.0	.0	.0	
18.0	10.4	14.0	243.3	123.3	79.0	.0	.0	
14.3	7.1	16.7	250.8	142.0	77.0	.0	2.5	
6.5	-1.5	13.2	273.3	146.2	75.0	.0	.0	
3.3	-6.2	10.4	278.3	210.5	35.0	.0	.0	
4.7	-2.2	14.8	205.8	95.4	79.0	.0	.0	
19.1	12.4	8.4	219.6	164.0	64.0	.0	.0	
28.2	20.3	11.1	221.3	206.3	70.0	.0	.0	
28.9	25.1	7.1	254.2	108.2	89.0	.0	.0	
34.5	28.0	9.3	223.3	194.7	50.0	.0	.0	
39.5	33.9	6.1	109.6	200.6	28.0	.0	.0	
44.8	38.1	11.6	157.1	156.6	89.0	.0	.0	
29.5	25.4	15.1	39.2	94.8	98.0	.0	7.6	
27.3	25.4	9.7	83.8	117.4	98.0	.0	10.2	
27.5	25.5	14.0	229.6	117.0	98.0	.0	7.6	
21.9	17.0	15.2	253.8	127.0	70.0	.0	2.5	
13.3	6.1	6.1	148.8	108.0	84.0	.0	.0	
26.9	23.4	10.8	155.4	108.2	98.0	.0	2.5	
17.3	9.7	8.1	235.8	211.1	33.0	.0	.0	
19.9	11.4	10.1	190.0	144.4	21.0	.0	.0	
24.2	18.0	7.1	163.3	224.8	28.0	.0	.0	
30.0	26.1	13.2	273.8	107.2	60.0	.0	99.1	
16.3	8.8	9.7	256.7	132.9	51.0	.0	.0	
11.0	.5	6.7	40.0	227.5	2.0	.0	.0	
