   1    31    1980
28.4	27.2	4.4	193.8	93.7	98.0	.0	.0	
26.7	25.5	7.2	265.0	101.2	98.0	.0	2.5	
26.7	24.5	7.5	181.3	100.7	98.0	.0	2.5	
22.7	18.5	9.4	113.8	105.1	90.0	.0	17.8	
26.1	23.3	10.2	328.8	104.6	98.0	.0	22.9	
22.3	18.0	12.1	202.5	89.3	83.0	.0	.0	
21.9	13.5	18.6	251.3	198.3	49.0	.0	.0	
21.3	14.4	17.2	242.5	186.2	48.0	.0	.0	
18.5	10.8	6.8	243.8	197.5	19.0	.0	.0	
28.3	18.0	13.6	145.0	158.5	65.0	.0	.0	
41.3	43.0	24.8	212.5	79.5	73.0	105.0	.0	
19.1	6.5	15.0	252.5	218.6	3.0	.0	.0	
32.0	11.7	13.9	160.0	109.9	95.0	.0	.0	
37.4	31.8	8.5	278.8	151.6	58.0	.0	.0	
32.2	29.8	8.1	117.5	84.7	98.0	.0	.0	
40.8	35.1	12.4	142.5	97.2	98.0	.0	.0	
45.8	40.6	13.1	205.0	99.7	88.0	.0	.0	
33.8	28.4	9.2	283.8	111.5	98.0	.0	.0	
36.3	24.9	10.1	271.3	136.5	79.0	.0	.0	
33.5	20.8	10.8	297.5	175.8	72.0	.0	.0	
30.8	20.3	11.5	238.8	201.0	44.0	.0	.0	
32.5	28.5	15.0	221.3	82.4	98.0	.0	.0	
18.9	.0	16.2	271.3	108.2	90.0	.0	2.5	
12.9	6.7	12.0	191.3	113.8	88.0	.0	10.2	
25.2	28.3	12.7	261.3	153.0	83.0	.0	5.1	
16.7	10.2	4.5	238.8	250.4	10.0	.0	.0	
20.1	14.3	6.3	236.3	128.2	67.0	.0	.0	
17.6	10.7	8.7	286.3	227.7	69.0	.0	.0	
11.8	6.0	12.1	268.8	121.4	75.0	.0	.0	
14.0	7.7	7.4	193.8	131.1	92.0	.0	.0	
14.5	7.9	12.1	322.5	202.8	89.0	.0	.0	
   2    29    1980
10.4	.5	11.1	303.8	246.1	40.0	.0	.0	
11.8	1.1	9.9	292.5	269.3	24.0	.0	.0	
10.0	2.3	7.4	287.5	237.0	32.0	.0	.0	
12.6	5.2	8.2	277.5	230.3	51.0	.0	.0	
17.9	10.0	6.3	127.5	201.1	67.0	.0	.0	
24.1	16.4	9.3	85.0	156.9	98.0	.0	.0	
17.2	13.1	7.5	247.5	135.4	76.0	.0	.0	
18.7	12.9	4.5	78.8	213.1	70.0	.0	.0	
19.9	14.7	7.5	127.5	174.0	81.0	.0	.0	
19.2	13.3	6.5	212.5	147.9	98.0	.0	2.5	
21.1	13.6	15.3	222.5	257.5	67.0	.0	12.7	
13.7	9.7	11.3	240.0	290.5	30.0	.0	.0	
21.0	14.2	11.4	195.0	275.0	28.0	.0	.0	
30.5	23.3	11.2	232.5	148.5	93.0	.0	.0	
27.2	26.3	8.1	68.8	173.4	98.0	.0	43.2	
18.1	15.0	14.5	315.0	280.7	61.0	.0	10.2	
10.1	6.3	11.7	241.3	292.0	28.0	.0	.0	
19.0	10.0	14.7	205.0	366.1	13.0	.0	.0	
37.8	23.0	13.3	177.5	237.1	92.0	.0	.0	
38.3	33.5	9.4	193.8	195.3	98.0	.0	.0	
37.1	35.3	7.7	157.5	164.1	98.0	71.0	.0	
41.6	38.3	16.7	212.5	172.7	98.0	23.0	.0	
35.0	32.9	9.1	267.5	181.2	98.0	.0	.0	
31.7	25.1	12.4	265.0	179.3	98.0	.0	.0	
28.7	23.3	10.1	200.0	184.3	98.0	.0	40.6	
14.3	6.6	15.5	286.3	381.1	58.0	.0	2.5	
23.2	14.4	17.3	263.8	210.0	82.0	.0	5.1	
17.8	9.6	6.7	137.5	314.7	70.0	.0	10.2	
5.4	-2.5	10.5	132.5	314.0	48.0	.0	.0	
   3    31    1980
4.6	-5.8	10.5	40.0	175.7	61.0	.0	.0	
5.7	-5.5	9.1	197.5	368.5	14.0	.0	.0	
17.1	3.0	16.4	222.5	384.9	34.0	.0	.0	
30.6	17.6	14.6	201.3	316.3	77.0	.0	27.9	
34.0	30.0	14.7	248.8	160.2	98.0	28.0	.0	
27.4	17.5	10.8	227.5	362.2	70.0	.0	.0	
34.2	27.1	8.5	206.3	209.1	83.0	91.0	.0	
36.0	34.0	12.4	195.0	194.5	98.0	87.0	.0	
33.3	23.7	12.7	252.5	322.5	55.0	.0	.0	
40.1	30.1	16.7	230.0	221.1	88.0	7.0	.0	
22.6	10.6	18.2	292.5	306.1	51.0	.0	.0	
22.9	8.8	13.5	151.3	347.6	65.0	.0	.0	
32.5	26.1	15.1	156.3	170.9	98.0	8.0	.0	
30.8	23.0	16.7	282.5	220.3	70.0	.0	.0	
35.8	26.1	7.0	198.8	449.8	14.0	.0	.0	
48.5	30.6	14.6	176.3	300.3	68.0	.0	.0	
46.6	39.9	16.1	220.0	181.9	98.0	52.0	.0	
30.8	22.8	12.2	262.5	463.3	20.0	.0	10.2	
41.9	23.1	12.2	187.5	324.1	51.0	.0	.0	
49.4	39.0	15.3	195.0	196.4	74.0	26.0	.0	
38.4	33.5	22.3	266.3	245.1	97.0	76.0	.0	
30.8	20.8	13.4	250.0	318.3	37.0	.0	.0	
36.9	23.1	9.6	153.8	267.5	75.0	.0	.0	
42.4	35.7	10.1	185.0	196.6	98.0	43.0	.0	
32.2	26.6	12.7	336.3	245.6	98.0	.0	.0	
32.6	24.3	8.2	58.8	246.1	98.0	.0	.0	
40.8	26.5	6.8	93.8	495.4	41.0	.0	.0	
43.5	34.3	10.4	113.8	209.0	98.0	54.0	.0	
41.2	39.0	9.7	222.5	225.1	98.0	21.0	.0	
42.3	37.9	13.8	66.3	248.4	98.0	61.0	.0	
46.2	40.7	10.8	245.0	252.3	96.0	3.0	.0	
   4    30    1980
43.2	37.0	6.1	236.3	241.4	98.0	.0	.0	
43.6	37.2	6.6	58.8	257.3	75.0	7.0	.0	
47.4	39.1	11.7	118.8	282.1	65.0	103.0	.0	
41.2	36.5	15.9	250.0	244.5	95.0	12.0	.0	
43.3	29.4	13.7	267.5	528.8	8.0	.0	.0	
49.5	32.0	9.1	203.8	432.0	51.0	.0	.0	
53.8	35.4	13.7	168.8	259.7	71.0	.0	.0	
55.8	46.6	17.7	162.5	260.3	78.0	44.0	.0	
47.3	39.4	19.2	205.0	222.9	79.0	21.0	.0	
38.6	32.3	12.8	243.8	263.0	88.0	11.0	.0	
47.9	35.9	9.4	220.0	468.2	93.0	.0	.0	
47.4	42.2	12.7	216.3	224.3	80.0	11.0	.0	
38.6	26.1	11.7	142.5	353.3	78.0	12.0	.0	
43.3	36.6	16.3	148.8	244.4	98.0	87.0	.0	
36.6	30.3	19.7	241.3	276.3	98.0	15.0	.0	
35.2	23.5	12.8	257.5	502.7	57.0	.0	.0	
41.0	22.3	5.9	192.5	555.5	40.0	.0	.0	
51.8	34.7	8.8	235.0	518.5	18.0	.0	.0	
57.3	38.3	7.5	223.8	599.5	16.0	.0	.0	
55.3	40.7	9.9	160.0	527.3	41.0	.0	.0	
50.7	32.7	7.6	88.8	564.7	21.0	.0	.0	
62.5	37.5	11.8	228.8	513.9	29.0	.0	.0	
55.5	38.5	14.1	248.8	493.2	36.0	.0	.0	
46.2	32.0	10.2	165.0	426.5	60.0	.0	.0	
41.6	34.0	8.7	245.0	326.9	72.0	3.0	.0	
47.1	32.3	8.4	81.3	474.7	49.0	.0	.0	
43.1	37.1	11.7	248.8	267.5	82.0	8.0	.0	
46.5	37.6	8.2	176.3	307.9	76.0	.0	.0	
47.9	38.2	6.5	136.3	363.6	62.0	.0	.0	
49.6	40.1	8.0	225.0	366.3	57.0	.0	.0	
   5    31    1980
51.5	42.0	7.7	218.8	519.8	45.0	.0	.0	
53.4	43.1	5.3	216.3	299.7	56.0	.0	.0	
60.1	43.0	5.5	228.8	586.3	19.0	.0	.0	
66.5	39.5	6.1	256.3	625.6	9.0	.0	.0	
69.4	39.1	12.5	267.5	625.8	17.0	.0	.0	
57.6	38.0	8.9	215.0	485.3	41.0	.0	.0	
49.7	30.0	12.3	290.0	515.6	65.0	.0	.0	
41.5	28.9	9.5	287.5	356.5	62.0	.0	.0	
45.9	29.8	9.8	277.5	524.1	33.0	.0	.0	
52.7	35.4	12.8	203.8	461.5	76.0	17.0	.0	
63.1	54.5	15.1	250.0	484.9	70.0	35.0	.0	
57.2	56.3	6.3	101.3	299.5	98.0	48.0	.0	
64.7	58.2	16.3	240.0	518.4	67.0	28.0	.0	
48.8	42.6	11.5	287.5	371.1	74.0	.0	.0	
49.6	39.5	5.2	122.5	563.3	31.0	.0	.0	
53.9	39.8	10.0	98.8	547.2	60.0	.0	.0	
56.1	52.9	15.3	140.0	277.5	98.0	112.0	.0	
61.3	57.9	14.7	233.8	360.4	93.0	23.0	.0	
58.2	55.9	6.4	155.0	327.8	89.0	.0	.0	
57.4	53.1	8.4	86.3	470.8	78.0	.0	.0	
59.9	51.2	7.7	268.8	662.6	45.0	.0	.0	
63.3	48.5	5.2	100.0	639.9	36.0	.0	.0	
63.7	57.9	8.1	126.3	335.8	86.0	4.0	.0	
64.7	62.4	6.8	91.3	407.9	96.0	122.0	.0	
63.5	55.0	10.8	178.8	660.7	42.0	.0	.0	
55.2	38.4	9.8	21.3	724.0	2.0	.0	.0	
57.1	38.5	6.1	206.3	655.3	16.0	.0	.0	
65.2	46.4	6.5	216.3	642.4	35.0	.0	.0	
69.4	56.0	9.1	191.3	508.3	59.0	.0	.0	
68.2	64.5	13.4	193.8	476.3	68.0	22.0	.0	
69.3	62.1	14.8	258.8	557.8	44.0	.0	.0	
   6    30    1980
64.1	60.3	11.8	176.3	381.4	81.0	128.0	.0	
66.2	64.6	12.1	202.5	495.8	88.0	195.0	.0	
65.9	64.3	12.4	197.5	422.9	77.0	9.0	.0	
58.1	51.1	7.0	170.0	517.7	50.0	.0	.0	
59.9	47.9	8.8	122.5	607.9	58.0	.0	.0	
68.5	61.5	14.0	208.8	617.9	71.0	28.0	.0	
72.0	68.9	10.2	185.0	316.8	79.0	98.0	.0	
55.8	47.8	15.9	303.8	491.7	74.0	2.0	.0	
55.9	45.7	14.7	247.5	428.5	56.0	.0	.0	
49.8	36.6	10.0	286.3	657.2	18.0	.0	.0	
51.8	38.5	7.2	193.8	678.1	8.0	.0	.0	
58.2	42.3	7.2	177.5	742.7	4.0	.0	.0	
63.7	47.6	6.9	185.0	660.5	38.0	.0	.0	
67.7	56.5	8.8	235.0	500.6	61.0	5.0	.0	
62.5	61.5	10.3	176.3	320.2	83.0	153.0	.0	
53.2	46.1	9.6	102.5	566.6	53.0	.0	.0	
56.9	44.8	4.1	146.3	654.7	21.0	.0	.0	
62.6	48.8	4.2	180.0	670.0	12.0	.0	.0	
63.1	52.4	12.0	221.3	626.0	40.0	2.0	.0	
57.4	45.9	13.3	297.5	694.3	18.0	.0	.0	
62.5	46.4	4.9	223.8	564.9	34.0	.0	.0	
66.5	50.8	7.0	203.8	663.1	25.0	.0	.0	
69.5	57.3	8.5	158.8	589.1	65.0	2.0	.0	
69.3	66.0	7.9	180.0	326.2	87.0	.0	.0	
68.6	60.0	6.6	151.3	674.7	16.0	.0	.0	
73.3	65.9	6.4	250.0	600.7	30.0	.0	.0	
72.5	66.9	8.1	213.8	629.9	31.0	.0	.0	
73.7	65.9	11.2	205.0	574.3	81.0	9.0	.0	
70.1	61.2	12.6	251.3	442.4	68.0	.0	.0	
60.3	52.5	9.8	288.8	310.9	59.0	.0	.0	
   7    31    1980
66.1	57.0	10.7	198.8	564.5	75.0	.0	.0	
69.1	62.6	7.9	140.0	313.7	98.0	.0	.0	
68.8	52.9	6.5	115.0	646.8	48.0	.0	.0	
69.6	61.5	8.5	151.3	403.3	69.0	14.0	.0	
72.2	68.5	11.4	223.8	501.8	51.0	48.0	.0	
62.0	53.3	10.6	86.7	632.0	25.0	.0	.0	
67.2	55.6	11.1	178.8	561.7	36.0	.0	.0	
74.5	69.9	11.1	172.5	336.9	71.0	29.0	.0	
68.9	61.0	7.8	153.8	332.4	77.0	56.0	.0	
74.8	69.2	5.8	140.0	511.7	50.0	.0	.0	
76.1	68.0	8.5	252.5	573.8	34.0	.0	.0	
70.4	67.1	6.8	213.8	305.1	78.0	33.0	.0	
70.2	61.1	6.2	100.0	681.6	27.0	.0	.0	
72.8	56.6	7.4	210.0	703.1	20.0	.0	.0	
83.8	71.1	13.9	221.3	648.2	40.0	.0	.0	
83.3	71.6	11.5	248.8	608.3	40.0	.0	.0	
77.0	65.2	10.1	293.8	583.4	35.0	.0	.0	
74.7	64.1	5.5	195.0	544.1	41.0	.0	.0	
80.2	67.0	8.7	196.7	597.2	36.0	.0	.0	
84.9	70.7	11.7	206.7	564.7	45.0	.0	.0	
78.4	71.0	9.4	202.5	466.0	62.0	53.0	.0	
71.5	68.5	9.6	250.0	317.9	93.0	177.0	.0	
69.1	62.4	6.4	175.0	495.0	40.0	.0	.0	
69.2	57.9	3.5	76.3	623.5	18.0	.0	.0	
71.3	59.1	6.3	232.5	608.7	18.0	.0	.0	
74.0	62.4	6.4	178.3	596.9	34.0	.0	.0	
71.7	67.6	8.5	148.8	320.1	94.0	77.0	.0	
71.2	67.6	12.7	221.3	320.0	98.0	9.0	.0	
72.8	65.6	8.8	253.8	593.8	44.0	.0	.0	
72.0	63.7	5.2	205.0	480.2	60.0	5.0	.0	
76.7	67.9	11.2	197.5	388.6	59.0	.0	.0	
   8    31    1980
77.6	69.6	10.5	265.0	553.2	40.0	.0	.0	
75.1	71.1	9.9	203.8	278.3	88.0	47.0	.0	
71.1	68.1	11.5	207.5	274.1	85.0	27.0	.0	
74.7	68.7	7.5	162.5	459.6	57.0	.0	.0	
76.5	70.8	12.6	205.0	469.9	75.0	2.0	.0	
77.5	69.4	8.5	228.8	513.1	64.0	6.0	.0	
78.3	70.9	10.5	216.3	565.7	35.0	37.0	.0	
80.4	74.0	12.0	227.5	578.7	37.0	.0	.0	
78.4	71.3	6.5	213.8	439.5	71.0	.0	.0	
78.1	71.4	7.9	178.8	425.2	98.0	29.0	.0	
73.1	68.8	10.4	217.5	445.5	91.0	67.0	.0	
69.8	65.0	9.3	263.8	427.5	68.0	.0	.0	
70.2	62.1	5.2	206.3	522.5	55.0	3.0	.0	
74.4	68.5	11.2	241.3	440.1	88.0	12.0	.0	
69.3	66.3	7.0	123.8	289.3	87.0	20.0	.0	
64.3	55.3	6.5	75.0	490.3	77.0	.0	.0	
62.4	58.1	13.4	130.0	248.2	98.0	151.0	.0	
74.1	71.0	7.9	225.0	304.6	85.0	9.0	.0	
75.6	71.0	6.8	237.5	422.5	67.0	.0	.0	
75.6	72.1	7.8	201.3	363.6	58.0	13.0	.0	
75.7	71.9	10.4	190.0	459.9	80.0	18.0	.0	
70.4	67.0	11.0	253.8	346.8	64.0	.0	.0	
68.1	61.9	8.6	237.5	460.3	24.0	.0	.0	
70.0	63.1	5.9	53.8	546.6	14.0	.0	.0	
72.2	63.0	4.6	166.3	472.4	43.0	.0	.0	
73.6	65.3	5.7	212.5	523.0	5.0	.0	.0	
76.0	66.3	7.1	218.8	541.8	14.0	.0	.0	
76.9	68.5	5.1	175.0	537.6	16.0	.0	.0	
76.9	69.5	8.6	176.3	433.3	57.0	.0	.0	
73.5	68.4	10.2	205.0	483.6	60.0	.0	.0	
74.7	69.5	10.6	202.5	384.6	58.0	.0	.0	
   9    30    1980
78.6	70.9	14.4	210.0	388.9	70.0	.0	.0	
73.8	67.5	11.4	246.3	444.0	69.0	.0	.0	
70.6	59.8	3.9	142.5	514.6	14.0	.0	.0	
71.0	64.2	9.4	177.5	359.5	63.0	58.0	.0	
72.8	66.4	7.5	255.0	422.2	54.0	.0	.0	
70.9	63.3	6.0	128.3	423.7	37.0	.0	.0	
65.1	56.6	5.8	131.3	310.4	65.0	.0	.0	
70.4	60.9	6.7	153.8	452.3	36.0	.0	.0	
70.5	66.0	11.4	202.5	294.0	71.0	8.0	.0	
60.9	48.1	8.1	281.3	531.4	8.0	.0	.0	
62.3	51.0	7.8	222.5	447.2	38.0	.0	.0	
66.2	56.0	5.8	157.5	309.4	58.0	.0	.0	
75.4	66.7	11.2	186.3	414.1	84.0	24.0	.0	
72.2	68.5	11.0	232.5	399.5	75.0	.0	.0	
60.1	57.2	8.6	158.8	209.4	98.0	.0	.0	
64.2	59.9	10.5	180.0	278.3	60.0	.0	.0	
59.3	57.7	12.1	285.0	191.7	86.0	54.0	.0	
58.0	47.6	5.3	165.0	483.3	17.0	.0	.0	
64.6	54.3	7.2	206.3	479.9	4.0	.0	.0	
71.9	63.1	13.5	202.5	381.3	41.0	.0	.0	
76.2	68.7	14.7	212.5	444.4	34.0	.0	.0	
75.2	71.7	14.4	216.3	325.0	86.0	78.0	.0	
59.4	51.4	10.5	182.5	326.4	88.0	.0	.0	
56.3	46.2	6.9	135.0	407.2	30.0	.0	.0	
59.2	53.4	8.1	218.8	230.8	81.0	23.0	.0	
51.4	42.0	10.8	300.0	399.2	25.0	.0	.0	
51.9	37.2	7.6	217.5	398.1	24.0	.0	.0	
57.9	45.7	6.6	177.5	285.5	51.0	.0	.0	
60.3	49.3	6.0	150.0	411.0	2.0	.0	.0	
62.6	51.4	7.4	158.8	417.9	8.0	.0	.0	
  10    31    1980
65.7	57.5	11.1	202.5	402.1	24.0	.0	.0	
57.0	48.9	10.4	266.3	280.8	53.0	30.0	.0	
50.0	42.0	11.7	252.5	316.8	65.0	.0	.0	
44.3	33.5	8.9	248.8	274.4	78.0	.0	.0	
42.0	31.1	7.7	306.3	255.4	47.0	.0	.0	
46.7	32.3	8.9	226.3	366.5	41.0	.0	.0	
54.4	38.9	9.2	253.8	365.8	34.0	.0	.0	
62.2	43.5	11.9	221.3	388.0	4.0	.0	.0	
53.7	42.9	8.5	32.5	399.9	2.0	.0	.0	
56.7	40.4	7.9	176.3	393.5	19.0	.0	.0	
50.4	33.8	14.7	263.8	175.3	70.0	.0	.0	
43.9	32.6	12.7	286.3	191.0	96.0	.0	.0	
42.2	29.8	8.4	238.8	270.5	35.0	.0	.0	
47.2	33.6	9.4	151.3	192.7	82.0	.0	.0	
58.5	41.2	9.3	185.0	275.7	83.0	.0	.0	
64.2	46.5	11.1	202.5	263.3	45.0	.0	.0	
63.6	52.9	13.4	192.5	178.7	82.0	72.0	.0	
55.8	44.6	10.4	245.0	292.8	71.0	.0	.0	
46.6	35.0	10.2	271.3	206.8	54.0	.0	.0	
47.9	34.7	10.7	247.5	179.5	87.0	.0	.0	
51.1	37.4	11.4	271.3	219.8	36.0	.0	.0	
44.1	31.3	8.1	230.0	337.8	18.0	.0	.0	
46.0	28.9	10.2	100.0	325.3	2.0	.0	.0	
51.0	36.3	15.3	157.5	286.1	42.0	34.0	.0	
40.1	34.4	15.6	263.8	129.8	98.0	17.0	.0	
36.4	25.5	15.2	261.3	157.8	98.0	.0	.0	
37.4	25.1	6.8	157.5	165.8	90.0	23.0	.0	
37.7	31.3	8.4	210.0	149.6	83.0	22.0	.0	
35.3	23.0	7.8	277.5	282.6	6.0	.0	.0	
39.0	24.0	8.9	216.3	304.9	5.0	.0	.0	
47.1	25.8	16.4	247.5	294.7	8.0	.0	.0	
  11    30    1980
41.1	26.7	10.8	312.5	261.7	42.0	.0	.0	
39.2	24.3	4.8	161.3	292.4	15.0	.0	.0	
55.2	33.3	16.3	192.5	250.0	55.0	3.0	.0	
49.4	40.5	17.3	243.8	111.1	88.0	1.0	.0	
38.4	26.4	8.8	248.8	173.9	42.0	.0	.0	
42.3	23.8	14.4	228.8	150.6	67.0	.0	.0	
57.8	38.9	16.7	220.0	127.4	97.0	5.0	.0	
43.3	37.0	9.3	246.3	123.7	89.0	1.0	.0	
56.6	39.6	15.5	232.5	252.3	37.0	.0	.0	
37.3	24.4	14.0	318.8	140.4	60.0	.0	.0	
31.4	18.7	11.2	330.0	145.4	62.0	.0	.0	
34.6	19.9	6.1	236.3	223.0	31.0	.0	.0	
50.7	21.1	15.3	205.0	189.3	53.0	.0	.0	
47.0	31.1	11.5	177.5	93.2	98.0	18.0	.0	
38.1	29.2	9.5	73.8	139.2	98.0	.0	.0	
35.0	21.6	10.2	73.8	244.4	53.0	.0	.0	
31.0	22.8	8.4	106.3	97.8	79.0	.0	50.8	
33.0	26.8	12.5	242.5	129.0	86.0	2.0	.0	
31.0	21.3	8.2	251.3	214.5	38.0	.0	.0	
33.4	22.8	11.3	202.5	223.1	24.0	.0	.0	
35.4	25.3	14.0	251.3	129.0	49.0	.0	.0	
35.8	23.2	10.0	201.3	219.0	32.0	.0	.0	
42.8	30.5	11.4	183.8	96.1	98.0	5.0	.0	
40.5	36.3	9.4	323.8	97.6	98.0	59.0	.0	
31.0	22.3	8.6	278.8	115.6	70.0	.0	5.1	
30.4	18.6	6.5	122.5	173.3	63.0	.0	.0	
37.4	29.1	14.1	138.8	94.7	98.0	68.0	.0	
34.7	27.5	15.1	221.3	114.6	98.0	6.0	.0	
34.0	26.5	14.2	247.5	118.5	98.0	11.0	.0	
40.1	26.4	16.5	216.3	178.2	51.0	.0	.0	
  12    31    1980
49.5	33.9	14.0	212.5	93.0	85.0	.0	.0	
41.7	32.1	22.4	242.5	105.9	96.0	33.0	.0	
23.0	11.4	9.8	256.3	164.4	60.0	.0	.0	
31.5	14.6	8.4	140.0	155.8	78.0	.0	.0	
38.9	26.0	9.6	152.5	86.7	98.0	.0	.0	
50.4	41.4	10.5	181.3	108.5	98.0	1.0	.0	
55.7	50.0	10.6	228.8	97.7	95.0	22.0	.0	
53.1	47.9	16.3	240.0	100.4	90.0	39.0	.0	
37.1	31.4	10.5	192.5	83.2	98.0	37.0	.0	
32.5	22.4	14.0	277.5	96.2	93.0	.0	.0	
25.3	15.7	8.7	292.5	110.1	98.0	.0	12.7	
39.9	30.3	15.4	216.3	175.5	61.0	.0	.0	
31.2	22.9	12.7	280.0	104.6	50.0	.0	.0	
27.9	15.9	12.7	220.0	132.2	48.0	.0	.0	
29.5	20.9	7.6	116.3	97.4	91.0	.0	15.2	
29.9	20.4	10.1	15.0	107.3	90.0	.0	.0	
25.6	13.3	11.4	186.3	162.6	84.0	.0	.0	
36.2	27.0	12.1	242.5	93.5	98.0	3.0	.0	
16.1	6.5	12.6	301.3	169.2	38.0	.0	.0	
10.1	-2.6	8.6	268.6	162.8	21.0	.0	.0	
13.9	3.4	6.5	252.5	168.1	19.0	.0	.0	
23.8	8.6	9.4	157.5	132.2	80.0	.0	.0	
36.1	20.5	12.1	226.3	138.6	84.0	.0	.0	
24.3	16.7	13.0	263.8	101.0	80.0	.0	61.0	
7.1	-6.6	11.4	255.0	206.8	4.0	.0	.0	
18.1	4.8	10.2	200.0	94.7	98.0	.0	.0	
22.6	10.9	4.4	70.0	121.4	83.0	.0	.0	
30.3	14.4	7.3	142.5	191.2	33.0	.0	.0	
34.7	28.6	8.7	100.0	73.5	98.0	27.0	.0	
29.8	25.3	10.1	165.0	103.9	98.0	.0	.0	
32.1	27.0	9.4	145.0	97.6	98.0	18.0	.0	
