   1    31    1975
30.4	24.7	14.7	267.5	97.2	71.0	.0	.0	
25.4	18.8	7.9	181.7	157.9	47.0	.0	.0	
33.5	29.7	12.9	219.2	62.9	98.0	10.0	.0	
30.1	22.4	10.3	242.9	120.5	73.0	.0	.0	
24.3	20.9	5.6	174.6	113.1	54.0	.0	.0	
31.6	27.8	10.0	170.8	89.4	73.0	.0	20.3	
37.5	32.1	8.8	177.9	173.1	78.0	.0	.0	
44.5	41.6	10.7	190.0	79.8	98.0	84.0	.0	
37.5	32.9	10.1	203.3	97.7	88.0	.0	.0	
47.4	42.8	16.9	138.8	58.7	90.0	36.0	.0	
39.4	25.6	20.8	225.8	118.8	70.0	1.0	.0	
19.9	4.8	14.8	255.4	134.2	58.0	.0	.0	
12.0	2.5	11.4	252.1	107.3	59.0	.0	.0	
13.3	3.7	11.0	241.3	110.9	54.0	.0	.0	
21.9	12.6	10.7	228.8	101.3	84.0	.0	2.5	
25.1	15.0	13.9	260.8	140.1	50.0	.0	2.5	
24.1	11.4	9.4	202.5	183.9	76.0	.0	.0	
32.6	27.5	14.8	221.3	98.1	94.0	28.0	.0	
28.2	20.7	11.4	250.0	121.1	95.0	.0	.0	
14.7	5.5	8.3	257.9	221.7	35.0	.0	.0	
28.7	19.2	14.4	208.8	151.7	97.0	.0	.0	
28.2	23.1	7.1	167.9	113.1	98.0	.0	.0	
29.7	22.9	10.0	211.7	223.5	57.0	.0	.0	
36.8	31.4	9.6	197.9	202.1	53.0	3.0	.0	
37.6	33.0	13.8	216.7	86.4	98.0	19.0	.0	
28.4	20.8	18.9	265.0	122.3	98.0	.0	10.2	
28.9	21.0	6.1	185.8	118.8	91.0	.0	.0	
33.0	27.1	7.8	69.6	98.5	98.0	5.0	.0	
41.3	34.1	19.9	238.8	157.9	98.0	54.0	.0	
32.2	21.6	7.0	223.8	143.3	98.0	3.0	.0	
32.0	25.2	8.8	155.8	139.6	94.0	.0	.0	
   2    28    1975
29.6	17.8	11.4	55.0	171.4	96.0	.0	.0	
27.8	16.0	6.0	47.5	238.1	50.0	.0	.0	
26.3	17.1	7.8	95.4	246.2	45.0	.0	.0	
30.3	21.9	9.9	85.4	114.8	91.0	.0	2.5	
32.7	31.4	5.2	105.8	126.9	98.0	15.0	.0	
28.1	23.4	11.7	282.9	152.7	97.0	.0	7.6	
15.0	6.3	13.1	241.3	256.0	50.0	.0	.0	
21.3	13.0	13.1	277.9	170.8	88.0	.0	15.2	
8.3	-1.5	11.1	277.9	251.1	41.0	.0	7.6	
6.3	-4.0	7.4	129.6	211.4	70.0	.0	.0	
24.7	16.9	5.6	187.5	214.3	84.0	.0	.0	
25.2	17.4	12.1	252.9	241.1	63.0	.0	.0	
17.8	6.2	13.6	284.2	288.5	34.0	.0	.0	
19.7	10.5	5.1	166.7	310.7	81.0	.0	.0	
29.0	25.5	8.6	104.6	108.2	98.0	.0	81.3	
31.5	29.8	10.3	138.3	157.9	98.0	.0	.0	
35.3	32.8	13.5	155.8	123.4	98.0	27.0	.0	
33.9	29.8	11.5	234.2	137.1	98.0	3.0	.0	
32.1	25.5	13.0	255.8	187.7	88.0	1.0	.0	
33.0	21.4	10.2	219.6	295.5	60.0	.0	.0	
39.1	26.8	8.8	185.4	302.6	60.0	.0	.0	
43.2	32.8	8.1	175.4	144.0	97.0	53.0	.0	
39.7	37.8	9.7	134.2	103.3	98.0	94.0	.0	
38.0	29.5	12.2	208.3	192.3	91.0	7.0	.0	
33.0	24.9	21.0	231.3	171.8	86.0	12.0	.0	
33.8	18.7	23.8	256.3	273.6	74.0	.0	.0	
28.0	14.4	14.0	247.5	224.6	87.0	.0	.0	
32.8	19.4	14.9	237.5	213.7	77.0	.0	.0	
   3    31    1975
25.4	13.7	12.8	290.4	186.8	84.0	.0	5.1	
24.0	11.5	14.5	305.0	248.6	71.0	.0	.0	
25.2	12.5	15.4	300.0	205.3	83.0	.0	.0	
28.1	16.0	10.4	260.0	218.0	83.0	.0	2.5	
33.8	19.0	9.9	198.8	298.4	73.0	.0	.0	
38.5	25.6	10.6	222.1	254.9	94.0	.0	.0	
34.3	28.6	13.5	229.6	161.8	98.0	63.0	.0	
24.8	12.2	13.6	301.7	271.2	62.0	.0	.0	
21.9	10.4	6.0	167.9	327.2	47.0	.0	.0	
27.7	20.1	7.5	110.8	206.6	94.0	.0	43.2	
29.8	21.9	7.0	77.9	198.7	98.0	.0	.0	
37.5	33.5	11.5	211.7	197.3	98.0	.0	.0	
29.1	15.2	13.4	187.5	380.6	63.0	.0	.0	
27.8	20.8	15.9	129.2	192.3	92.0	.0	48.3	
26.9	18.3	6.0	207.9	468.2	11.0	.0	.0	
32.0	26.2	5.0	74.6	198.4	75.0	.0	.0	
36.9	30.1	7.0	103.8	465.4	2.0	.0	.0	
46.3	38.4	8.5	123.8	267.9	69.0	.0	.0	
47.2	42.0	10.3	247.1	213.1	92.0	7.0	.0	
43.0	32.9	7.6	138.8	389.1	43.0	.0	.0	
40.8	32.6	11.6	79.6	311.7	87.0	.0	.0	
45.4	36.8	13.9	244.2	215.0	89.0	3.0	.0	
39.0	29.6	10.0	86.3	400.9	74.0	3.0	.0	
50.7	36.4	14.5	190.8	402.0	77.0	15.0	.0	
32.8	21.6	15.9	256.3	225.4	98.0	.0	.0	
26.3	13.7	11.1	161.3	408.1	60.0	.0	2.5	
28.6	16.3	15.0	78.8	248.5	96.0	.0	5.1	
34.1	28.0	11.8	84.2	188.7	98.0	26.0	.0	
37.0	28.1	14.0	262.9	347.9	93.0	29.0	.0	
28.4	16.0	17.6	263.8	288.2	82.0	.0	5.1	
39.5	23.8	12.5	217.5	437.0	33.0	.0	.0	
   4    30    1975
43.3	31.9	10.6	196.3	427.1	62.0	.0	.0	
34.7	27.6	14.3	65.0	242.0	94.0	25.0	.0	
29.6	20.7	21.1	287.9	352.8	74.0	.0	50.8	
30.3	13.6	16.8	307.1	560.6	2.0	.0	.0	
29.5	14.8	15.4	335.0	544.3	2.0	.0	.0	
31.7	16.5	13.0	333.8	543.5	2.0	.0	.0	
35.1	19.2	10.9	309.2	534.8	2.0	.0	.0	
36.3	17.2	9.2	152.5	525.7	51.0	.0	.0	
33.8	18.3	10.5	53.3	268.9	87.0	3.0	.0	
36.3	21.9	7.2	117.9	349.4	53.0	.0	.0	
34.2	16.1	5.7	222.1	441.6	40.0	.0	.0	
35.1	17.2	8.1	230.0	462.9	38.0	.0	.0	
38.0	18.6	9.0	229.6	570.3	5.0	.0	.0	
36.3	20.2	6.9	55.4	235.8	75.0	.0	.0	
40.5	30.4	9.5	302.5	290.0	72.0	1.0	.0	
44.7	32.1	10.1	268.3	425.2	44.0	.0	.0	
49.3	34.7	9.8	105.0	510.3	50.0	.0	.0	
64.7	56.8	13.9	198.3	213.3	98.0	81.0	.0	
49.1	36.9	21.0	247.9	368.1	77.0	9.0	.0	
44.3	31.4	16.2	272.5	298.6	87.0	.0	.0	
41.3	25.0	7.2	206.3	534.0	55.0	.0	.0	
47.1	36.3	8.2	114.2	329.9	70.0	.0	.0	
54.1	46.8	12.1	169.6	209.1	98.0	10.0	.0	
56.2	52.7	7.9	188.3	301.7	98.0	5.0	.0	
44.7	38.9	8.5	131.7	302.7	86.0	.0	.0	
46.6	32.8	6.8	180.4	546.3	55.0	.0	.0	
44.9	34.1	7.8	93.3	229.0	93.0	2.0	.0	
44.1	39.6	9.7	82.5	256.1	98.0	46.0	.0	
55.9	47.4	7.1	117.1	516.0	49.0	.0	.0	
61.0	53.0	8.6	164.2	442.7	79.0	32.0	.0	
   5    31    1975
57.4	45.6	11.3	266.3	539.9	39.0	.0	.0	
57.0	38.8	7.8	241.3	625.0	36.0	.0	.0	
58.0	46.2	7.6	132.9	341.3	85.0	9.0	.0	
53.6	48.1	14.1	282.5	298.5	93.0	.0	.0	
55.9	47.5	7.5	189.6	572.5	51.0	53.0	.0	
56.1	48.8	11.8	222.9	460.3	75.0	44.0	.0	
53.4	38.8	7.1	75.0	619.1	36.0	.0	.0	
57.4	37.2	8.8	55.4	459.9	82.0	.0	.0	
60.6	35.0	8.1	72.9	614.4	36.0	.0	.0	
59.7	34.2	6.7	157.9	687.4	2.0	.0	.0	
61.8	40.8	6.4	242.9	545.0	63.0	.0	.0	
55.1	51.6	10.2	342.5	283.3	98.0	13.0	.0	
57.9	46.4	7.0	287.5	645.8	56.0	1.0	.0	
61.0	46.5	6.3	162.1	540.6	81.0	.0	.0	
61.2	49.0	10.2	254.6	574.0	52.0	.0	.0	
51.9	44.9	7.4	178.3	542.5	40.0	.0	.0	
58.5	50.9	5.1	102.9	576.1	70.0	.0	.0	
69.0	51.7	5.0	183.3	677.1	23.0	.0	.0	
74.5	52.3	10.1	210.8	665.1	42.0	.0	.0	
75.9	65.7	9.1	197.9	493.1	85.0	82.0	.0	
72.7	65.2	7.2	172.9	452.1	83.0	15.0	.0	
67.0	63.4	5.5	231.3	457.8	80.0	22.0	.0	
69.5	64.0	5.6	196.3	483.9	51.0	3.0	.0	
74.4	67.4	4.4	127.5	587.7	45.0	.0	.0	
73.7	66.3	7.2	174.2	552.5	77.0	71.0	.0	
70.2	63.3	9.5	234.6	459.3	55.0	8.0	.0	
68.5	55.2	9.1	305.0	612.9	43.0	.0	.0	
65.5	51.6	8.9	130.8	655.9	50.0	.0	.0	
70.2	55.4	9.1	106.7	594.2	88.0	.0	.0	
70.7	64.7	9.9	201.3	463.7	94.0	38.0	.0	
63.4	59.9	9.0	244.6	271.6	88.0	24.0	.0	
   6    30    1975
59.7	52.9	7.9	277.1	525.9	61.0	49.0	.0	
55.0	52.3	5.3	246.7	268.4	67.0	6.0	.0	
56.7	51.8	5.9	196.3	389.7	49.0	20.0	.0	
65.2	58.6	7.2	120.4	376.4	72.0	31.0	.0	
71.0	60.7	11.4	238.8	504.0	83.0	42.0	.0	
65.2	51.2	13.6	276.3	615.9	23.0	.0	.0	
57.8	48.3	12.8	290.0	369.3	66.0	.0	.0	
56.4	46.8	8.1	239.2	477.3	40.0	.0	.0	
60.9	49.0	7.0	75.4	667.6	53.0	.0	.0	
65.7	53.8	11.4	77.9	697.0	58.0	.0	.0	
67.1	63.9	9.9	160.0	230.4	86.0	47.0	.0	
69.3	55.4	13.9	240.4	630.9	41.0	.0	.0	
70.6	55.6	11.6	231.7	652.1	39.0	.0	.0	
70.6	60.1	8.7	209.2	563.3	80.0	80.0	.0	
66.3	60.5	12.0	205.8	305.7	71.0	43.0	.0	
66.4	56.4	8.8	210.8	571.9	51.0	.0	.0	
71.7	63.2	11.5	191.7	469.1	69.0	36.0	.0	
77.7	69.2	8.6	214.6	639.9	62.0	.0	.0	
78.6	72.1	8.5	245.4	481.8	85.0	1.0	.0	
75.1	63.6	5.9	82.1	675.2	36.0	.0	.0	
75.6	64.6	6.7	95.8	666.7	28.0	.0	.0	
78.2	68.4	5.4	180.8	629.6	42.0	.0	.0	
76.9	69.1	8.0	227.9	578.1	61.0	11.0	.0	
72.7	68.0	7.1	192.9	468.5	78.0	55.0	.0	
69.5	64.2	7.5	56.3	317.4	98.0	.0	.0	
72.0	64.8	5.7	65.8	555.1	47.0	.0	.0	
73.5	67.8	3.7	110.0	473.2	68.0	.0	.0	
73.3	65.6	4.2	54.2	573.7	51.0	.0	.0	
74.6	61.7	7.1	79.6	703.5	8.0	.0	.0	
71.5	60.0	5.9	156.3	670.6	18.0	.0	.0	
   7    31    1975
71.6	59.3	4.1	100.0	686.3	8.0	.0	.0	
74.6	60.0	6.6	253.8	663.8	34.0	.0	.0	
72.7	65.3	11.2	254.6	403.1	54.0	219.0	.0	
72.1	61.5	7.1	237.1	675.6	28.0	74.0	.0	
72.0	60.6	4.3	103.3	541.6	48.0	.0	.0	
73.0	64.2	5.7	161.7	563.4	66.0	.0	.0	
72.9	66.1	3.7	91.3	552.7	49.0	.0	.0	
75.4	66.3	7.8	267.1	613.0	51.0	.0	.0	
69.3	57.7	7.6	292.9	565.7	51.0	.0	.0	
65.3	54.8	9.7	272.1	491.7	50.0	.0	.0	
61.1	50.2	5.7	240.0	587.6	40.0	.0	.0	
63.5	56.1	7.8	152.9	497.9	79.0	19.0	.0	
61.8	57.6	4.8	187.5	408.6	73.0	59.0	.0	
62.3	54.4	7.7	191.7	562.1	35.0	.0	.0	
68.0	57.8	2.8	100.8	640.7	11.0	.0	.0	
72.8	63.6	4.6	178.8	587.4	45.0	.0	.0	
72.6	63.3	6.2	187.1	613.1	34.0	.0	.0	
68.3	64.4	8.9	185.4	258.1	65.0	17.0	.0	
73.9	69.1	9.9	219.6	396.0	58.0	111.0	.0	
74.8	68.0	8.5	241.7	449.2	57.0	.0	.0	
71.7	62.3	7.2	305.4	661.3	21.0	.0	.0	
72.1	63.2	4.0	195.8	660.2	26.0	.0	.0	
76.0	67.2	5.2	127.9	511.6	69.0	.0	.0	
76.7	66.8	11.5	250.4	447.2	73.0	.0	.0	
68.7	57.1	8.8	298.8	593.7	22.0	.0	.0	
67.6	58.5	4.7	155.4	648.3	11.0	.0	.0	
71.6	60.3	9.7	232.1	555.1	20.0	.0	.0	
69.6	58.4	3.9	176.3	639.9	7.0	.0	.0	
73.0	61.0	3.4	86.3	608.8	2.0	.0	.0	
73.9	64.1	2.9	117.5	641.2	2.0	.0	.0	
76.2	66.0	2.7	115.0	613.2	7.0	.0	.0	
   8    31    1975
78.5	69.5	2.6	107.9	490.5	55.0	.0	.0	
75.6	72.0	3.9	169.6	352.0	92.0	27.0	.0	
74.5	70.8	7.2	210.0	340.6	93.0	103.0	.0	
74.0	68.2	6.3	272.1	505.6	79.0	2.0	.0	
67.4	64.1	7.4	90.4	274.4	84.0	39.0	.0	
63.9	55.6	9.5	176.7	491.5	57.0	1.0	.0	
62.1	53.5	6.3	137.5	626.1	4.0	.0	.0	
63.9	53.8	4.5	140.4	651.2	2.0	.0	.0	
70.5	62.9	7.1	205.4	599.6	5.0	.0	.0	
75.4	68.0	7.5	230.0	591.3	39.0	.0	.0	
75.6	67.8	7.8	235.8	566.7	62.0	6.0	.0	
74.2	69.0	5.8	190.4	487.6	59.0	.0	.0	
77.4	70.8	8.8	235.4	379.2	65.0	.0	.0	
71.1	61.5	7.5	154.6	537.6	63.0	.0	.0	
65.2	62.8	8.8	126.7	217.9	98.0	71.0	.0	
69.3	64.6	4.5	230.0	313.4	90.0	.0	.0	
70.7	65.3	7.4	245.0	386.8	80.0	.0	.0	
67.7	60.0	4.2	135.0	452.8	60.0	.0	.0	
67.8	62.6	5.7	94.2	393.3	82.0	3.0	.0	
67.5	56.4	7.5	76.7	538.8	58.0	.0	.0	
71.3	67.1	9.3	200.0	329.9	86.0	166.0	.0	
71.0	68.6	7.8	169.2	252.6	98.0	6.0	.0	
75.9	71.2	7.0	173.3	414.8	68.0	.0	.0	
76.5	72.8	9.3	204.6	374.4	45.0	4.0	.0	
77.9	72.4	9.2	215.8	419.2	50.0	.0	.0	
70.9	65.3	7.2	245.8	393.4	70.0	47.0	.0	
67.1	58.7	3.3	157.1	539.6	22.0	.0	.0	
70.7	62.0	5.1	97.1	541.2	34.0	.0	.0	
72.1	68.0	7.0	187.5	313.9	96.0	10.0	.0	
71.1	68.7	8.3	132.9	278.7	98.0	40.0	.0	
70.4	67.8	8.3	183.3	256.2	98.0	27.0	.0	
   9    30    1975
66.1	63.6	7.8	226.7	288.8	68.0	6.0	.0	
68.4	63.5	6.0	191.3	371.2	39.0	.0	.0	
61.3	58.3	6.2	144.6	254.3	53.0	.0	.0	
64.3	60.3	5.0	224.6	325.2	66.0	.0	.0	
63.1	60.5	7.5	188.3	221.1	93.0	63.0	.0	
61.2	53.6	8.5	279.6	497.5	28.0	.0	.0	
62.7	52.8	6.8	157.9	515.1	17.0	.0	.0	
61.6	54.1	8.9	298.3	404.8	55.0	.0	.0	
53.5	45.0	5.3	148.8	466.8	16.0	.0	.0	
60.2	52.8	5.7	126.3	465.8	18.0	.0	.0	
66.0	63.5	11.1	224.2	158.8	91.0	116.0	.0	
53.3	41.3	12.6	307.1	414.4	53.0	.0	.0	
46.9	35.4	9.1	260.4	368.2	38.0	.0	.0	
46.9	36.2	4.2	161.7	490.4	10.0	.0	.0	
56.0	46.3	3.3	126.3	339.7	93.0	1.0	.0	
57.8	55.3	2.8	113.3	211.8	98.0	5.0	.0	
60.5	57.4	6.0	87.9	238.3	98.0	.0	.0	
62.3	60.9	6.3	144.2	143.4	98.0	33.0	.0	
61.5	59.1	8.0	203.8	210.4	85.0	1.0	.0	
57.7	49.9	9.0	227.1	345.7	83.0	20.0	.0	
55.1	46.5	11.4	235.0	280.3	76.0	.0	.0	
52.3	47.2	6.7	237.1	202.7	94.0	.0	.0	
52.0	43.8	6.9	119.2	268.3	98.0	.0	.0	
55.5	44.0	15.5	62.1	348.1	80.0	1.0	.0	
50.5	47.8	11.1	166.7	126.2	98.0	8.0	.0	
52.2	49.3	6.0	282.1	214.8	98.0	14.0	.0	
54.2	45.6	6.4	252.1	421.2	36.0	.0	.0	
51.2	41.5	3.5	170.0	455.6	2.0	.0	.0	
53.7	47.0	4.7	103.3	316.3	38.0	2.0	.0	
58.3	50.0	7.3	202.5	393.8	15.0	.0	.0	
  10    31    1975
52.9	47.6	10.2	273.3	202.5	85.0	58.0	.0	
40.8	31.0	10.3	263.8	295.3	28.0	.0	.0	
47.9	32.9	8.4	212.9	421.0	2.0	.0	.0	
53.6	40.2	5.3	190.8	421.2	2.0	.0	.0	
56.2	43.7	7.3	180.8	386.7	13.0	.0	.0	
59.4	45.9	9.4	266.7	408.7	2.0	.0	.0	
54.8	46.7	5.9	86.3	406.9	12.0	.0	.0	
53.6	48.9	7.4	62.9	176.4	86.0	75.0	.0	
53.6	52.4	6.5	213.3	176.8	82.0	9.0	.0	
59.1	45.3	7.9	229.6	358.6	45.0	.0	.0	
50.2	41.8	7.5	272.9	295.5	43.0	.0	.0	
50.1	42.7	4.7	162.1	366.4	2.0	.0	.0	
66.2	51.5	9.5	212.1	359.5	41.0	.0	.0	
70.5	53.1	10.4	231.3	312.0	54.0	.0	.0	
61.9	51.7	12.0	243.8	143.7	66.0	.0	.0	
45.6	37.9	5.1	197.5	322.8	42.0	.0	.0	
45.8	41.5	13.1	47.9	125.6	98.0	23.0	.0	
43.6	42.0	16.0	28.8	119.2	98.0	41.0	.0	
45.9	44.3	6.4	159.2	137.1	98.0	23.0	.0	
52.6	44.1	10.1	228.3	215.8	90.0	.0	.0	
60.3	47.9	9.7	227.1	262.7	59.0	.0	.0	
59.4	51.8	6.4	153.8	305.9	34.0	.0	.0	
61.0	48.6	8.8	180.0	307.3	15.0	.0	.0	
63.1	51.9	10.8	166.7	297.2	39.0	.0	.0	
50.4	41.4	11.8	247.1	187.0	90.0	12.0	.0	
42.0	32.5	4.2	130.0	325.4	27.0	.0	.0	
45.5	34.3	6.1	149.6	307.0	2.0	.0	.0	
52.4	49.6	8.2	214.2	128.8	61.0	.0	.0	
45.3	36.4	10.6	210.8	162.9	70.0	1.0	.0	
35.1	25.3	7.4	166.7	309.9	11.0	.0	.0	
40.8	29.5	10.9	171.3	221.7	59.0	.0	.0	
  11    30    1975
52.2	43.3	11.2	219.2	112.5	97.0	7.0	.0	
59.9	55.3	9.1	207.1	129.3	86.0	26.0	.0	
61.0	55.2	9.6	226.3	124.4	95.0	3.0	.0	
59.1	55.9	7.2	253.8	105.9	89.0	.0	.0	
55.2	52.7	4.2	180.4	161.3	53.0	.0	.0	
61.8	55.9	5.9	118.8	242.7	54.0	.0	.0	
61.3	57.4	9.4	187.1	97.5	79.0	13.0	.0	
61.4	55.2	9.3	202.1	152.0	81.0	.0	.0	
61.1	56.0	10.6	157.9	222.9	66.0	19.0	.0	
52.2	41.8	19.1	223.8	153.4	60.0	16.0	.0	
42.9	32.7	6.7	163.3	221.6	31.0	.0	.0	
46.0	35.6	11.6	235.8	182.5	80.0	.0	.0	
35.6	29.6	13.2	285.0	103.0	98.0	.0	.0	
32.8	20.6	13.3	306.7	167.7	78.0	.0	.0	
39.7	27.2	12.1	228.8	250.8	30.0	.0	.0	
46.2	37.3	6.3	214.2	242.5	5.0	.0	.0	
51.2	42.2	7.7	216.7	220.8	5.0	.0	.0	
50.2	41.0	6.5	226.7	237.4	2.0	.0	.0	
45.3	36.3	4.7	120.0	241.7	3.0	.0	.0	
48.6	42.2	13.0	180.0	109.4	67.0	12.0	.0	
36.9	30.9	12.3	237.9	120.4	98.0	.0	.0	
34.5	26.0	10.7	284.6	192.1	46.0	.0	.0	
28.6	21.6	3.0	142.1	221.6	17.0	.0	.0	
31.1	26.2	4.5	103.3	124.8	94.0	.0	68.6	
29.8	27.2	10.2	275.8	125.1	98.0	.0	25.4	
27.6	23.4	8.7	172.5	153.6	98.0	.0	50.8	
32.3	29.4	14.7	220.8	133.2	98.0	15.0	.0	
29.0	24.8	9.9	210.4	121.9	80.0	.0	.0	
37.8	33.5	13.0	152.9	65.2	91.0	40.0	.0	
49.7	42.2	19.8	217.5	90.2	98.0	9.0	.0	
  12    31    1975
23.3	12.8	13.9	218.8	169.1	70.0	.0	.0	
30.9	21.1	11.6	234.6	143.7	84.0	.0	.0	
28.3	16.3	8.4	261.7	158.8	68.0	.0	.0	
33.6	26.2	7.3	125.4	190.4	17.0	.0	.0	
50.4	41.6	11.8	207.5	123.0	58.0	.0	.0	
37.7	32.4	13.7	142.1	102.0	73.0	60.0	.0	
28.6	23.5	8.3	78.3	132.1	75.0	.0	.0	
32.0	29.1	7.1	115.0	89.1	98.0	4.0	.0	
30.5	29.4	8.7	259.6	96.5	98.0	.0	38.1	
28.6	24.6	11.3	248.8	142.5	87.0	.0	2.5	
32.2	31.0	9.2	104.2	73.3	98.0	3.0	.0	
32.8	31.8	14.5	53.3	92.3	98.0	2.0	.0	
47.8	44.6	10.8	154.2	153.8	45.0	1.0	.0	
58.0	51.0	14.8	200.4	134.1	85.0	3.0	.0	
41.8	40.7	9.8	243.3	80.7	98.0	127.0	.0	
31.1	27.1	9.3	233.3	86.9	97.0	.0	2.5	
22.9	14.3	14.0	274.2	70.8	87.0	.0	.0	
12.9	4.7	15.8	271.7	78.5	55.0	.0	5.1	
18.4	10.5	11.4	208.3	87.7	98.0	.0	5.1	
29.2	24.1	13.7	162.9	107.1	98.0	.0	33.0	
17.9	12.1	11.4	235.8	137.3	56.0	.0	.0	
17.8	12.5	7.0	246.3	82.0	62.0	.0	.0	
24.8	16.4	8.8	192.5	130.8	53.0	.0	.0	
19.6	12.0	6.0	104.2	117.3	66.0	.0	.0	
27.6	24.6	6.6	136.3	87.9	98.0	.0	27.9	
30.5	28.2	13.8	205.0	112.7	98.0	.0	124.5	
26.8	22.3	6.0	253.3	121.5	98.0	.0	2.5	
20.7	14.6	4.7	228.3	105.5	70.0	.0	.0	
17.1	14.3	4.5	159.2	83.1	68.0	.0	22.9	
35.6	35.5	8.2	215.8	91.9	98.0	31.0	.0	
31.4	26.7	11.0	128.8	113.9	93.0	.0	.0	
