   1    31    1976
47.9	37.2	7.0	155.0	269.0	2.0	.0	.0	
42.9	35.0	4.7	86.3	160.4	60.0	.0	.0	
46.6	39.7	7.7	236.7	101.3	95.0	16.0	.0	
33.0	12.5	8.5	315.4	276.1	10.0	.0	.0	
25.0	5.6	5.5	63.8	247.5	18.0	.0	.0	
28.9	9.0	4.4	75.8	227.5	62.0	.0	.0	
35.5	31.1	5.4	153.8	86.2	98.0	56.0	.0	
37.9	27.8	9.6	297.1	259.9	48.0	1.0	.0	
25.3	6.3	5.6	274.6	292.2	2.0	.0	.0	
31.4	12.8	3.4	106.3	268.7	39.0	.0	.0	
39.3	26.2	7.9	208.8	114.6	98.0	1.0	.0	
40.7	29.1	4.7	219.6	272.6	47.0	.0	.0	
44.0	38.0	6.8	177.5	112.7	77.0	1.0	.0	
45.4	27.1	9.2	310.8	302.6	21.0	.0	.0	
37.7	15.2	4.8	184.2	297.8	35.0	.0	.0	
41.5	25.3	5.1	190.4	153.8	97.0	7.0	.0	
33.7	20.2	12.0	236.3	207.8	62.0	15.0	.0	
22.9	5.0	7.7	174.2	317.7	2.0	.0	.0	
24.3	6.5	6.1	172.5	311.8	2.0	.0	.0	
36.2	15.5	8.4	212.5	218.6	49.0	.0	.0	
36.9	21.5	10.1	266.7	299.7	5.0	.0	.0	
35.0	14.6	8.2	259.2	299.7	9.0	.0	.0	
41.2	22.2	9.0	177.1	319.5	10.0	.0	.0	
51.6	41.6	12.1	213.8	150.3	73.0	.0	.0	
58.5	49.5	10.0	153.8	172.6	95.0	.0	.0	
60.6	57.0	10.2	175.8	139.0	97.0	19.0	.0	
53.4	50.5	9.2	237.5	106.8	98.0	73.0	.0	
36.2	20.7	8.6	271.3	337.3	6.0	.0	.0	
42.6	25.4	8.9	269.2	315.5	29.0	.0	.0	
41.3	26.2	8.0	220.0	339.5	2.0	.0	.0	
42.7	28.3	6.3	169.2	272.8	47.0	.0	.0	
   2    29    1976
46.2	39.3	9.8	208.8	113.1	98.0	55.0	.0	
35.2	14.0	10.0	253.8	339.4	43.0	.0	.0	
39.8	23.6	6.0	125.0	304.5	51.0	.0	.0	
50.0	33.8	7.2	220.4	330.5	21.0	.0	.0	
55.1	45.0	9.3	192.9	298.4	64.0	.0	.0	
54.2	43.4	13.6	262.1	261.3	75.0	.0	.0	
33.2	13.8	9.2	218.3	368.0	28.0	.0	.0	
34.4	17.4	9.2	258.8	333.3	13.0	.0	.0	
38.6	19.9	6.2	222.5	376.7	17.0	.0	.0	
49.6	28.1	11.8	198.8	337.9	50.0	.0	.0	
54.5	35.8	11.3	278.3	182.9	74.0	.0	.0	
46.3	22.4	7.1	156.7	381.8	31.0	.0	.0	
53.8	42.8	9.1	207.1	214.0	90.0	.0	.0	
57.1	42.5	6.7	83.8	363.2	40.0	.0	.0	
48.4	39.0	6.8	165.4	181.2	85.0	.0	.0	
59.7	49.1	11.7	225.4	342.7	75.0	.0	.0	
65.4	53.4	14.4	223.8	367.3	50.0	.0	.0	
58.1	53.0	13.3	225.4	193.5	48.0	3.0	.0	
53.5	40.1	8.3	223.8	399.2	2.0	.0	.0	
51.8	24.8	7.2	163.8	383.0	20.0	.0	.0	
57.9	45.3	11.0	165.8	294.7	85.0	40.0	.0	
53.2	44.4	13.8	268.8	308.3	64.0	15.0	.0	
41.0	21.2	7.5	239.2	427.5	2.0	.0	.0	
45.9	24.9	5.5	166.3	441.4	2.0	.0	.0	
51.8	31.1	7.2	167.9	429.5	29.0	.0	.0	
54.0	41.8	8.6	217.9	245.0	64.0	.0	.0	
55.4	33.8	5.1	202.5	420.9	7.0	.0	.0	
55.8	31.3	5.2	153.3	403.2	43.0	.0	.0	
58.7	42.0	8.3	182.1	407.4	48.0	.0	.0	
   3    31    1976
61.9	48.2	7.2	182.1	372.0	60.0	.0	.0	
64.5	50.8	7.2	167.1	408.6	61.0	.0	.0	
67.9	49.3	8.4	194.6	434.8	26.0	.0	.0	
68.1	54.3	9.5	176.7	424.1	21.0	.0	.0	
67.7	58.0	12.9	200.8	351.7	70.0	.0	.0	
57.9	53.9	7.0	223.8	148.6	95.0	8.0	.0	
49.6	27.1	6.2	218.8	466.8	46.0	.0	.0	
46.9	29.5	8.4	65.0	217.7	88.0	5.0	.0	
41.7	39.7	10.3	128.8	194.6	98.0	63.0	.0	
45.3	34.4	6.5	137.5	476.2	24.0	.0	.0	
52.0	37.8	4.8	142.1	438.8	41.0	.0	.0	
54.2	48.8	9.2	144.6	211.4	98.0	36.0	.0	
58.6	42.9	16.3	245.4	400.8	90.0	18.0	.0	
42.3	26.1	6.3	125.4	329.4	91.0	.0	.0	
45.5	39.6	3.5	106.3	185.5	98.0	40.0	.0	
47.8	42.0	12.3	192.5	315.4	67.0	77.0	.0	
38.6	16.9	9.6	276.3	517.0	10.0	.0	.0	
46.8	27.9	10.0	166.7	495.7	40.0	.0	.0	
55.2	37.9	10.9	184.2	433.3	57.0	.0	.0	
58.6	50.4	8.9	175.8	310.6	63.0	8.0	.0	
59.9	45.2	13.6	228.8	368.3	63.0	.0	.0	
47.7	29.5	7.0	107.5	281.8	47.0	.0	.0	
48.4	29.0	5.4	162.5	559.4	3.0	.0	.0	
53.9	34.2	6.9	157.1	534.8	45.0	.0	.0	
60.2	49.0	10.0	202.9	377.9	71.0	.0	.0	
61.8	51.1	7.1	155.0	449.2	71.0	.0	.0	
61.4	54.7	11.8	194.6	310.8	72.0	10.0	.0	
57.5	37.3	7.7	117.1	563.6	16.0	.0	.0	
57.7	51.6	5.7	74.6	232.3	83.0	1.0	.0	
60.4	57.8	7.1	204.6	263.6	98.0	103.0	.0	
62.2	59.5	9.8	141.7	212.9	98.0	67.0	.0	
   4    30    1976
51.5	32.9	10.1	255.0	416.4	46.0	.0	.0	
54.2	31.0	9.7	262.9	590.3	2.0	.0	.0	
58.3	35.3	7.4	172.1	545.8	22.0	.0	.0	
59.4	41.9	11.3	250.8	429.5	39.0	4.0	.0	
50.8	28.1	7.7	177.9	607.5	16.0	.0	.0	
55.6	35.6	4.3	168.8	447.0	75.0	.0	.0	
59.9	34.6	5.8	131.3	593.8	5.0	.0	.0	
58.8	34.0	8.9	59.6	518.3	57.0	.0	.0	
48.3	20.7	12.6	67.1	607.8	2.0	.0	.0	
49.6	23.8	6.1	188.8	618.6	2.0	.0	.0	
59.5	34.7	9.6	265.8	408.9	56.0	.0	.0	
49.8	23.1	8.3	89.6	640.9	5.0	.0	.0	
54.9	37.7	6.9	178.3	623.4	2.0	.0	.0	
63.7	42.1	6.0	198.3	593.9	20.0	.0	.0	
66.9	47.8	5.5	172.5	577.3	17.0	.0	.0	
67.4	50.6	8.3	195.0	564.8	33.0	.0	.0	
67.7	47.1	6.2	197.5	627.6	22.0	.0	.0	
70.1	48.2	4.6	191.7	643.6	2.0	.0	.0	
72.1	50.1	6.1	156.3	653.4	2.0	.0	.0	
69.9	54.9	8.3	186.3	604.9	18.0	.0	.0	
68.7	56.1	9.7	189.2	463.1	65.0	4.0	.0	
67.9	52.6	6.5	221.3	541.1	35.0	.0	.0	
69.8	43.8	6.1	199.2	601.3	10.0	.0	.0	
71.2	47.3	8.9	167.9	527.7	67.0	.0	.0	
66.9	54.7	14.7	218.3	292.9	68.0	7.0	.0	
58.5	36.8	10.7	284.6	579.2	26.0	.0	.0	
54.0	27.9	7.8	172.9	688.7	2.0	.0	.0	
53.8	29.4	7.2	115.4	669.9	23.0	.0	.0	
57.4	34.6	8.3	114.6	571.5	84.0	.0	.0	
57.9	51.7	8.1	175.8	233.4	98.0	15.0	.0	
   5    31    1976
64.5	58.1	11.1	190.0	394.8	78.0	50.0	.0	
63.3	50.0	7.8	182.5	594.8	38.0	.0	.0	
61.5	41.0	9.4	276.3	603.2	13.0	.0	.0	
53.8	29.7	7.7	207.5	704.2	2.0	.0	.0	
60.0	40.9	8.7	169.2	637.0	50.0	.0	.0	
66.8	52.9	9.3	196.3	593.2	85.0	.0	.0	
67.6	61.6	9.2	245.0	305.0	98.0	71.0	.0	
55.4	43.8	9.3	60.8	321.1	73.0	1.0	.0	
57.4	43.3	3.4	91.3	671.9	41.0	.0	.0	
60.4	46.1	4.4	129.6	461.6	68.0	.0	.0	
63.1	56.3	7.3	211.3	394.4	75.0	1.0	.0	
66.9	52.7	5.2	176.7	651.6	15.0	.0	.0	
70.7	59.1	8.2	111.3	635.6	34.0	.0	.0	
73.2	63.6	11.5	155.8	349.8	98.0	.0	.0	
68.2	64.7	10.8	129.2	203.9	97.0	173.0	.0	
69.8	61.0	10.8	190.0	468.9	88.0	38.0	.0	
69.0	57.6	10.4	225.4	546.8	45.0	.0	.0	
59.6	49.4	9.2	251.3	461.8	50.0	9.0	.0	
58.3	37.4	10.2	267.9	669.5	2.0	.0	.0	
64.0	44.7	7.8	205.8	727.2	2.0	.0	.0	
69.0	50.0	6.6	213.3	657.1	39.0	.0	.0	
71.1	54.4	5.4	160.0	556.5	71.0	.0	.0	
68.9	58.1	6.2	125.8	279.3	98.0	.0	.0	
66.8	52.2	9.4	104.2	521.5	90.0	.0	.0	
62.5	51.5	7.5	149.6	406.6	97.0	10.0	.0	
62.7	50.7	5.7	101.3	399.3	90.0	.0	.0	
66.6	52.9	6.7	110.0	528.8	88.0	.0	.0	
63.6	58.3	11.5	105.8	257.9	98.0	14.0	.0	
66.0	61.8	6.6	161.3	393.8	85.0	59.0	.0	
69.0	60.5	4.6	162.5	526.5	46.0	.0	.0	
75.0	62.9	9.4	220.4	663.1	5.0	.0	.0	
   6    30    1976
72.5	62.5	8.2	208.8	525.7	68.0	2.0	.0	
70.7	63.4	6.8	180.0	382.3	92.0	8.0	.0	
60.1	57.4	11.3	56.7	260.3	98.0	113.0	.0	
59.6	52.9	11.0	58.8	336.0	98.0	1.0	.0	
63.5	40.9	12.7	45.4	644.1	37.0	.0	.0	
63.7	45.4	6.3	92.1	706.3	18.0	.0	.0	
68.1	50.9	5.1	91.3	639.7	29.0	.0	.0	
71.9	56.2	5.4	191.7	677.5	8.0	.0	.0	
74.7	57.5	5.8	148.8	627.3	30.0	.0	.0	
71.8	60.9	3.1	86.3	612.4	36.0	69.0	.0	
74.5	61.1	2.0	110.8	682.3	10.0	.0	.0	
77.9	63.7	2.4	117.9	628.6	26.0	.0	.0	
73.5	67.1	3.7	58.3	431.4	70.0	14.0	.0	
74.4	66.4	2.8	80.4	460.7	71.0	.0	.0	
73.3	65.1	3.8	108.3	506.7	83.0	3.0	.0	
73.3	68.9	8.5	184.6	290.1	98.0	36.0	.0	
72.0	67.2	5.0	172.1	344.1	92.0	8.0	.0	
73.3	65.9	4.7	159.2	518.8	45.0	.0	.0	
71.2	67.4	5.9	182.9	353.1	83.0	27.0	.0	
71.2	68.0	7.2	175.0	314.2	98.0	14.0	.0	
72.9	66.0	7.6	191.3	490.9	95.0	1.0	.0	
70.8	65.6	7.0	194.6	373.8	91.0	34.0	.0	
69.4	65.6	5.8	131.7	330.0	89.0	27.0	.0	
71.2	65.0	5.7	161.3	454.7	78.0	.0	.0	
76.0	68.1	8.6	218.8	544.3	67.0	.0	.0	
76.2	69.5	6.5	187.1	445.5	65.0	26.0	.0	
75.6	69.3	4.1	151.3	416.0	87.0	1.0	.0	
75.2	65.6	5.4	155.0	632.2	58.0	.0	.0	
74.3	66.2	5.8	176.7	577.9	53.0	.0	.0	
75.5	65.6	10.5	219.6	543.8	75.0	.0	.0	
   7    31    1976
74.1	60.2	6.3	253.3	578.6	60.0	.0	.0	
73.6	57.0	5.6	109.2	639.9	35.0	.0	.0	
72.4	62.6	5.8	162.9	430.2	83.0	97.0	.0	
68.1	64.7	6.2	148.3	217.9	97.0	55.0	.0	
66.8	62.0	4.0	138.8	298.2	98.0	23.0	.0	
68.6	64.0	6.2	201.3	261.4	98.0	3.0	.0	
71.7	63.0	7.8	227.5	542.0	58.0	.0	.0	
73.6	62.3	5.1	189.6	688.8	3.0	.0	.0	
74.6	65.2	4.7	170.0	579.2	46.0	5.0	.0	
76.6	65.4	5.0	175.4	663.7	31.0	.0	.0	
78.8	68.1	6.4	211.7	558.3	54.0	.0	.0	
80.7	69.5	7.7	270.0	488.9	90.0	.0	.0	
78.2	59.0	6.8	300.4	611.3	62.0	.0	.0	
75.2	58.9	7.6	277.5	517.7	80.0	.0	.0	
78.3	67.8	7.3	255.0	579.6	56.0	9.0	.0	
76.1	66.8	5.5	236.7	548.0	55.0	28.0	.0	
76.5	66.4	5.7	239.2	610.4	81.0	.0	.0	
75.8	61.0	7.6	56.7	581.4	79.0	.0	.0	
76.2	66.2	6.7	78.8	496.5	58.0	.0	.0	
76.4	68.2	5.5	161.3	473.4	30.0	.0	.0	
79.4	67.9	5.5	209.6	657.7	6.0	.0	.0	
80.5	66.9	4.5	179.6	620.0	53.0	.0	.0	
80.4	69.6	6.0	231.3	590.0	62.0	.0	.0	
83.6	68.2	6.2	232.1	662.3	34.0	.0	.0	
81.9	64.9	7.3	113.8	605.5	43.0	.0	.0	
76.8	68.9	8.3	112.9	338.8	88.0	.0	.0	
77.8	70.9	6.8	202.9	542.8	66.0	6.0	.0	
76.5	68.4	6.6	217.9	524.9	63.0	.0	.0	
80.3	70.4	6.0	193.3	588.1	48.0	.0	.0	
80.1	69.2	6.2	174.2	569.1	64.0	.0	.0	
79.7	68.1	5.7	201.3	505.1	66.0	.0	.0	
   8    31    1976
78.6	64.7	6.8	122.1	503.8	66.0	.0	.0	
73.1	57.2	12.4	51.3	355.7	80.0	.0	.0	
71.4	57.1	9.8	61.7	460.4	61.0	.0	.0	
72.3	55.0	5.9	89.6	601.4	5.0	.0	.0	
74.6	56.7	5.4	166.3	539.5	30.0	.0	.0	
77.2	60.6	7.5	192.1	567.5	33.0	.0	.0	
75.2	66.8	9.0	167.5	487.2	86.0	19.0	.0	
71.8	66.6	6.0	87.9	367.0	88.0	.0	.0	
74.5	63.4	7.6	119.6	571.3	55.0	.0	.0	
75.6	59.6	6.9	113.3	643.7	25.0	.0	.0	
78.4	61.3	4.8	128.3	603.3	14.0	.0	.0	
79.5	64.8	5.0	186.7	592.6	12.0	.0	.0	
79.1	66.9	6.2	202.1	601.1	48.0	.0	.0	
80.3	68.0	8.1	193.8	554.1	51.0	.0	.0	
76.6	68.8	8.8	201.7	454.4	62.0	29.0	.0	
74.6	67.6	5.8	63.8	471.3	80.0	.0	.0	
72.9	61.7	8.4	44.6	463.6	42.0	.0	.0	
72.4	55.3	9.1	59.6	587.7	17.0	.0	.0	
72.0	55.1	12.6	60.8	578.0	25.0	.0	.0	
66.2	57.5	14.4	42.1	205.3	98.0	2.0	.0	
67.6	64.2	11.5	111.7	297.7	98.0	5.0	.0	
77.0	67.9	6.7	58.3	431.9	61.0	.0	.0	
79.7	65.1	4.3	59.2	571.9	17.0	.0	.0	
79.5	67.8	5.2	73.8	472.4	51.0	.0	.0	
79.2	68.0	5.8	126.3	495.7	50.0	.0	.0	
78.2	67.8	6.0	141.7	460.1	58.0	.0	.0	
77.8	67.0	7.7	186.7	474.6	65.0	.0	.0	
75.1	69.3	7.4	221.3	378.6	81.0	32.0	.0	
77.7	70.5	5.1	240.8	455.1	82.0	3.0	.0	
73.7	53.5	8.7	52.5	487.0	49.0	.0	.0	
68.7	48.5	5.5	83.8	551.0	30.0	.0	.0	
   9    30    1976
71.3	55.2	4.8	136.7	519.3	65.0	.0	.0	
73.2	67.4	6.9	159.6	285.6	95.0	.0	.0	
67.8	60.7	8.5	53.3	264.9	97.0	.0	.0	
71.4	62.1	4.7	123.8	322.6	82.0	.0	.0	
74.8	64.6	3.7	108.8	337.1	92.0	.0	.0	
73.3	57.0	8.2	61.7	528.3	78.0	.0	.0	
71.3	55.3	5.5	87.5	504.4	73.0	.0	.0	
72.7	56.1	3.5	120.0	531.1	33.0	.0	.0	
76.1	65.7	6.3	159.6	453.8	73.0	.0	.0	
71.1	52.2	10.6	241.7	473.0	58.0	.0	.0	
64.3	41.1	6.5	232.1	574.8	2.0	.0	.0	
68.4	46.2	4.7	110.0	550.0	12.0	.0	.0	
69.4	51.4	5.2	75.0	291.9	80.0	.0	.0	
64.9	59.3	10.2	71.3	165.3	98.0	108.0	.0	
65.5	63.8	11.5	76.3	245.9	98.0	99.0	.0	
69.2	63.9	6.4	153.3	296.8	85.0	1.0	.0	
69.4	60.6	3.5	200.8	431.4	39.0	.0	.0	
68.7	58.4	4.3	198.8	502.3	14.0	.0	.0	
69.2	58.8	3.5	156.3	487.4	16.0	.0	.0	
71.3	62.8	3.8	150.4	384.6	73.0	2.0	.0	
69.4	61.3	5.7	220.4	283.6	80.0	.0	.0	
63.7	46.0	4.5	199.2	490.9	4.0	.0	.0	
64.5	50.5	4.0	117.1	445.8	33.0	.0	.0	
66.7	54.7	2.2	110.8	471.3	28.0	.0	.0	
69.1	57.3	4.3	132.1	451.8	27.0	.0	.0	
67.0	65.5	6.1	141.7	149.5	98.0	211.0	.0	
72.9	69.8	10.4	228.8	242.0	93.0	28.0	.0	
72.2	63.6	5.2	101.7	324.5	88.0	.0	.0	
66.2	64.4	7.5	105.8	178.2	95.0	14.0	.0	
63.2	60.8	6.0	155.4	224.6	78.0	92.0	.0	
  10    31    1976
58.3	53.6	5.8	263.8	224.0	78.0	24.0	.0	
62.0	56.7	6.7	237.5	305.9	78.0	2.0	.0	
64.0	55.8	5.8	130.0	414.3	23.0	.0	.0	
65.3	56.9	5.4	66.7	348.0	62.0	.0	.0	
63.1	56.7	4.1	58.3	354.1	48.0	.0	.0	
65.4	58.5	5.4	122.5	333.4	65.0	.0	.0	
68.3	66.0	7.9	151.3	182.4	98.0	84.0	.0	
67.9	67.1	6.8	172.5	140.9	98.0	372.0	.0	
58.7	49.8	12.2	289.6	360.9	54.0	169.0	.0	
52.3	40.5	4.3	111.7	447.6	2.0	.0	.0	
52.9	41.9	5.3	60.8	425.0	13.0	.0	.0	
52.7	43.4	4.7	120.8	434.5	2.0	.0	.0	
58.3	49.4	4.6	121.3	435.2	7.0	.0	.0	
62.1	44.8	6.5	197.9	422.8	2.0	.0	.0	
59.6	46.1	5.1	177.9	402.7	3.0	.0	.0	
63.3	52.7	4.3	130.4	343.0	62.0	.0	.0	
49.7	47.1	10.1	40.0	148.7	88.0	26.0	.0	
44.5	31.2	8.6	38.3	422.2	2.0	.0	.0	
45.7	37.0	6.7	55.4	197.7	80.0	.0	.0	
49.3	47.1	7.9	174.2	157.5	72.0	106.0	.0	
46.3	34.1	7.7	277.9	418.5	2.0	.0	.0	
48.5	35.3	5.8	185.0	392.4	3.0	.0	.0	
50.8	31.4	5.7	92.1	342.1	36.0	.0	.0	
56.1	50.6	5.1	159.2	132.0	98.0	.0	.0	
60.6	59.1	8.1	176.7	138.4	98.0	28.0	.0	
55.2	42.5	13.4	62.1	313.7	76.0	1.0	.0	
44.5	30.0	9.8	55.4	356.8	53.0	.0	.0	
38.7	23.4	7.0	33.8	379.3	8.0	.0	.0	
43.5	27.9	3.8	138.8	368.3	33.0	.0	.0	
49.8	42.3	5.8	104.6	165.0	98.0	20.0	.0	
53.8	45.5	10.5	271.7	287.2	59.0	1.0	.0	
  11    30    1976
46.0	30.0	7.8	132.5	353.5	2.0	.0	.0	
43.5	28.3	4.4	114.6	378.0	8.0	.0	.0	
46.1	34.5	4.0	131.7	326.1	18.0	.0	.0	
48.1	30.5	6.3	191.7	336.5	37.0	.0	.0	
38.5	21.5	8.0	286.7	301.0	5.0	.0	.0	
41.3	23.1	6.2	176.7	360.1	2.0	.0	.0	
49.5	28.5	8.2	217.1	294.2	28.0	.0	.0	
37.0	10.6	10.1	281.3	350.1	2.0	.0	.0	
41.8	17.1	9.5	169.6	247.4	50.0	.0	.0	
54.4	34.9	9.9	232.1	333.3	2.0	.0	.0	
51.2	32.0	5.2	125.8	318.8	35.0	18.0	.0	
41.9	33.4	9.7	35.0	151.7	66.0	25.0	.0	
35.3	20.4	4.8	103.8	268.3	26.0	.0	.0	
33.6	28.2	3.4	95.0	92.2	94.0	26.0	.0	
37.9	36.7	7.7	100.4	122.5	90.0	68.0	.0	
43.3	36.3	4.9	112.9	237.8	88.0	.0	.0	
43.4	36.4	4.0	139.2	135.2	89.0	.0	.0	
49.0	30.5	7.4	195.4	319.4	15.0	.0	.0	
52.7	38.6	5.4	195.8	175.7	78.0	.0	.0	
50.8	44.1	4.2	148.3	112.5	96.0	3.0	.0	
45.3	29.8	8.1	225.0	276.6	17.0	.0	.0	
36.2	16.2	9.1	278.3	283.0	2.0	.0	.0	
32.6	16.8	3.3	117.9	290.0	5.0	.0	.0	
39.0	25.1	5.8	145.8	261.8	30.0	.0	.0	
47.1	32.0	5.9	140.0	291.6	9.0	.0	.0	
48.9	43.0	5.8	173.3	114.7	98.0	2.0	.0	
53.4	53.2	5.0	187.1	131.4	98.0	6.0	.0	
61.3	60.9	9.0	176.7	78.2	98.0	177.0	.0	
46.2	37.6	12.6	265.4	154.2	78.0	12.0	.0	
27.7	10.9	6.8	156.7	282.8	17.0	.0	.0	
  12    31    1976
29.6	13.5	3.3	102.9	295.0	2.0	.0	.0	
37.7	21.1	5.4	245.4	282.1	2.0	.0	.0	
34.0	18.2	5.5	78.3	291.8	2.0	.0	.0	
35.8	21.7	3.4	101.7	273.4	3.0	.0	.0	
41.1	26.9	8.6	46.7	279.3	9.0	.0	.0	
36.9	32.0	10.4	63.3	78.3	98.0	100.0	.0	
42.9	42.3	6.1	223.3	119.1	98.0	93.0	.0	
37.6	31.9	7.7	237.9	135.2	66.0	40.0	.0	
32.0	20.6	3.6	113.8	282.5	2.0	.0	.0	
38.8	27.8	3.0	147.1	142.1	76.0	.0	.0	
47.6	44.1	3.2	102.5	91.8	98.0	54.0	.0	
51.6	50.7	5.1	209.6	79.2	98.0	86.0	.0	
44.8	25.5	7.8	232.1	163.3	75.0	.0	.0	
35.0	18.6	8.3	53.3	143.7	62.0	.0	.0	
43.8	38.9	9.5	44.2	86.2	98.0	109.0	.0	
48.5	38.5	6.5	248.8	179.2	57.0	2.0	.0	
44.5	26.0	9.1	241.7	267.2	2.0	.0	.0	
49.4	32.4	5.7	126.7	185.6	33.0	.0	.0	
50.7	36.6	7.6	188.3	261.9	28.0	.0	.0	
48.1	40.3	13.0	240.4	77.6	92.0	31.0	.0	
26.4	5.0	13.3	314.2	262.8	12.0	.0	.0	
27.6	8.8	7.5	177.9	258.5	34.0	.0	.0	
34.0	15.2	8.6	231.7	248.7	15.0	.0	.0	
33.9	10.5	4.9	108.8	278.6	6.0	.0	.0	
33.9	24.1	4.4	141.3	117.9	71.0	34.0	.0	
39.8	25.7	10.7	301.7	247.2	42.0	9.0	.0	
40.7	17.1	10.6	223.3	270.3	16.0	.0	.0	
47.4	33.1	13.7	243.3	162.2	54.0	.0	.0	
35.2	18.3	10.6	283.8	249.7	10.0	.0	.0	
35.8	17.3	8.0	160.8	247.2	36.0	.0	.0	
40.8	22.2	10.7	203.3	262.8	35.0	2.0	.0	
