   1    31    1962
32.9	30.5	8.8	93.8	146.8	98.0	86.0	.0	
28.9	22.8	6.3	271.7	273.6	11.0	.0	.0	
34.1	25.3	9.8	230.8	263.0	24.0	.0	.0	
42.6	32.3	5.2	215.0	223.4	58.0	.0	.0	
40.4	35.8	7.7	56.7	178.8	80.0	3.0	.0	
47.6	46.1	11.6	139.6	84.9	92.0	244.0	.0	
36.5	30.2	14.1	218.8	156.5	61.0	.0	.0	
36.6	26.9	12.9	237.9	138.5	65.0	.0	.0	
32.1	20.2	6.2	238.8	125.5	77.0	1.0	.0	
20.8	13.3	11.1	27.1	216.4	56.0	.0	27.9	
13.0	.6	4.6	32.5	270.9	49.0	.0	.0	
22.7	10.0	3.7	180.8	200.2	77.0	.0	.0	
24.5	9.2	4.2	130.4	298.2	2.0	.0	.0	
28.6	18.4	4.7	57.1	226.9	47.0	.0	.0	
41.7	34.8	11.3	202.1	170.8	64.0	23.0	.0	
34.7	24.0	5.6	120.8	285.6	23.0	.0	.0	
33.3	17.8	6.0	151.7	267.1	18.0	.0	.0	
32.4	15.7	8.8	53.0	130.5	96.0	.0	.0	
29.4	25.8	9.4	30.4	108.9	98.0	.0	15.2	
30.1	29.6	5.1	251.7	143.7	98.0	.0	.0	
32.5	31.6	6.4	189.2	138.8	98.0	.0	.0	
47.1	45.7	10.9	223.3	151.8	98.0	.0	.0	
51.2	38.8	9.8	221.7	222.9	79.0	20.0	.0	
38.5	32.7	7.0	148.8	115.2	87.0	20.0	.0	
55.9	52.8	8.4	230.0	183.1	98.0	3.0	.0	
61.4	57.4	8.7	183.3	167.3	95.0	.0	.0	
51.3	49.8	10.0	125.0	87.5	98.0	74.0	.0	
27.7	26.0	11.1	72.5	142.5	85.0	.0	218.4	
33.9	30.3	8.4	235.0	278.9	64.0	.0	.0	
42.8	33.5	10.6	209.2	185.1	69.0	.0	.0	
27.5	9.3	9.3	127.1	320.3	16.0	.0	.0	
   2    28    1962
37.1	24.6	9.6	158.8	165.9	73.0	.0	.0	
31.2	29.4	9.2	42.1	181.6	98.0	.0	.0	
43.7	35.4	7.7	192.5	297.9	64.0	.0	.0	
53.9	38.2	8.3	210.8	352.3	2.0	.0	.0	
57.0	44.8	10.7	236.7	240.1	79.0	2.0	.0	
33.6	12.5	10.8	317.1	346.2	2.0	.0	.0	
25.7	8.3	6.6	162.5	351.6	26.0	.0	.0	
32.2	20.9	5.8	211.3	161.0	98.0	.0	.0	
35.6	31.8	7.6	227.9	108.2	80.0	38.0	.0	
35.0	18.9	12.6	159.2	369.9	2.0	.0	.0	
29.2	13.2	6.8	111.7	324.0	53.0	.0	2.5	
35.6	27.4	8.6	121.3	222.2	76.0	.0	.0	
32.9	26.4	7.1	83.3	189.8	98.0	.0	.0	
47.3	28.7	10.2	265.4	351.9	52.0	.0	.0	
41.8	26.0	8.0	53.8	257.3	91.0	.0	.0	
34.0	30.2	6.7	164.6	136.0	98.0	43.0	.0	
41.1	31.5	4.9	166.7	402.0	26.0	.0	.0	
39.9	35.3	6.3	46.7	240.2	83.0	10.0	.0	
44.7	42.1	8.7	178.8	171.4	73.0	64.0	.0	
43.6	25.8	10.3	238.3	390.3	17.0	.0	.0	
37.4	32.6	7.4	113.8	130.1	98.0	19.0	.0	
48.1	47.5	8.2	226.7	152.0	98.0	47.0	.0	
58.2	55.1	8.1	157.9	172.2	98.0	134.0	.0	
60.6	45.3	13.9	187.5	407.9	55.0	19.0	.0	
35.9	28.3	9.9	53.8	169.9	89.0	31.0	.0	
41.8	40.4	7.3	180.0	216.1	90.0	65.0	.0	
55.9	53.2	9.8	212.5	206.6	65.0	1.0	.0	
63.3	55.2	12.8	170.8	233.3	86.0	.0	.0	
   3    31    1962
42.6	30.6	12.4	48.8	315.0	96.0	1.0	.0	
29.9	10.9	14.7	58.3	368.0	72.0	.0	.0	
29.4	11.5	9.5	44.2	265.8	73.0	.0	.0	
37.9	18.5	5.2	130.4	213.1	98.0	5.0	.0	
31.5	30.1	6.8	111.3	241.2	98.0	.0	127.0	
31.3	26.9	16.2	206.7	203.9	98.0	.0	63.5	
38.3	23.1	14.8	35.4	410.7	51.0	.0	.0	
35.6	18.7	7.4	110.4	408.4	67.0	.0	.0	
33.3	32.1	4.3	114.2	188.3	98.0	46.0	.0	
40.3	36.0	7.1	122.5	367.2	91.0	22.0	.0	
39.4	38.9	9.7	77.5	151.6	98.0	54.0	.0	
46.6	38.9	10.0	201.3	290.3	58.0	9.0	.0	
46.1	26.7	12.2	262.5	475.0	15.0	.0	.0	
43.8	27.1	7.1	257.9	410.4	91.0	.0	.0	
42.6	29.6	5.6	104.2	208.2	87.0	.0	.0	
42.1	24.0	8.6	301.7	487.3	43.0	.0	.0	
40.3	20.9	10.7	319.6	504.3	2.0	.0	.0	
40.3	19.9	7.3	259.2	543.7	2.0	.0	.0	
44.1	28.3	9.4	227.9	234.1	77.0	.0	.0	
56.2	39.1	7.6	227.5	443.1	60.0	3.0	.0	
58.6	48.4	12.1	235.8	365.6	58.0	85.0	.0	
48.1	38.9	7.3	132.9	224.1	94.0	.0	.0	
47.4	37.9	4.5	133.3	326.6	70.0	.0	.0	
51.3	36.6	6.3	183.8	506.3	7.0	.0	.0	
51.9	36.3	7.0	81.7	395.7	67.0	23.0	.0	
44.9	36.4	10.0	125.4	265.6	73.0	29.0	.0	
49.9	26.8	7.7	229.6	558.2	10.0	.0	.0	
52.6	24.6	6.2	204.6	557.3	2.0	.0	.0	
57.5	37.5	10.0	199.6	505.1	61.0	.0	.0	
64.1	49.4	12.0	202.1	459.9	72.0	.0	.0	
61.7	57.8	12.6	183.8	182.2	97.0	124.0	.0	
   4    30    1962
54.7	41.3	14.6	262.1	467.2	65.0	32.0	.0	
41.4	24.5	8.6	285.0	464.5	26.0	.0	.0	
43.0	22.6	6.3	65.4	546.5	20.0	.0	.0	
46.0	28.9	6.7	144.2	561.5	12.0	.0	.0	
51.8	34.0	6.1	161.3	395.9	85.0	.0	.0	
56.1	49.6	10.0	155.4	257.6	98.0	20.0	.0	
63.6	57.4	11.2	192.1	333.9	98.0	18.0	.0	
59.1	53.2	8.0	154.6	393.7	60.0	117.0	.0	
62.5	40.8	13.3	237.5	534.1	28.0	.0	.0	
55.2	35.1	5.4	136.3	359.9	83.0	1.0	.0	
55.0	51.3	7.5	126.3	183.5	98.0	57.0	.0	
51.1	50.6	7.6	90.0	202.4	98.0	36.0	.0	
47.6	32.2	16.4	274.2	584.7	32.0	.0	.0	
46.3	24.4	13.0	271.7	633.2	12.0	.0	.0	
46.0	27.3	13.7	295.8	449.8	50.0	.0	.0	
41.5	20.6	9.4	272.9	606.1	5.0	.0	.0	
44.8	23.1	8.3	274.6	563.7	35.0	.0	.0	
50.8	31.8	8.2	208.8	556.4	25.0	.0	.0	
55.1	30.2	11.0	242.9	512.2	25.0	.0	.0	
46.9	25.8	12.0	252.5	562.6	13.0	.0	.0	
51.2	29.8	5.9	207.1	658.3	2.0	.0	.0	
63.9	36.7	10.2	230.0	631.4	2.0	.0	.0	
64.0	44.5	11.1	255.8	382.7	52.0	1.0	.0	
59.2	33.9	5.5	151.3	626.6	23.0	.0	.0	
65.1	48.1	8.5	207.9	593.0	46.0	.0	.0	
66.7	55.0	6.9	195.4	443.7	47.0	.0	.0	
68.7	54.3	8.7	207.1	557.9	12.0	.0	.0	
70.2	59.4	10.1	194.6	464.7	73.0	.0	.0	
70.9	59.3	10.2	205.4	526.3	70.0	3.0	.0	
69.4	61.3	5.3	172.5	457.8	40.0	4.0	.0	
   5    31    1962
75.0	58.7	7.2	195.0	602.3	58.0	.0	.0	
70.9	51.2	8.7	175.0	567.3	27.0	.0	.0	
61.2	36.2	5.8	248.3	673.3	2.0	.0	.0	
65.6	41.7	4.8	162.5	586.6	45.0	.0	.0	
68.5	42.2	6.7	106.3	673.3	32.0	.0	.0	
69.3	43.5	9.1	230.0	637.6	27.0	.0	.0	
71.7	48.3	5.4	97.1	607.9	51.0	.0	.0	
71.0	54.6	8.3	188.3	568.1	59.0	7.0	.0	
63.5	58.5	9.2	154.6	409.4	75.0	2.0	.0	
58.3	47.9	6.8	103.8	335.0	98.0	.0	.0	
64.8	56.9	6.2	168.3	353.5	96.0	1.0	.0	
66.6	56.2	6.6	120.8	427.5	93.0	.0	.0	
61.3	54.9	8.7	85.8	309.9	98.0	.0	.0	
69.2	59.2	7.1	216.3	558.1	66.0	.0	.0	
76.1	59.5	8.3	195.4	550.4	69.0	.0	.0	
75.0	60.9	6.6	97.5	611.9	44.0	.0	.0	
74.0	63.2	5.8	59.6	688.2	37.0	.0	.0	
76.9	61.0	5.5	90.4	624.8	21.0	.0	.0	
77.7	61.3	6.9	135.4	621.3	45.0	30.0	.0	
76.3	63.0	4.8	210.4	542.0	76.0	.0	.0	
77.3	61.3	6.7	235.0	557.2	75.0	.0	.0	
76.2	59.6	7.5	68.3	633.2	49.0	.0	.0	
74.8	64.5	9.2	152.5	579.6	55.0	.0	.0	
75.7	61.4	7.5	220.0	608.4	51.0	4.0	.0	
74.6	60.6	8.6	214.6	616.0	81.0	22.0	.0	
75.1	64.9	6.6	213.8	619.9	66.0	2.0	.0	
73.7	62.4	8.1	90.4	633.0	78.0	51.0	.0	
67.2	63.0	8.3	131.7	298.4	98.0	65.0	.0	
65.6	61.2	8.3	40.4	347.4	81.0	.0	.0	
72.0	64.6	4.2	90.4	453.6	74.0	.0	.0	
71.4	65.8	7.2	217.9	507.5	78.0	34.0	.0	
   6    30    1962
72.8	66.1	6.5	183.8	510.0	87.0	79.0	.0	
71.5	66.9	6.4	209.6	480.5	78.0	150.0	.0	
68.7	66.2	7.5	129.6	310.4	98.0	89.0	.0	
67.3	63.8	6.2	63.8	338.8	96.0	.0	.0	
70.7	66.8	6.4	200.4	371.1	98.0	9.0	.0	
73.6	64.6	6.0	175.0	599.7	53.0	1.0	.0	
72.1	58.5	6.9	63.3	576.5	53.0	1.0	.0	
70.4	57.2	5.2	71.7	590.6	43.0	.0	.0	
70.5	57.1	5.0	119.2	626.7	23.0	.0	.0	
72.8	58.4	8.0	194.2	640.9	51.0	.0	.0	
75.1	64.1	9.7	197.1	571.2	72.0	.0	.0	
70.3	68.3	7.1	188.3	230.4	98.0	200.0	.0	
71.3	67.6	5.4	197.5	326.4	98.0	70.0	.0	
66.5	63.1	7.2	59.2	302.3	98.0	.0	.0	
69.8	57.6	5.3	77.1	701.0	31.0	.0	.0	
71.3	59.9	3.5	97.5	655.9	18.0	.0	.0	
74.9	63.7	5.7	194.6	661.4	10.0	.0	.0	
77.9	65.6	6.2	221.7	679.0	13.0	.0	.0	
79.2	67.3	8.4	212.9	657.1	34.0	19.0	.0	
71.0	68.7	6.4	206.7	256.9	94.0	43.0	.0	
72.8	63.6	4.9	112.1	627.7	38.0	.0	.0	
73.1	67.4	6.8	140.8	456.4	75.0	16.0	.0	
74.2	68.0	6.6	210.4	553.6	80.0	7.0	.0	
72.7	67.2	6.0	211.7	514.3	51.0	10.0	.0	
77.1	66.5	4.9	204.6	605.0	20.0	.0	.0	
74.3	67.6	6.7	85.8	536.5	87.0	14.0	.0	
70.6	64.8	9.7	45.8	264.0	98.0	.0	.0	
67.5	59.9	10.8	50.0	339.2	96.0	.0	.0	
67.1	53.6	10.3	42.9	620.2	55.0	.0	.0	
70.4	55.9	7.9	222.1	475.5	84.0	.0	.0	
   7    31    1962
76.0	63.3	6.6	230.0	646.6	38.0	50.0	.0	
69.1	62.2	7.2	34.2	324.0	93.0	.0	.0	
71.2	67.2	5.4	158.3	299.8	98.0	64.0	.0	
67.1	65.2	10.9	24.6	276.3	98.0	41.0	.0	
70.9	62.1	6.0	37.9	508.1	57.0	.0	.0	
72.1	64.8	3.9	123.3	455.4	50.0	.0	.0	
75.3	69.2	6.1	185.4	493.8	63.0	.0	.0	
76.6	70.5	8.7	217.1	556.2	49.0	.0	.0	
79.4	65.7	8.7	236.3	633.4	43.0	.0	.0	
73.0	58.4	5.6	93.8	666.3	5.0	.0	.0	
75.4	66.5	5.8	197.9	585.4	30.0	.0	.0	
77.4	69.6	8.3	214.2	559.5	73.0	17.0	.0	
78.2	68.1	5.2	224.2	639.8	37.0	.0	.0	
80.3	68.0	8.6	232.5	611.4	50.0	.0	.0	
80.3	68.6	6.2	181.7	633.7	35.0	2.0	.0	
79.8	69.9	6.8	96.3	555.9	56.0	.0	.0	
72.2	65.1	7.8	54.2	452.7	55.0	.0	.0	
75.0	68.4	6.7	214.6	474.5	66.0	2.0	.0	
76.6	63.8	5.1	92.1	653.0	15.0	.0	.0	
77.9	67.4	7.6	162.9	587.8	23.0	.0	.0	
79.3	68.5	8.4	198.8	579.4	35.0	2.0	.0	
78.0	61.3	8.5	267.9	640.2	50.0	.0	.0	
75.1	62.6	9.3	215.8	450.7	82.0	43.0	.0	
77.1	63.9	6.9	231.7	609.9	60.0	.0	.0	
72.7	70.5	7.3	227.1	213.9	98.0	48.0	.0	
76.6	60.6	9.5	253.8	626.7	23.0	.0	.0	
66.6	49.1	5.5	73.3	700.4	2.0	.0	.0	
69.3	53.6	4.8	123.3	651.9	43.0	.0	.0	
68.1	64.4	5.1	117.5	325.1	87.0	21.0	.0	
74.8	70.4	4.7	202.1	459.8	75.0	3.0	.0	
75.9	67.7	5.1	176.7	435.6	68.0	.0	.0	
   8    31    1962
76.3	62.9	5.9	133.3	591.5	42.0	.0	.0	
73.4	64.6	6.5	50.8	295.5	97.0	3.0	.0	
70.7	69.2	6.1	71.3	212.3	96.0	59.0	.0	
75.3	69.7	4.4	90.4	504.9	65.0	.0	.0	
78.3	70.7	3.7	108.3	583.6	52.0	5.0	.0	
77.6	71.1	8.7	202.5	593.9	60.0	.0	.0	
78.2	68.1	7.0	260.0	604.6	48.0	.0	.0	
78.6	67.2	5.2	107.1	589.8	45.0	.0	.0	
78.1	64.5	8.1	173.3	583.6	42.0	.0	.0	
71.2	57.6	7.1	54.2	552.6	27.0	.0	.0	
69.3	57.0	6.4	63.3	505.0	47.0	.0	.0	
70.0	58.8	3.6	80.4	457.5	28.0	.0	.0	
73.3	63.2	7.2	168.3	454.6	63.0	.0	.0	
76.0	66.6	5.3	156.7	436.3	79.0	2.0	.0	
73.8	65.4	7.8	72.9	472.3	70.0	1.0	.0	
71.2	67.2	6.4	169.6	293.1	86.0	44.0	.0	
74.5	64.8	6.6	241.3	515.8	65.0	.0	.0	
73.9	62.5	4.9	103.3	548.0	15.0	.0	.0	
76.2	68.5	7.2	157.9	536.8	41.0	.0	.0	
80.4	69.4	8.6	222.1	621.8	12.0	.0	.0	
79.2	69.6	7.9	209.6	524.4	50.0	.0	.0	
76.0	66.8	7.9	104.2	468.8	71.0	.0	.0	
73.8	61.9	9.5	60.4	549.0	35.0	.0	.0	
69.4	57.4	9.2	53.3	541.4	32.0	.0	.0	
74.4	63.6	7.2	83.8	523.9	68.0	.0	.0	
75.5	64.0	8.1	77.5	490.9	60.0	.0	.0	
73.9	68.6	7.4	65.4	364.6	82.0	5.0	.0	
77.5	59.0	8.0	90.4	609.1	27.0	.0	.0	
74.4	56.7	5.6	179.2	608.9	2.0	.0	.0	
76.0	60.1	4.3	92.9	554.4	17.0	.0	.0	
76.7	61.8	4.0	130.0	475.8	30.0	.0	.0	
   9    30    1962
77.9	61.8	7.0	215.0	544.4	18.0	.0	.0	
80.0	59.9	6.7	205.4	539.9	38.0	.0	.0	
73.9	66.6	7.4	97.5	333.7	90.0	4.0	.0	
74.1	69.7	4.8	166.7	273.6	92.0	1.0	.0	
78.9	66.7	8.1	204.2	480.3	49.0	.0	.0	
64.8	52.7	10.3	60.4	252.4	91.0	.0	.0	
63.8	50.6	6.3	51.7	382.4	78.0	.0	.0	
69.2	58.3	7.0	59.2	307.8	90.0	.0	.0	
72.2	68.8	5.4	82.9	310.0	95.0	56.0	.0	
77.3	71.2	6.5	184.2	372.0	87.0	1.0	.0	
79.5	65.0	7.3	212.9	494.2	45.0	.0	.0	
73.2	52.3	6.1	71.7	550.4	2.0	.0	.0	
75.6	58.1	5.0	114.6	513.3	32.0	.0	.0	
79.0	64.5	8.3	221.7	502.9	44.0	.0	.0	
74.5	65.1	9.1	70.0	295.6	82.0	.0	.0	
63.4	62.1	8.5	64.2	148.7	98.0	361.0	.0	
66.8	64.5	6.1	221.3	278.6	83.0	47.0	.0	
67.4	49.6	8.1	258.3	545.1	5.0	.0	.0	
63.8	49.7	5.1	185.8	508.4	30.0	.0	.0	
60.2	47.4	11.1	48.3	367.7	53.0	4.0	.0	
53.6	40.7	7.8	60.8	529.9	2.0	.0	.0	
55.0	47.5	5.8	45.4	229.1	81.0	.0	.0	
57.4	52.3	10.2	29.6	226.3	69.0	.0	.0	
56.6	47.3	4.4	124.2	438.5	37.0	.0	.0	
60.4	52.4	6.3	217.1	305.1	76.0	.0	.0	
61.9	60.1	4.5	107.5	164.3	98.0	56.0	.0	
60.9	53.3	9.0	178.8	274.4	64.0	36.0	.0	
55.6	44.3	9.3	271.3	397.7	23.0	.0	.0	
55.3	45.2	5.1	208.8	480.1	2.0	.0	.0	
58.0	47.3	2.6	75.0	417.3	46.0	.0	.0	
  10    31    1962
61.2	51.5	3.8	83.3	453.6	31.0	.0	.0	
65.9	59.9	7.4	76.3	207.4	96.0	1.0	.0	
63.8	61.1	8.7	54.6	197.0	98.0	.0	.0	
65.8	65.6	4.2	55.8	166.7	98.0	32.0	.0	
67.3	59.6	4.3	95.8	382.6	63.0	1.0	.0	
65.8	56.9	5.3	237.1	427.4	43.0	.0	.0	
71.3	60.5	7.8	250.0	420.0	70.0	.0	.0	
73.4	63.1	8.9	237.1	451.7	20.0	.0	.0	
66.9	53.2	8.2	223.3	404.0	9.0	.0	.0	
65.5	52.8	6.7	257.5	419.2	2.0	.0	.0	
68.2	55.3	8.8	222.5	415.8	2.0	.0	.0	
69.1	54.9	7.9	232.1	447.9	3.0	.0	.0	
71.3	61.2	5.9	117.1	378.9	78.0	.0	.0	
68.3	61.8	4.2	68.3	310.3	58.0	.0	.0	
69.1	61.9	5.0	130.4	375.6	27.0	.0	.0	
69.4	61.9	5.8	202.1	333.2	51.0	.0	.0	
68.9	56.9	7.7	125.0	337.8	23.0	.0	.0	
59.6	39.9	11.6	41.7	378.1	24.0	.0	.0	
56.7	36.8	10.5	16.3	413.5	2.0	.0	.0	
58.7	42.4	4.7	197.9	389.2	3.0	.0	.0	
60.0	55.8	6.8	213.8	119.4	84.0	12.0	.0	
56.1	45.9	6.4	100.8	282.4	45.0	.0	.0	
56.3	38.2	13.2	272.1	385.1	4.0	.0	.0	
44.8	22.9	8.1	274.6	384.6	2.0	.0	.0	
41.1	24.5	8.2	183.8	261.0	44.0	.0	.0	
37.3	12.9	11.2	252.1	373.1	25.0	.0	.0	
38.0	14.8	5.9	235.4	371.9	2.0	.0	.0	
52.7	31.7	10.5	226.7	380.7	10.0	.0	.0	
57.9	46.9	6.0	215.8	169.6	79.0	.0	.0	
62.4	47.3	8.7	141.7	331.5	57.0	.0	.0	
46.9	41.4	8.8	70.4	111.2	76.0	19.0	.0	
  11    30    1962
43.6	32.2	5.1	185.4	350.2	23.0	.0	.0	
43.9	34.4	11.2	37.5	257.5	81.0	21.0	.0	
41.1	39.1	9.1	108.8	115.5	92.0	72.0	.0	
44.2	38.3	4.6	204.6	266.0	88.0	6.0	.0	
43.2	34.8	9.2	245.8	185.8	66.0	6.0	.0	
40.7	30.7	5.1	194.2	317.4	4.0	.0	.0	
42.4	32.0	6.5	219.2	303.7	50.0	.0	.0	
49.5	39.1	5.8	164.6	248.0	84.0	.0	.0	
53.0	50.6	13.8	112.1	91.5	98.0	330.0	.0	
49.7	40.5	15.7	237.9	191.5	77.0	2.0	.0	
52.8	41.5	9.5	256.3	322.6	11.0	.0	.0	
45.9	39.8	7.5	43.3	269.5	72.0	.0	.0	
44.8	32.9	10.0	158.8	259.0	17.0	.0	.0	
42.1	29.9	5.2	220.8	293.2	2.0	.0	.0	
49.5	30.9	7.1	215.8	216.1	65.0	.0	.0	
54.1	39.3	6.6	225.4	144.3	86.0	.0	.0	
59.1	55.3	11.2	224.6	128.1	98.0	1.0	.0	
54.2	49.0	10.2	198.3	136.5	61.0	97.0	.0	
41.7	34.2	6.4	110.8	151.2	79.0	1.0	.0	
43.6	41.3	7.7	230.4	137.0	98.0	12.0	.0	
50.5	50.0	7.0	200.0	92.4	98.0	63.0	.0	
52.6	37.2	16.0	273.3	267.6	42.0	19.0	.0	
41.7	23.5	7.9	224.6	286.3	13.0	.0	.0	
48.0	26.8	8.7	146.3	279.1	70.0	.0	.0	
36.2	30.9	10.8	30.8	106.5	90.0	3.0	.0	
36.2	23.8	16.2	15.8	270.5	20.0	.0	.0	
41.7	30.4	23.0	31.7	223.0	75.0	.0	.0	
44.3	39.8	20.8	27.5	108.8	98.0	.0	.0	
51.0	36.1	16.5	30.0	164.8	73.0	.0	.0	
50.2	31.1	16.1	28.8	261.3	2.0	.0	.0	
  12    31    1962
52.0	26.2	11.5	14.6	278.3	2.0	.0	.0	
52.1	21.9	12.2	10.8	240.8	20.0	.0	.0	
52.1	40.9	14.5	28.8	140.9	76.0	7.0	.0	
47.6	46.7	9.1	134.2	81.4	98.0	263.0	.0	
47.3	46.4	8.0	230.0	143.3	98.0	28.0	.0	
33.1	18.9	17.1	269.2	188.8	39.0	.0	.0	
33.6	17.6	13.9	232.9	266.3	9.0	.0	.0	
40.0	31.3	5.8	213.3	167.1	72.0	.0	.0	
31.1	15.9	12.2	259.6	221.8	25.0	.0	.0	
24.4	4.9	10.3	260.8	215.4	20.0	.0	.0	
24.5	9.9	9.5	254.6	105.8	69.0	.0	.0	
13.6	-5.3	9.6	265.8	253.6	2.0	.0	.0	
15.8	-4.7	8.1	245.8	196.6	58.0	.0	.0	
25.2	7.1	8.5	225.8	262.5	16.0	.0	.0	
27.1	12.0	6.7	153.3	247.3	39.0	.0	.0	
38.4	26.0	8.3	231.3	205.9	86.0	.0	.0	
39.0	29.1	7.8	203.3	247.8	40.0	.0	.0	
46.7	32.6	5.4	151.7	263.6	17.0	.0	.0	
47.8	35.6	6.8	230.0	159.9	71.0	.0	.0	
47.4	42.1	7.8	111.3	99.0	80.0	10.0	.0	
27.8	24.3	11.2	43.3	73.1	98.0	.0	55.9	
34.1	32.5	7.3	242.5	163.0	68.0	2.0	.0	
36.3	30.4	7.7	262.9	230.0	37.0	.0	.0	
32.2	16.1	9.0	60.4	155.7	55.0	.0	.0	
29.6	27.8	8.7	82.5	86.0	98.0	.0	210.8	
35.2	34.0	4.6	190.0	199.0	93.0	.0	.0	
38.0	35.5	6.1	139.2	111.8	98.0	.0	.0	
38.7	29.5	5.8	80.0	240.1	54.0	.0	.0	
33.7	30.7	6.7	163.3	70.0	75.0	79.0	.0	
31.1	11.6	10.1	241.7	252.5	3.0	.0	.0	
25.9	3.7	9.5	302.1	275.3	2.0	.0	.0	
