01	31	1996
-0.2	-19.0	12.9	285.8	107.1	100.0	0	0.0
1.1	-19.0	6.0	242.5	107.7	100.0	0	0.0
0.0	-19.0	8.4	319.2	108.4	100.0	0	0.0
0.4	-19.0	11.8	319.2	109.2	100.0	0	0.0
1.0	-19.0	12.6	281.7	110.1	93.8	0	0.0
1.2	-19.0	14.1	310.4	111.0	100.0	0	0.0
0.9	-19.0	6.5	214.2	112.0	100.0	0	0.0
2.0	-19.0	9.4	267.5	113.0	95.8	0	0.0
6.4	-11.6	7.5	284.2	114.2	95.8	0	0.0
10.9	6.2	6.3	108.5	115.4	95.8	4	29.5
11.0	4.1	10.2	242.5	116.6	100.0	0	0.0
9.2	4.0	5.9	184.6	118.0	97.9	0	0.0
23.3	19.5	11.5	257.6	115.7	91.7	27	107.8
12.8	15.3	9.5	201.9	120.9	95.8	11	53.9
2.6	24.0	10.8	279.2	122.4	100.0	0	0.0
2.7	24.0	9.8	193.8	108.6	91.7	1	26.4
33.2	31.1	11.8	205.0	110.2	89.6	3	52.7
36.8	33.4	9.8	173.8	123.7	93.8	0	0.0
45.0	43.8	15.6	161.7	113.7	90.6	48	0.0
20.5	13.8	15.0	240.4	131.6	100.0	23	127.9
8.6	1.5	5.7	179.2	117.4	91.7	0	0.0
19.8	11.8	8.6	170.4	135.8	100.0	2	15.8
29.0	26.2	8.1	182.1	121.3	89.6	4	9.7
37.3	34.5	11.6	169.1	123.4	91.7	57	16.1
20.8	14.3	16.6	303.8	142.8	93.8	10	2.5
6.6	0.9	8.0	167.9	127.8	95.8	0	0.0
28.0	21.9	16.8	140.0	143.3	89.6	79	6.3
20.0	16.5	15.8	265.2	150.3	97.9	67	811.1
3.7	2.0	6.3	222.5	153.0	95.8	0	0.0
14.9	10.4	8.9	172.8	137.4	93.8	9	37.3
5.9	3.8	8.1	260.8	158.5	100.0	0	0.0
02	29	1996
0.8	0.0	8.7	280.0	161.4	100.0	0	0.0
5.1	1.5	7.1	199.6	164.4	100.0	1	7.9
0.2	4.0	10.9	309.2	167.5	95.8	0	0.0
0.0	4.0	6.4	233.3	170.7	100.0	0	0.0
0.6	4.0	3.9	166.0	174.0	100.0	0	0.0
2.7	2.3	3.6	165.0	157.0	95.8	0	0.0
9.9	4.3	8.8	187.9	180.7	95.8	0	0.0
29.0	22.9	9.4	184.6	184.1	91.7	8	33.8
31.5	30.1	8.4	180.6	166.5	91.7	56	141.0
21.8	20.0	12.3	315.8	191.2	98.6	2	8.7
11.0	11.5	4.5	144.7	194.9	97.9	15	91.7
9.8	5.6	12.0	298.1	176.6	91.7	0	0.0
0.1	0.0	9.3	262.1	202.4	100.0	0	0.0
3.0	0.0	7.5	166.7	206.2	100.0	0	0.0
6.2	0.5	5.3	185.8	210.2	95.8	0	0.0
10.6	6.4	4.5	92.4	190.8	89.6	12	70.2
17.7	14.4	14.4	244.0	215.5	88.2	15	95.5
10.8	4.5	13.4	274.6	222.2	100.0	1	7.0
5.5	1.0	9.6	204.6	226.3	100.0	0	0.0
28.4	20.3	12.4	166.2	224.3	89.6	0	0.0
40.0	37.7	11.2	149.8	209.7	91.7	4	0.0
39.9	39.4	4.9	81.5	239.0	95.8	19	0.0
38.1	37.5	3.4	139.0	217.6	89.6	1	0.0
36.3	35.9	6.8	202.6	221.6	93.8	44	0.0
34.3	33.1	7.2	256.9	225.7	89.6	20	171.7
29.2	24.2	18.1	323.8	229.8	87.5	3	7.6
26.9	14.3	17.7	320.4	261.1	100.0	0	0.0
21.2	16.0	9.5	240.8	238.4	94.8	9	45.2
11.5	3.5	15.3	304.6	270.5	100.0	0	0.0
03	31	1996
11.9	1.8	8.0	209.2	275.2	100.0	0	0.0
18.5	12.4	7.3	94.0	251.6	95.8	23	89.1
23.9	19.7	10.8	195.8	281.6	96.5	19	76.4
10.8	7.0	17.2	286.7	289.6	100.0	0	0.0
9.1	5.4	9.5	211.2	294.4	95.8	0	0.0
10.0	5.4	7.0	166.9	299.3	100.0	1	7.0
9.6	1.2	7.2	276.7	304.2	91.7	0	0.0
13.3	6.9	10.6	202.7	278.6	93.8	27	181.7
10.2	5.3	12.9	294.6	283.2	91.7	1	7.9
13.2	4.8	9.1	249.2	319.2	100.0	0	0.0
26.3	9.5	8.4	223.3	324.4	100.0	0	0.0
31.7	15.8	3.9	120.8	329.6	100.0	0	0.0
35.6	22.4	2.2	70.0	334.8	100.0	0	0.0
39.6	23.2	5.0	132.9	339.3	91.7	0	0.0
32.7	26.2	9.3	265.8	311.4	87.5	2	5.1
22.5	13.9	19.4	328.3	349.4	95.8	9	36.4
19.2	8.6	15.3	273.8	321.8	89.6	0	0.0
25.6	14.2	3.7	130.0	360.9	100.0	0	0.0
33.8	18.8	4.0	68.8	366.2	100.0	0	0.0
31.9	24.0	11.2	64.2	362.8	93.8	22	52.1
33.1	30.6	6.3	95.4	341.3	91.7	9	19.5
35.5	31.5	7.0	179.4	379.9	91.7	0	0.0
31.6	27.5	8.2	266.7	378.0	95.1	3	8.5
26.4	18.5	14.3	311.7	392.4	100.0	0	0.0
32.3	17.4	10.6	185.8	397.6	100.0	0	0.0
36.9	24.8	11.8	206.9	402.1	97.9	5	0.0
18.3	8.7	16.6	300.8	408.0	100.0	2	8.2
19.0	5.0	15.7	311.2	413.2	100.0	0	0.0
24.0	4.8	11.7	323.8	418.4	100.0	0	0.0
24.8	7.1	16.0	313.8	423.5	100.0	0	0.0
28.4	13.3	11.6	313.3	428.6	100.0	0	0.0
04	30	1996
37.5	19.6	4.6	133.8	433.7	100.0	0	0.0
34.0	26.5	8.6	207.4	428.6	92.4	16	41.5
24.5	14.4	23.8	313.8	404.8	95.8	1	4.4
25.9	16.7	20.2	311.0	404.8	91.7	0	0.0
38.2	28.4	10.6	191.9	414.2	95.8	0	0.0
35.5	22.1	10.0	67.1	418.9	95.8	0	0.0
35.3	18.2	8.8	95.4	463.6	100.0	0	0.0
33.5	20.3	10.8	78.3	462.8	95.8	4	10.2
31.6	28.1	7.6	161.4	431.4	89.6	22	56.7
30.8	28.9	12.1	107.6	477.1	95.8	28	72.0
33.4	30.0	12.6	265.6	440.7	89.6	1	0.0
35.1	26.5	11.0	295.0	488.8	100.0	0	0.0
32.4	18.1	10.8	325.8	493.4	95.8	0	0.0
33.0	26.1	6.0	223.3	486.9	92.4	11	26.7
39.2	29.2	8.2	114.0	503.1	95.8	0	0.0
37.8	30.2	11.3	141.2	457.8	87.5	3	0.0
37.5	34.2	10.6	126.7	462.1	87.5	38	0.0
38.5	34.5	6.7	232.3	510.1	95.8	5	0.0
43.0	32.3	5.3	215.4	522.9	100.0	0	0.0
49.5	34.5	7.4	131.7	518.0	91.7	1	0.0
50.7	44.6	9.2	211.4	523.5	95.8	70	0.0
52.6	36.8	7.6	232.1	535.5	95.8	0	0.0
49.6	44.8	7.4	144.1	520.8	91.7	23	0.0
41.3	38.5	11.3	209.9	532.4	95.8	25	0.0
39.8	21.8	10.4	237.9	548.6	95.8	0	0.0
50.0	41.8	11.1	156.7	543.0	91.7	16	0.0
47.2	39.8	11.8	229.4	547.7	97.9	32	0.0
37.4	20.2	11.2	275.8	563.1	100.0	0	0.0
44.5	23.1	7.4	201.7	567.3	100.0	0	0.0
43.6	31.6	9.0	113.8	514.7	89.6	1	0.0
05	31	1996
49.8	38.7	10.5	179.0	564.6	95.8	22	0.0
50.2	36.9	10.6	197.9	533.7	95.8	0	0.0
50.2	29.0	12.0	217.9	580.9	95.8	0	0.0
51.8	35.3	7.2	222.9	535.6	89.6	5	0.0
43.4	25.2	13.2	328.8	591.1	100.0	0	0.0
38.9	16.0	12.8	308.3	594.8	100.0	0	0.0
47.3	20.5	12.1	290.0	598.4	100.0	3	0.0
52.1	24.4	13.4	265.8	602.0	100.0	0	0.0
49.0	21.7	9.5	150.8	605.5	100.0	0	0.0
47.8	38.4	10.2	180.8	546.0	87.5	0	0.0
45.5	44.0	8.3	115.6	561.6	91.7	51	0.0
33.5	33.1	12.8	124.0	610.1	95.7	64	713.4
37.6	31.0	13.1	274.0	605.8	95.8	1	0.0
43.8	24.9	5.9	216.2	608.8	95.8	0	0.0
46.5	33.1	5.7	170.8	625.1	100.0	0	0.0
53.0	32.7	5.7	235.8	628.2	100.0	0	0.0
56.4	39.8	8.2	182.9	631.3	100.0	0	0.0
58.8	44.2	7.8	166.8	616.1	91.7	0	0.0
51.1	48.4	8.4	131.9	613.4	90.3	56	0.0
50.7	49.8	7.2	156.7	625.8	95.8	42	0.0
55.7	53.8	5.7	185.1	579.9	91.7	5	0.0
58.8	49.4	7.4	223.3	645.2	100.0	3	0.0
54.6	47.0	7.4	230.7	599.1	95.8	0	0.0
44.8	28.2	13.2	291.7	650.3	100.0	0	0.0
39.9	24.0	15.4	297.9	652.7	100.0	0	0.0
46.4	27.7	12.9	311.2	601.0	91.7	0	0.0
51.0	29.0	8.5	252.1	657.4	100.0	0	0.0
51.5	38.2	8.2	146.2	648.8	94.4	13	0.0
51.5	39.3	11.0	156.7	656.4	95.8	22	0.0
48.3	42.9	8.1	173.3	648.8	95.8	31	0.0
57.0	36.3	8.1	263.3	665.8	100.0	0	0.0
06	30	1996
64.4	39.5	7.7	262.1	662.0	95.8	0	0.0
70.4	43.9	8.7	216.7	669.5	100.0	0	0.0
64.5	44.1	10.8	182.9	655.9	95.8	4	0.0
63.0	59.1	9.6	172.5	666.9	95.8	56	0.0
63.5	59.3	9.3	184.0	659.0	95.8	17	0.0
63.4	52.0	10.4	255.0	675.9	100.0	0	0.0
58.9	54.5	7.0	220.0	611.9	91.7	17	0.0
60.6	44.5	7.2	310.4	622.4	91.7	0	0.0
63.8	43.2	5.1	186.7	679.8	100.0	0	0.0
61.5	55.9	7.9	174.6	630.9	95.8	0	0.0
75.5	62.0	7.9	245.4	681.9	100.0	0	0.0
74.4	65.4	7.5	207.9	676.3	95.8	23	0.0
69.5	65.5	7.7	161.4	677.1	95.8	27	0.0
66.0	64.7	7.6	212.0	684.5	100.0	11	0.0
62.4	54.5	10.0	266.9	685.1	100.0	4	0.0
59.5	44.5	9.5	267.5	685.7	100.0	0	0.0
61.1	51.2	8.3	254.8	620.4	91.7	0	0.0
60.2	46.6	9.2	274.6	686.6	100.0	0	0.0
65.5	47.3	6.7	213.8	686.9	100.0	0	0.0
61.2	47.6	6.8	85.8	680.2	95.8	0	0.0
48.5	45.0	7.7	89.8	680.3	95.8	39	0.0
52.0	46.5	6.2	164.8	621.5	91.7	0	0.0
52.8	50.5	6.6	149.0	676.4	93.8	12	0.0
56.8	52.1	5.7	206.2	687.1	100.0	0	0.0
55.4	53.3	7.3	214.6	621.2	91.7	55	0.0
53.1	49.0	13.3	305.2	674.1	97.9	8	0.0
61.3	44.1	12.3	315.8	686.2	100.0	0	0.0
62.7	44.8	4.0	176.2	685.7	100.0	0	0.0
66.0	48.7	7.5	136.2	685.1	100.0	0	0.0
65.1	50.3	14.0	181.7	684.5	100.0	0	0.0
07	31	1996
68.4	60.0	10.0	186.7	354.6	39.9	0	0.0
76.4	55.9	6.4	195.0	399.6	38.5	0	0.0
68.1	60.8	6.6	158.9	374.2	24.1	0	0.0
65.1	62.8	8.7	89.0	224.1	6.1	102	0.0
63.8	59.7	8.1	200.6	350.8	25.0	1	0.0
62.2	56.4	11.6	241.7	314.9	18.6	50	0.0
66.6	48.0	7.8	268.2	350.4	37.5	0	0.0
60.7	58.5	7.7	126.2	244.9	2.1	25	0.0
62.6	59.8	6.2	144.8	388.4	22.5	17	0.0
66.0	54.7	9.7	244.2	386.0	40.2	4	0.0
67.3	51.3	10.8	260.4	446.1	58.9	9	0.0
69.0	54.5	7.2	236.8	339.5	39.3	0	0.0
67.6	60.9	7.9	159.7	266.0	15.8	2	0.0
71.6	61.2	9.9	337.7	368.8	22.5	21	0.0
66.1	62.5	9.9	135.9	239.7	3.1	7	0.0
72.6	61.2	11.2	230.7	386.9	34.8	0	0.0
71.3	57.8	10.8	252.3	380.0	42.3	0	0.0
73.7	53.2	10.8	275.0	346.9	27.9	0	0.0
65.6	61.3	9.2	145.3	215.9	12.5	75	0.0
55.0	53.7	9.4	155.8	204.0	1.3	24	0.0
57.9	51.3	15.3	321.0	301.5	17.5	0	0.0
63.2	48.5	8.0	282.1	426.6	57.1	0	0.0
68.4	56.9	8.2	146.8	295.5	15.2	0	0.0
65.9	58.5	8.5	162.6	342.8	27.2	0	0.0
63.3	59.8	8.4	172.3	202.1	3.1	0	0.0
61.0	59.2	8.1	165.0	213.2	0.0	0	0.0
66.9	59.8	6.3	238.1	329.9	28.9	0	0.0
65.5	51.4	10.4	323.1	480.3	56.7	0	0.0
66.3	49.6	3.2	146.8	408.6	53.6	0	0.0
69.4	53.5	4.0	107.1	443.3	46.4	0	0.0
70.0	55.4	5.6	163.5	350.5	45.2	0	0.0
08	31	1996
60.1	57.5	3.6	91.0	216.8	2.1	13	0.0
62.4	59.7	2.0	83.3	321.1	30.2	2	0.0
66.2	60.7	2.3	86.9	433.3	68.2	0	0.0
70.2	62.5	2.4	97.9	462.6	70.3	0	0.0
71.4	62.1	3.2	181.1	503.3	91.3	0	0.0
73.5	61.9	2.7	92.1	448.4	89.0	0	0.0
75.2	63.3	5.3	158.9	449.9	92.1	0	0.0
72.9	67.4	6.9	188.8	338.6	57.1	0	0.0
69.3	66.4	5.1	175.3	375.1	29.2	9	0.0
63.0	54.5	8.0	314.3	355.3	26.8	0	0.0
56.9	44.2	7.8	284.0	473.7	73.8	0	0.0
60.6	49.7	4.9	129.6	322.2	61.2	0	0.0
65.2	57.3	6.7	168.2	215.7	35.0	0	0.0
63.1	49.0	8.8	288.2	474.1	90.6	0	0.0
62.2	49.5	3.2	124.5	477.4	98.1	0	0.0
61.0	57.0	3.5	98.8	250.1	41.1	7	0.0
64.5	59.2	4.4	232.1	314.2	43.1	1	0.0
57.8	56.0	4.4	219.9	278.2	53.0	25	0.0
59.8	50.0	6.8	249.0	447.3	88.1	0	0.0
62.2	52.2	3.1	100.5	435.5	79.4	0	0.0
62.8	61.3	2.5	118.2	179.1	11.3	6	0.0
66.8	60.0	3.7	185.9	356.6	41.7	1	0.0
65.1	62.9	5.2	189.2	196.9	13.1	10	0.0
64.0	54.2	5.2	254.5	305.9	36.9	0	0.0
64.6	55.6	9.0	196.6	356.1	57.1	12	0.0
59.2	49.3	7.2	251.5	304.7	41.2	0	0.0
57.6	47.7	5.6	262.8	374.3	62.5	0	0.0
59.9	51.6	4.2	126.2	378.2	79.4	0	0.0
59.7	53.8	7.4	228.6	290.8	61.5	3	0.0
55.6	46.1	9.1	279.2	281.6	41.9	0	0.0
63.2	56.6	5.1	180.8	208.3	19.4	1	0.0
09	30	1996
68.4	60.5	3.2	128.8	324.8	63.8	0	0.0
63.5	57.4	7.4	80.2	214.3	39.4	0	0.0
58.1	46.2	9.4	161.2	266.1	56.9	0	0.0
63.1	55.0	3.5	131.9	388.4	85.1	0	0.0
70.8	60.8	4.9	170.0	369.8	74.4	0	0.0
63.6	49.7	9.7	298.0	389.1	88.8	0	0.0
57.2	45.9	4.7	181.0	356.6	85.6	0	0.0
54.5	48.2	4.8	123.8	191.5	31.5	3	0.0
55.7	55.4	5.1	144.0	158.1	5.2	30	0.0
60.4	59.3	3.8	257.9	156.3	20.4	0	0.0
59.1	55.1	6.4	236.5	174.1	15.0	0	0.0
57.1	53.0	4.7	85.0	159.8	28.3	0	0.0
53.8	47.2	8.7	71.9	148.8	13.9	18	0.0
53.1	51.7	10.2	51.1	127.0	8.7	101	0.0
50.4	47.0	7.6	156.9	153.6	7.1	46	0.0
52.7	45.7	3.5	47.5	259.8	55.6	0	0.0
53.0	45.9	1.6	56.9	314.5	64.6	0	0.0
56.0	48.8	8.4	48.5	215.0	45.0	0	0.0
53.7	44.8	11.0	298.2	230.6	63.1	0	0.0
54.6	46.2	6.5	256.8	248.3	55.6	0	0.0
53.9	44.5	10.7	276.8	249.7	55.0	0	0.0
44.5	34.6	8.0	293.2	273.4	67.5	0	0.0
45.7	39.1	8.3	183.2	160.1	24.3	0	0.0
44.6	38.3	3.9	196.5	192.9	34.7	3	0.0
42.4	38.2	5.1	136.5	187.0	41.8	2	0.0
47.0	36.0	8.9	310.2	299.4	60.7	0	0.0
48.1	38.6	3.6	119.8	219.7	61.3	0	0.0
57.2	53.0	10.6	170.9	138.4	9.9	0	0.0
55.7	50.0	7.8	222.5	201.5	36.5	24	0.0
49.3	39.5	10.1	249.1	238.6	45.2	0	0.0
10	31	1996
49.1	40.1	6.7	191.0	151.2	39.4	0	0.0
58.1	48.7	11.1	180.2	203.4	27.4	3	0.0
45.8	36.5	13.6	274.9	245.8	43.6	1	0.0
35.8	25.5	9.8	298.8	253.0	81.2	0	0.0
37.8	26.3	4.7	233.5	260.0	86.2	0	0.0
44.3	32.2	7.4	180.2	210.8	64.4	0	0.0
50.4	41.6	6.5	172.1	223.0	61.8	0	0.0
52.7	47.2	5.3	146.0	196.8	35.2	0	0.0
48.1	46.3	11.6	205.2	107.6	1.2	38	0.0
46.3	44.9	4.9	134.8	104.7	0.9	12	0.0
35.2	26.2	10.5	293.8	233.9	70.0	0	0.0
39.5	29.8	6.1	208.0	166.1	52.5	0	0.0
43.0	36.2	4.6	139.0	89.2	3.8	10	0.0
42.8	35.9	14.8	241.5	115.5	6.0	28	0.0
29.4	16.6	23.1	306.8	160.2	47.5	0	0.0
34.4	21.1	10.4	294.8	159.5	24.4	0	0.0
33.9	22.2	13.1	307.5	183.6	65.0	0	0.0
37.5	27.5	4.0	92.6	212.9	94.6	0	0.0
38.4	30.6	3.8	80.0	221.6	79.4	0	0.0
42.5	31.3	5.4	54.3	182.5	53.6	0	0.0
43.4	33.8	7.9	48.2	130.5	43.8	0	0.0
41.4	38.3	6.1	62.5	77.6	20.0	23	0.0
44.4	43.1	2.7	150.1	82.3	1.2	2	0.0
45.0	44.6	2.7	73.3	94.6	17.5	2	0.0
45.8	41.8	7.5	189.5	75.5	25.0	2	0.0
41.8	33.0	12.6	295.8	173.7	64.4	0	0.0
41.1	33.5	7.2	228.8	115.5	33.1	0	0.0
40.8	39.6	8.8	207.2	75.2	1.1	45	0.0
37.0	29.9	17.3	313.2	73.2	25.7	0	0.0
32.7	29.4	5.2	186.2	78.2	30.4	6	15.0
39.1	33.9	8.4	220.4	83.3	22.1	2	0.0
11	30	1996
32.2	22.6	7.9	218.0	97.4	60.6	0	0.0
32.3	25.2	4.1	146.8	105.0	31.2	0	0.0
27.8	20.1	13.5	289.2	60.8	7.7	0	0.0
31.2	21.0	7.9	228.0	114.8	45.6	0	0.0
34.8	26.5	6.9	209.0	69.9	41.2	0	0.0
32.0	27.5	2.8	75.5	77.9	33.8	0	0.0
41.7	40.0	9.1	156.9	62.4	0.0	6	0.0
57.4	54.4	13.6	166.6	50.4	0.0	0	0.0
58.8	54.1	15.1	159.4	60.1	0.0	29	0.0
43.3	42.4	3.4	117.0	62.4	13.0	4	0.0
36.3	30.1	8.0	232.0	92.9	40.9	0	0.0
27.7	20.4	8.1	264.4	80.7	46.5	0	0.0
20.8	15.6	6.1	229.3	77.7	57.2	0	2.1
15.6	10.7	6.7	262.2	85.7	67.1	0	0.0
17.5	9.5	9.7	316.2	120.7	69.4	0	0.0
23.6	13.5	6.8	312.2	119.8	85.0	0	0.0
32.2	19.8	4.2	148.5	116.8	88.1	0	0.0
34.7	27.3	6.3	177.0	89.2	46.9	0	0.0
33.8	31.2	3.3	90.2	41.1	0.0	0	0.0
33.5	32.0	4.8	151.0	62.5	7.8	43	108.0
33.2	31.9	9.2	304.8	58.6	2.9	2	6.1
32.2	28.9	10.4	313.0	40.7	10.2	0	0.0
29.6	23.2	11.9	258.9	65.0	14.2	0	0.0
14.8	6.4	10.4	277.0	100.6	81.9	0	0.0
16.6	11.4	3.7	174.2	61.8	48.1	0	0.0
20.7	18.1	6.7	190.3	77.5	37.2	2	9.6
18.2	10.6	15.2	328.5	77.6	63.8	0	0.0
22.2	14.5	10.3	319.8	49.1	24.4	0	0.0
14.3	9.8	5.1	246.9	84.2	71.1	0	0.0
15.2	11.3	2.9	74.9	59.2	45.8	0	0.0
12	31	1996
34.9	32.4	10.7	158.9	33.9	0.0	20	0.0
43.3	41.2	15.3	174.7	41.5	0.6	40	0.0
33.7	26.8	7.9	211.0	81.2	48.8	0	0.0
30.0	27.7	6.0	242.3	42.7	6.2	0	0.0
21.1	15.1	10.1	279.8	95.3	73.4	0	0.0
19.9	14.5	5.8	94.5	40.1	16.9	0	0.0
28.3	24.7	6.1	117.5	31.6	1.2	3	7.1
33.7	30.1	11.8	118.5	31.3	8.1	21	54.3
31.3	26.7	7.9	235.2	39.0	7.3	0	0.0
25.3	21.4	2.5	141.3	92.2	56.8	0	0.0
22.9	21.0	1.3	61.7	35.6	8.9	0	0.0
27.0	21.9	6.6	112.1	68.4	46.9	0	0.0
25.8	21.9	6.7	53.5	54.9	44.4	0	0.0
32.8	29.9	5.5	48.6	38.8	2.6	0	0.0
32.0	29.6	1.3	46.9	44.5	1.8	0	0.0
30.9	28.5	6.8	173.1	29.7	3.8	0	0.0
36.3	33.7	4.4	94.4	36.9	15.9	8	0.0
40.1	39.0	3.6	151.6	46.4	19.8	0	0.0
32.8	32.3	3.8	122.5	40.0	1.6	13	24.9
21.9	16.9	14.1	240.7	41.8	16.6	14	35.6
14.9	7.3	8.7	230.8	81.0	89.4	0	0.0
21.2	16.9	5.0	181.7	37.4	27.4	0	0.0
25.0	22.2	1.6	32.2	39.8	25.0	0	0.0
34.8	33.1	9.2	153.1	36.6	6.5	44	64.0
19.2	11.1	14.5	260.9	57.9	41.7	6	0.0
11.9	3.2	8.7	205.8	61.0	53.1	0	0.0
17.6	13.8	4.0	200.6	55.9	36.7	3	19.1
21.7	18.6	5.0	152.8	40.1	19.3	2	9.4
35.1	35.1	4.7	171.8	43.3	7.1	13	0.0
9.9	8.3	21.2	301.4	74.2	59.7	0	0.0
0.0	3.0	20.7	299.5	84.0	93.1	0	0.0
