   1    31    1976
16.6	9.0	17.3	315.0	133.0	58.0	.0	5.1	
11.1	3.8	10.2	260.0	159.1	33.0	.0	.0	
18.5	16.6	8.5	101.7	104.2	98.0	.0	124.5	
18.0	11.0	12.6	270.0	106.6	96.0	.0	5.1	
-.9	-15.3	13.8	290.0	151.4	11.0	.0	.0	
5.6	-1.5	9.0	191.7	137.2	79.0	.0	.0	
18.5	10.7	9.0	188.3	103.2	98.0	.0	.0	
5.5	-6.0	14.8	307.1	127.2	73.0	.0	10.2	
-13.2	-24.3	2.5	76.7	172.3	15.0	.0	.0	
-8.0	-19.5	9.1	263.3	172.4	16.0	.0	2.5	
-15.6	-27.0	5.8	308.3	172.4	2.0	.0	.0	
-15.5	-26.7	5.0	236.7	163.4	41.0	.0	.0	
-11.3	-14.2	5.0	91.7	127.4	91.0	.0	.0	
23.5	16.4	17.8	205.0	107.1	81.0	.0	119.4	
4.4	-8.0	12.7	251.7	118.1	42.0	.0	2.5	
-1.8	-12.9	6.4	113.3	148.9	87.0	.0	22.9	
10.6	.1	13.5	311.7	119.3	94.0	.0	27.9	
-6.0	-20.3	14.2	298.3	192.2	11.0	.0	.0	
-9.3	-21.5	5.0	146.7	191.4	4.0	.0	.0	
9.5	4.7	9.0	181.7	127.3	88.0	.0	12.7	
19.2	11.8	6.5	106.7	141.5	98.0	.0	.0	
15.8	9.7	15.5	226.3	122.1	98.0	.0	38.1	
-11.8	-26.9	19.1	258.3	201.9	43.0	.0	.0	
-9.3	-23.3	5.4	128.3	210.6	13.0	.0	.0	
1.9	-8.3	3.5	133.3	206.7	31.0	.0	12.7	
22.2	20.8	13.8	151.7	116.8	98.0	.0	66.0	
39.5	37.6	10.5	251.4	138.4	98.0	73.0	.0	
31.6	28.6	10.8	193.8	114.6	98.0	.0	254.0	
21.1	15.5	11.4	206.7	170.3	93.0	.0	2.5	
6.2	-5.9	14.0	320.0	221.1	88.0	.0	.0	
-.8	-14.2	4.4	153.3	229.2	34.0	.0	.0	
   2    29    1976
21.7	18.5	11.9	156.7	175.1	98.0	.0	30.5	
23.7	13.8	24.4	186.7	133.0	98.0	.0	254.0	
8.4	-2.3	17.1	246.7	184.3	53.0	.0	.0	
16.3	11.0	8.1	206.7	172.0	96.0	.0	12.7	
2.9	-13.1	15.4	303.3	253.0	15.0	.0	.0	
-4.5	-15.3	2.7	93.3	218.2	53.0	.0	.0	
-5.8	-14.9	2.6	111.7	197.1	45.0	.0	2.5	
1.3	-4.3	6.2	205.0	175.8	98.0	.0	7.6	
13.9	4.6	9.5	328.3	255.2	18.0	.0	.0	
17.3	9.2	8.1	166.7	238.9	80.0	.0	27.9	
25.9	15.0	16.9	303.3	194.2	46.0	.0	40.6	
5.8	-10.3	9.7	256.7	272.8	19.0	.0	.0	
24.5	20.5	18.2	245.0	171.8	71.0	.0	15.2	
5.3	-14.0	14.8	301.7	287.4	14.0	.0	.0	
10.5	3.5	9.8	160.0	178.8	97.0	.0	53.3	
20.5	10.3	12.6	270.0	244.7	51.0	.0	15.2	
11.3	7.6	8.1	28.3	174.4	89.0	.0	48.3	
9.4	4.1	6.9	81.7	205.1	96.0	.0	33.0	
21.3	15.7	5.8	255.0	192.9	98.0	.0	149.9	
19.4	10.7	14.4	306.7	280.6	33.0	.0	.0	
15.5	9.2	5.6	105.0	293.6	90.0	.0	27.9	
28.2	23.0	13.5	240.0	167.7	98.0	.0	86.4	
5.0	-11.0	15.9	293.3	318.6	10.0	.0	.0	
13.4	9.3	11.2	193.3	255.7	89.0	.0	2.5	
30.0	23.3	4.8	103.3	282.3	63.0	.0	.0	
35.3	29.4	7.2	135.0	326.0	97.0	.0	.0	
34.4	28.8	16.1	231.7	199.6	88.0	8.0	.0	
13.2	-9.4	14.2	301.7	246.2	64.0	.0	.0	
14.9	10.2	8.3	166.7	195.0	98.0	.0	43.2	
   3    31    1976
13.4	-4.5	15.5	316.7	375.2	46.0	.0	.0	
.7	-14.6	11.4	313.3	316.2	76.0	.0	.0	
11.1	-1.3	4.0	135.0	266.6	83.0	.0	.0	
26.6	22.5	9.5	191.7	232.5	96.0	.0	25.4	
33.9	33.3	11.9	148.3	189.2	95.0	20.0	.0	
26.1	12.0	18.2	308.3	341.1	62.0	.0	.0	
11.2	1.2	4.7	153.3	410.4	79.0	.0	.0	
11.6	7.6	9.8	235.0	269.1	86.0	.0	20.3	
5.8	-9.5	6.7	151.7	405.5	38.0	.0	.0	
16.4	5.3	10.0	131.7	385.1	68.0	.0	.0	
24.3	21.7	15.6	246.7	228.5	88.0	.0	43.2	
13.9	-1.0	10.6	256.7	438.8	29.0	.0	.0	
26.1	26.0	11.7	186.7	246.9	98.0	.0	91.4	
19.6	10.7	9.4	265.0	426.9	68.0	.0	.0	
23.5	19.0	18.8	258.3	299.1	96.0	.0	22.9	
6.8	-5.0	7.1	126.7	295.9	92.0	.0	35.6	
10.6	9.3	20.3	211.3	291.5	98.0	.0	193.0	
8.9	3.5	10.2	291.7	367.7	74.0	.0	17.8	
9.6	6.9	9.4	140.0	316.2	98.0	.0	2.5	
36.2	35.3	7.5	138.3	369.2	89.0	.0	.0	
43.4	40.7	14.2	201.7	265.2	98.0	6.0	.0	
15.5	.8	16.9	250.0	465.8	25.0	.0	.0	
20.5	14.7	13.0	220.0	434.3	73.0	.0	.0	
40.8	28.6	14.8	213.3	403.1	65.0	.0	.0	
40.6	36.0	10.7	195.0	414.3	98.0	7.0	.0	
36.5	25.7	9.8	221.7	474.2	42.0	.0	.0	
40.7	30.5	16.2	161.7	469.0	49.0	.0	.0	
37.8	37.2	11.7	231.7	252.3	98.0	42.0	.0	
35.0	28.5	17.9	288.3	299.1	98.0	.0	.0	
37.3	31.6	12.3	33.3	288.5	98.0	.0	.0	
38.5	39.1	6.9	121.7	278.4	98.0	4.0	.0	
   4    30    1976
41.2	40.5	11.4	126.7	288.5	98.0	5.0	.0	
41.7	42.0	9.4	63.3	255.6	98.0	152.0	.0	
37.1	37.3	14.1	308.3	252.6	98.0	62.0	.0	
27.3	18.6	16.7	280.0	283.7	89.0	.0	.0	
26.8	21.6	14.6	253.3	275.1	85.0	.0	.0	
33.3	27.2	8.3	235.0	449.7	60.0	.0	.0	
32.7	22.2	12.3	305.0	375.6	95.0	.0	.0	
32.7	19.5	10.2	313.3	275.1	71.0	.0	.0	
32.1	19.1	4.6	295.0	367.4	44.0	.0	.0	
36.6	21.7	6.2	233.3	526.5	66.0	.0	.0	
28.0	17.6	20.4	316.7	265.9	93.0	.0	12.7	
19.0	5.5	19.2	293.3	368.3	61.0	.0	.0	
32.6	19.7	16.1	273.3	335.7	60.0	.0	.0	
33.3	10.7	15.0	323.3	558.0	33.0	.0	.0	
34.1	23.7	9.6	146.7	319.1	97.0	2.0	.0	
47.0	36.2	5.7	166.7	480.0	69.0	.0	.0	
48.4	28.7	7.1	163.3	454.0	77.0	3.0	.0	
39.1	37.8	7.7	75.0	280.8	98.0	9.0	.0	
51.0	47.1	10.4	178.3	451.2	67.0	.0	.0	
52.0	39.0	15.8	308.3	539.4	31.0	.0	.0	
46.2	31.0	6.6	130.0	552.2	85.0	.0	.0	
40.3	33.1	15.2	150.0	353.6	98.0	27.0	.0	
42.6	43.0	7.1	213.3	259.0	98.0	19.0	.0	
37.5	26.0	19.0	303.3	479.0	32.0	.0	.0	
37.0	22.2	11.2	331.7	622.5	29.0	.0	.0	
35.8	32.7	12.6	33.3	288.7	98.0	44.0	.0	
42.5	34.0	16.9	233.3	331.7	96.0	2.0	.0	
43.3	34.2	15.0	306.7	348.5	73.0	.0	.0	
49.2	32.4	13.3	303.3	560.3	41.0	.0	.0	
46.2	38.7	8.5	228.3	409.5	74.0	1.0	.0	
   5    31    1976
51.9	31.5	7.9	148.3	570.0	63.0	.0	.0	
51.3	52.3	12.3	156.7	273.2	97.0	14.0	.0	
51.1	49.8	15.5	178.3	284.7	98.0	16.0	.0	
41.0	23.8	21.5	261.7	473.1	52.0	.0	.0	
47.4	36.5	18.3	201.7	515.7	79.0	1.0	.0	
48.3	35.2	12.7	298.3	343.1	98.0	4.0	.0	
35.8	29.8	11.6	40.0	277.8	98.0	24.0	.0	
39.0	34.7	16.0	206.7	350.4	76.0	12.0	.0	
49.1	29.5	17.4	263.3	512.1	43.0	.0	.0	
54.9	39.2	5.9	130.0	590.2	23.0	.0	.0	
60.6	46.0	16.5	161.7	607.4	52.0	.0	.0	
51.1	50.7	15.0	158.3	275.1	95.0	58.0	.0	
47.3	36.8	15.8	243.3	316.1	80.0	.0	.0	
54.2	45.5	9.2	210.0	332.3	95.0	26.0	.0	
51.7	41.3	16.5	256.7	365.0	67.0	.0	.0	
56.1	43.3	5.4	135.0	687.4	33.0	.0	.0	
60.3	55.5	16.5	171.7	508.5	85.0	.0	.0	
56.1	55.0	10.4	153.3	296.9	98.0	61.0	.0	
55.4	52.0	17.3	125.0	316.1	94.0	54.0	.0	
45.4	40.8	12.1	88.3	270.7	83.0	56.0	.0	
46.9	44.5	7.7	150.0	380.5	98.0	23.0	.0	
44.3	42.9	15.6	316.7	282.9	98.0	86.0	.0	
44.0	43.2	13.5	310.0	324.7	98.0	23.0	.0	
47.0	41.0	13.5	246.7	352.5	95.0	.0	.0	
46.3	36.0	7.1	91.7	340.5	92.0	.0	.0	
48.9	35.7	6.0	126.7	685.1	26.0	.0	.0	
53.2	37.0	11.5	270.0	547.2	44.0	.0	.0	
60.6	36.5	8.5	225.0	667.5	59.0	.0	.0	
68.6	43.7	16.5	246.7	599.9	81.0	.0	.0	
70.2	45.3	12.3	306.7	697.2	5.0	.0	.0	
61.4	45.3	6.9	61.7	474.3	83.0	53.0	.0	
   6    30    1976
47.7	37.3	13.8	338.3	478.2	70.0	4.0	.0	
52.8	35.8	10.8	306.7	566.7	30.0	.0	.0	
57.6	33.6	9.8	210.0	684.7	13.0	.0	.0	
60.2	36.3	6.7	206.7	743.0	2.0	.0	.0	
68.0	44.6	6.0	248.3	666.4	53.0	.0	.0	
72.4	50.2	9.1	178.3	670.0	58.0	.0	.0	
62.7	56.7	9.8	181.7	317.8	81.0	.0	.0	
67.5	60.7	6.7	251.7	511.5	74.0	20.0	.0	
67.1	41.8	12.3	308.3	685.3	20.0	.0	.0	
70.0	58.0	14.8	220.0	559.5	61.0	1.0	.0	
61.8	52.7	15.0	223.3	292.2	93.0	134.0	.0	
45.1	37.5	14.1	228.3	442.7	68.0	2.0	.0	
53.2	44.5	10.2	196.7	427.1	95.0	.0	.0	
68.0	62.1	13.5	203.3	542.9	95.0	2.0	.0	
75.8	62.2	13.8	255.0	656.0	75.0	.0	.0	
76.7	67.7	11.2	190.0	398.9	98.0	60.0	.0	
68.0	59.0	11.3	276.7	492.3	66.0	.0	.0	
66.1	55.2	3.3	123.3	643.6	63.0	.0	.0	
72.1	64.5	11.0	156.7	628.9	83.0	.0	.0	
73.5	68.9	13.2	193.3	413.6	94.0	10.0	.0	
73.8	59.8	8.5	210.0	606.1	66.0	.0	.0	
73.8	65.4	9.4	233.3	620.7	95.0	.0	.0	
76.5	71.0	6.9	258.3	541.0	83.0	.0	.0	
73.8	65.8	10.2	266.7	595.6	72.0	7.0	.0	
62.8	56.8	8.3	121.7	335.7	95.0	9.0	.0	
48.5	45.0	5.2	45.0	331.4	98.0	10.0	.0	
53.1	52.0	5.6	161.7	334.2	89.0	.0	.0	
63.5	59.0	8.1	206.7	605.0	80.0	4.0	.0	
62.7	60.4	6.9	275.0	507.3	98.0	21.0	.0	
59.5	55.3	10.0	71.7	460.3	98.0	1.0	.0	
   7    31    1976
52.6	51.2	10.8	66.7	286.4	98.0	93.0	.0	
58.0	58.2	5.4	188.3	341.1	98.0	5.0	.0	
58.0	58.7	6.6	141.7	314.4	83.0	101.0	.0	
66.4	59.0	7.3	256.7	630.8	53.0	.0	.0	
72.8	61.2	4.7	73.3	638.1	74.0	.0	.0	
76.9	63.5	6.9	248.3	673.1	14.0	.0	.0	
76.0	65.0	9.0	206.7	596.4	67.0	.0	.0	
68.2	65.3	10.2	221.7	328.1	98.0	11.0	.0	
66.3	58.0	8.8	316.7	527.6	55.0	.0	.0	
68.0	54.6	3.5	118.3	709.2	25.0	.0	.0	
66.8	62.0	7.9	141.7	448.8	83.0	3.0	.0	
62.5	62.0	12.7	68.3	302.7	98.0	158.0	.0	
58.9	58.3	12.6	86.7	289.0	98.0	69.0	.0	
57.3	56.5	9.6	130.0	327.9	98.0	19.0	.0	
63.9	60.2	6.5	190.0	481.7	62.0	.0	.0	
68.6	64.5	8.6	176.7	562.7	92.0	.0	.0	
62.8	62.5	11.7	155.0	317.0	97.0	5.0	.0	
61.7	56.5	14.0	241.7	476.5	43.0	.0	.0	
66.9	57.0	13.6	241.7	619.1	46.0	.0	.0	
74.0	65.7	15.0	231.7	605.6	91.0	.0	.0	
62.0	49.9	14.8	320.0	572.9	45.0	5.0	.0	
59.3	44.0	6.0	175.0	681.5	4.0	.0	.0	
65.1	55.0	14.3	195.0	635.3	50.0	.0	.0	
59.3	57.5	11.2	248.3	352.7	92.0	171.0	.0	
53.1	46.8	14.4	295.0	514.9	55.0	.0	.0	
58.1	46.5	11.2	271.7	587.2	73.0	2.0	.0	
64.5	57.0	10.8	208.3	466.9	87.0	14.0	.0	
59.8	49.5	11.9	288.3	295.7	98.0	.0	.0	
64.5	43.8	10.6	240.0	627.9	33.0	.0	.0	
65.2	52.9	9.4	178.3	562.3	51.0	2.0	.0	
61.3	53.4	7.2	178.3	319.3	98.0	16.0	.0	
   8    31    1976
57.8	53.5	10.7	283.3	286.1	92.0	67.0	.0	
57.8	43.2	9.8	291.7	625.2	22.0	.0	.0	
58.0	44.0	10.4	221.7	644.8	5.0	.0	.0	
64.6	50.7	14.2	230.0	642.9	5.0	.0	.0	
67.5	54.7	14.6	213.3	392.4	83.0	2.0	.0	
58.2	47.4	14.4	326.7	426.6	54.0	97.0	.0	
54.6	42.5	7.7	180.0	554.0	78.0	.0	.0	
57.2	55.5	6.4	138.3	281.8	98.0	4.0	.0	
66.8	66.5	7.5	140.0	283.4	98.0	36.0	.0	
68.5	65.3	7.5	108.3	288.2	98.0	200.0	.0	
71.0	57.3	11.1	273.3	602.4	31.0	2.0	.0	
71.0	62.2	13.1	220.0	501.1	84.0	5.0	.0	
70.5	63.2	10.0	210.0	410.5	92.0	13.0	.0	
62.4	58.4	9.4	140.0	248.0	98.0	32.0	.0	
56.5	54.7	8.6	86.7	269.7	98.0	16.0	.0	
62.5	54.1	13.0	253.3	489.1	51.0	10.0	.0	
60.6	47.0	13.8	316.7	548.6	34.0	.0	.0	
55.4	42.7	4.6	116.7	557.0	31.0	.0	.0	
60.3	50.2	7.9	190.0	593.9	12.0	.0	.0	
69.2	60.4	7.2	245.0	557.1	17.0	.0	.0	
77.1	68.8	6.4	218.3	533.5	9.0	.0	.0	
77.0	61.3	10.4	261.7	511.9	58.0	.0	.0	
65.0	49.7	14.8	328.3	521.7	29.0	4.0	.0	
58.8	42.7	8.3	186.7	558.7	29.0	.0	.0	
62.3	50.0	10.0	318.3	468.9	63.0	.0	.0	
56.2	52.8	8.3	151.7	233.1	78.0	.0	.0	
62.7	60.8	9.4	168.3	238.2	98.0	18.0	.0	
66.7	64.0	10.0	158.3	255.1	98.0	.0	.0	
64.2	62.2	9.1	145.0	259.1	94.0	107.0	.0	
50.5	42.5	14.8	273.3	271.0	78.0	4.0	.0	
49.9	36.5	11.4	258.3	465.9	34.0	.0	.0	
   9    30    1976
50.5	48.5	7.1	203.3	215.9	98.0	66.0	.0	
49.1	34.5	9.4	266.7	494.0	27.0	.0	.0	
48.4	38.0	7.2	218.3	487.8	48.0	.0	.0	
55.5	50.5	14.4	181.7	339.9	98.0	.0	.0	
56.8	55.8	7.9	203.3	235.7	85.0	9.0	.0	
52.0	44.8	11.2	271.7	259.6	98.0	.0	.0	
49.2	41.0	15.4	313.3	231.0	98.0	2.0	.0	
48.7	38.1	13.0	321.7	290.3	82.0	.0	.0	
52.7	38.2	8.1	328.3	501.3	5.0	.0	.0	
54.1	47.4	11.0	180.0	476.2	41.0	.0	.0	
56.8	54.8	8.9	155.0	240.1	88.0	37.0	.0	
52.9	46.6	10.7	261.7	288.8	71.0	23.0	.0	
59.6	48.8	8.4	235.0	454.2	35.0	.0	.0	
67.1	56.3	9.8	240.0	433.2	47.0	.0	.0	
60.9	54.3	11.3	286.7	227.2	74.0	.0	.0	
49.0	44.1	6.6	131.7	235.3	86.0	.0	.0	
56.9	54.0	5.2	146.7	307.6	89.0	.0	.0	
61.5	61.3	2.9	58.3	204.4	95.0	14.0	.0	
60.6	59.0	7.9	191.7	229.4	90.0	.0	.0	
55.1	52.7	8.6	263.3	205.4	98.0	3.0	.0	
53.8	48.0	13.0	238.3	260.1	89.0	5.0	.0	
46.6	39.5	5.6	215.0	310.6	53.0	.0	.0	
48.7	40.7	13.1	195.0	287.2	75.0	3.0	.0	
45.5	33.7	15.2	253.3	338.5	32.0	.0	.0	
42.2	32.5	7.7	193.3	360.4	55.0	.0	.0	
43.8	36.4	6.4	95.0	297.7	86.0	13.0	.0	
46.4	43.8	11.9	236.7	175.7	98.0	77.0	.0	
41.0	30.3	13.9	288.3	266.5	46.0	.0	.0	
44.3	36.3	13.9	195.0	176.5	98.0	.0	.0	
43.6	24.0	11.5	276.7	378.6	14.0	.0	.0	
  10    31    1976
42.9	33.5	7.1	150.0	295.4	91.0	.0	.0	
50.4	44.0	7.9	195.0	319.0	98.0	.0	.0	
49.1	33.6	10.8	243.3	392.4	2.0	.0	.0	
43.9	29.7	4.5	190.0	372.3	28.0	.0	.0	
50.0	38.3	8.5	173.3	348.0	37.0	.0	.0	
54.7	54.7	10.4	168.3	162.7	98.0	.0	.0	
58.4	51.7	12.9	260.0	199.6	98.0	.0	.0	
41.1	37.5	11.8	75.0	153.7	98.0	71.0	.0	
43.6	42.9	12.5	73.3	153.0	98.0	164.0	.0	
41.0	30.7	19.4	253.3	160.3	86.0	.0	.0	
37.0	23.2	18.5	308.3	172.6	95.0	.0	.0	
38.1	26.7	9.4	215.0	327.7	29.0	.0	.0	
42.3	40.5	9.1	166.7	155.6	98.0	12.0	.0	
42.1	38.8	15.5	221.7	155.8	98.0	42.0	.0	
39.7	29.3	14.2	216.7	220.6	84.0	2.0	.0	
40.5	27.8	20.6	253.3	166.8	60.0	.0	.0	
36.4	26.0	10.2	275.0	168.5	82.0	.0	.0	
34.5	22.1	20.2	298.3	165.6	84.0	.0	.0	
33.0	16.5	13.8	270.0	256.4	67.0	.0	.0	
34.8	27.8	7.3	126.7	154.2	98.0	15.0	.0	
40.4	37.5	23.0	165.0	123.4	95.0	126.0	.0	
34.5	27.4	16.1	218.3	176.7	64.0	2.0	.0	
32.0	21.7	18.0	253.3	181.3	84.0	1.0	.0	
31.3	18.9	9.4	221.7	231.9	63.0	.0	.0	
29.8	29.0	9.8	148.3	144.5	98.0	.0	48.3	
29.0	24.0	19.6	320.0	147.0	98.0	.0	38.1	
24.0	13.8	14.4	305.0	163.3	59.0	.0	.0	
25.1	15.1	14.0	223.3	200.9	83.0	.0	.0	
35.4	29.1	10.6	233.3	193.7	54.0	.0	.0	
37.0	33.3	10.2	228.3	125.4	98.0	.0	.0	
38.1	37.5	7.0	110.0	116.7	98.0	77.0	.0	
  11    30    1976
29.5	26.2	17.3	325.0	135.3	98.0	.0	35.6	
23.7	15.3	12.9	281.7	132.9	89.0	.0	.0	
26.5	21.7	7.7	151.7	121.4	98.0	.0	7.6	
36.8	36.2	9.8	50.0	105.6	98.0	82.0	.0	
36.0	33.9	6.9	135.0	127.3	98.0	1.0	.0	
33.6	28.3	14.6	278.3	116.8	74.0	5.0	.0	
29.5	20.5	15.2	260.0	96.9	69.0	.0	2.5	
25.3	13.3	12.9	293.3	217.1	33.0	.0	.0	
20.5	6.5	17.3	278.3	122.5	68.0	.0	.0	
18.3	6.5	7.2	291.7	181.8	39.0	.0	.0	
19.0	7.5	14.2	275.0	192.4	23.0	.0	.0	
22.3	11.7	15.6	265.0	138.9	62.0	.0	.0	
25.1	12.5	12.5	251.7	170.0	66.0	.0	.0	
29.8	20.6	15.5	263.3	119.2	94.0	.0	58.4	
23.2	13.5	9.2	263.3	175.7	73.0	.0	.0	
24.1	14.5	7.3	228.3	152.6	66.0	.0	.0	
28.3	22.6	8.1	193.3	197.4	2.0	.0	.0	
29.8	27.0	5.0	251.7	100.1	98.0	.0	10.2	
29.3	26.3	8.6	291.7	86.4	91.0	.0	.0	
27.0	14.0	20.8	273.3	94.8	92.0	.0	.0	
22.6	16.5	16.3	246.7	85.6	98.0	.0	17.8	
23.2	12.8	17.5	245.0	106.0	82.0	.0	.0	
26.7	15.7	19.0	258.3	118.2	79.0	.0	.0	
22.6	12.2	11.0	243.3	146.9	23.0	.0	.0	
19.9	11.8	3.1	165.0	125.3	32.0	.0	.0	
22.1	21.5	6.5	128.3	76.7	95.0	.0	2.5	
35.7	35.4	6.7	115.0	81.0	93.0	37.0	.0	
35.6	25.5	12.9	255.0	90.1	98.0	.0	.0	
26.6	23.3	7.5	176.7	106.0	89.0	.0	139.7	
9.1	2.0	8.9	218.3	158.0	17.0	.0	.0	
  12    31    1976
7.8	3.5	6.9	178.3	151.6	48.0	.0	.0	
23.8	22.7	12.3	173.3	92.9	98.0	.0	50.8	
-.4	-20.0	25.2	261.7	166.7	9.0	.0	.0	
4.1	-7.2	11.0	271.7	166.9	24.0	.0	.0	
.7	-6.8	5.4	205.0	101.0	54.0	.0	.0	
.8	-6.8	3.5	66.7	156.1	15.0	.0	.0	
28.7	30.9	14.8	210.0	76.9	98.0	.0	180.3	
4.6	-9.7	18.1	316.7	134.0	49.0	.0	.0	
-10.7	-27.2	18.2	278.3	101.1	41.0	.0	.0	
-4.5	-13.0	8.3	163.3	75.6	98.0	.0	10.2	
10.0	1.2	18.5	260.0	111.5	55.0	.0	10.2	
15.0	11.5	5.2	118.3	79.2	98.0	.0	40.6	
3.8	-6.5	22.6	263.3	92.2	69.0	.0	73.7	
-5.3	-13.1	11.0	180.0	107.3	87.0	.0	30.5	
21.3	16.3	14.4	281.7	107.5	81.0	.0	.0	
9.7	5.2	6.0	40.0	104.4	89.0	.0	.0	
17.2	11.7	16.7	342.5	100.3	98.0	.0	2.5	
13.4	1.0	22.1	296.7	146.0	21.0	.0	.0	
2.9	-11.0	6.7	223.3	115.5	51.0	.0	.0	
7.3	.8	6.2	65.0	87.5	98.0	.0	33.0	
18.7	16.0	12.9	185.0	103.5	98.0	.0	88.9	
-1.1	-11.7	17.0	256.7	136.1	24.0	.0	.0	
8.2	4.8	4.5	63.3	82.5	98.0	.0	50.8	
13.8	7.5	11.7	283.3	144.4	64.0	.0	.0	
13.6	7.8	6.2	165.0	86.8	88.0	.0	.0	
20.2	18.6	10.6	73.3	92.8	96.0	.0	322.6	
11.3	-1.0	15.4	251.7	105.8	66.0	.0	114.3	
-4.6	-16.7	7.5	206.7	161.5	2.0	.0	.0	
-1.9	-9.2	12.5	243.3	131.5	93.0	.0	50.8	
11.5	7.0	22.8	287.5	100.9	98.0	.0	109.2	
2.5	-9.3	15.4	260.0	103.7	98.0	.0	7.6	
