   1    31    1963
19.5	11.0	17.7	324.2	97.0	80.0	.0	.0	
34.6	26.1	12.4	300.0	126.0	67.0	.0	.0	
32.8	23.7	7.7	293.8	108.6	97.0	.0	.0	
32.5	23.6	9.8	51.7	136.6	97.0	.0	.0	
33.2	24.2	6.6	241.7	92.6	98.0	.0	.0	
30.4	23.2	3.8	205.0	152.8	88.0	.0	.0	
29.8	26.3	4.1	163.3	104.4	98.0	.0	.0	
32.9	27.4	8.5	121.7	103.9	98.0	.0	.0	
33.7	25.8	7.8	257.1	170.1	48.0	.0	.0	
35.2	26.9	7.1	190.0	171.2	46.0	.0	.0	
33.5	28.9	9.2	57.5	100.3	88.0	27.0	.0	
21.0	18.5	13.1	37.5	106.0	98.0	.0	68.6	
26.9	26.0	4.8	174.6	84.0	98.0	.0	83.8	
15.6	11.2	8.7	255.4	213.8	9.0	.0	.0	
16.4	11.0	7.3	246.7	186.9	61.0	.0	.0	
10.9	3.7	6.8	141.3	213.5	29.0	.0	.0	
15.4	10.5	6.0	199.6	166.8	68.0	.0	.0	
22.4	19.6	8.6	82.9	118.9	98.0	.0	.0	
27.2	25.8	3.6	172.1	153.2	92.0	.0	.0	
37.2	36.1	9.3	187.1	95.4	98.0	102.0	.0	
23.9	11.3	13.0	272.1	206.0	35.0	.0	2.5	
14.4	.5	10.3	235.0	159.4	51.0	.0	.0	
32.4	26.4	10.1	190.4	146.6	95.0	10.0	.0	
9.3	-3.4	16.8	279.6	234.8	29.0	.0	12.7	
8.8	-4.9	10.4	261.7	245.0	2.0	.0	.0	
13.2	4.8	5.9	217.5	169.2	79.0	.0	.0	
20.1	15.9	15.3	172.9	122.3	73.0	.0	172.7	
13.9	.1	14.6	283.8	206.0	21.0	.0	.0	
10.1	-3.4	7.2	224.6	249.3	40.0	.0	.0	
23.0	13.5	10.3	250.4	131.4	90.0	.0	.0	
15.9	5.2	7.1	82.1	243.2	29.0	.0	.0	
   2    28    1963
6.6	-2.8	5.3	230.0	254.7	6.0	.0	.0	
17.2	13.0	7.5	157.9	148.7	80.0	.0	221.0	
20.2	11.6	11.3	281.7	218.8	56.0	.0	35.6	
3.2	-9.8	5.0	182.5	209.3	55.0	.0	.0	
20.1	16.6	6.7	205.8	147.7	89.0	.0	38.1	
26.8	23.7	4.1	58.3	201.7	97.0	.0	.0	
27.5	21.4	8.7	85.4	164.3	94.0	.0	7.6	
1.2	-15.7	14.0	290.0	284.8	21.0	.0	.0	
13.7	-1.2	8.4	245.0	290.2	35.0	.0	.0	
25.0	17.4	9.5	246.7	213.7	56.0	.0	.0	
27.2	23.6	6.5	168.3	165.3	89.0	.0	.0	
23.6	20.7	13.2	45.4	173.5	98.0	.0	221.0	
25.0	18.3	12.1	240.0	246.4	55.0	.0	.0	
21.9	13.1	12.4	246.7	309.8	40.0	.0	.0	
15.6	3.7	10.1	290.4	308.2	47.0	.0	.0	
4.2	-12.5	9.6	290.4	317.3	18.0	.0	.0	
12.7	-3.9	8.6	211.7	297.1	51.0	.0	.0	
33.0	20.9	11.5	235.0	273.2	60.0	.0	.0	
34.0	27.0	10.7	170.0	179.3	79.0	52.0	.0	
31.4	26.6	13.5	194.2	273.8	69.0	.0	86.4	
23.6	11.4	15.4	250.8	291.1	45.0	.0	.0	
5.4	-11.7	10.3	267.1	359.1	2.0	.0	.0	
10.3	-4.4	12.6	247.1	360.1	11.0	.0	.0	
21.7	16.0	8.5	215.8	204.7	95.0	.0	7.6	
20.3	8.2	12.9	276.3	371.2	30.0	.0	.0	
13.3	-1.4	7.5	254.6	397.9	2.0	.0	.0	
12.4	-3.0	8.1	165.0	391.0	6.0	.0	.0	
21.1	7.4	9.3	252.5	358.5	43.0	.0	.0	
   3    31    1963
18.6	11.0	7.8	146.3	347.1	70.0	.0	38.1	
23.8	20.8	10.9	84.6	260.8	92.0	.0	91.4	
26.7	18.6	8.0	254.2	390.6	22.0	.0	.0	
26.4	22.9	4.7	159.2	215.7	78.0	.0	40.6	
30.7	26.2	6.5	120.0	363.5	69.0	.0	2.5	
30.6	28.1	16.1	115.4	186.9	91.0	.0	325.1	
34.4	21.1	17.7	260.8	377.4	33.0	.0	.0	
29.2	17.2	7.0	213.3	438.0	29.0	.0	.0	
36.9	22.7	12.4	201.3	398.6	82.0	.0	.0	
25.5	18.8	11.5	168.3	260.9	79.0	.0	38.1	
28.2	9.5	9.3	206.3	421.7	54.0	.0	.0	
24.5	21.4	11.4	35.8	201.8	98.0	.0	129.5	
31.2	28.5	5.1	102.5	297.7	91.0	.0	61.0	
33.5	25.1	7.6	244.2	294.0	60.0	2.0	.0	
27.3	12.7	7.9	274.6	482.4	2.0	.0	.0	
25.8	14.3	7.7	189.6	474.7	28.0	.0	.0	
34.3	32.6	10.0	155.8	167.2	98.0	32.0	.0	
36.2	29.9	9.1	264.6	257.6	97.0	1.0	.0	
33.8	23.0	8.6	227.5	486.5	39.0	.0	.0	
31.8	27.4	11.4	75.8	291.0	98.0	.0	30.5	
35.4	21.7	11.1	151.3	467.9	50.0	.0	.0	
36.1	20.0	13.8	294.2	512.8	2.0	.0	.0	
33.3	15.4	8.0	300.8	485.4	20.0	.0	.0	
31.7	22.9	8.1	218.3	505.4	24.0	.0	.0	
40.5	32.7	4.0	134.2	338.0	93.0	.0	.0	
44.8	39.3	9.1	149.2	396.4	61.0	.0	.0	
45.9	39.5	14.5	222.1	337.9	60.0	5.0	.0	
41.3	23.6	11.1	265.0	442.7	27.0	.0	.0	
34.1	20.3	8.4	165.0	520.6	36.0	.0	.0	
42.3	35.3	11.3	237.1	252.7	80.0	.0	.0	
42.0	22.4	8.5	226.7	503.6	3.0	.0	.0	
   4    30    1963
40.4	26.7	9.2	164.2	525.4	35.0	.0	.0	
52.7	37.2	8.5	173.8	473.1	68.0	10.0	.0	
35.8	33.8	10.8	94.6	149.7	98.0	18.0	.0	
40.4	32.6	15.1	234.2	343.6	85.0	24.0	.0	
30.0	10.8	15.4	291.7	533.1	13.0	.0	.0	
38.1	15.4	11.7	261.7	553.3	4.0	.0	.0	
41.8	30.0	7.0	92.1	385.2	65.0	.0	.0	
41.5	22.0	11.3	211.3	475.2	46.0	.0	.0	
38.9	20.6	10.7	282.1	524.2	8.0	.0	.0	
35.8	24.9	6.6	238.3	311.3	74.0	.0	.0	
41.8	29.6	13.9	296.3	255.2	92.0	.0	.0	
47.4	31.0	12.8	276.3	574.3	26.0	.0	.0	
42.8	16.5	11.9	310.4	603.0	2.0	.0	.0	
44.1	20.7	9.8	282.9	576.0	21.0	.0	.0	
46.3	27.1	7.2	247.9	232.7	98.0	.0	.0	
45.0	31.2	5.9	197.5	407.4	45.0	.0	.0	
42.5	34.3	9.9	137.1	351.9	75.0	2.0	.0	
47.6	42.0	8.4	194.2	289.9	62.0	8.0	.0	
42.9	33.7	8.9	179.2	385.6	80.0	.0	.0	
51.6	41.3	11.6	210.4	423.7	63.0	33.0	.0	
56.5	38.3	13.2	237.5	543.7	58.0	.0	.0	
44.5	26.7	17.5	298.8	513.6	27.0	.0	.0	
38.1	32.6	13.4	58.3	240.7	86.0	34.0	.0	
38.4	30.4	11.9	87.9	284.5	98.0	6.0	.0	
41.9	29.0	8.8	301.7	344.1	71.0	.0	.0	
43.7	29.3	9.2	287.9	426.0	78.0	.0	.0	
45.6	31.7	8.2	238.8	351.0	80.0	.0	.0	
43.4	33.4	10.3	187.9	605.6	8.0	.0	.0	
47.0	34.3	10.8	209.6	600.2	25.0	.0	.0	
45.8	42.3	15.4	178.8	169.0	96.0	84.0	.0	
   5    31    1963
50.1	46.5	13.0	140.0	313.3	85.0	5.0	.0	
43.7	38.6	14.9	7.1	191.0	98.0	44.0	.0	
47.8	37.1	9.2	157.1	589.5	57.0	.0	.0	
61.7	43.0	10.1	255.8	604.1	60.0	.0	.0	
54.4	47.5	7.5	155.4	274.4	57.0	6.0	.0	
45.6	30.0	10.3	120.0	655.2	17.0	.0	.0	
53.0	33.2	9.0	236.3	665.0	45.0	.0	.0	
59.5	46.8	10.0	224.2	324.5	91.0	2.0	.0	
62.0	54.6	8.9	143.3	570.0	55.0	.0	.0	
47.4	33.1	12.7	100.8	312.1	91.0	44.0	.0	
36.5	33.7	12.8	60.0	245.6	98.0	28.0	.0	
46.8	32.4	8.9	277.5	479.2	56.0	.0	.0	
52.8	36.5	10.9	196.7	654.3	36.0	.0	.0	
54.2	47.0	11.5	201.7	442.2	85.0	17.0	.0	
58.8	42.1	10.1	235.8	479.9	57.0	.0	.0	
52.9	41.5	8.3	113.8	620.0	37.0	.0	.0	
56.0	45.3	7.5	169.2	668.2	41.0	.0	.0	
52.4	49.2	13.7	155.0	217.0	93.0	122.0	.0	
58.6	51.1	9.6	203.8	618.1	46.0	2.0	.0	
56.0	48.8	10.3	210.8	363.2	73.0	24.0	.0	
54.0	44.8	8.0	209.6	653.7	23.0	.0	.0	
58.6	48.3	8.4	215.4	534.6	73.0	20.0	.0	
48.9	34.7	9.6	287.5	486.9	51.0	.0	.0	
47.4	34.9	8.8	208.3	720.3	25.0	.0	.0	
52.0	41.9	7.3	177.1	691.2	5.0	.0	.0	
51.7	43.3	7.9	164.2	716.7	4.0	.0	.0	
53.0	43.8	6.7	173.8	674.9	22.0	.0	.0	
54.5	46.5	8.3	165.4	525.8	92.0	.0	.0	
56.1	51.7	9.0	147.5	296.8	98.0	35.0	.0	
61.9	54.4	5.8	147.9	352.6	84.0	3.0	.0	
64.3	49.8	9.1	214.2	678.0	23.0	.0	.0	
   6    30    1963
64.8	50.6	8.6	210.4	723.5	35.0	.0	.0	
62.7	52.6	10.3	201.7	731.3	13.0	.0	.0	
62.4	54.5	8.5	197.5	647.9	55.0	.0	.0	
70.0	64.0	9.0	197.1	476.0	70.0	.0	.0	
70.3	62.8	8.2	172.9	668.1	17.0	.0	.0	
71.2	63.8	8.5	163.3	525.7	51.0	19.0	.0	
56.9	51.8	9.0	115.0	339.2	91.0	14.0	.0	
59.6	50.1	11.6	207.9	674.3	58.0	.0	.0	
68.1	57.7	9.4	280.4	354.3	71.0	.0	.0	
59.6	38.7	9.0	247.5	577.6	43.0	.0	.0	
56.2	45.7	7.5	209.6	345.7	92.0	.0	.0	
53.2	51.9	5.4	142.5	263.9	98.0	94.0	.0	
64.1	49.7	8.3	138.8	660.9	39.0	.0	.0	
56.4	47.0	7.1	86.7	665.4	42.0	.0	.0	
55.1	45.4	8.2	81.3	380.9	92.0	.0	.0	
59.1	47.8	7.4	165.0	583.2	58.0	2.0	.0	
59.5	51.6	6.7	187.5	585.3	34.0	13.0	.0	
65.8	52.8	6.8	178.3	705.8	13.0	.0	.0	
65.2	52.6	7.7	175.8	732.6	18.0	.0	.0	
64.0	58.5	12.7	162.5	454.1	89.0	.0	.0	
62.0	53.4	11.4	242.5	505.3	53.0	50.0	.0	
57.2	46.4	11.9	258.8	517.9	45.0	3.0	.0	
61.4	50.1	7.1	235.4	593.2	66.0	.0	.0	
71.3	54.9	6.4	242.9	668.5	43.0	.0	.0	
77.0	57.8	8.0	297.1	695.8	45.0	.0	.0	
71.7	60.8	6.2	170.4	596.0	76.0	.0	.0	
74.1	62.0	5.9	265.4	627.9	38.0	.0	.0	
70.0	57.1	6.6	134.6	560.6	60.0	.0	.0	
62.2	58.0	7.4	82.5	383.9	95.0	.0	.0	
67.8	63.2	6.1	137.9	550.2	73.0	.0	.0	
   7    31    1963
71.6	65.4	6.0	136.3	649.8	46.0	.0	.0	
76.0	67.3	6.8	132.1	662.2	52.0	.0	.0	
71.6	58.4	8.8	289.2	464.8	78.0	.0	.0	
62.1	48.7	8.8	282.5	437.0	90.0	3.0	.0	
63.3	52.0	8.2	271.3	514.8	60.0	4.0	.0	
60.7	49.7	6.4	220.4	493.0	60.0	.0	.0	
62.8	53.6	7.8	166.7	536.9	77.0	.0	.0	
60.3	58.3	13.5	181.7	230.0	98.0	114.0	.0	
61.7	54.7	6.4	235.4	663.7	55.0	.0	.0	
62.5	54.8	5.7	240.0	357.2	81.0	.0	.0	
65.9	56.6	6.9	221.3	590.8	26.0	.0	.0	
66.8	58.4	6.6	163.3	675.2	23.0	.0	.0	
68.5	60.6	7.0	166.3	674.7	35.0	.0	.0	
66.2	63.2	8.8	165.0	298.4	97.0	43.0	.0	
68.0	62.6	9.9	198.8	414.9	66.0	10.0	.0	
71.6	59.1	9.0	245.4	568.2	38.0	.0	.0	
70.7	61.0	4.8	167.1	572.2	54.0	.0	.0	
71.0	65.6	6.7	162.1	391.6	83.0	37.0	.0	
75.5	64.7	6.8	223.8	575.3	85.0	.0	.0	
71.2	62.9	5.0	172.5	584.1	88.0	.0	.0	
64.5	62.4	4.9	94.2	246.8	95.0	34.0	.0	
62.0	59.6	5.8	70.4	384.5	88.0	.0	.0	
65.6	59.4	6.4	135.4	642.6	40.0	.0	.0	
73.3	64.4	5.6	169.2	681.5	33.0	.0	.0	
77.5	66.7	4.9	134.2	598.3	44.0	.0	.0	
79.7	68.0	5.4	141.3	658.2	25.0	.0	.0	
78.6	66.4	6.2	242.9	647.3	15.0	.0	.0	
78.9	67.3	6.4	186.7	613.4	18.0	.0	.0	
75.0	68.8	7.1	158.8	503.5	60.0	.0	.0	
71.8	63.5	9.4	226.7	427.5	55.0	6.0	.0	
68.8	50.9	7.6	245.4	638.2	49.0	.0	.0	
   8    31    1963
66.3	57.2	6.8	122.5	540.7	60.0	19.0	.0	
61.8	60.0	7.9	116.7	240.8	98.0	57.0	.0	
65.6	61.1	4.9	118.8	486.2	69.0	1.0	.0	
66.9	63.9	4.1	92.5	382.1	73.0	17.0	.0	
67.3	62.3	4.6	124.6	397.6	81.0	.0	.0	
69.5	61.6	6.1	174.6	561.9	46.0	.0	.0	
70.9	61.6	7.1	185.8	506.9	80.0	40.0	.0	
70.2	63.2	4.2	117.9	517.7	67.0	.0	.0	
66.2	62.6	4.9	102.1	438.4	84.0	.0	.0	
65.0	51.2	6.9	224.2	631.4	15.0	.0	.0	
60.2	50.8	7.0	194.2	550.4	57.0	18.0	.0	
61.7	53.6	5.9	169.6	497.0	60.0	.0	.0	
58.9	56.9	7.3	74.2	213.4	86.0	43.0	.0	
63.4	56.8	8.1	257.1	273.4	85.0	8.0	.0	
62.2	49.2	8.4	246.7	547.6	25.0	.0	.0	
61.0	48.5	5.8	177.9	562.8	27.0	.0	.0	
59.5	53.8	11.4	123.8	370.1	73.0	.0	.0	
63.3	54.9	10.1	233.3	432.1	62.0	15.0	.0	
62.7	51.0	8.1	221.7	511.0	59.0	.0	.0	
60.2	57.4	6.3	158.3	229.3	96.0	23.0	.0	
67.4	57.6	7.3	222.5	605.6	2.0	.0	.0	
72.5	62.2	6.0	162.5	518.5	25.0	.0	.0	
62.2	55.1	8.3	70.0	253.6	95.0	66.0	.0	
61.7	55.1	7.9	213.3	256.2	94.0	1.0	.0	
56.1	45.4	11.2	306.3	267.7	51.0	.0	.0	
60.4	47.8	7.3	247.5	528.3	30.0	.0	.0	
61.4	51.5	5.4	273.8	439.3	51.0	.0	.0	
62.0	52.7	5.6	168.8	521.7	53.0	.0	.0	
61.3	58.3	8.0	188.8	173.2	98.0	17.0	.0	
63.3	59.6	4.6	98.8	276.4	95.0	.0	.0	
63.3	59.5	5.2	145.4	392.9	75.0	.0	.0	
   9    30    1963
60.7	49.4	4.6	202.5	522.0	17.0	.0	.0	
60.8	49.8	6.3	166.7	484.6	52.0	.0	.0	
63.2	56.6	9.8	120.8	346.3	95.0	.0	.0	
62.1	49.8	10.2	168.8	515.1	26.0	.0	.0	
52.2	40.2	9.4	52.9	445.6	79.0	.0	.0	
52.1	47.1	13.9	46.7	175.3	98.0	8.0	.0	
60.9	51.3	6.3	192.5	510.6	48.0	.0	.0	
58.4	54.8	6.6	122.5	358.2	83.0	.0	.0	
62.8	58.5	5.9	157.5	408.2	63.0	.0	.0	
59.4	45.6	8.1	180.8	482.6	30.0	.0	.0	
55.6	46.3	10.5	222.5	468.7	36.0	.0	.0	
62.9	57.1	13.9	201.7	244.1	94.0	1.0	.0	
51.1	35.5	14.2	141.3	400.5	54.0	.0	.0	
45.2	33.1	6.5	161.7	496.9	3.0	.0	.0	
48.3	40.7	7.1	145.0	430.0	53.0	.0	.0	
55.4	49.7	9.1	54.2	251.8	98.0	16.0	.0	
61.2	57.0	5.9	33.3	259.2	98.0	15.0	.0	
62.5	57.1	4.3	140.4	363.3	85.0	.0	.0	
64.7	58.2	5.5	190.0	357.3	89.0	2.0	.0	
58.7	50.4	6.1	74.2	314.9	89.0	16.0	.0	
52.9	44.9	6.1	111.7	305.3	75.0	1.0	.0	
49.9	40.9	8.3	77.1	228.4	97.0	11.0	.0	
45.6	33.4	13.2	101.7	336.7	54.0	3.0	.0	
46.0	32.9	6.9	264.2	452.5	2.0	.0	.0	
48.6	38.2	6.1	187.5	460.7	2.0	.0	.0	
56.9	42.4	9.2	220.8	405.0	45.0	.0	.0	
62.9	48.9	7.9	242.9	295.4	85.0	.0	.0	
52.1	41.7	8.4	82.9	373.4	63.0	.0	.0	
50.0	46.7	10.8	134.6	121.7	89.0	156.0	.0	
49.7	34.6	10.5	285.4	384.8	19.0	.0	.0	
  10    31    1963
45.4	35.6	7.6	190.0	431.2	2.0	.0	.0	
53.8	47.5	7.1	161.7	408.0	2.0	.0	.0	
58.2	52.8	8.3	201.3	364.0	47.0	1.0	.0	
49.3	36.6	11.4	267.1	339.3	20.0	.0	.0	
47.7	35.0	5.4	147.5	401.6	17.0	.0	.0	
56.0	40.8	5.3	165.0	399.2	23.0	.0	.0	
70.3	50.3	11.3	213.8	388.9	25.0	.0	.0	
60.5	42.4	10.2	246.3	313.3	56.0	.0	.0	
42.2	29.6	7.0	85.0	388.1	13.0	.0	.0	
41.6	35.1	7.3	235.4	353.6	18.0	.0	.0	
51.3	43.9	7.9	212.9	312.4	46.0	1.0	.0	
50.8	33.7	13.9	317.5	268.2	41.0	.0	.0	
46.9	30.5	9.1	287.1	372.7	17.0	.0	.0	
51.6	39.3	6.3	237.5	319.8	14.0	.0	.0	
57.2	46.5	7.2	236.7	332.9	16.0	.0	.0	
66.1	42.9	7.0	227.1	319.2	31.0	.0	.0	
53.1	41.8	7.4	112.5	295.9	51.0	.0	.0	
53.6	47.2	6.1	194.2	322.8	39.0	.0	.0	
59.0	48.9	6.0	257.1	333.9	10.0	.0	.0	
56.1	48.7	4.8	227.9	207.9	75.0	.0	.0	
53.6	43.0	11.3	110.4	198.8	48.0	.0	.0	
41.4	32.9	7.0	127.1	147.2	65.0	.0	.0	
47.8	41.4	8.6	207.9	305.4	14.0	.0	.0	
59.1	47.1	6.1	214.2	258.5	27.0	.0	.0	
56.8	48.8	4.0	123.3	290.4	22.0	.0	.0	
56.5	47.2	4.7	180.8	299.6	8.0	.0	.0	
63.5	50.3	8.0	192.9	261.1	35.0	.0	.0	
53.9	50.5	6.3	111.3	85.8	98.0	23.0	.0	
39.9	34.5	18.5	86.3	111.2	98.0	124.0	.0	
37.9	30.2	18.2	240.0	100.7	98.0	36.0	.0	
43.4	24.6	11.3	273.8	260.6	19.0	.0	.0	
  11    30    1963
47.2	44.7	7.1	170.4	95.6	98.0	48.0	.0	
44.7	42.2	11.4	193.3	93.8	98.0	83.0	.0	
36.9	26.6	13.8	262.1	124.8	60.0	.0	.0	
40.2	26.3	9.5	242.9	194.4	58.0	.0	.0	
44.3	39.4	5.1	104.6	126.4	95.0	.0	.0	
48.9	47.3	5.9	107.9	80.5	98.0	18.0	.0	
52.2	50.9	25.5	81.7	81.2	98.0	266.0	.0	
52.2	51.2	22.8	77.1	75.7	98.0	182.0	.0	
46.3	44.7	15.8	15.8	74.5	98.0	42.0	.0	
41.6	38.5	11.3	25.4	105.3	98.0	.0	.0	
40.3	38.7	6.9	52.9	72.6	98.0	40.0	.0	
39.3	37.2	4.8	206.3	89.7	82.0	13.0	.0	
35.2	33.9	5.3	173.8	119.2	80.0	.0	.0	
36.3	31.5	5.8	193.8	162.6	80.0	.0	.0	
37.5	26.1	8.2	253.3	158.3	58.0	.0	.0	
41.3	29.1	8.0	131.7	107.3	88.0	.0	.0	
38.0	28.2	5.8	149.6	174.8	62.0	.0	.0	
52.5	46.2	5.8	196.7	144.1	85.0	32.0	.0	
40.4	34.6	7.3	95.8	96.2	98.0	3.0	.0	
37.7	31.7	4.1	127.5	196.1	34.0	.0	.0	
44.1	41.8	8.4	175.0	69.4	98.0	10.0	.0	
44.6	43.0	4.3	165.0	97.9	95.0	.0	.0	
52.6	51.0	15.3	204.6	82.3	98.0	28.0	.0	
37.8	20.4	12.9	287.1	204.4	11.0	.0	.0	
28.7	15.2	11.1	252.1	214.5	10.0	.0	.0	
34.5	20.1	12.7	241.7	161.7	68.0	.0	.0	
46.9	30.9	15.2	222.1	127.3	88.0	.0	.0	
32.1	19.8	9.2	65.4	89.2	73.0	.0	.0	
40.9	37.9	10.3	57.9	59.8	98.0	198.0	.0	
43.5	33.4	28.0	207.9	79.9	95.0	18.0	.0	
  12    31    1963
23.3	10.1	10.1	269.2	193.9	23.0	.0	.0	
24.8	15.8	7.2	163.3	153.4	50.0	.0	.0	
27.6	24.7	15.7	27.9	91.5	98.0	.0	66.0	
26.8	20.6	10.5	235.8	169.6	46.0	.0	12.7	
20.5	13.7	4.7	200.4	194.4	19.0	.0	.0	
21.8	11.6	7.4	86.7	91.0	77.0	.0	.0	
29.3	22.2	3.2	140.4	168.4	54.0	.0	.0	
30.0	26.8	4.5	140.0	111.4	71.0	.0	.0	
42.2	37.8	18.4	144.6	61.7	76.0	71.0	.0	
32.1	22.6	12.7	230.8	112.5	69.0	.0	.0	
22.7	9.7	9.3	264.6	177.4	6.0	.0	.0	
15.6	6.3	13.9	115.0	76.4	94.0	.0	53.3	
17.3	13.5	10.4	100.0	109.5	93.0	.0	53.3	
15.7	12.2	5.2	185.0	103.7	64.0	.0	.0	
14.1	3.5	12.7	263.3	178.9	2.0	.0	.0	
9.8	-3.5	10.3	265.4	170.2	2.0	.0	.0	
6.5	-8.9	5.9	217.5	163.2	6.0	.0	.0	
8.6	1.7	6.2	151.3	89.5	81.0	.0	7.6	
13.2	1.4	14.4	207.1	162.8	63.0	.0	2.5	
8.8	-4.1	15.7	271.7	168.2	3.0	.0	.0	
6.8	-6.5	8.4	261.7	155.8	53.0	.0	.0	
12.6	4.2	5.2	212.5	152.6	36.0	.0	.0	
13.9	5.4	5.4	118.8	137.4	66.0	.0	15.2	
25.8	22.2	9.5	125.8	90.4	98.0	.0	134.6	
26.8	20.1	12.5	252.9	152.5	43.0	.0	.0	
16.2	5.7	6.6	107.5	124.4	60.0	.0	5.1	
8.5	-5.3	7.5	82.1	154.8	61.0	.0	12.7	
9.9	3.7	5.6	188.3	160.9	27.0	.0	2.5	
10.5	3.9	5.0	268.8	88.5	54.0	.0	2.5	
6.0	-10.0	10.8	255.4	188.0	2.0	.0	.0	
-3.9	-16.2	4.5	237.5	177.5	12.0	.0	.0	
