1 31 1992
40.5	39.1	9.5	94.2	76.1	100.0	15.7	.0	
43.9	40.4	7.8	216.2	76.4	90.8	.0	.0	
40.0	35.8	3.4	75.8	211.3	8.3	.0	.0	
44.2	39.1	5.9	77.0	94.7	86.7	.0	.0	
48.6	43.5	7.9	88.2	104.8	95.0	.0	.0	
49.8	45.4	3.7	102.6	79.1	84.6	.0	.0	
52.7	48.1	9.1	121.8	78.4	96.7	7.9	.0	
49.1	42.5	9.5	210.2	166.7	57.5	.0	.0	
36.7	27.2	9.8	261.4	226.3	4.2	.0	.0	
36.3	25.3	6.4	188.6	206.6	17.5	.0	.0	
37.4	29.9	5.5	94.2	82.2	74.6	.0	.0	
45.1	42.0	8.3	91.4	81.0	100.0	.0	.0	
41.2	38.7	12.7	177.0	81.6	82.1	94.5	.0	
32.1	23.2	8.1	237.8	233.6	9.2	.0	.0	
26.5	15.1	10.1	257.0	206.1	34.6	.0	.0	
27.1	11.6	7.4	243.8	155.3	53.8	.0	.0	
33.1	23.5	3.2	117.8	85.7	82.5	.0	.0	
34.5	24.9	5.7	66.2	85.0	87.9	.0	.0	
31.0	22.7	4.6	161.4	245.0	.0	.0	.0	
37.6	25.7	5.2	162.2	247.2	.0	.0	.0	
41.6	30.4	5.9	102.6	96.3	75.4	11.8	.0	
44.0	43.0	6.9	100.6	88.1	100.0	11.8	.0	
40.8	27.8	12.7	292.6	244.5	13.8	.0	.0	
40.9	22.9	5.9	157.4	251.6	6.2	.0	.0	
45.5	29.0	8.2	129.8	259.2	.0	.0	.0	
38.3	29.7	9.5	95.4	91.6	76.7	.0	.0	
43.1	41.3	5.1	73.8	92.6	100.0	7.9	.0	
46.3	41.3	3.8	69.4	148.9	57.5	.0	.0	
43.3	37.2	5.2	58.2	94.5	79.2	.0	.0	
46.9	40.0	7.0	178.6	271.5	8.8	.0	.0	
48.3	35.6	8.8	243.4	275.8	.0	.0	.0	
2 29 1992
49.3	35.5	5.5	65.4	98.9	67.9	.0	.0	
50.4	38.8	7.9	83.4	98.7	80.4	.0	.0	
53.4	38.0	4.8	60.6	212.1	82.1	.0	.0	
50.0	38.0	8.6	61.8	105.2	96.7	.0	.0	
44.2	28.0	6.9	128.2	102.0	100.0	.0	.0	
42.4	30.7	7.9	263.0	113.1	77.5	.0	.0	
42.8	26.5	8.7	229.0	298.0	.0	.0	.0	
36.4	22.9	6.0	132.6	280.0	30.8	.0	.0	
38.7	24.4	10.3	97.4	283.7	37.1	.0	.0	
42.1	29.3	10.6	81.0	133.1	97.5	3.9	.0	
48.6	42.0	8.6	82.6	109.1	100.0	94.5	.0	
50.7	49.7	8.7	122.2	110.4	100.0	.0	.0	
44.5	41.9	7.5	195.4	115.3	99.2	.0	.0	
59.7	51.5	12.5	161.4	152.8	81.2	.0	.0	
50.1	40.2	11.9	235.4	326.3	2.1	.0	.0	
47.1	38.4	9.6	88.6	151.1	69.6	.0	.0	
55.3	40.0	12.5	174.2	262.9	50.8	3.9	.0	
49.9	35.6	14.1	277.0	337.3	4.6	.0	.0	
45.5	31.0	9.3	231.8	341.4	.0	.0	.0	
49.7	29.1	8.8	120.6	334.2	10.8	.0	.0	
55.4	32.3	7.0	107.8	256.9	41.2	.0	.0	
56.0	45.4	7.9	83.0	123.6	89.2	19.7	.0	
60.4	53.1	6.4	99.8	194.9	85.0	.0	.0	
54.5	48.0	9.3	115.0	276.0	58.8	.0	.0	
39.2	33.6	12.7	218.2	127.9	100.0	23.6	.0	
41.5	29.0	8.6	242.6	369.0	22.5	.0	.0	
49.5	39.7	7.2	177.8	218.5	62.1	.0	.0	
57.8	39.5	9.5	187.0	378.5	.0	.0	.0	
53.8	37.0	4.0	125.8	382.8	.0	.0	.0	
3 31 1992
56.9	41.0	5.8	88.2	339.1	21.2	.0	.0	
62.4	51.4	7.4	147.8	328.3	72.9	.0	.0	
64.2	57.3	8.3	129.0	138.6	97.5	.0	.0	
59.7	55.9	8.6	118.6	140.2	100.0	15.7	.0	
63.3	54.2	9.2	149.4	300.1	59.2	35.4	.0	
65.0	50.5	10.6	239.0	409.4	8.8	.0	.0	
64.4	44.4	3.4	115.8	381.6	30.0	.0	.0	
62.5	49.7	8.3	109.4	238.6	72.5	15.7	.0	
62.2	50.9	10.4	207.4	209.1	93.3	.0	.0	
37.3	17.0	15.6	307.8	427.2	26.2	.0	.0	
40.6	22.2	6.7	188.6	431.8	11.7	.0	.0	
45.9	27.8	10.8	247.4	432.9	3.8	.0	.0	
47.1	31.0	8.1	165.8	425.4	3.3	.0	.0	
56.6	34.8	6.4	133.4	441.5	30.0	.0	.0	
53.9	34.5	7.3	88.6	449.8	11.7	.0	.0	
54.7	38.0	10.9	126.2	307.7	50.8	.0	.0	
59.9	52.0	7.5	116.6	167.1	97.1	59.1	.0	
61.1	55.8	11.5	214.2	273.3	82.9	47.2	.0	
43.8	35.0	11.9	215.4	205.5	62.1	.0	.0	
45.6	34.5	6.7	220.6	471.9	7.5	.0	.0	
55.0	40.1	11.0	162.6	221.5	81.2	.0	.0	
43.4	37.1	11.2	141.0	174.5	95.4	51.2	.0	
42.2	29.2	4.6	159.0	484.5	9.2	.0	.0	
44.7	36.6	9.7	101.4	173.8	78.8	.0	.0	
52.4	43.5	9.6	219.8	425.4	45.4	.0	.0	
53.8	41.9	7.0	140.6	312.0	46.2	.0	.0	
52.2	29.2	11.9	88.6	228.5	78.8	.0	.0	
53.4	38.4	10.6	109.0	177.3	96.7	.0	.0	
59.6	50.9	11.7	175.8	238.5	90.8	7.9	.0	
48.8	40.3	10.6	248.2	183.5	73.8	.0	.0	
49.1	38.5	6.0	183.0	315.2	56.7	.0	.0	
4 30 1992
46.1	26.6	11.7	131.4	437.1	42.1	7.9	.0	
43.1	24.9	6.9	165.0	207.1	55.0	.0	.0	
49.8	30.9	8.6	205.8	530.7	.0	.0	.0	
62.0	42.2	4.8	119.4	534.7	.4	.0	.0	
59.9	37.7	14.6	100.2	274.8	49.2	.0	.0	
52.2	47.4	6.3	82.2	189.9	100.0	35.4	.0	
59.4	51.7	4.3	109.8	400.4	57.9	.0	.0	
65.5	52.8	7.1	125.4	409.2	45.8	.0	.0	
70.7	55.5	6.7	136.2	409.7	55.4	.0	.0	
69.8	54.1	7.0	118.6	388.3	58.8	.0	.0	
70.0	58.0	6.8	127.8	377.4	73.8	.0	.0	
66.4	56.4	10.4	89.0	254.8	75.0	.0	.0	
66.2	49.2	8.4	95.4	493.3	37.1	.0	.0	
73.1	59.0	6.5	139.4	497.1	44.2	.0	.0	
71.7	59.3	7.5	158.2	272.6	57.1	.0	.0	
69.8	62.5	7.4	151.4	227.8	92.1	27.6	.0	
68.8	62.0	7.3	150.2	336.5	91.2	23.6	.0	
67.0	61.1	8.0	124.6	205.4	93.3	35.4	.0	
64.0	61.2	8.8	163.4	213.3	96.7	185.0	.0	
55.7	49.9	12.4	278.2	240.9	85.8	47.2	.0	
54.9	42.3	11.7	241.0	449.4	24.2	.0	.0	
64.8	52.0	8.1	120.2	597.6	2.1	.0	.0	
71.2	52.8	9.5	170.2	584.1	11.2	.0	.0	
68.4	52.1	9.4	161.0	317.4	51.7	.0	.0	
57.7	39.5	8.7	177.8	607.4	3.8	.0	.0	
54.8	38.6	9.4	89.0	611.3	1.2	.0	.0	
54.2	38.2	6.4	135.0	612.8	2.1	.0	.0	
51.9	45.4	7.9	101.0	256.6	67.9	43.3	.0	
62.3	54.8	6.2	127.4	412.6	60.0	3.9	.0	
64.5	57.6	4.8	133.4	498.0	32.1	.0	.0	
5 31 1992
69.9	59.4	7.4	118.2	555.1	27.5	.0	.0	
70.9	63.9	6.9	228.6	309.6	61.2	.0	.0	
70.0	48.8	5.5	126.6	575.3	32.5	.0	.0	
67.9	50.8	6.4	162.6	633.9	2.1	.0	.0	
65.5	45.4	9.0	80.6	343.1	32.5	.0	.0	
57.7	35.0	5.9	71.4	639.7	.0	.0	.0	
59.0	37.8	4.4	80.6	642.1	.0	.0	.0	
61.3	44.2	4.8	111.4	644.5	.0	.0	.0	
65.5	50.5	6.2	133.4	575.2	15.8	.0	.0	
69.7	57.7	9.9	130.6	516.3	49.6	.0	.0	
66.1	62.3	8.1	137.0	236.9	99.2	157.5	.0	
71.5	65.2	4.6	122.6	481.1	42.5	.0	.0	
75.3	64.5	5.9	91.8	653.4	10.0	.0	.0	
70.2	63.3	7.0	94.2	418.5	84.6	43.3	.0	
73.8	64.4	5.4	109.8	556.1	63.3	.0	.0	
72.8	66.0	5.8	87.8	240.8	99.2	7.9	.0	
69.7	65.6	7.0	109.8	232.2	100.0	66.9	.0	
70.8	67.6	4.1	129.4	232.9	100.0	98.4	.0	
71.8	68.7	5.5	111.8	243.1	99.2	3.9	.0	
72.3	67.7	7.6	89.8	305.9	77.9	27.6	.0	
75.3	63.0	8.0	136.6	634.2	24.6	.0	.0	
72.5	67.0	6.7	89.4	392.7	54.2	31.5	.0	
72.1	67.0	7.8	215.0	278.2	93.8	11.8	.0	
65.2	59.4	7.6	245.0	236.3	100.0	.0	.0	
62.3	60.8	6.0	94.6	236.8	100.0	15.7	.0	
61.8	53.3	7.6	158.6	345.7	64.2	3.9	.0	
57.0	51.1	10.1	97.8	249.9	91.7	.0	.0	
52.2	51.1	11.5	95.8	238.2	100.0	106.3	.0	
59.4	52.2	4.7	99.4	304.6	68.3	.0	.0	
63.2	51.4	3.4	74.6	651.6	46.2	.0	.0	
67.1	56.6	6.1	111.0	253.6	97.5	.0	.0	
6 30 1992
65.1	61.1	8.4	102.6	239.8	100.0	3.9	.0	
64.7	63.4	9.4	97.8	240.2	100.0	86.6	.0	
69.2	62.6	10.0	268.6	379.5	77.5	.0	.0	
69.9	60.9	7.8	263.8	594.2	44.2	.0	.0	
72.3	64.0	3.0	125.8	399.3	67.1	.0	.0	
72.0	65.9	9.8	236.6	304.7	78.3	74.8	.0	
71.5	62.5	5.9	111.8	426.6	67.5	.0	.0	
74.6	68.1	6.6	93.0	256.0	97.9	43.3	.0	
73.2	69.4	6.2	82.2	295.0	84.2	275.6	.0	
74.9	69.1	4.8	133.4	492.2	63.3	.0	.0	
72.5	67.9	4.9	131.4	368.7	60.4	15.7	.0	
74.1	68.0	5.8	85.0	367.8	82.9	.0	.0	
75.5	65.5	3.5	69.4	649.4	15.0	.0	.0	
70.7	66.8	8.6	100.6	325.8	66.7	192.9	.0	
76.1	69.0	6.9	119.4	442.4	57.1	.0	.0	
82.7	72.3	9.6	153.8	442.5	73.8	.0	.0	
83.1	70.9	10.0	190.6	582.0	44.2	.0	.0	
82.6	73.8	5.7	151.8	636.5	57.5	3.9	.0	
77.2	70.5	7.6	114.2	546.1	68.8	74.8	.0	
76.8	65.6	7.0	133.8	481.2	77.1	23.6	.0	
69.1	59.0	5.2	63.4	243.1	80.4	.0	.0	
71.1	60.4	5.0	135.0	542.5	29.2	.0	.0	
73.6	67.6	2.7	107.4	338.7	58.3	27.6	.0	
80.2	72.0	3.7	104.2	612.9	50.0	.0	.0	
77.8	68.6	5.6	176.6	255.6	87.1	.0	.0	
79.0	67.3	3.8	52.2	498.7	65.0	.0	.0	
76.2	66.2	5.6	88.6	521.8	49.6	.0	.0	
73.7	66.8	7.2	111.0	270.9	89.2	.0	.0	
72.8	68.7	5.8	97.4	261.3	87.1	23.6	.0	
76.0	68.9	2.5	75.8	404.9	65.0	.0	.0	
7 31 1992
81.2	74.2	6.5	149.0	428.4	56.7	.0	.0	
84.6	74.7	10.6	160.6	539.7	61.2	94.5	.0	
77.9	71.0	5.4	147.8	391.7	68.3	7.9	.0	
82.3	72.6	7.1	151.0	678.6	33.8	.0	.0	
80.6	71.0	8.3	135.0	599.7	38.3	55.1	.0	
82.9	72.4	5.3	128.2	688.2	.0	.0	.0	
82.2	67.4	7.2	127.0	493.1	30.4	.0	.0	
81.4	71.1	6.4	118.6	252.6	62.1	.0	.0	
81.9	70.8	6.8	116.2	684.7	1.2	.0	.0	
82.8	71.8	5.6	126.6	666.8	15.0	.0	.0	
82.2	70.2	5.9	115.4	618.9	20.0	.0	.0	
83.7	69.9	9.8	176.6	679.7	2.1	.0	.0	
83.0	67.3	7.9	152.2	679.7	1.7	.0	.0	
79.3	70.4	7.2	167.8	350.9	65.4	3.9	.0	
81.1	70.7	3.0	91.4	563.4	30.0	.0	.0	
73.0	69.8	5.1	135.0	248.8	87.1	149.6	.0	
75.8	66.1	1.8	79.8	453.7	53.8	.0	.0	
77.5	67.1	1.3	29.0	638.3	34.2	.0	.0	
79.8	70.3	1.6	42.2	569.3	47.9	.0	.0	
80.2	70.4	3.1	109.4	638.4	22.5	15.7	.0	
79.1	71.4	2.5	91.8	439.2	51.2	.0	.0	
78.6	72.5	3.9	91.0	449.4	40.4	27.6	.0	
82.6	73.2	2.7	101.0	487.4	59.6	.0	.0	
84.5	74.0	2.9	91.8	511.2	49.6	.0	.0	
84.5	74.0	4.7	111.4	568.8	26.2	.0	.0	
84.2	74.1	6.8	153.4	604.5	33.3	11.8	.0	
77.4	72.5	5.1	167.0	253.9	80.4	47.2	.0	
78.5	72.3	5.9	93.0	515.1	40.0	.0	.0	
80.5	72.6	5.0	133.0	493.3	38.8	.0	.0	
77.0	70.7	9.4	164.2	369.3	66.7	43.3	.0	
76.0	66.0	8.3	194.6	553.1	45.0	.0	.0	
8 31 1992
74.6	65.6	4.8	89.8	449.6	64.2	.0	.0	
78.5	70.5	6.3	157.4	331.1	83.3	.0	.0	
75.8	69.8	5.8	157.0	445.0	62.9	23.6	.0	
72.4	70.0	9.4	90.6	229.9	91.7	19.7	.0	
72.2	68.2	7.8	107.8	259.2	75.0	31.5	.0	
77.0	71.6	7.4	97.8	222.2	100.0	.0	.0	
81.3	72.9	7.7	141.0	483.1	61.7	.0	.0	
82.4	74.0	7.0	155.4	416.3	47.9	.0	.0	
83.0	74.8	5.5	155.8	284.9	70.0	.0	.0	
84.3	75.1	5.3	170.2	507.1	56.7	27.6	.0	
77.8	69.6	6.0	101.8	237.4	93.3	3.9	.0	
76.8	65.9	8.0	64.2	425.0	70.4	.0	.0	
74.9	62.3	6.1	112.6	560.3	20.8	.0	.0	
71.6	59.4	8.3	71.8	532.4	40.0	.0	.0	
66.8	55.4	4.1	55.4	491.5	17.9	.0	.0	
67.1	54.0	5.6	87.0	587.6	23.3	.0	.0	
67.7	55.2	4.8	75.8	489.5	50.8	.0	.0	
68.1	60.6	5.2	172.6	210.4	93.8	.0	.0	
73.4	63.3	4.9	183.8	384.4	73.3	.0	.0	
75.4	63.7	5.2	108.2	568.8	16.2	.0	.0	
74.2	63.5	6.4	84.2	581.6	6.2	.0	.0	
74.9	63.9	6.0	79.8	465.2	36.2	.0	.0	
77.0	66.1	6.7	107.8	474.0	34.2	.0	.0	
78.8	68.5	6.2	122.6	488.6	16.7	.0	.0	
80.5	69.6	6.0	109.0	325.1	50.0	.0	.0	
77.5	71.5	5.9	142.6	381.4	65.8	133.9	.0	
68.7	62.0	9.3	252.6	230.0	65.4	.0	.0	
69.0	57.3	4.3	153.8	563.4	.8	.0	.0	
74.5	60.6	7.3	150.2	558.9	2.1	.0	.0	
76.0	65.3	4.3	93.4	260.5	75.4	.0	.0	
76.8	66.9	4.6	141.8	299.5	92.9	.0	.0	
9 30 1992
71.6	68.2	6.8	103.8	192.7	100.0	43.3	.0	
67.9	66.2	6.7	130.6	194.4	90.8	137.8	.0	
75.7	66.9	4.4	96.2	528.1	30.8	.0	.0	
76.2	66.9	4.6	115.0	509.2	13.3	.0	.0	
77.8	68.5	6.7	123.0	426.9	27.9	.0	.0	
74.5	67.7	5.8	159.0	211.3	77.5	47.2	.0	
78.3	69.2	7.9	136.6	520.6	7.9	.0	.0	
75.1	70.2	8.4	87.8	291.8	55.0	.0	.0	
78.0	69.6	9.0	142.6	367.0	49.6	.0	.0	
68.2	65.2	5.7	84.2	180.0	100.0	161.4	.0	
66.6	56.3	4.9	62.6	209.7	72.9	.0	.0	
69.3	58.2	7.4	103.0	505.9	4.6	.0	.0	
73.7	64.1	5.9	120.2	487.6	9.6	.0	.0	
77.4	69.0	6.1	135.4	353.9	22.9	.0	.0	
77.3	69.8	5.0	122.2	340.6	31.2	3.9	.0	
75.0	64.9	6.5	143.8	461.2	9.6	.0	.0	
76.5	68.8	6.1	127.8	371.2	20.0	.0	.0	
77.8	70.3	7.5	130.6	407.4	51.2	3.9	.0	
67.7	66.0	10.0	105.0	166.6	100.0	98.4	.0	
73.8	69.9	7.9	117.0	187.8	97.1	102.4	.0	
70.4	68.0	6.9	135.4	163.5	99.2	94.5	.0	
69.4	57.2	9.2	107.0	358.0	47.1	3.9	.0	
60.5	48.4	4.9	74.6	458.2	.0	.0	.0	
59.5	49.8	4.9	70.2	436.1	22.5	.0	.0	
65.5	60.1	6.9	108.6	222.0	65.0	.0	.0	
65.9	62.2	7.4	151.0	156.2	58.3	3.9	.0	
62.8	54.5	4.1	98.6	430.5	11.7	.0	.0	
66.1	54.1	7.1	126.6	435.9	.0	.0	.0	
58.9	45.4	7.2	72.6	431.5	2.1	.0	.0	
58.7	44.7	6.3	78.6	427.0	.0	.0	.0	
10 31 1992
60.7	49.4	5.7	91.0	405.8	12.5	.0	.0	
60.1	49.8	4.5	82.6	418.6	.0	.0	.0	
61.6	52.1	4.3	70.6	414.2	.0	.0	.0	
64.2	53.6	2.9	93.8	409.9	.0	.0	.0	
65.8	57.0	6.6	82.6	402.5	6.2	.0	.0	
65.0	54.7	6.5	105.0	268.5	55.8	.0	.0	
63.4	52.6	13.2	160.2	246.0	70.8	3.9	.0	
52.8	35.5	17.0	251.8	378.0	29.2	.0	.0	
57.3	40.9	7.2	116.6	371.0	33.3	.0	.0	
60.5	44.6	7.6	160.6	351.3	22.1	.0	.0	
57.4	44.9	5.1	184.6	378.0	2.5	.0	.0	
62.6	49.9	5.7	156.2	375.5	.0	.0	.0	
67.8	54.7	8.9	127.4	368.5	3.8	.0	.0	
71.5	57.9	8.7	159.4	236.8	42.5	.0	.0	
73.5	65.0	9.5	183.0	161.9	91.7	.0	.0	
61.8	45.7	12.4	109.4	328.5	63.8	.0	.0	
55.9	34.8	10.7	91.0	281.8	66.2	.0	.0	
57.6	39.4	5.9	109.8	289.0	40.8	.0	.0	
54.6	38.0	9.6	109.8	233.8	52.1	.0	.0	
56.0	50.3	8.8	82.2	130.7	93.8	11.8	.0	
65.4	57.2	5.1	95.4	294.9	32.5	.0	.0	
65.8	57.4	4.6	66.2	323.3	12.1	.0	.0	
66.3	57.2	4.1	117.4	309.9	37.1	.0	.0	
67.3	56.8	5.9	199.0	282.8	32.1	.0	.0	
65.5	54.2	4.5	77.0	321.5	19.2	.0	.0	
65.7	57.2	7.9	80.6	167.4	74.2	55.1	.0	
63.0	50.7	5.7	102.6	297.4	37.9	.0	.0	
59.5	46.0	4.9	79.8	303.9	26.7	.0	.0	
60.5	56.5	8.6	88.2	107.8	100.0	15.7	.0	
54.8	51.4	8.9	262.2	106.6	85.4	.0	.0	
60.9	57.7	10.2	92.6	116.8	83.8	.0	.0	
11 30 1992
61.0	55.5	12.6	227.8	107.3	99.2	19.7	.0	
53.9	42.1	10.0	217.0	293.0	42.5	.0	.0	
52.7	43.6	12.0	246.6	112.2	75.8	.0	.0	
38.1	28.0	10.0	263.4	115.1	68.3	.0	.0	
40.9	24.5	8.9	239.0	220.3	79.6	.0	.0	
39.3	29.6	3.3	131.4	254.6	46.7	.0	.0	
45.3	33.6	6.3	134.2	255.1	36.2	.0	.0	
49.6	33.9	8.3	103.0	102.9	68.3	.0	.0	
53.9	46.8	10.4	97.8	95.2	100.0	43.3	.0	
55.6	54.2	9.4	83.4	100.9	97.5	35.4	.0	
61.4	60.5	7.7	107.4	93.1	100.0	98.4	.0	
47.7	41.2	14.7	288.2	192.5	60.4	15.7	.0	
44.2	35.6	6.3	216.2	246.6	15.4	.0	.0	
48.5	35.7	6.1	154.2	257.2	1.2	.0	.0	
48.1	38.2	8.3	79.4	255.3	.0	.0	.0	
53.7	42.4	8.1	132.2	243.6	29.2	.0	.0	
56.4	45.6	6.2	80.2	87.7	87.9	.0	.0	
61.4	51.1	6.8	78.6	120.4	94.2	.0	.0	
56.7	54.2	8.7	90.2	86.1	100.0	51.2	.0	
52.6	52.0	9.5	236.6	85.3	100.0	98.4	.0	
53.3	52.0	8.1	118.6	84.6	100.0	145.7	.0	
42.5	39.7	14.1	247.8	83.9	98.3	66.9	.0	
45.3	40.7	9.9	121.0	178.6	67.9	.0	.0	
46.9	44.1	11.8	121.0	86.4	97.9	11.8	.0	
40.5	33.9	13.0	268.2	81.9	100.0	.0	.0	
35.6	27.2	11.2	300.2	81.3	100.0	.0	.0	
32.3	25.1	5.9	207.0	80.7	71.7	.0	.0	
32.2	27.1	3.6	85.4	210.0	11.7	.0	.0	
39.5	29.9	6.1	83.0	227.6	22.5	.0	.0	
39.1	27.1	10.5	276.6	210.6	15.8	.0	.0	
12 31 1992
41.1	28.8	7.6	190.2	126.6	28.3	.0	.0	
39.4	23.3	10.5	249.0	219.9	20.0	.0	.0	
43.8	29.1	7.4	118.2	77.8	92.1	.0	.0	
43.1	29.1	11.4	127.8	118.1	93.3	.0	.0	
32.2	25.8	6.6	81.8	77.0	100.0	31.5	70.0	
34.2	32.4	5.4	161.0	76.6	100.0	.0	.0	
36.7	33.4	6.3	265.4	79.9	81.7	.0	.0	
36.3	31.5	8.6	109.4	76.0	97.5	.0	.0	
39.3	36.2	9.3	128.2	75.7	100.0	110.2	.0	
45.5	33.5	12.3	285.8	215.4	19.2	.0	.0	
41.7	31.6	6.2	154.6	195.4	44.6	.0	.0	
44.4	32.9	10.3	97.4	75.0	95.0	.0	.0	
46.0	37.9	13.0	91.4	74.8	100.0	47.2	.0	
46.7	45.4	11.7	113.0	74.6	100.0	161.4	.0	
36.3	36.1	11.2	214.6	74.5	77.5	165.4	.0	
38.2	36.1	6.1	177.0	74.4	79.2	.0	.0	
34.7	30.2	6.9	215.8	74.3	86.7	.0	.0	
41.8	34.1	9.6	119.4	160.3	67.1	.0	.0	
45.0	42.2	9.3	157.4	74.2	99.2	3.9	.0	
38.2	33.6	7.0	178.2	74.2	93.8	.0	.0	
39.9	35.0	6.0	85.8	95.3	78.8	.0	.0	
42.4	40.8	6.7	99.0	74.3	96.2	.0	.0	
46.3	33.6	9.3	203.4	195.4	32.9	.0	.0	
33.9	20.6	8.1	81.8	196.1	42.5	.0	.0	
37.8	29.7	7.5	136.2	74.6	97.5	43.3	.0	
33.9	22.3	7.5	97.4	184.2	45.4	.0	.0	
39.6	33.4	8.4	89.8	175.4	63.3	.0	.0	
45.1	43.1	10.1	87.8	75.2	100.0	.0	.0	
60.1	57.2	7.5	123.8	75.4	100.0	.0	.0	
66.6	61.8	8.4	167.4	81.9	95.4	.0	.0	
36.1	32.1	12.3	257.4	76.0	100.0	3.9	.0	
