01	31	2002
8.8	6.4	11.1	180.4	128.3	100.0	0	0.0
10.9	6.1	8.8	205.4	129.0	100.0	0	0.0
17.4	10.2	11.4	183.1	129.7	100.0	0	0.0
26.6	23.2	6.2	211.0	130.6	100.0	0	0.0
34.6	27.9	11.7	322.9	131.4	100.0	0	0.0
23.8	17.1	12.4	206.8	132.4	100.0	0	0.0
28.2	20.2	9.0	207.9	133.4	100.0	0	0.0
42.3	31.5	6.8	254.4	134.5	100.0	0	0.0
39.6	31.5	11.2	290.0	135.7	100.0	0	0.0
33.1	28.5	10.8	302.9	136.9	100.0	0	0.0
33.9	26.0	11.4	287.3	138.3	100.0	0	0.0
33.5	21.8	11.5	265.2	139.8	100.0	0	0.0
32.7	28.4	9.9	145.4	141.4	100.0	46	77.2
29.5	23.6	20.2	338.6	143.0	100.0	0	0.0
18.5	13.8	9.1	224.5	144.7	100.0	0	3.6
19.8	15.7	8.7	263.9	146.5	100.0	1	6.5
15.3	10.1	8.2	267.3	148.4	100.0	0	0.0
10.6	7.3	7.7	199.1	150.3	100.0	0	0.0
19.6	13.3	8.8	234.2	152.3	100.0	0	0.0
25.5	20.1	7.8	221.4	154.4	100.0	0	0.0
31.2	22.7	7.6	212.3	156.5	100.0	0	0.0
32.4	22.4	13.3	174.9	158.8	100.0	0	0.0
15.1	10.4	10.9	76.6	161.1	100.0	0	0.0
26.9	16.8	11.6	244.4	163.4	100.0	0	0.0
39.5	24.6	8.8	202.9	165.9	100.0	0	0.0
31.9	25.9	6.5	140.0	168.5	100.0	0	0.0
17.4	14.1	15.1	168.7	171.2	100.0	0	0.0
8.1	1.8	15.9	20.1	173.9	100.0	0	0.0
3.6	0.2	8.6	168.8	176.7	100.0	0	0.0
9.7	5.2	5.1	144.8	179.6	100.0	0	0.0
15.2	8.8	3.9	95.8	182.6	100.0	0	0.0
02	28	2002
18.6	11.9	6.0	166.9	185.6	100.0	0	0.0
28.7	20.8	9.9	255.6	188.7	100.0	0	0.0
20.3	14.2	11.2	162.8	191.9	100.0	0	0.0
17.9	9.4	8.5	154.8	195.1	100.0	0	0.0
24.9	18.2	6.1	195.6	198.4	100.0	0	0.0
34.7	21.8	10.0	263.1	201.8	100.0	0	0.0
37.1	21.8	8.2	235.4	205.2	100.0	0	0.0
38.3	26.9	8.2	139.4	208.7	100.0	0	0.0
30.7	27.3	21.2	37.1	118.9	100.0	0	1.1
24.4	16.5	11.2	285.2	215.9	100.0	0	0.0
37.2	23.9	18.6	261.2	219.6	100.0	0	0.0
32.4	20.8	17.7	296.5	223.3	100.0	0	0.0
35.3	17.0	11.5	245.0	227.2	100.0	0	0.0
38.4	24.0	17.1	270.7	231.0	100.0	0	0.0
36.6	24.4	14.1	304.8	234.9	100.0	0	0.0
37.8	25.5	10.2	279.6	238.9	100.0	0	0.0
39.2	27.1	12.6	166.2	242.9	100.0	0	0.0
40.4	32.5	10.1	111.9	247.0	100.0	2	0.0
36.3	31.1	12.1	134.6	251.1	100.0	0	0.0
33.9	25.8	13.0	202.8	255.2	100.0	0	0.0
29.1	22.4	8.5	224.4	259.5	100.0	0	0.0
37.9	27.2	10.8	192.5	263.7	100.0	0	0.0
45.0	32.9	9.9	94.6	268.0	100.0	0	0.0
24.9	19.6	19.0	54.6	272.4	100.0	0	1.8
12.0	5.2	21.5	351.5	276.9	100.0	0	0.0
9.7	1.8	20.6	342.4	281.4	100.0	0	0.0
14.7	8.6	8.0	251.5	286.0	100.0	0	0.0
15.3	8.6	10.4	137.1	290.6	100.0	0	0.0
03	31	2002
5.9	0.1	7.6	47.7	295.2	100.0	0	0.0
8.8	0.0	14.1	229.8	299.9	100.0	0	0.0
6.6	0.0	12.3	255.0	304.6	100.0	0	0.0
28.6	15.4	15.2	238.4	309.3	100.0	0	0.0
29.1	22.6	11.0	96.7	314.1	100.0	0	0.0
17.4	7.2	14.5	43.8	318.8	100.0	0	0.0
17.2	10.0	11.6	104.2	323.6	100.0	0	0.0
15.6	12.9	14.6	113.2	328.4	100.0	0	4.9
8.6	1.8	23.3	330.5	333.4	100.0	0	0.0
10.7	4.7	9.2	176.2	338.4	100.0	0	0.0
25.0	16.8	5.2	167.1	343.4	100.0	0	0.0
44.6	29.9	10.9	170.2	348.5	100.0	0	0.0
33.3	25.0	10.1	82.4	353.5	100.0	0	0.0
26.8	24.2	20.0	36.2	358.6	100.0	9	42.6
18.3	12.2	8.4	246.5	363.7	100.0	0	0.0
22.1	17.3	9.0	165.0	368.8	100.0	0	0.0
33.3	30.6	6.5	132.6	373.9	100.0	0	0.6
32.1	30.9	3.2	89.9	379.0	100.0	19	47.8
24.9	20.4	4.7	44.0	384.1	100.0	0	0.0
14.0	11.1	10.9	93.2	389.2	100.0	0	0.0
9.6	3.6	18.8	329.4	394.3	100.0	0	0.0
12.2	4.4	9.1	276.0	399.4	100.0	0	0.0
17.7	11.3	3.7	109.4	404.4	100.0	0	0.0
22.3	13.1	12.7	69.0	409.5	100.0	0	0.0
15.5	5.5	7.9	93.8	414.6	100.0	0	0.0
22.1	15.3	8.3	170.0	419.6	100.0	0	0.0
34.5	27.1	12.8	183.8	424.6	100.0	0	0.0
39.2	31.5	11.3	264.6	429.6	100.0	0	0.0
39.3	31.0	11.8	267.3	434.6	100.0	0	0.0
37.1	27.2	12.3	305.6	439.6	100.0	3	0.0
34.1	20.3	12.3	282.5	444.5	100.0	0	0.0
04	30	2002
42.1	29.0	12.3	209.9	449.4	100.0	0	0.0
28.1	21.9	22.0	333.7	454.3	100.0	0	0.0
21.6	11.6	9.4	231.0	459.2	100.0	0	0.0
32.6	19.8	8.8	140.6	464.0	100.0	0	0.0
34.9	21.1	7.0	62.9	468.8	100.0	0	0.0
47.1	31.9	19.7	178.6	473.5	100.0	0	0.0
48.8	40.1	9.8	78.8	478.2	100.0	6	0.0
40.9	30.4	11.7	33.7	474.3	100.0	0	0.0
45.3	31.5	11.4	141.7	487.6	100.0	0	0.0
57.0	43.9	9.0	130.2	441.6	100.0	0	0.0
47.5	35.8	9.1	174.9	496.9	100.0	4	0.0
55.1	39.2	7.8	182.0	501.6	100.0	0	0.0
60.4	42.8	11.1	200.2	506.4	100.0	0	0.0
64.6	41.2	10.3	225.6	511.1	100.0	0	0.0
67.4	46.1	10.5	145.8	515.8	100.0	0	0.0
68.5	51.9	18.0	243.7	481.1	100.0	0	0.0
54.2	36.2	10.8	195.4	485.4	100.0	0	0.0
54.7	43.6	18.1	174.4	529.6	100.0	0	0.0
37.8	24.4	15.4	42.1	492.1	100.0	0	0.0
38.5	24.1	10.2	109.5	538.6	100.0	1	0.0
35.6	34.4	6.6	56.2	543.0	100.0	21	27.9
44.4	37.3	9.6	117.8	547.4	100.0	0	0.0
61.0	42.9	14.9	199.1	551.7	100.0	0	0.0
44.9	23.6	24.7	331.4	556.0	100.0	0	0.0
39.8	16.3	16.1	286.0	560.2	100.0	0	0.0
44.5	27.4	12.3	148.3	564.4	100.0	1	0.0
39.2	37.5	15.8	98.7	568.5	100.0	69	1.3
41.4	36.4	9.3	239.3	572.5	100.0	0	0.0
51.1	35.8	12.6	214.0	576.5	100.0	0	0.0
52.0	34.4	9.3	157.9	580.4	100.0	0	0.0
05	31	2002
44.1	31.0	9.5	149.2	584.3	100.0	0	0.0
43.0	25.5	9.0	172.3	588.1	100.0	0	0.0
58.6	36.3	19.2	181.7	591.8	100.0	0	0.0
50.4	33.5	12.5	268.2	595.5	100.0	0	0.0
59.3	42.9	14.6	174.9	599.1	100.0	0	0.0
47.7	40.4	14.3	149.7	602.7	100.0	0	0.0
43.0	39.6	14.9	71.9	606.2	100.0	12	0.0
44.7	41.1	15.2	206.0	609.6	100.0	14	0.0
43.6	28.2	22.1	317.7	544.0	100.0	0	0.0
45.4	33.9	9.8	167.0	542.0	100.0	0	0.0
47.1	41.9	14.4	90.7	619.4	100.0	10	0.0
48.7	42.6	8.1	141.9	622.6	100.0	2	0.0
54.2	37.6	11.5	234.4	625.7	100.0	0	0.0
60.1	41.4	14.9	168.5	628.7	100.0	0	0.0
64.8	46.1	13.0	177.7	631.6	100.0	0	0.0
47.5	33.0	12.0	34.4	634.5	100.0	0	0.0
44.8	28.4	8.5	151.2	637.3	100.0	0	0.0
45.8	26.6	5.6	76.7	640.0	100.0	0	0.0
47.5	27.0	6.2	59.2	642.6	100.0	0	0.0
52.4	30.2	10.2	135.6	645.2	100.0	0	0.0
60.7	38.5	20.5	171.5	647.8	100.0	0	0.0
66.7	44.1	21.0	220.4	650.2	100.0	13	0.0
48.0	35.5	16.6	329.8	652.6	100.0	0	0.0
45.6	32.5	4.9	146.2	655.0	100.0	0	0.0
59.1	40.5	6.9	211.9	657.3	100.0	0	0.0
64.2	44.0	6.9	90.2	659.5	100.0	0	0.0
68.1	49.2	6.2	106.7	661.6	100.0	0	0.0
71.3	57.1	7.1	189.8	663.7	100.0	23	0.0
73.5	56.0	5.1	145.0	665.7	100.0	0	0.0
76.9	52.7	9.4	261.5	667.6	100.0	0	0.0
71.1	57.1	6.0	207.1	669.4	100.0	3	0.0
06	30	2002
69.8	51.3	7.7	129.0	671.2	100.0	0	0.0
64.0	52.4	15.5	88.1	672.9	100.0	6	0.0
58.2	52.1	10.6	142.6	674.5	100.0	0	0.0
63.1	50.2	9.2	270.6	676.0	100.0	1	0.0
62.3	47.0	6.1	223.1	677.4	100.0	0	0.0
75.3	52.6	11.8	166.9	678.8	100.0	0	0.0
71.6	54.5	11.1	71.7	680.2	100.0	0	0.0
72.8	60.5	14.4	112.8	681.5	100.0	2	0.0
81.2	69.7	18.1	155.6	682.6	100.0	0	0.0
76.1	64.5	13.9	184.7	683.7	100.0	0	0.0
70.3	50.2	6.5	134.8	684.8	100.0	0	0.0
62.5	46.1	6.2	226.5	685.7	100.0	0	0.0
59.1	46.3	16.0	289.8	686.6	100.0	0	0.0
67.0	50.1	8.8	271.0	687.4	100.0	0	0.0
64.1	47.0	7.1	98.1	688.0	100.0	0	0.0
69.1	45.0	6.0	152.3	688.7	100.0	0	0.0
73.5	59.1	8.8	135.1	688.6	100.0	7	0.0
73.8	63.1	8.8	134.4	689.6	100.0	0	0.0
74.1	62.2	8.6	216.7	690.0	100.0	0	0.0
67.2	48.5	7.4	132.5	690.3	100.0	0	0.0
74.3	67.0	12.9	127.1	690.5	100.0	29	0.0
85.3	68.4	14.9	163.3	690.6	100.0	0	0.0
82.3	69.4	7.8	133.3	690.7	100.0	0	0.0
82.2	68.4	9.8	147.2	690.6	100.0	38	0.0
79.1	68.5	5.2	149.0	690.5	100.0	11	0.0
74.8	63.8	7.4	206.9	690.3	100.0	0	0.0
74.4	62.0	5.2	88.4	624.2	100.0	0	0.0
82.2	65.7	14.4	151.7	689.6	100.0	0	0.0
87.5	65.7	15.2	160.4	689.2	100.0	0	0.0
84.9	62.6	9.0	219.0	688.7	100.0	0	0.0
07	31	2002
87.2	66.2	14.1	156.0	688.0	100.0	0	0.0
76.5	68.0	8.6	115.8	687.4	100.0	0	0.0
81.2	62.4	11.4	83.1	686.6	100.0	0	0.0
83.1	64.2	14.0	133.8	685.7	100.0	0	0.0
84.5	64.0	14.3	164.6	684.8	100.0	0	0.0
83.3	66.2	7.7	149.6	683.8	100.0	0	0.0
82.9	68.0	8.6	159.4	682.6	100.0	1	0.0
78.3	66.4	11.4	183.1	681.5	100.0	0	0.0
79.3	68.3	9.3	114.3	680.2	100.0	22	0.0
71.1	62.0	16.9	329.6	678.9	100.0	0	0.0
68.0	60.1	11.4	135.5	677.4	100.0	0	0.0
69.4	55.4	5.3	127.1	675.9	100.0	0	0.0
73.7	58.3	7.6	157.9	674.4	100.0	0	0.0
78.0	61.5	9.9	152.7	672.7	100.0	0	0.0
82.3	61.9	13.4	158.3	671.0	100.0	0	0.0
85.0	64.1	12.0	155.0	669.3	100.0	0	0.0
85.8	65.6	9.0	136.0	667.5	100.0	0	0.0
83.0	69.7	13.2	96.9	665.6	100.0	0	0.0
84.2	72.2	10.3	89.8	663.6	100.0	0	0.0
90.7	68.2	9.2	137.5	661.5	100.0	0	0.0
72.2	65.9	10.1	263.5	659.4	100.0	20	0.0
68.8	54.8	10.0	187.9	657.2	100.0	0	0.0
65.6	56.7	9.3	119.8	655.0	100.0	9	0.0
75.4	62.9	12.4	157.2	652.8	100.0	8	0.0
78.7	61.0	5.9	178.5	650.4	100.0	0	0.0
81.7	61.4	8.2	186.7	648.0	100.0	0	0.0
81.7	62.5	8.7	175.4	645.5	100.0	0	0.0
74.1	63.2	10.3	101.9	643.0	100.0	21	0.0
79.7	56.5	7.2	170.0	640.3	100.0	0	0.0
80.2	66.2	8.8	109.7	637.6	100.0	0	0.0
84.4	63.5	8.7	133.5	634.9	100.0	0	0.0
08	31	2002
69.8	49.4	17.3	247.1	632.0	100.0	0	0.0
64.8	49.5	6.7	106.2	629.1	100.0	0	0.0
75.2	64.6	10.1	158.2	626.1	100.0	85	0.0
72.3	67.6	11.6	68.9	623.1	100.0	0	0.0
74.4	68.1	12.4	82.8	620.0	100.0	1	0.0
76.5	71.8	16.6	128.5	616.8	100.0	43	0.0
79.8	72.7	15.8	147.4	613.6	100.0	0	0.0
77.6	68.1	14.3	157.8	610.2	100.0	12	0.0
69.3	63.0	7.3	241.6	606.9	100.0	53	0.0
72.5	56.5	10.5	227.7	603.4	100.0	0	0.0
75.7	63.5	12.4	154.2	599.9	100.0	68	0.0
62.8	56.1	10.8	285.6	596.4	100.0	2	0.0
65.0	49.9	6.2	259.2	592.7	100.0	0	0.0
74.8	55.0	10.6	168.5	589.0	100.0	0	0.0
69.8	54.9	13.3	259.6	585.3	100.0	0	0.0
66.6	57.6	12.4	170.3	581.5	100.0	0	0.0
62.2	44.2	15.0	274.0	577.6	100.0	0	0.0
59.3	47.1	6.3	105.4	573.7	100.0	0	0.0
63.1	50.7	6.2	87.7	569.7	100.0	0	0.0
65.2	59.9	13.0	119.4	565.6	100.0	7	0.0
75.2	70.2	9.5	110.8	561.5	100.0	1	0.0
71.8	69.3	8.0	74.2	557.4	100.0	0	0.0
71.3	66.2	3.5	105.4	553.2	100.0	0	0.0
72.2	64.0	4.2	104.8	548.9	100.0	0	0.0
75.1	63.8	6.2	144.8	544.6	100.0	0	0.0
74.7	66.0	8.2	147.1	540.3	100.0	0	0.0
74.8	66.9	9.3	140.3	535.9	100.0	0	0.0
73.3	65.9	10.4	152.4	477.1	100.0	65	0.0
73.8	66.4	9.1	152.9	526.9	100.0	1	0.0
72.2	66.3	15.5	142.0	522.4	100.0	23	0.0
78.2	67.5	15.6	163.5	517.8	100.0	0	0.0
09	30	2002
77.7	66.8	7.4	169.6	513.2	100.0	0	0.0
70.3	52.9	15.4	268.3	508.5	100.0	0	0.0
68.6	48.9	8.1	149.0	465.9	100.0	0	0.0
75.0	61.2	15.0	150.0	499.3	100.0	0	0.0
81.6	65.0	10.6	162.5	494.7	100.0	0	0.0
81.6	63.5	13.6	168.0	425.1	100.0	0	0.0
82.3	62.8	14.8	161.5	420.9	100.0	0	0.0
83.3	62.3	16.0	184.6	421.9	100.0	0	0.0
65.7	60.5	12.2	213.6	438.6	100.0	10	0.0
63.0	51.6	6.5	231.0	471.4	100.0	0	0.0
66.2	52.0	6.6	166.0	466.7	100.0	0	0.0
64.9	53.3	7.5	170.3	365.7	100.0	0	0.0
60.6	59.0	6.3	139.0	457.2	100.0	8	0.0
61.1	49.6	11.3	267.1	452.4	100.0	0	0.0
57.7	44.9	8.8	120.2	447.5	100.0	0	0.0
70.5	51.0	12.5	162.9	442.7	100.0	0	0.0
70.0	52.9	16.1	150.5	383.4	100.0	0	0.0
68.4	58.5	13.9	182.2	432.9	100.0	7	0.0
61.3	46.7	14.8	292.6	397.9	100.0	0	0.0
60.3	40.7	10.5	244.2	423.0	100.0	0	0.0
55.5	32.8	11.6	277.1	418.0	100.0	0	0.0
51.5	31.8	10.6	249.8	361.2	100.0	0	0.0
49.8	33.6	14.7	248.8	408.1	100.0	0	0.0
56.1	38.7	11.8	154.8	403.1	100.0	0	0.0
51.5	41.3	12.3	103.3	398.1	100.0	6	0.0
50.0	34.2	2.6	128.5	393.1	100.0	0	0.0
51.3	33.8	7.8	134.2	388.0	100.0	0	0.0
50.8	46.3	8.8	71.9	383.0	100.0	31	0.0
54.9	52.6	7.4	127.5	378.0	100.0	0	0.0
66.5	50.3	10.3	223.5	373.0	100.0	0	0.0
10	31	2002
52.5	42.6	12.9	271.7	367.9	100.0	2	0.0
43.8	34.1	10.7	94.6	362.9	100.0	1	0.0
46.9	42.5	5.1	140.2	357.9	100.0	30	0.0
47.4	39.3	15.8	303.4	352.9	100.0	60	0.0
45.6	38.6	6.2	97.9	347.9	100.0	1	0.0
42.9	34.9	14.2	266.5	343.1	100.0	0	0.0
49.3	39.8	7.2	136.9	338.4	100.0	0	0.0
45.1	38.9	6.9	231.2	333.6	100.0	0	0.0
43.5	38.9	7.7	132.2	328.8	100.0	1	0.0
56.5	51.0	9.6	131.0	324.1	100.0	0	0.0
59.5	49.0	15.9	238.3	319.3	100.0	5	0.0
39.4	29.0	14.2	304.8	314.6	100.0	0	0.0
41.9	25.6	7.5	209.6	309.9	100.0	0	0.0
49.0	33.2	18.1	251.5	305.2	100.0	0	0.0
39.4	29.8	5.6	167.5	300.6	100.0	0	0.0
39.9	34.9	5.3	126.0	295.9	100.0	8	0.0
43.2	34.3	9.6	221.8	291.3	100.0	1	0.0
45.1	34.3	14.0	309.6	286.8	100.0	0	0.0
37.5	28.5	6.7	192.9	282.2	100.0	0	0.0
39.3	32.5	11.5	71.5	277.7	100.0	0	0.0
33.8	24.5	10.6	188.1	273.3	100.0	0	0.0
31.5	27.0	8.3	67.6	268.9	100.0	15	38.3
26.9	20.6	4.6	114.2	264.5	100.0	0	0.0
27.1	21.5	4.0	105.0	260.1	100.0	0	0.0
34.9	30.3	6.2	192.1	255.8	100.0	0	0.0
34.7	27.3	4.8	210.0	251.6	100.0	0	0.0
34.9	31.7	7.8	108.3	247.4	100.0	5	0.0
37.0	35.6	9.3	140.2	243.3	100.0	2	0.0
34.6	33.7	13.0	65.2	239.4	100.0	20	0.8
21.8	16.8	14.7	306.1	235.4	100.0	0	0.0
17.0	11.1	10.3	300.6	231.6	100.0	0	0.0
11	30	2002
22.0	14.8	11.2	263.3	227.7	100.0	0	0.0
27.0	20.6	6.9	211.7	224.0	100.0	0	0.0
30.7	24.2	9.2	222.9	220.2	100.0	0	0.0
29.4	25.2	8.1	130.6	216.6	100.0	0	0.0
33.7	30.5	11.4	250.7	213.0	100.0	0	0.0
38.9	29.1	6.9	192.9	209.4	100.0	0	0.0
45.7	33.5	7.2	174.6	206.0	100.0	0	0.0
39.2	32.8	5.3	100.0	202.6	100.0	0	0.0
44.9	35.6	6.4	219.2	199.2	100.0	0	0.0
30.0	24.7	16.4	301.6	195.9	100.0	0	0.0
30.2	23.6	5.0	237.5	192.7	100.0	0	0.0
36.7	28.9	8.9	186.7	189.5	100.0	0	0.0
41.7	32.2	11.4	224.6	186.5	100.0	0	0.0
32.2	26.6	7.0	225.4	183.6	100.0	0	0.0
29.8	24.1	5.3	97.4	180.7	100.0	0	0.0
31.4	30.2	9.2	150.1	177.9	100.0	1	1.3
34.9	31.4	10.8	144.8	175.2	100.0	0	0.0
41.2	28.2	11.3	266.5	172.6	100.0	0	0.0
44.0	28.4	10.3	252.5	169.9	100.0	0	0.0
41.4	33.0	11.4	263.5	167.4	100.0	0	0.0
38.0	30.0	14.7	286.9	165.0	100.0	0	0.0
35.8	27.4	10.9	168.5	162.6	100.0	0	0.0
35.2	23.1	15.6	317.3	160.3	100.0	0	0.0
20.9	11.9	12.4	331.0	158.0	100.0	0	0.0
21.8	14.9	10.3	143.1	155.8	100.0	0	0.0
21.7	16.4	6.6	135.8	153.8	100.0	0	0.0
24.3	18.2	8.2	177.3	151.7	100.0	0	0.0
36.6	27.1	10.0	216.9	149.8	100.0	0	0.0
40.5	21.0	25.3	310.6	147.9	100.0	0	0.0
19.0	9.8	12.1	278.8	146.1	100.0	0	0.0
12	31	2002
33.9	21.5	8.2	201.9	144.3	100.0	0	0.0
20.2	7.2	11.8	99.6	142.7	100.0	0	0.0
17.0	5.2	7.6	111.5	141.1	100.0	0	0.0
7.4	4.8	9.0	299.2	139.6	100.0	0	0.0
9.1	7.4	7.3	226.2	138.1	100.0	0	0.0
25.4	20.2	9.4	220.6	136.8	100.0	2	0.0
23.7	19.5	8.5	301.4	135.5	100.0	0	0.0
18.2	12.6	6.7	199.8	134.3	100.0	0	0.0
29.4	22.4	9.3	170.8	133.1	100.0	0	0.0
31.0	23.9	6.9	147.5	132.1	100.0	0	0.0
28.6	22.4	4.8	139.4	131.1	100.0	0	0.0
30.6	22.4	5.2	233.3	130.2	100.0	0	0.0
30.9	21.6	6.8	144.2	129.3	100.0	0	0.0
35.3	24.8	4.7	150.8	128.6	100.0	0	0.0
36.4	27.5	10.3	108.5	127.9	100.0	0	0.0
34.0	30.0	11.7	130.9	127.3	100.0	1	0.0
35.1	32.8	15.3	128.9	126.9	100.0	7	6.1
34.2	32.5	10.4	211.5	126.5	100.0	4	11.3
31.9	26.1	21.1	300.0	126.1	100.0	1	3.4
27.5	21.8	22.2	301.5	125.9	100.0	0	0.0
24.4	18.4	14.0	289.5	125.7	100.0	0	0.0
20.2	14.8	15.0	291.9	125.6	100.0	0	0.0
14.0	9.4	10.2	300.4	125.5	100.0	0	0.0
13.7	11.5	6.8	265.3	125.5	100.0	0	0.0
14.8	11.4	3.1	150.2	125.7	100.0	0	0.0
18.9	13.1	5.2	136.9	125.8	100.0	0	0.0
26.1	16.0	4.9	164.8	126.1	100.0	0	0.0
38.6	28.6	5.8	166.0	126.4	100.0	0	0.0
37.4	30.2	10.7	135.8	126.8	100.0	0	0.0
31.7	21.9	14.5	281.7	127.2	100.0	0	0.0
25.8	16.6	9.5	125.8	127.8	100.0	0	0.0
