01	31	2018
4.5	-2.1	5.1	108.5	63.4	29.5	0	0.0
9.7	4.9	6.2	193.1	162.3	90.3	0	0.0
18.6	13.0	6.1	215.6	163.1	92.4	0	0.0
22.4	17.2	4.5	193.5	163.9	90.3	0	0.0
14.3	11.2	5.4	109.6	67.7	45.5	0	0.0
19.5	12.9	8.5	160.6	166.0	81.6	0	0.0
33.5	27.6	9.0	279.2	159.7	77.1	0	0.0
36.1	27.6	5.0	180.3	168.4	100.0	0	0.0
40.9	28.5	5.0	134.0	169.8	100.0	0	0.0
35.0	28.9	7.8	129.2	171.2	77.8	0	0.0
10.9	3.2	16.6	317.6	172.7	84.0	1	5.3
7.7	0.9	7.3	95.0	61.0	7.3	0	0.0
12.0	6.1	6.8	137.8	64.4	1.0	0	3.6
28.0	23.1	8.4	255.0	138.8	33.0	0	1.8
8.1	1.6	17.9	338.1	175.4	85.8	0	0.0
6.2	0.6	8.5	256.0	181.3	100.0	0	0.0
21.2	8.9	5.9	177.2	183.3	100.0	0	0.0
29.0	21.8	3.1	162.5	185.3	100.0	0	0.0
36.1	29.1	3.2	170.6	187.5	100.0	0	0.0
37.0	30.1	8.6	58.8	189.7	100.0	0	0.0
33.3	30.7	14.8	24.0	67.2	6.9	8	20.3
29.0	24.4	14.4	281.1	145.5	45.3	3	6.8
23.8	18.0	10.3	291.5	138.9	85.4	0	0.0
22.9	16.8	5.2	214.2	199.2	100.0	0	0.0
32.0	23.2	7.4	161.5	201.8	100.0	0	0.0
36.0	27.0	11.4	260.0	135.9	76.4	0	0.0
30.4	21.9	6.8	242.5	207.2	100.0	0	0.0
23.1	17.5	7.6	101.9	155.3	59.0	0	0.0
25.0	17.9	6.4	165.4	89.6	22.9	0	0.0
33.5	25.2	5.6	156.2	215.8	100.0	0	0.0
37.4	28.6	9.2	307.7	218.8	98.5	0	0.0
02	28	2018
24.0	16.6	8.7	133.8	77.7	3.5	0	0.0
32.0	22.5	8.2	173.9	223.1	47.9	0	0.0
40.7	29.8	9.2	203.9	222.7	51.0	0	0.0
9.2	2.1	13.3	264.3	188.2	40.3	1	13.9
15.6	8.2	13.4	237.5	115.9	55.9	0	0.0
8.4	4.4	6.2	130.8	99.2	26.4	2	18.6
17.1	10.9	6.7	209.2	145.7	31.9	1	7.0
20.8	16.9	5.6	96.0	245.2	84.0	0	0.0
12.8	7.3	14.0	57.8	87.1	0.0	1	10.6
6.3	1.8	5.8	270.8	98.4	33.0	0	0.0
12.2	6.2	6.2	181.9	256.1	100.0	0	0.0
13.8	8.5	12.8	92.4	209.5	84.7	1	7.9
23.7	17.5	7.3	181.8	263.7	99.3	0	0.0
29.8	24.0	2.5	112.5	267.5	99.3	0	0.0
34.0	28.6	10.5	243.1	243.7	54.2	0	0.0
24.1	15.2	11.0	234.6	275.3	83.0	0	0.0
34.5	23.1	10.1	220.1	279.3	99.3	0	0.0
41.3	26.4	18.9	140.8	283.3	83.7	0	0.0
16.3	11.7	16.4	210.1	100.6	0.0	0	0.0
11.6	3.0	13.6	324.3	291.5	70.1	0	0.0
17.3	5.1	6.1	162.6	285.2	64.6	0	0.0
23.5	19.0	6.8	161.7	104.9	5.9	2	7.5
18.5	15.1	6.3	149.0	165.3	47.9	0	0.0
27.7	21.6	10.3	211.2	182.1	39.9	0	0.0
30.1	16.9	7.1	224.9	310.1	98.6	0	0.0
38.7	18.6	5.8	125.6	316.9	100.0	0	0.0
36.4	25.9	5.2	161.9	321.4	100.0	0	0.0
33.4	25.5	9.9	201.4	325.9	100.0	0	0.0
03	31	2018
36.1	19.0	7.4	217.1	330.4	100.0	0	0.0
46.1	22.0	14.1	148.9	334.9	100.0	0	0.0
50.1	31.2	7.7	122.5	339.5	100.0	0	0.0
55.9	39.8	15.2	174.6	293.1	61.8	0	0.0
37.9	20.8	31.4	308.2	209.6	39.6	0	0.0
32.2	18.4	26.0	325.1	126.5	27.1	0	0.0
31.6	16.1	9.7	221.2	320.7	92.0	0	0.0
34.9	16.7	6.9	124.2	363.3	98.6	0	0.0
42.5	23.3	8.1	172.9	368.1	95.1	0	0.0
42.9	29.0	13.7	269.3	308.1	71.2	0	0.0
33.9	22.8	12.2	232.2	270.7	46.5	0	0.0
32.7	15.4	3.9	138.3	382.1	97.2	0	0.0
35.5	17.3	2.9	128.8	387.4	100.0	0	0.0
48.3	22.1	7.2	170.6	392.3	100.0	0	0.0
50.2	28.8	14.6	89.9	397.1	98.6	0	0.0
38.9	33.5	16.5	162.6	140.7	13.5	6	0.0
36.8	29.6	7.9	215.7	238.6	40.6	0	0.0
34.9	32.4	10.5	104.9	144.1	17.7	2	0.0
34.6	31.8	10.7	271.4	145.8	0.7	32	81.3
35.5	29.9	6.9	235.1	301.3	45.5	3	0.0
43.9	30.4	8.4	207.2	352.8	72.6	0	0.0
52.1	36.3	5.3	85.4	430.9	88.9	0	0.0
50.5	41.4	14.2	115.8	287.6	53.5	6	0.0
40.8	35.5	12.1	190.1	155.6	3.8	0	0.0
34.1	31.9	10.0	123.9	155.8	0.0	0	0.0
39.4	35.9	7.9	168.2	157.5	6.9	0	0.0
42.9	29.1	7.1	219.4	454.7	92.0	0	0.0
43.8	31.8	9.6	151.5	324.0	68.4	0	0.0
35.6	24.5	7.1	73.6	242.3	38.5	0	0.0
46.1	28.4	11.4	187.9	466.6	95.5	0	0.0
36.0	21.9	17.1	182.4	320.5	62.9	0	1.8
04	30	2018
24.7	19.4	6.5	108.6	235.2	33.7	13	52.2
34.5	27.7	14.4	141.5	477.0	87.2	0	0.0
30.6	21.3	18.4	227.5	399.5	50.0	0	0.0
38.3	17.9	9.8	137.6	489.5	84.7	0	0.0
44.6	27.6	8.5	102.8	494.0	71.9	0	0.0
25.2	18.6	14.4	102.2	181.6	17.7	3	2.5
25.3	11.5	8.6	193.3	504.6	87.8	0	0.0
44.1	24.5	16.6	203.5	492.1	71.2	0	0.0
37.0	26.4	8.9	175.6	290.2	40.6	0	0.0
49.5	29.0	5.9	198.8	511.3	80.4	1	0.0
62.6	32.0	6.8	159.3	500.6	96.2	0	0.0
55.2	41.1	14.6	71.4	526.4	100.0	0	0.0
37.9	33.8	23.8	201.8	185.7	11.8	4	10.9
26.0	21.2	30.3	348.9	247.6	45.8	0	0.0
26.0	17.8	13.5	294.2	539.1	97.6	0	0.0
35.9	22.3	7.4	134.6	543.3	100.0	0	0.0
46.2	32.7	16.5	119.9	546.4	79.2	5	0.0
42.1	32.2	18.9	282.8	316.1	41.0	7	0.0
42.2	27.6	7.1	165.8	555.5	100.0	0	0.0
44.4	33.1	11.1	120.3	242.4	24.0	21	0.0
42.6	38.9	7.3	65.8	197.2	0.0	7	0.0
47.6	38.4	3.2	100.1	414.6	44.1	0	0.0
53.2	38.4	5.0	141.7	485.4	71.2	0	0.0
44.1	39.0	15.7	302.1	201.2	4.9	8	0.0
47.8	34.5	7.7	228.9	536.7	61.1	1	0.0
50.4	32.4	13.2	181.9	511.4	89.2	0	0.0
55.2	32.9	8.5	208.5	586.2	100.0	0	0.0
52.7	32.0	9.8	103.8	589.9	100.0	0	0.0
67.1	41.4	25.4	156.9	587.5	97.2	0	0.0
73.1	48.8	24.5	177.5	597.0	98.6	0	0.0
05	31	2018
56.9	48.6	13.8	98.9	266.7	31.6	0	0.0
55.0	44.8	10.9	79.0	249.5	29.2	0	0.0
53.9	46.9	12.3	128.6	228.2	10.4	8	0.0
59.8	39.8	7.4	274.7	534.0	82.6	0	0.0
64.2	38.8	5.0	193.3	569.2	90.3	0	0.0
63.8	43.5	6.9	127.9	588.2	86.1	0	0.0
69.2	45.9	13.1	126.2	619.1	97.9	3	0.0
69.8	50.7	10.7	172.4	613.0	91.7	0	0.0
67.9	47.9	10.0	249.6	574.7	88.4	0	0.0
68.6	50.9	12.2	95.8	622.0	83.7	44	0.0
54.1	51.8	12.8	57.9	221.2	0.7	40	0.0
51.6	49.6	10.8	37.5	222.2	0.0	1	0.0
54.2	52.0	6.2	125.0	223.1	0.0	2	0.0
61.1	56.7	7.0	205.0	253.2	18.1	30	0.0
65.0	55.4	5.0	162.9	577.6	83.7	0	0.0
69.0	55.9	6.2	122.9	574.7	87.2	0	0.0
73.2	56.0	13.3	135.4	601.7	86.8	0	0.0
63.1	57.7	10.6	89.4	349.5	19.1	81	0.0
53.1	51.7	11.1	74.7	228.4	0.0	112	0.0
53.5	49.7	7.5	164.0	234.5	18.8	1	0.0
61.0	55.0	6.8	119.9	439.3	39.2	0	0.0
71.9	60.1	9.1	150.1	637.8	81.6	1	0.0
74.7	61.6	14.0	163.3	535.1	76.0	0	0.0
74.7	60.1	10.4	159.7	623.2	75.3	0	0.0
76.1	55.4	6.9	246.0	643.2	95.8	0	0.0
77.4	60.0	6.5	178.2	667.2	100.0	0	0.0
79.5	57.4	13.7	176.6	668.2	98.6	0	0.0
67.0	58.4	15.5	142.5	512.4	33.7	31	0.0
63.0	59.1	6.3	141.0	415.8	34.4	22	0.0
70.2	58.5	9.0	221.4	674.3	92.0	0	0.0
73.4	61.0	6.5	182.4	675.9	98.3	0	0.0
06	30	2018
78.7	67.5	15.3	166.2	569.2	74.3	40	0.0
66.7	50.7	12.2	301.9	678.9	89.9	0	0.0
65.2	48.4	4.5	147.5	680.3	100.0	0	0.0
72.1	54.6	14.5	166.2	606.4	69.8	2	0.0
76.4	60.1	8.9	159.3	682.9	100.0	0	0.0
77.5	66.5	8.6	136.8	681.6	94.1	0	0.0
72.6	62.6	9.9	150.6	685.3	86.8	17	0.0
77.3	66.4	9.5	152.4	686.3	98.6	0	0.0
78.1	63.3	10.9	128.2	687.2	95.1	0	0.0
82.8	62.4	12.0	150.7	688.2	100.0	0	0.0
74.9	60.3	12.3	205.8	687.4	98.6	0	0.0
70.8	60.3	5.8	128.6	641.3	87.5	0	0.0
72.8	60.1	12.4	125.6	542.5	76.0	0	0.0
83.9	61.2	15.3	170.1	691.1	99.3	0	0.0
85.0	59.9	12.9	172.4	691.8	96.9	10	0.0
84.6	61.4	16.9	167.1	692.3	98.3	0	0.0
81.4	65.1	13.9	164.0	455.5	61.1	0	0.0
74.7	66.7	8.0	130.1	411.9	33.0	1	0.0
70.7	65.0	10.0	138.4	421.9	29.9	164	0.0
68.0	60.4	11.8	280.1	493.9	51.7	9	0.0
68.0	55.1	12.6	243.9	541.5	79.9	0	0.0
66.0	56.9	5.7	137.8	635.9	79.2	0	0.0
73.3	58.1	6.3	229.2	669.4	89.2	0	0.0
69.2	59.1	7.9	202.4	655.2	67.4	7	0.0
65.0	60.1	9.3	289.3	244.2	19.8	11	0.0
73.0	61.4	5.9	180.4	693.6	100.0	0	0.0
78.5	70.8	6.7	115.7	553.7	75.7	0	0.0
83.2	68.7	13.2	129.2	663.7	70.5	0	0.0
82.6	64.9	12.2	174.0	692.2	97.9	0	0.0
71.7	63.6	13.3	108.8	616.7	70.8	104	0.0
07	31	2018
68.3	57.8	6.1	206.7	685.0	97.2	0	0.0
76.7	67.8	12.5	158.5	498.1	74.7	0	0.0
82.0	70.7	11.9	160.6	678.6	92.0	0	0.0
80.6	67.4	11.8	135.1	687.9	74.7	199	0.0
71.8	66.2	7.8	110.8	657.7	72.6	29	0.0
74.6	68.3	6.5	122.2	443.8	55.9	0	0.0
78.3	68.3	10.7	162.6	684.5	98.6	0	0.0
78.8	66.2	11.2	168.9	686.1	100.0	0	0.0
78.7	64.5	5.8	137.1	685.1	100.0	1	0.0
78.1	64.1	7.5	138.3	684.0	100.0	0	0.0
80.8	67.6	9.9	161.5	682.8	100.0	0	0.0
82.2	67.6	10.5	164.4	681.6	94.4	0	0.0
73.4	67.4	5.7	66.8	411.7	43.8	8	0.0
73.2	66.6	3.3	78.2	460.0	46.9	0	0.0
75.0	68.2	5.4	75.6	590.3	76.0	0	0.0
75.0	67.8	5.2	72.6	534.6	66.0	0	0.0
74.9	67.9	8.5	109.6	529.4	48.6	28	0.0
75.9	69.4	6.6	134.0	488.1	42.7	1	0.0
78.2	67.1	4.8	137.6	665.6	95.1	0	0.0
76.2	68.3	5.4	78.9	524.5	83.3	0	0.0
76.3	68.4	6.3	105.8	558.0	76.4	0	0.0
77.6	66.6	8.7	132.2	649.6	86.5	1	0.0
74.9	62.5	6.7	66.7	629.2	75.3	1	0.0
72.8	59.9	5.1	132.9	526.4	81.9	0	0.0
72.3	64.4	5.9	114.6	528.2	64.2	24	0.0
70.7	61.5	3.1	66.2	618.4	69.1	1	0.0
68.8	60.7	5.0	104.2	535.2	73.6	0	0.0
69.3	63.6	6.6	82.2	372.7	33.0	2	0.0
69.3	62.6	6.3	99.3	404.7	17.4	49	0.0
62.8	58.2	4.7	201.9	457.5	59.4	26	0.0
66.5	54.1	4.0	189.6	645.9	100.0	0	0.0
08	31	2018
73.2	58.6	2.2	100.7	643.4	100.0	0	0.0
77.5	63.3	9.2	155.6	640.7	92.4	1	0.0
78.1	64.6	12.2	177.6	638.0	83.7	24	0.0
78.1	68.7	8.8	166.1	620.5	93.1	0	0.0
74.3	68.4	6.0	109.0	553.5	82.6	1	0.0
72.5	67.0	6.4	96.4	316.0	48.6	43	0.0
73.3	63.8	4.7	195.1	551.6	68.1	0	0.0
75.3	66.2	4.5	122.5	562.7	80.6	8	0.0
76.5	64.9	2.5	108.8	620.2	81.2	0	0.0
74.5	65.2	3.5	118.6	617.8	100.0	0	0.0
75.0	64.2	3.2	126.9	614.6	100.0	0	0.0
73.2	62.2	4.1	105.7	605.0	97.2	0	0.0
72.5	65.1	6.2	125.4	555.4	77.1	0	0.0
71.0	64.8	6.1	79.0	412.6	42.0	0	0.0
70.4	62.5	4.8	120.8	515.5	42.4	7	0.0
72.1	64.4	4.2	74.6	412.5	48.6	0	0.0
72.1	64.1	2.9	81.7	561.1	85.8	0	0.0
74.0	64.6	6.1	122.5	513.9	77.4	0	0.0
66.4	62.3	6.0	190.6	291.7	9.0	57	0.0
64.7	56.3	13.5	300.3	449.1	38.9	1	0.0
60.0	54.4	4.4	149.9	409.3	66.7	4	0.0
62.7	57.3	5.8	112.9	294.3	31.6	0	0.0
69.3	66.1	9.6	163.6	251.7	20.1	0	0.0
73.7	62.2	4.2	200.8	568.5	77.4	0	0.0
74.2	62.3	4.7	95.7	564.7	99.3	0	0.0
79.3	64.6	10.7	168.5	560.8	98.6	0	0.0
75.6	66.6	4.3	87.1	551.7	98.3	2	0.0
64.9	56.3	11.7	109.9	288.2	43.4	0	0.0
62.2	51.6	5.8	134.0	532.5	93.8	0	0.0
70.5	64.6	9.2	147.9	337.0	55.9	0	0.0
75.7	66.4	6.1	114.0	538.7	89.6	13	0.0
09	30	2018
71.9	63.0	7.0	134.2	450.3	80.2	1	0.0
70.4	65.2	5.4	104.9	420.0	60.1	0	0.0
70.6	66.2	7.4	137.9	185.8	3.8	2	0.0
71.9	66.4	5.4	118.3	275.5	9.4	64	0.0
66.6	62.1	8.8	139.7	265.5	9.7	25	0.0
67.2	58.8	6.2	63.9	448.4	32.6	0	0.0
67.3	61.1	7.6	72.5	511.4	76.4	25	0.0
64.9	60.0	7.2	111.0	507.0	100.0	1	0.0
66.1	60.2	10.9	163.3	502.6	100.0	0	0.0
69.2	59.7	11.2	167.2	498.1	100.0	0	0.0
71.2	61.7	14.4	160.8	480.0	79.5	0	0.0
71.1	62.5	14.5	149.6	437.4	87.8	0	0.0
76.2	65.8	15.0	164.0	331.6	51.7	0	0.0
77.5	66.8	12.3	156.2	435.2	65.3	0	0.0
77.4	64.3	11.4	158.1	470.4	89.6	0	0.0
75.0	64.6	10.4	167.8	401.3	94.7	0	0.0
78.2	63.5	7.7	145.8	466.7	100.0	0	0.0
75.7	62.6	9.9	93.8	451.1	96.5	0	0.0
79.2	63.9	10.0	144.1	430.6	86.5	0	0.0
71.1	62.9	7.5	229.4	246.8	45.8	3	0.0
57.1	44.5	7.8	181.1	448.2	100.0	0	0.0
60.1	44.4	12.2	160.8	443.5	100.0	0	0.0
66.7	48.5	12.5	163.2	438.8	100.0	0	0.0
63.1	52.4	10.1	114.6	363.9	70.5	0	0.0
55.9	44.2	10.8	230.3	296.9	52.4	7	0.0
56.2	37.7	9.0	190.6	424.6	100.0	0	0.0
61.2	39.0	9.7	97.1	419.9	100.0	0	0.0
47.4	38.1	10.1	56.7	145.3	11.1	0	0.0
48.8	42.5	9.2	127.2	160.2	5.6	0	0.0
48.3	45.3	9.7	48.5	282.9	36.1	0	0.0
10	31	2018
51.5	46.6	6.2	140.8	170.1	23.3	1	0.0
56.0	52.6	5.6	128.9	183.7	23.6	1	0.0
69.6	50.0	14.1	183.2	391.4	100.0	0	0.0
38.5	32.7	9.2	83.9	142.6	15.3	11	0.0
44.9	40.6	6.6	192.8	163.4	23.3	0	0.0
48.0	36.3	7.8	142.9	358.0	48.3	0	0.0
44.9	42.0	9.1	70.7	130.5	0.0	5	0.0
44.4	42.2	9.1	156.0	128.9	0.0	18	0.0
41.6	38.8	13.5	283.8	127.3	0.0	50	0.0
38.8	32.8	14.0	324.4	128.6	16.3	3	0.0
39.1	30.2	5.5	230.1	313.4	61.5	7	0.0
43.9	34.8	6.3	187.4	230.5	44.1	5	0.0
48.4	39.4	8.3	104.7	166.8	35.8	5	0.0
32.5	25.1	14.6	303.9	119.3	0.3	6	6.8
34.4	22.3	6.8	257.4	336.4	93.8	0	0.0
46.1	31.9	7.9	287.0	331.9	100.0	0	0.0
49.1	35.5	4.7	189.4	327.4	100.0	0	0.0
54.4	42.9	12.6	196.8	243.2	50.7	0	0.0
54.5	38.7	10.8	281.0	318.5	91.3	0	0.0
48.0	31.6	7.2	222.2	314.1	100.0	0	0.0
55.7	35.6	8.8	152.6	309.7	100.0	0	0.0
51.5	34.1	6.6	62.5	305.4	100.0	0	0.0
48.3	33.3	6.7	105.6	301.0	100.0	0	0.0
51.8	41.7	9.8	162.8	153.6	32.3	11	0.0
46.0	42.5	5.3	188.8	107.2	29.9	15	0.0
52.1	38.5	8.6	292.5	285.6	69.4	0	0.0
55.1	38.8	8.9	262.6	281.9	85.1	0	0.0
51.1	34.1	7.4	241.1	280.0	99.3	0	0.0
54.3	40.4	7.9	166.0	276.0	100.0	0	0.0
48.0	37.4	9.7	251.5	204.5	70.5	0	0.0
44.1	30.4	3.9	199.6	235.8	85.1	0	0.0
11	30	2018
41.5	27.8	6.9	219.6	212.8	64.2	0	0.0
41.9	31.1	9.4	241.1	174.7	47.6	1	0.0
42.3	37.2	12.5	251.5	92.6	5.2	3	0.0
43.9	32.8	9.5	254.3	181.4	18.4	0	0.0
45.6	35.3	14.5	280.6	163.9	61.5	0	0.0
36.9	27.8	5.3	239.9	193.7	75.0	0	0.0
31.4	20.5	6.4	209.4	149.9	22.2	3	8.5
29.5	26.3	5.7	179.4	83.4	17.4	2	5.1
19.4	9.9	11.7	266.9	224.1	69.4	0	0.0
23.4	17.9	8.6	165.0	139.4	67.4	0	0.0
30.6	23.6	7.2	207.8	89.6	49.3	0	0.0
21.8	12.7	11.0	272.8	142.8	56.9	0	0.0
26.7	14.2	4.3	200.6	220.7	92.4	0	0.0
37.1	25.1	5.9	181.9	219.1	100.0	0	0.0
40.3	25.6	10.7	286.7	216.1	100.0	0	0.0
42.4	27.4	10.6	193.1	213.3	95.1	0	0.0
25.2	19.6	15.6	68.6	73.7	2.8	0	0.0
24.4	18.2	6.8	230.8	207.8	95.5	0	0.0
35.9	28.8	8.2	240.6	110.6	28.5	0	0.0
37.5	26.5	5.0	204.2	202.6	92.4	0	0.0
40.2	25.2	5.6	210.3	200.1	100.0	0	0.0
44.4	30.4	7.1	113.3	197.7	99.3	0	0.0
45.9	31.4	11.4	263.8	186.6	76.4	0	0.0
37.2	30.2	8.6	139.6	97.2	34.0	9	6.8
27.7	23.1	21.2	287.2	66.8	0.0	0	0.0
28.4	24.1	6.8	256.0	103.2	30.6	0	0.0
26.8	24.9	8.2	151.1	65.3	11.5	0	0.0
37.3	32.2	7.0	203.9	127.8	62.5	0	0.0
39.0	35.5	5.5	211.8	91.0	26.0	0	0.0
36.2	34.4	8.5	91.2	168.0	33.3	18	0.0
12	31	2018
34.0	32.1	19.0	212.6	62.6	0.0	33	30.5
28.0	23.9	17.3	333.9	62.0	0.0	1	2.5
23.7	19.4	8.5	205.0	61.5	0.0	0	0.0
26.4	21.3	8.3	272.8	111.7	41.3	0	0.0
22.4	16.4	6.7	266.5	172.5	85.4	0	0.0
24.5	19.4	7.2	217.1	114.0	29.2	1	3.1
21.1	16.7	5.3	187.1	169.8	94.8	0	0.0
19.6	15.3	4.3	121.0	155.9	70.5	0	0.0
21.7	16.2	8.5	293.9	167.3	97.2	0	0.0
24.5	16.9	5.6	229.9	166.2	100.0	0	0.0
28.2	22.2	9.3	273.1	165.2	100.0	0	0.0
31.0	24.4	6.6	204.4	164.3	99.0	0	0.0
35.7	28.5	16.5	324.3	163.3	66.0	0	0.0
30.1	23.9	6.0	238.8	162.6	100.0	0	0.0
33.1	25.5	4.5	180.4	161.9	100.0	0	0.0
35.4	26.5	5.3	215.8	161.2	100.0	0	0.0
38.9	27.5	6.6	116.1	160.7	100.0	0	0.0
37.2	29.7	3.8	157.8	160.2	100.0	0	0.0
38.5	30.1	11.9	290.3	125.4	81.2	0	0.0
36.2	26.2	14.3	309.9	159.5	100.0	0	0.0
34.7	23.8	6.9	204.9	159.2	100.0	0	0.0
32.9	25.9	9.1	295.7	81.7	59.0	0	0.0
29.3	20.1	5.7	231.2	159.0	100.0	0	0.0
31.6	27.1	1.9	74.4	152.6	87.2	0	0.0
30.5	26.2	5.0	116.2	159.0	78.1	0	0.0
35.0	33.8	9.4	137.5	55.7	0.0	64	37.2
21.5	17.3	27.7	336.1	55.8	0.0	6	34.6
14.7	8.5	16.1	312.2	138.2	58.3	0	0.0
14.2	9.4	8.3	180.4	160.1	97.2	0	0.0
26.7	18.2	5.2	176.7	160.6	83.3	0	0.0
18.4	12.1	20.8	286.4	56.4	34.4	0	0.0
