   1    31    1987
34.7	28.3	5.2	194.2	194.3	88.0	.0	.0	
30.2	26.9	7.5	268.3	121.8	98.0	.0	5.1	
27.8	24.5	5.6	172.1	139.3	64.0	.0	.0	
30.5	24.9	7.4	56.3	138.1	58.0	.0	.0	
33.1	22.2	5.6	72.5	241.4	4.0	.0	.0	
45.6	22.4	10.5	190.0	184.3	62.0	.0	.0	
40.9	29.2	8.1	298.3	113.8	98.0	.0	.0	
35.5	25.7	4.9	232.9	123.6	87.0	.0	.0	
34.4	27.5	7.7	128.8	145.3	66.0	6.0	.0	
34.9	30.3	12.2	248.3	113.8	98.0	4.0	.0	
31.2	25.8	13.2	264.2	129.6	97.0	.0	7.6	
33.6	25.7	10.3	242.5	254.0	23.0	.0	.0	
39.0	28.8	5.9	188.8	234.8	23.0	.0	.0	
46.3	32.8	6.3	189.6	110.8	90.0	.0	.0	
44.5	42.7	6.5	212.5	127.3	98.0	3.0	.0	
33.7	29.7	6.8	32.1	125.6	98.0	.0	.0	
34.5	28.5	5.6	73.3	140.2	98.0	.0	.0	
39.3	37.1	7.2	104.6	96.3	98.0	40.0	.0	
34.4	30.4	15.1	198.3	130.3	98.0	39.0	.0	
29.8	21.6	6.2	247.1	179.7	95.0	.0	.0	
25.0	17.9	4.8	186.7	213.8	64.0	.0	.0	
28.7	22.3	8.0	214.6	131.4	98.0	.0	5.1	
13.2	.0	11.0	263.8	273.3	20.0	.0	.0	
12.5	1.2	6.3	176.7	132.8	92.0	.0	.0	
16.8	8.7	10.5	50.0	146.3	98.0	.0	22.9	
14.7	5.9	6.7	313.8	279.0	38.0	.0	.0	
15.5	11.1	6.0	189.6	141.5	64.0	.0	15.2	
27.0	22.1	4.6	213.3	179.8	97.0	.0	2.5	
37.5	28.0	9.6	165.4	140.7	98.0	15.0	.0	
37.5	30.4	11.4	261.7	133.6	73.0	.0	.0	
34.6	24.5	6.3	257.1	203.3	88.0	.0	.0	
   2    28    1987
42.0	29.4	7.8	212.9	126.2	98.0	19.0	.0	
42.4	39.3	5.2	207.1	167.9	83.0	1.0	.0	
40.1	35.2	7.5	282.9	151.4	92.0	.0	.0	
37.3	25.7	4.5	62.5	303.5	51.0	.0	.0	
36.7	23.6	5.7	60.8	270.0	75.0	.0	.0	
40.6	22.0	4.3	133.8	229.2	85.0	.0	.0	
41.1	25.9	4.7	238.3	330.2	25.0	.0	.0	
34.2	24.6	14.6	280.8	129.5	73.0	2.0	.0	
23.4	8.1	6.7	269.2	341.3	31.0	.0	.0	
34.0	14.1	7.0	203.8	329.9	22.0	.0	.0	
44.0	24.9	5.3	185.4	279.9	71.0	.0	.0	
48.5	37.5	9.1	293.8	296.9	55.0	.0	.0	
37.8	21.9	5.1	124.2	306.9	61.0	.0	.0	
39.4	34.0	4.5	150.0	144.6	78.0	41.0	.0	
34.6	21.6	12.4	42.5	218.2	96.0	.0	.0	
25.6	21.0	13.5	53.3	126.0	98.0	.0	63.5	
31.3	29.3	7.8	69.6	186.1	98.0	.0	45.7	
31.4	28.8	5.1	51.7	223.5	98.0	.0	20.3	
29.7	27.2	5.4	62.9	213.3	98.0	.0	.0	
35.6	30.5	5.1	72.5	204.7	98.0	.0	.0	
38.2	34.3	3.4	107.9	176.1	93.0	.0	.0	
38.9	37.5	4.5	126.7	147.9	98.0	54.0	.0	
36.3	27.1	5.0	250.4	323.2	26.0	.0	.0	
38.4	26.0	6.2	79.2	258.5	77.0	.0	.0	
41.8	26.1	6.3	65.8	260.9	94.0	.0	.0	
41.8	23.5	7.2	60.0	178.5	98.0	11.0	.0	
43.1	41.0	10.9	114.2	116.5	98.0	53.0	.0	
50.0	46.3	9.8	131.3	158.6	93.0	130.0	.0	
   3    31    1987
44.2	38.8	16.0	229.2	161.8	93.0	10.0	.0	
41.3	28.4	8.2	254.2	365.0	48.0	.0	.0	
42.2	22.4	6.5	292.5	425.4	14.0	.0	.0	
37.3	17.0	5.2	166.3	420.5	48.0	.0	.0	
46.7	24.1	6.5	154.6	206.8	93.0	.0	.0	
54.3	30.2	6.3	165.4	445.2	2.0	.0	.0	
55.2	31.5	4.3	105.8	420.2	28.0	.0	.0	
56.5	37.0	5.5	57.5	253.7	98.0	2.0	.0	
43.3	35.3	10.9	130.4	224.5	98.0	.0	.0	
28.6	13.8	11.0	51.7	386.1	98.0	.0	.0	
35.0	18.2	5.6	181.3	330.1	68.0	.0	.0	
35.9	17.6	5.0	306.3	441.5	28.0	.0	.0	
35.9	21.5	4.4	131.3	264.3	53.0	.0	.0	
47.7	27.8	7.9	189.2	440.3	70.0	.0	.0	
51.4	37.5	6.5	111.7	254.9	98.0	44.0	.0	
41.4	38.2	7.2	60.8	248.4	94.0	11.0	.0	
43.0	20.1	12.9	73.3	414.3	82.0	.0	.0	
48.2	31.3	9.5	93.3	176.2	98.0	52.0	.0	
50.4	47.6	4.9	202.1	246.1	87.0	24.0	.0	
46.7	25.0	4.9	110.4	458.9	50.0	.0	.0	
47.2	23.0	4.8	82.1	447.9	49.0	.0	.0	
48.0	30.3	5.4	64.2	428.2	47.0	.0	.0	
56.9	31.2	6.0	94.6	533.2	12.0	.0	.0	
55.6	38.6	10.3	135.8	208.0	92.0	14.0	.0	
57.2	40.9	12.8	214.6	477.1	38.0	1.0	.0	
51.3	37.4	6.1	188.8	476.4	46.0	.0	.0	
55.2	42.8	5.4	107.1	206.4	88.0	5.0	.0	
56.5	43.3	4.8	107.9	471.0	9.0	.0	.0	
61.4	48.5	8.9	157.1	390.4	52.0	82.0	.0	
38.5	37.1	9.1	304.6	166.0	98.0	62.0	.0	
28.5	22.0	9.6	275.4	279.3	73.0	.0	15.2	
   4    30    1987
41.2	27.3	9.2	203.3	437.3	65.0	.0	.0	
37.0	26.8	7.6	287.5	225.5	95.0	29.0	.0	
32.8	19.7	7.4	148.3	274.0	91.0	.0	.0	
31.9	25.4	12.9	308.8	233.5	98.0	.0	22.9	
37.8	34.0	7.1	303.8	249.8	98.0	.0	.0	
42.7	38.6	6.4	302.5	228.0	97.0	.0	.0	
49.2	43.7	5.9	274.6	298.4	98.0	.0	.0	
52.9	36.3	7.5	238.3	595.2	8.0	.0	.0	
51.7	34.7	5.7	104.2	611.5	2.0	.0	.0	
57.0	33.7	7.0	167.5	565.1	41.0	.0	.0	
55.9	40.0	10.7	220.0	495.3	82.0	5.0	.0	
55.3	40.7	7.4	243.3	510.9	81.0	13.0	.0	
57.3	42.7	8.0	95.4	294.4	86.0	.0	.0	
63.1	55.1	11.7	160.0	349.9	96.0	129.0	.0	
55.5	50.9	6.2	178.3	303.9	95.0	10.0	.0	
52.1	49.1	4.2	234.2	225.6	98.0	.0	.0	
53.7	49.1	5.5	298.8	305.4	95.0	.0	.0	
59.1	49.6	5.3	108.3	564.4	19.0	.0	.0	
64.9	49.8	4.5	129.6	617.9	2.0	.0	.0	
68.6	52.4	4.8	65.0	576.6	3.0	.0	.0	
71.4	54.2	4.0	131.3	565.4	25.0	.0	.0	
70.3	56.3	6.4	150.0	410.8	76.0	21.0	.0	
59.1	46.2	4.2	215.4	385.8	96.0	.0	.0	
52.4	44.8	8.3	282.1	297.9	89.0	7.0	.0	
52.2	35.3	8.4	42.5	657.9	18.0	.0	.0	
57.7	39.5	5.3	157.5	613.6	8.0	.0	.0	
60.8	45.8	7.4	204.2	500.5	54.0	.0	.0	
54.4	32.4	7.7	310.0	584.2	26.0	.0	.0	
63.7	40.0	11.1	220.4	623.4	13.0	.0	.0	
61.2	38.2	7.0	64.2	668.9	10.0	.0	.0	
   5    31    1987
61.9	40.1	5.4	161.3	661.5	7.0	.0	.0	
71.5	52.8	6.5	216.3	582.2	52.0	.0	.0	
64.9	60.7	5.8	183.3	274.3	98.0	70.0	.0	
56.5	48.2	8.9	52.1	426.0	75.0	13.0	.0	
56.7	43.8	6.7	61.3	610.5	30.0	.0	.0	
59.8	41.3	4.7	167.9	601.5	65.0	.0	.0	
62.9	43.2	6.4	207.9	641.5	35.0	.0	.0	
61.4	40.8	4.7	156.7	633.9	6.0	.0	.0	
65.0	44.1	4.2	150.4	700.3	2.0	.0	.0	
69.7	52.9	4.8	173.3	658.8	5.0	.0	.0	
71.6	56.6	5.3	206.7	595.0	33.0	.0	.0	
69.7	60.0	5.6	161.3	441.2	81.0	.0	.0	
70.1	57.1	5.0	87.1	661.4	15.0	.0	.0	
73.9	64.3	5.8	180.0	586.7	44.0	.0	.0	
68.7	60.7	5.9	145.0	363.0	61.0	10.0	.0	
65.0	46.8	4.6	67.1	700.8	2.0	.0	.0	
74.0	61.4	4.6	165.8	614.0	13.0	.0	.0	
75.3	64.2	6.9	196.3	542.6	64.0	.0	.0	
71.8	69.1	4.7	185.8	339.7	94.0	59.0	.0	
75.6	70.8	3.9	163.8	466.1	88.0	1.0	.0	
74.8	71.6	4.2	177.9	435.6	62.0	.0	.0	
74.8	68.7	5.3	188.8	421.6	71.0	.0	.0	
74.8	66.3	3.4	174.2	595.5	75.0	.0	.0	
71.5	64.1	5.0	86.7	417.9	85.0	13.0	.0	
72.7	67.3	6.0	152.5	491.3	68.0	12.0	.0	
75.6	66.5	7.4	188.8	608.9	39.0	.0	.0	
78.3	65.8	5.0	161.3	562.7	28.0	.0	.0	
77.9	68.1	4.6	168.8	491.9	50.0	.0	.0	
79.7	68.3	4.1	165.4	563.8	37.0	.0	.0	
75.3	65.6	5.8	195.8	568.7	73.0	2.0	.0	
73.4	65.7	5.6	213.8	534.6	74.0	.0	.0	
   6    30    1987
73.7	66.8	4.9	217.1	433.2	63.0	2.0	.0	
72.9	69.0	5.5	176.7	387.1	63.0	81.0	.0	
75.0	66.7	6.1	266.3	503.3	79.0	.0	.0	
71.3	53.2	5.4	278.3	658.6	38.0	.0	.0	
67.0	48.8	4.0	157.1	712.1	2.0	.0	.0	
73.2	51.8	4.4	118.8	680.1	13.0	.0	.0	
76.2	56.4	6.0	208.3	649.9	50.0	.0	.0	
77.6	60.4	6.5	226.3	617.3	30.0	.0	.0	
74.2	63.8	6.3	197.9	470.7	82.0	86.0	.0	
66.0	47.9	7.7	72.1	618.3	89.0	.0	.0	
73.7	59.0	4.9	167.1	386.2	96.0	.0	.0	
73.2	69.0	6.3	221.7	262.4	97.0	106.0	.0	
77.0	67.0	5.5	236.3	599.0	73.0	.0	.0	
78.2	66.3	4.1	172.9	674.2	26.0	.0	.0	
79.3	68.5	4.6	199.6	435.7	95.0	.0	.0	
75.4	68.5	4.9	167.5	362.1	96.0	167.0	.0	
76.3	64.4	5.8	87.5	601.7	74.0	.0	.0	
77.5	67.6	5.6	159.2	411.2	73.0	.0	.0	
76.0	68.4	6.5	187.1	504.6	75.0	.0	.0	
74.0	69.5	5.9	200.4	321.5	90.0	63.0	.0	
74.9	70.0	7.2	202.9	378.6	73.0	60.0	.0	
73.6	68.6	7.0	219.2	362.0	93.0	78.0	.0	
76.7	68.5	4.8	220.4	529.3	65.0	9.0	.0	
77.6	67.6	4.3	181.3	567.5	75.0	.0	.0	
74.2	69.4	4.8	201.7	415.9	87.0	3.0	.0	
73.4	61.4	5.1	274.6	598.6	65.0	.0	.0	
67.8	49.7	6.4	204.6	641.5	22.0	.0	.0	
70.5	52.3	3.9	180.0	656.2	27.0	.0	.0	
78.4	64.7	6.4	215.0	615.5	55.0	4.0	.0	
79.0	62.7	4.8	209.2	642.6	50.0	.0	.0	
   7    31    1987
73.9	68.7	6.3	176.3	294.7	98.0	54.0	.0	
73.0	67.0	6.1	243.8	421.4	71.0	13.0	.0	
75.9	69.2	3.7	174.6	416.4	85.0	2.0	.0	
76.3	69.6	4.1	188.3	428.3	90.0	14.0	.0	
74.0	67.2	5.9	187.5	508.2	89.0	5.0	.0	
75.8	68.9	8.9	225.0	495.3	72.0	22.0	.0	
75.9	69.0	7.5	210.4	568.7	83.0	22.0	.0	
78.0	70.0	5.0	185.8	574.2	69.0	.0	.0	
77.6	71.1	4.5	194.2	496.6	87.0	.0	.0	
77.3	70.5	3.8	176.7	474.6	63.0	.0	.0	
74.5	68.7	5.5	185.0	432.2	65.0	1.0	.0	
77.0	69.5	5.0	176.7	514.2	58.0	.0	.0	
74.8	69.9	6.0	240.0	363.6	84.0	132.0	.0	
70.7	61.1	6.6	274.6	565.1	61.0	1.0	.0	
66.8	55.9	5.2	165.8	469.4	60.0	52.0	.0	
70.0	57.0	4.6	195.0	714.0	7.0	3.0	.0	
75.1	60.6	4.7	128.8	646.0	12.0	.0	.0	
78.3	63.4	4.6	166.7	613.5	22.0	.0	.0	
80.3	66.0	4.9	184.6	597.6	12.0	.0	.0	
81.3	66.7	4.5	159.2	634.7	15.0	.0	.0	
80.6	67.1	3.6	150.4	608.3	40.0	.0	.0	
81.0	66.7	3.1	112.5	528.9	45.0	.0	.0	
82.0	65.8	4.0	177.9	650.2	8.0	.0	.0	
81.5	67.8	4.4	175.0	638.4	9.0	.0	.0	
81.8	67.5	5.5	210.0	629.5	24.0	.0	.0	
80.0	70.0	6.0	238.3	592.2	45.0	11.0	.0	
74.7	68.2	6.5	237.1	413.3	71.0	16.0	.0	
75.5	65.0	5.4	145.8	519.5	71.0	.0	.0	
77.2	60.1	4.8	87.9	625.3	48.0	.0	.0	
75.8	67.1	3.7	149.2	288.4	82.0	.0	.0	
79.3	70.3	3.9	224.6	453.5	70.0	.0	.0	
   8    31    1987
79.0	71.6	4.3	169.6	402.7	72.0	148.0	.0	
83.5	72.0	5.4	192.1	606.2	29.0	.0	.0	
81.7	72.2	6.6	201.3	510.2	75.0	140.0	.0	
78.4	71.1	5.8	233.3	437.6	86.0	30.0	.0	
78.9	70.6	5.2	192.1	423.0	79.0	8.0	.0	
80.1	69.8	5.9	69.2	564.6	36.0	.0	.0	
81.3	67.6	4.8	157.1	629.0	16.0	.0	.0	
81.9	70.0	5.2	177.5	546.6	52.0	.0	.0	
79.1	72.5	7.6	208.8	395.0	89.0	23.0	.0	
74.0	66.3	6.0	229.2	288.6	76.0	.0	.0	
74.9	64.9	6.3	40.0	507.6	37.0	.0	.0	
78.2	65.5	3.7	165.4	616.7	7.0	.0	.0	
81.3	69.9	6.5	167.1	393.2	86.0	.0	.0	
80.8	63.8	7.0	141.7	610.6	26.0	.0	.0	
80.5	63.5	5.4	173.8	593.9	27.0	.0	.0	
80.4	64.4	6.9	199.6	517.8	45.0	.0	.0	
78.1	68.7	8.9	212.1	376.8	80.0	.0	.0	
77.2	58.4	4.5	122.5	588.4	50.0	.0	.0	
75.5	58.8	5.4	229.2	577.2	15.0	.0	.0	
75.9	52.7	5.8	117.9	608.0	8.0	.0	.0	
78.3	61.4	6.5	197.1	392.7	53.0	.0	.0	
83.6	66.8	11.4	256.7	548.9	41.0	.0	.0	
71.5	53.1	6.8	219.6	553.3	50.0	.0	.0	
68.9	49.3	5.8	158.8	528.9	53.0	.0	.0	
70.6	54.7	6.2	85.4	320.0	91.0	.0	.0	
80.8	64.6	9.9	192.5	555.0	37.0	.0	.0	
76.1	67.8	8.1	209.2	326.8	84.0	69.0	.0	
70.6	66.4	7.5	248.3	352.2	87.0	.0	.0	
66.7	56.2	5.1	163.3	439.5	36.0	.0	.0	
67.8	53.6	4.2	122.9	488.4	38.0	.0	.0	
69.0	55.0	7.9	249.6	408.5	51.0	.0	.0	
   9    30    1987
65.6	43.3	5.4	197.9	596.4	2.0	.0	.0	
67.7	45.4	4.7	174.2	520.8	16.0	.0	.0	
71.6	51.2	6.6	83.3	519.7	23.0	.0	.0	
74.5	57.0	7.3	98.3	491.4	30.0	.0	.0	
73.9	58.2	9.0	101.3	443.1	65.0	.0	.0	
72.8	63.3	5.2	117.9	257.4	94.0	.0	.0	
74.2	67.7	4.6	104.6	258.3	94.0	.0	.0	
71.9	63.3	4.3	187.9	330.5	85.0	.0	.0	
71.5	60.6	3.3	164.6	461.9	55.0	.0	.0	
74.1	60.3	5.4	162.5	463.8	34.0	.0	.0	
71.6	64.3	6.6	170.4	259.3	98.0	11.0	.0	
70.3	65.2	6.2	165.0	298.3	69.0	3.0	.0	
70.7	63.0	6.0	184.2	345.9	58.0	.0	.0	
73.6	58.3	4.7	210.4	458.9	25.0	.0	.0	
74.5	59.6	6.3	187.1	307.0	88.0	.0	.0	
74.9	64.2	8.2	176.3	322.9	97.0	4.0	.0	
76.5	64.0	10.7	227.9	393.4	79.0	.0	.0	
71.4	59.9	7.6	255.8	347.3	55.0	.0	.0	
65.0	59.4	4.4	213.8	271.9	76.0	11.0	.0	
65.2	47.9	7.2	225.0	452.8	53.0	.0	.0	
63.0	46.5	7.5	228.3	356.9	67.0	.0	.0	
57.9	49.4	7.1	263.3	299.8	63.0	.0	.0	
59.1	50.0	5.4	239.6	406.7	34.0	.0	.0	
62.9	47.6	6.1	228.8	469.5	2.0	.0	.0	
63.9	47.2	5.1	76.7	486.8	2.0	.0	.0	
66.9	45.7	4.9	129.2	488.5	12.0	.0	.0	
69.7	47.6	5.5	143.8	396.2	38.0	.0	.0	
70.6	52.8	7.4	171.3	355.9	39.0	.0	.0	
64.8	59.2	8.6	213.3	175.5	71.0	62.0	.0	
60.3	49.2	7.4	299.6	348.6	62.0	.0	.0	
  10    31    1987
53.9	34.1	6.0	207.9	486.9	2.0	.0	.0	
56.2	38.6	11.8	253.3	302.5	41.0	.0	.0	
46.9	32.6	9.3	306.7	315.9	55.0	.0	.0	
48.7	28.7	4.1	155.8	475.6	2.0	.0	.0	
57.6	33.3	8.8	191.3	397.4	44.0	.0	.0	
55.9	42.5	8.7	245.8	208.8	97.0	4.0	.0	
45.5	37.0	8.9	261.3	199.4	88.0	1.0	.0	
46.3	30.3	6.2	244.6	416.7	30.0	.0	.0	
54.0	35.5	8.7	185.4	274.7	84.0	.0	.0	
61.3	44.4	6.6	251.3	244.0	93.0	2.0	.0	
47.3	44.9	6.9	168.8	188.7	90.0	15.0	.0	
46.3	33.5	5.5	87.1	383.7	40.0	.0	.0	
46.7	29.9	7.3	55.4	435.1	2.0	.0	.0	
51.3	31.1	5.7	128.3	382.8	2.0	.0	.0	
55.7	33.4	5.3	154.2	417.2	2.0	.0	.0	
58.9	34.6	9.5	182.1	364.7	23.0	.0	.0	
58.2	39.9	10.5	232.9	266.0	41.0	.0	.0	
53.7	39.7	8.3	118.3	379.0	9.0	.0	.0	
57.4	40.5	9.8	183.3	241.3	80.0	7.0	.0	
51.0	49.4	9.7	239.2	160.0	85.0	13.0	.0	
39.6	23.2	9.9	273.8	280.0	35.0	.0	.0	
42.6	20.6	9.6	175.8	376.2	5.0	.0	.0	
56.7	27.8	10.3	200.0	161.6	97.0	.0	.0	
59.3	36.4	12.0	199.6	227.1	90.0	.0	.0	
47.4	30.7	10.4	51.7	344.2	54.0	.0	.0	
56.5	38.8	9.2	147.1	281.0	63.0	.0	.0	
51.3	39.0	10.8	276.3	249.3	65.0	9.0	.0	
42.5	27.6	7.7	256.7	315.9	29.0	.0	.0	
44.5	33.2	9.5	175.8	148.7	91.0	4.0	.0	
60.3	44.1	10.4	200.4	321.9	33.0	.0	.0	
65.2	51.8	8.5	180.4	308.2	30.0	.0	.0	
  11    30    1987
66.3	46.8	7.4	147.5	323.2	31.0	.0	.0	
67.6	48.5	7.9	170.8	299.5	45.0	.0	.0	
65.0	47.4	8.4	197.9	287.3	31.0	.0	.0	
64.0	47.6	9.4	212.1	286.7	39.0	.0	.0	
50.2	26.7	10.4	321.3	327.8	3.0	.0	.0	
42.6	14.3	6.7	230.0	262.7	28.0	.0	.0	
53.7	23.5	8.8	188.8	177.2	96.0	1.0	.0	
62.0	36.1	10.6	202.5	182.2	96.0	.0	.0	
51.1	50.5	10.1	148.3	88.4	98.0	68.0	.0	
33.8	31.5	14.2	116.3	153.7	94.0	38.0	.0	
33.5	24.6	9.9	294.2	230.3	50.0	.0	.0	
38.4	24.6	10.3	208.3	302.6	2.0	.0	.0	
48.4	30.3	10.8	202.5	289.2	5.0	.0	.0	
49.2	30.3	8.6	172.9	277.5	16.0	.0	.0	
53.4	29.7	9.6	137.1	244.9	51.0	.0	.0	
61.8	44.0	14.4	145.8	179.4	88.0	.0	.0	
58.5	51.0	13.9	206.3	154.5	76.0	47.0	.0	
42.6	31.7	8.7	207.9	190.5	55.0	.0	.0	
40.2	30.2	7.0	163.3	245.8	46.0	.0	.0	
34.0	20.6	12.9	287.5	160.3	60.0	.0	.0	
27.8	13.2	5.3	211.7	285.3	2.0	.0	.0	
38.8	13.8	8.7	156.3	287.3	2.0	.0	.0	
48.3	29.0	11.4	197.9	116.5	85.0	5.0	.0	
52.8	50.4	7.7	157.9	85.6	95.0	53.0	.0	
60.2	49.1	10.8	196.3	170.6	86.0	.0	.0	
53.1	49.0	6.4	49.2	124.8	88.0	.0	.0	
51.4	48.3	7.0	66.7	138.9	85.0	10.0	.0	
56.9	51.9	9.1	163.3	116.3	93.0	49.0	.0	
40.6	35.1	8.2	230.4	128.6	94.0	.0	.0	
38.4	32.4	7.0	238.8	121.1	98.0	1.0	.0	
  12    31    1987
35.1	31.9	11.3	268.3	116.6	98.0	2.0	.0	
31.9	23.0	8.5	233.3	109.9	75.0	.0	7.6	
40.8	31.9	13.9	221.7	94.4	98.0	6.0	.0	
33.9	25.9	11.2	307.9	97.4	98.0	.0	.0	
29.7	19.6	6.1	245.8	218.2	19.0	.0	.0	
35.2	22.3	7.6	112.1	150.8	74.0	.0	.0	
47.2	31.1	7.5	120.4	172.7	93.0	.0	.0	
55.2	37.3	9.4	163.8	142.8	87.0	2.0	.0	
53.7	46.7	10.1	233.3	151.5	62.0	16.0	.0	
41.2	33.8	4.2	180.8	161.6	45.0	.0	.0	
43.8	34.7	8.8	197.5	121.2	59.0	2.0	.0	
42.7	28.2	9.6	250.8	233.7	5.0	.0	.0	
35.5	25.3	5.5	229.2	183.5	60.0	21.0	.0	
37.2	35.6	9.6	100.4	85.6	98.0	86.0	.0	
40.9	30.8	18.7	220.0	127.4	91.0	29.0	.0	
28.9	19.6	14.5	265.4	125.0	98.0	.0	.0	
26.8	17.8	5.6	248.3	109.0	98.0	.0	.0	
31.3	19.4	6.4	139.2	216.9	60.0	.0	.0	
42.0	30.8	9.0	164.2	85.7	98.0	22.0	.0	
47.7	42.0	13.5	249.6	107.2	98.0	.0	.0	
32.6	25.7	3.6	140.8	110.0	72.0	.0	.0	
34.2	28.1	7.4	186.7	97.2	62.0	1.0	.0	
41.2	30.9	6.0	147.1	215.1	54.0	.0	.0	
50.2	41.2	9.3	176.7	94.9	85.0	41.0	.0	
52.4	51.5	8.5	121.3	66.2	98.0	235.0	.0	
38.5	36.3	9.3	62.5	110.7	98.0	56.0	.0	
38.8	36.6	8.8	62.1	93.2	98.0	21.0	.0	
41.2	35.9	11.6	196.7	150.0	86.0	22.0	.0	
30.4	22.0	9.3	220.0	147.0	58.0	.0	2.5	
29.4	17.4	7.6	126.3	212.1	52.0	.0	.0	
44.1	38.3	11.1	217.8	84.0	98.0	51.0	.0	
