   1    31    1974
23.9	16.2	8.1	247.1	118.7	96.0	.0	.0	
23.9	19.3	9.3	66.1	103.9	98.0	.0	.0	
30.5	28.4	4.5	248.3	76.3	98.0	.0	203.2	
26.9	22.7	8.1	153.3	123.0	98.0	.0	.0	
29.8	26.5	5.0	180.4	120.5	98.0	.0	.0	
31.3	29.0	5.2	165.8	84.1	98.0	.0	.0	
28.3	24.1	6.7	219.2	130.9	90.0	.0	.0	
31.4	26.9	8.4	106.3	103.6	98.0	.0	83.8	
37.1	34.4	8.9	177.5	131.8	98.0	22.0	.0	
36.9	34.4	6.8	101.3	78.9	98.0	267.0	.0	
32.5	28.2	9.7	285.0	127.0	98.0	28.0	.0	
20.8	12.6	8.3	219.2	208.2	75.0	.0	.0	
28.7	17.1	9.7	101.7	129.2	97.0	.0	.0	
42.1	35.6	10.4	197.9	115.2	98.0	.0	.0	
47.3	44.2	12.0	220.8	180.4	82.0	1.0	.0	
53.5	46.6	14.6	222.9	169.0	88.0	.0	.0	
55.3	49.4	8.5	188.3	150.3	83.0	.0	.0	
58.6	54.6	11.9	187.5	91.2	95.0	8.0	.0	
58.2	54.9	9.5	187.5	119.7	93.0	39.0	.0	
57.9	52.4	14.6	173.3	122.0	98.0	30.0	.0	
46.8	42.5	9.9	217.1	138.8	79.0	1.0	.0	
51.3	42.5	10.8	160.8	271.9	38.0	.0	.0	
43.7	38.0	9.2	235.0	125.0	88.0	32.0	.0	
37.5	30.6	6.4	41.7	143.7	98.0	2.0	.0	
39.4	34.0	7.3	114.2	246.9	64.0	.0	.0	
56.0	50.5	16.2	162.9	107.7	93.0	21.0	.0	
53.7	44.2	13.3	201.3	227.3	69.0	.0	.0	
48.3	42.3	13.5	201.3	127.3	92.0	75.0	.0	
42.1	35.7	5.0	194.6	140.8	85.0	.0	.0	
41.4	33.6	8.3	178.8	294.8	12.0	.0	.0	
48.3	31.1	13.2	238.3	295.0	25.0	.0	.0	
   2    28    1974
46.7	29.1	12.0	135.8	315.3	13.0	.0	.0	
50.0	44.9	10.6	195.0	123.2	98.0	24.0	.0	
33.9	28.2	9.5	282.1	146.5	98.0	.0	.0	
22.9	12.3	11.4	240.0	192.9	55.0	.0	.0	
35.7	19.7	12.2	145.4	260.4	76.0	.0	.0	
46.8	41.2	15.1	192.5	145.9	98.0	35.0	.0	
28.7	22.7	11.8	141.7	181.2	98.0	.0	.0	
23.7	18.2	9.5	247.5	155.8	86.0	.0	38.1	
23.1	17.5	6.5	230.8	189.0	94.0	.0	.0	
31.5	23.2	14.0	225.0	164.7	98.0	.0	.0	
29.8	17.3	11.4	252.9	303.9	31.0	.0	.0	
45.6	24.8	14.2	200.4	355.4	2.0	.0	.0	
50.8	40.5	12.7	203.8	225.9	41.0	.0	.0	
36.6	32.7	9.5	61.7	169.0	75.0	.0	.0	
33.3	23.6	10.2	50.8	305.3	58.0	.0	.0	
39.2	25.1	8.8	232.5	306.7	56.0	.0	.0	
37.8	22.5	8.6	247.5	367.2	4.0	.0	.0	
45.0	27.4	11.3	159.2	213.0	74.0	.0	.0	
44.6	39.3	16.0	222.1	155.2	98.0	60.0	.0	
37.1	25.1	6.8	197.1	374.1	30.0	.0	.0	
50.1	35.2	14.7	130.8	243.2	82.0	42.0	.0	
41.0	34.6	20.8	237.5	140.9	92.0	16.0	.0	
34.2	21.2	8.1	184.2	385.4	14.0	.0	.0	
29.5	22.7	13.9	193.3	178.4	86.0	.0	12.7	
19.8	11.6	13.1	288.3	217.3	72.0	.0	2.5	
24.6	12.0	8.0	198.3	389.5	3.0	.0	.0	
42.5	19.6	14.7	192.5	373.6	63.0	.0	.0	
49.1	36.5	16.7	215.4	174.5	96.0	26.0	.0	
   3    31    1974
47.7	35.4	8.9	160.0	349.9	65.0	5.0	.0	
61.9	51.9	14.6	204.6	215.8	94.0	.0	.0	
65.0	50.7	19.4	194.6	313.7	82.0	.0	.0	
65.8	50.1	21.4	196.3	189.4	95.0	.0	.0	
53.0	43.6	9.6	237.9	236.5	98.0	12.0	.0	
57.6	53.3	11.9	169.2	325.2	66.0	200.0	.0	
67.1	56.3	12.0	206.3	396.4	35.0	.0	.0	
66.6	54.5	10.9	195.0	346.2	53.0	.0	.0	
66.0	55.6	10.2	217.9	208.4	98.0	24.0	.0	
52.0	42.9	12.9	72.5	205.5	98.0	.0	.0	
44.6	41.2	10.4	66.7	154.8	98.0	53.0	.0	
40.8	38.0	12.1	161.7	183.8	85.0	74.0	.0	
31.8	19.8	11.8	41.3	433.1	28.0	.0	.0	
37.5	19.7	10.8	88.8	470.1	40.0	.0	.0	
49.4	39.1	12.7	194.2	190.5	98.0	59.0	.0	
38.7	31.3	14.4	284.2	223.6	95.0	11.0	.0	
34.4	29.9	10.8	272.9	235.4	93.0	3.0	.0	
42.1	31.2	11.0	180.4	320.7	88.0	.0	.0	
49.4	45.7	9.3	177.5	183.7	98.0	13.0	.0	
46.4	36.0	8.1	79.2	460.6	71.0	1.0	.0	
36.0	29.4	12.6	293.8	243.5	92.0	33.0	.0	
35.6	20.2	8.5	175.4	504.9	23.0	.0	.0	
40.8	29.1	9.1	234.6	216.7	95.0	6.0	.0	
25.3	13.8	10.0	294.6	497.1	72.0	.0	7.6	
32.1	15.2	8.4	75.0	512.3	43.0	.0	.0	
48.9	35.0	10.6	217.5	473.0	65.0	.0	.0	
51.8	40.1	6.5	129.6	268.5	77.0	.0	.0	
56.4	51.0	7.9	180.8	270.8	77.0	1.0	.0	
58.9	51.7	10.7	190.0	305.8	92.0	85.0	.0	
42.4	37.1	17.2	255.4	217.3	91.0	6.0	.0	
47.3	34.8	10.2	190.8	414.6	59.0	.0	.0	
   4    30    1974
65.6	51.5	17.2	193.8	240.7	81.0	86.0	.0	
57.0	41.2	9.8	189.2	531.8	50.0	.0	.0	
68.1	56.4	17.7	169.2	300.8	92.0	67.0	.0	
59.5	42.8	16.1	229.6	440.0	66.0	1.0	.0	
38.2	32.1	13.1	257.9	221.4	98.0	7.0	.0	
41.9	28.1	10.0	255.0	548.6	25.0	.0	.0	
52.9	32.2	13.6	187.1	255.6	92.0	2.0	.0	
44.4	40.8	14.5	240.4	200.5	98.0	90.0	.0	
37.4	24.2	8.9	248.8	599.5	39.0	.0	.0	
47.3	31.5	7.4	151.7	588.7	40.0	.0	.0	
60.2	37.1	11.6	151.7	486.0	88.0	.0	.0	
63.2	48.2	16.3	183.3	267.2	98.0	1.0	.0	
65.3	53.3	11.1	184.6	525.3	56.0	.0	.0	
63.0	48.7	18.2	236.3	516.0	59.0	.0	.0	
46.3	33.1	10.5	257.9	259.5	98.0	.0	.0	
49.1	34.6	6.1	235.4	469.5	52.0	.0	.0	
51.9	35.9	6.5	210.0	518.6	46.0	2.0	.0	
54.0	36.3	7.5	224.2	521.6	66.0	.0	.0	
56.5	44.8	6.6	87.5	504.1	48.0	.0	.0	
62.4	41.9	9.1	143.3	582.3	29.0	.0	.0	
66.7	47.1	13.7	185.8	312.3	81.0	.0	.0	
60.3	53.7	12.3	227.5	233.3	93.0	41.0	.0	
49.4	36.9	11.9	294.6	477.7	50.0	.0	.0	
46.7	29.3	10.2	280.0	587.1	38.0	.0	.0	
49.7	28.7	5.5	159.6	546.3	55.0	.0	.0	
59.9	35.7	4.8	170.8	654.0	20.0	.0	.0	
65.8	44.3	10.0	173.8	487.4	73.0	.0	.0	
70.8	49.6	12.7	210.8	598.9	51.0	.0	.0	
69.7	53.9	11.2	217.9	539.7	52.0	.0	.0	
66.0	56.1	10.1	242.9	373.1	83.0	36.0	.0	
   5    31    1974
59.8	46.9	9.2	104.2	447.4	86.0	.0	.0	
60.4	54.0	10.8	158.8	233.4	98.0	81.0	.0	
60.2	53.3	10.3	285.4	472.4	75.0	.0	.0	
54.0	40.3	8.7	47.9	586.3	43.0	.0	.0	
54.3	38.9	7.2	131.7	423.8	65.0	.0	.0	
52.0	33.3	10.1	250.4	689.0	13.0	.0	.0	
48.3	27.1	6.8	91.7	616.3	34.0	.0	.0	
54.1	44.6	10.8	178.8	196.2	96.0	65.0	.0	
55.1	47.6	6.8	237.9	352.6	97.0	.0	.0	
58.0	48.3	8.1	60.4	551.4	68.0	.0	.0	
68.1	55.4	10.7	178.8	410.0	79.0	2.0	.0	
61.4	46.5	11.5	280.4	588.4	52.0	6.0	.0	
58.8	42.3	9.1	198.8	663.7	19.0	.0	.0	
72.0	49.8	15.1	190.4	683.0	35.0	.0	.0	
67.6	58.9	10.4	201.3	357.4	76.0	1.0	.0	
71.3	62.9	11.6	178.8	420.5	62.0	.0	.0	
74.7	64.0	11.1	188.3	447.4	70.0	.0	.0	
74.2	65.0	7.5	211.3	520.4	85.0	62.0	.0	
71.4	66.3	6.2	87.5	372.2	88.0	.0	.0	
73.0	62.5	5.6	72.1	648.3	15.0	.0	.0	
71.8	64.6	7.2	188.3	422.5	57.0	.0	.0	
67.8	64.4	7.2	227.9	227.4	98.0	64.0	.0	
69.2	58.9	6.0	204.2	574.1	67.0	.0	.0	
65.0	53.3	7.9	250.0	472.6	73.0	1.0	.0	
60.5	46.0	6.6	329.2	564.8	53.0	.0	.0	
56.7	46.7	7.4	83.8	349.1	93.0	.0	.0	
61.2	46.0	5.3	202.1	525.3	56.0	.0	.0	
66.0	53.1	9.8	189.6	452.7	73.0	1.0	.0	
68.8	61.1	12.5	219.2	316.1	97.0	49.0	.0	
70.1	62.6	8.7	196.7	468.8	81.0	102.0	.0	
70.3	64.0	9.8	212.1	379.0	94.0	118.0	.0	
   6    30    1974
61.3	57.6	8.6	133.8	249.0	95.0	153.0	.0	
62.7	49.5	5.7	166.3	677.2	32.0	.0	.0	
67.4	51.9	4.4	32.9	699.8	35.0	.0	.0	
70.8	59.5	8.1	145.0	548.1	70.0	.0	.0	
68.4	59.0	10.3	152.9	287.5	90.0	12.0	.0	
71.8	61.5	12.3	157.9	475.7	80.0	.0	.0	
72.5	63.3	12.6	174.6	493.4	88.0	72.0	.0	
72.6	65.1	9.9	172.9	365.9	92.0	34.0	.0	
76.1	65.8	12.9	186.3	554.6	63.0	.0	.0	
69.1	59.0	13.2	224.2	417.5	72.0	45.0	.0	
64.6	53.7	7.5	246.7	494.8	52.0	.0	.0	
64.2	49.9	5.6	230.4	621.6	38.0	.0	.0	
64.9	48.0	4.6	179.6	595.2	47.0	.0	.0	
68.1	54.8	4.9	155.4	623.9	53.0	.0	.0	
70.0	58.4	11.4	227.1	555.2	67.0	54.0	.0	
60.6	48.3	8.7	256.3	491.5	48.0	.0	.0	
58.7	47.4	7.1	214.6	355.3	60.0	.0	.0	
66.7	53.2	7.9	196.3	621.4	16.0	.0	.0	
72.4	63.7	10.8	207.5	458.7	73.0	26.0	.0	
77.5	68.8	9.0	214.2	517.4	86.0	1.0	.0	
76.5	67.9	10.5	232.5	473.4	86.0	.0	.0	
71.6	66.3	10.4	185.4	390.3	89.0	168.0	.0	
61.1	56.1	10.1	255.0	334.5	97.0	25.0	.0	
59.1	51.2	8.0	187.5	409.3	65.0	.0	.0	
58.5	51.8	7.1	215.4	385.4	80.0	30.0	.0	
62.2	54.0	5.0	138.3	555.0	42.0	.0	.0	
65.0	55.6	8.4	103.3	655.4	46.0	.0	.0	
61.8	58.6	6.0	176.3	303.0	89.0	101.0	.0	
65.9	57.7	6.5	186.7	612.3	45.0	.0	.0	
72.8	60.8	12.4	207.5	527.3	52.0	.0	.0	
   7    31    1974
75.8	67.0	7.5	219.2	632.1	31.0	.0	.0	
76.6	66.8	9.5	194.6	630.0	13.0	.0	.0	
78.3	66.4	8.5	193.3	622.8	18.0	.0	.0	
75.2	66.6	9.0	187.5	538.0	52.0	40.0	.0	
74.4	68.3	6.9	216.3	419.1	98.0	.0	.0	
75.6	69.4	6.6	132.1	480.2	80.0	.0	.0	
75.8	68.2	5.6	160.4	516.7	45.0	28.0	.0	
76.0	66.8	4.1	133.3	607.3	58.0	.0	.0	
75.2	65.9	5.5	182.9	473.3	43.0	.0	.0	
72.8	67.1	6.9	190.4	496.5	68.0	43.0	.0	
73.2	66.0	6.1	136.7	457.4	70.0	.0	.0	
70.6	55.6	7.1	38.8	656.5	19.0	.0	.0	
71.4	56.2	4.8	67.9	554.7	30.0	.0	.0	
75.4	61.4	3.5	129.2	637.4	9.0	.0	.0	
72.0	66.5	7.7	198.8	341.8	85.0	311.0	.0	
72.7	59.9	7.7	63.8	678.5	16.0	.0	.0	
72.5	59.9	6.2	77.5	674.7	17.0	.0	.0	
74.9	64.0	6.4	191.7	540.3	60.0	.0	.0	
74.6	68.5	7.0	184.6	367.6	81.0	35.0	.0	
73.7	65.7	4.9	184.6	530.7	24.0	22.0	.0	
70.6	57.5	6.8	161.3	608.5	35.0	.0	.0	
72.6	62.7	5.2	185.0	442.4	71.0	.0	.0	
72.4	66.8	7.1	234.2	287.3	90.0	1.0	.0	
71.3	62.8	5.8	185.0	557.6	52.0	.0	.0	
73.6	63.5	6.1	105.8	581.8	32.0	.0	.0	
75.5	67.5	6.4	184.2	389.4	70.0	2.0	.0	
76.0	66.5	4.6	72.9	646.5	8.0	.0	.0	
76.9	67.4	5.5	201.3	457.3	37.0	.0	.0	
74.5	63.4	8.8	235.0	450.4	64.0	.0	.0	
69.7	56.1	6.0	216.3	563.0	59.0	.0	.0	
71.5	56.1	4.0	149.6	624.0	25.0	.0	.0	
   8    31    1974
73.6	57.5	5.4	159.2	623.9	39.0	.0	.0	
73.8	61.3	9.2	183.8	522.4	61.0	65.0	.0	
69.7	65.6	8.5	198.3	265.2	96.0	66.0	.0	
67.2	57.9	7.8	220.8	558.9	46.0	10.0	.0	
65.5	56.1	5.1	187.5	537.5	39.0	.0	.0	
68.5	58.3	8.4	65.8	585.4	25.0	.0	.0	
70.7	65.5	6.4	148.8	285.7	78.0	6.0	.0	
73.7	66.8	6.7	167.1	425.9	78.0	1.0	.0	
71.1	67.0	6.1	145.4	243.9	87.0	39.0	.0	
72.7	68.0	7.1	125.4	340.9	94.0	6.0	.0	
72.8	68.8	10.3	179.2	281.4	98.0	273.0	.0	
73.7	66.4	6.3	220.0	449.3	88.0	.0	.0	
74.7	66.1	5.0	153.3	458.3	60.0	.0	.0	
75.1	64.5	6.6	65.0	610.3	26.0	.0	.0	
75.8	65.9	7.2	80.0	496.4	40.0	.0	.0	
75.4	68.8	6.8	170.0	460.7	70.0	25.0	.0	
75.4	67.1	7.0	229.2	473.3	65.0	1.0	.0	
70.3	65.1	7.0	160.0	366.2	77.0	11.0	.0	
71.5	63.7	4.4	90.8	568.2	24.0	.0	.0	
72.4	62.0	6.9	55.8	609.2	3.0	.0	.0	
71.8	62.9	7.8	107.5	519.2	28.0	.0	.0	
70.5	63.2	5.9	152.5	576.3	27.0	.0	.0	
72.5	64.8	4.2	162.5	508.1	30.0	.0	.0	
73.6	66.9	2.8	132.1	425.3	74.0	2.0	.0	
76.3	67.9	3.6	125.8	530.5	43.0	.0	.0	
75.8	66.8	4.4	184.2	553.5	44.0	.0	.0	
73.0	67.8	6.6	182.5	229.5	81.0	182.0	.0	
72.5	68.3	9.3	175.8	282.2	90.0	236.0	.0	
73.1	69.0	10.7	206.3	246.8	97.0	157.0	.0	
71.8	67.0	7.6	236.3	261.4	98.0	37.0	.0	
72.3	67.0	8.4	207.9	336.2	90.0	1.0	.0	
   9    30    1974
71.5	66.2	8.0	175.0	400.1	85.0	3.0	.0	
68.3	65.4	6.9	83.3	215.8	98.0	66.0	.0	
53.9	52.4	10.3	261.7	181.1	98.0	85.0	.0	
56.0	47.3	8.2	78.8	493.8	28.0	.0	.0	
60.0	50.7	9.7	52.9	543.3	16.0	.0	.0	
64.0	56.0	7.3	75.8	463.3	51.0	.0	.0	
65.6	59.0	6.8	64.2	305.7	65.0	.0	.0	
67.7	62.4	6.5	83.3	231.4	94.0	6.0	.0	
67.4	64.5	5.2	97.9	195.9	98.0	50.0	.0	
68.6	66.1	5.9	127.1	252.0	82.0	26.0	.0	
71.9	66.8	8.2	160.0	331.8	61.0	38.0	.0	
74.4	68.7	10.2	190.8	389.1	59.0	.0	.0	
65.9	62.9	8.8	247.5	177.8	85.0	45.0	.0	
57.7	51.1	5.0	249.2	371.4	60.0	.0	.0	
58.6	50.0	3.2	128.3	532.5	6.0	.0	.0	
58.6	54.5	3.5	123.8	171.2	75.0	4.0	.0	
63.6	56.2	4.7	199.2	477.4	40.0	.0	.0	
66.4	59.6	6.5	198.8	466.4	13.0	.0	.0	
69.6	61.2	5.1	162.1	453.5	37.0	.0	.0	
67.8	62.7	4.2	145.8	220.8	98.0	3.0	.0	
59.2	53.0	6.8	199.2	332.2	69.0	26.0	.0	
52.0	43.5	7.5	277.5	433.5	13.0	.0	.0	
47.0	36.2	7.9	56.3	485.4	8.0	.0	.0	
53.3	44.1	6.7	135.0	393.9	71.0	.0	.0	
57.6	49.6	7.7	220.8	279.8	86.0	.0	.0	
57.8	51.6	6.0	177.1	372.0	23.0	.0	.0	
63.2	59.4	10.3	147.9	143.8	96.0	21.0	.0	
68.6	62.5	9.8	185.4	268.8	75.0	21.0	.0	
53.7	50.2	9.7	241.7	222.7	68.0	24.0	.0	
51.9	40.6	8.1	228.8	480.4	2.0	.0	.0	
  10    31    1974
48.2	36.7	6.1	214.6	464.9	3.0	.0	.0	
40.9	27.9	6.8	174.2	408.7	9.0	.0	.0	
41.8	27.9	3.7	85.8	479.2	7.0	.0	.0	
51.0	33.9	8.6	158.3	419.3	23.0	.0	.0	
56.8	39.1	8.9	173.3	461.8	2.0	.0	.0	
59.0	40.6	7.5	190.8	450.0	8.0	.0	.0	
53.1	41.0	7.3	247.9	372.7	39.0	.0	.0	
47.7	36.4	3.7	126.7	444.9	2.0	.0	.0	
53.1	40.3	5.4	177.5	416.2	9.0	.0	.0	
57.5	45.4	4.7	157.9	402.4	4.0	.0	.0	
60.9	49.5	6.0	171.3	369.2	45.0	.0	.0	
65.4	54.3	7.1	180.8	234.6	95.0	1.0	.0	
65.1	59.9	5.0	152.9	181.0	97.0	.0	.0	
66.0	54.6	10.3	202.5	250.6	81.0	2.0	.0	
51.6	50.0	8.6	171.3	107.5	98.0	91.0	.0	
49.7	43.4	6.4	254.2	322.1	52.0	8.0	.0	
54.0	41.6	8.9	199.6	407.0	2.0	.0	.0	
45.1	38.1	5.9	280.8	177.9	62.0	3.0	.0	
42.4	32.0	6.2	245.8	241.3	74.0	.0	.0	
40.0	29.7	9.0	165.0	211.1	68.0	.0	.0	
39.5	24.3	7.8	83.3	395.4	2.0	.0	.0	
48.1	30.9	7.6	195.0	373.6	2.0	.0	.0	
54.7	40.9	6.6	201.7	343.1	44.0	.0	.0	
58.3	51.2	5.5	192.1	182.8	72.0	5.0	.0	
62.4	52.0	7.5	207.9	202.3	87.0	.0	.0	
53.0	40.0	4.6	91.3	367.5	24.0	.0	.0	
52.7	36.7	2.9	74.6	254.6	32.0	.0	.0	
57.9	38.9	6.8	120.0	350.5	47.0	.0	.0	
64.6	51.8	10.3	157.9	145.0	97.0	10.0	.0	
64.5	60.2	8.1	154.6	159.3	85.0	33.0	.0	
66.5	56.9	9.5	159.6	296.6	31.0	.0	.0	
  11    30    1974
65.8	57.1	8.4	176.3	185.9	85.0	.0	.0	
64.5	56.6	7.2	171.7	247.6	67.0	3.0	.0	
65.9	57.5	10.8	174.2	239.2	89.0	45.0	.0	
60.7	57.0	11.9	170.0	114.4	91.0	13.0	.0	
46.9	41.6	11.7	237.5	159.9	87.0	.0	.0	
38.5	34.0	4.9	213.8	201.4	45.0	11.0	.0	
43.1	35.8	4.8	225.8	257.1	43.0	.0	.0	
44.2	34.8	5.2	57.9	270.2	50.0	.0	.0	
46.2	35.8	7.0	82.5	320.4	13.0	.0	.0	
53.4	38.8	8.7	145.0	144.2	87.0	.0	.0	
50.0	45.4	10.3	214.2	85.6	98.0	90.0	.0	
39.8	36.4	10.6	257.1	157.6	98.0	5.0	.0	
43.5	32.2	16.4	203.8	182.3	96.0	2.0	.0	
33.9	26.4	10.7	256.7	151.9	88.0	5.0	.0	
34.0	22.7	10.1	219.2	287.4	30.0	.0	.0	
39.0	25.1	6.9	173.3	236.5	56.0	.0	.0	
42.8	37.1	8.1	166.7	235.8	69.0	2.0	.0	
47.7	46.1	7.0	156.3	111.8	98.0	.0	.0	
56.8	54.2	12.0	176.3	124.2	98.0	5.0	.0	
51.2	40.6	13.6	258.3	240.1	58.0	76.0	.0	
35.4	26.2	12.6	281.3	121.6	98.0	.0	.0	
35.1	28.7	7.1	160.0	164.2	63.0	.0	.0	
51.7	34.7	12.4	165.4	267.8	29.0	.0	.0	
52.6	40.9	12.8	236.3	107.6	98.0	37.0	.0	
36.9	29.7	9.6	309.2	159.8	73.0	14.0	.0	
29.6	20.6	7.8	139.2	264.1	5.0	.0	.0	
33.3	25.5	10.5	190.0	117.0	61.0	.0	.0	
37.6	24.3	9.4	240.0	241.9	33.0	.0	.0	
36.2	25.0	10.0	60.8	215.5	41.0	.0	.0	
35.8	30.0	12.5	77.1	63.1	93.0	100.0	.0	
  12    31    1974
33.8	32.5	9.9	207.1	135.3	98.0	11.0	.0	
33.8	30.0	12.9	295.0	124.4	89.0	7.0	.0	
32.1	26.8	8.6	281.7	243.4	21.0	.0	.0	
30.3	23.1	5.8	197.1	135.7	63.0	.0	.0	
28.8	23.8	5.1	124.2	246.2	2.0	.0	.0	
37.5	28.1	9.4	118.3	202.3	64.0	.0	.0	
42.5	37.7	11.7	147.1	72.5	98.0	57.0	.0	
38.2	36.0	12.4	265.8	102.6	98.0	9.0	.0	
21.6	16.2	10.5	249.2	126.9	60.0	.0	2.5	
29.0	21.0	10.1	181.7	231.3	18.0	.0	.0	
38.6	29.1	10.3	162.5	129.5	78.0	7.0	.0	
41.3	36.6	8.7	237.9	122.2	98.0	1.0	.0	
38.6	36.1	4.9	132.5	95.4	98.0	.0	.0	
40.3	35.5	7.2	135.0	178.7	70.0	.0	.0	
40.9	36.2	11.2	147.5	72.3	95.0	52.0	.0	
35.1	30.7	9.3	217.9	93.8	90.0	.0	.0	
31.1	26.9	10.0	252.5	118.1	94.0	.0	5.1	
29.9	22.6	12.1	186.7	188.1	85.0	.0	10.2	
38.7	29.2	11.9	212.1	143.1	58.0	3.0	.0	
35.1	26.9	8.2	118.8	120.5	60.0	.0	.0	
36.4	32.3	10.3	233.3	120.8	88.0	3.0	.0	
38.4	29.2	10.3	152.9	165.4	63.0	.0	.0	
53.7	42.4	14.7	188.3	150.8	63.0	.0	.0	
55.7	52.3	9.9	184.2	61.6	98.0	93.0	.0	
36.4	30.4	11.1	289.2	109.7	98.0	6.0	.0	
30.6	23.0	6.6	148.3	180.8	90.0	.0	.0	
41.1	39.8	9.5	210.4	62.1	98.0	35.0	.0	
38.1	36.5	5.2	228.8	110.4	98.0	2.0	.0	
45.3	42.9	7.8	201.7	112.8	98.0	1.0	.0	
44.9	42.1	7.6	150.4	120.1	88.0	.0	.0	
50.2	47.6	11.8	161.7	106.6	98.0	78.0	.0	
