   1    31    1967
18.9	16.1	2.0	138.8	111.3	88.0	.0	22.9	
28.3	25.0	6.1	172.5	175.4	27.0	.0	7.6	
21.7	20.0	2.0	111.3	98.9	79.0	.0	5.1	
32.3	31.6	3.6	172.5	108.9	98.0	7.0	.0	
30.4	27.1	5.2	193.8	122.7	82.0	.0	.0	
21.5	7.9	13.3	310.0	189.4	2.0	.0	.0	
14.0	6.1	3.3	148.8	137.0	69.0	.0	50.8	
30.1	28.6	2.0	123.8	105.2	98.0	.0	.0	
27.1	21.9	3.6	193.8	140.3	40.0	.0	.0	
17.1	11.0	2.0	96.3	104.0	67.0	.0	.0	
17.0	8.0	3.9	87.5	184.0	34.0	.0	.0	
22.2	12.1	5.5	123.8	105.5	89.0	.0	.0	
29.9	20.6	4.0	142.5	160.3	68.0	.0	.0	
25.4	18.5	2.0	1.3	86.2	79.0	.0	7.6	
36.9	28.1	4.8	131.3	171.9	63.0	.0	.0	
20.7	8.5	5.3	122.5	181.8	2.0	.0	.0	
24.8	11.6	7.0	153.8	155.8	71.0	.0	.0	
15.9	-2.1	13.3	318.8	220.9	9.0	.0	.0	
5.3	-11.1	5.2	132.5	195.0	60.0	.0	.0	
14.7	.9	2.5	116.3	219.6	25.0	.0	.0	
28.6	12.1	6.5	193.8	217.5	54.0	.0	.0	
41.4	25.3	5.9	190.0	130.0	91.0	.0	.0	
37.7	32.6	2.0	93.8	104.8	68.0	8.0	.0	
40.0	30.1	2.7	103.8	211.6	47.0	.0	.0	
38.2	32.9	2.9	67.5	120.9	98.0	.0	.0	
39.6	33.3	6.9	248.8	200.2	71.0	.0	.0	
31.9	25.8	9.3	60.0	107.8	98.0	.0	124.5	
30.0	26.0	8.9	218.8	137.1	78.0	.0	53.3	
24.1	19.0	13.2	303.8	167.7	71.0	.0	.0	
16.9	8.4	17.2	315.0	236.4	27.0	.0	.0	
17.6	5.8	8.8	296.3	247.4	35.0	.0	2.5	
   2    28    1967
25.7	20.1	2.9	181.3	114.0	90.0	.0	20.3	
30.0	26.9	3.0	118.8	120.9	98.0	.0	205.7	
10.6	5.9	6.1	246.3	260.9	21.0	.0	7.6	
13.7	7.9	3.2	58.8	175.8	79.0	.0	17.8	
31.0	24.9	7.7	233.8	275.7	54.0	.0	5.1	
9.4	-2.1	12.5	318.8	202.7	52.0	.0	.0	
3.3	-2.9	8.6	292.5	143.3	86.0	.0	43.2	
7.4	-1.7	4.9	188.8	299.0	37.0	.0	.0	
12.2	3.1	4.9	153.8	294.9	47.0	.0	.0	
23.5	13.1	5.9	217.5	255.3	73.0	.0	.0	
29.2	16.8	14.4	226.3	259.1	38.0	.0	.0	
-.8	-13.7	14.3	311.3	322.1	2.0	.0	.0	
-6.1	-17.5	6.7	233.8	312.5	18.0	.0	.0	
9.5	2.3	3.6	123.8	220.8	64.0	.0	5.1	
31.8	21.5	4.3	102.5	291.4	78.0	.0	.0	
31.3	21.3	15.0	220.0	246.4	56.0	.0	20.3	
14.0	5.5	10.0	326.3	296.5	72.0	.0	.0	
9.3	2.5	2.6	50.0	216.2	65.0	.0	.0	
10.2	5.2	2.0	37.5	316.8	41.0	.0	.0	
16.9	13.4	3.0	158.8	181.0	97.0	.0	109.2	
26.0	21.1	8.6	208.8	245.4	78.0	.0	2.5	
25.9	15.0	8.7	213.8	342.2	43.0	.0	.0	
31.2	26.5	9.5	182.5	196.5	98.0	.0	119.4	
20.6	12.8	14.6	267.5	356.1	16.0	.0	.0	
11.0	5.5	16.0	301.3	367.9	78.0	.0	.0	
17.0	8.6	16.4	317.5	376.1	20.0	.0	.0	
19.0	5.0	8.8	148.8	372.0	45.0	.0	.0	
35.5	28.4	10.5	232.5	285.8	78.0	17.0	.0	
   3    31    1967
16.1	6.8	15.6	321.3	379.9	23.0	.0	.0	
16.5	6.8	6.5	188.8	216.2	77.0	.0	.0	
32.9	23.9	2.0	81.3	242.5	83.0	5.0	.0	
30.3	19.6	7.7	247.5	370.3	57.0	.0	.0	
25.3	16.1	3.2	85.0	253.3	98.0	.0	71.1	
31.6	23.9	4.9	235.0	269.7	98.0	.0	30.5	
29.4	24.4	8.4	173.8	265.2	75.0	.0	180.3	
20.5	11.8	3.9	190.0	388.8	53.0	.0	.0	
24.7	19.4	2.0	41.3	343.0	52.0	.0	12.7	
37.3	27.6	3.3	98.8	430.4	72.0	.0	.0	
46.0	33.7	6.2	151.3	427.0	33.0	.0	.0	
32.2	17.5	9.1	248.8	459.8	10.0	.0	.0	
29.9	17.3	6.9	106.3	401.3	57.0	.0	.0	
37.5	35.4	3.8	141.3	221.3	94.0	1.0	.0	
30.3	27.3	7.3	63.8	272.8	98.0	.0	48.3	
23.9	13.7	13.4	331.3	446.7	60.0	.0	17.8	
7.9	-3.4	8.4	295.0	368.4	45.0	.0	.0	
3.2	-6.9	8.9	177.5	470.2	10.0	.0	.0	
11.5	-2.4	3.3	151.3	491.8	3.0	.0	.0	
22.1	14.6	4.6	165.0	467.7	27.0	.0	.0	
23.1	19.5	5.3	80.0	344.8	82.0	.0	.0	
29.2	24.1	8.3	105.0	281.6	98.0	.0	2.5	
31.8	23.8	4.9	145.0	352.3	94.0	.0	.0	
34.3	22.0	12.1	290.0	443.8	45.0	.0	.0	
38.5	20.9	11.4	293.8	485.1	28.0	.0	.0	
37.9	27.7	5.1	72.5	502.8	29.0	.0	.0	
35.1	30.9	4.6	140.0	258.6	89.0	.0	.0	
39.0	37.0	3.6	101.3	267.6	98.0	5.0	.0	
41.2	36.1	2.2	92.5	281.8	71.0	21.0	.0	
38.7	23.4	6.3	192.2	493.4	29.0	.0	.0	
39.2	23.4	4.9	107.5	430.2	43.0	.0	.0	
   4    30    1967
49.7	36.7	2.0	80.0	460.5	32.0	.0	.0	
57.7	45.5	4.7	127.5	428.0	70.0	.0	.0	
50.7	36.0	11.7	205.0	471.8	77.0	.0	.0	
34.5	5.9	11.2	275.0	532.0	3.0	.0	.0	
47.6	31.3	9.7	233.8	509.2	33.0	.0	.0	
35.7	32.2	5.1	31.3	219.7	92.0	40.0	.0	
31.9	30.9	6.8	36.3	263.0	96.0	.0	78.7	
32.9	27.3	2.0	117.5	408.7	51.0	.0	.0	
41.1	30.2	5.2	76.3	535.1	52.0	3.0	.0	
46.1	37.8	15.9	237.5	342.7	65.0	40.0	.0	
31.7	7.4	20.9	315.0	587.2	2.0	.0	.0	
31.9	8.1	11.7	287.5	579.2	2.0	.0	.0	
41.5	17.5	5.3	113.8	586.9	2.0	.0	.0	
51.2	29.5	4.6	212.5	396.3	77.0	.0	.0	
40.0	35.6	6.2	73.8	243.9	98.0	44.0	.0	
36.0	34.9	4.5	76.3	236.9	98.0	27.0	.0	
37.8	36.1	5.3	103.8	282.4	98.0	72.0	.0	
36.8	35.5	10.7	172.5	251.3	98.0	36.0	.0	
40.9	35.3	11.2	301.3	316.1	85.0	11.0	.0	
46.7	25.7	16.6	330.0	601.9	13.0	.0	.0	
48.2	20.3	5.2	173.8	476.6	63.0	.0	.0	
45.1	38.5	5.2	77.5	256.7	97.0	28.0	.0	
47.6	34.9	14.1	280.0	264.9	67.0	.0	.0	
37.7	34.9	2.8	113.8	280.0	78.0	20.0	.0	
41.8	23.6	11.8	280.0	616.5	13.0	.0	.0	
42.7	22.4	3.2	140.0	603.9	34.0	.0	.0	
43.7	27.0	5.5	83.8	437.0	89.0	.0	.0	
49.8	22.6	14.7	115.0	517.9	92.0	.0	.0	
50.8	20.9	12.7	262.5	627.2	18.0	.0	.0	
49.0	28.0	5.2	128.8	658.3	2.0	.0	.0	
   5    31    1967
54.3	36.0	7.1	132.5	641.8	10.0	.0	.0	
48.8	41.2	5.2	90.0	305.3	75.0	20.0	.0	
48.5	41.5	10.5	243.8	307.5	68.0	58.0	.0	
51.6	31.1	7.7	213.8	572.9	54.0	.0	.0	
48.4	41.5	5.1	200.0	347.4	83.0	.0	.0	
45.6	33.4	3.5	123.8	516.9	52.0	.0	.0	
39.5	31.8	8.8	105.0	260.7	78.0	58.0	.0	
44.4	37.1	10.7	226.3	368.4	98.0	8.0	.0	
47.5	43.5	5.8	97.5	296.7	98.0	8.0	.0	
46.3	39.5	12.2	307.5	275.1	86.0	2.0	.0	
45.0	37.4	6.3	98.8	343.4	85.0	55.0	.0	
49.4	35.0	15.4	330.0	523.2	45.0	4.0	.0	
51.2	26.7	10.1	273.8	694.5	20.0	.0	.0	
53.5	31.7	6.2	130.0	653.4	41.0	.0	.0	
48.7	43.6	4.0	107.5	269.9	98.0	68.0	.0	
49.1	35.1	7.9	187.5	463.4	50.0	.0	.0	
55.1	32.5	10.1	180.0	596.9	28.0	.0	.0	
54.8	43.7	6.0	196.3	320.9	82.0	.0	.0	
60.0	50.0	7.3	110.0	353.1	93.0	8.0	.0	
59.0	41.2	11.5	203.8	598.6	60.0	.0	.0	
50.9	30.0	9.4	255.0	610.8	60.0	.0	.0	
48.1	28.5	3.7	130.0	579.7	88.0	.0	.0	
50.3	34.5	6.3	202.5	491.6	48.0	.0	.0	
48.5	28.3	8.1	82.5	579.8	98.0	.0	.0	
44.1	32.1	12.4	36.3	275.1	98.0	53.0	.0	
42.1	35.1	12.0	180.0	288.1	98.0	50.0	.0	
51.9	36.4	8.1	297.5	555.4	78.0	.0	.0	
56.3	37.0	8.5	207.5	625.6	34.0	.0	.0	
51.7	31.9	5.8	200.0	566.9	69.0	.0	.0	
52.0	29.5	8.9	197.5	596.2	25.0	.0	.0	
52.9	35.2	10.3	282.5	559.6	34.0	.0	.0	
   6    30    1967
59.3	39.1	5.0	160.0	673.3	35.0	.0	.0	
67.2	49.5	4.8	111.3	644.8	32.0	.0	.0	
66.5	49.5	5.1	101.3	644.8	8.0	.0	.0	
67.5	48.9	4.0	93.8	666.9	4.0	.0	.0	
68.3	48.9	4.6	156.3	717.4	2.0	.0	.0	
68.8	57.6	3.6	147.5	607.2	74.0	22.0	.0	
71.3	54.7	10.7	208.8	691.4	39.0	.0	.0	
56.8	53.2	5.1	56.3	274.6	98.0	36.0	.0	
66.5	58.7	4.6	151.3	518.2	78.0	.0	.0	
74.2	65.1	7.4	182.5	630.7	64.0	.0	.0	
70.0	60.8	5.3	81.3	551.0	56.0	15.0	.0	
63.3	57.3	3.3	46.3	558.1	75.0	89.0	.0	
56.0	49.8	3.3	102.5	451.0	88.0	.0	.0	
59.4	46.2	5.3	147.5	504.9	83.0	1.0	.0	
67.2	59.9	4.5	170.0	466.8	55.0	10.0	.0	
76.9	67.0	5.9	191.3	633.2	55.0	.0	.0	
74.4	69.1	6.4	152.5	562.7	76.0	66.0	.0	
65.5	65.0	3.3	226.3	292.7	98.0	27.0	.0	
61.6	50.3	6.5	125.0	443.1	98.0	4.0	.0	
55.8	54.0	9.8	81.3	281.3	98.0	18.0	.0	
57.5	55.6	8.1	95.0	330.7	98.0	19.0	.0	
66.5	62.0	7.1	121.3	378.1	97.0	.0	.0	
71.2	66.0	6.8	182.5	386.1	68.0	44.0	.0	
73.6	59.5	4.9	168.8	701.9	9.0	.0	.0	
72.1	62.9	9.5	215.0	470.9	55.0	31.0	.0	
66.3	49.3	8.2	270.0	622.8	14.0	.0	.0	
66.6	51.2	2.8	103.8	691.1	10.0	.0	.0	
67.4	52.9	3.6	118.8	695.2	8.0	.0	.0	
61.9	48.7	4.6	61.3	574.3	66.0	.0	.0	
55.7	50.9	4.2	106.3	300.0	98.0	.0	.0	
   7    31    1967
69.4	61.5	7.4	176.3	512.2	70.0	.0	.0	
73.8	65.4	6.8	148.8	625.5	75.0	5.0	.0	
68.7	65.0	3.3	125.0	446.2	69.0	90.0	.0	
66.7	46.7	3.9	142.5	648.6	45.0	.0	.0	
63.2	58.5	4.3	126.3	404.8	92.0	216.0	.0	
61.3	50.5	4.5	150.0	616.5	33.0	.0	.0	
65.1	52.1	4.5	142.5	669.4	28.0	.0	.0	
72.0	59.7	5.5	153.8	650.8	45.0	.0	.0	
73.2	65.4	3.0	132.5	285.7	82.0	.0	.0	
74.4	65.2	5.5	152.5	665.1	21.0	.0	.0	
70.1	61.2	5.1	93.8	342.8	96.0	.0	.0	
69.1	64.6	3.5	96.3	438.2	71.0	48.0	.0	
69.9	60.1	3.7	146.3	559.0	54.0	6.0	.0	
68.6	62.7	2.2	62.5	492.8	89.0	50.0	.0	
68.6	66.1	3.2	70.0	327.0	98.0	53.0	.0	
70.7	68.0	6.8	156.3	322.3	95.0	10.0	.0	
68.7	60.1	2.9	95.0	633.7	39.0	.0	.0	
68.5	62.9	4.5	87.5	555.3	79.0	.0	.0	
71.7	66.1	3.5	85.0	406.9	98.0	.0	.0	
70.4	64.6	4.4	128.8	348.3	98.0	.0	.0	
71.3	64.7	4.0	153.8	487.9	83.0	.0	.0	
70.2	64.9	4.0	118.8	497.7	89.0	1.0	.0	
71.5	64.6	4.3	125.0	496.7	85.0	2.0	.0	
74.9	67.8	6.0	140.0	492.1	83.0	2.0	.0	
71.8	66.5	6.5	131.3	489.3	78.0	25.0	.0	
70.2	59.8	6.4	168.8	590.1	18.0	.0	.0	
70.3	58.6	3.3	117.5	612.7	45.0	.0	.0	
68.4	66.2	4.4	147.5	268.8	98.0	82.0	.0	
71.9	65.1	2.6	133.8	486.6	83.0	.0	.0	
72.5	66.2	2.9	83.8	301.3	86.0	1.0	.0	
71.5	63.0	3.0	187.5	538.9	73.0	.0	.0	
   8    31    1967
69.3	61.9	3.7	82.5	552.1	60.0	21.0	.0	
66.6	57.9	4.1	97.5	600.5	50.0	.0	.0	
69.9	65.0	8.7	141.3	277.1	96.0	.0	.0	
73.4	67.2	9.4	188.8	410.9	95.0	4.0	.0	
72.6	62.8	4.2	168.8	512.9	66.0	.0	.0	
61.8	59.4	3.3	88.8	283.5	87.0	26.0	.0	
66.0	58.4	2.9	128.8	579.7	54.0	.0	.0	
66.3	60.2	5.8	155.0	519.0	87.0	.0	.0	
69.5	61.9	7.7	118.8	580.6	65.0	5.0	.0	
72.7	63.1	7.4	210.0	480.8	57.0	2.0	.0	
61.8	52.3	4.8	200.0	519.7	55.0	.0	.0	
61.1	55.2	3.9	75.0	303.3	72.0	.0	.0	
63.1	57.1	2.2	26.3	271.2	93.0	2.0	.0	
67.1	58.1	6.3	186.3	458.1	57.0	5.0	.0	
66.7	55.9	2.2	113.8	603.1	20.0	.0	.0	
67.6	56.9	3.8	127.5	543.8	15.0	.0	.0	
70.7	60.4	2.9	85.0	579.3	70.0	.0	.0	
73.2	62.0	4.9	127.5	558.6	55.0	.0	.0	
72.1	65.8	4.3	95.0	356.6	93.0	43.0	.0	
69.1	66.0	3.7	117.5	365.6	82.0	66.0	.0	
67.8	60.7	3.3	96.3	449.7	44.0	.0	.0	
68.2	58.0	6.5	186.3	572.1	30.0	.0	.0	
60.4	49.3	3.7	121.3	542.6	37.0	.0	.0	
58.3	48.4	3.5	90.0	503.2	43.0	.0	.0	
59.6	51.5	3.9	81.3	517.1	83.0	.0	.0	
62.4	60.2	3.6	138.8	237.8	98.0	1.0	.0	
71.6	67.1	2.5	101.3	289.4	98.0	19.0	.0	
73.0	64.8	8.8	216.3	464.2	60.0	3.0	.0	
66.0	57.5	4.6	153.8	405.3	24.0	.0	.0	
68.3	59.1	4.6	122.5	491.4	25.0	.0	.0	
60.7	55.2	6.6	208.8	305.2	71.0	.0	.0	
   9    30    1967
53.1	43.5	2.0	138.8	410.8	59.0	.0	.0	
50.7	38.5	10.0	275.0	379.9	31.0	.0	.0	
53.8	45.2	5.1	180.0	233.5	66.0	.0	.0	
60.4	50.0	5.3	123.8	522.8	22.0	.0	.0	
63.7	53.5	4.2	115.0	476.7	36.0	.0	.0	
62.5	49.5	7.6	206.3	471.3	31.0	.0	.0	
56.4	40.1	4.9	117.5	541.8	30.0	.0	.0	
64.8	52.7	4.3	132.5	508.6	13.0	.0	.0	
67.6	58.5	7.8	135.0	353.7	77.0	.0	.0	
56.7	51.2	8.4	228.8	377.6	65.0	56.0	.0	
47.9	35.2	4.0	80.0	517.3	10.0	.0	.0	
52.2	41.5	2.0	60.0	493.3	25.0	.0	.0	
57.1	44.5	2.6	63.8	495.2	4.0	.0	.0	
58.7	47.1	3.7	115.0	488.5	16.0	.0	.0	
60.0	51.5	4.0	62.5	363.4	68.0	.0	.0	
67.6	61.0	2.8	100.0	274.1	59.0	.0	.0	
64.6	55.7	2.0	76.3	440.7	37.0	.0	.0	
63.0	53.9	2.9	157.5	404.0	33.0	.0	.0	
62.0	52.4	5.5	167.5	463.9	2.0	.0	.0	
54.7	49.9	4.4	88.8	343.1	63.0	.0	.0	
63.2	57.2	10.7	125.0	234.2	90.0	.0	.0	
61.7	56.1	10.1	240.0	223.8	79.0	18.0	.0	
52.4	42.6	8.0	311.3	374.2	68.0	.0	.0	
48.6	41.0	4.2	185.0	288.4	75.0	12.0	.0	
46.5	37.2	8.5	220.0	281.1	40.0	.0	.0	
52.4	40.2	6.8	106.3	436.3	60.0	.0	.0	
62.6	53.0	8.6	176.3	439.2	9.0	.0	.0	
65.2	59.1	10.4	141.3	277.5	88.0	26.0	.0	
69.7	68.0	8.8	141.3	166.9	98.0	64.0	.0	
66.6	58.6	9.6	191.3	306.4	68.0	28.0	.0	
  10    31    1967
52.1	40.9	5.1	185.0	265.5	50.0	.0	.0	
53.1	42.5	4.3	161.3	418.7	3.0	.0	.0	
60.1	49.7	5.2	120.0	395.0	18.0	.0	.0	
62.9	51.5	5.5	153.8	381.9	46.0	.0	.0	
61.2	53.3	3.7	83.8	208.8	60.0	.0	.0	
53.4	42.7	7.5	203.8	307.4	78.0	.0	.0	
40.5	27.7	3.6	157.5	350.2	37.0	.0	.0	
45.4	34.3	5.2	97.5	245.0	87.0	.0	.0	
58.2	54.5	3.6	97.5	163.7	98.0	.0	.0	
65.3	61.7	5.7	151.3	176.2	98.0	22.0	.0	
54.7	44.1	6.8	217.5	261.0	43.0	.0	.0	
46.3	37.8	2.3	117.5	173.9	80.0	.0	.0	
46.2	36.7	2.6	132.5	187.4	89.0	.0	.0	
45.7	37.0	3.3	80.0	153.1	88.0	.0	.0	
52.8	43.4	2.9	92.5	338.7	26.0	.0	.0	
56.2	48.5	7.8	141.3	156.9	91.0	.0	.0	
62.8	54.0	7.2	172.5	283.1	69.0	.0	.0	
62.8	59.6	8.1	107.5	146.8	98.0	34.0	.0	
51.7	37.9	14.5	211.3	232.1	65.0	.0	.0	
42.1	25.3	7.5	212.5	289.0	33.0	.0	.0	
40.1	32.9	2.9	110.0	156.3	67.0	1.0	.0	
41.8	29.1	6.2	152.5	292.8	10.0	.0	.0	
40.6	28.4	2.5	62.5	326.0	2.0	.0	.0	
44.9	35.5	4.2	77.5	297.1	33.0	.0	.0	
51.9	45.3	4.9	60.0	142.5	92.0	3.0	.0	
51.5	38.8	10.3	236.3	224.8	51.0	39.0	.0	
42.9	31.3	4.9	92.5	223.3	52.0	.0	.0	
47.9	33.2	7.1	156.3	242.2	62.0	.0	.0	
36.4	22.6	5.5	160.0	307.9	9.0	.0	.0	
34.5	20.9	4.2	121.3	281.7	2.0	.0	.0	
39.0	27.5	3.4	95.0	173.6	79.0	.0	.0	
  11    30    1967
45.6	35.9	3.9	158.8	228.0	66.0	.0	.0	
50.9	47.9	2.0	26.3	122.5	98.0	18.0	.0	
54.4	49.6	2.7	146.3	153.1	80.0	24.0	.0	
48.1	43.5	5.0	107.5	124.2	70.0	25.0	.0	
39.5	22.8	8.1	197.5	206.9	20.0	.0	.0	
32.8	19.2	4.9	156.3	237.7	18.0	.0	.0	
32.5	22.4	2.6	72.5	156.8	67.0	.0	.0	
29.7	17.2	6.5	243.8	190.5	23.0	.0	.0	
26.9	19.2	2.0	58.8	154.6	60.0	.0	.0	
32.5	22.9	2.9	83.8	180.4	45.0	.0	.0	
36.0	25.3	4.2	108.8	199.8	77.0	.0	.0	
49.3	44.6	7.6	155.0	104.0	97.0	7.0	.0	
41.1	30.9	9.8	227.5	91.7	92.0	.0	.0	
32.4	16.0	7.4	197.5	179.4	85.0	.0	.0	
28.1	21.5	10.1	228.8	119.8	98.0	.0	119.4	
18.1	8.5	8.2	232.5	247.0	12.0	.0	.0	
20.8	13.0	2.3	72.5	123.1	91.0	.0	38.1	
34.0	29.5	3.2	120.0	140.6	93.0	5.0	.0	
37.9	26.4	12.0	255.0	140.9	70.0	.0	.0	
29.7	15.2	15.4	298.8	174.7	25.0	.0	.0	
22.1	11.0	3.3	130.0	229.3	29.0	.0	.0	
27.7	22.8	4.4	240.0	89.1	98.0	.0	73.7	
37.2	33.1	5.9	168.8	110.1	98.0	77.0	.0	
38.0	24.5	12.6	236.3	152.4	84.0	.0	.0	
34.0	28.7	3.5	181.3	99.7	71.0	39.0	.0	
34.2	28.5	4.5	126.3	170.3	24.0	.0	.0	
32.7	21.5	4.6	127.5	135.4	43.0	.0	.0	
29.5	15.5	9.5	260.0	147.6	35.0	.0	.0	
24.0	11.0	6.7	217.5	157.6	29.0	.0	.0	
17.6	6.8	2.9	165.0	176.9	43.0	.0	.0	
  12    31    1967
14.4	3.7	5.6	160.0	201.1	2.0	.0	.0	
15.1	2.5	2.0	63.8	180.6	38.0	.0	.0	
32.1	27.4	5.2	202.5	85.3	98.0	121.0	.0	
31.9	18.4	12.8	246.3	184.3	40.0	.0	5.1	
32.0	21.3	5.9	241.3	172.3	2.0	.0	.0	
24.9	14.5	2.0	62.5	139.1	52.0	.0	.0	
30.8	24.6	2.0	38.8	88.9	98.0	.0	.0	
34.7	31.4	2.6	108.8	102.9	98.0	15.0	.0	
31.4	25.7	5.9	210.0	89.7	66.0	.0	.0	
24.1	13.3	4.5	193.8	181.6	43.0	.0	.0	
27.9	18.7	8.6	45.0	64.6	98.0	.0	.0	
37.5	33.0	6.4	123.8	92.3	88.0	142.0	.0	
44.9	31.6	8.6	262.5	111.7	46.0	.0	.0	
36.4	20.2	11.5	220.0	175.1	26.0	.0	.0	
28.2	12.9	15.7	305.0	124.8	55.0	.0	.0	
24.5	7.8	14.5	306.3	149.9	24.0	.0	.0	
30.8	12.1	11.5	268.8	173.9	23.0	.0	.0	
33.4	22.7	3.4	96.3	74.9	94.0	2.0	.0	
43.0	32.5	10.4	253.8	129.0	64.0	.0	.0	
39.9	23.0	10.1	288.8	170.3	13.0	.0	.0	
38.1	19.5	4.3	181.3	152.1	64.0	.0	.0	
47.3	37.2	8.1	211.3	66.0	98.0	1.0	.0	
29.5	15.9	11.7	321.3	89.5	76.0	.0	7.6	
19.2	7.3	7.9	232.5	94.4	33.0	.0	.0	
19.4	10.4	4.9	70.0	111.1	57.0	.0	.0	
29.6	17.2	11.7	206.3	166.6	40.0	.0	12.7	
13.8	.0	2.0	18.8	173.8	24.0	.0	.0	
24.9	18.4	4.6	62.5	79.1	98.0	.0	137.2	
27.0	19.5	14.0	285.0	118.5	61.0	.0	71.1	
13.4	5.1	2.0	50.0	166.8	10.0	.0	.0	
7.0	.3	2.0	.0	93.8	67.0	.0	22.9	
