   1    31    1976
23.1	18.8	15.5	79.2	103.0	98.0	.0	96.5	
19.8	15.2	14.7	211.3	110.9	96.0	.0	96.5	
-2.1	-12.1	15.7	312.9	132.3	72.0	.0	2.5	
-10.7	-19.7	10.3	255.8	163.5	2.0	.0	.0	
8.0	1.4	12.8	203.8	146.6	69.0	.0	.0	
4.5	-6.0	14.4	330.0	104.6	67.0	.0	25.4	
-18.3	-29.8	14.5	290.8	166.7	2.0	.0	.0	
-13.5	-22.9	15.8	276.3	124.3	55.0	.0	2.5	
-1.8	-10.0	9.3	260.0	86.4	97.0	.0	.0	
6.2	2.5	10.6	111.7	97.6	80.0	.0	35.6	
12.6	8.6	7.7	219.2	157.5	61.0	.0	17.8	
18.2	13.2	15.5	210.8	120.7	73.0	.0	.0	
10.3	2.5	12.8	291.7	135.2	50.0	.0	.0	
.2	-13.8	11.2	234.2	173.9	24.0	.0	.0	
6.0	-1.3	11.1	154.6	97.6	65.0	.0	10.2	
-1.9	-12.6	10.7	310.8	174.0	15.0	.0	.0	
-6.8	-18.7	6.9	215.8	162.1	15.0	.0	.0	
12.3	1.6	14.4	193.3	96.7	78.0	.0	2.5	
16.9	9.4	12.6	297.9	108.5	72.0	.0	.0	
2.3	-4.5	11.9	272.9	112.6	79.0	.0	12.7	
11.5	5.3	12.5	312.9	133.7	59.0	.0	.0	
3.0	-8.7	8.1	180.8	104.7	75.0	.0	2.5	
12.5	8.4	9.1	110.0	133.6	98.0	.0	20.3	
17.5	13.8	3.9	70.8	114.4	98.0	.0	10.2	
15.8	11.0	7.5	279.6	129.9	80.0	.0	10.2	
-1.6	-12.1	14.5	296.3	214.2	6.0	.0	.0	
-4.7	-16.3	9.1	216.7	206.9	21.0	.0	.0	
19.2	11.7	18.3	266.7	146.3	69.0	.0	7.6	
3.1	-3.9	9.0	196.3	111.8	67.0	.0	40.6	
6.7	.6	10.8	294.6	160.1	61.0	.0	2.5	
22.9	18.9	15.6	260.0	135.5	86.0	.0	2.5	
   2    29    1976
-5.3	-22.2	13.8	326.7	232.7	8.0	.0	.0	
-4.4	-19.2	11.5	275.4	216.5	47.0	.0	.0	
9.6	1.2	9.9	272.1	170.2	74.0	.0	10.2	
-8.4	-20.3	11.3	305.8	235.2	36.0	.0	.0	
-1.7	-13.6	9.2	292.9	219.8	65.0	.0	.0	
5.7	-5.7	13.9	264.2	239.9	22.0	.0	.0	
19.5	9.2	20.7	260.0	193.8	70.0	.0	.0	
28.1	17.8	12.3	250.8	245.3	69.0	.0	.0	
33.0	25.1	14.7	226.7	169.0	61.0	.0	.0	
30.5	17.9	10.7	303.8	214.9	71.0	.0	15.2	
9.4	-3.8	10.7	236.7	181.9	66.0	.0	.0	
30.4	19.7	14.0	227.9	250.6	66.0	.0	.0	
15.5	2.5	11.8	263.8	256.0	34.0	.0	.0	
24.9	14.8	12.7	160.8	221.1	93.0	.0	20.3	
31.3	28.4	8.9	206.7	158.6	89.0	.0	121.9	
31.1	28.4	5.7	128.3	168.7	98.0	.0	.0	
31.8	29.4	10.8	143.8	156.9	98.0	.0	10.2	
32.1	28.2	10.3	262.1	192.7	98.0	3.0	.0	
29.2	25.7	8.3	199.6	186.7	98.0	.0	12.7	
25.5	17.9	10.7	263.3	181.8	85.0	.0	2.5	
15.4	6.4	9.0	300.8	310.6	16.0	.0	.0	
14.7	6.2	7.2	235.0	315.5	40.0	.0	2.5	
29.9	20.4	15.2	225.8	295.6	38.0	.0	.0	
41.3	27.8	8.4	232.9	327.2	25.0	.0	.0	
39.5	18.5	7.5	237.9	332.1	26.0	.0	.0	
37.4	21.5	13.3	232.5	311.3	61.0	.0	.0	
24.9	20.5	16.2	114.6	189.2	98.0	.0	25.4	
17.3	13.7	11.6	181.7	197.0	87.0	.0	35.6	
13.1	1.9	11.2	208.8	352.3	77.0	.0	2.5	
   3    31    1976
17.8	13.3	22.8	99.2	211.9	98.0	.0	121.9	
21.4	19.0	27.3	84.6	205.7	98.0	.0	50.8	
19.3	12.3	10.4	260.0	251.1	67.0	.0	7.6	
9.3	.0	10.9	272.5	224.3	83.0	.0	30.5	
11.5	.5	13.8	300.8	394.1	69.0	.0	40.6	
9.8	.6	15.4	252.5	297.0	63.0	.0	7.6	
14.6	-1.0	13.6	280.4	403.2	30.0	.0	2.5	
17.5	6.7	9.9	230.8	291.9	84.0	.0	.0	
19.6	15.3	8.8	98.3	235.9	94.0	.0	22.9	
15.0	2.5	6.9	273.8	409.5	36.0	.0	10.2	
18.2	12.8	15.1	100.0	226.0	91.0	.0	61.0	
20.9	12.5	19.8	237.1	278.2	70.0	.0	203.2	
16.0	3.2	13.5	232.1	326.2	64.0	.0	.0	
19.4	7.0	17.2	280.4	424.1	26.0	.0	.0	
15.6	7.4	13.0	206.3	336.8	48.0	.0	10.2	
10.0	-8.6	12.0	307.1	448.1	20.0	.0	.0	
14.3	3.9	8.1	162.1	264.2	78.0	.0	12.7	
30.9	28.5	8.6	138.8	326.6	81.0	.0	.0	
40.7	32.5	11.1	162.1	270.2	65.0	.0	.0	
32.0	25.2	18.7	239.6	236.6	82.0	3.0	.0	
10.4	-8.1	12.3	301.3	477.0	24.0	.0	.0	
24.0	12.3	14.8	220.8	458.4	16.0	.0	.0	
41.5	28.9	17.2	215.0	433.7	48.0	.0	.0	
35.5	27.6	13.1	252.5	252.8	98.0	10.0	.0	
29.6	24.1	16.3	142.5	283.0	98.0	.0	30.5	
35.6	29.7	9.8	269.6	247.2	98.0	12.0	.0	
34.2	22.2	10.6	265.4	417.7	60.0	.0	.0	
34.7	27.2	15.6	103.8	388.1	80.0	14.0	.0	
37.4	36.5	10.7	219.6	172.1	98.0	58.0	.0	
34.7	29.7	16.9	338.3	222.5	98.0	29.0	.0	
33.8	23.2	10.9	265.8	492.4	31.0	.0	.0	
   4    30    1976
36.2	19.8	7.3	264.2	516.0	2.0	.0	.0	
42.8	21.8	9.2	114.2	450.6	50.0	.0	.0	
33.1	21.6	19.5	77.9	246.8	61.0	.0	.0	
34.2	16.7	8.4	245.8	506.7	28.0	.0	.0	
44.4	25.7	9.9	297.9	488.0	23.0	.0	.0	
43.7	23.5	9.9	210.8	540.1	7.0	.0	.0	
36.6	21.6	8.4	131.7	541.0	2.0	.0	.0	
37.8	19.4	8.1	194.6	540.6	5.0	.0	.0	
50.3	25.1	12.7	210.4	476.7	41.0	2.0	.0	
42.5	32.1	14.1	133.8	358.1	53.0	.0	.0	
30.2	12.4	9.2	181.7	567.7	20.0	.0	.0	
43.1	18.2	11.6	212.5	537.5	8.0	.0	.0	
48.9	27.7	11.0	136.7	454.1	54.0	.0	.0	
53.3	44.8	14.0	174.6	237.0	90.0	25.0	.0	
51.7	42.1	12.2	161.3	298.7	76.0	.0	.0	
48.8	43.9	15.1	99.2	330.2	78.0	1.0	.0	
52.2	45.9	14.6	144.6	321.1	98.0	.0	.0	
50.3	44.3	13.8	210.4	236.1	97.0	38.0	.0	
43.9	27.0	14.4	264.2	508.9	60.0	.0	.0	
40.9	28.1	13.9	87.1	423.8	84.0	.0	.0	
39.3	31.8	8.0	88.3	409.0	89.0	.0	.0	
41.5	34.6	7.8	257.9	271.7	85.0	2.0	.0	
40.6	30.5	15.2	77.5	331.9	97.0	.0	.0	
38.7	18.8	19.9	66.3	265.9	98.0	.0	.0	
38.2	12.3	12.9	66.7	582.3	35.0	.0	.0	
35.9	15.9	10.0	164.6	617.4	2.0	.0	.0	
36.4	22.9	7.2	168.8	557.8	11.0	.0	.0	
45.6	25.5	7.1	231.7	468.3	40.0	.0	.0	
52.0	31.1	10.5	245.4	335.8	98.0	.0	.0	
47.0	34.9	12.5	268.3	314.0	87.0	5.0	.0	
   5    31    1976
39.9	32.4	12.0	298.3	471.3	80.0	9.0	.0	
33.7	23.2	14.8	320.4	286.7	96.0	.0	.0	
38.8	16.7	12.9	304.6	620.9	25.0	.0	.0	
54.8	28.7	17.1	220.0	614.9	25.0	.0	.0	
44.6	21.0	13.7	335.4	455.1	51.0	.0	.0	
39.3	14.9	11.1	288.8	607.4	28.0	.0	.0	
41.1	19.3	7.7	199.2	662.7	5.0	.0	.0	
55.1	24.4	13.6	238.8	587.5	58.0	.0	.0	
63.2	31.0	12.0	205.8	661.9	7.0	.0	.0	
56.9	29.5	15.6	301.7	619.7	35.0	.0	.0	
46.4	21.4	10.5	163.3	592.9	40.0	.0	.0	
50.5	22.3	11.3	105.8	485.4	62.0	.0	.0	
52.9	39.4	9.8	208.8	375.8	68.0	1.0	.0	
57.7	36.5	9.3	193.3	634.7	15.0	.0	.0	
62.5	42.6	10.0	174.2	597.1	45.0	.0	.0	
58.7	29.0	16.9	334.2	502.3	81.0	.0	.0	
51.8	24.3	11.5	324.2	708.8	6.0	.0	.0	
52.2	24.8	8.7	173.3	706.3	24.0	.0	.0	
54.5	33.4	9.4	142.1	485.0	50.0	.0	.0	
58.0	36.9	10.7	270.4	641.1	16.0	.0	.0	
52.9	38.2	7.1	66.7	590.1	67.0	.0	.0	
53.4	32.2	8.6	99.6	702.1	29.0	.0	.0	
48.8	32.8	9.6	96.3	722.8	18.0	.0	.0	
48.3	31.9	8.9	92.9	688.6	4.0	.0	.0	
51.4	33.7	9.1	76.3	701.2	3.0	.0	.0	
55.9	40.0	9.5	123.3	654.1	29.0	.0	.0	
53.2	43.0	8.1	145.4	401.4	81.0	.0	.0	
53.7	43.2	11.8	79.6	325.7	96.0	2.0	.0	
56.3	45.9	12.8	74.2	305.6	88.0	.0	.0	
53.4	48.7	13.3	70.8	257.3	98.0	2.0	.0	
57.0	50.8	12.9	68.8	400.6	59.0	1.0	.0	
   6    30    1976
56.9	34.3	15.3	76.3	704.6	21.0	.0	.0	
59.0	37.8	9.7	109.2	727.1	2.0	.0	.0	
66.9	46.5	9.3	142.1	700.3	2.0	.0	.0	
66.4	43.6	11.6	134.2	706.7	2.0	.0	.0	
65.3	44.9	11.7	142.9	712.9	2.0	.0	.0	
71.2	49.8	10.6	185.0	718.8	2.0	.0	.0	
73.0	54.9	14.5	226.7	585.9	57.0	7.0	.0	
68.1	57.1	11.2	144.6	555.2	87.0	5.0	.0	
64.7	56.3	12.3	138.3	582.2	95.0	22.0	.0	
74.0	59.3	14.7	258.3	663.9	38.0	.0	.0	
60.1	47.8	17.5	115.0	649.5	51.0	.0	.0	
58.1	50.0	17.5	107.5	374.3	84.0	125.0	.0	
69.0	52.2	16.7	210.0	663.5	42.0	.0	.0	
69.9	55.6	10.6	218.3	604.5	75.0	112.0	.0	
56.8	51.9	13.3	236.3	271.7	98.0	56.0	.0	
53.0	44.3	11.7	238.3	321.0	96.0	.0	.0	
55.7	51.3	13.3	158.8	233.9	98.0	26.0	.0	
55.2	44.2	14.7	304.2	480.3	69.0	.0	.0	
61.2	45.0	12.8	263.8	530.8	52.0	.0	.0	
69.3	50.2	13.2	218.8	700.6	15.0	.0	.0	
72.0	50.5	13.2	187.5	649.6	15.0	.0	.0	
71.4	52.8	10.8	179.2	670.9	33.0	.0	.0	
63.8	51.9	12.5	85.8	709.2	8.0	.0	.0	
59.7	53.3	13.9	78.8	460.5	79.0	2.0	.0	
58.3	51.8	13.1	230.4	403.7	82.0	142.0	.0	
61.5	51.7	10.9	109.2	620.1	70.0	5.0	.0	
64.0	47.9	11.9	235.0	643.6	45.0	.0	.0	
63.6	50.0	9.7	255.8	611.5	55.0	.0	.0	
56.9	52.1	9.2	157.1	352.8	75.0	114.0	.0	
60.9	47.0	7.4	140.4	646.0	15.0	.0	.0	
   7    31    1976
62.1	45.7	7.1	106.3	685.3	12.0	.0	.0	
61.6	44.4	6.5	100.8	701.3	8.0	.0	.0	
65.4	46.9	6.2	149.6	694.1	3.0	.0	.0	
68.3	52.2	6.6	195.8	722.7	12.0	.0	.0	
70.9	53.4	7.3	190.0	697.0	25.0	.0	.0	
68.2	58.2	7.9	183.3	324.7	69.0	14.0	.0	
67.8	54.8	6.3	244.6	644.8	48.0	.0	.0	
66.0	55.3	7.9	82.1	607.5	64.0	.0	.0	
68.5	59.5	8.8	115.0	475.8	88.0	6.0	.0	
74.3	65.3	6.5	198.3	307.7	81.0	5.0	.0	
64.3	52.9	10.2	292.1	549.2	59.0	.0	.0	
60.0	44.0	8.7	135.0	650.1	61.0	.0	.0	
62.7	52.3	11.5	122.9	553.8	86.0	19.0	.0	
70.0	56.1	9.5	265.4	635.9	38.0	.0	.0	
63.4	52.8	12.5	267.5	484.3	74.0	11.0	.0	
58.7	45.2	12.0	294.2	450.2	59.0	.0	.0	
64.9	48.0	10.0	284.6	588.9	32.0	.0	.0	
72.4	53.0	9.1	220.4	644.8	49.0	.0	.0	
74.9	62.3	11.8	182.9	431.6	88.0	132.0	.0	
68.5	57.5	9.5	316.7	555.8	46.0	.0	.0	
65.1	49.7	5.5	121.3	660.8	4.0	.0	.0	
70.8	56.8	9.7	173.8	631.4	43.0	54.0	.0	
70.3	55.7	8.3	278.8	647.4	12.0	.0	.0	
64.7	53.1	6.8	200.0	633.8	19.0	.0	.0	
67.6	58.6	10.2	147.5	504.0	89.0	17.0	.0	
70.9	59.6	8.2	270.8	609.1	34.0	.0	.0	
67.3	53.7	5.5	101.3	559.6	47.0	.0	.0	
62.8	54.6	6.3	127.9	467.8	46.0	.0	.0	
66.7	54.2	6.3	125.0	528.9	39.0	2.0	.0	
67.9	55.5	8.4	275.0	505.6	58.0	.0	.0	
62.5	47.9	5.3	165.4	574.8	28.0	.0	.0	
   8    31    1976
59.4	48.2	5.1	202.1	492.9	23.0	15.0	.0	
61.9	45.6	5.4	213.3	611.2	20.0	.0	.0	
68.1	50.4	8.7	233.3	616.6	42.0	.0	.0	
62.4	57.6	6.0	165.4	190.0	95.0	93.0	.0	
60.2	50.7	6.9	122.9	463.1	61.0	.0	.0	
57.8	46.2	2.1	75.4	574.4	17.0	.0	.0	
63.6	49.8	4.6	149.2	622.2	2.0	.0	.0	
65.8	53.3	6.8	169.2	562.6	54.0	5.0	.0	
66.4	54.9	8.4	123.8	429.3	82.0	.0	.0	
70.0	61.7	5.9	194.6	539.8	80.0	26.0	.0	
70.3	61.8	5.5	139.2	552.7	61.0	38.0	.0	
67.5	58.5	7.3	272.9	521.0	30.0	.0	.0	
57.9	51.8	8.8	91.3	236.1	86.0	.0	.0	
53.8	44.5	8.4	75.0	564.0	16.0	.0	.0	
52.4	41.2	3.6	96.7	583.5	5.0	.0	.0	
56.9	44.3	4.0	103.3	530.5	33.0	.0	.0	
63.0	53.3	8.9	106.7	397.7	78.0	.0	.0	
74.3	64.8	8.3	156.7	471.5	85.0	.0	.0	
82.2	66.5	12.1	201.3	559.6	12.0	.0	.0	
77.5	55.8	13.2	190.0	526.1	10.0	.0	.0	
75.6	59.2	8.8	222.9	445.5	34.0	.0	.0	
69.9	47.9	4.9	102.1	562.2	25.0	.0	.0	
66.1	53.9	11.0	97.9	568.7	4.0	.0	.0	
71.8	58.0	7.1	153.8	574.1	2.0	.0	.0	
73.9	58.2	7.3	169.2	525.4	15.0	.0	.0	
70.5	62.5	7.3	146.3	427.1	33.0	5.0	.0	
68.2	51.2	11.2	220.4	405.1	38.0	2.0	.0	
55.2	37.4	10.7	239.6	427.6	37.0	.0	.0	
51.3	38.0	3.7	93.3	504.3	23.0	.0	.0	
61.1	46.5	4.9	105.4	524.5	15.0	.0	.0	
59.1	49.2	6.3	88.8	345.1	74.0	.0	.0	
   9    30    1976
51.2	38.7	6.6	109.6	434.1	56.0	.0	.0	
56.3	44.7	9.3	140.0	267.8	87.0	.0	.0	
67.6	45.0	16.4	261.3	477.4	45.0	.0	.0	
58.0	44.0	9.7	253.3	490.6	23.0	.0	.0	
56.8	44.8	8.2	119.2	411.2	64.0	.0	.0	
70.1	51.8	9.3	169.2	493.3	2.0	.0	.0	
78.0	55.9	10.1	189.6	509.2	18.0	.0	.0	
57.5	49.4	7.2	296.7	210.4	89.0	12.0	.0	
53.3	36.7	8.2	295.0	399.7	27.0	.0	.0	
59.5	34.6	9.1	257.9	463.1	23.0	.0	.0	
67.8	37.8	6.4	225.0	499.4	10.0	.0	.0	
67.7	49.1	8.5	149.6	381.8	71.0	.0	.0	
64.6	52.3	10.1	267.9	213.8	91.0	80.0	.0	
49.8	44.0	5.8	245.8	211.8	98.0	.0	.0	
51.0	42.5	5.6	81.7	405.7	44.0	.0	.0	
49.3	36.1	2.0	51.7	449.8	23.0	.0	.0	
56.3	40.5	5.1	141.3	428.8	27.0	.0	.0	
65.4	44.7	8.2	232.1	435.1	24.0	.0	.0	
54.3	47.5	6.0	161.3	128.0	92.0	76.0	.0	
45.5	37.7	5.9	262.1	212.7	53.0	1.0	.0	
40.7	29.7	4.9	231.7	336.3	48.0	.0	.0	
45.5	30.7	7.7	217.9	318.5	59.0	.0	.0	
38.9	24.5	5.9	228.8	407.7	7.0	.0	.0	
47.5	26.3	10.0	230.4	413.3	7.0	.0	.0	
41.6	32.1	7.1	89.6	357.5	50.0	.0	.0	
45.8	41.4	5.4	80.8	214.1	97.0	11.0	.0	
41.7	30.8	6.1	172.9	338.4	46.0	4.0	.0	
47.2	28.1	12.1	247.9	343.5	46.0	.0	.0	
54.7	35.5	7.3	216.7	409.0	5.0	.0	.0	
60.1	41.7	5.4	177.9	403.2	23.0	.0	.0	
  10    31    1976
57.1	41.8	7.0	230.0	395.8	2.0	.0	.0	
51.8	34.3	6.5	103.8	339.1	38.0	.0	.0	
57.0	39.8	11.4	111.7	231.9	93.0	.0	.0	
52.3	40.0	9.5	267.5	164.4	83.0	38.0	.0	
36.8	22.1	7.8	257.5	260.3	60.0	.0	.0	
32.5	20.9	6.1	305.4	179.7	70.0	.0	.0	
35.1	22.8	3.2	220.0	163.1	95.0	.0	.0	
36.6	25.6	6.5	138.3	149.7	98.0	.0	.0	
39.2	31.7	3.4	193.3	140.6	97.0	.0	.0	
40.5	31.4	5.5	81.3	325.3	63.0	.0	.0	
48.3	38.9	6.8	125.0	246.5	66.0	.0	.0	
55.4	36.9	10.0	281.7	321.9	36.0	.0	.0	
45.1	25.2	8.3	204.2	251.7	35.0	.0	.0	
48.9	27.3	14.5	206.7	286.1	62.0	.0	.0	
36.1	26.9	12.4	304.6	123.0	90.0	2.0	.0	
30.9	21.7	5.9	298.3	175.3	68.0	.0	.0	
28.9	18.1	2.7	125.8	130.5	74.0	.0	.0	
28.9	21.5	2.0	52.9	154.3	98.0	.0	15.2	
30.9	21.4	3.9	227.9	200.4	70.0	.0	.0	
31.4	25.2	9.4	245.0	142.9	93.0	.0	5.1	
31.0	21.5	13.1	296.7	165.8	93.0	.0	.0	
28.5	16.6	7.5	237.5	233.6	60.0	.0	.0	
24.8	16.3	3.8	134.2	229.1	73.0	.0	.0	
27.3	14.2	5.9	306.3	183.5	74.0	.0	.0	
25.4	12.7	6.1	168.3	162.8	85.0	.0	.0	
23.6	11.8	5.5	158.3	226.1	45.0	.0	.0	
25.6	12.1	9.9	180.4	224.4	44.0	.0	.0	
39.6	25.5	16.3	223.3	234.6	31.0	.0	.0	
41.8	29.9	7.6	234.6	251.1	6.0	.0	.0	
36.6	25.6	7.3	142.5	188.2	39.0	.0	.0	
31.9	13.0	3.6	164.2	243.3	21.0	.0	.0	
  11    30    1976
38.4	27.0	7.3	125.0	190.6	88.0	.0	.0	
40.1	20.8	16.5	283.3	229.2	31.0	1.0	.0	
28.1	18.2	14.7	321.3	92.1	89.0	.0	.0	
29.3	19.8	5.7	246.7	86.3	88.0	.0	.0	
31.0	17.3	10.5	237.5	133.1	73.0	.0	.0	
29.2	14.2	12.3	302.1	122.3	75.0	.0	.0	
17.5	1.2	9.1	308.3	226.0	13.0	.0	.0	
20.6	2.2	7.5	144.6	94.5	64.0	.0	.0	
28.9	22.0	9.2	290.0	105.3	90.0	.0	7.6	
20.2	11.0	9.4	317.9	164.4	63.0	.0	2.5	
15.8	8.4	11.6	323.3	161.3	61.0	.0	.0	
20.9	15.3	9.4	307.5	104.8	83.0	.0	.0	
24.0	12.5	13.5	258.8	211.8	5.0	.0	.0	
24.9	6.0	8.7	254.2	207.7	2.0	.0	.0	
28.1	11.1	6.1	235.4	193.4	2.0	.0	.0	
31.2	18.8	8.4	232.1	187.5	2.0	.0	.0	
32.1	18.6	11.2	274.6	95.6	68.0	.0	.0	
37.0	17.4	14.9	255.8	176.7	27.0	.0	.0	
32.4	18.3	10.7	290.4	71.7	51.0	.0	.0	
29.0	17.4	5.6	264.2	143.4	89.0	.0	.0	
25.0	16.2	10.8	322.5	68.7	92.0	.0	2.5	
18.3	8.0	12.8	315.4	173.2	42.0	.0	.0	
15.4	7.2	8.6	275.8	99.8	81.0	.0	.0	
18.6	13.7	4.3	165.4	85.8	92.0	.0	5.1	
29.1	25.3	5.5	263.3	80.6	93.0	.0	27.9	
19.1	14.0	9.6	296.3	102.7	78.0	.0	.0	
-.7	-12.6	10.8	295.4	154.1	40.0	.0	.0	
-6.7	-16.8	8.6	292.1	124.8	10.0	.0	.0	
-2.4	-12.4	9.7	297.9	113.4	46.0	.0	.0	
-1.6	-11.9	8.2	262.1	150.5	3.0	.0	.0	
  12    31    1976
-.6	-12.2	10.9	283.3	119.2	43.0	.0	.0	
-11.2	-26.5	8.4	243.8	147.5	55.0	.0	.0	
2.5	-6.7	5.2	159.6	93.1	98.0	.0	15.2	
13.2	7.3	8.0	273.8	78.0	89.0	.0	.0	
7.9	-.3	5.4	177.1	95.9	65.0	.0	15.2	
.9	-9.8	11.2	313.3	159.0	33.0	.0	7.6	
-10.8	-23.7	6.0	277.1	124.9	23.0	.0	.0	
-6.1	-16.8	5.4	208.8	97.6	71.0	.0	.0	
9.3	4.3	12.4	97.1	89.0	98.0	.0	15.2	
-1.4	-12.6	14.1	279.2	156.8	30.0	.0	2.5	
11.2	.7	14.9	233.8	81.5	98.0	.0	.0	
-.8	-13.5	11.2	301.7	143.9	35.0	.0	.0	
3.3	-5.0	10.6	191.7	64.4	83.0	.0	.0	
31.0	22.8	17.1	265.8	77.9	82.0	.0	.0	
26.8	21.0	6.6	223.8	91.6	92.0	.0	.0	
26.5	20.1	10.3	265.4	104.7	87.0	.0	.0	
26.8	18.6	7.3	195.0	84.4	61.0	.0	.0	
26.2	21.3	7.1	207.9	144.2	15.0	.0	.0	
20.7	15.1	11.7	310.4	71.5	77.0	.0	.0	
-3.6	-14.4	15.4	324.2	140.9	10.0	.0	.0	
-2.0	-14.2	8.6	200.8	103.4	64.0	.0	.0	
10.7	.5	13.7	298.8	72.5	93.0	.0	.0	
.4	-11.0	12.1	261.3	116.1	47.0	.0	.0	
17.5	10.9	9.4	261.3	80.3	96.0	.0	7.6	
8.5	-1.3	7.4	240.0	109.4	75.0	.0	.0	
3.9	-8.2	6.9	255.8	127.5	68.0	.0	.0	
8.3	.5	10.4	237.5	88.6	88.0	.0	35.6	
-12.4	-24.2	12.2	300.0	152.1	34.0	.0	.0	
-17.5	-27.7	5.6	270.8	116.8	43.0	.0	.0	
-15.9	-27.2	8.6	280.8	139.9	10.0	.0	.0	
-5.4	-17.9	14.0	320.0	80.7	75.0	.0	.0	
