   1    31    1962
18.8	16.5	12.4	255.0	97.8	80.0	.0	.0	
26.7	23.7	11.4	222.8	125.2	74.0	.0	.0	
34.7	29.8	9.1	187.8	134.0	81.0	.0	.0	
25.8	21.2	12.0	58.3	68.5	98.0	.0	25.4	
-.9	-13.7	13.9	327.8	156.6	5.0	.0	.0	
-.3	-5.4	3.9	131.1	142.6	71.0	.0	5.1	
10.8	3.2	17.4	306.7	104.1	64.0	.0	.0	
-3.1	-14.2	20.4	301.7	133.8	70.0	.0	.0	
-11.2	-22.4	17.9	306.7	115.1	73.0	.0	.0	
-8.8	-17.8	12.2	260.6	176.3	2.0	.0	.0	
14.7	8.2	11.9	216.7	101.9	98.0	.0	15.2	
21.7	15.6	4.2	177.8	116.7	98.0	.0	2.5	
23.4	19.8	9.7	132.8	109.1	98.0	.0	.0	
8.7	-2.7	11.2	315.6	190.3	19.0	.0	.0	
-.2	-7.9	9.4	228.3	182.4	43.0	.0	.0	
-8.9	-19.8	15.5	267.2	190.3	3.0	.0	.0	
-19.1	-29.2	9.3	246.7	187.4	11.0	.0	.0	
-14.5	-23.4	6.1	273.9	190.7	33.0	.0	.0	
-11.0	-18.8	7.7	263.9	101.4	84.0	.0	5.1	
-10.9	-18.8	5.4	89.4	131.8	78.0	.0	20.3	
.2	-7.7	9.0	302.2	120.9	98.0	.0	22.9	
4.6	-2.9	16.9	241.1	192.9	36.0	.0	.0	
10.9	3.4	10.1	179.4	165.6	68.0	.0	.0	
26.8	19.0	16.5	245.6	185.9	56.0	.0	.0	
28.3	23.5	9.7	131.7	155.7	48.0	.0	.0	
17.7	4.2	17.1	304.4	218.0	21.0	.0	.0	
-2.2	-9.9	7.6	75.0	130.9	93.0	.0	48.3	
4.7	-3.6	6.2	108.3	120.5	98.0	.0	.0	
17.9	16.7	12.6	280.0	123.0	94.0	.0	.0	
-3.8	-15.5	10.0	261.7	213.7	77.0	.0	.0	
4.9	-1.2	8.0	61.1	160.1	98.0	.0	25.4	
   2    28    1962
4.0	-6.7	7.0	138.9	195.1	66.0	.0	.0	
27.7	25.9	9.6	213.9	188.5	80.0	.0	5.1	
33.1	31.1	5.2	87.2	170.0	58.0	1.0	.0	
26.5	23.2	16.6	210.6	150.0	83.0	.0	.0	
-4.9	-16.3	18.6	303.3	231.6	13.0	.0	.0	
-11.3	-19.4	7.7	222.2	265.2	2.0	.0	.0	
-6.5	-16.2	5.5	273.3	260.1	12.0	.0	.0	
-.2	-8.4	7.8	87.8	120.1	93.0	.0	.0	
10.1	-1.2	7.1	55.0	263.8	42.0	.0	.0	
16.8	12.0	12.6	127.8	142.9	98.0	.0	7.6	
27.8	27.7	4.4	95.0	131.7	98.0	.0	5.1	
29.9	28.0	9.2	79.4	168.3	98.0	.0	12.7	
30.1	27.8	8.3	158.3	148.2	98.0	.0	63.5	
27.7	21.0	9.0	241.7	240.4	83.0	.0	.0	
28.5	27.1	13.2	166.7	145.3	98.0	.0	119.4	
19.5	12.7	12.1	278.9	232.8	82.0	.0	.0	
8.2	2.4	10.9	98.3	154.9	98.0	.0	.0	
13.0	7.0	14.5	41.7	183.9	98.0	.0	30.5	
13.5	7.6	10.8	267.2	289.1	50.0	.0	.0	
6.1	-2.5	6.4	137.8	298.4	72.0	.0	.0	
11.4	5.6	11.7	35.6	196.8	98.0	.0	35.6	
7.3	-.5	4.3	137.2	319.5	29.0	.0	.0	
10.8	5.7	13.5	47.2	184.3	98.0	.0	17.8	
11.2	5.2	7.1	55.6	209.1	98.0	.0	55.9	
9.9	3.8	7.6	202.2	214.3	98.0	.0	.0	
2.7	-7.1	15.0	306.7	319.4	81.0	.0	.0	
-10.6	-16.6	10.7	273.9	256.5	61.0	.0	.0	
-20.0	-26.7	9.6	259.4	369.1	2.0	.0	.0	
   3    31    1962
-13.2	-21.0	11.7	113.9	382.9	32.0	.0	.0	
8.0	.8	14.1	133.3	346.1	59.0	.0	.0	
16.2	9.6	15.4	92.8	219.9	98.0	.0	22.9	
17.4	11.9	14.2	31.1	248.3	98.0	.0	38.1	
8.6	.8	8.8	197.2	405.8	2.0	.0	.0	
14.0	9.6	4.7	80.0	225.4	86.0	.0	.0	
25.7	20.6	8.8	116.1	204.3	98.0	.0	.0	
31.4	27.6	6.7	81.1	247.5	98.0	.0	.0	
31.7	26.0	2.6	48.3	281.2	81.0	.0	.0	
32.0	28.2	8.9	65.6	245.1	98.0	9.0	.0	
30.8	28.5	14.2	46.7	267.8	98.0	.0	58.4	
30.3	22.5	15.9	4.4	247.9	98.0	.0	20.3	
23.9	14.5	14.8	285.6	430.4	39.0	.0	.0	
23.0	16.3	8.0	263.9	232.9	98.0	.0	.0	
28.3	22.1	8.5	184.4	348.8	94.0	.0	7.6	
28.9	20.6	8.3	280.6	430.0	30.0	.0	.0	
21.1	14.0	5.1	228.9	469.7	13.0	.0	.0	
23.7	18.6	10.1	116.1	426.5	39.0	.0	.0	
31.6	26.6	11.8	262.2	414.2	59.0	.0	.0	
28.3	23.0	6.3	78.9	453.3	33.0	.0	.0	
28.8	21.8	7.9	82.8	476.7	2.0	.0	.0	
29.2	21.9	11.7	148.3	412.6	68.0	.0	.0	
32.8	32.4	3.3	88.9	253.3	98.0	.0	.0	
35.1	29.7	5.2	61.7	253.7	98.0	7.0	.0	
34.5	30.8	5.6	137.8	278.2	98.0	10.0	.0	
35.0	32.5	4.0	188.9	277.9	98.0	.0	.0	
34.6	32.2	9.5	130.6	287.9	89.0	.0	.0	
36.9	34.6	11.3	187.2	346.3	90.0	.0	.0	
30.7	24.0	17.3	287.8	217.1	97.0	.0	.0	
28.9	20.7	11.6	252.8	481.1	63.0	.0	.0	
30.6	29.8	10.7	83.3	235.8	98.0	.0	71.1	
   4    30    1962
28.1	18.8	10.6	202.2	319.3	62.0	.0	.0	
26.4	17.9	6.9	256.1	529.6	2.0	.0	.0	
32.8	26.4	12.8	151.7	327.5	94.0	.0	.0	
35.7	33.0	4.4	42.2	243.8	76.0	.0	.0	
36.9	32.8	6.7	156.7	257.9	78.0	.0	.0	
33.0	28.7	12.7	302.2	237.7	67.0	6.0	.0	
34.4	25.9	12.9	117.2	348.6	82.0	.0	.0	
35.0	31.7	14.5	200.6	182.4	98.0	60.0	.0	
26.6	16.0	19.9	290.0	542.9	16.0	.0	.0	
29.2	16.0	5.0	150.0	325.3	71.0	.0	.0	
35.8	23.1	8.5	30.0	321.0	97.0	.0	.0	
31.5	10.7	12.4	43.3	299.1	68.0	.0	.0	
30.8	18.9	10.7	269.4	383.6	39.0	.0	.0	
26.3	11.8	15.0	328.3	590.2	2.0	.0	.0	
31.6	11.9	7.3	191.1	601.9	2.0	.0	.0	
36.3	25.7	12.1	155.6	314.0	97.0	.0	.0	
46.9	26.2	14.6	259.4	534.8	15.0	.0	.0	
46.3	19.9	15.0	309.4	574.4	17.0	.0	.0	
43.3	19.7	6.9	201.7	598.6	4.0	.0	.0	
47.0	28.5	15.6	146.1	487.8	42.0	.0	.0	
50.3	43.1	10.0	162.8	302.2	98.0	2.0	.0	
48.5	31.0	16.9	303.3	528.8	43.0	.0	.0	
50.8	31.7	8.9	226.7	597.4	50.0	.0	.0	
66.8	35.3	9.6	228.3	619.7	9.0	.0	.0	
68.5	41.7	12.4	168.3	612.7	12.0	.0	.0	
52.9	39.0	8.7	140.0	533.5	58.0	1.0	.0	
40.1	36.6	10.6	159.4	197.8	98.0	34.0	.0	
43.8	33.4	10.7	58.3	516.3	48.0	.0	.0	
41.4	40.7	7.8	66.1	186.4	98.0	9.0	.0	
51.5	36.8	11.5	301.7	514.9	47.0	1.0	.0	
   5    31    1962
53.8	31.2	8.5	290.6	608.4	7.0	.0	.0	
59.0	32.1	9.1	195.0	586.1	31.0	.0	.0	
67.1	33.6	8.2	231.7	587.7	38.0	.0	.0	
70.3	42.9	8.3	136.7	554.1	57.0	.0	.0	
65.4	32.9	12.3	190.0	510.6	66.0	.0	.0	
46.6	24.2	10.4	221.7	538.7	81.0	.0	.0	
41.8	36.9	9.7	101.1	212.8	98.0	12.0	.0	
45.6	39.0	7.1	121.7	290.9	98.0	.0	.0	
45.4	39.3	11.0	101.1	306.3	98.0	7.0	.0	
50.7	47.8	5.8	95.0	263.7	98.0	1.0	.0	
49.7	46.3	8.4	81.7	299.7	98.0	9.0	.0	
64.0	58.3	6.8	128.3	432.0	79.0	1.0	.0	
68.1	63.4	8.8	105.0	330.2	88.0	89.0	.0	
71.2	63.6	4.5	167.2	494.0	75.0	3.0	.0	
73.4	62.2	9.8	199.4	529.4	52.0	40.0	.0	
72.9	63.3	10.7	172.8	435.9	94.0	.0	.0	
72.6	56.8	17.2	215.0	572.4	29.0	.0	.0	
63.9	60.1	10.3	143.9	276.2	98.0	241.0	.0	
63.7	55.5	15.4	218.9	376.0	88.0	5.0	.0	
57.0	51.2	8.2	115.0	309.3	98.0	.0	.0	
51.9	49.6	11.8	86.7	281.3	98.0	2.0	.0	
59.5	57.7	12.8	88.3	285.3	98.0	317.0	.0	
55.9	51.1	17.0	262.2	221.4	98.0	22.0	.0	
57.2	43.2	13.2	285.0	644.2	23.0	.0	.0	
54.3	38.7	6.1	114.4	482.3	87.0	.0	.0	
55.0	41.0	7.0	107.2	335.6	98.0	9.0	.0	
58.2	46.3	6.8	75.6	442.6	90.0	.0	.0	
58.9	56.2	7.2	113.3	301.4	98.0	16.0	.0	
66.5	60.0	10.3	143.9	425.3	89.0	11.0	.0	
59.9	55.4	13.3	225.0	274.9	97.0	16.0	.0	
49.3	41.4	9.5	287.8	328.1	98.0	.0	.0	
   6    30    1962
49.2	40.5	6.5	223.3	314.3	98.0	.0	.0	
52.1	41.4	4.3	83.3	361.6	80.0	.0	.0	
54.1	48.0	8.9	101.7	333.4	96.0	10.0	.0	
56.8	55.7	6.9	91.7	326.7	98.0	8.0	.0	
60.5	58.6	3.6	123.9	337.5	94.0	.0	.0	
62.2	57.5	6.6	77.8	356.2	98.0	.0	.0	
66.5	62.3	6.6	126.7	309.7	98.0	57.0	.0	
67.2	57.8	6.9	127.2	345.5	97.0	.0	.0	
65.2	61.4	3.9	122.2	349.3	94.0	9.0	.0	
64.3	58.9	3.5	216.1	396.3	89.0	5.0	.0	
60.3	51.0	9.6	61.7	535.9	44.0	.0	.0	
58.6	41.3	4.4	86.1	701.1	6.0	.0	.0	
63.9	49.6	5.1	132.2	739.2	11.0	.0	.0	
68.0	49.6	8.9	160.0	701.3	14.0	.0	.0	
73.1	60.0	12.8	168.9	604.2	35.0	.0	.0	
72.7	62.9	12.2	228.3	485.4	80.0	12.0	.0	
67.3	62.7	7.6	117.8	435.5	77.0	120.0	.0	
56.1	51.3	9.8	295.6	308.1	83.0	1.0	.0	
62.9	54.0	7.3	274.4	589.8	31.0	.0	.0	
61.4	51.7	4.6	88.3	406.8	87.0	.0	.0	
64.1	56.7	4.8	124.4	470.7	62.0	1.0	.0	
69.9	54.3	6.7	235.6	663.2	38.0	.0	.0	
69.0	55.7	6.6	236.7	572.7	42.0	.0	.0	
72.4	53.6	6.7	242.2	707.3	21.0	.0	.0	
71.3	53.0	5.5	247.8	719.0	14.0	.0	.0	
69.6	55.5	6.6	133.3	683.7	20.0	.0	.0	
76.2	59.4	10.8	161.1	692.6	2.0	.0	.0	
79.0	63.4	17.7	182.8	677.1	29.0	69.0	.0	
72.0	58.3	7.9	261.1	682.4	20.0	1.0	.0	
70.7	57.3	3.8	92.2	558.4	80.0	.0	.0	
   7    31    1962
64.0	60.7	9.0	91.7	184.4	98.0	128.0	.0	
65.2	64.6	8.2	87.8	303.9	98.0	2.0	.0	
70.7	66.6	7.5	108.3	436.0	82.0	.0	.0	
66.7	65.3	5.7	71.1	252.2	83.0	52.0	.0	
69.5	63.6	4.0	91.1	417.1	74.0	.0	.0	
71.2	68.1	8.3	151.7	399.4	62.0	17.0	.0	
74.9	70.3	9.2	181.7	356.5	89.0	48.0	.0	
66.1	55.5	14.9	296.1	588.9	25.0	.0	.0	
68.6	57.9	5.9	165.0	564.2	46.0	.0	.0	
73.4	61.9	6.2	258.9	634.8	41.0	.0	.0	
67.6	55.9	3.7	208.9	685.3	11.0	.0	.0	
69.3	52.2	4.2	256.7	659.0	33.0	.0	.0	
66.3	55.4	3.0	130.6	421.5	70.0	.0	.0	
61.7	52.1	7.8	68.9	398.7	98.0	88.0	.0	
57.9	54.8	4.5	63.9	217.2	98.0	46.0	.0	
61.4	56.3	3.0	86.7	280.5	93.0	.0	.0	
65.5	56.7	2.6	164.4	543.4	59.0	.0	.0	
69.4	58.4	3.3	119.4	619.1	37.0	.0	.0	
68.9	63.8	5.8	113.9	435.0	72.0	175.0	.0	
70.9	61.7	8.8	263.3	603.0	47.0	.0	.0	
67.7	58.8	4.9	158.3	635.9	21.0	37.0	.0	
64.9	59.8	4.6	235.6	365.0	74.0	4.0	.0	
64.1	56.8	3.1	106.7	502.0	53.0	.0	.0	
69.8	57.6	10.8	275.0	632.6	14.0	2.0	.0	
60.0	46.1	12.4	296.7	544.2	44.0	.0	.0	
62.0	46.7	4.7	238.9	690.1	2.0	.0	.0	
62.6	54.1	10.2	191.7	439.1	85.0	.0	.0	
65.2	59.5	4.4	200.0	407.4	79.0	5.0	.0	
68.8	59.6	9.4	186.1	610.4	37.0	16.0	.0	
61.3	47.9	6.9	297.2	597.2	22.0	.0	.0	
67.0	55.7	6.7	262.2	615.0	16.0	.0	.0	
   8    31    1962
65.4	51.6	2.6	130.6	661.3	2.0	.0	.0	
72.6	59.1	8.9	191.7	536.3	55.0	.0	.0	
68.2	64.3	3.8	110.6	247.5	88.0	10.0	.0	
70.9	65.5	4.3	121.7	410.1	72.0	.0	.0	
76.8	67.3	10.0	156.7	620.3	5.0	.0	.0	
72.2	64.6	8.8	167.8	536.0	50.0	78.0	.0	
73.7	58.2	7.5	248.3	631.1	14.0	.0	.0	
67.1	58.4	5.9	121.1	572.7	18.0	5.0	.0	
62.3	54.7	7.0	95.0	482.9	48.0	.0	.0	
69.5	59.8	8.3	135.6	589.0	41.0	.0	.0	
67.0	64.2	9.0	186.7	222.8	97.0	147.0	.0	
66.3	59.2	11.9	231.7	319.8	64.0	.0	.0	
65.9	57.4	3.6	174.4	553.4	16.0	.0	.0	
67.5	55.3	8.3	170.0	600.9	27.0	.0	.0	
70.4	56.3	10.1	263.3	581.0	16.0	.0	.0	
62.8	49.9	9.2	298.3	583.2	6.0	.0	.0	
63.4	51.5	3.0	161.7	584.9	13.0	.0	.0	
68.1	56.4	7.8	145.0	412.8	59.0	.0	.0	
71.5	58.8	6.2	242.2	525.7	31.0	.0	.0	
70.9	55.1	4.8	173.9	574.7	21.0	.0	.0	
74.3	59.8	5.5	149.4	599.3	2.0	.0	.0	
72.1	62.9	11.9	136.7	348.4	81.0	34.0	.0	
74.1	63.8	8.8	216.1	375.0	88.0	4.0	.0	
61.9	53.2	5.6	280.0	317.6	71.0	.0	.0	
66.5	50.6	6.2	167.8	581.7	2.0	.0	.0	
70.0	58.2	7.9	154.4	587.3	2.0	.0	.0	
74.7	64.3	9.0	158.3	523.1	11.0	.0	.0	
63.8	53.3	3.3	175.6	269.2	68.0	.0	.0	
63.0	56.4	3.9	103.3	352.9	66.0	.0	.0	
58.5	56.1	5.5	54.4	192.7	97.0	43.0	.0	
61.7	52.5	9.0	272.2	375.0	49.0	.0	.0	
   9    30    1962
66.7	53.3	6.6	201.7	535.1	6.0	.0	.0	
68.7	58.2	9.5	157.2	528.5	4.0	.0	.0	
57.8	53.7	10.3	247.8	211.7	98.0	49.0	.0	
50.7	38.2	9.5	299.4	426.8	27.0	.0	.0	
52.3	38.5	7.3	162.8	508.3	10.0	.0	.0	
56.2	43.5	12.2	171.1	490.2	31.0	.0	.0	
65.9	60.7	12.8	164.4	374.6	40.0	.0	.0	
66.0	62.9	8.2	136.7	194.7	98.0	76.0	.0	
58.2	57.2	4.7	178.9	200.2	98.0	61.0	.0	
52.3	47.8	14.9	281.1	201.0	98.0	15.0	.0	
59.7	54.3	11.2	133.9	474.6	66.0	.0	.0	
66.6	54.1	6.6	91.7	461.3	27.0	.0	.0	
62.9	46.7	6.2	233.9	476.2	18.0	.0	.0	
57.5	49.8	2.9	163.9	218.1	84.0	.0	.0	
59.9	47.2	4.6	71.7	424.0	21.0	.0	.0	
60.2	48.7	13.2	271.1	427.1	29.0	90.0	.0	
54.5	41.5	11.8	281.7	409.5	16.0	.0	.0	
54.9	41.3	8.0	293.3	373.5	47.0	.0	.0	
45.3	34.1	8.1	261.1	421.2	13.0	.0	.0	
45.9	34.5	5.0	156.7	455.2	11.0	.0	.0	
55.1	44.9	11.7	222.8	394.3	36.0	10.0	.0	
49.7	41.6	7.1	56.7	336.9	36.0	.0	.0	
54.5	50.0	9.6	133.9	198.3	92.0	20.0	.0	
55.8	49.2	10.0	237.2	244.3	65.0	.0	.0	
49.6	41.7	4.2	151.7	383.0	30.0	.0	.0	
51.9	42.8	9.8	70.6	371.9	28.0	.0	.0	
48.1	41.8	6.2	83.3	366.4	23.0	.0	.0	
50.2	39.5	9.5	127.2	420.3	2.0	.0	.0	
54.8	42.4	11.5	135.6	330.2	64.0	.0	.0	
54.0	52.8	8.8	86.7	108.6	98.0	50.0	.0	
  10    31    1962
56.5	47.5	7.8	83.3	351.4	66.0	.0	.0	
54.1	44.0	2.5	32.8	405.1	21.0	.0	.0	
54.7	47.4	4.2	72.2	173.5	98.0	.0	.0	
55.6	49.7	4.9	40.0	196.6	82.0	1.0	.0	
52.8	50.9	5.4	84.4	162.6	94.0	.0	.0	
53.2	51.3	7.8	78.0	169.1	98.0	.0	.0	
53.9	51.7	9.6	65.0	118.7	98.0	16.0	.0	
55.8	51.3	5.3	227.2	201.6	97.0	.0	.0	
56.1	40.0	8.3	189.4	342.7	41.0	.0	.0	
61.7	52.9	4.9	138.3	297.7	54.0	.0	.0	
58.8	53.4	9.7	236.7	239.9	62.0	.0	.0	
52.6	43.5	7.9	104.4	307.6	51.0	.0	.0	
59.0	54.7	8.1	112.8	151.6	98.0	.0	.0	
68.7	66.2	12.5	162.2	180.5	97.0	.0	.0	
65.1	54.1	19.1	203.3	199.5	50.0	.0	.0	
46.1	31.1	17.2	266.7	311.6	18.0	.0	.0	
51.9	32.4	13.2	235.6	300.2	41.0	.0	.0	
53.5	36.1	11.4	203.3	289.2	40.0	.0	.0	
47.2	33.7	9.1	266.1	233.0	77.0	.0	.0	
41.8	32.1	5.1	193.9	254.2	21.0	.0	.0	
48.4	36.6	6.2	232.8	205.1	68.0	1.0	.0	
42.3	32.6	16.7	311.7	181.2	56.0	.0	.0	
33.2	23.2	12.5	309.4	177.6	45.0	.0	.0	
31.7	23.8	11.9	275.6	181.2	53.0	.0	2.5	
28.1	16.0	9.4	266.7	212.3	72.0	.0	.0	
35.7	22.1	9.5	148.9	130.3	69.0	.0	.0	
46.7	33.6	9.0	228.3	276.9	15.0	.0	.0	
43.4	33.8	7.4	140.6	258.6	47.0	.0	.0	
47.6	33.6	11.5	232.8	160.4	86.0	.0	.0	
41.8	27.4	14.6	316.7	258.1	2.0	.0	.0	
34.4	26.9	2.5	96.7	169.8	74.0	.0	.0	
  11    30    1962
39.1	31.6	4.5	201.1	129.6	98.0	.0	.0	
37.6	29.1	8.5	52.2	129.7	98.0	.0	.0	
33.6	28.2	7.0	129.4	117.3	89.0	13.0	.0	
28.5	17.5	16.4	237.8	107.1	93.0	.0	.0	
27.0	20.2	7.2	117.8	213.9	49.0	.0	.0	
38.3	29.2	18.6	203.9	131.0	95.0	.0	.0	
32.6	25.8	17.8	315.0	115.6	98.0	2.0	.0	
30.8	19.6	8.6	154.4	204.2	49.0	.0	.0	
32.3	24.5	8.5	135.6	198.7	33.0	.0	.0	
35.0	28.1	7.5	82.2	124.4	75.0	.0	.0	
38.0	32.6	8.8	182.2	91.7	94.0	1.0	.0	
32.9	30.4	4.9	139.4	167.5	41.0	.0	.0	
32.7	30.9	8.4	132.2	158.8	72.0	.0	.0	
38.3	34.0	5.4	98.9	170.1	94.0	.0	.0	
36.1	33.5	9.9	37.8	75.6	98.0	4.0	.0	
33.9	26.8	10.3	17.8	113.5	98.0	.0	.0	
29.2	21.8	5.5	223.3	111.8	98.0	.0	.0	
30.0	21.7	8.0	194.4	120.4	98.0	.0	.0	
32.0	24.7	12.8	173.3	93.6	83.0	.0	.0	
42.3	29.0	19.3	235.6	88.6	87.0	.0	.0	
31.7	17.1	19.9	276.7	145.8	18.0	.0	.0	
26.0	12.2	11.7	238.3	189.8	24.0	.0	.0	
32.2	30.4	9.0	195.6	100.9	56.0	24.0	.0	
30.1	24.5	9.3	157.2	166.4	34.0	.0	.0	
32.6	26.2	8.1	149.4	150.6	45.0	.0	.0	
40.5	35.4	13.7	163.3	180.4	16.0	.0	.0	
45.1	33.7	12.3	145.6	85.3	98.0	.0	.0	
43.8	38.1	12.8	201.1	88.0	93.0	.0	.0	
40.1	36.9	7.3	120.6	100.6	98.0	.0	.0	
46.8	42.9	7.1	151.1	77.8	98.0	.0	.0	
  12    31    1962
50.9	42.2	14.0	161.1	102.7	84.0	.0	.0	
44.5	31.3	6.7	183.9	167.4	14.0	1.0	.0	
51.5	46.1	18.6	195.0	75.9	94.0	1.0	.0	
33.6	26.1	14.2	295.0	88.9	91.0	.0	.0	
18.6	8.5	15.4	320.6	70.8	73.0	.0	.0	
13.6	5.8	3.7	197.8	159.2	31.0	.0	.0	
21.3	14.6	11.3	295.6	123.2	43.0	.0	.0	
18.9	6.0	20.4	311.7	94.1	97.0	.0	.0	
8.1	-3.8	15.7	319.4	170.9	7.0	.0	.0	
2.1	-9.2	17.6	318.9	127.2	63.0	.0	.0	
-7.8	-17.1	15.4	315.6	108.9	47.0	.0	.0	
-1.1	-12.9	10.8	216.1	106.1	79.0	.0	.0	
16.7	6.5	10.0	220.0	155.9	29.0	.0	.0	
16.0	10.2	9.2	150.0	70.0	88.0	.0	.0	
28.5	22.7	7.9	262.2	89.2	98.0	.0	.0	
32.1	27.8	10.1	205.0	120.2	44.0	.0	.0	
34.2	30.1	4.6	157.2	102.4	63.0	.0	.0	
31.2	29.0	3.3	104.4	130.1	54.0	.0	.0	
26.9	20.3	10.2	227.2	67.6	98.0	.0	.0	
19.6	9.5	8.8	107.8	75.9	98.0	.0	.0	
23.8	20.1	10.2	171.1	84.9	98.0	.0	5.1	
20.3	15.0	20.8	258.9	82.8	98.0	.0	10.2	
-1.0	-10.7	12.7	269.4	153.4	6.0	.0	.0	
9.1	1.9	11.6	209.4	66.5	84.0	.0	.0	
.1	-10.1	12.6	285.6	153.5	18.0	.0	2.5	
5.1	-1.7	11.5	162.2	73.3	84.0	.0	5.1	
9.4	-2.2	9.5	235.0	151.2	44.0	.0	5.1	
21.4	17.0	13.1	201.1	111.9	79.0	.0	.0	
1.6	-9.2	12.5	298.9	148.5	42.0	.0	.0	
4.5	-7.1	9.3	94.4	79.1	98.0	.0	.0	
14.2	3.5	11.8	152.8	65.6	76.0	.0	.0	
