1 31 1992
31.7	31.7	6.1	150.8	41.7	100.0	.0	.0	
31.4	30.9	7.8	147.8	41.9	100.0	.0	.0	
32.9	29.3	7.5	210.2	42.2	100.0	.0	.0	
32.9	29.3	5.9	128.4	42.5	100.0	.0	.0	
31.3	30.2	8.6	168.4	42.9	100.0	3.9	.0	
28.4	24.5	6.9	235.5	43.2	100.0	.0	.0	
27.1	26.1	12.8	88.5	43.6	100.0	.0	50.0	
31.8	31.1	7.6	142.6	44.0	100.0	19.7	10.0	
12.8	4.9	8.2	280.8	110.6	28.1	.0	.0	
15.7	14.0	5.2	159.0	118.2	37.5	.0	.0	
24.5	23.3	4.1	102.5	129.6	3.1	.0	.0	
24.7	24.1	8.2	267.8	45.9	100.0	.0	.0	
10.7	4.4	7.8	307.2	64.5	50.0	.0	.0	
5.0	2.1	6.0	212.5	47.0	81.9	.0	.0	
-10.9	-21.4	8.2	259.0	124.3	43.1	.0	.0	
12.7	11.0	7.5	196.6	48.2	100.0	.0	10.0	
2.0	-9.9	12.7	284.3	139.4	3.1	.0	.0	
-9.4	-18.2	6.2	216.1	141.3	.0	.0	.0	
13.7	10.7	8.4	244.3	51.1	89.4	.0	.0	
19.6	16.8	7.4	167.8	142.5	25.0	.0	.0	
19.4	15.2	5.0	48.4	143.7	11.2	.0	.0	
26.8	24.9	5.2	181.9	52.3	98.8	.0	.0	
11.4	1.0	16.3	283.7	84.6	45.6	.0	.0	
1.3	-8.3	6.3	154.9	112.1	55.6	.0	30.0	
8.4	3.8	6.6	267.8	54.8	71.9	.0	.0	
15.7	12.6	7.3	88.4	56.9	98.8	.0	.0	
15.2	10.6	6.2	246.1	144.7	30.0	.0	.0	
16.5	15.3	9.2	148.4	119.2	56.9	.0	.0	
35.1	31.5	9.6	200.2	81.2	61.2	.0	.0	
34.4	30.3	6.0	245.5	98.8	51.9	.0	.0	
29.7	23.1	7.4	133.1	81.2	90.6	.0	.0	
2 29 1992
26.5	23.7	8.3	141.4	174.9	4.4	.0	.0	
29.7	27.3	4.3	89.6	143.2	43.8	.0	.0	
30.1	29.2	10.5	296.1	63.6	100.0	.0	.0	
24.7	20.2	7.8	266.1	127.8	53.8	.0	.0	
29.3	24.9	5.4	177.8	188.2	15.0	.0	.0	
32.0	20.7	14.5	300.8	85.3	78.1	.0	.0	
15.3	4.5	12.3	308.4	94.7	84.4	.0	.0	
4.2	-3.4	6.6	245.5	191.8	12.5	.0	.0	
8.7	3.6	8.6	133.1	189.7	46.2	.0	.0	
19.5	13.1	9.5	270.8	94.6	62.5	.0	.0	
3.1	-11.4	6.5	139.0	155.1	53.1	.0	.0	
11.6	5.3	6.6	135.5	74.4	100.0	.0	.0	
25.6	21.4	6.1	281.9	75.7	100.0	.0	.0	
25.9	22.7	6.7	103.7	77.1	100.0	.0	.0	
30.0	26.2	3.4	104.3	78.4	100.0	.0	.0	
30.3	26.7	6.4	167.2	79.8	100.0	.0	.0	
34.3	32.0	10.5	88.4	81.2	100.0	.0	.0	
32.8	27.7	8.3	76.6	82.6	100.0	.0	.0	
29.6	25.9	7.0	263.1	84.0	100.0	.0	10.0	
24.7	20.3	12.1	245.5	123.2	82.5	.0	10.0	
23.9	19.7	5.9	139.0	87.0	100.0	.0	.0	
29.1	23.2	3.7	152.5	88.4	100.0	.0	.0	
30.8	27.4	5.2	87.8	89.9	100.0	.0	.0	
25.7	21.0	9.9	288.4	91.5	93.1	.0	40.0	
20.4	14.7	7.6	254.3	161.9	55.0	.0	.0	
36.5	29.2	9.5	277.8	171.2	64.4	.0	.0	
37.8	33.5	7.2	243.7	146.7	83.1	.0	.0	
35.2	25.5	11.8	312.5	172.6	62.5	.0	.0	
27.0	24.4	6.9	139.0	132.3	41.9	.0	.0	
3 31 1992
39.1	34.8	4.9	103.7	264.5	17.5	.0	.0	
31.8	31.2	7.4	56.6	102.6	100.0	.0	.0	
33.2	33.1	9.8	82.5	104.2	100.0	.0	.0	
35.2	35.1	7.4	76.6	105.9	100.0	.0	.0	
37.7	37.8	14.6	71.4	107.6	100.0	55.1	.0	
38.3	38.7	10.8	70.2	109.4	100.0	7.9	.0	
39.0	38.6	3.2	189.6	111.2	100.0	7.9	.0	
38.6	35.0	7.5	259.0	112.9	100.0	.0	.0	
23.0	4.5	14.3	325.5	179.2	58.1	.0	.0	
17.6	2.8	7.4	206.6	329.6	20.0	.0	.0	
20.8	16.2	8.5	89.0	128.3	95.0	.0	.0	
17.0	8.4	5.6	255.5	330.5	33.8	.0	.0	
24.5	20.4	5.7	122.5	122.0	100.0	.0	20.0	
28.2	22.7	7.5	250.2	134.7	98.8	.0	.0	
23.7	11.0	7.0	169.6	358.1	12.5	.0	.0	
37.4	29.4	9.4	237.2	175.8	79.4	.0	.0	
25.6	9.5	8.3	215.5	289.7	46.9	.0	.0	
26.9	8.7	8.8	100.2	320.5	40.0	.0	.0	
32.8	19.4	7.9	270.2	359.2	41.2	.0	.0	
28.5	6.7	8.3	134.3	382.4	21.2	.0	.0	
23.5	15.7	6.7	69.0	161.8	66.2	.0	70.0	
25.2	18.5	7.3	221.9	361.7	11.9	.0	.0	
34.6	28.2	6.0	157.8	401.2	.0	.0	.0	
43.2	30.4	7.8	180.2	353.0	40.6	.0	.0	
35.8	17.5	9.9	234.9	387.3	15.6	.0	.0	
27.2	9.7	11.1	271.4	416.8	.6	.0	.0	
31.8	18.6	7.9	120.2	364.3	31.2	.0	.0	
35.4	33.6	9.4	129.0	149.6	100.0	27.6	.0	
36.3	33.5	6.1	156.1	185.0	64.4	.0	.0	
39.8	20.1	10.3	262.5	314.3	61.9	.0	.0	
30.3	19.1	12.9	303.7	235.4	83.1	.0	.0	
4 30 1992
28.2	8.3	12.1	318.4	447.7	1.2	.0	.0	
33.0	13.3	6.9	256.1	418.1	37.5	.0	.0	
42.4	22.1	9.6	253.7	417.2	29.4	.0	.0	
37.7	22.4	7.5	130.8	460.4	5.0	.0	.0	
50.6	28.6	13.1	146.1	347.1	43.1	.0	.0	
46.5	40.6	7.1	294.3	191.5	77.5	3.9	.0	
39.0	32.1	7.9	260.8	231.4	68.8	.0	.0	
39.0	32.1	6.7	166.1	240.7	78.1	3.9	.0	
40.8	30.5	7.2	208.4	254.9	63.8	.0	.0	
31.0	29.5	15.8	76.1	172.8	100.0	7.9	120.0	
30.5	21.7	11.0	251.4	290.1	57.5	.0	.0	
24.6	9.6	5.9	167.2	242.2	76.2	.0	.0	
33.3	27.1	7.8	131.9	177.9	100.0	.0	.0	
39.0	31.4	9.2	87.8	179.6	100.0	.0	.0	
39.3	33.2	8.3	83.1	181.2	100.0	15.7	.0	
39.7	36.1	7.9	63.1	182.9	100.0	.0	.0	
40.8	33.6	7.0	100.8	242.2	75.6	.0	.0	
47.1	45.1	10.8	114.9	186.2	100.0	15.7	.0	
56.4	47.7	7.9	204.3	328.6	83.1	15.7	.0	
42.6	41.1	11.3	206.6	189.4	100.0	59.1	.0	
38.2	35.5	8.0	141.4	191.0	100.0	7.9	.0	
37.5	32.5	9.0	273.1	192.6	100.0	3.9	.0	
37.0	28.6	6.7	291.9	194.2	99.4	.0	.0	
38.6	26.6	10.1	286.1	232.2	95.0	.0	.0	
38.3	30.0	10.9	301.9	197.2	100.0	.0	.0	
40.8	31.7	9.7	306.6	209.6	88.8	.0	.0	
44.7	24.4	6.8	149.6	557.3	11.9	.0	.0	
56.4	39.0	13.3	176.6	386.1	49.4	.0	.0	
62.3	43.0	7.4	234.3	461.3	46.9	.0	.0	
66.0	45.9	11.6	111.4	445.6	61.2	.0	.0	
5 31 1992
71.8	42.9	10.4	271.4	393.7	62.5	.0	.0	
55.5	29.8	16.7	277.2	582.5	8.8	.0	.0	
48.6	26.3	9.9	265.5	593.8	13.1	.0	.0	
46.2	32.7	9.3	173.1	505.8	45.0	.0	.0	
45.7	22.8	5.1	137.8	601.0	1.9	.0	.0	
56.0	24.5	11.3	180.2	516.4	29.4	.0	.0	
67.2	34.2	13.5	175.5	599.0	7.5	.0	.0	
67.2	37.1	9.5	155.5	613.2	.0	.0	.0	
67.3	46.3	9.6	139.6	503.0	43.1	31.5	.0	
70.3	49.9	13.7	167.2	506.3	46.9	90.6	.0	
64.3	60.9	8.2	173.7	229.8	91.2	11.8	.0	
57.9	41.7	10.9	286.1	554.0	38.8	3.9	.0	
48.1	35.3	4.7	146.1	330.2	71.9	.0	.0	
56.4	43.6	9.1	152.5	380.6	70.0	.0	.0	
64.4	53.9	8.8	162.5	525.9	48.1	3.9	.0	
67.1	58.0	11.6	184.9	276.0	83.8	.0	.0	
54.4	47.8	7.7	255.5	254.4	81.9	23.6	.0	
58.4	48.2	8.1	140.2	634.8	6.2	.0	.0	
68.8	54.5	11.6	157.2	351.5	66.2	.0	.0	
72.6	57.5	9.9	144.9	578.7	30.0	.0	.0	
69.9	63.2	9.5	150.2	341.0	66.2	15.7	.0	
60.2	55.4	12.2	236.6	229.1	100.0	.0	.0	
48.4	34.1	10.1	233.7	558.8	46.2	.0	.0	
43.5	31.6	8.8	66.1	369.5	71.9	3.9	.0	
43.0	37.4	7.5	136.1	246.5	98.1	39.4	.0	
48.0	37.2	6.0	223.7	496.8	51.9	.0	.0	
53.4	38.8	5.3	218.4	559.5	34.4	.0	.0	
57.2	39.9	5.9	181.9	537.3	43.8	.0	.0	
58.5	38.4	8.2	152.5	615.9	31.2	.0	.0	
61.1	40.3	4.3	152.5	666.3	3.8	.0	.0	
64.2	42.5	4.9	121.9	629.6	29.4	.0	.0	
6 30 1992
65.1	48.8	7.8	146.1	417.7	61.9	.0	.0	
65.6	47.5	5.3	135.5	485.0	55.0	.0	.0	
70.5	49.1	7.4	144.9	619.3	20.0	.0	.0	
65.1	47.6	9.3	263.1	619.7	35.0	.0	.0	
60.4	47.2	5.8	204.3	419.8	63.1	3.9	.0	
56.6	46.5	8.5	247.2	480.4	61.2	11.8	.0	
54.6	43.4	5.4	237.2	563.0	41.9	23.6	.0	
59.2	51.9	7.7	76.6	399.4	81.9	11.8	.0	
67.0	54.8	6.3	131.4	463.3	65.0	.0	.0	
70.0	56.9	5.8	171.9	626.3	31.2	.0	.0	
72.7	56.1	2.8	123.7	573.9	33.1	.0	.0	
75.0	56.8	4.3	201.9	609.7	27.5	.0	.0	
71.5	59.6	5.3	166.1	417.5	68.1	.0	.0	
64.8	58.2	12.0	65.5	349.7	84.4	11.8	.0	
62.3	53.0	12.6	79.5	266.9	88.3	.0	.0	
63.3	61.3	9.6	95.5	241.0	100.0	161.4	.0	
63.4	58.4	13.8	202.5	269.2	91.2	15.7	.0	
67.6	58.2	11.6	248.4	503.1	69.4	.0	.0	
50.6	46.1	10.8	59.6	241.2	100.0	7.9	.0	
51.2	38.6	7.0	117.2	647.0	16.2	.0	.0	
53.9	37.1	5.8	120.2	425.5	75.6	3.9	.0	
55.6	52.6	6.1	120.8	241.2	100.0	15.7	.0	
63.1	55.2	7.0	257.2	411.0	76.9	.0	.0	
61.8	52.6	6.6	248.4	473.7	53.1	.0	.0	
59.0	49.3	12.2	292.5	505.6	44.4	.0	.0	
55.2	41.2	6.5	217.2	678.9	6.9	.0	.0	
61.2	48.3	8.8	144.3	551.4	39.4	.0	.0	
68.9	57.9	8.2	258.4	498.8	46.2	.0	.0	
60.5	41.1	7.2	277.8	604.3	35.6	.0	.0	
54.1	47.7	9.1	75.5	270.3	91.9	47.2	.0	
7 31 1992
62.7	60.3	9.3	126.1	467.2	75.0	47.2	.0	
55.4	54.3	8.7	301.9	239.1	100.0	90.6	.0	
59.8	48.9	12.1	262.5	431.5	69.4	.0	.0	
59.7	47.7	10.6	273.7	654.2	17.5	.0	.0	
59.4	48.1	6.9	245.5	604.2	30.6	.0	.0	
62.5	53.1	5.4	120.2	326.1	86.9	.0	.0	
71.5	64.4	5.3	144.3	292.4	91.2	.0	.0	
72.3	59.8	8.5	229.0	660.3	22.5	.0	.0	
67.9	60.1	6.3	147.8	385.6	83.1	.0	.0	
62.6	59.1	6.3	289.0	320.5	78.8	47.2	.0	
60.7	58.7	4.6	100.8	249.6	90.6	3.9	.0	
63.4	57.7	7.5	53.7	415.6	68.8	78.7	.0	
61.3	58.3	6.2	56.6	236.8	94.4	.0	.0	
64.2	55.8	4.7	122.5	601.2	25.6	.0	.0	
63.3	61.5	7.2	185.5	273.9	81.9	7.9	.0	
64.3	54.9	7.2	194.3	430.7	51.2	.0	.0	
65.2	57.3	7.6	289.0	553.0	27.5	.0	.0	
63.8	55.8	5.1	205.9	475.1	52.7	.0	.0	
65.6	57.0	10.2	260.2	367.1	68.8	11.8	.0	
59.5	48.3	7.4	280.2	563.4	38.8	.0	.0	
61.8	51.9	5.6	170.8	415.5	61.9	.0	.0	
57.7	53.5	8.2	70.2	261.6	86.9	15.7	.0	
59.9	51.8	7.0	90.8	597.3	20.6	.0	.0	
60.7	56.8	7.2	130.2	237.9	96.2	.0	.0	
68.6	66.0	5.4	184.3	237.0	86.2	.0	.0	
67.8	55.0	8.9	300.2	591.2	18.8	.0	.0	
68.0	56.9	7.9	154.9	497.7	38.8	.0	.0	
67.4	53.5	9.1	284.9	584.0	37.5	.0	.0	
58.9	46.9	4.0	112.5	330.6	78.1	.0	.0	
60.7	47.9	5.5	69.6	329.1	80.6	.0	.0	
64.2	54.8	8.2	181.4	574.2	21.2	.0	.0	
8 31 1992
70.1	59.0	7.4	250.2	387.4	62.5	.0	.0	
63.1	51.5	8.1	289.6	489.4	44.4	.0	.0	
59.4	49.1	8.1	251.9	424.1	38.8	.0	.0	
60.5	48.3	4.9	123.7	317.0	77.5	.0	.0	
64.1	52.0	6.2	121.4	497.6	36.2	.0	.0	
64.0	59.4	6.8	108.4	209.8	100.0	3.9	.0	
66.6	64.3	6.1	145.5	238.1	76.2	66.9	.0	
74.1	66.3	5.2	134.3	590.4	6.9	.0	.0	
80.1	74.9	7.7	208.4	417.2	63.1	.0	.0	
68.7	50.1	9.7	291.9	583.9	1.2	.0	.0	
62.2	49.2	7.6	252.5	471.8	36.2	.0	.0	
56.8	50.9	6.5	127.8	268.4	78.8	.0	.0	
56.1	47.7	4.1	104.3	298.5	84.4	.0	.0	
57.4	46.1	2.7	115.5	463.8	31.9	.0	.0	
58.8	47.8	5.3	113.1	525.3	20.0	.0	.0	
61.9	52.7	7.5	133.7	484.4	45.0	.0	.0	
64.8	60.0	5.4	183.7	231.0	70.6	.0	.0	
61.9	49.6	6.3	241.4	525.1	11.9	.0	.0	
61.8	48.3	4.8	113.7	521.6	26.9	.0	.0	
67.8	59.1	9.5	152.5	465.6	53.1	.0	.0	
67.1	65.4	5.5	111.9	187.9	100.0	7.9	.0	
71.8	61.0	11.6	157.8	458.9	33.8	.0	.0	
75.3	63.2	12.5	157.2	357.8	68.8	.0	.0	
59.9	57.6	7.4	290.2	182.9	100.0	59.1	.0	
54.9	54.2	6.3	261.4	186.4	87.5	31.5	.0	
55.8	46.8	4.9	211.4	301.1	73.8	.0	.0	
58.1	46.3	3.5	117.8	387.4	62.5	.0	.0	
59.2	52.7	6.2	119.0	301.7	69.4	.0	.0	
61.4	54.3	9.5	222.5	307.7	61.2	.0	.0	
58.5	48.0	12.7	269.6	373.2	50.6	.0	.0	
54.0	44.7	6.3	263.7	425.3	20.6	.0	.0	
9 30 1992
57.5	53.4	7.3	110.2	183.5	96.9	43.3	.0	
65.5	60.5	8.1	212.5	239.1	72.5	.0	.0	
59.6	47.9	5.5	233.1	437.7	19.4	.0	.0	
64.6	58.1	10.4	145.5	288.2	85.0	19.7	.0	
65.7	62.5	9.5	184.3	190.9	76.9	11.8	.0	
57.7	49.9	4.9	156.6	457.6	3.1	.0	.0	
55.5	54.5	8.2	185.5	158.6	100.0	7.9	.0	
52.3	41.6	7.8	183.7	330.3	54.4	.0	.0	
56.4	45.9	10.2	230.2	253.1	58.1	.0	.0	
53.0	44.6	9.7	266.1	257.4	61.2	.0	.0	
56.5	48.0	10.2	133.7	392.0	20.6	.0	.0	
65.4	55.5	9.2	157.2	207.8	86.2	.0	.0	
67.0	61.4	8.0	199.6	257.6	61.2	7.9	.0	
59.4	45.0	4.8	75.5	335.3	56.9	.0	.0	
63.2	61.3	7.3	107.2	150.6	88.8	7.9	.0	
67.6	66.1	8.1	183.1	189.4	81.2	.0	.0	
57.3	52.0	6.6	129.6	236.5	85.6	3.9	.0	
49.3	36.8	12.0	259.0	277.5	60.6	.0	.0	
51.0	39.8	8.9	137.2	248.0	55.6	.0	.0	
62.5	53.9	8.1	171.4	385.0	.0	.0	.0	
61.6	47.3	10.7	250.8	314.1	43.1	.0	.0	
43.5	30.2	6.5	235.5	374.4	.0	.0	.0	
56.3	40.3	10.4	147.2	358.8	33.1	.0	.0	
59.9	40.3	13.9	163.1	363.9	.0	.0	.0	
61.1	46.8	10.8	140.8	358.7	3.8	.0	.0	
55.1	46.6	8.4	254.9	156.6	71.9	.0	.0	
49.2	37.7	9.3	167.8	301.4	25.0	.0	.0	
40.8	26.0	8.1	237.2	343.2	4.4	.0	.0	
45.5	29.6	6.3	118.4	259.6	46.9	.0	.0	
56.0	44.9	3.6	90.2	331.3	10.0	.0	.0	
10 31 1992
58.9	42.5	3.5	115.5	327.7	5.0	.0	.0	
63.8	42.4	4.6	173.1	323.5	.0	.0	.0	
56.7	40.0	7.0	141.4	318.5	.0	.0	.0	
54.1	42.4	7.2	101.4	304.7	5.6	.0	.0	
60.2	49.0	7.5	144.9	269.0	54.4	.0	.0	
47.6	40.1	6.0	221.9	106.3	93.8	15.7	.0	
44.8	42.4	8.8	175.5	104.6	100.0	51.2	.0	
44.5	43.0	10.5	30.2	102.9	100.0	31.5	.0	
47.4	41.4	7.6	266.6	101.3	100.0	.0	.0	
47.7	33.9	9.4	285.5	207.2	56.2	.0	.0	
47.6	31.6	5.5	132.5	208.1	44.4	.0	.0	
45.0	18.2	11.7	273.7	267.8	28.8	.0	.0	
41.2	19.0	4.5	88.4	122.9	88.8	.0	.0	
36.3	26.3	8.1	170.8	231.1	37.5	.0	.0	
33.9	27.6	6.9	151.4	100.2	81.9	11.8	.0	
32.4	27.4	8.7	278.4	175.8	67.5	3.9	.0	
30.6	22.4	7.5	211.4	129.3	51.9	.0	.0	
24.9	13.0	6.2	227.8	238.5	15.0	.0	.0	
31.4	24.9	8.0	130.2	85.3	100.0	3.9	.0	
33.6	30.0	6.5	220.8	103.0	71.2	.0	.0	
42.3	31.6	7.4	115.5	235.3	1.2	.0	.0	
61.9	56.4	9.6	156.6	225.1	21.2	.0	.0	
54.8	45.8	8.6	267.8	219.0	32.5	.0	.0	
47.2	40.9	3.4	161.9	128.4	55.6	.0	.0	
52.3	41.2	9.6	213.7	206.2	15.6	.0	.0	
41.2	29.2	6.1	222.5	215.3	.0	.0	.0	
41.0	29.4	6.2	156.1	197.2	11.2	.0	.0	
37.0	24.7	7.4	259.0	129.7	42.5	.0	.0	
29.1	18.9	4.6	121.4	204.3	.0	.0	.0	
30.9	21.4	4.8	76.6	138.1	70.6	.0	.0	
37.7	31.3	12.4	77.2	69.1	100.0	.0	.0	
11 30 1992
34.4	31.1	16.1	57.5	68.0	100.0	39.4	.0	
33.0	31.4	10.0	115.2	66.9	100.0	55.1	.0	
31.4	28.0	7.5	284.3	65.7	100.0	.0	20.0	
29.2	23.4	10.3	293.1	64.7	100.0	.0	.0	
25.1	20.8	9.0	298.4	63.6	100.0	.0	.0	
22.7	14.3	5.4	127.8	62.6	100.0	.0	.0	
23.2	17.9	6.6	144.3	68.3	98.8	.0	.0	
29.4	26.2	8.8	105.5	60.5	100.0	.0	10.0	
38.0	31.8	5.3	111.9	59.6	100.0	.0	.0	
36.6	28.7	11.5	249.6	58.6	99.4	.0	.0	
32.9	29.1	7.1	163.7	164.8	6.9	.0	.0	
33.6	22.6	12.6	276.1	157.4	27.5	7.9	.0	
26.9	17.3	12.7	273.7	71.0	76.2	.0	.0	
23.1	14.8	8.1	279.6	91.5	66.2	.0	.0	
22.7	14.4	4.6	137.2	140.1	49.4	.0	.0	
30.1	24.0	7.4	134.9	53.4	100.0	.0	.0	
29.8	24.9	2.5	101.9	52.6	100.0	.0	.0	
31.2	29.9	3.5	70.2	51.9	100.0	11.8	.0	
33.0	29.8	10.8	72.5	59.4	98.1	19.7	.0	
33.4	32.0	6.7	220.8	50.4	100.0	3.9	.0	
31.9	25.7	8.9	291.4	49.7	100.0	.0	.0	
30.5	25.1	10.6	64.9	49.1	100.0	.0	.0	
30.1	25.7	4.6	112.5	48.4	100.0	.0	.0	
31.6	27.3	4.3	205.5	47.8	100.0	.0	.0	
29.4	22.9	9.2	207.8	47.2	100.0	.0	.0	
24.6	18.9	7.2	279.6	76.9	59.4	.0	.0	
21.5	16.8	4.8	263.7	131.8	.0	.0	.0	
22.0	18.5	3.9	111.9	130.1	1.2	.0	.0	
25.0	23.1	8.8	290.8	45.1	92.5	.0	.0	
23.0	18.6	7.0	239.0	44.6	88.8	.0	.0	
12 31 1992
32.7	27.5	11.1	232.5	44.1	100.0	.0	.0	
27.4	17.4	9.7	283.7	43.7	98.8	.0	.0	
24.2	23.7	5.7	177.2	43.3	93.8	.0	10.0	
13.4	8.2	9.6	283.1	69.2	66.9	.0	.0	
10.1	7.0	7.5	164.9	121.7	.0	.0	.0	
24.0	21.2	7.7	227.8	42.3	100.0	.0	.0	
17.6	14.9	4.9	220.8	47.2	76.9	.0	.0	
22.3	21.1	8.3	131.9	41.7	98.1	.0	.0	
33.4	31.4	8.3	153.7	41.4	100.0	.0	.0	
28.5	23.7	9.9	270.8	86.2	73.1	.0	.0	
23.3	21.0	7.0	135.5	41.0	100.0	.0	.0	
29.3	25.2	10.0	83.7	42.7	96.2	.0	.0	
32.7	30.5	7.9	110.2	40.6	100.0	39.4	.0	
32.1	31.6	3.9	147.2	40.5	100.0	7.9	.0	
30.8	28.8	6.5	215.5	40.4	100.0	7.9	.0	
25.4	21.3	7.1	284.3	40.3	98.8	.0	.0	
12.6	7.0	4.2	201.9	103.8	46.2	.0	.0	
19.8	20.1	5.8	110.8	40.2	100.0	.0	40.0	
7.5	-3.0	10.3	257.2	109.7	20.6	.0	.0	
4.4	-1.9	4.9	118.4	85.8	57.5	.0	.0	
20.3	14.7	9.3	235.5	112.7	28.1	.0	.0	
14.1	12.0	7.5	203.1	82.4	65.0	.0	.0	
-.5	-10.9	11.6	286.6	113.1	23.1	.0	.0	
6.5	3.4	10.4	151.4	40.4	90.6	.0	.0	
1.8	-7.1	11.7	263.1	111.0	16.9	.0	.0	
-.1	-7.3	9.0	94.9	40.7	97.5	.0	.0	
12.0	8.3	3.3	151.9	71.7	48.8	.0	.0	
12.3	6.3	8.8	249.6	41.1	88.1	.0	10.0	
16.9	13.2	7.9	304.9	41.2	100.0	.0	30.0	
9.4	5.7	10.5	295.5	41.4	100.0	.0	.0	
-7.4	-16.4	10.6	281.9	83.5	27.5	.0	.0	
